0.470401090785
0.458846087062
0.411032447221
0.355855386539
0.296976435565
4.24949532966
3.21046373365
0.286572852536
0.855678342106
0.423318958403
1.12774879482
0.921074587018
0.336197732105
0.279465370595
0.148417832446
0.475016961328
0.639546858907
1.05979478209
4.07569459637
4.48958935801
0.629817444219
0.946624141085
1.48014891154
0.558152076218
0.386551948322
3.55849454479
0.57407863922
0.101341427592
0.184032716928
0.202011283262
1.28750559785
0.698852126941
0.454578727766
0.38414882542
0.418248980671
0.394722316079
0.80289419246
