0.289861022725,0.0,0.0,0.0,0.0,0.0,0.0,0.0,0.0,0.0,0.0,0.0,0.0,0.0,0.0,0.0,0.0,0.0,0.144930511362,0.0,0.0,0.144930511362,0.0,0.0,0.0,0.0,0.0,0.0,0.0,0.0,0.0,0.0,0.0,0.0,0.0,0.0,0.0
0.0,4.05805431815,1.01451357954,0.144930511362,3.04354073861,0.57972204545,0.289861022725,0.434791534087,0.0,0.144930511362,0.0,0.144930511362,0.0,0.0,0.0,2.60874920452,0.0,0.0,0.0,0.0,0.57972204545,0.144930511362,0.0,0.434791534087,0.144930511362,0.0,0.0,0.144930511362,0.0,0.0,1.30437460226,0.724652556812,0.869583068175,0.724652556812,0.0,0.57972204545,0.0
0.0,0.724652556812,2.02902715907,0.0,1.59423562499,0.0,0.144930511362,0.144930511362,0.0,0.0,0.0,0.289861022725,0.0,0.0,0.144930511362,0.57972204545,0.0,0.0,0.289861022725,0.0,0.0,0.0,0.0,0.0,0.144930511362,0.0,0.289861022725,0.0,0.0,0.144930511362,0.289861022725,0.144930511362,0.289861022725,1.88409664771,0.0,0.144930511362,0.0
0.0,0.144930511362,0.0,2.75367971589,0.0,0.0,0.0,0.144930511362,0.289861022725,1.44930511362,0.0,0.144930511362,0.289861022725,0.0,0.144930511362,0.0,0.0,0.144930511362,0.0,0.0,0.0,0.0,0.0,0.0,0.144930511362,0.0,0.57972204545,0.0,0.0,0.0,0.0,0.0,0.0,0.289861022725,0.724652556812,0.144930511362,0.0
0.0,1.44930511362,0.289861022725,0.0,7.24652556812,0.57972204545,0.0,0.144930511362,0.0,0.0,0.0,0.0,0.0,0.0,0.0,4.05805431815,0.0,0.0,0.0,0.0,0.144930511362,0.0,0.0,0.57972204545,0.0,0.434791534087,0.0,0.0,0.144930511362,0.144930511362,1.73916613635,0.144930511362,0.144930511362,1.1594440909,0.0,0.0,0.0
0.0,0.144930511362,0.144930511362,0.0,0.144930511362,0.0,0.0,0.0,0.0,0.0,0.0,0.0,0.0,0.0,0.0,0.144930511362,0.0,0.0,0.0,0.0,0.144930511362,0.0,0.0,0.144930511362,0.0,0.0,0.0,0.0,0.0,0.0,0.0,0.0,0.0,0.0,0.0,0.0,0.0
0.0,0.0,0.0,0.0,0.144930511362,0.0,0.0,0.0,0.0,0.0,0.0,0.0,0.0,0.0,0.0,0.0,0.0,0.0,0.0,0.0,0.0,0.0,0.0,0.0,0.0,0.0,0.0,0.144930511362,0.0,0.0,0.0,0.0,0.0,0.0,0.0,0.0,0.0
0.0,0.434791534087,0.0,0.289861022725,0.434791534087,0.0,0.144930511362,1.30437460226,0.0,0.289861022725,0.0,0.434791534087,0.0,0.57972204545,0.0,0.289861022725,0.0,0.144930511362,0.0,0.0,0.144930511362,0.144930511362,0.0,0.0,0.0,0.0,0.0,0.144930511362,0.0,0.434791534087,0.0,0.0,0.289861022725,0.289861022725,0.0,0.144930511362,0.0
0.0,0.0,0.0,0.0,0.0,0.0,0.0,0.0,1.1594440909,0.0,0.0,0.0,0.0,0.0,0.144930511362,0.0,0.0,0.434791534087,0.0,0.0,0.0,0.0,0.0,0.0,0.0,0.0,0.144930511362,0.0,0.0,0.0,0.0,0.0,0.0,0.289861022725,0.289861022725,0.144930511362,0.0
0.0,0.0,0.0,1.1594440909,0.0,0.0,0.0,0.0,0.0,1.88409664771,0.144930511362,0.0,0.0,0.289861022725,0.0,0.144930511362,0.0,0.0,0.289861022725,0.0,0.144930511362,0.144930511362,0.144930511362,0.0,0.0,0.0,0.144930511362,0.0,0.0,0.289861022725,0.0,0.0,0.144930511362,0.144930511362,0.0,0.144930511362,0.0
0.0,0.0,0.144930511362,0.144930511362,0.0,0.0,0.0,0.0,0.0,0.144930511362,0.0,0.0,0.0,0.144930511362,0.0,0.0,0.0,0.0,0.0,0.0,0.0,0.0,0.0,0.0,0.289861022725,0.0,0.144930511362,0.0,0.0,0.0,0.0,0.0,0.0,0.0,0.0,0.0,0.144930511362
0.0,0.0,0.144930511362,0.0,0.0,0.144930511362,0.0,0.144930511362,0.0,0.0,0.0,0.57972204545,0.0,0.144930511362,0.0,0.144930511362,0.0,0.0,0.144930511362,0.0,0.289861022725,0.0,0.0,0.0,0.0,0.0,0.0,0.0,0.0,0.0,0.144930511362,0.0,0.0,0.869583068175,0.0,0.144930511362,0.0
0.0,0.0,0.0,0.144930511362,0.0,0.0,0.0,0.0,0.289861022725,0.144930511362,0.0,0.0,4.20298482951,0.0,0.0,0.0,0.0,1.01451357954,0.0,0.0,0.0,0.0,0.0,0.0,0.0,0.0,0.0,0.0,0.0,0.0,0.0,0.0,0.0,0.0,2.75367971589,0.0,1.1594440909
0.0,0.0,0.0,0.289861022725,0.144930511362,0.0,0.0,0.144930511362,0.0,0.144930511362,0.0,0.144930511362,0.144930511362,0.869583068175,0.0,0.0,0.0,0.0,0.0,0.0,0.0,0.144930511362,0.0,0.0,0.434791534087,0.0,0.144930511362,0.0,0.0,0.0,0.0,0.0,0.0,0.289861022725,0.0,0.0,0.0
0.0,0.434791534087,0.289861022725,0.57972204545,0.144930511362,0.0,0.0,0.144930511362,0.57972204545,0.289861022725,0.0,0.144930511362,0.869583068175,0.289861022725,1.88409664771,0.144930511362,0.0,0.869583068175,0.0,0.0,0.289861022725,0.434791534087,0.144930511362,0.0,0.289861022725,0.0,0.434791534087,0.144930511362,0.0,0.0,0.0,0.0,0.144930511362,0.724652556812,0.0,0.289861022725,0.289861022725
0.0,1.1594440909,1.01451357954,0.0,4.6377763636,0.434791534087,0.0,0.289861022725,0.0,0.0,0.0,0.0,0.0,0.144930511362,0.0,8.26103914766,0.144930511362,0.0,0.289861022725,0.144930511362,0.0,0.0,0.0,0.144930511362,0.0,0.724652556812,0.0,0.0,0.434791534087,0.144930511362,1.1594440909,1.44930511362,0.57972204545,2.60874920452,0.0,0.144930511362,0.0
0.0,0.0,0.0,0.0,0.0,0.0,0.0,0.0,0.0,0.0,0.0,0.0,0.0,0.0,0.0,0.0,2.60874920452,0.0,0.0,0.0,0.0,0.0,0.0,0.0,0.0,0.0,0.0,0.0,0.0,0.0,0.0,0.289861022725,0.0,0.0,0.0,0.0,0.0
0.0,0.0,0.0,0.0,0.144930511362,0.0,0.0,0.0,0.289861022725,0.0,0.0,0.0,0.434791534087,0.0,0.0,0.0,0.0,1.30437460226,0.0,0.0,0.289861022725,0.0,0.0,0.0,0.0,0.0,0.0,0.0,0.0,0.0,0.0,0.0,0.0,0.0,0.144930511362,0.289861022725,0.289861022725
0.0,0.0,0.0,0.0,0.0,0.0,0.0,0.144930511362,0.0,0.0,0.0,0.0,0.0,0.0,0.0,0.0,0.0,0.0,0.289861022725,0.0,0.144930511362,0.0,0.0,0.0,0.0,0.0,0.0,0.0,0.0,0.144930511362,0.0,0.0,0.144930511362,0.289861022725,0.0,0.0,0.0
0.0,0.0,0.0,0.0,0.0,0.0,0.0,0.0,0.0,0.0,0.0,0.0,0.0,0.0,0.0,0.0,0.0,0.0,0.0,0.0,0.0,0.0,0.0,0.0,0.0,0.0,0.0,0.0,0.0,0.0,0.0,0.0,0.0,0.0,0.0,0.0,0.0
0.0,0.0,0.0,0.0,0.144930511362,0.0,0.0,0.0,0.0,0.0,0.0,0.0,0.0,0.0,0.0,0.144930511362,0.0,0.0,0.0,0.0,0.724652556812,0.0,0.0,0.144930511362,0.0,0.0,0.0,0.0,0.0,0.0,0.289861022725,0.0,0.0,0.0,0.0,0.289861022725,0.0
0.144930511362,0.0,0.0,0.289861022725,0.0,0.0,0.0,0.0,0.0,0.144930511362,0.0,0.0,0.0,0.0,0.0,0.0,0.0,0.0,0.0,0.0,0.0,1.30437460226,0.0,0.0,0.144930511362,0.0,0.0,0.0,0.0,0.0,0.0,0.0,0.144930511362,0.144930511362,0.0,0.144930511362,0.144930511362
0.0,0.0,0.0,0.144930511362,0.0,0.0,0.0,0.0,0.0,0.289861022725,0.0,0.0,0.0,0.144930511362,0.0,0.144930511362,0.0,0.0,0.0,0.0,0.0,0.144930511362,0.0,0.0,0.289861022725,0.0,0.0,0.144930511362,0.0,0.0,0.0,0.0,0.0,0.0,0.0,0.0,0.0
0.0,0.144930511362,0.0,0.0,0.144930511362,0.0,0.0,0.0,0.0,0.0,0.0,0.0,0.0,0.0,0.0,0.144930511362,0.0,0.0,0.0,0.0,1.1594440909,0.0,0.0,2.75367971589,0.0,0.0,0.0,0.0,0.0,0.0,1.01451357954,1.01451357954,0.0,0.289861022725,0.144930511362,0.144930511362,0.144930511362
0.144930511362,0.144930511362,0.0,0.0,0.0,0.0,0.0,0.0,0.0,0.144930511362,0.0,0.0,0.144930511362,0.289861022725,0.0,0.144930511362,0.0,0.0,0.0,0.0,0.0,0.144930511362,0.144930511362,0.0,0.869583068175,0.0,0.144930511362,0.0,0.0,0.0,0.0,0.0,0.144930511362,0.144930511362,0.289861022725,0.724652556812,0.144930511362
0.0,0.144930511362,0.0,0.0,0.0,0.0,0.0,0.0,0.0,0.0,0.0,0.0,0.0,0.0,0.0,0.144930511362,0.0,0.0,0.0,0.0,0.0,0.0,0.0,0.0,0.0,0.289861022725,0.0,0.0,0.0,0.0,0.144930511362,0.0,0.0,0.0,0.0,0.0,0.0
0.0,0.144930511362,0.0,0.434791534087,0.0,0.0,0.0,0.0,0.0,0.434791534087,0.0,0.0,0.0,0.0,0.0,0.0,0.0,0.0,0.0,0.0,0.0,0.144930511362,0.0,0.0,0.144930511362,0.0,0.724652556812,0.0,0.0,0.289861022725,0.0,0.0,0.0,0.0,0.0,0.0,0.0
0.0,0.0,0.144930511362,0.0,0.0,0.144930511362,0.144930511362,0.0,0.0,0.0,0.144930511362,0.0,0.0,0.0,0.0,0.0,0.144930511362,0.0,0.0,0.0,0.289861022725,0.0,0.0,0.0,0.0,0.144930511362,0.0,0.57972204545,0.0,0.0,0.0,0.0,0.144930511362,0.144930511362,0.0,0.57972204545,0.0
0.0,0.0,0.0,0.0,0.0,0.0,0.0,0.0,0.0,0.0,0.0,0.0,0.0,0.0,0.0,0.0,0.0,0.0,0.0,0.0,0.0,0.0,0.0,0.0,0.0,0.144930511362,0.0,0.0,0.869583068175,0.0,0.0,0.144930511362,0.0,0.144930511362,0.0,0.0,0.0
0.0,0.289861022725,0.144930511362,0.289861022725,0.144930511362,0.144930511362,0.0,0.57972204545,0.0,0.144930511362,0.0,0.434791534087,0.144930511362,0.0,0.0,0.0,0.0,0.0,0.0,0.0,0.144930511362,0.0,0.0,0.289861022725,0.144930511362,0.0,0.144930511362,0.144930511362,0.0,0.869583068175,0.0,0.144930511362,0.289861022725,0.57972204545,0.0,0.0,0.0
0.0,0.289861022725,0.144930511362,0.0,0.57972204545,0.0,0.0,0.0,0.0,0.0,0.0,0.0,0.0,0.0,0.0,0.57972204545,0.0,0.0,0.0,0.0,0.144930511362,0.0,0.0,0.724652556812,0.0,0.289861022725,0.0,0.0,0.0,0.0,1.59423562499,0.289861022725,0.0,0.57972204545,0.0,0.0,0.0
0.0,0.289861022725,0.289861022725,0.0,0.57972204545,0.0,0.0,0.0,0.0,0.0,0.0,0.0,0.0,0.0,0.0,0.289861022725,0.724652556812,0.0,0.0,0.0,0.144930511362,0.0,0.0,0.434791534087,0.0,0.0,0.0,0.0,0.0,0.0,0.869583068175,3.4783322727,0.0,0.0,0.0,0.0,0.0
0.144930511362,0.57972204545,0.289861022725,0.144930511362,0.57972204545,0.0,0.0,0.724652556812,0.0,0.0,0.0,0.289861022725,0.0,0.0,0.0,0.144930511362,0.0,0.0,0.0,0.0,0.0,0.0,0.0,0.0,0.0,0.0,0.0,0.144930511362,0.144930511362,0.144930511362,0.0,0.0,1.01451357954,0.57972204545,0.0,0.869583068175,0.0
0.0,1.44930511362,0.869583068175,0.57972204545,0.869583068175,0.0,0.289861022725,0.434791534087,0.0,0.144930511362,0.0,1.01451357954,0.144930511362,0.0,0.0,2.75367971589,0.144930511362,0.0,0.57972204545,0.0,0.0,0.289861022725,0.144930511362,0.0,0.0,0.144930511362,0.0,0.144930511362,0.0,0.869583068175,0.57972204545,0.434791534087,0.57972204545,12.0292324431,0.0,0.289861022725,0.0
0.0,0.144930511362,0.0,0.144930511362,0.144930511362,0.0,0.0,0.144930511362,0.434791534087,0.289861022725,0.0,0.0,1.73916613635,0.0,0.0,0.0,0.0,0.289861022725,0.144930511362,0.0,0.0,0.0,0.0,0.0,0.0,0.0,0.144930511362,0.0,0.0,0.0,0.0,0.0,0.0,0.144930511362,7.24652556812,0.289861022725,2.17395767044
0.0,0.144930511362,0.0,0.434791534087,0.0,0.0,0.0,0.0,0.144930511362,0.0,0.0,0.144930511362,0.0,0.144930511362,0.0,0.0,0.0,0.144930511362,0.0,0.0,0.434791534087,0.0,0.0,0.144930511362,0.0,0.0,0.0,1.44930511362,0.0,0.0,0.0,0.0,0.0,0.144930511362,0.0,17.2467308521,0.144930511362
0.0,0.0,0.0,0.289861022725,0.0,0.0,0.0,0.0,0.144930511362,0.0,0.0,0.0,1.73916613635,0.0,0.144930511362,0.0,0.0,0.57972204545,0.0,0.0,0.0,0.0,0.0,0.0,0.0,0.0,0.0,0.0,0.0,0.0,0.0,0.0,0.0,0.0,3.4783322727,0.0,3.33340176134
