0.0,0.0,0.163048498845,0.163048498845,0.0,0.0,0.0,0.163048498845,0.0,0.0,0.163048498845,0.0,0.0,0.0,0.0,0.0,0.0,0.0,0.0,0.0,0.0,0.163048498845,0.0,0.0,0.326096997691,0.0,0.0,0.0,0.0,0.0,0.0,0.0,0.0,0.0,0.0,0.163048498845,0.163010851997
0.163048498845,5.0545034642,2.77182448037,0.0,2.28267898383,0.163048498845,0.0,0.326096997691,0.0,0.0,0.163048498845,0.489145496536,0.0,0.163048498845,0.163048498845,2.11963048499,0.0,0.0,0.0,0.0,0.0,0.0,0.163048498845,0.326096997691,0.163048498845,0.163048498845,0.163048498845,0.163048498845,0.0,0.163048498845,0.489145496536,0.326096997691,0.163048498845,0.978290993072,0.0,0.489145496536,0.0
0.0,3.09792147806,3.75011547344,0.0,0.978290993072,0.489145496536,0.0,0.489145496536,0.0,0.0,0.0,0.163048498845,0.0,0.163048498845,0.163048498845,0.489145496536,0.0,0.0,0.0,0.0,0.0,0.0,0.0,0.0,0.163048498845,0.163048498845,0.0,0.163048498845,0.0,0.326096997691,0.489145496536,0.326096997691,0.978290993072,1.63048498845,0.0,0.652193995381,0.0
0.0,0.326096997691,0.0,5.54364896074,0.326096997691,0.0,0.0,0.163048498845,0.0,1.46743648961,0.0,0.163048498845,0.0,0.163048498845,0.0,0.163048498845,0.0,0.0,0.163048498845,0.0,0.0,0.652193995381,0.163048498845,0.0,0.815242494226,0.0,0.978290993072,0.0,0.0,0.163048498845,0.0,0.0,0.0,0.489145496536,0.163048498845,0.163048498845,0.0
0.163048498845,3.75011547344,0.489145496536,0.0,11.576443418,0.652193995381,0.0,0.0,0.0,0.0,0.0,0.489145496536,0.0,0.0,0.0,4.72840646651,0.163048498845,0.0,0.0,0.163048498845,0.326096997691,0.163048498845,0.0,0.0,0.0,0.489145496536,0.0,0.0,0.163048498845,0.0,1.95658198614,0.489145496536,0.326096997691,0.326096997691,0.0,0.163048498845,0.0
0.0,0.163048498845,0.163048498845,0.0,0.163048498845,0.0,0.0,0.0,0.0,0.0,0.0,0.0,0.0,0.0,0.0,0.0,0.0,0.0,0.0,0.0,0.0,0.0,0.0,0.0,0.0,0.0,0.0,0.0,0.163048498845,0.0,0.0,0.163048498845,0.163048498845,0.0,0.0,0.0,0.0
0.0,0.0,0.163048498845,0.0,0.0,0.0,0.163048498845,0.0,0.0,0.0,0.0,0.0,0.0,0.0,0.0,0.0,0.0,0.0,0.0,0.0,0.0,0.0,0.0,0.0,0.0,0.0,0.0,0.0,0.0,0.0,0.0,0.0,0.0,0.0,0.0,0.163048498845,0.0
0.163048498845,0.652193995381,0.326096997691,0.489145496536,0.0,0.163048498845,0.0,4.89145496536,0.0,0.0,0.326096997691,0.815242494226,0.0,0.0,0.0,0.489145496536,0.0,0.163048498845,0.163048498845,0.0,0.163048498845,0.0,0.163048498845,0.0,0.163048498845,0.0,0.326096997691,0.163048498845,0.0,0.652193995381,0.0,0.0,1.30438799076,0.815242494226,0.163048498845,0.815242494226,0.0
0.163048498845,0.0,0.0,0.0,0.0,0.0,0.0,0.0,1.63048498845,0.163048498845,0.0,0.0,0.163048498845,0.0,0.0,0.0,0.0,0.0,0.0,0.0,0.0,0.0,0.0,0.0,0.0,0.0,0.0,0.0,0.0,0.0,0.0,0.0,0.0,0.0,0.0,0.0,0.0
0.326096997691,0.163048498845,0.0,1.7935334873,0.0,0.0,0.0,0.163048498845,0.0,3.91316397229,0.0,0.163048498845,0.163048498845,0.163048498845,0.0,0.163048498845,0.0,0.163048498845,0.0,0.0,0.0,0.0,0.489145496536,0.0,1.14133949192,0.0,1.7935334873,0.0,0.0,0.163048498845,0.0,0.0,0.163048498845,0.489145496536,0.326096997691,0.326096997691,0.0
0.0,0.0,0.0,0.163048498845,0.0,0.0,0.0,0.0,0.0,0.326096997691,0.163048498845,0.0,0.0,0.163048498845,0.0,0.0,0.0,0.0,0.0,0.0,0.0,0.0,0.0,0.0,0.326096997691,0.0,0.0,0.0,0.0,0.0,0.0,0.0,0.0,0.0,0.163048498845,0.0,0.0
0.0,0.652193995381,0.0,0.0,0.0,0.0,0.0,0.0,0.0,0.0,0.0,0.652193995381,0.0,0.0,0.0,0.0,0.0,0.0,0.163048498845,0.0,0.0,0.0,0.0,0.0,0.0,0.0,0.0,0.0,0.0,0.163048498845,0.0,0.0,0.0,1.46743648961,0.163048498845,0.0,0.0
0.0,0.0,0.0,0.163048498845,0.0,0.0,0.0,0.0,0.0,0.0,0.0,0.0,3.26096997691,0.0,0.163048498845,0.0,0.0,0.978290993072,0.0,0.0,0.0,0.0,0.0,0.0,0.0,0.0,0.0,0.0,0.0,0.0,0.0,0.0,0.0,0.0,1.30438799076,0.0,0.815054259986
0.0,0.0,0.0,0.0,0.163048498845,0.0,0.0,0.652193995381,0.0,0.489145496536,0.0,0.0,0.0,0.489145496536,0.0,0.163048498845,0.0,0.163048498845,0.0,0.0,0.0,0.0,0.0,0.0,0.489145496536,0.0,0.0,0.0,0.0,0.0,0.0,0.163048498845,0.326096997691,0.326096997691,0.0,0.163048498845,0.0
0.326096997691,0.163048498845,0.0,0.326096997691,0.0,0.0,0.0,0.163048498845,0.326096997691,0.0,0.0,0.0,0.0,0.0,0.978290993072,0.0,0.326096997691,0.163048498845,0.0,0.0,0.0,0.326096997691,0.163048498845,0.0,0.0,0.0,0.0,0.0,0.163048498845,0.0,0.0,0.326096997691,0.0,0.163048498845,0.163048498845,0.326096997691,0.326021703994
0.0,2.11963048499,0.652193995381,0.0,6.8480369515,0.326096997691,0.0,0.326096997691,0.163048498845,0.326096997691,0.163048498845,0.326096997691,0.0,0.163048498845,0.0,9.29376443418,0.0,0.0,0.0,0.0,0.163048498845,0.0,0.0,0.163048498845,0.0,1.14133949192,0.0,0.0,0.163048498845,0.0,0.815242494226,0.652193995381,0.326096997691,2.11963048499,0.0,0.163048498845,0.0
0.0,0.0,0.0,0.0,0.0,0.0,0.0,0.0,0.0,0.0,0.0,0.0,0.0,0.0,0.0,0.0,2.44572748268,0.0,0.0,0.0,0.0,0.0,0.0,0.0,0.0,0.0,0.0,0.0,0.0,0.0,0.0,0.489145496536,0.0,0.163048498845,0.0,0.0,0.0
0.0,0.0,0.326096997691,0.163048498845,0.0,0.0,0.0,0.0,0.326096997691,0.0,0.0,0.0,0.815242494226,0.0,0.0,0.0,0.0,0.652193995381,0.0,0.0,0.0,0.0,0.0,0.0,0.0,0.0,0.163048498845,0.0,0.0,0.0,0.0,0.0,0.0,0.0,0.0,0.0,0.652043407989
0.0,0.0,0.0,0.0,0.0,0.0,0.0,0.163048498845,0.0,0.0,0.0,0.489145496536,0.0,0.0,0.0,0.0,0.0,0.0,0.489145496536,0.0,0.0,0.0,0.0,0.0,0.0,0.0,0.0,0.0,0.0,0.163048498845,0.0,0.0,0.0,0.326096997691,0.0,0.0,0.0
0.0,0.0,0.0,0.0,0.0,0.0,0.0,0.0,0.0,0.0,0.0,0.0,0.0,0.0,0.0,0.0,0.0,0.0,0.0,0.0,0.0,0.0,0.0,0.0,0.0,0.0,0.0,0.0,0.0,0.0,0.0,0.0,0.0,0.0,0.0,0.0,0.0
0.0,0.0,0.0,0.0,0.0,0.0,0.0,0.0,0.0,0.163048498845,0.0,0.0,0.0,0.0,0.0,0.0,0.163048498845,0.0,0.0,0.0,0.326096997691,0.0,0.0,0.489145496536,0.0,0.0,0.0,0.0,0.0,0.0,0.326096997691,0.0,0.0,0.0,0.0,0.0,0.0
0.0,0.0,0.0,0.326096997691,0.0,0.0,0.0,0.0,0.0,0.0,0.0,0.0,0.0,0.0,0.0,0.0,0.0,0.0,0.0,0.0,0.0,1.63048498845,0.0,0.0,0.0,0.0,0.0,0.0,0.0,0.0,0.163048498845,0.0,0.0,0.0,0.0,0.0,0.0
0.0,0.0,0.0,0.652193995381,0.0,0.0,0.0,0.0,0.0,0.0,0.0,0.0,0.163048498845,0.0,0.0,0.0,0.0,0.0,0.163048498845,0.0,0.0,0.0,0.326096997691,0.0,0.0,0.0,0.163048498845,0.0,0.0,0.0,0.163048498845,0.0,0.0,0.0,0.163048498845,0.0,0.0
0.0,0.0,0.0,0.0,0.0,0.0,0.0,0.0,0.0,0.0,0.0,0.0,0.0,0.0,0.0,0.0,0.0,0.0,0.0,0.0,0.0,0.0,0.0,0.489145496536,0.0,0.0,0.0,0.0,0.0,0.0,0.489145496536,0.489145496536,0.0,0.0,0.0,0.0,0.0
0.163048498845,0.163048498845,0.0,0.326096997691,0.0,0.0,0.0,0.163048498845,0.163048498845,0.326096997691,0.326096997691,0.0,0.163048498845,0.163048498845,0.0,0.163048498845,0.0,0.0,0.163048498845,0.0,0.0,0.489145496536,0.0,0.163048498845,0.815242494226,0.0,0.163048498845,0.0,0.0,0.163048498845,0.0,0.0,0.0,0.0,0.163048498845,0.0,0.326021703994
0.0,0.0,0.0,0.0,0.163048498845,0.0,0.0,0.0,0.0,0.0,0.0,0.0,0.0,0.0,0.0,0.326096997691,0.0,0.0,0.0,0.0,0.0,0.0,0.0,0.0,0.0,0.489145496536,0.0,0.0,0.163048498845,0.0,0.0,0.163048498845,0.0,0.0,0.0,0.0,0.0
0.163048498845,0.0,0.0,0.652193995381,0.163048498845,0.0,0.0,0.0,0.0,0.326096997691,0.0,0.0,0.489145496536,0.163048498845,0.0,0.0,0.0,0.163048498845,0.0,0.0,0.0,0.0,0.0,0.0,0.163048498845,0.0,2.60877598152,0.0,0.0,0.0,0.163048498845,0.0,0.0,0.326096997691,0.163048498845,0.0,0.0
0.0,0.0,0.163048498845,0.0,0.0,0.0,0.0,0.0,0.0,0.0,0.0,0.0,0.0,0.0,0.0,0.163048498845,0.0,0.0,0.0,0.0,0.489145496536,0.0,0.0,0.0,0.0,0.0,0.0,0.489145496536,0.0,0.163048498845,0.0,0.0,0.163048498845,0.163048498845,0.0,0.978290993072,0.0
0.0,0.0,0.0,0.0,0.0,0.0,0.0,0.0,0.0,0.0,0.0,0.0,0.0,0.0,0.0,0.0,0.0,0.0,0.0,0.0,0.0,0.0,0.0,0.0,0.0,0.0,0.0,0.0,0.326096997691,0.0,0.0,0.0,0.0,0.0,0.0,0.0,0.0
0.0,0.0,0.489145496536,0.0,0.652193995381,0.0,0.0,1.14133949192,0.0,0.0,0.0,0.652193995381,0.0,0.163048498845,0.652193995381,0.489145496536,0.0,0.163048498845,0.326096997691,0.0,0.0,0.0,0.0,0.0,0.0,0.0,0.0,0.0,0.0,0.652193995381,0.0,0.0,0.326096997691,1.63048498845,0.0,0.0,0.0
0.0,0.163048498845,0.0,0.0,0.978290993072,0.326096997691,0.0,0.0,0.0,0.0,0.0,0.163048498845,0.0,0.0,0.0,0.815242494226,0.0,0.0,0.0,0.0,0.163048498845,0.0,0.0,0.163048498845,0.0,0.163048498845,0.0,0.0,0.0,0.163048498845,1.7935334873,0.815242494226,0.163048498845,0.0,0.0,0.0,0.0
0.0,0.326096997691,0.0,0.0,0.163048498845,0.0,0.0,0.0,0.0,0.0,0.0,0.0,0.0,0.0,0.0,0.163048498845,0.652193995381,0.0,0.0,0.0,0.0,0.0,0.0,0.489145496536,0.0,0.0,0.0,0.0,0.0,0.0,0.0,2.11963048499,0.0,0.0,0.0,0.163048498845,0.0
0.163048498845,0.326096997691,0.652193995381,0.0,0.163048498845,0.163048498845,0.163048498845,1.30438799076,0.0,0.163048498845,0.0,0.326096997691,0.0,0.326096997691,0.0,0.0,0.0,0.0,0.163048498845,0.0,0.0,0.163048498845,0.0,0.0,0.0,0.0,0.0,0.326096997691,0.0,0.815242494226,0.0,0.163048498845,2.60877598152,1.30438799076,0.0,0.326096997691,0.163010851997
0.163048498845,1.14133949192,1.63048498845,0.326096997691,0.815242494226,0.0,0.326096997691,0.815242494226,0.163048498845,0.163048498845,0.0,3.26096997691,0.0,0.326096997691,0.0,1.30438799076,0.0,0.0,1.63048498845,0.0,0.0,0.163048498845,0.163048498845,0.0,0.163048498845,0.0,0.163048498845,0.0,0.0,1.46743648961,0.0,0.163048498845,1.30438799076,14.1852193995,0.0,0.815242494226,0.163010851997
0.0,0.163048498845,0.163048498845,0.163048498845,0.0,0.0,0.0,0.0,0.0,0.0,0.0,0.0,2.77182448037,0.0,0.0,0.0,0.0,0.815242494226,0.0,0.0,0.0,0.0,0.0,0.0,0.0,0.0,0.163048498845,0.0,0.0,0.0,0.0,0.0,0.0,0.0,6.19584295612,0.163048498845,1.95613022397
0.163048498845,0.326096997691,0.163048498845,0.163048498845,0.163048498845,0.163048498845,0.0,0.0,0.163048498845,0.326096997691,0.0,0.489145496536,0.0,0.0,0.0,0.163048498845,0.163048498845,0.0,0.0,0.0,0.652193995381,0.0,0.0,0.163048498845,0.0,0.0,0.0,0.163048498845,0.0,0.0,0.0,0.0,0.326096997691,0.489145496536,0.0,20.3810623557,0.326021703994
0.0,0.0,0.0,0.0,0.0,0.0,0.0,0.0,0.0,0.0,0.0,0.0,0.163048498845,0.163048498845,0.0,0.163048498845,0.0,0.0,0.0,0.0,0.0,0.0,0.0,0.0,0.0,0.0,0.0,0.0,0.0,0.0,0.0,0.0,0.0,0.0,2.77182448037,0.0,3.58623874394
