0.781319167773,0.0,0.156263833555,0.156263833555,0.0,0.0,0.0,0.0,0.0,0.0,0.0,0.0,0.0,0.312527667109,0.0,0.156263833555,0.0,0.0,0.0,0.0,0.0,0.0,0.156263833555,0.0,0.156263833555,0.0,0.0,0.0,0.0,0.0,0.0,0.0,0.468791500664,0.0,0.0,0.0,0.0
0.156263833555,7.18813634351,2.03142983621,0.0,2.34395750332,0.0,0.0,0.468791500664,0.156263833555,0.0,0.156263833555,0.0,0.0,0.156263833555,0.0,1.87516600266,0.0,0.0,0.0,0.0,0.312527667109,0.0,0.0,0.0,0.0,0.0,0.156263833555,0.0,0.0,0.468791500664,0.0,0.0,0.468791500664,2.50022133687,0.0,0.312527667109,0.0
0.156263833555,1.87516600266,3.28154050465,0.0,0.625055334219,0.0,0.0,0.0,0.0,0.156263833555,0.156263833555,0.0,0.0,0.156263833555,0.0,0.468791500664,0.156263833555,0.0,0.0,0.0,0.0,0.0,0.0,0.0,0.0,0.0,0.0,0.0,0.0,0.156263833555,0.156263833555,0.0,1.56263833555,1.87516600266,0.0,0.156263833555,0.0
0.0,0.0,0.0,3.59406817176,0.0,0.0,0.0,0.468791500664,0.0,1.09384683488,0.0,0.0,0.0,0.0,0.0,0.0,0.0,0.156263833555,0.0,0.0,0.0,0.312527667109,0.0,0.0,0.468791500664,0.0,0.625055334219,0.0,0.0,0.156263833555,0.0,0.0,0.0,0.0,0.468791500664,0.312527667109,0.15622925426
0.0,3.12527667109,1.09384683488,0.0,5.31297034086,0.312527667109,0.0,0.468791500664,0.156263833555,0.0,0.0,0.0,0.0,0.0,0.156263833555,4.68791500664,0.156263833555,0.0,0.0,0.0,0.0,0.156263833555,0.0,0.0,0.0,0.156263833555,0.0,0.0,0.0,0.0,1.09384683488,0.156263833555,0.625055334219,0.625055334219,0.0,0.156263833555,0.15622925426
0.0,0.468791500664,0.0,0.0,0.468791500664,0.468791500664,0.312527667109,0.0,0.0,0.0,0.0,0.0,0.0,0.0,0.0,0.156263833555,0.0,0.0,0.0,0.0,0.156263833555,0.0,0.0,0.0,0.0,0.0,0.0,0.0,0.0,0.156263833555,0.468791500664,0.0,0.0,0.0,0.0,0.0,0.0
0.0,0.312527667109,0.0,0.156263833555,0.156263833555,0.0,0.312527667109,0.0,0.0,0.156263833555,0.0,0.0,0.0,0.156263833555,0.0,0.0,0.0,0.0,0.0,0.0,0.0,0.0,0.0,0.0,0.156263833555,0.0,0.0,0.0,0.0,0.156263833555,0.0,0.0,0.0,0.0,0.0,0.156263833555,0.0
0.0,0.781319167773,0.468791500664,0.312527667109,0.0,0.0,0.0,3.4378043382,0.0,0.0,0.0,0.781319167773,0.0,1.09384683488,0.156263833555,0.156263833555,0.156263833555,0.0,0.0,0.0,0.0,0.0,0.312527667109,0.0,0.156263833555,0.0,0.156263833555,0.0,0.0,0.625055334219,0.0,0.0,1.7189021691,1.09384683488,0.0,0.312527667109,0.0
0.156263833555,0.0,0.0,0.0,0.0,0.0,0.0,0.0,1.56263833555,0.0,0.0,0.0,0.0,0.0,0.312527667109,0.0,0.0,0.156263833555,0.0,0.0,0.0,0.0,0.0,0.0,0.0,0.0,0.0,0.0,0.0,0.0,0.0,0.0,0.0,0.0,0.0,0.0,0.15622925426
0.0,0.156263833555,0.156263833555,1.25011066844,0.0,0.0,0.156263833555,0.312527667109,0.0,2.18769366977,0.0,0.0,0.0,0.312527667109,0.0,0.0,0.0,0.0,0.0,0.0,0.0,0.156263833555,0.156263833555,0.0,0.156263833555,0.0,0.312527667109,0.0,0.0,0.156263833555,0.0,0.156263833555,0.0,0.625055334219,0.312527667109,0.0,0.15622925426
0.0,0.0,0.0,0.0,0.0,0.0,0.0,0.0,0.0,0.312527667109,0.0,0.0,0.0,0.0,0.0,0.0,0.0,0.0,0.0,0.0,0.0,0.0,0.156263833555,0.0,0.156263833555,0.0,0.0,0.0,0.0,0.0,0.0,0.0,0.0,0.156263833555,0.156263833555,0.0,0.0
0.0,0.0,0.156263833555,0.0,0.0,0.0,0.0,0.625055334219,0.0,0.156263833555,0.0,0.312527667109,0.0,0.0,0.0,0.0,0.0,0.0,0.0,0.0,0.0,0.0,0.0,0.0,0.0,0.0,0.0,0.0,0.0,0.781319167773,0.0,0.0,0.156263833555,1.40637450199,0.0,0.0,0.0
0.0,0.0,0.0,0.312527667109,0.0,0.0,0.0,0.0,0.312527667109,0.0,0.0,0.0,3.28154050465,0.0,0.0,0.0,0.0,0.625055334219,0.0,0.0,0.0,0.156263833555,0.0,0.0,0.0,0.0,0.0,0.0,0.0,0.0,0.0,0.0,0.0,0.0,3.28154050465,0.0,0.781146271299
0.0,0.468791500664,0.156263833555,0.156263833555,0.156263833555,0.0,0.0,0.937583001328,0.0,0.0,0.156263833555,0.156263833555,0.0,1.56263833555,0.0,0.0,0.0,0.0,0.0,0.0,0.0,0.0,0.0,0.0,0.156263833555,0.0,0.0,0.0,0.0,0.156263833555,0.0,0.0,0.468791500664,0.781319167773,0.0,0.0,0.0
0.0,0.0,0.0,0.0,0.0,0.0,0.0,0.0,0.156263833555,0.0,0.0,0.0,0.156263833555,0.0,0.625055334219,0.0,0.0,0.312527667109,0.0,0.0,0.0,0.0,0.0,0.0,0.0,0.0,0.0,0.0,0.0,0.0,0.0,0.0,0.0,0.0,0.0,0.0,0.0
0.156263833555,1.87516600266,0.937583001328,0.0,4.37538733953,0.312527667109,0.0,0.0,0.0,0.0,0.0,0.0,0.0,0.156263833555,0.0,6.71934484285,0.0,0.0,0.0,0.0,0.0,0.0,0.0,0.0,0.0,0.156263833555,0.0,0.0,0.156263833555,0.156263833555,0.156263833555,0.0,0.781319167773,1.7189021691,0.0,0.156263833555,0.0
0.0,0.0,0.0,0.0,0.0,0.0,0.0,0.0,0.0,0.0,0.0,0.0,0.0,0.0,0.0,0.0,2.03142983621,0.0,0.0,0.0,0.0,0.0,0.0,0.0,0.0,0.0,0.0,0.0,0.0,0.0,0.0,0.312527667109,0.0,0.0,0.0,0.0,0.0
0.0,0.0,0.0,0.0,0.0,0.0,0.0,0.0,0.156263833555,0.0,0.0,0.0,0.625055334219,0.0,0.0,0.0,0.0,1.40637450199,0.0,0.0,0.0,0.0,0.0,0.0,0.0,0.0,0.0,0.0,0.0,0.0,0.0,0.0,0.0,0.0,0.156263833555,0.0,0.0
0.0,0.156263833555,0.0,0.0,0.0,0.0,0.0,0.156263833555,0.0,0.0,0.0,0.156263833555,0.0,0.156263833555,0.0,0.0,0.0,0.0,0.156263833555,0.0,0.0,0.0,0.156263833555,0.0,0.0,0.0,0.0,0.0,0.0,0.0,0.0,0.0,0.0,0.781319167773,0.0,0.0,0.0
0.0,0.0,0.0,0.0,0.156263833555,0.0,0.0,0.0,0.0,0.0,0.0,0.0,0.0,0.0,0.0,0.0,0.0,0.0,0.0,0.0,0.0,0.0,0.0,0.0,0.0,0.0,0.0,0.0,0.0,0.0,0.0,0.0,0.0,0.0,0.0,0.0,0.0
0.0,0.0,0.0,0.0,0.156263833555,0.0,0.0,0.312527667109,0.156263833555,0.0,0.0,0.0,0.0,0.0,0.0,0.0,0.156263833555,0.0,0.0,0.0,1.56263833555,0.0,0.0,0.156263833555,0.0,0.0,0.0,0.0,0.0,0.0,0.312527667109,0.156263833555,0.0,0.0,0.0,0.312527667109,0.0
0.156263833555,0.0,0.0,0.0,0.0,0.0,0.0,0.468791500664,0.0,0.0,0.0,0.0,0.0,0.0,0.0,0.0,0.0,0.0,0.0,0.0,0.0,0.937583001328,0.156263833555,0.0,0.156263833555,0.0,0.0,0.0,0.0,0.156263833555,0.0,0.0,0.156263833555,0.0,0.0,0.156263833555,0.0
0.0,0.0,0.0,0.0,0.0,0.0,0.0,0.0,0.0,0.0,0.0,0.0,0.0,0.0,0.0,0.0,0.0,0.0,0.0,0.0,0.0,0.156263833555,0.312527667109,0.0,0.0,0.0,0.0,0.0,0.0,0.0,0.0,0.0,0.0,0.0,0.0,0.0,0.0
0.0,0.156263833555,0.0,0.0,0.312527667109,0.156263833555,0.0,0.0,0.0,0.0,0.0,0.0,0.0,0.0,0.0,0.0,0.0,0.0,0.0,0.0,0.156263833555,0.0,0.0,0.312527667109,0.0,0.0,0.0,0.0,0.0,0.0,0.312527667109,0.312527667109,0.0,0.0,0.0,0.0,0.0
0.156263833555,0.0,0.0,0.625055334219,0.0,0.0,0.0,0.156263833555,0.0,0.625055334219,0.0,0.0,0.0,0.156263833555,0.0,0.0,0.0,0.0,0.0,0.0,0.0,0.0,0.156263833555,0.0,0.0,0.0,0.468791500664,0.0,0.0,0.156263833555,0.0,0.0,0.0,0.312527667109,0.156263833555,0.312527667109,0.0
0.0,0.156263833555,0.0,0.0,0.156263833555,0.0,0.0,0.156263833555,0.0,0.0,0.0,0.0,0.0,0.156263833555,0.0,0.937583001328,0.0,0.0,0.0,0.0,0.0,0.0,0.0,0.0,0.0,0.312527667109,0.0,0.0,0.625055334219,0.0,0.0,0.0,0.0,0.0,0.0,0.0,0.0
0.0,0.0,0.0,0.312527667109,0.0,0.0,0.0,0.0,0.0,0.625055334219,0.156263833555,0.0,0.0,0.312527667109,0.0,0.0,0.0,0.0,0.0,0.0,0.0,0.0,0.0,0.0,0.156263833555,0.0,2.03142983621,0.0,0.0,0.0,0.0,0.0,0.0,0.0,0.156263833555,0.0,0.0
0.0,0.0,0.0,0.0,0.0,0.0,0.0,0.312527667109,0.0,0.0,0.0,0.0,0.0,0.312527667109,0.0,0.0,0.0,0.0,0.0,0.0,0.156263833555,0.0,0.0,0.0,0.0,0.0,0.0,0.468791500664,0.0,0.312527667109,0.0,0.0,0.156263833555,0.156263833555,0.0,1.40637450199,0.0
0.0,0.0,0.0,0.0,0.156263833555,0.0,0.0,0.0,0.0,0.0,0.0,0.0,0.0,0.0,0.0,0.312527667109,0.156263833555,0.0,0.0,0.0,0.0,0.0,0.0,0.0,0.0,0.0,0.0,0.0,0.312527667109,0.0,0.0,0.0,0.0,0.0,0.0,0.0,0.0
0.0,0.312527667109,0.468791500664,0.0,0.0,0.0,0.0,1.25011066844,0.0,0.468791500664,0.156263833555,0.312527667109,0.0,0.312527667109,0.0,0.156263833555,0.0,0.0,0.0,0.0,0.0,0.156263833555,0.156263833555,0.0,0.0,0.0,0.0,0.0,0.0,1.40637450199,0.0,0.0,0.781319167773,1.40637450199,0.0,0.0,0.0
0.0,0.156263833555,0.0,0.0,1.25011066844,0.0,0.0,0.0,0.0,0.0,0.0,0.0,0.0,0.0,0.156263833555,0.781319167773,0.0,0.0,0.0,0.0,0.0,0.0,0.0,0.0,0.0,0.0,0.0,0.0,0.0,0.0,1.56263833555,0.0,0.156263833555,0.0,0.0,0.0,0.0
0.0,0.0,0.0,0.0,0.781319167773,0.0,0.0,0.0,0.0,0.0,0.0,0.0,0.0,0.0,0.0,0.312527667109,0.312527667109,0.0,0.0,0.0,0.625055334219,0.0,0.0,0.156263833555,0.0,0.0,0.0,0.0,0.156263833555,0.0,0.625055334219,1.87516600266,0.0,0.0,0.0,0.0,0.0
0.156263833555,0.937583001328,0.937583001328,0.312527667109,0.156263833555,0.0,0.156263833555,1.87516600266,0.0,0.0,0.0,0.468791500664,0.0,0.625055334219,0.0,0.156263833555,0.0,0.0,0.0,0.0,0.0,0.156263833555,0.0,0.0,0.0,0.0,0.0,0.156263833555,0.0,0.468791500664,0.0,0.156263833555,3.75033200531,2.50022133687,0.0,0.312527667109,0.0
0.0,1.56263833555,1.09384683488,0.312527667109,0.312527667109,0.0,0.156263833555,1.09384683488,0.0,0.312527667109,0.156263833555,0.625055334219,0.0,0.156263833555,0.312527667109,1.25011066844,0.0,0.0,0.156263833555,0.0,0.0,0.0,0.156263833555,0.0,0.156263833555,0.156263833555,0.156263833555,0.0,0.0,3.28154050465,0.0,0.156263833555,2.65648517043,12.5011066844,0.156263833555,0.312527667109,0.0
0.0,0.0,0.0,0.937583001328,0.0,0.0,0.0,0.0,0.312527667109,0.156263833555,0.0,0.0,1.87516600266,0.0,0.0,0.0,0.0,0.156263833555,0.0,0.0,0.0,0.312527667109,0.468791500664,0.0,0.0,0.0,0.312527667109,0.0,0.0,0.0,0.0,0.0,0.0,0.0,7.65692784418,0.312527667109,3.1245850852
0.0,0.312527667109,0.0,0.0,0.0,0.0,0.156263833555,0.468791500664,0.0,0.0,0.0,0.0,0.0,0.156263833555,0.156263833555,0.0,0.0,0.0,0.0,0.0,0.937583001328,0.312527667109,0.0,0.156263833555,0.0,0.0,0.156263833555,0.937583001328,0.0,0.0,0.0,0.156263833555,0.468791500664,0.312527667109,0.0,18.595396193,0.0
0.0,0.0,0.156263833555,0.468791500664,0.0,0.0,0.0,0.0,0.0,0.0,0.0,0.0,0.937583001328,0.156263833555,0.0,0.0,0.0,0.625055334219,0.0,0.0,0.312527667109,0.156263833555,0.0,0.0,0.0,0.0,0.0,0.0,0.0,0.0,0.0,0.0,0.0,0.0,2.96901283754,0.312527667109,5.31179464483
