0.741440873766,0.0,0.0,0.296576349506,0.148288174753,0.0,0.0,0.0,0.0,0.0,0.0,0.0,0.0,0.0,0.148288174753,0.296576349506,0.0,0.0,0.0,0.0,0.148288174753,0.44486452426,0.296576349506,0.0,0.0,0.0,0.0,0.0,0.0,0.148288174753,0.0,0.0,0.148288174753,0.0,0.0,0.0,0.148257034859
0.0,5.63495064062,1.18630539803,0.0,1.92774627179,0.44486452426,0.593152699013,0.148288174753,0.0,0.148288174753,0.0,0.148288174753,0.0,0.148288174753,0.0,1.77945809704,0.0,0.0,0.0,0.0,0.148288174753,0.0,0.148288174753,0.148288174753,0.148288174753,0.0,0.0,0.0,0.0,0.44486452426,0.296576349506,0.0,0.44486452426,1.92774627179,0.0,0.0,0.0
0.0,1.92774627179,3.41062801932,0.0,0.44486452426,0.44486452426,0.0,0.741440873766,0.0,0.0,0.0,0.0,0.0,0.148288174753,0.0,0.148288174753,0.0,0.0,0.0,0.0,0.0,0.148288174753,0.0,0.0,0.148288174753,0.148288174753,0.296576349506,0.0,0.0,0.593152699013,0.148288174753,0.148288174753,1.63116992229,2.37261079605,0.0,0.0,0.148257034859
0.0,0.0,0.148288174753,3.70720436883,0.0,0.0,0.0,0.148288174753,0.148288174753,2.07603444654,0.0,0.0,0.0,0.44486452426,0.593152699013,0.148288174753,0.0,0.148288174753,0.0,0.0,0.0,0.593152699013,1.33459357278,0.0,0.44486452426,0.0,1.63116992229,0.0,0.0,0.0,0.0,0.0,0.0,0.296576349506,0.593152699013,0.0,0.148257034859
0.0,1.63116992229,0.44486452426,0.148288174753,7.41440873766,0.44486452426,0.0,0.593152699013,0.0,0.296576349506,0.0,0.148288174753,0.0,0.0,0.0,4.4486452426,0.148288174753,0.0,0.0,0.0,0.0,0.148288174753,0.148288174753,0.148288174753,0.0,0.148288174753,0.148288174753,0.148288174753,0.296576349506,0.148288174753,0.593152699013,0.44486452426,0.0,0.889729048519,0.148288174753,0.44486452426,0.0
0.0,0.296576349506,0.0,0.148288174753,0.593152699013,0.0,0.0,0.0,0.0,0.0,0.0,0.0,0.0,0.0,0.0,0.148288174753,0.0,0.0,0.0,0.0,0.0,0.148288174753,0.0,0.148288174753,0.0,0.0,0.0,0.0,0.0,0.0,0.0,0.0,0.0,0.148288174753,0.0,0.0,0.0
0.0,0.0,0.296576349506,0.0,0.0,0.148288174753,0.296576349506,0.296576349506,0.0,0.0,0.0,0.0,0.0,0.0,0.0,0.0,0.0,0.0,0.0,0.0,0.0,0.0,0.0,0.0,0.0,0.0,0.0,0.0,0.0,0.0,0.0,0.0,0.148288174753,0.296576349506,0.0,0.0,0.0
0.0,0.593152699013,0.148288174753,0.296576349506,0.593152699013,0.0,0.0,5.63495064062,0.0,0.296576349506,0.148288174753,0.296576349506,0.0,0.593152699013,0.593152699013,0.148288174753,0.0,0.0,0.0,0.0,0.0,0.296576349506,0.0,0.0,0.0,0.0,0.148288174753,0.0,0.0,0.593152699013,0.0,0.0,1.92774627179,1.48288174753,0.148288174753,0.0,0.0
0.0,0.0,0.0,0.0,0.0,0.0,0.0,0.0,2.07603444654,0.0,0.0,0.0,0.148288174753,0.0,0.148288174753,0.0,0.0,0.148288174753,0.0,0.0,0.0,0.148288174753,0.0,0.0,0.0,0.0,0.0,0.0,0.0,0.0,0.0,0.0,0.0,0.0,0.148288174753,0.148288174753,0.0
0.0,0.148288174753,0.148288174753,2.5208989708,0.148288174753,0.0,0.0,0.741440873766,0.296576349506,2.37261079605,0.148288174753,0.0,0.0,0.593152699013,0.296576349506,0.0,0.0,0.0,0.0,0.0,0.0,0.148288174753,0.593152699013,0.0,0.148288174753,0.0,0.44486452426,0.0,0.0,0.296576349506,0.0,0.0,0.148288174753,0.0,0.0,0.0,0.148257034859
0.0,0.0,0.0,0.0,0.0,0.0,0.0,0.148288174753,0.0,0.148288174753,0.296576349506,0.0,0.0,0.148288174753,0.0,0.0,0.0,0.0,0.0,0.0,0.0,0.0,0.0,0.0,0.296576349506,0.0,0.148288174753,0.0,0.0,0.148288174753,0.0,0.0,0.148288174753,0.148288174753,0.148288174753,0.0,0.0
0.0,0.0,0.44486452426,0.0,0.148288174753,0.0,0.0,0.889729048519,0.0,0.0,0.0,0.741440873766,0.0,0.148288174753,0.148288174753,0.148288174753,0.0,0.0,0.148288174753,0.0,0.0,0.0,0.0,0.0,0.0,0.0,0.148288174753,0.0,0.0,0.296576349506,0.0,0.0,0.593152699013,1.48288174753,0.0,0.0,0.0
0.0,0.0,0.0,0.593152699013,0.0,0.0,0.0,0.0,0.148288174753,0.0,0.0,0.0,5.33837429112,0.0,0.0,0.0,0.0,0.741440873766,0.0,0.0,0.0,0.0,0.0,0.0,0.0,0.0,0.0,0.0,0.0,0.0,0.0,0.0,0.148288174753,0.0,2.2243226213,0.0,0.444771104578
0.0,0.0,0.148288174753,0.148288174753,0.148288174753,0.0,0.0,0.593152699013,0.148288174753,0.148288174753,0.148288174753,0.0,0.0,1.18630539803,0.296576349506,0.148288174753,0.0,0.0,0.0,0.0,0.0,0.0,0.0,0.0,0.148288174753,0.0,0.148288174753,0.0,0.0,0.0,0.0,0.0,0.296576349506,0.44486452426,0.0,0.148288174753,0.0
0.0,0.0,0.0,0.296576349506,0.0,0.0,0.0,0.148288174753,0.148288174753,0.0,0.148288174753,0.0,0.0,0.0,0.44486452426,0.148288174753,0.0,0.0,0.0,0.0,0.0,0.0,0.0,0.0,0.0,0.0,0.0,0.0,0.0,0.0,0.0,0.0,0.0,0.148288174753,0.148288174753,0.296576349506,0.0
0.0,1.92774627179,0.889729048519,0.0,2.07603444654,0.0,0.148288174753,0.44486452426,0.0,0.0,0.0,0.0,0.0,0.148288174753,0.0,6.82125603865,0.0,0.0,0.0,0.0,0.148288174753,0.148288174753,0.148288174753,0.0,0.0,0.741440873766,0.0,0.0,0.296576349506,0.0,0.44486452426,0.148288174753,0.44486452426,1.03801722327,0.0,0.296576349506,0.0
0.0,0.0,0.0,0.0,0.148288174753,0.0,0.0,0.0,0.0,0.0,0.0,0.0,0.0,0.0,0.0,0.148288174753,2.66918714556,0.0,0.0,0.0,0.148288174753,0.0,0.0,0.0,0.0,0.0,0.0,0.0,0.148288174753,0.0,0.0,1.03801722327,0.0,0.0,0.0,0.296576349506,0.0
0.148288174753,0.0,0.0,0.148288174753,0.0,0.0,0.0,0.0,0.44486452426,0.0,0.0,0.0,0.593152699013,0.0,0.0,0.0,0.0,1.48288174753,0.0,0.0,0.0,0.0,0.148288174753,0.0,0.0,0.0,0.148288174753,0.0,0.0,0.0,0.0,0.0,0.0,0.0,0.44486452426,0.0,0.444771104578
0.0,0.0,0.0,0.0,0.0,0.0,0.0,0.0,0.0,0.148288174753,0.0,0.0,0.0,0.296576349506,0.0,0.0,0.0,0.0,0.0,0.0,0.0,0.0,0.0,0.0,0.0,0.0,0.0,0.0,0.0,0.0,0.0,0.0,0.0,0.148288174753,0.0,0.0,0.0
0.0,0.0,0.0,0.0,0.0,0.0,0.0,0.0,0.0,0.0,0.0,0.0,0.0,0.0,0.0,0.0,0.0,0.0,0.0,0.0,0.0,0.0,0.0,0.0,0.0,0.0,0.0,0.0,0.148288174753,0.0,0.0,0.0,0.0,0.0,0.0,0.0,0.0
0.0,0.0,0.0,0.0,0.148288174753,0.0,0.0,0.0,0.0,0.0,0.0,0.0,0.0,0.0,0.0,0.148288174753,0.148288174753,0.0,0.0,0.0,0.148288174753,0.0,0.0,0.148288174753,0.0,0.0,0.0,0.0,0.0,0.0,0.0,0.44486452426,0.148288174753,0.0,0.0,0.741440873766,0.0
0.148288174753,0.148288174753,0.0,0.148288174753,0.148288174753,0.0,0.0,0.296576349506,0.148288174753,0.296576349506,0.148288174753,0.0,0.0,0.593152699013,0.0,0.0,0.0,0.0,0.0,0.0,0.0,0.593152699013,0.0,0.0,0.296576349506,0.0,0.0,0.0,0.0,0.0,0.0,0.0,0.0,0.0,0.0,0.0,0.296514069719
0.148288174753,0.0,0.0,0.44486452426,0.0,0.0,0.0,0.0,0.0,0.593152699013,0.0,0.0,0.0,0.148288174753,0.0,0.0,0.0,0.0,0.0,0.0,0.0,0.44486452426,0.741440873766,0.0,0.44486452426,0.0,0.0,0.0,0.0,0.0,0.0,0.0,0.0,0.0,0.296576349506,0.148288174753,0.148257034859
0.0,0.0,0.296576349506,0.0,0.296576349506,0.0,0.0,0.0,0.0,0.0,0.0,0.0,0.0,0.0,0.0,0.148288174753,0.0,0.0,0.0,0.0,0.148288174753,0.0,0.0,0.296576349506,0.0,0.0,0.0,0.0,0.0,0.0,0.741440873766,0.148288174753,0.0,0.0,0.0,0.0,0.0
0.0,0.0,0.0,0.44486452426,0.0,0.0,0.0,0.148288174753,0.0,0.148288174753,0.148288174753,0.0,0.0,0.593152699013,0.0,0.0,0.0,0.0,0.0,0.0,0.0,0.148288174753,0.44486452426,0.0,1.48288174753,0.0,0.148288174753,0.148288174753,0.0,0.0,0.0,0.0,0.0,0.0,0.148288174753,0.0,0.0
0.0,0.0,0.0,0.0,0.593152699013,0.0,0.0,0.0,0.0,0.0,0.0,0.0,0.0,0.0,0.0,0.148288174753,0.0,0.0,0.0,0.0,0.0,0.0,0.0,0.0,0.0,0.0,0.0,0.0,0.0,0.0,0.0,0.0,0.0,0.0,0.0,0.0,0.0
0.0,0.0,0.0,0.889729048519,0.148288174753,0.0,0.0,0.148288174753,0.296576349506,0.889729048519,0.0,0.0,0.593152699013,0.0,0.296576349506,0.148288174753,0.0,0.148288174753,0.0,0.0,0.0,0.148288174753,0.148288174753,0.0,0.44486452426,0.0,2.5208989708,0.0,0.0,0.0,0.0,0.0,0.0,0.296576349506,0.593152699013,0.148288174753,0.148257034859
0.0,0.148288174753,0.296576349506,0.0,0.0,0.0,0.0,0.0,0.0,0.0,0.0,0.0,0.0,0.0,0.0,0.0,0.0,0.0,0.0,0.0,0.0,0.0,0.0,0.0,0.148288174753,0.0,0.0,0.593152699013,0.0,0.0,0.0,0.0,0.44486452426,0.296576349506,0.0,0.296576349506,0.0
0.0,0.148288174753,0.0,0.0,0.0,0.0,0.0,0.0,0.0,0.0,0.0,0.0,0.0,0.0,0.0,0.0,0.148288174753,0.0,0.0,0.0,0.0,0.0,0.0,0.0,0.0,0.0,0.0,0.0,0.0,0.0,0.0,0.0,0.0,0.148288174753,0.0,0.0,0.0
0.0,0.44486452426,0.593152699013,0.0,0.148288174753,0.0,0.0,1.03801722327,0.0,0.148288174753,0.0,0.741440873766,0.0,0.148288174753,0.296576349506,0.0,0.0,0.0,0.0,0.0,0.0,0.0,0.148288174753,0.0,0.148288174753,0.0,0.148288174753,0.148288174753,0.0,1.63116992229,0.0,0.0,1.18630539803,1.03801722327,0.0,0.0,0.0
0.0,0.148288174753,0.0,0.296576349506,0.593152699013,0.148288174753,0.148288174753,0.148288174753,0.0,0.0,0.0,0.0,0.0,0.0,0.0,0.889729048519,0.0,0.0,0.148288174753,0.0,0.148288174753,0.0,0.0,0.148288174753,0.0,0.0,0.0,0.0,0.0,0.0,0.889729048519,0.44486452426,0.0,0.0,0.0,0.0,0.0
0.0,0.0,0.148288174753,0.0,0.44486452426,0.148288174753,0.0,0.0,0.0,0.0,0.0,0.0,0.0,0.0,0.148288174753,0.0,0.44486452426,0.0,0.0,0.0,0.148288174753,0.0,0.0,0.0,0.0,0.148288174753,0.0,0.0,0.0,0.0,0.296576349506,2.37261079605,0.148288174753,0.0,0.0,0.148288174753,0.0
0.148288174753,0.296576349506,1.77945809704,0.296576349506,0.296576349506,0.0,0.148288174753,0.889729048519,0.0,0.148288174753,0.148288174753,0.296576349506,0.0,0.44486452426,0.0,0.0,0.148288174753,0.148288174753,0.148288174753,0.0,0.0,0.0,0.0,0.0,0.296576349506,0.0,0.0,0.148288174753,0.0,0.889729048519,0.0,0.0,3.70720436883,2.07603444654,0.0,0.148288174753,0.0
0.0,0.889729048519,2.5208989708,0.0,0.889729048519,0.296576349506,0.296576349506,1.92774627179,0.296576349506,0.593152699013,0.148288174753,1.33459357278,0.148288174753,0.296576349506,0.44486452426,0.44486452426,0.0,0.296576349506,0.148288174753,0.0,0.296576349506,0.148288174753,0.0,0.0,0.0,0.0,0.593152699013,0.0,0.0,1.33459357278,0.0,0.0,1.63116992229,10.6767485822,0.0,0.741440873766,0.0
0.0,0.0,0.0,1.48288174753,0.148288174753,0.0,0.0,0.0,0.148288174753,0.296576349506,0.0,0.0,2.5208989708,0.0,0.148288174753,0.0,0.0,0.44486452426,0.0,0.0,0.0,0.0,0.0,0.0,0.0,0.0,0.296576349506,0.148288174753,0.0,0.0,0.0,0.0,0.0,0.0,8.00756143667,0.0,1.77908441831
0.0,0.148288174753,0.296576349506,0.296576349506,0.148288174753,0.148288174753,0.148288174753,0.44486452426,0.148288174753,0.0,0.0,0.0,0.0,0.148288174753,0.593152699013,0.296576349506,0.0,0.44486452426,0.0,0.0,0.741440873766,0.0,0.296576349506,0.0,0.148288174753,0.0,0.148288174753,0.741440873766,0.0,0.296576349506,0.148288174753,0.0,0.593152699013,0.44486452426,0.0,18.8325981937,0.148257034859
0.148288174753,0.0,0.148288174753,0.593152699013,0.0,0.0,0.0,0.0,0.0,0.296576349506,0.0,0.0,0.0,0.0,0.296576349506,0.0,0.0,0.296576349506,0.0,0.0,0.0,0.296576349506,0.148288174753,0.0,0.148288174753,0.0,0.0,0.0,0.0,0.0,0.0,0.0,0.0,0.0,2.07603444654,0.296576349506,4.7442251155
