0.0,0.0,0.0,0.0,0.0,0.0,0.0,0.14396411093,0.0,0.0,0.0,0.0,0.0,0.14396411093,0.0,0.0,0.0,0.0,0.0,0.0,0.0,0.14396411093,0.0,0.0,0.14396411093,0.0,0.14396411093,0.0,0.0,0.0,0.0,0.0,0.0,0.0,0.0,0.0,0.0
0.14396411093,5.18270799347,2.30342577488,0.14396411093,1.87153344209,0.0,0.0,0.575856443719,0.0,0.14396411093,0.0,0.0,0.0,0.14396411093,0.14396411093,1.87153344209,0.0,0.0,0.0,0.0,0.0,0.0,0.0,0.14396411093,0.0,0.28792822186,0.0,0.0,0.0,0.14396411093,0.43189233279,0.0,0.43189233279,1.15171288744,0.0,0.0,0.0
0.14396411093,2.59135399674,2.59135399674,0.0,1.00774877651,0.14396411093,0.0,0.43189233279,0.0,0.0,0.0,0.28792822186,0.0,0.14396411093,0.0,0.28792822186,0.0,0.0,0.0,0.0,0.0,0.0,0.14396411093,0.14396411093,0.14396411093,0.0,0.0,0.0,0.0,0.43189233279,0.0,0.0,1.4396411093,1.4396411093,0.0,0.28792822186,0.0
0.0,0.0,0.14396411093,4.17495921697,0.0,0.0,0.0,0.0,0.0,1.72756933116,0.0,0.0,0.14396411093,0.14396411093,0.14396411093,0.14396411093,0.0,0.28792822186,0.0,0.0,0.0,0.14396411093,0.575856443719,0.0,0.43189233279,0.0,1.00774877651,0.0,0.0,0.0,0.0,0.0,0.0,0.0,0.719820554649,0.0,0.575739041794
0.0,1.58360522023,0.14396411093,0.0,6.62234910277,0.43189233279,0.0,0.43189233279,0.0,0.0,0.0,0.14396411093,0.0,0.0,0.0,2.8792822186,0.0,0.0,0.0,0.0,0.14396411093,0.0,0.14396411093,0.14396411093,0.0,0.14396411093,0.0,0.0,0.0,0.0,1.15171288744,0.14396411093,0.28792822186,0.719820554649,0.0,0.0,0.0
0.0,0.575856443719,0.0,0.0,0.14396411093,0.43189233279,0.0,0.14396411093,0.0,0.0,0.0,0.0,0.0,0.0,0.0,0.14396411093,0.0,0.0,0.0,0.0,0.0,0.0,0.0,0.0,0.0,0.0,0.0,0.0,0.0,0.0,0.0,0.0,0.0,0.14396411093,0.0,0.0,0.0
0.0,0.0,0.14396411093,0.0,0.0,0.0,0.0,0.14396411093,0.0,0.0,0.0,0.0,0.0,0.0,0.0,0.14396411093,0.0,0.0,0.0,0.0,0.0,0.0,0.0,0.0,0.0,0.0,0.0,0.0,0.0,0.0,0.0,0.0,0.14396411093,0.14396411093,0.0,0.0,0.0
0.14396411093,0.43189233279,0.28792822186,0.0,0.0,0.0,0.14396411093,3.02324632953,0.0,0.0,0.0,0.43189233279,0.0,0.575856443719,0.43189233279,0.14396411093,0.0,0.0,0.14396411093,0.0,0.0,0.0,0.0,0.0,0.43189233279,0.0,0.0,0.0,0.0,1.00774877651,0.0,0.0,0.719820554649,1.29567699837,0.0,0.28792822186,0.0
0.0,0.0,0.0,0.0,0.0,0.0,0.0,0.0,1.29567699837,0.0,0.0,0.0,0.0,0.0,0.14396411093,0.14396411093,0.0,0.0,0.0,0.0,0.0,0.0,0.0,0.0,0.0,0.0,0.0,0.0,0.0,0.0,0.0,0.0,0.0,0.0,0.14396411093,0.28792822186,0.143934760449
0.14396411093,0.0,0.0,0.575856443719,0.0,0.0,0.0,0.14396411093,0.14396411093,3.59910277325,0.14396411093,0.14396411093,0.0,0.28792822186,0.28792822186,0.0,0.0,0.0,0.0,0.0,0.0,0.14396411093,0.575856443719,0.0,0.719820554649,0.0,1.00774877651,0.0,0.0,0.0,0.0,0.0,0.14396411093,0.28792822186,0.14396411093,0.14396411093,0.143934760449
0.0,0.0,0.0,0.0,0.0,0.0,0.0,0.28792822186,0.0,0.14396411093,0.28792822186,0.0,0.0,0.575856443719,0.0,0.0,0.0,0.0,0.14396411093,0.0,0.0,0.0,0.0,0.0,0.0,0.0,0.14396411093,0.14396411093,0.0,0.0,0.0,0.0,0.0,0.0,0.0,0.14396411093,0.0
0.0,0.28792822186,0.0,0.14396411093,0.28792822186,0.0,0.0,0.28792822186,0.0,0.0,0.0,0.0,0.0,0.0,0.0,0.14396411093,0.0,0.0,0.14396411093,0.0,0.0,0.0,0.14396411093,0.0,0.0,0.0,0.0,0.0,0.0,0.28792822186,0.0,0.0,0.14396411093,1.29567699837,0.0,0.0,0.0
0.0,0.0,0.0,0.0,0.0,0.0,0.0,0.0,0.0,0.0,0.0,0.0,3.02324632953,0.0,0.14396411093,0.0,0.0,0.43189233279,0.0,0.0,0.0,0.0,0.0,0.0,0.0,0.0,0.0,0.0,0.0,0.0,0.0,0.0,0.0,0.0,1.15171288744,0.0,0.431804281346
0.14396411093,0.28792822186,0.14396411093,0.28792822186,0.0,0.0,0.0,1.00774877651,0.0,0.14396411093,0.0,0.0,0.0,1.15171288744,0.14396411093,0.28792822186,0.0,0.0,0.14396411093,0.0,0.0,0.14396411093,0.14396411093,0.0,0.28792822186,0.0,0.0,0.0,0.0,0.14396411093,0.0,0.0,0.14396411093,0.28792822186,0.0,0.28792822186,0.0
0.28792822186,0.14396411093,0.14396411093,0.0,0.28792822186,0.0,0.0,0.28792822186,0.0,0.14396411093,0.0,0.0,0.14396411093,0.14396411093,0.28792822186,0.0,0.0,0.14396411093,0.0,0.0,0.14396411093,0.0,0.0,0.0,0.0,0.0,0.0,0.0,0.0,0.0,0.0,0.0,0.0,0.14396411093,0.0,0.43189233279,0.0
0.0,1.15171288744,0.575856443719,0.14396411093,2.59135399674,0.0,0.0,0.14396411093,0.0,0.28792822186,0.0,0.28792822186,0.28792822186,0.14396411093,0.14396411093,7.19820554649,0.14396411093,0.0,0.0,0.0,0.0,0.0,0.0,0.0,0.28792822186,0.575856443719,0.28792822186,0.0,0.14396411093,0.14396411093,0.719820554649,0.14396411093,0.0,1.29567699837,0.0,0.28792822186,0.0
0.0,0.0,0.0,0.0,0.0,0.0,0.0,0.0,0.0,0.0,0.0,0.0,0.0,0.0,0.0,0.0,1.29567699837,0.0,0.0,0.0,0.0,0.0,0.0,0.0,0.0,0.0,0.0,0.0,0.0,0.0,0.0,0.0,0.0,0.0,0.0,0.0,0.0
0.0,0.0,0.0,0.0,0.0,0.0,0.0,0.0,0.0,0.0,0.0,0.0,0.575856443719,0.0,0.0,0.0,0.0,0.719820554649,0.0,0.0,0.0,0.0,0.0,0.0,0.0,0.0,0.0,0.0,0.0,0.0,0.0,0.0,0.0,0.14396411093,0.43189233279,0.14396411093,0.287869520897
0.0,0.0,0.0,0.0,0.0,0.0,0.0,0.14396411093,0.0,0.0,0.0,0.28792822186,0.0,0.0,0.0,0.0,0.0,0.0,0.14396411093,0.0,0.0,0.0,0.0,0.0,0.0,0.0,0.0,0.0,0.0,0.14396411093,0.0,0.0,0.0,0.14396411093,0.0,0.0,0.0
0.0,0.0,0.0,0.0,0.0,0.0,0.0,0.0,0.0,0.0,0.0,0.0,0.0,0.0,0.0,0.0,0.0,0.0,0.0,0.0,0.0,0.0,0.0,0.0,0.0,0.0,0.0,0.0,0.0,0.0,0.0,0.0,0.0,0.0,0.0,0.0,0.0
0.0,0.0,0.0,0.0,0.0,0.0,0.0,0.0,0.0,0.0,0.0,0.0,0.0,0.0,0.0,0.0,0.0,0.0,0.0,0.0,0.719820554649,0.0,0.0,0.28792822186,0.0,0.0,0.0,0.0,0.0,0.0,0.0,0.0,0.0,0.0,0.0,0.43189233279,0.0
0.0,0.0,0.0,0.14396411093,0.0,0.0,0.0,0.0,0.0,0.14396411093,0.0,0.0,0.0,0.0,0.0,0.0,0.0,0.0,0.0,0.0,0.0,0.575856443719,0.0,0.0,0.14396411093,0.0,0.0,0.14396411093,0.0,0.0,0.0,0.0,0.0,0.14396411093,0.0,0.14396411093,0.0
0.0,0.0,0.0,0.43189233279,0.0,0.0,0.0,0.0,0.0,0.43189233279,0.0,0.0,0.0,0.14396411093,0.14396411093,0.0,0.0,0.0,0.14396411093,0.0,0.0,0.14396411093,1.00774877651,0.0,0.28792822186,0.0,0.14396411093,0.0,0.0,0.0,0.0,0.0,0.0,0.0,0.14396411093,0.0,0.0
0.0,0.0,0.0,0.0,0.0,0.0,0.0,0.0,0.0,0.0,0.0,0.0,0.0,0.0,0.14396411093,0.0,0.0,0.0,0.0,0.0,0.43189233279,0.0,0.0,0.719820554649,0.0,0.0,0.0,0.0,0.0,0.0,0.14396411093,0.0,0.0,0.0,0.0,0.0,0.0
0.0,0.14396411093,0.0,0.14396411093,0.0,0.0,0.0,0.28792822186,0.0,0.719820554649,0.719820554649,0.0,0.0,0.28792822186,0.0,0.0,0.0,0.0,0.0,0.0,0.0,0.14396411093,0.28792822186,0.0,1.00774877651,0.0,0.14396411093,0.0,0.0,0.14396411093,0.0,0.0,0.14396411093,0.14396411093,0.0,0.0,0.143934760449
0.0,0.14396411093,0.0,0.0,0.28792822186,0.0,0.0,0.0,0.0,0.0,0.0,0.0,0.0,0.0,0.0,0.575856443719,0.0,0.0,0.0,0.0,0.0,0.0,0.0,0.0,0.0,0.14396411093,0.0,0.0,0.0,0.0,0.0,0.0,0.0,0.0,0.0,0.0,0.0
0.0,0.0,0.14396411093,1.00774877651,0.14396411093,0.0,0.0,0.0,0.0,0.863784665579,0.14396411093,0.0,0.0,0.14396411093,0.28792822186,0.0,0.28792822186,0.0,0.0,0.0,0.0,0.0,0.0,0.0,0.0,0.0,2.8792822186,0.0,0.0,0.0,0.0,0.0,0.0,0.14396411093,0.14396411093,0.14396411093,0.0
0.0,0.14396411093,0.0,0.0,0.0,0.0,0.0,0.0,0.0,0.0,0.0,0.0,0.0,0.0,0.0,0.0,0.0,0.0,0.0,0.0,0.0,0.0,0.0,0.0,0.0,0.0,0.14396411093,0.14396411093,0.0,0.0,0.0,0.0,0.0,0.0,0.0,0.863784665579,0.0
0.0,0.0,0.0,0.0,0.0,0.0,0.0,0.14396411093,0.0,0.0,0.0,0.0,0.0,0.0,0.0,0.0,0.0,0.0,0.0,0.0,0.0,0.0,0.0,0.0,0.0,0.0,0.0,0.0,0.28792822186,0.0,0.0,0.0,0.0,0.0,0.0,0.0,0.0
0.14396411093,0.28792822186,0.575856443719,0.0,0.0,0.0,0.0,1.15171288744,0.0,0.0,0.14396411093,0.0,0.0,0.43189233279,0.0,0.14396411093,0.0,0.0,0.0,0.0,0.0,0.0,0.0,0.0,0.0,0.0,0.14396411093,0.0,0.0,1.72756933116,0.0,0.0,0.863784665579,1.4396411093,0.0,0.0,0.0
0.0,0.14396411093,0.0,0.0,0.719820554649,0.14396411093,0.0,0.0,0.0,0.0,0.0,0.0,0.0,0.0,0.0,0.28792822186,0.0,0.0,0.0,0.0,0.0,0.0,0.0,0.0,0.0,0.0,0.0,0.0,0.0,0.0,2.30342577488,0.14396411093,0.0,0.0,0.0,0.14396411093,0.0
0.0,0.0,0.0,0.0,0.28792822186,0.14396411093,0.0,0.0,0.0,0.0,0.0,0.0,0.0,0.0,0.0,0.14396411093,0.0,0.0,0.0,0.0,0.0,0.0,0.0,0.0,0.0,0.0,0.0,0.14396411093,0.0,0.0,0.14396411093,2.44738988581,0.0,0.0,0.0,0.0,0.0
0.0,1.29567699837,0.719820554649,0.0,0.43189233279,0.0,0.43189233279,2.01549755302,0.0,0.14396411093,0.28792822186,0.14396411093,0.0,0.28792822186,0.28792822186,0.28792822186,0.0,0.14396411093,0.0,0.0,0.14396411093,0.0,0.0,0.0,0.28792822186,0.0,0.0,0.0,0.0,1.15171288744,0.0,0.0,2.59135399674,2.59135399674,0.0,0.575856443719,0.0
0.0,0.863784665579,2.73531810767,0.0,0.719820554649,0.0,0.14396411093,1.87153344209,0.0,0.14396411093,0.0,1.87153344209,0.0,0.28792822186,0.28792822186,0.575856443719,0.0,0.14396411093,0.14396411093,0.0,0.0,0.14396411093,0.0,0.0,0.14396411093,0.14396411093,0.14396411093,0.14396411093,0.14396411093,1.58360522023,0.14396411093,0.0,1.29567699837,8.78181076672,0.0,0.43189233279,0.143934760449
0.0,0.0,0.0,0.43189233279,0.14396411093,0.0,0.0,0.0,0.14396411093,0.0,0.0,0.0,1.29567699837,0.0,0.0,0.0,0.0,0.43189233279,0.0,0.0,0.0,0.0,0.0,0.0,0.0,0.0,0.14396411093,0.0,0.0,0.0,0.0,0.0,0.14396411093,0.0,6.91027732463,0.0,1.00754332314
0.14396411093,0.0,0.14396411093,0.0,0.14396411093,0.0,0.0,0.43189233279,0.0,0.14396411093,0.14396411093,0.0,0.0,0.0,1.00774877651,0.0,0.0,0.0,0.0,0.0,0.43189233279,0.14396411093,0.0,0.0,0.0,0.0,0.0,0.43189233279,0.0,0.14396411093,0.14396411093,0.0,0.43189233279,0.575856443719,0.0,14.5403752039,0.143934760449
0.0,0.0,0.0,0.0,0.0,0.0,0.0,0.0,0.0,0.0,0.0,0.0,0.575856443719,0.0,0.43189233279,0.0,0.0,0.43189233279,0.0,0.0,0.0,0.14396411093,0.0,0.0,0.0,0.0,0.0,0.0,0.0,0.0,0.0,0.0,0.0,0.0,1.29567699837,0.14396411093,3.16656472987
