0.0,0.0,0.0,0.141454618313,0.0,0.0,0.0,0.141454618313,0.0,0.0,0.0,0.0,0.0,0.0,0.141454618313,0.0,0.0,0.0,0.0,0.0,0.0,0.0,0.0,0.0,0.0,0.141454618313,0.0,0.0,0.0,0.141454618313,0.0,0.0,0.0,0.141454618313,0.0,0.0,0.0
0.0,2.40472851132,1.41454618313,0.282909236626,1.1316369465,0.0,0.0,0.424363854939,0.0,0.282909236626,0.0,0.141454618313,0.0,0.141454618313,0.141454618313,0.424363854939,0.0,0.141454618313,0.0,0.0,0.0,0.0,0.0,0.424363854939,0.141454618313,0.141454618313,0.0,0.0,0.0,0.0,0.0,0.141454618313,0.141454618313,0.565818473252,0.0,0.0,0.0
0.0,0.990182328191,1.55600080144,0.424363854939,0.0,0.0,0.0,0.282909236626,0.0,0.0,0.0,0.141454618313,0.0,0.0,0.282909236626,0.424363854939,0.0,0.0,0.0,0.0,0.0,0.0,0.0,0.0,0.0,0.0,0.0,0.0,0.141454618313,0.0,0.141454618313,0.0,0.282909236626,0.424363854939,0.0,0.424363854939,0.0
0.141454618313,0.141454618313,0.141454618313,2.82909236626,0.0,0.0,0.0,0.0,0.0,0.565818473252,0.0,0.0,0.0,0.0,0.141454618313,0.141454618313,0.0,0.0,0.0,0.0,0.0,0.707273091565,0.141454618313,0.0,0.424363854939,0.0,0.424363854939,0.0,0.0,0.141454618313,0.0,0.0,0.424363854939,0.141454618313,0.424363854939,0.141454618313,0.0
0.0,1.55600080144,0.282909236626,0.0,4.3850931677,0.141454618313,0.0,0.141454618313,0.0,0.0,0.0,0.0,0.0,0.141454618313,0.0,2.68763774795,0.0,0.0,0.141454618313,0.0,0.141454618313,0.0,0.0,0.141454618313,0.0,0.282909236626,0.0,0.0,0.0,0.141454618313,0.707273091565,0.565818473252,0.282909236626,0.707273091565,0.0,0.424363854939,0.141426282051
0.0,0.141454618313,0.0,0.0,0.0,0.141454618313,0.0,0.141454618313,0.0,0.0,0.0,0.0,0.0,0.0,0.0,0.0,0.0,0.0,0.0,0.0,0.0,0.0,0.0,0.0,0.0,0.0,0.0,0.0,0.0,0.0,0.0,0.0,0.0,0.141454618313,0.0,0.0,0.0
0.0,0.0,0.141454618313,0.0,0.141454618313,0.0,0.141454618313,0.0,0.0,0.0,0.0,0.0,0.0,0.0,0.0,0.0,0.0,0.0,0.0,0.0,0.0,0.0,0.0,0.0,0.0,0.0,0.0,0.0,0.0,0.0,0.0,0.0,0.0,0.0,0.0,0.0,0.0
0.141454618313,0.990182328191,1.1316369465,0.0,0.424363854939,0.141454618313,0.141454618313,1.55600080144,0.141454618313,0.282909236626,0.0,0.141454618313,0.0,0.990182328191,0.282909236626,0.141454618313,0.141454618313,0.0,0.0,0.0,0.0,0.0,0.141454618313,0.141454618313,0.0,0.0,0.282909236626,0.0,0.0,0.990182328191,0.0,0.0,0.424363854939,0.565818473252,0.0,0.707273091565,0.0
0.0,0.0,0.0,0.282909236626,0.0,0.0,0.0,0.0,2.40472851132,0.0,0.0,0.0,0.141454618313,0.0,0.141454618313,0.0,0.0,0.424363854939,0.0,0.0,0.0,0.0,0.0,0.0,0.282909236626,0.0,0.0,0.0,0.0,0.0,0.0,0.0,0.0,0.0,0.0,0.141454618313,0.0
0.282909236626,0.282909236626,0.0,0.565818473252,0.141454618313,0.0,0.0,0.0,0.0,1.98036465638,0.282909236626,0.0,0.0,0.141454618313,0.282909236626,0.0,0.0,0.0,0.0,0.0,0.0,0.141454618313,0.282909236626,0.0,0.282909236626,0.0,0.141454618313,0.0,0.0,0.141454618313,0.0,0.0,0.282909236626,0.424363854939,0.141454618313,0.0,0.0
0.0,0.0,0.0,0.282909236626,0.0,0.0,0.0,0.0,0.0,0.0,0.141454618313,0.0,0.0,0.0,0.0,0.0,0.0,0.0,0.0,0.0,0.0,0.141454618313,0.0,0.0,0.0,0.0,0.0,0.0,0.0,0.0,0.0,0.0,0.0,0.0,0.0,0.0,0.0
0.0,0.141454618313,0.0,0.0,0.0,0.0,0.0,0.0,0.0,0.0,0.0,0.707273091565,0.0,0.0,0.141454618313,0.0,0.0,0.0,0.0,0.0,0.0,0.141454618313,0.0,0.0,0.0,0.0,0.141454618313,0.0,0.0,0.282909236626,0.141454618313,0.141454618313,0.0,0.141454618313,0.0,0.141454618313,0.0
0.0,0.0,0.0,0.141454618313,0.0,0.0,0.0,0.0,0.282909236626,0.0,0.0,0.0,1.55600080144,0.0,0.0,0.0,0.0,0.424363854939,0.0,0.0,0.0,0.0,0.0,0.0,0.0,0.0,0.0,0.0,0.0,0.0,0.0,0.0,0.0,0.0,0.848727709878,0.141454618313,0.282852564103
0.141454618313,0.282909236626,0.0,0.0,0.282909236626,0.0,0.0,0.282909236626,0.0,0.0,0.0,0.0,0.0,0.848727709878,0.141454618313,0.0,0.0,0.0,0.0,0.0,0.0,0.0,0.141454618313,0.0,0.282909236626,0.0,0.0,0.0,0.0,0.0,0.0,0.0,0.0,0.282909236626,0.0,0.0,0.0
0.0,0.0,0.0,0.141454618313,0.0,0.0,0.0,0.0,0.707273091565,0.141454618313,0.0,0.0,0.141454618313,0.141454618313,0.141454618313,0.282909236626,0.0,0.0,0.0,0.0,0.141454618313,0.141454618313,0.0,0.141454618313,0.0,0.0,0.141454618313,0.0,0.0,0.141454618313,0.0,0.0,0.424363854939,0.282909236626,0.0,0.707273091565,0.0
0.0,1.27309156482,0.282909236626,0.0,1.83891003807,0.0,0.0,0.141454618313,0.0,0.0,0.0,0.141454618313,0.0,0.141454618313,0.282909236626,3.96072931276,0.141454618313,0.0,0.0,0.0,0.282909236626,0.0,0.141454618313,0.0,0.0,0.141454618313,0.0,0.0,0.0,0.141454618313,0.424363854939,0.141454618313,0.0,0.282909236626,0.0,0.565818473252,0.0
0.0,0.0,0.0,0.0,0.0,0.0,0.0,0.141454618313,0.0,0.0,0.0,0.0,0.0,0.0,0.0,0.0,2.26327389301,0.0,0.0,0.0,0.0,0.0,0.0,0.0,0.0,0.0,0.0,0.0,0.0,0.0,0.141454618313,0.424363854939,0.0,0.0,0.0,0.0,0.0
0.0,0.0,0.0,0.0,0.0,0.0,0.0,0.0,0.282909236626,0.141454618313,0.0,0.0,0.424363854939,0.0,0.141454618313,0.0,0.0,0.424363854939,0.0,0.0,0.0,0.0,0.0,0.0,0.0,0.0,0.0,0.0,0.0,0.0,0.0,0.0,0.0,0.0,0.282909236626,0.424363854939,0.424278846154
0.0,0.0,0.0,0.0,0.0,0.0,0.0,0.0,0.0,0.0,0.0,0.0,0.0,0.0,0.0,0.0,0.0,0.0,0.0,0.0,0.0,0.0,0.0,0.0,0.0,0.0,0.0,0.0,0.0,0.0,0.0,0.0,0.0,0.141454618313,0.0,0.0,0.0
0.0,0.0,0.0,0.0,0.0,0.0,0.0,0.0,0.0,0.0,0.0,0.0,0.0,0.0,0.0,0.0,0.0,0.0,0.0,0.0,0.0,0.0,0.0,0.0,0.0,0.0,0.0,0.0,0.0,0.0,0.0,0.0,0.0,0.0,0.0,0.0,0.0
0.0,0.141454618313,0.0,0.0,0.0,0.0,0.0,0.0,0.0,0.0,0.0,0.0,0.0,0.0,0.0,0.0,0.0,0.0,0.0,0.0,0.707273091565,0.0,0.0,0.141454618313,0.0,0.0,0.0,0.0,0.0,0.0,0.141454618313,0.0,0.141454618313,0.0,0.0,0.0,0.0
0.0,0.0,0.141454618313,0.0,0.0,0.0,0.0,0.0,0.0,0.282909236626,0.0,0.0,0.0,0.0,0.141454618313,0.0,0.0,0.0,0.0,0.0,0.0,0.424363854939,0.0,0.0,0.565818473252,0.0,0.0,0.0,0.0,0.141454618313,0.0,0.0,0.0,0.0,0.0,0.141454618313,0.0
0.141454618313,0.0,0.0,0.282909236626,0.0,0.0,0.0,0.141454618313,0.141454618313,0.0,0.0,0.0,0.0,0.141454618313,0.0,0.0,0.0,0.0,0.0,0.0,0.0,0.141454618313,0.282909236626,0.0,0.282909236626,0.0,0.0,0.0,0.0,0.0,0.0,0.0,0.0,0.0,0.141454618313,0.0,0.141426282051
0.0,0.0,0.0,0.0,0.0,0.0,0.0,0.0,0.0,0.0,0.0,0.0,0.0,0.0,0.0,0.0,0.0,0.0,0.0,0.0,0.282909236626,0.0,0.0,0.565818473252,0.0,0.0,0.0,0.0,0.0,0.0,0.282909236626,0.0,0.141454618313,0.0,0.0,0.141454618313,0.0
0.0,0.141454618313,0.0,0.424363854939,0.141454618313,0.141454618313,0.0,0.141454618313,0.0,0.141454618313,0.0,0.141454618313,0.0,0.282909236626,0.565818473252,0.0,0.0,0.0,0.0,0.0,0.0,0.282909236626,0.282909236626,0.0,0.282909236626,0.0,0.141454618313,0.0,0.0,0.0,0.0,0.0,0.0,0.424363854939,0.141454618313,0.0,0.141426282051
0.0,0.0,0.0,0.0,0.141454618313,0.0,0.0,0.0,0.0,0.0,0.0,0.0,0.0,0.0,0.0,0.282909236626,0.0,0.0,0.0,0.141454618313,0.0,0.0,0.0,0.0,0.0,0.0,0.0,0.0,0.141454618313,0.0,0.0,0.0,0.0,0.0,0.0,0.0,0.0
0.0,0.0,0.0,0.282909236626,0.0,0.0,0.0,0.141454618313,0.282909236626,0.424363854939,0.0,0.0,0.141454618313,0.0,0.0,0.141454618313,0.0,0.0,0.0,0.0,0.141454618313,0.141454618313,0.282909236626,0.0,0.0,0.0,1.69745541976,0.0,0.0,0.141454618313,0.141454618313,0.0,0.0,0.0,0.141454618313,0.141454618313,0.0
0.0,0.282909236626,0.0,0.0,0.0,0.0,0.0,0.0,0.0,0.141454618313,0.0,0.0,0.0,0.0,0.0,0.0,0.0,0.0,0.0,0.0,0.0,0.0,0.0,0.0,0.0,0.0,0.0,0.424363854939,0.0,0.0,0.0,0.0,0.141454618313,0.0,0.0,0.0,0.0
0.0,0.0,0.0,0.0,0.0,0.0,0.0,0.141454618313,0.0,0.0,0.0,0.0,0.0,0.0,0.0,0.282909236626,0.141454618313,0.0,0.0,0.0,0.0,0.0,0.0,0.0,0.0,0.0,0.0,0.0,0.141454618313,0.0,0.141454618313,0.0,0.0,0.0,0.0,0.0,0.0
0.0,0.282909236626,0.282909236626,0.141454618313,0.282909236626,0.141454618313,0.0,0.424363854939,0.0,0.0,0.0,0.141454618313,0.0,0.141454618313,0.141454618313,0.141454618313,0.0,0.0,0.0,0.0,0.0,0.0,0.0,0.0,0.0,0.0,0.282909236626,0.0,0.0,0.424363854939,0.0,0.0,0.0,0.848727709878,0.0,0.141454618313,0.0
0.0,0.0,0.0,0.0,0.565818473252,0.282909236626,0.0,0.141454618313,0.0,0.0,0.0,0.0,0.0,0.0,0.0,0.707273091565,0.0,0.0,0.0,0.0,0.0,0.0,0.0,0.0,0.0,0.0,0.0,0.0,0.0,0.0,1.1316369465,0.141454618313,0.0,0.282909236626,0.0,0.0,0.0
0.0,0.141454618313,0.0,0.0,0.141454618313,0.0,0.0,0.0,0.0,0.0,0.0,0.0,0.0,0.0,0.0,0.141454618313,0.0,0.141454618313,0.0,0.0,0.424363854939,0.0,0.0,0.0,0.0,0.0,0.0,0.0,0.0,0.0,0.141454618313,1.55600080144,0.0,0.141454618313,0.0,0.0,0.0
0.0,0.990182328191,0.424363854939,0.282909236626,0.282909236626,0.0,0.141454618313,0.848727709878,0.0,0.0,0.0,0.0,0.141454618313,0.282909236626,0.0,0.0,0.0,0.0,0.0,0.0,0.0,0.0,0.0,0.141454618313,0.424363854939,0.141454618313,0.0,0.0,0.0,0.141454618313,0.141454618313,0.0,1.55600080144,0.565818473252,0.0,0.0,0.0
0.141454618313,0.848727709878,0.848727709878,0.0,1.27309156482,0.0,0.141454618313,0.707273091565,0.141454618313,0.141454618313,0.0,0.141454618313,0.0,0.282909236626,0.141454618313,0.707273091565,0.0,0.0,0.141454618313,0.0,0.0,0.141454618313,0.141454618313,0.0,0.565818473252,0.0,0.0,0.0,0.0,0.282909236626,0.0,0.0,1.27309156482,4.52654778601,0.0,0.565818473252,0.0
0.0,0.0,0.141454618313,0.282909236626,0.0,0.0,0.0,0.0,0.282909236626,0.282909236626,0.0,0.0,0.990182328191,0.0,0.0,0.141454618313,0.0,0.848727709878,0.0,0.0,0.0,0.141454618313,0.0,0.0,0.0,0.0,0.282909236626,0.0,0.0,0.0,0.0,0.0,0.0,0.0,4.3850931677,0.0,1.41426282051
0.282909236626,0.282909236626,0.0,0.141454618313,0.141454618313,0.0,0.0,0.282909236626,0.0,0.0,0.141454618313,0.0,0.0,0.0,0.282909236626,0.0,0.0,0.141454618313,0.0,0.0,0.424363854939,0.141454618313,0.141454618313,0.0,0.0,0.0,0.0,0.424363854939,0.141454618313,0.282909236626,0.0,0.141454618313,0.141454618313,0.282909236626,0.0,9.61891404528,0.0
0.0,0.0,0.0,0.141454618313,0.0,0.0,0.0,0.0,0.0,0.0,0.0,0.0,0.424363854939,0.0,0.0,0.0,0.0,0.0,0.0,0.0,0.0,0.141454618313,0.0,0.0,0.0,0.0,0.0,0.0,0.0,0.0,0.0,0.0,0.0,0.282909236626,1.27309156482,0.282909236626,1.27283653846
