0.283192940233,0.0,0.0,0.0,0.0,0.0,0.0,0.424789410349,0.0,0.0,0.0,0.0,0.0,0.283192940233,0.0,0.141596470116,0.0,0.0,0.0,0.0,0.0,0.141596470116,0.0,0.0,0.141596470116,0.0,0.0,0.0,0.0,0.141596470116,0.0,0.0,0.141596470116,0.141596470116,0.0,0.0,0.0
0.0,5.94705174489,2.54873646209,0.0,2.83192940233,0.283192940233,0.0,0.283192940233,0.0,0.0,0.0,0.141596470116,0.0,0.141596470116,0.0,1.6991576414,0.0,0.0,0.141596470116,0.0,0.141596470116,0.0,0.0,0.141596470116,0.141596470116,0.283192940233,0.283192940233,0.141596470116,0.0,0.991175290814,0.424789410349,0.141596470116,1.27436823105,0.424789410349,0.0,0.0,0.141568077
0.0,1.98235058163,2.83192940233,0.0,0.707982350582,0.0,0.424789410349,0.991175290814,0.0,0.424789410349,0.0,0.283192940233,0.0,0.141596470116,0.0,0.566385880465,0.0,0.0,0.0,0.0,0.141596470116,0.0,0.0,0.141596470116,0.0,0.0,0.141596470116,0.0,0.0,0.991175290814,0.141596470116,0.0,0.849578820698,1.84075411151,0.0,0.141596470116,0.141568077
0.0,0.0,0.0,5.80545527477,0.0,0.0,0.141596470116,0.141596470116,0.0,1.98235058163,0.0,0.0,0.424789410349,0.0,0.283192940233,0.0,0.0,0.283192940233,0.0,0.0,0.0,0.141596470116,0.424789410349,0.0,0.141596470116,0.0,0.707982350582,0.0,0.0,0.0,0.0,0.0,0.0,0.141596470116,0.566385880465,0.0,0.424704231001
0.0,2.83192940233,1.6991576414,0.0,8.35419173686,1.13277176093,0.283192940233,0.283192940233,0.0,0.0,0.141596470116,0.0,0.0,0.0,0.0,5.66385880465,0.0,0.0,0.0,0.0,0.0,0.0,0.0,0.424789410349,0.141596470116,0.566385880465,0.0,0.0,0.283192940233,0.141596470116,1.27436823105,0.141596470116,0.141596470116,0.566385880465,0.0,0.0,0.0
0.0,0.141596470116,0.141596470116,0.0,0.707982350582,0.424789410349,0.0,0.141596470116,0.0,0.0,0.0,0.0,0.0,0.0,0.0,0.424789410349,0.0,0.0,0.0,0.0,0.0,0.0,0.0,0.141596470116,0.0,0.0,0.0,0.0,0.0,0.0,0.283192940233,0.0,0.0,0.0,0.0,0.0,0.0
0.0,0.141596470116,0.424789410349,0.0,0.0,0.0,0.0,0.141596470116,0.0,0.141596470116,0.0,0.0,0.0,0.0,0.0,0.0,0.0,0.0,0.0,0.0,0.0,0.0,0.0,0.0,0.141596470116,0.0,0.0,0.0,0.0,0.141596470116,0.141596470116,0.0,0.141596470116,0.0,0.0,0.0,0.0
0.0,0.707982350582,0.849578820698,0.141596470116,0.141596470116,0.0,0.141596470116,4.10629763337,0.0,0.141596470116,0.141596470116,0.424789410349,0.141596470116,0.424789410349,0.424789410349,0.424789410349,0.0,0.0,0.283192940233,0.0,0.0,0.141596470116,0.0,0.0,0.283192940233,0.0,0.0,0.141596470116,0.0,0.707982350582,0.0,0.0,2.40713999198,1.27436823105,0.0,0.283192940233,0.0
0.141596470116,0.0,0.0,0.0,0.0,0.0,0.0,0.0,1.84075411151,0.0,0.0,0.0,0.141596470116,0.0,0.0,0.0,0.0,0.424789410349,0.0,0.0,0.0,0.0,0.0,0.0,0.0,0.0,0.0,0.0,0.0,0.0,0.0,0.141596470116,0.0,0.0,0.141596470116,0.141596470116,0.0
0.0,0.0,0.283192940233,1.55756117128,0.141596470116,0.0,0.0,0.283192940233,0.0,3.53991175291,0.566385880465,0.0,0.0,0.283192940233,0.424789410349,0.141596470116,0.0,0.0,0.0,0.0,0.0,0.141596470116,0.141596470116,0.141596470116,0.849578820698,0.0,1.55756117128,0.0,0.0,0.141596470116,0.0,0.0,0.0,0.283192940233,0.283192940233,0.283192940233,0.0
0.0,0.0,0.0,0.141596470116,0.0,0.0,0.0,0.283192940233,0.0,0.141596470116,0.283192940233,0.0,0.0,0.0,0.0,0.141596470116,0.0,0.141596470116,0.0,0.0,0.0,0.0,0.0,0.0,0.141596470116,0.0,0.141596470116,0.141596470116,0.0,0.0,0.0,0.0,0.0,0.0,0.0,0.141596470116,0.0
0.0,0.0,0.283192940233,0.0,0.0,0.0,0.0,0.566385880465,0.0,0.0,0.0,0.849578820698,0.0,0.141596470116,0.0,0.0,0.0,0.0,0.141596470116,0.0,0.0,0.0,0.0,0.0,0.0,0.0,0.0,0.141596470116,0.0,0.424789410349,0.0,0.0,0.0,0.566385880465,0.0,0.141596470116,0.0
0.0,0.0,0.141596470116,0.0,0.0,0.0,0.0,0.0,0.141596470116,0.0,0.0,0.0,3.82310469314,0.0,0.0,0.0,0.0,0.566385880465,0.0,0.0,0.141596470116,0.0,0.0,0.0,0.0,0.0,0.0,0.0,0.0,0.0,0.0,0.0,0.0,0.0,2.69033293221,0.0,1.132544616
0.283192940233,0.141596470116,0.424789410349,0.566385880465,0.0,0.0,0.0,1.41596470116,0.0,0.141596470116,0.141596470116,0.141596470116,0.0,0.849578820698,0.0,0.0,0.0,0.0,0.0,0.0,0.0,0.0,0.0,0.0,0.283192940233,0.0,0.283192940233,0.0,0.0,0.141596470116,0.0,0.0,0.141596470116,0.0,0.0,0.0,0.141568077
0.141596470116,0.0,0.141596470116,0.283192940233,0.141596470116,0.0,0.0,0.0,0.424789410349,0.0,0.0,0.0,0.0,0.283192940233,0.566385880465,0.0,0.0,0.566385880465,0.0,0.0,0.141596470116,0.283192940233,0.141596470116,0.0,0.283192940233,0.0,0.424789410349,0.0,0.0,0.0,0.0,0.0,0.141596470116,0.424789410349,0.141596470116,0.141596470116,0.283136154
0.141596470116,2.12394705174,0.424789410349,0.0,5.09747292419,0.283192940233,0.0,0.0,0.0,0.424789410349,0.0,0.0,0.0,0.0,0.0,7.50461291617,0.0,0.0,0.0,0.0,0.0,0.0,0.0,0.0,0.141596470116,0.141596470116,0.141596470116,0.0,0.141596470116,0.424789410349,0.141596470116,0.141596470116,0.283192940233,0.707982350582,0.0,0.283192940233,0.0
0.0,0.0,0.0,0.141596470116,0.141596470116,0.0,0.0,0.0,0.0,0.0,0.0,0.0,0.0,0.0,0.0,0.141596470116,3.96470116326,0.0,0.0,0.0,0.0,0.0,0.0,0.0,0.0,0.0,0.0,0.0,0.0,0.0,0.0,0.283192940233,0.0,0.0,0.0,0.0,0.0
0.0,0.0,0.0,0.0,0.141596470116,0.0,0.0,0.0,0.141596470116,0.0,0.0,0.0,0.566385880465,0.0,0.141596470116,0.0,0.0,0.566385880465,0.0,0.0,0.141596470116,0.0,0.0,0.0,0.0,0.0,0.0,0.0,0.0,0.0,0.0,0.0,0.0,0.0,0.283192940233,0.0,0.566272308001
0.0,0.0,0.0,0.141596470116,0.0,0.0,0.0,0.141596470116,0.0,0.0,0.0,0.141596470116,0.0,0.141596470116,0.0,0.0,0.0,0.0,0.0,0.0,0.0,0.0,0.0,0.0,0.0,0.0,0.0,0.0,0.0,0.424789410349,0.0,0.0,0.141596470116,0.424789410349,0.0,0.0,0.0
0.0,0.0,0.0,0.0,0.0,0.0,0.0,0.0,0.0,0.0,0.0,0.0,0.0,0.0,0.0,0.0,0.0,0.0,0.0,0.0,0.0,0.0,0.0,0.0,0.0,0.0,0.0,0.0,0.0,0.0,0.0,0.0,0.0,0.0,0.0,0.0,0.0
0.0,0.0,0.0,0.0,0.141596470116,0.0,0.0,0.0,0.0,0.0,0.0,0.0,0.0,0.0,0.0,0.0,0.0,0.0,0.0,0.0,0.849578820698,0.0,0.0,0.283192940233,0.0,0.0,0.0,0.0,0.0,0.0,0.0,0.141596470116,0.0,0.0,0.0,0.707982350582,0.0
0.0,0.0,0.141596470116,0.424789410349,0.0,0.0,0.0,0.0,0.0,0.283192940233,0.0,0.0,0.141596470116,0.0,0.0,0.0,0.0,0.0,0.0,0.0,0.0,0.566385880465,0.283192940233,0.0,0.141596470116,0.0,0.283192940233,0.0,0.0,0.0,0.0,0.0,0.0,0.0,0.141596470116,0.0,0.283136154
0.0,0.0,0.0,0.566385880465,0.0,0.0,0.0,0.0,0.0,0.707982350582,0.0,0.0,0.0,0.0,0.0,0.0,0.0,0.0,0.0,0.0,0.0,0.0,0.566385880465,0.0,0.0,0.0,0.0,0.0,0.0,0.141596470116,0.141596470116,0.0,0.141596470116,0.0,0.0,0.0,0.141568077
0.0,0.0,0.0,0.0,0.141596470116,0.0,0.0,0.0,0.0,0.0,0.0,0.0,0.0,0.0,0.0,0.0,0.0,0.0,0.0,0.0,0.424789410349,0.0,0.0,0.566385880465,0.0,0.0,0.0,0.0,0.0,0.0,0.424789410349,0.283192940233,0.0,0.0,0.0,0.141596470116,0.0
0.283192940233,0.0,0.141596470116,0.849578820698,0.283192940233,0.0,0.0,0.141596470116,0.0,0.991175290814,0.141596470116,0.0,0.0,0.849578820698,0.0,0.141596470116,0.0,0.0,0.0,0.0,0.0,0.0,0.424789410349,0.0,1.13277176093,0.0,0.0,0.0,0.0,0.0,0.0,0.0,0.283192940233,0.141596470116,0.424789410349,0.0,0.0
0.0,0.141596470116,0.0,0.0,0.424789410349,0.0,0.0,0.0,0.0,0.0,0.0,0.0,0.0,0.0,0.0,0.707982350582,0.0,0.0,0.0,0.0,0.0,0.0,0.0,0.0,0.0,0.283192940233,0.0,0.0,0.141596470116,0.0,0.141596470116,0.0,0.0,0.0,0.0,0.0,0.0
0.0,0.0,0.141596470116,0.849578820698,0.0,0.0,0.0,0.0,0.0,0.849578820698,0.0,0.0,0.0,0.0,0.283192940233,0.0,0.0,0.0,0.0,0.0,0.0,0.0,0.0,0.0,0.424789410349,0.0,2.26554352186,0.0,0.0,0.141596470116,0.0,0.0,0.283192940233,0.283192940233,0.0,0.141596470116,0.141568077
0.0,0.0,0.0,0.0,0.0,0.0,0.0,0.141596470116,0.0,0.141596470116,0.0,0.0,0.0,0.141596470116,0.0,0.141596470116,0.0,0.0,0.0,0.0,0.141596470116,0.0,0.0,0.0,0.0,0.0,0.0,0.283192940233,0.0,0.0,0.0,0.0,0.424789410349,0.0,0.0,0.283192940233,0.0
0.0,0.0,0.141596470116,0.0,0.0,0.0,0.0,0.141596470116,0.0,0.0,0.0,0.0,0.0,0.0,0.0,0.0,0.0,0.0,0.0,0.0,0.0,0.0,0.0,0.0,0.0,0.141596470116,0.0,0.0,0.141596470116,0.0,0.0,0.0,0.0,0.0,0.0,0.0,0.0
0.141596470116,0.424789410349,0.566385880465,0.283192940233,0.0,0.0,0.0,0.424789410349,0.0,0.141596470116,0.0,0.424789410349,0.0,0.424789410349,0.141596470116,0.0,0.0,0.0,0.0,0.0,0.0,0.0,0.141596470116,0.0,0.0,0.0,0.0,0.0,0.0,0.566385880465,0.141596470116,0.0,0.707982350582,1.27436823105,0.0,0.0,0.0
0.0,0.283192940233,0.141596470116,0.0,0.849578820698,0.849578820698,0.141596470116,0.0,0.0,0.0,0.0,0.0,0.0,0.0,0.0,0.707982350582,0.0,0.0,0.0,0.0,0.141596470116,0.0,0.0,0.566385880465,0.0,0.0,0.0,0.0,0.0,0.141596470116,1.41596470116,0.0,0.424789410349,0.141596470116,0.0,0.0,0.0
0.0,0.0,0.0,0.0,0.0,0.0,0.0,0.141596470116,0.0,0.0,0.0,0.0,0.0,0.0,0.0,0.141596470116,0.424789410349,0.0,0.0,0.0,0.141596470116,0.0,0.141596470116,0.0,0.0,0.0,0.0,0.0,0.0,0.0,0.141596470116,2.54873646209,0.0,0.0,0.0,0.0,0.0
0.283192940233,0.991175290814,0.566385880465,0.424789410349,0.424789410349,0.283192940233,0.141596470116,0.849578820698,0.0,0.0,0.0,0.141596470116,0.0,0.141596470116,0.0,0.0,0.0,0.0,0.0,0.0,0.141596470116,0.141596470116,0.0,0.0,0.141596470116,0.0,0.0,0.566385880465,0.0,0.991175290814,0.0,0.0,3.39831528279,2.12394705174,0.0,0.141596470116,0.0
0.0,0.707982350582,1.41596470116,0.0,1.55756117128,0.141596470116,0.0,1.6991576414,0.0,0.283192940233,0.283192940233,1.13277176093,0.0,0.283192940233,0.566385880465,1.13277176093,0.0,0.0,0.566385880465,0.0,0.141596470116,0.0,0.0,0.0,0.0,0.0,0.141596470116,0.0,0.0,1.6991576414,0.283192940233,0.0,1.84075411151,8.49578820698,0.141596470116,0.707982350582,0.283136154
0.0,0.0,0.0,0.991175290814,0.0,0.0,0.0,0.0,0.283192940233,0.0,0.0,0.0,2.54873646209,0.0,0.0,0.0,0.0,0.283192940233,0.0,0.0,0.0,0.0,0.0,0.0,0.0,0.0,0.0,0.0,0.0,0.0,0.0,0.0,0.0,0.0,7.36301644605,0.0,2.548225386
0.0,0.283192940233,0.0,0.283192940233,0.0,0.141596470116,0.141596470116,0.0,0.141596470116,0.141596470116,0.0,0.141596470116,0.0,0.141596470116,0.283192940233,0.0,0.0,0.0,0.0,0.0,0.566385880465,0.141596470116,0.0,0.0,0.0,0.0,0.566385880465,0.566385880465,0.0,0.141596470116,0.0,0.141596470116,0.0,0.566385880465,0.141596470116,16.7083834737,0.283136154
0.0,0.0,0.0,0.566385880465,0.141596470116,0.0,0.0,0.0,0.0,0.283192940233,0.0,0.0,0.566385880465,0.0,0.0,0.0,0.0,0.566385880465,0.0,0.0,0.0,0.141596470116,0.141596470116,0.0,0.0,0.0,0.0,0.0,0.0,0.0,0.0,0.0,0.141596470116,0.0,1.84075411151,0.141596470116,3.256065771
