673,193.53165335,3.4647317719
419,241.469981807,1.7321731823
441,313.801131289,1.40406102796
373,408.426390089,0.9134731152
499,442.296827587,1.12791242546
436,447.164753004,0.975087837834
533,544.915245478,0.978173818049
496,532.405165865,0.931749506389
556,428.775797138,1.29602458703
499,592.83107275,0.84199029479
427,597.728334956,0.714848412897
536,532.362624062,1.00681970534
525,527.888515137,0.99453851794
511,520.370689655,0.982026819226
393,501.857449344,0.783522249722
506,508.555053508,0.99498571648
573,482.505932606,1.18716226894
477,485.614639905,0.982296792577
367,462.311309664,0.79428235902
412,420.159325211,0.980626511815
550,410.158656089,1.34011528601
505,465.841565704,1.08387949397
384,493.345437617,0.778807632687
505,442.008831048,1.14218942047
509,560.208130081,0.908753762933
523,552.992334495,0.945861463008
354,375.570332481,0.942718980705
504,507.263133426,0.993579834516
548,545.874592075,1.00388646311
536,519.185600748,1.032323846
262,521.559981256,0.503291506112
499,493.387361992,1.01135271336
540,378.565227648,1.42531496721
436,484.296225967,0.90048093642
297,500.342789034,0.594403682506
490,485.057553957,1.01016843788
530,493.961371318,1.07281099247
510,467.281813749,1.0912232442
386,411.963977301,0.937127743029
519,531.879181228,0.975830954404
566,491.538881862,1.15117815239
493,486.391705069,1.01355848871
406,528.814651825,0.768193175855
509,554.963348064,0.917326657911
539,576.606762779,0.93489210099
524,617.101822986,0.84937461835
364,579.169911504,0.629126041807
566,581.411764706,0.973538026462
580,650.197227613,0.89220281562
568,616.03025641,0.922158993159
362,617.283457083,0.587109352258
630,760.513924051,0.828612557264
676,800.558122744,0.844605002171
640,746.927536232,0.857034898367
