0.957751937984,-0.348273431994,0.0,0.0,0.0,0.0,0.0,0.0,0.0,0.174136715997,0.0,0.0,0.0,0.174136715997,0.0,0.0,0.0,0.261205073996,0.0,0.0,0.0,0.0,0.261205073996,0.0,-0.0870683579986,0.0,0.174136715997,0.0,0.0,0.174136715997,0.0,0.0,0.174136715997,0.0,0.0870683579986,0.0870683579986,0.174136715997
0.0,10.0999295278,3.74393939394,0.348273431994,6.79133192389,0.870683579986,0.261205073996,1.13188865398,0.0,0.174136715997,0.0870683579986,0.522410147992,0.0,-0.261205073996,0.261205073996,4.96289640592,0.0,0.174136715997,0.0,0.0,0.174136715997,0.0,0.0,0.261205073996,0.0870683579986,0.0,0.0,-0.0870683579986,-0.174136715997,0.348273431994,0.957751937984,0.348273431994,1.13188865398,3.22152924595,0.0870683579986,0.60947850599,0.0870683579986
0.0,3.91807610994,4.17928118393,0.261205073996,1.30602536998,0.522410147992,0.174136715997,1.21895701198,0.0,0.174136715997,0.174136715997,0.696546863989,0.0,0.261205073996,0.174136715997,1.30602536998,0.0,0.0,0.0,0.0,0.0870683579986,0.0870683579986,0.0870683579986,0.0870683579986,0.0870683579986,0.261205073996,0.261205073996,0.0870683579986,0.0870683579986,0.783615221987,0.261205073996,0.435341789993,2.61205073996,3.91807610994,0.0,0.522410147992,0.174136715997
0.261205073996,0.0870683579986,0.0870683579986,9.92579281184,0.0,0.0,0.0,0.435341789993,0.0,4.26634954193,0.174136715997,0.0,0.348273431994,0.0,1.21895701198,0.261205073996,0.0,0.261205073996,0.174136715997,0.0,0.0,0.60947850599,0.60947850599,0.0,0.696546863989,0.0,1.56723044397,0.0,0.0,0.348273431994,0.174136715997,0.0,0.348273431994,0.348273431994,2.00257223397,0.435341789993,0.522410147992
0.0,4.00514446794,1.13188865398,0.261205073996,19.5903805497,1.13188865398,0.174136715997,0.696546863989,0.0,0.348273431994,0.0870683579986,0.0,0.0,0.0,0.0870683579986,11.6671599718,0.0,0.0,0.0870683579986,0.0870683579986,0.0870683579986,0.174136715997,0.0870683579986,0.261205073996,0.0,0.957751937984,0.261205073996,-0.174136715997,0.261205073996,0.348273431994,3.13446088795,0.60947850599,0.60947850599,0.957751937984,0.0,0.522410147992,0.0
0.0,1.04482029598,0.0,0.0,0.696546863989,0.696546863989,0.0870683579986,0.0870683579986,0.0,0.0,0.0,0.0,0.0,0.0,0.174136715997,0.60947850599,0.0,0.0,0.0870683579986,0.0,0.0,0.0,0.0,0.0870683579986,0.0,0.0,0.0,0.0,0.0,0.0,0.348273431994,0.0870683579986,0.261205073996,0.0870683579986,0.0,0.0870683579986,0.0
0.0,0.348273431994,0.0870683579986,0.0,0.174136715997,0.0,0.522410147992,0.174136715997,0.0,0.0,0.0,0.0,0.0,0.0,0.0,0.174136715997,0.0,0.0,0.0,0.0,0.0,0.0,0.0,0.0,0.0,0.0,0.0,0.0870683579986,0.0870683579986,0.0,0.0,0.0870683579986,0.435341789993,0.348273431994,0.0,0.0,0.0
-0.0870683579986,0.261205073996,1.39309372798,0.783615221987,0.60947850599,0.0870683579986,0.0870683579986,7.05253699789,0.0,0.348273431994,0.0870683579986,1.13188865398,0.0,1.21895701198,0.435341789993,0.522410147992,0.0,0.0,0.348273431994,0.0,0.0870683579986,0.0,0.0,0.0,0.348273431994,0.0870683579986,0.348273431994,0.174136715997,0.0,1.91550387597,0.261205073996,0.174136715997,2.08964059197,3.91807610994,0.0870683579986,0.174136715997,0.174136715997
0.0,0.0,0.0,0.0870683579986,0.0,0.0,0.0,0.0,2.87325581395,0.0870683579986,0.0,0.0,0.174136715997,0.0,0.348273431994,0.0,0.0,0.435341789993,0.0,0.0,0.0,0.0,0.0,0.0,0.0,0.0,0.0,0.0,0.0,0.0870683579986,0.0,0.0,0.0,0.0870683579986,0.0,0.261205073996,0.0870683579986
0.174136715997,0.348273431994,0.174136715997,2.35084566596,0.174136715997,0.0,0.0,0.435341789993,-0.174136715997,4.87582804792,0.435341789993,0.0,0.0,0.0,0.261205073996,0.174136715997,0.174136715997,0.0870683579986,0.0,0.0,0.0,0.522410147992,0.696546863989,0.0,0.60947850599,0.0,2.87325581395,0.0,0.0,0.174136715997,0.0870683579986,0.0870683579986,0.174136715997,0.870683579986,0.435341789993,0.174136715997,0.60947850599
0.0,0.174136715997,0.0,0.174136715997,0.0870683579986,0.0,0.0,0.0870683579986,0.0,0.348273431994,0.60947850599,0.0,0.0,0.348273431994,0.0,0.0,0.0,0.0870683579986,0.0,0.0,0.0,0.0,0.0,0.0,0.0870683579986,0.0,-0.174136715997,0.0,0.0,0.0870683579986,0.0,0.0,-0.0870683579986,0.261205073996,0.0,0.0,0.0
0.0,0.522410147992,0.174136715997,0.0870683579986,0.0,0.0,0.0,0.60947850599,0.0,0.0870683579986,0.0870683579986,1.04482029598,0.0,0.261205073996,0.174136715997,0.348273431994,0.0,0.0,0.522410147992,0.0,0.0,0.0870683579986,0.0,0.0,0.0,0.0,0.0,0.0,0.0870683579986,1.04482029598,0.0,0.0870683579986,0.174136715997,2.87325581395,0.0,0.174136715997,0.0
0.0870683579986,0.0,0.0,0.0870683579986,0.0,0.0,0.0,0.0,0.0870683579986,0.0870683579986,0.0,0.0,7.74908386187,0.0,0.435341789993,0.0,0.0,1.30602536998,0.0,0.0,0.0,0.0,0.0870683579986,0.0,0.0,0.0,0.0,0.0,0.0,0.0,0.0,0.0,0.0,-0.174136715997,3.48273431994,0.174136715997,2.08964059197
0.0870683579986,-0.0870683579986,0.435341789993,0.174136715997,0.0870683579986,0.0,0.0,1.48016208598,0.0,0.261205073996,0.261205073996,0.348273431994,0.0,2.52498238196,0.174136715997,0.0,0.0870683579986,0.0,0.435341789993,0.0,0.0,0.174136715997,0.0870683579986,0.0,0.696546863989,0.0,0.174136715997,0.0870683579986,0.0870683579986,0.870683579986,0.0,0.0,0.0,0.957751937984,0.174136715997,0.435341789993,0.0
0.0,0.261205073996,0.174136715997,0.0870683579986,0.435341789993,0.0,0.0,0.522410147992,0.522410147992,0.60947850599,0.174136715997,0.0,0.261205073996,0.174136715997,1.13188865398,0.174136715997,0.0,0.522410147992,0.0,0.0,0.261205073996,0.261205073996,0.0870683579986,0.0870683579986,0.0,0.0870683579986,0.60947850599,0.0,0.0,0.0870683579986,0.0,0.261205073996,0.0,0.783615221987,0.0870683579986,0.783615221987,0.522410147992
0.0,2.69911909796,1.39309372798,0.0,11.6671599718,0.174136715997,0.0870683579986,-0.0870683579986,0.0870683579986,0.0870683579986,0.0,0.435341789993,0.0870683579986,0.435341789993,0.348273431994,14.4533474278,0.0,-0.174136715997,0.174136715997,0.0,0.0870683579986,0.0,0.0,0.174136715997,0.261205073996,1.21895701198,0.174136715997,0.0,0.261205073996,0.174136715997,0.696546863989,0.60947850599,0.696546863989,2.43791402396,-0.348273431994,0.435341789993,0.0
0.0,0.261205073996,0.0,0.0870683579986,0.0,0.0,0.0,0.174136715997,0.0,0.0,0.0,0.0,0.0,0.0,0.174136715997,0.0,6.96546863989,0.0,0.0,0.0,0.0,0.0,0.0,0.0,0.0,0.0,0.0,0.0,0.0870683579986,0.0870683579986,0.0,1.30602536998,0.0,0.0,0.0,0.0,0.0
0.0,0.0,0.0,0.174136715997,0.0870683579986,0.0,0.0,0.0870683579986,0.60947850599,0.0,0.0,0.0,1.30602536998,0.0,0.0870683579986,0.0,0.0,0.783615221987,0.0,0.0,0.0,0.0,0.0,0.0,0.0870683579986,0.0,0.0,0.0,0.0,0.0,0.0,0.0,0.0,0.0870683579986,1.04482029598,0.261205073996,0.522410147992
0.0,0.0,0.0870683579986,0.0870683579986,0.174136715997,0.0,0.0870683579986,0.0870683579986,0.0,-0.174136715997,0.0,0.261205073996,0.0,0.0870683579986,0.0870683579986,0.0870683579986,0.0,0.0,0.435341789993,0.0,0.0,0.0,0.0870683579986,0.0,0.0870683579986,0.0,0.0,0.0,0.0,0.261205073996,0.0,0.0,0.0,0.957751937984,0.0,0.0,0.0
0.0,0.0,0.0,0.0,0.0,0.0,0.0,0.0,0.0,0.0,0.0,0.0,0.0,0.0,0.0,0.0,0.0,0.0,0.0,0.0,0.0,0.0,0.0,0.0,0.0,0.0,0.0,0.0,0.0870683579986,0.0,0.0,0.0,0.0,0.0,0.0,0.0,0.0
0.0,0.0870683579986,0.0,0.0,0.0,-0.174136715997,0.0,0.0,0.0870683579986,0.0,0.0,0.0,0.0,0.0,0.0,0.0,0.0,0.0,0.0,0.0,1.30602536998,0.0,0.0,0.522410147992,0.0,0.0,0.0,0.0,0.0,0.0,0.0,0.174136715997,0.0870683579986,0.0,0.0,0.870683579986,0.0
-0.0870683579986,-0.0870683579986,0.174136715997,0.348273431994,0.174136715997,0.0,0.0,0.174136715997,0.174136715997,0.0,0.0,0.0,0.0,0.348273431994,0.174136715997,0.0870683579986,0.0,0.0870683579986,0.0,0.0,0.0,1.21895701198,0.348273431994,0.0,0.0870683579986,0.0,0.261205073996,0.0,0.0,0.0870683579986,0.0,0.0,0.0,0.348273431994,0.174136715997,0.435341789993,0.0870683579986
0.0,0.261205073996,0.0,0.522410147992,0.0,0.0,0.0,0.174136715997,0.0,0.348273431994,0.0,0.0,0.0,0.174136715997,0.174136715997,0.0,0.0,0.0870683579986,0.0,0.0,0.0,0.174136715997,0.174136715997,0.0,0.60947850599,0.0,0.261205073996,0.0870683579986,0.0,0.174136715997,-0.0870683579986,0.0870683579986,0.0870683579986,0.174136715997,0.0870683579986,0.174136715997,0.0870683579986
0.0,0.261205073996,0.0870683579986,0.0,0.261205073996,0.174136715997,0.0,0.0,0.0,0.0,0.0,0.0,0.0,0.0,0.0,0.435341789993,0.0,0.0,0.0,0.0,0.522410147992,0.0,0.0,1.21895701198,0.0,0.0,0.0,0.0,0.0,0.0,0.60947850599,0.261205073996,0.0,0.0,0.0,0.174136715997,0.0
0.0870683579986,0.0,0.0,0.783615221987,0.0870683579986,0.0,0.0,0.522410147992,0.0,0.60947850599,0.435341789993,0.0870683579986,0.0870683579986,0.60947850599,0.174136715997,0.261205073996,0.0870683579986,0.0,0.0,0.0,0.0,-0.174136715997,-0.0870683579986,0.0,1.74136715997,0.0,0.435341789993,0.0870683579986,0.0,0.0870683579986,0.0,0.0,0.522410147992,0.348273431994,0.0870683579986,0.435341789993,0.0
0.0,0.0870683579986,0.0,0.0,1.21895701198,0.0,0.0,0.0,0.0,0.0,0.0,0.0,0.0,0.0,0.0870683579986,1.30602536998,0.0,0.0,0.0,0.0,0.0,0.0,0.0,0.0,0.0,0.348273431994,0.0,0.0,0.0870683579986,0.0,0.0870683579986,0.0870683579986,0.0,0.0870683579986,0.0,0.0870683579986,0.0
0.174136715997,0.261205073996,0.174136715997,1.39309372798,0.261205073996,0.0,0.0,0.348273431994,0.174136715997,1.48016208598,0.348273431994,0.0,0.0870683579986,0.261205073996,0.522410147992,0.348273431994,0.0,0.0870683579986,0.0,0.0,0.0,0.0870683579986,0.0,0.0,0.0,0.0,3.22152924595,0.0,0.0,0.174136715997,0.0,0.0,0.0870683579986,0.174136715997,0.696546863989,0.0,0.174136715997
0.0,0.174136715997,0.174136715997,0.0,0.0870683579986,0.0,-0.174136715997,0.0,0.0,0.0,0.0,0.0,0.0,0.0,0.0,0.261205073996,0.0,0.0,0.0,0.0,0.261205073996,0.0,0.0,0.0,0.0870683579986,0.0,0.0870683579986,0.870683579986,0.0,0.0870683579986,0.0,0.0,0.348273431994,0.174136715997,0.0,1.21895701198,0.0
0.0,0.348273431994,0.0,0.0,0.0,0.0,0.0,0.0,0.0,0.0,0.0,0.0,0.0,0.0,0.0,0.348273431994,0.0870683579986,0.0,0.0,0.0,0.0,0.0,0.0,0.0,0.0,0.174136715997,0.0,0.0,0.348273431994,0.0,0.0870683579986,0.0,0.0870683579986,0.0870683579986,0.0,0.0,0.0
0.0870683579986,1.04482029598,0.435341789993,0.348273431994,0.261205073996,0.0,0.0,1.91550387597,0.0870683579986,0.261205073996,0.261205073996,0.261205073996,0.0,0.435341789993,0.261205073996,0.174136715997,0.0,0.0,0.0,0.0,0.0,0.0870683579986,0.0870683579986,0.0870683579986,0.261205073996,-0.0870683579986,0.174136715997,0.0,0.0870683579986,1.56723044397,0.0870683579986,0.0,1.21895701198,3.04739252995,0.0,0.0870683579986,0.0870683579986
0.0,1.04482029598,0.261205073996,0.0,2.61205073996,0.60947850599,0.0,0.174136715997,0.0,0.0,0.0,0.0870683579986,0.0,0.0,0.174136715997,0.957751937984,0.0,0.0,0.0,0.0,0.261205073996,0.0870683579986,0.0,0.783615221987,0.0,0.0870683579986,0.0,0.0,0.0,0.0870683579986,2.17670894996,0.783615221987,0.348273431994,0.0870683579986,0.0,0.0,0.0
0.0,0.0870683579986,0.174136715997,0.0,0.348273431994,0.0,0.0,-0.174136715997,0.0,0.0870683579986,0.0,0.0,0.0,-0.174136715997,0.0,0.435341789993,0.60947850599,0.0870683579986,0.0,0.0,0.60947850599,0.0,0.0,0.522410147992,0.0,0.0,0.0,0.0,0.0,0.0,0.435341789993,4.44048625793,0.174136715997,0.0870683579986,0.0,0.174136715997,0.0
0.435341789993,2.00257223397,2.00257223397,0.348273431994,0.783615221987,0.0870683579986,0.522410147992,3.91807610994,0.0870683579986,0.60947850599,0.0870683579986,0.348273431994,0.0870683579986,0.696546863989,0.0,0.348273431994,0.0,0.0,0.174136715997,0.0,0.0,0.348273431994,0.0870683579986,0.174136715997,0.348273431994,0.0,0.174136715997,0.0870683579986,0.174136715997,0.870683579986,0.174136715997,0.0870683579986,6.61719520789,2.17670894996,0.261205073996,0.696546863989,0.174136715997
0.0,1.74136715997,3.56980267794,0.522410147992,1.82843551797,0.0,0.348273431994,2.61205073996,0.261205073996,0.522410147992,0.348273431994,2.43791402396,0.0,0.696546863989,0.696546863989,1.91550387597,0.0870683579986,0.0,0.60947850599,0.0,0.0,0.0870683579986,0.0,0.0,0.435341789993,0.0870683579986,0.435341789993,0.0870683579986,0.0870683579986,1.82843551797,0.0870683579986,0.261205073996,2.35084566596,17.5007399577,0.174136715997,0.174136715997,0.0870683579986
0.0870683579986,0.0,0.0,1.21895701198,0.0,0.0,0.0,0.0,0.435341789993,0.174136715997,0.0,0.0,3.91807610994,0.0,0.435341789993,0.0,0.0,1.74136715997,0.0,0.0,0.0,0.0,0.0,0.0,-0.174136715997,0.0,0.435341789993,0.0,0.0,0.0870683579986,0.0,0.0,0.0,0.261205073996,18.4584918957,0.174136715997,6.1818534179
0.0870683579986,1.13188865398,0.870683579986,0.60947850599,0.783615221987,0.261205073996,0.0870683579986,0.522410147992,0.435341789993,0.435341789993,0.0870683579986,0.0870683579986,0.0870683579986,0.348273431994,0.522410147992,0.435341789993,0.174136715997,0.435341789993,0.0,0.0,1.30602536998,0.0870683579986,0.0870683579986,0.0,0.0,-0.0870683579986,0.261205073996,0.783615221987,0.0,0.348273431994,0.261205073996,0.174136715997,0.348273431994,0.60947850599,0.0,32.4764975335,0.174136715997
0.0,0.0870683579986,0.0,0.60947850599,0.0,0.0,0.0,0.174136715997,0.435341789993,0.174136715997,0.0,0.0,0.957751937984,-0.174136715997,0.435341789993,0.0,0.0,0.60947850599,0.0,0.0,0.0,0.0,0.0,0.0,0.0870683579986,0.0,0.174136715997,0.0,0.0,0.0870683579986,0.0,0.0870683579986,0.0,0.261205073996,3.48273431994,0.435341789993,8.01028893587
