0.230647168637,0.0,0.115323584319,0.345970752956,0.0,0.0,0.0,0.115323584319,0.115323584319,0.115323584319,0.0,0.0,0.0,0.0,0.0,0.0,0.0,0.0,0.0,0.0,0.0,0.0,0.0,0.0,0.0,0.0,0.0,0.0,0.0,0.0,0.0,0.0,0.0,0.115323584319,0.115323584319,0.115323584319,0.0
0.0,8.30329807094,2.65244243933,0.115323584319,4.26697261979,0.691941505912,0.230647168637,1.03791225887,0.115323584319,0.115323584319,0.115323584319,0.230647168637,0.0,0.230647168637,0.0,3.92100186683,0.115323584319,0.0,0.230647168637,0.0,0.230647168637,0.0,0.115323584319,0.345970752956,0.0,0.230647168637,0.115323584319,0.0,0.345970752956,0.345970752956,0.576617921593,0.80726509023,0.230647168637,1.49920659614,0.0,0.230647168637,0.115323584319
0.0,1.15323584319,4.26697261979,0.0,1.15323584319,0.0,0.115323584319,0.230647168637,0.0,0.0,0.0,0.345970752956,0.0,0.230647168637,0.0,1.49920659614,0.0,0.0,0.230647168637,0.0,0.0,0.0,0.0,0.115323584319,0.115323584319,0.115323584319,0.0,0.345970752956,0.115323584319,0.0,0.461294337274,0.115323584319,0.230647168637,1.38388301182,0.115323584319,0.345970752956,0.115323584319
0.230647168637,0.230647168637,0.345970752956,4.49761978843,0.0,0.0,0.0,0.115323584319,0.115323584319,1.61453018046,0.345970752956,0.115323584319,0.230647168637,0.115323584319,0.115323584319,0.0,0.0,0.115323584319,0.0,0.0,0.0,0.345970752956,0.115323584319,0.0,0.115323584319,0.0,0.922588674549,0.115323584319,0.0,0.0,0.0,0.115323584319,0.0,0.230647168637,0.80726509023,0.230647168637,0.576617921593
0.0,2.88308960797,1.61453018046,0.0,14.8767423771,0.691941505912,0.230647168637,0.230647168637,0.0,0.0,0.0,0.115323584319,0.0,0.115323584319,0.0,6.45812072184,0.0,0.0,0.115323584319,0.0,0.576617921593,0.0,0.0,0.576617921593,0.0,0.230647168637,0.0,0.115323584319,0.115323584319,0.0,2.07582451773,1.03791225887,0.0,1.38388301182,0.0,0.0,0.0
0.0,0.230647168637,0.115323584319,0.0,0.345970752956,0.576617921593,0.115323584319,0.0,0.0,0.0,0.0,0.0,0.0,0.115323584319,0.0,0.115323584319,0.0,0.0,0.0,0.0,0.115323584319,0.0,0.0,0.0,0.0,0.0,0.0,0.0,0.0,0.0,0.230647168637,0.0,0.0,0.115323584319,0.0,0.0,0.115323584319
0.0,0.0,0.115323584319,0.0,0.0,0.115323584319,0.691941505912,0.0,0.0,0.0,0.0,0.0,0.0,0.0,0.0,0.0,0.0,0.0,0.0,0.0,0.0,0.0,0.0,0.115323584319,0.0,0.0,0.0,0.0,0.0,0.0,0.0,0.0,0.576617921593,0.230647168637,0.0,0.230647168637,0.0
0.115323584319,0.115323584319,0.0,0.230647168637,0.115323584319,0.0,0.0,1.8451773491,0.0,0.115323584319,0.115323584319,0.230647168637,0.115323584319,0.691941505912,0.0,0.461294337274,0.0,0.0,0.115323584319,0.0,0.115323584319,0.0,0.115323584319,0.115323584319,0.345970752956,0.0,0.0,0.0,0.0,0.922588674549,0.0,0.0,0.461294337274,0.691941505912,0.0,0.461294337274,0.0
0.0,0.0,0.0,0.0,0.0,0.0,0.0,0.0,2.88308960797,0.0,0.0,0.0,0.230647168637,0.0,0.0,0.0,0.0,0.230647168637,0.0,0.0,0.0,0.0,0.0,0.0,0.0,0.0,0.0,0.0,0.0,0.0,0.0,0.0,0.0,0.0,0.230647168637,0.230647168637,0.0
0.115323584319,0.230647168637,0.0,2.53711885501,0.0,0.0,0.0,0.230647168637,0.115323584319,2.30647168637,0.230647168637,0.115323584319,0.230647168637,0.0,0.115323584319,0.0,0.0,0.0,0.0,0.0,0.0,0.0,0.115323584319,0.0,0.461294337274,0.0,1.2685594275,0.0,0.0,0.115323584319,0.115323584319,0.115323584319,0.0,0.230647168637,0.461294337274,0.0,0.0
0.0,0.0,0.115323584319,0.115323584319,0.115323584319,0.0,0.0,0.345970752956,0.0,0.0,0.115323584319,0.115323584319,0.0,0.115323584319,0.0,0.0,0.0,0.115323584319,0.0,0.0,0.0,0.0,0.0,0.0,0.345970752956,0.0,0.0,0.0,0.0,0.115323584319,0.0,0.0,0.0,0.115323584319,0.0,0.0,0.0
0.0,0.461294337274,0.576617921593,0.115323584319,0.115323584319,0.0,0.0,0.230647168637,0.0,0.115323584319,0.0,0.691941505912,0.115323584319,0.115323584319,0.0,0.230647168637,0.0,0.0,0.230647168637,0.0,0.0,0.0,0.0,0.0,0.115323584319,0.0,0.0,0.115323584319,0.0,0.576617921593,0.115323584319,0.115323584319,0.230647168637,1.38388301182,0.0,0.115323584319,0.0
0.0,0.0,0.0,0.576617921593,0.0,0.0,0.0,0.0,0.345970752956,0.115323584319,0.0,0.0,7.61135656503,0.0,0.0,0.0,0.0,1.2685594275,0.0,0.0,0.0,0.0,0.0,0.0,0.0,0.0,0.0,0.0,0.0,0.0,0.0,0.0,0.0,0.0,3.57503111388,0.0,2.88308960797
0.115323584319,0.115323584319,0.0,0.230647168637,0.115323584319,0.115323584319,0.0,0.230647168637,0.0,0.345970752956,0.115323584319,0.115323584319,0.115323584319,1.49920659614,0.0,0.0,0.0,0.0,0.0,0.0,0.0,0.115323584319,0.0,0.0,0.345970752956,0.0,0.115323584319,0.0,0.0,0.0,0.0,0.0,0.115323584319,0.0,0.0,0.0,0.0
0.0,0.115323584319,0.461294337274,0.461294337274,0.115323584319,0.0,0.0,0.461294337274,1.15323584319,0.115323584319,0.0,0.0,0.691941505912,0.0,1.15323584319,0.230647168637,0.0,0.691941505912,0.0,0.0,0.115323584319,0.345970752956,0.0,0.0,0.115323584319,0.115323584319,0.0,0.115323584319,0.0,0.115323584319,0.230647168637,0.230647168637,0.0,0.461294337274,0.461294337274,0.461294337274,0.576617921593
0.0,1.72985376478,1.03791225887,0.115323584319,5.99682638457,0.345970752956,0.0,0.345970752956,0.0,0.230647168637,0.0,0.115323584319,0.0,0.0,0.0,11.7630056005,0.115323584319,0.0,0.0,0.0,0.0,0.0,0.0,0.691941505912,0.230647168637,0.230647168637,0.230647168637,0.115323584319,0.230647168637,0.115323584319,1.72985376478,1.03791225887,0.345970752956,2.76776602365,0.115323584319,0.230647168637,0.0
0.0,0.0,0.0,0.0,0.0,0.0,0.0,0.0,0.0,0.0,0.0,0.0,0.0,0.0,0.0,0.0,3.1137367766,0.0,0.0,0.0,0.115323584319,0.0,0.0,0.0,0.0,0.0,0.0,0.0,0.0,0.0,0.0,0.230647168637,0.0,0.0,0.0,0.0,0.0
0.0,0.0,0.0,0.230647168637,0.0,0.0,0.0,0.0,0.461294337274,0.0,0.115323584319,0.0,1.38388301182,0.0,0.115323584319,0.0,0.0,1.61453018046,0.0,0.0,0.230647168637,0.0,0.0,0.0,0.0,0.0,0.0,0.115323584319,0.0,0.115323584319,0.0,0.0,0.0,0.0,0.461294337274,0.461294337274,0.345970752956
0.0,0.115323584319,0.115323584319,0.0,0.115323584319,0.0,0.0,0.115323584319,0.0,0.0,0.0,0.345970752956,0.0,0.0,0.0,0.345970752956,0.0,0.0,0.576617921593,0.0,0.0,0.0,0.0,0.0,0.0,0.0,0.0,0.0,0.0,0.115323584319,0.0,0.0,0.0,1.15323584319,0.0,0.0,0.0
0.0,0.0,0.0,0.0,0.0,0.0,0.0,0.0,0.0,0.0,0.0,0.0,0.0,0.0,0.0,0.0,0.0,0.0,0.0,0.0,0.0,0.0,0.0,0.0,0.0,0.0,0.0,0.0,0.0,0.0,0.0,0.0,0.0,0.0,0.0,0.0,0.0
0.0,0.0,0.0,0.0,0.115323584319,0.0,0.0,0.0,0.0,0.0,0.0,0.115323584319,0.0,0.115323584319,0.0,0.115323584319,0.0,0.0,0.0,0.0,1.03791225887,0.0,0.0,1.03791225887,0.0,0.0,0.0,0.115323584319,0.0,0.0,0.230647168637,0.345970752956,0.0,0.230647168637,0.0,0.576617921593,0.0
0.345970752956,0.0,0.0,0.115323584319,0.0,0.0,0.0,0.0,0.0,0.115323584319,0.0,0.115323584319,0.0,0.115323584319,0.0,0.0,0.0,0.0,0.0,0.0,0.115323584319,2.53711885501,0.0,0.0,0.461294337274,0.0,0.115323584319,0.345970752956,0.0,0.0,0.0,0.0,0.0,0.0,0.115323584319,0.230647168637,0.80726509023
0.230647168637,0.0,0.0,0.0,0.0,0.0,0.0,0.115323584319,0.0,0.230647168637,0.0,0.115323584319,0.0,0.0,0.0,0.0,0.0,0.0,0.0,0.0,0.0,0.0,0.345970752956,0.0,0.115323584319,0.0,0.0,0.115323584319,0.0,0.0,0.0,0.0,0.0,0.0,0.0,0.0,0.0
0.0,0.0,0.115323584319,0.0,0.461294337274,0.115323584319,0.0,0.115323584319,0.0,0.0,0.0,0.0,0.0,0.0,0.0,0.461294337274,0.0,0.0,0.0,0.0,0.80726509023,0.115323584319,0.0,4.15164903547,0.0,0.115323584319,0.0,0.0,0.0,0.0,1.03791225887,0.80726509023,0.0,0.115323584319,0.0,0.345970752956,0.0
0.230647168637,0.0,0.0,0.461294337274,0.0,0.0,0.0,0.345970752956,0.0,0.115323584319,0.115323584319,0.0,0.0,0.345970752956,0.0,0.115323584319,0.0,0.0,0.115323584319,0.0,0.0,0.691941505912,0.0,0.0,0.230647168637,0.0,0.230647168637,0.115323584319,0.0,0.0,0.0,0.115323584319,0.0,0.115323584319,0.0,0.345970752956,0.115323584319
0.0,0.115323584319,0.0,0.0,0.115323584319,0.115323584319,0.0,0.115323584319,0.0,0.0,0.0,0.0,0.0,0.0,0.0,0.461294337274,0.0,0.0,0.0,0.0,0.0,0.0,0.0,0.0,0.0,0.230647168637,0.0,0.0,0.115323584319,0.0,0.115323584319,0.0,0.0,0.0,0.0,0.0,0.0
0.0,0.0,0.0,0.691941505912,0.0,0.0,0.0,0.115323584319,0.0,0.115323584319,0.115323584319,0.0,0.0,0.0,0.0,0.0,0.0,0.0,0.0,0.0,0.0,0.0,0.0,0.0,0.0,0.0,2.76776602365,0.0,0.0,0.0,0.0,0.0,0.0,0.115323584319,0.115323584319,0.0,0.0
0.0,0.0,0.0,0.0,0.115323584319,0.115323584319,0.0,0.0,0.0,0.0,0.0,0.0,0.0,0.0,0.0,0.115323584319,0.0,0.0,0.0,0.0,0.230647168637,0.0,0.0,0.0,0.115323584319,0.0,0.0,1.49920659614,0.0,0.0,0.0,0.0,0.115323584319,0.0,0.0,1.2685594275,0.0
0.0,0.0,0.115323584319,0.0,0.115323584319,0.0,0.0,0.0,0.0,0.0,0.0,0.0,0.0,0.0,0.0,0.0,0.115323584319,0.0,0.0,0.0,0.0,0.0,0.0,0.115323584319,0.0,0.115323584319,0.0,0.115323584319,1.03791225887,0.0,0.115323584319,0.345970752956,0.0,0.0,0.0,0.0,0.0
0.230647168637,0.230647168637,0.230647168637,0.115323584319,0.345970752956,0.0,0.0,0.461294337274,0.0,0.0,0.0,0.461294337274,0.0,0.0,0.115323584319,0.230647168637,0.0,0.0,0.0,0.0,0.0,0.115323584319,0.0,0.0,0.115323584319,0.0,0.345970752956,0.115323584319,0.0,1.96050093342,0.0,0.115323584319,0.345970752956,1.49920659614,0.115323584319,0.115323584319,0.0
0.0,0.115323584319,0.115323584319,0.0,2.07582451773,0.115323584319,0.0,0.0,0.0,0.0,0.0,0.0,0.0,0.0,0.0,0.922588674549,0.0,0.0,0.0,0.0,0.461294337274,0.0,0.0,1.15323584319,0.0,0.230647168637,0.0,0.115323584319,0.115323584319,0.0,3.57503111388,1.03791225887,0.230647168637,0.230647168637,0.0,0.115323584319,0.0
0.0,0.0,0.0,0.0,0.461294337274,0.0,0.0,0.0,0.0,0.0,0.0,0.115323584319,0.0,0.115323584319,0.0,0.115323584319,0.230647168637,0.0,0.0,0.0,0.461294337274,0.0,0.0,0.691941505912,0.115323584319,0.115323584319,0.0,0.0,0.0,0.0,0.691941505912,4.49761978843,0.0,0.345970752956,0.0,0.230647168637,0.0
0.230647168637,0.345970752956,0.230647168637,0.115323584319,0.461294337274,0.230647168637,0.461294337274,0.345970752956,0.0,0.0,0.115323584319,0.345970752956,0.0,0.0,0.0,0.0,0.115323584319,0.0,0.461294337274,0.0,0.0,0.0,0.0,0.115323584319,0.0,0.0,0.0,0.461294337274,0.0,0.345970752956,0.0,0.230647168637,1.96050093342,1.03791225887,0.115323584319,0.576617921593,0.0
0.0,2.30647168637,2.42179527069,0.115323584319,1.72985376478,-0.115323584319,0.230647168637,1.15323584319,0.0,0.345970752956,0.115323584319,1.96050093342,0.0,0.230647168637,0.0,3.57503111388,0.0,0.0,0.922588674549,0.115323584319,0.0,0.115323584319,0.115323584319,0.115323584319,0.115323584319,0.0,0.461294337274,0.230647168637,0.0,1.15323584319,0.345970752956,0.691941505912,1.2685594275,15.1073895457,0.0,0.691941505912,0.115323584319
0.0,0.115323584319,0.0,0.461294337274,0.115323584319,0.0,0.0,0.0,0.345970752956,0.115323584319,0.0,0.0,3.1137367766,0.0,0.230647168637,0.0,0.0,1.2685594275,0.0,0.0,0.0,0.115323584319,0.0,0.0,0.115323584319,0.0,0.0,0.0,0.0,0.0,0.0,0.0,0.0,0.115323584319,10.494446173,0.115323584319,5.07423771002
0.115323584319,0.0,0.115323584319,0.0,0.115323584319,0.0,0.0,0.0,0.0,0.0,0.0,0.115323584319,0.0,0.0,0.115323584319,0.0,0.0,0.0,0.0,0.0,0.80726509023,0.230647168637,0.0,0.115323584319,0.0,0.0,0.115323584319,1.15323584319,0.0,0.0,0.230647168637,0.0,0.115323584319,0.345970752956,0.0,29.4075140012,0.115323584319
0.0,0.115323584319,0.0,0.115323584319,0.0,0.0,0.0,0.0,0.230647168637,0.0,0.0,0.0,2.65244243933,0.0,0.0,0.0,0.0,0.461294337274,0.0,0.0,0.0,0.230647168637,0.0,0.115323584319,0.0,0.0,0.0,0.0,0.0,0.0,0.230647168637,0.0,0.0,0.0,4.15164903547,0.345970752956,7.49603298071
