0.353420738975,0.0,0.0,-0.530131108462,0.0883551847437,-0.0883551847437,0.0883551847437,0.441775923719,0.0,0.0,0.0883551847437,-0.0883551847437,0.0,0.530131108462,0.0,0.0,0.0,0.0,0.0,0.0,0.0,0.265065554231,-0.353420738975,0.0,0.0883551847437,0.0,0.0,0.0,0.0,0.0883551847437,0.0,0.0,-0.265065554231,0.265065554231,0.176710369487,-0.0883551847437,0.0883551847437
0.0883551847437,7.95196662694,2.29723480334,0.265065554231,5.38966626937,0.971907032181,0.0883551847437,0.618486293206,0.0883551847437,0.265065554231,0.0,0.0883551847437,0.0,0.176710369487,0.176710369487,4.32940405244,0.0,0.0,0.0883551847437,0.0,0.176710369487,0.0,0.0,0.176710369487,0.176710369487,0.265065554231,0.0,0.265065554231,0.176710369487,0.530131108462,0.441775923719,0.0,1.67874851013,3.62256257449,0.0883551847437,-0.176710369487,0.0
0.0,4.15269368296,5.6547318236,0.0883551847437,1.32532777116,0.0883551847437,0.353420738975,1.14861740167,0.0,0.530131108462,-0.176710369487,0.176710369487,0.0,0.353420738975,0.176710369487,1.14861740167,0.0883551847437,0.0883551847437,0.0,0.0,0.176710369487,0.0883551847437,0.0,0.0883551847437,0.0,0.0,0.353420738975,0.0883551847437,0.0883551847437,0.530131108462,0.530131108462,0.0,1.50203814064,4.15269368296,0.0,0.0883551847437,0.0
0.265065554231,0.176710369487,0.0883551847437,8.21703218117,0.0883551847437,0.0,0.0,0.0883551847437,0.0883551847437,4.41775923719,0.0883551847437,0.0,0.353420738975,0.176710369487,0.618486293206,0.176710369487,0.0,0.176710369487,0.0,0.0,0.0,0.971907032181,0.70684147795,0.0,1.06026221692,0.0,1.14861740167,0.0,0.0,0.0883551847437,0.0,0.0883551847437,-0.0883551847437,0.530131108462,1.06026221692,0.0,0.618486293206
0.0,5.83144219309,1.23697258641,0.176710369487,14.6669606675,0.70684147795,0.265065554231,0.530131108462,0.0,0.0883551847437,0.176710369487,0.0883551847437,0.0,0.0,0.353420738975,13.8717640048,0.0,-0.176710369487,0.0,0.0,0.0,0.0883551847437,0.0,-0.0883551847437,0.0,0.883551847437,0.176710369487,0.0,0.0883551847437,0.353420738975,1.76710369487,0.441775923719,0.530131108462,2.8273659118,0.0,0.353420738975,0.0
0.0,0.795196662694,0.353420738975,0.0,1.23697258641,1.14861740167,0.0,0.0883551847437,0.0,0.0,0.0,0.0,0.0,0.0,-0.176710369487,0.0,0.0,0.0,0.0,0.0,0.0,0.0,0.0,0.0883551847437,0.0,0.0883551847437,0.0,0.0,0.0,0.0,0.353420738975,0.0,0.0883551847437,0.0883551847437,0.0,0.0,0.0
0.0,0.0,0.265065554231,0.0,0.0883551847437,0.176710369487,0.70684147795,0.353420738975,0.0,0.0883551847437,0.0,0.0,0.0,0.0,0.0,0.0,0.0,0.0,0.0,0.0,0.0883551847437,0.0,0.0,0.0,0.0,0.0,0.0,0.0,0.0,0.0,0.0,0.0,0.176710369487,0.265065554231,0.0,0.265065554231,0.0
0.618486293206,0.353420738975,0.70684147795,0.265065554231,0.353420738975,0.0,0.0,6.98005959476,0.0,0.441775923719,0.176710369487,0.618486293206,0.0,1.94381406436,0.353420738975,0.176710369487,0.0,0.0883551847437,0.265065554231,0.0,0.176710369487,0.176710369487,-0.176710369487,0.0,0.441775923719,0.0,0.883551847437,0.176710369487,0.0,1.23697258641,0.0,0.0,2.91572109654,3.71091775924,0.0883551847437,0.0883551847437,0.0883551847437
-0.176710369487,0.0,0.0,0.0,0.0,0.0,0.0,0.0,2.12052443385,0.0,0.0,0.0,0.265065554231,0.0,0.0883551847437,0.0,0.0883551847437,0.353420738975,0.0,0.0,0.0,0.0,0.0,0.0,0.0,0.0,0.0,0.0,0.0,0.0,0.0,0.0,0.0,0.0,0.0883551847437,0.265065554231,0.353420738975
0.0883551847437,0.0883551847437,0.0,3.53420738975,0.0,0.0,0.176710369487,0.70684147795,0.176710369487,4.32940405244,0.0883551847437,0.176710369487,0.0883551847437,0.353420738975,0.0883551847437,-0.176710369487,0.0,0.0,0.0883551847437,0.0,0.0,0.530131108462,0.618486293206,0.0,0.618486293206,0.0,2.56230035757,0.0883551847437,-0.176710369487,0.0883551847437,0.0,0.0,0.353420738975,0.618486293206,0.0883551847437,0.353420738975,0.0883551847437
0.0,0.0883551847437,0.0,0.353420738975,0.0,0.0,0.0,0.0,0.0883551847437,0.0883551847437,0.353420738975,0.0,0.0,0.353420738975,0.176710369487,-0.176710369487,0.0,0.0,0.0,0.0,0.0,0.0,0.0883551847437,0.0,0.265065554231,0.0,0.176710369487,0.0,0.0,0.176710369487,0.0,0.0,0.0,0.0883551847437,0.0,0.0883551847437,0.0
0.0,0.176710369487,0.441775923719,0.0883551847437,-0.176710369487,0.0,0.0883551847437,0.618486293206,0.0,-0.176710369487,0.0,0.353420738975,0.0,0.265065554231,0.0883551847437,0.176710369487,0.0,0.0883551847437,0.353420738975,0.0,0.0,0.0,0.0,0.0,0.0883551847437,0.0,0.0,0.0883551847437,0.0,0.618486293206,0.0,-0.176710369487,0.353420738975,1.94381406436,0.176710369487,0.0,0.0
0.0,0.0,0.0,0.265065554231,0.0,0.0,0.0,0.0,0.0883551847437,0.176710369487,0.0,0.0,6.80334922527,0.0,0.0883551847437,0.0,0.0,1.14861740167,0.0,0.0,0.0,0.0,0.0,0.0,0.0,0.0,0.176710369487,0.0883551847437,0.0,0.0,0.0,0.0,0.0,0.0883551847437,2.91572109654,0.0,1.94381406436
0.176710369487,0.353420738975,0.265065554231,0.618486293206,-0.265065554231,0.0,0.0,2.56230035757,0.0,0.353420738975,0.265065554231,0.441775923719,0.0,2.91572109654,0.176710369487,0.353420738975,0.0,0.0,0.176710369487,0.0,0.0,0.265065554231,0.176710369487,0.0,0.353420738975,0.0,0.441775923719,0.0883551847437,0.0,0.618486293206,0.176710369487,0.0,0.70684147795,1.06026221692,0.176710369487,0.265065554231,0.0
0.0883551847437,0.176710369487,0.176710369487,0.530131108462,0.353420738975,0.0,0.0,0.0,0.70684147795,0.176710369487,0.0,0.0883551847437,0.618486293206,0.353420738975,0.265065554231,0.265065554231,0.353420738975,0.353420738975,0.0,0.0,0.353420738975,0.353420738975,0.176710369487,0.0,-0.0883551847437,0.0,0.353420738975,0.0,0.0883551847437,0.0,0.0,0.0883551847437,0.265065554231,0.265065554231,0.530131108462,0.795196662694,0.176710369487
0.0,2.91572109654,0.883551847437,0.0883551847437,13.78340882,0.441775923719,0.0883551847437,0.176710369487,0.0,0.176710369487,0.0,0.265065554231,0.0,0.265065554231,0.0883551847437,17.4943265793,0.265065554231,0.0,0.0883551847437,0.0,0.265065554231,0.0,0.0,0.265065554231,0.176710369487,2.56230035757,0.0,0.176710369487,0.795196662694,0.353420738975,0.795196662694,0.265065554231,0.353420738975,1.94381406436,0.0,0.353420738975,0.0
0.0,0.0883551847437,0.0883551847437,0.0,0.0,0.0,0.0,0.0,0.0,0.0,0.0,0.0,0.0,0.0,0.0,0.0883551847437,7.15676996424,0.0,0.0,0.0,0.0883551847437,0.0,0.0,0.0,0.0,0.0,-0.176710369487,0.0,0.0883551847437,0.0,0.0,1.76710369487,0.0,-0.0883551847437,0.0,0.0,0.0
0.0883551847437,0.0,0.0,0.176710369487,0.0,0.0,0.0,0.0883551847437,0.265065554231,0.0,0.0,0.0,1.67874851013,0.176710369487,0.176710369487,0.176710369487,0.0,1.14861740167,0.0,0.0,0.0,0.176710369487,0.0,0.0,0.0,0.0,0.0883551847437,0.0,0.0,0.0,0.0,0.0,0.0,0.0883551847437,0.70684147795,0.353420738975,0.530131108462
0.0,0.176710369487,0.0,0.0,0.0,0.0,0.0,0.265065554231,0.0,0.0,0.0,0.265065554231,0.0,0.265065554231,0.0883551847437,-0.0883551847437,0.0,0.0,0.176710369487,0.0,0.0,0.0,0.0,0.0,0.0,0.0,0.0,0.0,0.0,0.265065554231,0.0883551847437,0.0,0.0883551847437,0.795196662694,0.0,0.0883551847437,0.0
0.0,0.0,0.0,0.0,0.0883551847437,0.0,0.0,0.0,0.0,0.0,0.0,0.0,0.0,0.0,0.0,0.0,0.0,0.0,0.0,0.0883551847437,0.0,0.0,0.0,0.0,0.0,0.176710369487,0.0,0.0,0.0,0.0,0.0,0.0,0.0,0.0,0.0,0.0,0.0
0.0,0.0,0.0,0.0883551847437,0.0,-0.176710369487,0.0,0.0,0.0,0.0,0.0,0.0,0.0883551847437,0.0883551847437,0.0,0.0883551847437,0.0,0.0,0.0,0.0,1.67874851013,0.0,0.0883551847437,-0.0883551847437,0.0883551847437,0.0883551847437,0.0,0.353420738975,0.0,0.0,0.176710369487,0.530131108462,0.0,0.0,0.0,0.971907032181,0.0883551847437
0.265065554231,0.176710369487,0.0,0.530131108462,0.0,0.176710369487,0.0,0.0883551847437,0.0,0.795196662694,0.0883551847437,0.0,-0.176710369487,0.0883551847437,0.0,0.0,0.0,0.0,0.0,0.0,0.0883551847437,2.12052443385,0.0883551847437,0.0,-0.0883551847437,0.0,0.265065554231,0.0883551847437,0.0,0.0883551847437,0.0883551847437,0.0,0.176710369487,0.353420738975,0.0883551847437,0.265065554231,0.618486293206
0.0883551847437,0.0883551847437,0.265065554231,0.441775923719,0.0,0.0,0.0,0.176710369487,0.0,0.530131108462,0.0,0.0,0.0,0.176710369487,-0.0883551847437,0.0883551847437,0.0,0.0883551847437,0.0,0.0,0.0,0.265065554231,0.176710369487,0.0,0.441775923719,0.0,0.618486293206,0.0883551847437,0.0,0.0,0.0,0.0,0.0883551847437,0.353420738975,0.0,0.265065554231,0.0883551847437
0.0,0.176710369487,0.0,0.0,0.265065554231,0.0883551847437,0.0,0.0883551847437,0.0883551847437,0.0,0.0,0.0,0.0,0.0,0.0,0.353420738975,0.0,0.0,0.0,0.0,0.70684147795,0.0883551847437,0.0,1.50203814064,0.0,0.0,0.0,0.0,0.0,0.0,0.70684147795,0.530131108462,0.0,0.0,0.0,0.0,0.0
0.176710369487,0.0,0.265065554231,0.618486293206,0.0,0.0,0.0,0.353420738975,0.0,0.795196662694,0.441775923719,0.0,0.0,0.530131108462,0.176710369487,0.0883551847437,0.0,0.176710369487,0.0,0.0,0.0,0.795196662694,0.0883551847437,0.0,1.85545887962,0.0,-0.0883551847437,0.0,0.0,0.176710369487,0.0,0.0883551847437,0.176710369487,0.441775923719,-0.176710369487,0.0883551847437,0.0
0.0,0.176710369487,0.0883551847437,0.0,0.971907032181,0.176710369487,0.0,0.0,0.0,0.0,0.0,0.0,0.0,0.0,0.0,0.530131108462,0.0,0.0,0.0,0.0,0.0,0.0,0.0,0.0883551847437,0.0,0.441775923719,0.0,0.0,0.265065554231,0.0,0.176710369487,0.0883551847437,0.0,0.0883551847437,0.0,0.0,0.0
0.0,0.176710369487,0.0,1.59039332539,0.176710369487,0.0,0.0,0.0883551847437,0.0883551847437,2.29723480334,0.0,0.0,0.0,0.441775923719,0.353420738975,0.353420738975,0.0,0.0883551847437,0.0,0.0,0.0,0.176710369487,0.0883551847437,0.0,0.0,0.0,4.15269368296,0.0,0.0,0.353420738975,0.0,0.0883551847437,0.176710369487,0.353420738975,0.353420738975,0.176710369487,0.0883551847437
0.0,0.176710369487,0.0883551847437,0.0883551847437,0.0883551847437,0.0,0.0883551847437,0.265065554231,0.0,0.0,0.0883551847437,0.0,0.0,0.0883551847437,0.0883551847437,0.176710369487,0.0,0.0,0.0,0.0,0.0883551847437,0.0,0.0,0.0,0.0,0.0,0.0,0.70684147795,0.0,0.176710369487,0.0,0.0,0.0883551847437,0.176710369487,0.0,0.70684147795,0.0
0.0,0.0,0.0883551847437,0.0,0.441775923719,0.0,0.0,0.0,0.0,0.0883551847437,0.0,0.0,0.0,0.0883551847437,0.0,0.353420738975,0.0883551847437,0.0,0.0,0.176710369487,0.0,0.0,0.0,0.0,0.0,0.176710369487,0.0,0.0,1.06026221692,0.0,0.0,0.0,0.0,0.176710369487,0.0,0.0,0.0
0.0883551847437,0.441775923719,0.441775923719,0.0883551847437,0.353420738975,0.0,0.0883551847437,1.67874851013,0.0,0.618486293206,0.0883551847437,0.971907032181,0.0883551847437,0.353420738975,0.0883551847437,0.265065554231,0.0,0.0,0.0883551847437,0.0,0.0,0.0883551847437,0.0883551847437,0.0,0.265065554231,0.0883551847437,0.0,0.0883551847437,0.0,1.67874851013,0.0,0.0,1.32532777116,3.79927294398,0.0,0.0883551847437,0.0
0.0,0.70684147795,-0.353420738975,0.0,2.20887961859,0.353420738975,0.0,0.0,0.0,0.0883551847437,0.0,0.0,0.0,0.0,0.0,0.70684147795,0.0,0.0,0.0,0.0,0.0883551847437,0.0,0.0883551847437,0.441775923719,0.0,0.0883551847437,0.0,0.0,0.0,0.0,3.09243146603,0.441775923719,0.265065554231,0.0883551847437,0.0,0.0883551847437,0.0
0.0,0.265065554231,0.0,0.0,0.971907032181,0.0,0.0,0.0,0.0,0.0,0.0,0.0,0.0,0.0,0.0,0.795196662694,0.883551847437,0.0,0.0,0.0,0.353420738975,0.0,0.0,0.883551847437,0.0,0.0883551847437,0.0,0.0,-0.176710369487,0.0,0.70684147795,4.94789034565,0.0,0.176710369487,0.0,0.265065554231,0.0
0.176710369487,2.29723480334,1.76710369487,0.0,0.618486293206,0.353420738975,0.176710369487,3.88762812872,0.0,-0.176710369487,0.0,0.530131108462,0.0,0.618486293206,0.441775923719,0.530131108462,0.0,0.0,0.0,0.0,0.0,0.265065554231,0.0883551847437,0.0883551847437,0.176710369487,0.0883551847437,0.441775923719,0.265065554231,0.0883551847437,0.971907032181,0.0883551847437,0.0,5.74308700834,4.06433849821,0.0883551847437,0.70684147795,0.0883551847437
0.0883551847437,3.09243146603,3.26914183552,0.265065554231,1.59039332539,0.353420738975,0.176710369487,3.18078665077,0.176710369487,0.70684147795,0.353420738975,2.73901072706,0.0883551847437,1.32532777116,0.0883551847437,1.94381406436,0.0883551847437,0.0883551847437,-0.176710369487,0.0,0.176710369487,0.265065554231,0.0883551847437,0.176710369487,0.176710369487,0.176710369487,0.0,0.0883551847437,0.0883551847437,1.94381406436,0.0883551847437,0.265065554231,3.97598331347,20.9401787843,0.176710369487,0.353420738975,0.0883551847437
0.0,0.0,0.0,1.23697258641,0.0883551847437,0.0,0.0,0.176710369487,0.441775923719,0.176710369487,0.0,0.0,3.62256257449,-0.176710369487,0.265065554231,0.0,0.0,1.23697258641,0.0,0.0,0.0,0.0,0.0883551847437,0.0,0.0,0.0,0.176710369487,0.0883551847437,0.0,0.0,0.0,0.0,0.0,0.0,14.0484743743,0.0,5.03624553039
0.0883551847437,0.441775923719,0.441775923719,0.353420738975,0.0,0.0883551847437,0.0883551847437,0.795196662694,0.530131108462,0.441775923719,0.441775923719,0.176710369487,0.0883551847437,0.265065554231,0.176710369487,0.441775923719,0.176710369487,0.265065554231,0.0883551847437,0.0,0.883551847437,0.265065554231,-0.0883551847437,0.0,0.176710369487,0.0,0.176710369487,1.4136829559,0.0,0.176710369487,0.0883551847437,0.530131108462,0.176710369487,0.883551847437,0.265065554231,38.8762812872,0.265065554231
0.0,0.0883551847437,0.0,0.70684147795,0.0,0.0,0.0,0.176710369487,0.353420738975,0.176710369487,0.0,0.0,2.38558998808,0.0,0.353420738975,0.0,0.0,1.14861740167,0.0,0.0,0.0,0.176710369487,0.0,0.0,0.0883551847437,0.0,0.176710369487,0.0,0.0,0.0,0.0883551847437,0.0,0.0,0.176710369487,3.44585220501,0.441775923719,8.12867699642
