0.164413326895,0.0,0.0,0.32882665379,0.0,0.0,0.0,0.0,0.0,0.0,0.0,0.0,0.0,0.32882665379,0.0,0.0,0.0,0.0,0.164413326895,0.0,0.0,0.0,0.0,0.0,0.32882665379,0.0,0.0,0.0,0.0,0.164413326895,0.0,0.0,0.0,0.0,0.0,0.164413326895,0.0
0.164413326895,8.38507967166,2.63061323032,0.164413326895,5.91887976823,0.164413326895,0.32882665379,0.32882665379,0.164413326895,0.164413326895,0.164413326895,0.0,0.0,0.164413326895,0.0,1.97295992274,0.0,0.0,0.0,0.0,0.0,0.0,0.0,0.0,0.0,0.164413326895,0.0,0.32882665379,0.493239980686,0.164413326895,0.986479961371,0.164413326895,1.64413326895,2.46619990343,0.0,0.493239980686,0.0
0.164413326895,2.30178657653,3.12385321101,0.0,0.822066634476,0.0,0.0,0.657653307581,0.0,0.0,0.164413326895,0.32882665379,0.0,0.164413326895,0.0,1.80854659585,0.0,0.0,0.0,0.0,0.0,0.0,0.0,0.0,0.0,0.0,0.164413326895,0.164413326895,0.0,0.164413326895,0.164413326895,0.0,0.657653307581,3.12385321101,0.0,0.164413326895,0.0
0.164413326895,0.164413326895,0.0,6.41211974891,0.0,0.0,0.0,0.0,0.164413326895,2.46619990343,0.32882665379,0.164413326895,0.32882665379,0.164413326895,0.32882665379,0.164413326895,0.0,0.0,0.0,0.0,0.0,0.493239980686,0.32882665379,0.0,1.15089328827,0.0,1.64413326895,0.0,0.0,0.493239980686,0.0,0.0,0.0,0.164413326895,1.31530661516,0.164413326895,0.32882665379
0.0,5.91887976823,1.47971994206,0.164413326895,16.7701593433,0.164413326895,0.164413326895,0.493239980686,0.0,0.0,0.0,0.164413326895,0.0,0.0,0.164413326895,9.37155963303,0.0,0.0,0.164413326895,0.0,0.164413326895,0.0,0.0,0.32882665379,0.0,1.97295992274,0.164413326895,0.0,0.32882665379,0.493239980686,1.97295992274,0.32882665379,0.822066634476,1.15089328827,0.164413326895,0.0,0.164413326895
0.0,0.822066634476,0.164413326895,0.164413326895,0.32882665379,0.164413326895,0.0,0.0,0.0,0.0,0.0,0.0,0.0,0.0,0.0,0.164413326895,0.0,0.0,0.0,0.0,0.0,0.0,0.0,0.0,0.0,0.164413326895,0.0,0.0,0.0,0.0,0.0,0.0,0.164413326895,0.164413326895,0.0,0.0,0.0
0.0,0.0,0.0,0.0,0.0,0.0,0.32882665379,0.0,0.0,0.0,0.0,0.164413326895,0.0,0.0,0.0,0.0,0.0,0.0,0.0,0.0,0.0,0.0,0.0,0.0,0.0,0.0,0.0,0.164413326895,0.0,0.0,0.0,0.0,0.164413326895,0.0,0.0,0.0,0.0
0.32882665379,0.986479961371,0.986479961371,0.32882665379,0.32882665379,0.0,0.0,8.71390632545,0.0,0.657653307581,0.822066634476,1.31530661516,0.0,2.13737324964,0.493239980686,0.32882665379,0.0,0.0,0.164413326895,0.0,0.0,0.657653307581,0.0,0.0,0.0,0.0,0.164413326895,0.0,0.0,1.15089328827,0.0,0.0,1.80854659585,1.31530661516,0.164413326895,0.0,0.0
0.0,0.0,0.0,0.0,0.0,0.0,0.0,0.0,1.80854659585,0.0,0.0,0.0,0.164413326895,0.0,0.0,0.0,0.0,0.32882665379,0.0,0.0,0.0,0.0,0.0,0.0,0.164413326895,0.0,0.0,0.0,0.0,0.0,0.0,0.0,0.0,0.0,0.164413326895,0.32882665379,0.164413326895
0.0,0.0,0.32882665379,2.95943988411,0.0,0.0,0.0,0.32882665379,0.0,3.94591984549,1.31530661516,0.0,0.0,0.657653307581,0.32882665379,0.0,0.0,0.32882665379,0.0,0.0,0.0,0.0,0.164413326895,0.0,1.15089328827,0.0,2.30178657653,0.0,0.0,0.164413326895,0.0,0.0,0.32882665379,0.493239980686,0.657653307581,0.164413326895,0.164413326895
0.0,0.0,0.0,0.164413326895,0.164413326895,0.0,0.0,0.0,0.0,0.164413326895,0.986479961371,0.0,0.0,0.986479961371,0.0,0.164413326895,0.0,0.0,0.164413326895,0.0,0.0,0.0,0.164413326895,0.0,0.0,0.0,0.164413326895,0.0,0.0,0.0,0.0,0.0,0.0,0.32882665379,0.0,0.0,0.0
0.0,0.164413326895,0.0,0.0,0.0,0.0,0.0,1.31530661516,0.0,0.164413326895,0.0,1.64413326895,0.0,0.164413326895,0.0,0.32882665379,0.0,0.164413326895,0.493239980686,0.0,0.0,0.0,0.0,0.0,0.0,0.0,0.0,0.0,0.0,0.822066634476,0.0,0.0,0.822066634476,3.2882665379,0.0,0.0,0.0
0.0,0.0,0.0,0.0,0.0,0.0,0.0,0.0,0.32882665379,0.0,0.0,0.0,8.22066634476,0.0,0.32882665379,0.0,0.0,0.493239980686,0.0,0.0,0.0,0.0,0.0,0.0,0.0,0.0,0.164413326895,0.164413326895,0.0,0.0,0.0,0.0,0.0,0.0,3.12385321101,0.0,1.80854659585
0.0,0.164413326895,0.0,0.493239980686,0.164413326895,0.0,0.0,2.30178657653,0.0,0.493239980686,0.493239980686,0.0,0.0,3.2882665379,0.0,0.32882665379,0.0,0.0,0.164413326895,0.0,0.0,0.0,0.0,0.0,1.15089328827,0.0,0.32882665379,0.0,0.0,0.32882665379,0.0,0.0,0.493239980686,0.657653307581,0.0,0.0,0.164413326895
0.0,0.164413326895,0.0,0.164413326895,0.164413326895,0.164413326895,0.0,0.32882665379,0.32882665379,0.164413326895,0.0,0.0,0.657653307581,0.0,0.32882665379,0.164413326895,0.164413326895,0.32882665379,0.0,0.0,0.0,0.0,0.0,0.0,0.164413326895,0.0,0.493239980686,0.32882665379,0.0,0.164413326895,0.0,0.0,0.0,0.164413326895,0.657653307581,0.657653307581,0.657653307581
0.0,2.13737324964,0.657653307581,0.164413326895,10.5224529213,0.0,0.0,0.493239980686,0.164413326895,0.164413326895,0.0,0.164413326895,0.0,0.0,0.0,18.2498792854,0.0,0.0,0.164413326895,0.0,0.164413326895,0.0,0.164413326895,0.493239980686,0.164413326895,3.12385321101,0.0,0.0,1.64413326895,0.493239980686,1.15089328827,0.32882665379,0.0,1.97295992274,0.0,0.0,0.0
0.0,0.0,0.0,0.0,0.164413326895,0.0,0.0,0.0,0.164413326895,0.0,0.0,0.0,0.164413326895,0.0,0.0,0.0,5.42563978754,0.0,0.0,0.0,0.0,0.0,0.0,0.164413326895,0.0,0.0,0.0,0.0,0.0,0.0,0.0,1.80854659585,0.0,0.0,0.0,0.0,0.32882665379
0.0,0.0,0.0,0.0,0.0,0.0,0.0,0.0,0.493239980686,0.0,0.0,0.0,1.15089328827,0.0,0.0,0.0,0.0,1.80854659585,0.0,0.0,0.0,0.0,0.0,0.164413326895,0.0,0.0,0.0,0.0,0.0,0.0,0.0,0.0,0.0,0.164413326895,0.164413326895,0.822066634476,0.822066634476
0.0,0.0,0.0,0.164413326895,0.32882665379,0.0,0.0,0.164413326895,0.0,0.0,0.164413326895,0.164413326895,0.0,0.0,0.0,0.0,0.0,0.0,0.32882665379,0.0,0.0,0.0,0.0,0.0,0.0,0.0,0.0,0.0,0.0,0.32882665379,0.0,0.0,0.0,0.164413326895,0.0,0.0,0.0
0.0,0.0,0.0,0.0,0.0,0.0,0.0,0.0,0.0,0.0,0.0,0.0,0.0,0.0,0.0,0.0,0.164413326895,0.0,0.0,0.0,0.0,0.0,0.0,0.0,0.0,0.0,0.0,0.0,0.0,0.0,0.0,0.0,0.0,0.0,0.0,0.0,0.0
0.0,0.0,0.0,0.0,0.0,0.0,0.0,0.0,0.0,0.0,0.0,0.0,0.0,0.0,0.164413326895,0.32882665379,0.0,0.0,0.0,0.0,1.80854659585,0.0,0.0,0.657653307581,0.0,0.0,0.0,0.32882665379,0.0,0.0,0.164413326895,0.164413326895,0.0,0.0,0.0,0.986479961371,0.0
0.0,0.164413326895,0.0,0.32882665379,0.0,0.0,0.0,0.0,0.0,0.822066634476,0.0,0.0,0.0,0.0,0.32882665379,0.0,0.0,0.0,0.0,0.0,0.0,1.15089328827,0.0,0.0,0.822066634476,0.0,0.0,0.0,0.0,0.164413326895,0.0,0.0,0.0,0.164413326895,0.0,0.0,0.493239980686
0.0,0.0,0.0,0.493239980686,0.0,0.0,0.0,0.164413326895,0.0,0.493239980686,0.32882665379,0.0,0.0,0.0,0.0,0.0,0.0,0.0,0.0,0.0,0.0,0.493239980686,0.493239980686,0.0,0.164413326895,0.0,0.0,0.0,0.0,0.164413326895,0.164413326895,0.0,0.0,0.164413326895,0.0,0.32882665379,0.0
0.0,0.0,0.0,0.0,0.164413326895,0.164413326895,0.0,0.164413326895,0.0,0.0,0.0,0.0,0.0,0.0,0.0,0.0,0.0,0.0,0.0,0.0,0.822066634476,0.0,0.0,0.493239980686,0.0,0.0,0.0,0.0,0.0,0.0,0.493239980686,0.164413326895,0.164413326895,0.0,0.0,0.32882665379,0.0
0.0,0.0,0.0,1.15089328827,0.0,0.0,0.0,0.493239980686,0.0,0.164413326895,0.164413326895,0.0,0.164413326895,0.32882665379,0.0,0.0,0.0,0.0,0.0,0.0,0.0,0.164413326895,0.164413326895,0.0,1.47971994206,0.0,0.32882665379,0.0,0.0,0.164413326895,0.0,0.0,0.164413326895,0.822066634476,0.164413326895,0.164413326895,0.0
0.0,0.0,0.164413326895,0.0,0.986479961371,0.0,0.0,0.164413326895,0.0,0.0,0.0,0.0,0.0,0.0,0.0,0.493239980686,0.0,0.0,0.0,0.0,0.0,0.0,0.0,0.0,0.0,0.657653307581,0.0,0.0,0.0,0.0,0.164413326895,0.0,0.0,0.164413326895,0.0,0.0,0.0
0.164413326895,0.0,0.0,2.13737324964,0.493239980686,0.0,0.0,0.164413326895,0.164413326895,1.97295992274,0.493239980686,0.164413326895,0.164413326895,0.32882665379,0.164413326895,0.164413326895,0.0,0.164413326895,0.0,0.0,0.0,0.32882665379,0.0,0.0,0.0,0.0,3.78150651859,0.0,0.0,0.0,0.0,0.0,0.164413326895,0.164413326895,0.32882665379,0.0,0.164413326895
0.0,0.0,0.0,0.164413326895,0.0,0.0,0.0,0.0,0.0,0.164413326895,0.0,0.0,0.0,0.0,0.0,0.32882665379,0.0,0.0,0.0,0.0,0.164413326895,0.0,0.0,0.0,0.164413326895,0.0,0.0,0.32882665379,0.0,0.0,0.0,0.164413326895,0.32882665379,0.0,0.0,1.31530661516,0.0
0.0,0.0,0.0,0.0,0.0,0.0,0.0,0.0,0.0,0.0,0.0,0.0,0.0,0.0,0.0,0.164413326895,0.164413326895,0.0,0.0,0.164413326895,0.0,0.0,0.0,0.0,0.0,0.32882665379,0.0,0.0,0.164413326895,0.0,0.0,0.0,0.0,0.0,0.164413326895,0.0,0.0
0.0,0.32882665379,0.657653307581,0.164413326895,0.164413326895,0.0,0.0,2.30178657653,0.0,0.0,0.0,1.15089328827,0.0,0.657653307581,0.164413326895,0.0,0.0,0.0,0.657653307581,0.0,0.0,0.0,0.164413326895,0.0,0.32882665379,0.0,0.164413326895,0.0,0.0,1.64413326895,0.0,0.0,0.657653307581,2.79502655722,0.0,0.493239980686,0.0
0.0,0.32882665379,0.32882665379,0.0,2.46619990343,0.32882665379,0.0,0.164413326895,0.0,0.0,0.0,0.0,0.0,0.0,0.0,1.47971994206,0.0,0.0,0.0,0.0,0.0,0.0,0.0,1.15089328827,0.0,0.0,0.32882665379,0.0,0.164413326895,0.0,2.46619990343,0.32882665379,0.0,0.0,0.0,0.164413326895,0.0
0.0,0.32882665379,0.164413326895,0.0,0.657653307581,0.0,0.164413326895,0.0,0.0,0.0,0.0,0.0,0.0,0.0,0.0,0.32882665379,0.986479961371,0.0,0.0,0.0,0.493239980686,0.0,0.0,0.657653307581,0.0,0.0,0.0,0.0,0.0,0.0,0.164413326895,3.4526798648,0.0,0.0,0.0,0.493239980686,0.0
0.0,1.47971994206,1.31530661516,0.164413326895,0.657653307581,0.164413326895,0.164413326895,1.64413326895,0.0,0.32882665379,0.164413326895,0.32882665379,0.0,0.493239980686,0.0,0.657653307581,0.0,0.164413326895,0.0,0.0,0.0,0.0,0.0,0.0,0.0,0.0,0.0,0.0,0.0,0.822066634476,0.32882665379,0.0,5.09681313375,3.4526798648,0.0,0.32882665379,0.0
0.0,3.2882665379,3.12385321101,0.32882665379,0.986479961371,0.164413326895,0.0,5.26122646065,0.164413326895,0.32882665379,0.32882665379,3.2882665379,0.164413326895,0.32882665379,0.164413326895,1.97295992274,0.0,0.0,1.15089328827,0.0,0.164413326895,0.0,0.0,0.0,0.493239980686,0.164413326895,0.0,0.32882665379,0.164413326895,3.12385321101,0.164413326895,0.0,2.95943988411,21.0449058426,0.0,0.0,0.0
0.164413326895,0.0,0.0,0.493239980686,0.0,0.0,0.0,0.0,0.164413326895,0.32882665379,0.0,0.0,2.30178657653,0.0,0.164413326895,0.0,0.0,0.493239980686,0.0,0.0,0.0,0.0,0.0,0.0,0.0,0.0,0.0,0.0,0.0,0.0,0.0,0.0,0.0,0.0,16.2769193626,0.164413326895,5.42563978754
0.164413326895,0.493239980686,0.0,0.32882665379,0.493239980686,0.0,0.0,0.493239980686,0.657653307581,0.164413326895,0.0,0.0,0.32882665379,0.32882665379,0.986479961371,0.493239980686,0.164413326895,0.32882665379,0.0,0.0,0.493239980686,0.164413326895,0.0,0.0,0.32882665379,0.0,0.32882665379,1.15089328827,0.0,0.0,0.32882665379,0.164413326895,0.32882665379,0.493239980686,0.164413326895,34.1979719942,0.164413326895
0.0,0.0,0.0,0.493239980686,0.0,0.0,0.0,0.0,0.32882665379,0.0,0.0,0.0,1.80854659585,0.164413326895,0.0,0.0,0.0,1.31530661516,0.0,0.0,0.0,0.164413326895,0.0,0.0,0.0,0.0,0.0,0.0,0.0,0.164413326895,0.0,0.0,0.0,0.0,4.43915982617,0.164413326895,8.38507967166
