0.708835341365,0.0,0.0787594823739,0.0787594823739,0.0,0.0,0.0,0.0787594823739,0.0,0.0,0.0,0.0,0.0,0.0787594823739,0.0,0.0787594823739,0.0,0.0,0.0,0.0,0.0,0.0,0.0787594823739,0.0,0.0787594823739,0.0,0.0787594823739,0.0,0.0,0.0,0.0,0.0,0.157518964748,0.0,0.0,0.0787594823739,0.0
0.0,5.82820169567,1.96898705935,0.0,2.91410084784,0.472556894244,0.236278447122,0.236278447122,0.0,0.0,0.0787594823739,0.0787594823739,0.0,0.236278447122,0.0787594823739,1.89022757697,0.0,0.0,0.0,0.0,0.157518964748,0.0,0.0,0.157518964748,0.0,0.157518964748,0.0,0.157518964748,0.157518964748,0.157518964748,0.39379741187,0.0787594823739,0.39379741187,1.10263275324,0.0,0.0787594823739,0.0787419138969
0.0,1.57518964748,2.67782240071,0.0,0.39379741187,0.0787594823739,0.0787594823739,0.708835341365,0.0,0.0787594823739,0.157518964748,0.0,0.0787594823739,0.0787594823739,0.0787594823739,0.551316376618,0.0,0.0,0.0787594823739,0.0,0.0,0.0787594823739,0.0,0.0787594823739,0.157518964748,0.0787594823739,0.0787594823739,0.236278447122,0.0,0.236278447122,0.39379741187,0.157518964748,0.472556894244,1.57518964748,0.0,0.236278447122,0.0
0.0,0.0787594823739,0.0,4.72556894244,0.0,0.0787594823739,0.0,0.236278447122,0.0,1.73270861223,0.157518964748,0.0787594823739,0.0787594823739,0.0787594823739,0.315037929496,0.0,0.0,0.157518964748,0.0,0.0,0.0,0.630075858992,0.157518964748,0.0,0.39379741187,0.0,1.57518964748,0.0,0.0,0.0,0.0,0.0,0.0,0.0,0.945113788487,0.0787594823739,0.0787419138969
0.0,2.67782240071,0.315037929496,0.0,8.89982150826,0.236278447122,0.0,0.157518964748,0.0787594823739,0.0787594823739,0.0,0.0787594823739,0.0,0.0787594823739,0.0787594823739,5.51316376618,0.0,0.0,0.157518964748,0.0,0.0787594823739,0.0,0.0,0.236278447122,0.157518964748,0.39379741187,0.0,0.0787594823739,0.0787594823739,0.157518964748,0.787594823739,0.39379741187,0.39379741187,1.02387327086,0.0787594823739,0.0787594823739,0.0787419138969
0.0,0.39379741187,0.157518964748,0.0,0.0787594823739,0.0787594823739,0.0,0.157518964748,0.0,0.0,0.0787594823739,0.0,0.0,0.0,0.0,0.0787594823739,0.0,0.0,0.0,0.0,0.0,0.0,0.0,0.0,0.0,0.0,0.0,0.0,0.0,0.0,0.0787594823739,0.0,0.0,0.0787594823739,0.0,0.0,0.0
0.0,0.0,0.0787594823739,0.0,0.0,0.0,0.157518964748,0.0,0.0,0.0,0.0,0.0,0.0,0.0,0.0,0.0,0.0,0.0,0.0,0.0,0.0,0.0,0.0,0.0,0.0,0.0,0.0,0.0,0.0,0.0,0.0,0.0,0.0787594823739,0.0,0.0,0.0,0.0
0.157518964748,0.236278447122,0.315037929496,0.0787594823739,0.236278447122,0.0,0.157518964748,3.70169567158,0.0,0.39379741187,0.0787594823739,0.39379741187,0.0,1.33891120036,0.0,0.0787594823739,0.0,0.0,0.157518964748,0.0,0.0,0.0,0.0,0.0,0.0787594823739,0.0,0.0787594823739,0.157518964748,0.0787594823739,1.02387327086,0.157518964748,0.0,1.33891120036,0.945113788487,0.0,0.315037929496,0.0
0.0,0.0,0.0,0.0787594823739,0.0,0.0,0.0,0.0,1.10263275324,0.0,0.0,0.0,0.0787594823739,0.0,0.157518964748,0.0787594823739,0.0,0.236278447122,0.0,0.0,0.0,0.0,0.0,0.0,0.0,0.0,0.0,0.0,0.0,0.0,0.0,0.0,0.0,0.0,0.0,0.236278447122,0.0787419138969
0.0787594823739,0.236278447122,0.0,1.57518964748,0.0,0.0,0.0787594823739,0.0,0.0,2.75658188309,0.157518964748,0.0,0.0,0.0,0.0,0.0787594823739,0.0,0.0,0.0787594823739,0.0,0.0,0.236278447122,0.0,0.0,0.472556894244,0.0,0.708835341365,0.0,0.0,0.315037929496,0.0787594823739,0.0,0.0,0.157518964748,0.0787594823739,0.0,0.0
0.0,0.0787594823739,0.0,0.0787594823739,0.0787594823739,0.0,0.0,0.0787594823739,0.0,0.0787594823739,0.157518964748,0.0,0.0,0.315037929496,0.0787594823739,0.157518964748,0.0,0.0,0.0,0.0,0.0,0.0,0.0,0.0,0.0787594823739,0.0,0.0787594823739,0.0,0.0,0.0,0.0,0.0,0.0,0.0787594823739,0.0,0.0,0.0
0.0,0.0787594823739,0.0787594823739,0.0,0.0787594823739,0.0,0.0,0.39379741187,0.0,0.0787594823739,0.0787594823739,0.630075858992,0.0,0.0787594823739,0.0,0.0,0.0,0.0,0.236278447122,0.0,0.0,0.0,0.0,0.0,0.0,0.0,0.0,0.0,0.0,0.315037929496,0.0,0.0,0.157518964748,1.02387327086,0.0,0.157518964748,0.0
0.0,0.0,0.0,0.157518964748,0.0,0.0,0.0,0.0,0.0,0.0,0.0,0.0,3.70169567158,0.0,0.0787594823739,0.0,0.0,1.02387327086,0.0,0.0,0.0,0.0,0.0,0.0,0.0,0.0,0.0787594823739,0.0,0.0,0.0,0.0,0.0,0.0,0.0,1.02387327086,0.0,0.393709569485
0.236278447122,0.236278447122,0.0787594823739,0.0787594823739,0.0787594823739,0.0,0.0,1.02387327086,0.0,0.472556894244,0.315037929496,0.157518964748,0.0,1.33891120036,0.0787594823739,0.0,0.0,0.0,0.0787594823739,0.0,0.0,0.157518964748,0.0787594823739,0.0,0.315037929496,0.0,0.157518964748,0.0787594823739,0.0,0.0787594823739,0.0,0.0,0.236278447122,0.236278447122,0.0787594823739,0.0,0.0
0.0,0.157518964748,0.236278447122,0.315037929496,0.236278447122,0.0,0.0,0.472556894244,0.315037929496,0.0787594823739,0.0787594823739,0.0787594823739,0.157518964748,0.0787594823739,0.630075858992,0.157518964748,0.157518964748,0.236278447122,0.0,0.0,0.0787594823739,0.0787594823739,0.0,0.0,0.0,0.0,0.157518964748,0.0787594823739,0.0787594823739,0.157518964748,0.0,0.315037929496,0.0,0.315037929496,0.157518964748,0.39379741187,0.236225741691
0.0787594823739,1.65394912985,0.0787594823739,0.0787594823739,5.27688531905,0.157518964748,0.0787594823739,0.157518964748,0.0,0.0,0.0,0.315037929496,0.0787594823739,0.0,0.0,10.4750111557,0.0,0.0,0.0,0.0787594823739,0.0,0.0,0.0,0.236278447122,0.0787594823739,0.945113788487,0.0,0.0787594823739,0.315037929496,0.0787594823739,1.26015171798,0.157518964748,0.157518964748,0.787594823739,0.157518964748,0.236278447122,0.0
0.0,0.0,0.0,0.0,0.0,0.0,0.0,0.0,0.0,0.0,0.0,0.0,0.0,0.0,0.0,0.0,2.28402498884,0.0,0.0,0.0,0.0,0.0,0.0,0.0,0.0,0.0,0.0,0.0,0.0,0.0,0.0,0.236278447122,0.0,0.0,0.0,0.0787594823739,0.0
0.0,0.0,0.0,0.0,0.0,0.0,0.0,0.0,0.236278447122,0.0787594823739,0.0,0.0,0.472556894244,0.0,0.0,0.0,0.0,0.866354306113,0.0,0.0,0.0,0.0,0.0,0.0,0.0,0.0,0.0787594823739,0.0,0.0,0.0,0.0,0.0,0.0,0.0,0.236278447122,0.0787594823739,0.157483827794
0.0,0.0,0.0,0.0,0.0,0.0,0.0,0.236278447122,0.0,0.0,0.0,0.157518964748,0.0,0.0,0.0,0.0787594823739,0.0,0.0,0.315037929496,0.0,0.0,0.0,0.0,0.0,0.0,0.0,0.0,0.0,0.0,0.315037929496,0.0,0.0,0.0,0.708835341365,0.0,0.0,0.0
0.0,0.0,0.0,0.0,0.0,0.0,0.0,0.0,0.0,0.0,0.0,0.0,0.0,0.0,0.0,0.0,0.0,0.0,0.0,0.0,0.0,0.0,0.0,0.0,0.0,0.0787594823739,0.0,0.0,0.0,0.0,0.0,0.0,0.0,0.0,0.0,0.0,0.0
0.0,0.0787594823739,0.0,0.0,0.0,0.0,0.0,0.0,0.0,0.0,0.0,0.0,0.0,0.0,0.0,0.0,0.0,0.0,0.0,0.0,0.472556894244,0.0,0.0,0.0787594823739,0.0,0.0,0.0,0.0,0.0,0.0,0.0,0.236278447122,0.0787594823739,0.0787594823739,0.0,0.157518964748,0.0
0.0787594823739,0.0,0.0,0.236278447122,0.0,0.0,0.0,0.0787594823739,0.0787594823739,0.315037929496,0.0787594823739,0.0,0.0787594823739,0.0,0.0,0.0787594823739,0.0,0.0787594823739,0.0,0.0,0.0,1.02387327086,0.0,0.0,0.236278447122,0.0,0.0787594823739,0.0,0.0,0.0,0.0,0.0,0.0,0.0,0.0,0.0,0.0787419138969
0.0,0.0787594823739,0.0,0.39379741187,0.0,0.0,0.0,0.0787594823739,0.0,0.0787594823739,0.0787594823739,0.0,0.0,0.0,0.0,0.0,0.0,0.0,0.0,0.0,0.0,0.157518964748,0.315037929496,0.0,0.236278447122,0.0,0.236278447122,0.0,0.0,0.0787594823739,0.0,0.0,0.0,0.0,0.0787594823739,0.0787594823739,0.0787419138969
0.0,0.0787594823739,0.0,0.0,0.0,0.0787594823739,0.0,0.0787594823739,0.0,0.0,0.0,0.0,0.0,0.0,0.0,0.0787594823739,0.0,0.0,0.0,0.0,0.315037929496,0.0,0.0,0.236278447122,0.0,0.0,0.0,0.0,0.0,0.0,0.551316376618,0.157518964748,0.0,0.0,0.0,0.0,0.0
0.0787594823739,0.0787594823739,0.0787594823739,0.315037929496,0.0787594823739,0.0,0.0787594823739,0.236278447122,0.0,0.630075858992,0.0,0.0,0.0,0.157518964748,0.0,0.0,0.0,0.0,0.0,0.0,0.0,0.236278447122,0.0,0.0,0.472556894244,0.0,0.0787594823739,0.0,0.0,0.0787594823739,0.0,0.0,0.0,0.0787594823739,0.0787594823739,0.0,0.0787419138969
0.0,0.0,0.0,0.0,0.157518964748,0.0,0.0,0.0,0.0,0.0,0.0,0.0,0.0,0.0,0.0,0.39379741187,0.0,0.0,0.0,0.0,0.0,0.0,0.0,0.0,0.0,0.39379741187,0.0,0.0,0.157518964748,0.0,0.236278447122,0.0787594823739,0.0,0.0,0.0,0.0,0.0
0.0787594823739,0.0,0.0,0.866354306113,0.0787594823739,0.0,0.0,0.0787594823739,0.0,0.866354306113,0.157518964748,0.0787594823739,0.0787594823739,0.0,0.0,0.0787594823739,0.0,0.0,0.0,0.0,0.0,0.157518964748,0.0,0.0,0.315037929496,0.0,2.91410084784,0.0,0.0,0.0787594823739,0.0,0.0,0.0,0.0787594823739,0.157518964748,0.0,0.0
0.0,0.0,0.0787594823739,0.0,0.0787594823739,0.0,0.0787594823739,0.0787594823739,0.0,0.0,0.0,0.0,0.0,0.0,0.0787594823739,0.0,0.0,0.0,0.0,0.0,0.236278447122,0.0,0.0,0.0,0.0,0.0,0.0,0.945113788487,0.0,0.0,0.0,0.157518964748,0.157518964748,0.0,0.0,0.39379741187,0.0
0.0,0.0,0.0,0.0,0.0787594823739,0.0,0.0,0.0,0.0,0.0,0.0,0.0,0.0,0.0,0.0,0.0787594823739,0.0,0.0,0.0,0.0,0.0,0.0,0.0,0.0,0.0,0.0787594823739,0.0,0.0,0.39379741187,0.0,0.0,0.0,0.0,0.0787594823739,0.0,0.0787594823739,0.0
0.0,0.157518964748,0.0,0.157518964748,0.0,0.0,0.0,0.787594823739,0.0,0.0787594823739,0.0,0.236278447122,0.0,0.0787594823739,0.0,0.0787594823739,0.0,0.0,0.315037929496,0.0,0.0,0.0,0.0,0.0,0.0,0.0,0.0787594823739,0.0,0.0,0.945113788487,0.0,0.0,0.39379741187,1.18139223561,0.0,0.0,0.0
0.0,0.0787594823739,0.0,0.0,1.26015171798,0.0787594823739,0.0,0.0,0.0,0.0,0.0,0.0,0.0,0.0,0.0,0.39379741187,0.0,0.0,0.0,0.0,0.0,0.0,0.0,0.236278447122,0.0,0.0787594823739,0.0,0.0,0.0,0.0,1.33891120036,0.39379741187,0.0787594823739,0.157518964748,0.0,0.0,0.0
0.0,0.0,0.0787594823739,0.0,0.157518964748,0.0,0.0,0.157518964748,0.0,0.0787594823739,0.0,0.0,0.0,0.0,0.0,0.157518964748,0.551316376618,0.0,0.0,0.0,0.315037929496,0.0,0.0,0.236278447122,0.0,0.0787594823739,0.0,0.0,0.0,0.0,0.236278447122,2.44154395359,0.0,0.0,0.0,0.157518964748,0.0
0.0787594823739,0.39379741187,0.945113788487,0.0787594823739,0.236278447122,0.157518964748,0.0787594823739,0.945113788487,0.0,0.157518964748,0.0,0.157518964748,0.0,0.315037929496,0.0,0.157518964748,0.0,0.0,0.0,0.0,0.0787594823739,0.0,0.0,0.0,0.0787594823739,0.0,0.0787594823739,0.157518964748,0.0,0.0787594823739,0.0787594823739,0.157518964748,2.67782240071,1.10263275324,0.0787594823739,0.236278447122,0.0
0.0787594823739,0.708835341365,1.96898705935,0.0787594823739,0.945113788487,0.0787594823739,0.0787594823739,1.65394912985,0.0,0.315037929496,0.157518964748,1.89022757697,0.0787594823739,0.157518964748,0.315037929496,1.41767068273,0.0,0.0,1.26015171798,0.0,0.0,0.0787594823739,0.0,0.0,0.0787594823739,0.0,0.0787594823739,0.236278447122,0.0,1.57518964748,0.0,0.236278447122,1.57518964748,10.7112896029,0.0,0.315037929496,0.0787419138969
0.0,0.0,0.0787594823739,0.236278447122,0.0,0.0,0.0,0.0,0.0787594823739,0.0,0.0,0.0,1.41767068273,0.0,0.0787594823739,0.0,0.0,0.157518964748,0.0,0.0,0.0,0.0,0.0,0.0,0.236278447122,0.0,0.0787594823739,0.0,0.0,0.0,0.0,0.0,0.0,0.0787594823739,8.19098616689,0.0,1.49609636404
0.0787594823739,0.315037929496,0.315037929496,0.236278447122,0.236278447122,0.0787594823739,0.0,0.157518964748,0.157518964748,0.157518964748,0.0,0.0,0.0,0.0,0.0,0.0787594823739,0.157518964748,0.39379741187,0.0787594823739,0.0,0.708835341365,0.0,0.0,0.0787594823739,0.0787594823739,0.0787594823739,0.0787594823739,0.551316376618,0.0,0.0787594823739,0.0,0.315037929496,0.0787594823739,0.472556894244,0.0,17.0120481928,0.236225741691
0.0,0.0,0.0,0.0787594823739,0.0,0.0,0.0,0.0787594823739,0.0,0.0,0.0,0.0,0.708835341365,0.0,0.0,0.0,0.0,0.236278447122,0.0,0.0,0.0,0.0787594823739,0.0,0.0,0.0,0.0,0.0,0.0,0.0,0.0,0.0,0.0,0.0787594823739,0.0,2.36278447122,0.0,3.30716038367
