0.0987136465324,0.0,0.0,0.0,0.0,0.0,0.0,0.0,0.0987136465324,0.0,0.0,0.0,0.0,0.0987136465324,0.0987136465324,0.0987136465324,0.0,0.0,0.0,0.0,0.0,0.0,0.0,0.0,0.0,0.0,0.0,0.0,0.0,0.0,0.0,0.0,0.0,0.0,0.0,0.0987136465324,0.0
0.0,1.48070469799,0.78970917226,0.0,0.888422818792,0.0,0.0,0.0,0.0,0.0,0.0987136465324,0.0,0.0,0.0987136465324,0.0987136465324,0.592281879195,0.0,0.0,0.0,0.0,0.0987136465324,0.0987136465324,0.0,0.0,0.0,0.0987136465324,0.0,0.0987136465324,0.0,0.0987136465324,0.0987136465324,0.0,0.0,0.296140939597,0.0,0.296140939597,0.0
0.0987136465324,0.39485458613,0.296140939597,0.0,0.0,0.0,0.0,0.0,0.0,0.0,0.0,0.0987136465324,0.0,0.0,0.0987136465324,0.197427293065,0.0,0.0,0.0,0.0,0.0,0.0,0.0,0.0,0.0,0.0,0.0,0.0987136465324,0.0,0.0,0.197427293065,0.0,0.0,0.888422818792,0.0,0.197427293065,0.0
0.0,0.0,0.0,0.690995525727,0.0,0.0,0.0,0.0,0.0,0.0987136465324,0.0,0.0,0.0,0.0,0.493568232662,0.0987136465324,0.0,0.0987136465324,0.0,0.0,0.0,0.197427293065,0.0,0.0,0.0,0.0,0.0,0.0,0.0,0.0,0.0,0.0,0.0,0.0,0.197427293065,0.197427293065,0.0
0.0,0.592281879195,0.0987136465324,0.0,1.77684563758,0.0,0.0,0.0,0.0,0.0,0.0,0.0987136465324,0.0,0.0,0.39485458613,1.18456375839,0.0,0.0,0.0,0.0,0.296140939597,0.0987136465324,0.0,0.0,0.0,0.0987136465324,0.0,0.0,0.0,0.0,0.197427293065,0.0987136465324,0.0,0.0987136465324,0.0,0.0987136465324,0.0
0.0,0.39485458613,0.0,0.0,0.0,0.0987136465324,0.0,0.0,0.0,0.0,0.0,0.0,0.0,0.0,0.197427293065,0.0987136465324,0.0,0.0,0.0,0.0,0.0987136465324,0.0,0.0,0.0,0.0,0.0,0.0,0.0987136465324,0.0,0.0987136465324,0.0,0.0,0.0,0.0,0.0,0.0987136465324,0.0
0.0,0.0,0.0987136465324,0.0,0.0,0.0,0.197427293065,0.0,0.0,0.0,0.0,0.0,0.0,0.0,0.0,0.0987136465324,0.0,0.0,0.0,0.0,0.0,0.0,0.0,0.0,0.0,0.0,0.0,0.0,0.0,0.0,0.0,0.0,0.0,0.0,0.0,0.0987136465324,0.0
0.0987136465324,0.0,0.0987136465324,0.0,0.0,0.0,0.0,0.197427293065,0.0,0.0,0.0,0.0,0.0,0.0987136465324,0.296140939597,0.0,0.0,0.0,0.0,0.0,0.0,0.0,0.0,0.0,0.0987136465324,0.0,0.0,0.0,0.0,0.0,0.0,0.0,0.0987136465324,0.197427293065,0.0,0.0,0.0
0.0,0.0,0.0,0.0,0.0,0.0,0.0,0.0,0.197427293065,0.0,0.0,0.0,0.0,0.0,0.0987136465324,0.0,0.0,0.0,0.0,0.0,0.0,0.0,0.0,0.0,0.0,0.0,0.0,0.0,0.0,0.0,0.0,0.0,0.0,0.0,0.0,0.0987136465324,0.0986860497624
0.0,0.0,0.0,0.0,0.0,0.0,0.0,0.0987136465324,0.0,0.690995525727,0.0,0.0,0.0,0.0,0.296140939597,0.0987136465324,0.0,0.0,0.0,0.0,0.0,0.0,0.0,0.0,0.0,0.0,0.0,0.0,0.0,0.0,0.0,0.0,0.0987136465324,0.0,0.0987136465324,0.197427293065,0.0
0.0,0.0,0.0,0.0987136465324,0.0,0.0,0.0,0.0,0.0,0.0,0.0987136465324,0.0,0.0,0.0,0.0,0.0987136465324,0.0,0.0,0.0,0.0,0.0,0.0,0.0,0.0,0.0,0.0,0.0,0.0,0.0,0.0,0.0,0.0,0.0,0.0,0.0,0.0,0.0
0.0,0.0987136465324,0.0,0.0,0.0,0.0,0.0,0.0,0.0,0.0,0.0,0.296140939597,0.0,0.0,0.296140939597,0.0987136465324,0.0,0.0,0.197427293065,0.0,0.0,0.0,0.0,0.0,0.0,0.0,0.0,0.0,0.0,0.296140939597,0.0,0.0,0.0987136465324,0.493568232662,0.0,0.0,0.0
0.0,0.0,0.0,0.0987136465324,0.0,0.0,0.0,0.0,0.0,0.0,0.0,0.0,1.18456375839,0.0,0.592281879195,0.0,0.0,0.0987136465324,0.0,0.0,0.0,0.0,0.0,0.0,0.0,0.0,0.0,0.0,0.0,0.0,0.0,0.0,0.0,0.0,0.296140939597,0.0,0.296058149287
0.0,0.0,0.0,0.0,0.0,0.0987136465324,0.0,0.0987136465324,0.0,0.0,0.0,0.0,0.0,0.0987136465324,0.0987136465324,0.0987136465324,0.0,0.0987136465324,0.0,0.0,0.0,0.0987136465324,0.0,0.0,0.0,0.0,0.0,0.0,0.0,0.0,0.0,0.0,0.0,0.0,0.0,0.0,0.0
0.0,0.0,0.0,0.0,0.0,0.0,0.0,0.0,0.0,0.0,0.0,0.0,0.0987136465324,0.0,0.0987136465324,0.0,0.0,0.0,0.0,0.0,0.0,0.0,0.0,0.0,0.0,0.0,0.0,0.0,0.0,0.0,0.0,0.0,0.0,0.0,0.0,0.0,0.0
0.0,0.197427293065,0.197427293065,0.0,0.987136465324,0.0,0.0,0.0,0.0,0.0,0.0,0.0,0.0,0.0,0.0,1.87555928412,0.0987136465324,0.0,0.0,0.0,0.0,0.0,0.0,0.0987136465324,0.0,0.197427293065,0.0,0.0987136465324,0.0987136465324,0.0,0.39485458613,0.0987136465324,0.0987136465324,0.690995525727,0.0,0.296140939597,0.0
0.0,0.0,0.0,0.0,0.0,0.0,0.0,0.0,0.0,0.0,0.0,0.0,0.0,0.0,0.0,0.0,0.78970917226,0.0,0.0,0.0,0.0,0.0,0.0,0.0,0.0,0.0,0.0,0.0,0.0,0.0,0.0,0.0,0.0,0.0,0.0,0.0,0.0
0.0,0.0,0.0,0.0,0.0,0.0,0.0,0.0,0.0,0.0,0.0,0.0,0.296140939597,0.0,0.493568232662,0.0,0.0,0.39485458613,0.0,0.0,0.0,0.0,0.0,0.0,0.0,0.0,0.0,0.0,0.0,0.0,0.0,0.0,0.0,0.0,0.0987136465324,0.0987136465324,0.0
0.0,0.0,0.0,0.0,0.0,0.0,0.0,0.0,0.0,0.0,0.0,0.0,0.0987136465324,0.0,0.0987136465324,0.0,0.0,0.0,0.296140939597,0.0,0.0,0.0,0.0,0.0,0.0,0.0,0.0,0.0,0.0,0.0987136465324,0.0,0.0,0.0,0.296140939597,0.0,0.0987136465324,0.0
0.0,0.0,0.0,0.0,0.0,0.0,0.0,0.0,0.0,0.0,0.0,0.0,0.0,0.0,0.0,0.0,0.0,0.0,0.0,0.0,0.0,0.0,0.0,0.0,0.0,0.0,0.0,0.0,0.0,0.0,0.0,0.0,0.0,0.0,0.0,0.0,0.0
0.0,0.0,0.0,0.0,0.0,0.0,0.0,0.0,0.0,0.0,0.0,0.0,0.0,0.0,0.0,0.0987136465324,0.0,0.0,0.0,0.0,0.39485458613,0.0,0.0,0.0,0.0,0.0,0.0,0.0987136465324,0.0,0.0,0.0987136465324,0.0,0.0,0.0,0.0,0.39485458613,0.0
0.0987136465324,0.0,0.0,0.0987136465324,0.0,0.0,0.0,0.0,0.0,0.0987136465324,0.0,0.0,0.0,0.0,0.0,0.0,0.0,0.0,0.0,0.0,0.0,0.0987136465324,0.0,0.0,0.197427293065,0.0,0.0,0.0,0.0,0.0,0.0,0.0,0.0,0.0,0.0,0.0,0.0
0.0,0.0,0.0,0.0,0.0,0.0,0.0,0.0,0.0,0.0,0.0,0.0,0.0,0.0,0.0987136465324,0.0,0.0,0.0,0.0,0.0,0.0,0.0987136465324,0.0,0.0,0.0,0.0,0.0,0.0,0.0,0.0,0.0,0.0,0.0,0.0,0.0,0.0,0.0
0.0,0.0,0.0,0.0,0.0,0.0987136465324,0.0,0.0,0.0,0.0,0.0,0.0,0.0,0.0,0.0,0.197427293065,0.0,0.0,0.0,0.0,0.592281879195,0.0,0.0,0.296140939597,0.0,0.0,0.0,0.0,0.0,0.0,0.197427293065,0.197427293065,0.0,0.0,0.0,0.0,0.0
0.0,0.0,0.0,0.0,0.0,0.0,0.0,0.0,0.0,0.0987136465324,0.0,0.0,0.0,0.0987136465324,0.0,0.0,0.0,0.0,0.0,0.0,0.0,0.0,0.0987136465324,0.0,0.0987136465324,0.0,0.0,0.0,0.0,0.0,0.0,0.0,0.0,0.0,0.0,0.0,0.0
0.0,0.0,0.0,0.0,0.0,0.0,0.0,0.0,0.0,0.0,0.0,0.0,0.0,0.0,0.0,0.0987136465324,0.0,0.0,0.0,0.0,0.0,0.0,0.0,0.0,0.0,0.197427293065,0.0,0.0,0.0,0.0,0.0,0.0,0.0,0.0987136465324,0.0,0.0987136465324,0.0
0.0,0.0,0.0,0.0987136465324,0.0,0.0,0.0,0.0,0.0,0.296140939597,0.0,0.0,0.0,0.0,0.197427293065,0.0,0.0,0.0,0.0,0.0,0.0,0.0,0.0,0.0,0.0,0.0,0.197427293065,0.0,0.0,0.0,0.0,0.0,0.0,0.0,0.296140939597,0.0,0.0
0.0,0.0,0.0987136465324,0.0,0.0,0.0,0.0,0.0,0.0,0.0,0.0,0.0,0.0,0.0,0.197427293065,0.0987136465324,0.0,0.0,0.0,0.0,0.0,0.0,0.0,0.0,0.0,0.0,0.0,0.0,0.0,0.0,0.0,0.0,0.0,0.0,0.0,0.0987136465324,0.0
0.0,0.0,0.0,0.0987136465324,0.0,0.0,0.0,0.0,0.0,0.0,0.0,0.0,0.0,0.0,0.0987136465324,0.0987136465324,0.0,0.0,0.0,0.0,0.0,0.0,0.0,0.0,0.0,0.0987136465324,0.0,0.0,0.0987136465324,0.0,0.0,0.0,0.0,0.0987136465324,0.0,0.0,0.0
0.0,0.0,0.0987136465324,0.0,0.0,0.0,0.0,0.0,0.0,0.0,0.0,0.0,0.0,0.0987136465324,0.0,0.0,0.0,0.0,0.0,0.0,0.0,0.0,0.0,0.0,0.0,0.0987136465324,0.0,0.0,0.0,0.197427293065,0.0,0.0,0.0,0.592281879195,0.0,0.0,0.0
0.0,0.0987136465324,0.0,0.0,0.592281879195,0.0,0.0,0.0,0.0,0.0,0.0,0.0987136465324,0.0,0.0,0.0,0.493568232662,0.0,0.0,0.0,0.0,0.0,0.0,0.0,0.39485458613,0.0,0.0987136465324,0.0,0.0,0.0,0.0,0.39485458613,0.197427293065,0.0,0.0,0.0,0.197427293065,0.0
0.0,0.0987136465324,0.0,0.0,0.0987136465324,0.0987136465324,0.0,0.0,0.0,0.0,0.0,0.0987136465324,0.0,0.0,0.0,0.296140939597,0.0987136465324,0.0,0.0,0.0,0.0987136465324,0.0,0.0,0.0987136465324,0.0,0.0,0.0,0.0987136465324,0.0987136465324,0.0,0.0987136465324,0.493568232662,0.197427293065,0.0,0.0,0.197427293065,0.0
0.0,0.0,0.197427293065,0.0,0.0,0.0,0.0,0.0987136465324,0.0,0.0,0.0,0.0,0.0,0.0987136465324,0.296140939597,0.0987136465324,0.0,0.0987136465324,0.0,0.0,0.0,0.0,0.0,0.0,0.0,0.0,0.0987136465324,0.0987136465324,0.0,0.0,0.0,0.0,0.39485458613,0.493568232662,0.0,0.0987136465324,0.0
0.0987136465324,0.296140939597,0.296140939597,0.0,0.197427293065,0.0,0.0,0.0987136465324,0.0,0.0987136465324,0.0,0.0987136465324,0.0,0.0,0.493568232662,0.592281879195,0.0,0.0987136465324,0.0,0.0,0.0,0.0,0.0,0.0,0.0,0.0,0.0,0.0,0.0,0.0987136465324,0.0,0.0,0.197427293065,3.3562639821,0.0,0.296140939597,0.0
0.0987136465324,0.0,0.0,0.0987136465324,0.0,0.0,0.0,0.0,0.0,0.0,0.0,0.0,0.296140939597,0.0,0.197427293065,0.0,0.0,0.197427293065,0.0,0.0,0.0,0.0,0.0,0.0,0.0987136465324,0.0,0.0987136465324,0.0,0.0,0.0,0.0,0.0,0.0,0.0,1.38199105145,0.197427293065,0.0986860497624
0.0,0.0,0.0,0.0,0.0,0.0,0.0987136465324,0.0987136465324,0.0,0.0,0.0,0.0,0.0,0.0,0.78970917226,0.0987136465324,0.0,0.197427293065,0.0,0.0,0.296140939597,0.0,0.0,0.0,0.0987136465324,0.0,0.0,0.0,0.0,0.0,0.0,0.0,0.0,0.197427293065,0.0,5.92281879195,0.0
0.0,0.0,0.0,0.0,0.0,0.0,0.0,0.0,0.0987136465324,0.0,0.0,0.0,0.197427293065,0.0,0.0987136465324,0.0,0.0,0.296140939597,0.0,0.0,0.0,0.0,0.0,0.0,0.0,0.0,0.0,0.0,0.0,0.0,0.0,0.0,0.0,0.0,0.78970917226,0.197427293065,0.789488398099
