0.217990942775,0.0,0.0,0.145327295183,0.0,0.0,0.0,0.0726636475916,0.0726636475916,0.145327295183,0.0,0.0,0.0,0.217990942775,0.0,0.0,0.0,0.0,0.0,0.0,0.0,0.145327295183,0.0,0.0,0.0,0.0,0.0,0.0,0.0,0.0,0.0,0.0,0.0,0.0,0.0,0.145327295183,0.0726486931467
0.0,6.10374639769,1.7439275422,0.0,2.10724578016,0.43598188555,0.217990942775,0.581309180733,0.0726636475916,0.0,0.0726636475916,0.145327295183,0.0,0.217990942775,0.0,1.96191848497,0.0,0.0726636475916,0.145327295183,0.0,0.0726636475916,0.0,0.0726636475916,0.145327295183,0.0726636475916,0.0726636475916,0.0,0.0726636475916,0.0,0.290654590366,0.0726636475916,0.0726636475916,1.01729106628,1.30794565665,0.0,0.290654590366,0.0
0.0,1.81659118979,3.70584602717,0.0,0.944627418691,0.0726636475916,0.0726636475916,0.508645533141,0.0,0.0,0.0726636475916,0.290654590366,0.0,0.217990942775,0.0,0.290654590366,0.0,0.145327295183,0.0,0.0,0.0726636475916,0.0,0.0726636475916,0.145327295183,0.0726636475916,0.0,0.0726636475916,0.0726636475916,0.0,0.145327295183,0.0,0.0726636475916,1.08995471387,1.81659118979,0.0,0.217990942775,0.0
0.290654590366,0.145327295183,0.0,5.01379168382,0.0726636475916,0.0,0.0726636475916,0.217990942775,0.290654590366,1.59860024702,0.0726636475916,0.0,0.0726636475916,0.0,0.145327295183,0.145327295183,0.0,0.0726636475916,0.0,0.0,0.0726636475916,0.0726636475916,0.508645533141,0.0,0.871963771099,0.0,0.653972828324,0.0,0.0,0.0726636475916,0.0,0.0,0.290654590366,0.0,0.726636475916,0.0726636475916,0.726486931467
0.0,2.17990942775,0.653972828324,0.0,8.21099217785,0.363318237958,0.0726636475916,0.217990942775,0.0,0.0726636475916,0.0,0.0,0.0,0.0726636475916,0.0726636475916,3.4878550844,0.0,0.0726636475916,0.0,0.0,0.0726636475916,0.0,0.0,0.145327295183,0.0,0.43598188555,0.0726636475916,0.0,0.0726636475916,0.0726636475916,1.38060930424,0.363318237958,0.0726636475916,0.217990942775,0.0,0.145327295183,0.0
0.0,0.43598188555,0.0726636475916,0.0,0.508645533141,0.217990942775,0.0,0.0,0.0,0.0,0.0,0.0,0.0,0.0,0.0726636475916,0.0726636475916,0.0,0.0,0.0,0.0,0.0726636475916,0.0,0.0,0.0,0.0,0.0,0.0,0.0,0.0,0.0,0.0,0.0726636475916,0.0,0.0,0.0,0.0,0.0
0.0,0.145327295183,0.0726636475916,0.0,0.0726636475916,0.0726636475916,0.145327295183,0.0726636475916,0.0,0.0,0.0,0.0,0.0,0.0,0.0,0.0,0.0,0.0,0.0,0.0,0.0726636475916,0.0,0.0,0.0,0.0,0.0,0.0,0.0,0.0,0.0,0.0,0.0,0.290654590366,0.0726636475916,0.0,0.0726636475916,0.0
0.0726636475916,0.290654590366,0.363318237958,0.0726636475916,0.217990942775,0.0,0.0,3.05187319885,0.0726636475916,0.145327295183,0.145327295183,0.217990942775,0.0,0.43598188555,0.363318237958,0.290654590366,0.0,0.0726636475916,0.0726636475916,0.0,0.0,0.0726636475916,0.0726636475916,0.0,0.290654590366,0.0,0.217990942775,0.0726636475916,0.0726636475916,0.726636475916,0.0,0.0,1.23528200906,1.08995471387,0.0726636475916,0.145327295183,0.0
0.0,0.0,0.0,0.0,0.0726636475916,0.0,0.0,0.0,1.7439275422,0.0,0.0,0.0,0.0726636475916,0.0,0.145327295183,0.0,0.0,0.145327295183,0.0,0.0,0.0,0.0,0.0,0.0,0.0,0.0,0.0,0.0,0.0,0.0,0.0,0.0,0.0,0.0,0.0726636475916,0.217990942775,0.0
0.0726636475916,0.0,0.0726636475916,1.08995471387,0.145327295183,0.0,0.0,0.145327295183,0.0,2.90654590366,0.217990942775,0.0,0.0,0.217990942775,0.0726636475916,0.0726636475916,0.0,0.0,0.0,0.0,0.0,0.0726636475916,0.290654590366,0.0,0.363318237958,0.0,1.23528200906,0.0,0.0,0.0,0.0,0.0726636475916,0.145327295183,0.217990942775,0.0726636475916,0.0,0.0
0.0,0.217990942775,0.0,0.145327295183,0.0,0.0,0.0,0.217990942775,0.0,0.0,0.145327295183,0.0,0.0,0.0,0.0,0.0,0.0,0.0,0.0,0.0,0.0,0.0,0.0726636475916,0.0,0.0726636475916,0.0,0.145327295183,0.0,0.0,0.0726636475916,0.0,0.0,0.0,0.0726636475916,0.0,0.0,0.0
0.0,0.217990942775,0.217990942775,0.0726636475916,0.0726636475916,0.0726636475916,0.0,0.145327295183,0.0,0.0726636475916,0.0,0.145327295183,0.0,0.217990942775,0.0726636475916,0.0726636475916,0.0,0.0,0.145327295183,0.0,0.0,0.0726636475916,0.0,0.0,0.0726636475916,0.0,0.0,0.0,0.0,0.217990942775,0.0,0.0,0.0726636475916,0.799300123508,0.0,0.0726636475916,0.0
0.0,0.0,0.0,0.0726636475916,0.0,0.0,0.0,0.0,0.145327295183,0.0,0.0,0.0,2.54322766571,0.145327295183,0.217990942775,0.0,0.0,0.944627418691,0.0,0.0,0.0,0.0726636475916,0.0726636475916,0.0,0.0726636475916,0.0,0.0,0.0,0.0,0.0,0.0,0.0,0.0,0.0,1.23528200906,0.0,1.01708170405
0.0726636475916,0.290654590366,0.0726636475916,0.145327295183,0.0,0.0,0.0,0.726636475916,0.0,0.290654590366,0.217990942775,0.145327295183,0.0,1.45327295183,0.145327295183,0.0726636475916,0.0,0.0,0.0,0.0,0.0,0.0,0.0726636475916,0.0,0.363318237958,0.0726636475916,0.145327295183,0.0,0.0,0.217990942775,0.145327295183,0.0,0.217990942775,0.508645533141,0.145327295183,0.0726636475916,0.0726486931467
0.0726636475916,0.0,0.0726636475916,0.0,0.145327295183,0.145327295183,0.0,0.0726636475916,0.145327295183,0.0,0.0,0.0,0.0726636475916,0.0,0.290654590366,0.0726636475916,0.145327295183,0.0726636475916,0.0,0.0,0.0,0.0,0.0726636475916,0.0,0.0726636475916,0.0,0.0,0.0,0.0,0.0,0.0,0.0,0.0726636475916,0.145327295183,0.0,0.145327295183,0.0
0.0,1.30794565665,0.363318237958,0.145327295183,3.56051873199,0.0726636475916,0.0,0.0726636475916,0.0,0.0,0.0,0.0,0.0,0.0726636475916,0.0726636475916,7.26636475916,0.145327295183,0.0,0.0726636475916,0.0,0.0726636475916,0.0,0.0,0.0726636475916,0.0,0.508645533141,0.0726636475916,0.0,0.217990942775,0.0726636475916,0.217990942775,0.217990942775,0.217990942775,1.23528200906,0.0,0.0726636475916,0.145297386293
0.0,0.0,0.0,0.0,0.0,0.0,0.0,0.0,0.0,0.0,0.0,0.0,0.0,0.0,0.0,0.0726636475916,2.47056401811,0.0,0.0,0.0,0.0,0.0,0.0,0.0,0.0,0.0,0.0,0.0726636475916,0.0,0.0,0.0,0.944627418691,0.0,0.0,0.0,0.0,0.0
0.0,0.0,0.0,0.145327295183,0.0,0.0,0.0,0.0,0.145327295183,0.0,0.0,0.0,0.290654590366,0.0,0.0726636475916,0.0,0.0,1.23528200906,0.0,0.0,0.0,0.0,0.0,0.0,0.0,0.0,0.0726636475916,0.0,0.0,0.0,0.0,0.0,0.0,0.0,0.145327295183,0.0,0.290594772587
0.0,0.0726636475916,0.145327295183,0.0,0.0,0.0,0.0,0.0726636475916,0.0,0.0,0.0,0.217990942775,0.0,0.0,0.0,0.0,0.0,0.0,0.363318237958,0.0,0.0,0.0,0.0,0.0,0.0726636475916,0.0,0.0726636475916,0.0,0.0,0.0,0.0,0.0,0.0,0.43598188555,0.0,0.0,0.0
0.0,0.0,0.0,0.0,0.0,0.0,0.0,0.0,0.0,0.0,0.0,0.0,0.0,0.0,0.0,0.0,0.0726636475916,0.0,0.0,0.0,0.0,0.0,0.0,0.0,0.0,0.0,0.0,0.0,0.0,0.0,0.0,0.0,0.0,0.0,0.0,0.0,0.0
0.0,0.0,0.0,0.0,0.217990942775,0.0,0.0,0.0,0.0,0.0,0.0,0.0,0.0,0.0,0.0,0.0,0.0,0.0,0.0,0.0,0.581309180733,0.0,0.0,0.217990942775,0.0,0.0,0.0,0.145327295183,0.0,0.0,0.0726636475916,0.217990942775,0.0,0.0,0.0,0.43598188555,0.0
0.0726636475916,0.0726636475916,0.0,0.0,0.0,0.0,0.0,0.0,0.0,0.217990942775,0.0,0.0,0.0726636475916,0.0,0.0,0.0,0.0,0.0,0.0,0.0,0.0,0.871963771099,0.363318237958,0.0,0.217990942775,0.0,0.0726636475916,0.0,0.0,0.0,0.0,0.0,0.0,0.0,0.0726636475916,0.0726636475916,0.145297386293
0.0726636475916,0.0,0.0,0.508645533141,0.0,0.0,0.0,0.0726636475916,0.0,0.363318237958,0.0726636475916,0.0,0.0,0.145327295183,0.0,0.0,0.0,0.0,0.0,0.0,0.0,0.145327295183,0.290654590366,0.0,0.217990942775,0.0,0.0,0.0,0.0,0.0,0.0,0.0,0.0726636475916,0.0,0.0,0.0726636475916,0.0
0.0726636475916,0.0726636475916,0.0726636475916,0.0,0.217990942775,0.0726636475916,0.0,0.0,0.0,0.0,0.0,0.0,0.0,0.0,0.0,0.290654590366,0.0,0.0,0.0,0.0,0.363318237958,0.0,0.0,0.508645533141,0.0,0.0,0.0,0.0,0.0,0.0,0.217990942775,0.43598188555,0.0726636475916,0.0,0.0,0.0726636475916,0.0
0.290654590366,0.0,0.0726636475916,0.217990942775,0.0,0.0,0.0,0.217990942775,0.0,0.799300123508,0.363318237958,0.0,0.0,0.217990942775,0.0,0.0,0.0,0.0,0.0,0.0,0.0726636475916,0.0726636475916,0.363318237958,0.0,0.653972828324,0.0,0.0,0.0,0.0,0.0,0.0,0.0,0.0,0.145327295183,0.0,0.0,0.0
0.0,0.0,0.0,0.0,0.43598188555,0.0,0.0,0.0,0.0,0.0,0.0,0.0,0.0,0.0,0.0,0.363318237958,0.0,0.0,0.0,0.0,0.0,0.0,0.0,0.0,0.0,0.0726636475916,0.0,0.0,0.0726636475916,0.0,0.145327295183,0.0,0.0,0.0726636475916,0.0,0.0,0.0
0.0,0.0726636475916,0.0,0.290654590366,0.0726636475916,0.0,0.0,0.217990942775,0.0726636475916,1.45327295183,0.0726636475916,0.0,0.0726636475916,0.0726636475916,0.0726636475916,0.145327295183,0.0,0.0,0.0726636475916,0.0,0.0,0.145327295183,0.217990942775,0.0,0.217990942775,0.0,2.39790037052,0.0,0.0,0.0,0.145327295183,0.0,0.0,0.0,0.0726636475916,0.217990942775,0.0
0.0,0.0,0.217990942775,0.0,0.0726636475916,0.0,0.0,0.290654590366,0.0,0.0,0.0,0.0,0.0,0.0726636475916,0.0,0.0,0.0,0.0,0.0,0.0,0.0,0.0,0.0,0.0,0.0,0.0,0.0,0.363318237958,0.0,0.0,0.0,0.0,0.0726636475916,0.0726636475916,0.0726636475916,0.363318237958,0.0
0.0,0.0,0.0726636475916,0.0,0.0,0.0726636475916,0.0,0.0,0.0,0.0,0.0,0.0,0.0,0.0,0.0,0.0726636475916,0.0726636475916,0.0,0.0,0.0,0.0,0.0,0.0,0.0,0.0,0.0726636475916,0.0,0.0,0.508645533141,0.0,0.0,0.0,0.0,0.0726636475916,0.0,0.0,0.0
0.0,0.0,0.799300123508,0.145327295183,0.0726636475916,0.0,0.0,1.23528200906,0.0,0.290654590366,0.0,0.290654590366,0.0,0.0726636475916,0.145327295183,0.290654590366,0.0,0.0,0.0726636475916,0.0,0.0,0.0,0.0,0.0,0.0726636475916,0.0,0.0,0.0,0.0,1.16261836147,0.0,0.0,0.508645533141,0.871963771099,0.0726636475916,0.0726636475916,0.0
0.0,0.581309180733,0.0,0.0,1.23528200906,0.217990942775,0.0726636475916,0.0,0.0,0.0,0.0,0.0726636475916,0.0,0.0,0.0726636475916,0.508645533141,0.0,0.0,0.0,0.0,0.0726636475916,0.0,0.0,0.0,0.0,0.0,0.0,0.0726636475916,0.0,0.0,1.88925483738,0.145327295183,0.0726636475916,0.0726636475916,0.0,0.145327295183,0.0
0.0,0.0726636475916,0.0,0.0,0.145327295183,0.0,0.0726636475916,0.0,0.0,0.0726636475916,0.0,0.0,0.0,0.0,0.0,0.217990942775,0.726636475916,0.0,0.0,0.0,0.581309180733,0.0,0.0,0.217990942775,0.0,0.0,0.0,0.0,0.0,0.0,0.43598188555,2.10724578016,0.145327295183,0.0,0.0,0.0,0.0
0.0726636475916,0.726636475916,1.30794565665,0.145327295183,0.217990942775,0.0,0.581309180733,1.52593659942,0.0,0.0726636475916,0.0,0.217990942775,0.0,0.363318237958,0.0726636475916,0.145327295183,0.0,0.0,0.0,0.0,0.0,0.0,0.145327295183,0.0,0.0,0.0,0.0,0.290654590366,0.0726636475916,1.01729106628,0.290654590366,0.0726636475916,2.83388225607,1.67126389461,0.145327295183,0.508645533141,0.0
0.0,1.08995471387,1.96191848497,0.217990942775,0.508645533141,0.0,0.145327295183,1.08995471387,0.0726636475916,0.0726636475916,0.145327295183,0.363318237958,0.0,0.0,0.217990942775,0.799300123508,0.0,0.290654590366,0.290654590366,0.0,0.0,0.0726636475916,0.145327295183,0.0726636475916,0.145327295183,0.0,0.217990942775,0.0726636475916,0.0,0.726636475916,0.0,0.0,1.38060930424,10.0275833676,0.145327295183,0.217990942775,0.0
0.0,0.0,0.0726636475916,0.581309180733,0.0,0.0,0.0,0.0726636475916,0.0726636475916,0.0,0.0,0.0,2.10724578016,0.0726636475916,0.290654590366,0.0,0.0,0.290654590366,0.0726636475916,0.0,0.0,0.145327295183,0.0,0.0,0.0,0.0,0.0,0.0,0.0,0.0726636475916,0.0,0.0,0.0,0.0,7.41169205434,0.0,2.39740687384
0.217990942775,0.217990942775,0.581309180733,0.145327295183,0.0,0.217990942775,0.0726636475916,0.290654590366,0.0726636475916,0.217990942775,0.145327295183,0.217990942775,0.0,0.0726636475916,0.217990942775,0.0726636475916,0.0,0.217990942775,0.0,0.0,0.653972828324,0.217990942775,0.0,0.0726636475916,0.0,0.0,0.0,0.653972828324,0.0,0.0,0.0,0.0726636475916,0.145327295183,0.290654590366,0.145327295183,14.5327295183,0.0
0.0726636475916,0.0726636475916,0.0,0.217990942775,0.0,0.0,0.0,0.0726636475916,0.0,0.217990942775,0.0,0.0,0.944627418691,0.0,0.145327295183,0.0,0.0,0.43598188555,0.0,0.0,0.0,0.0,0.0,0.0,0.0,0.0,0.0,0.0,0.0,0.0,0.0,0.0,0.0,0.0,2.25257307534,0.145327295183,3.2691911916
