粤B33207,114.117683,22.580116,8
粤B33207,114.118919,22.580017,9
粤B33207,114.122749,22.578417,10
粤B33207,114.124367,22.572701,11
粤B33207,114.124367,22.572701,12
粤B33207,114.125633,22.573183,13
粤B33207,114.128265,22.57485,14
粤B33207,114.134781,22.573868,15
粤B33207,114.132217,22.5744,15
粤B33207,114.135399,22.575018,16
粤B33207,114.135216,22.57485,17
粤B33207,114.133919,22.573517,18
粤B33207,114.133919,22.573517,18
粤B33207,114.134354,22.572968,19
粤B33207,114.13398,22.57095,20
粤B33207,114.137421,22.567949,21
粤B33207,114.139633,22.563116,22
粤B33207,114.139534,22.563232,22
粤B33207,114.138885,22.553883,23
粤B33207,114.132668,22.545782,24
粤B33207,114.123253,22.540667,25
粤B33207,114.105865,22.537083,26
粤B33207,114.116333,22.539301,26
粤B33207,114.095947,22.538082,27
粤B33207,114.084831,22.537399,28
粤B33207,114.07682,22.532017,29
粤B33207,114.066399,22.531816,30
粤B33207,114.055679,22.5317,31
粤B33207,114.050331,22.533466,32
粤B33207,114.051468,22.526983,33
粤B33207,114.051033,22.528099,33
粤B33207,114.051033,22.528099,34
粤B33207,114.051033,22.528099,34
粤B33207,114.051353,22.535084,35
粤B33207,114.05352,22.537416,36
粤B33207,114.055931,22.538601,37
粤B33207,114.055916,22.5394,38
粤B33207,114.053833,22.539534,39
粤B33207,114.053413,22.537518,40
粤B33207,114.05127,22.543051,41
粤B33207,114.052353,22.538868,41
粤B33207,114.048698,22.545218,42
粤B33207,114.047668,22.549067,43
粤B33207,114.048965,22.549351,44
粤B33207,114.05397,22.549351,45
粤B33207,114.056366,22.551216,46
粤B33207,114.061996,22.551283,47
粤B33207,114.062653,22.554684,48
粤B33207,114.062714,22.5627,49
粤B33207,114.061996,22.570183,50
粤B33207,114.061348,22.577267,51
粤B33207,114.055664,22.5798,52
粤B33207,114.052536,22.58765,52
粤B33207,114.048599,22.592318,53
粤B33207,114.048431,22.5928,54
粤B33207,114.048431,22.5928,55
粤B33207,114.048431,22.5928,56
粤B33207,114.048431,22.5928,57
粤B33207,114.048431,22.5928,58
粤B33207,114.048431,22.5928,59
粤B33207,114.048431,22.5928,60
粤B33207,114.048431,22.5928,61
粤B33207,114.04805,22.59325,62
粤B33207,114.046616,22.5982,63
粤B33207,114.043983,22.600733,63
粤B33207,114.043968,22.600782,65
粤B33207,114.043968,22.600782,66
粤B33207,114.043968,22.600782,67
粤B33207,114.043968,22.600782,68
粤B33207,114.04377,22.602234,69
粤B33207,114.04377,22.602234,70
粤B33207,114.04377,22.602234,71
粤B33207,114.04377,22.602234,72
粤B33207,114.04377,22.602234,73
粤B33207,114.04377,22.602234,74
粤B33207,114.04377,22.602234,74
粤B33207,114.04377,22.602234,75
粤B33207,114.04377,22.602234,76
粤B33207,114.04377,22.602234,77
粤B33207,114.04377,22.602234,78
粤B33207,114.04377,22.602234,79
粤B33207,114.04377,22.602234,80
粤B33207,114.04377,22.602234,81
粤B33207,114.04377,22.602234,82
粤B33207,114.04377,22.602234,83
粤B33207,114.04377,22.602234,84
粤B33207,114.04377,22.602234,85
粤B33207,114.04377,22.602234,85
粤B33207,114.04377,22.602234,86
粤B33207,114.04377,22.602234,87
粤B33207,114.04377,22.602234,88
粤B33207,114.04377,22.602234,89
粤B33207,114.04377,22.602234,90
粤B33207,114.04377,22.602234,91
粤B33207,114.04377,22.602234,92
粤B33207,114.04377,22.602234,93
粤B33207,114.04377,22.602234,94
粤B33207,114.04377,22.602234,95
粤B33207,114.04377,22.602234,96
粤B33207,114.04377,22.602234,96
粤B33207,114.04377,22.602234,97
粤B33207,114.04377,22.602234,98
粤B33207,114.04377,22.602234,99
粤B33207,114.04377,22.602234,100
粤B33207,114.04377,22.602234,101
粤B33207,114.04377,22.602234,102
粤B33207,114.04377,22.602234,103
粤B33207,114.04377,22.602234,104
粤B33207,114.04377,22.602234,105
粤B33207,114.04377,22.602234,106
粤B33207,114.04377,22.602234,107
粤B33207,114.04377,22.602234,107
粤B33207,114.04377,22.602234,108
粤B33207,114.04377,22.602234,109
粤B33207,114.04377,22.602234,110
粤B33207,114.04377,22.602234,111
粤B33207,114.04377,22.602234,112
粤B33207,114.04377,22.602234,113
粤B33207,114.04377,22.602234,114
粤B33207,114.04377,22.602234,115
粤B33207,114.04377,22.602234,116
粤B33207,114.04377,22.602234,117
粤B33207,114.04377,22.602234,118
粤B33207,114.04377,22.602234,118
粤B33207,114.04377,22.602234,119
粤B33207,114.04377,22.602234,120
粤B33207,114.04377,22.602234,121
粤B33207,114.04377,22.602234,122
粤B33207,114.04377,22.602234,123
粤B33207,114.04377,22.602234,124
粤B33207,114.04377,22.602234,125
粤B33207,114.04377,22.602234,126
粤B33207,114.04377,22.602234,127
粤B33207,114.04377,22.602234,128
粤B33207,114.04377,22.602234,129
粤B33207,114.04377,22.602234,129
粤B33207,114.04377,22.602234,130
粤B33207,114.04377,22.602249,131
粤B33207,114.04377,22.602249,132
粤B33207,114.04377,22.602249,133
粤B33207,114.04377,22.602249,134
粤B33207,114.04377,22.602249,135
粤B33207,114.04377,22.602249,136
粤B33207,114.04377,22.602249,137
粤B33207,114.04377,22.602249,138
粤B33207,114.04377,22.602249,139
粤B33207,114.04377,22.602249,140
粤B33207,114.04377,22.602249,140
粤B33207,114.04377,22.602249,141
粤B33207,114.04377,22.602249,142
粤B33207,114.04377,22.602249,143
粤B33207,114.04377,22.602249,144
粤B33207,114.04377,22.602249,145
粤B33207,114.04377,22.602249,146
粤B33207,114.04377,22.602249,147
粤B33207,114.04377,22.602249,148
粤B33207,114.04377,22.602249,149
粤B33207,114.04377,22.602249,150
粤B33207,114.04377,22.602249,151
粤B33207,114.04377,22.602249,151
粤B33207,114.04377,22.602249,152
粤B33207,114.04377,22.602249,153
粤B33207,114.04377,22.602249,154
粤B33207,114.04377,22.602249,155
粤B33207,114.04377,22.602249,156
粤B33207,114.04377,22.602249,157
粤B33207,114.04377,22.602249,158
粤B33207,114.04377,22.602249,159
粤B33207,114.04377,22.602249,160
粤B33207,114.04377,22.602249,161
粤B33207,114.04377,22.602249,162
粤B33207,114.04377,22.602249,162
粤B33207,114.04377,22.602249,163
粤B33207,114.04377,22.602249,164
粤B33207,114.04377,22.602249,165
粤B33207,114.04377,22.602249,166
粤B33207,114.04377,22.602249,167
粤B33207,114.04377,22.602249,168
粤B33207,114.04377,22.602249,169
粤B33207,114.04377,22.602249,170
粤B33207,114.04377,22.602249,171
粤B33207,114.04377,22.602249,172
粤B33207,114.04377,22.602249,173
粤B33207,114.04377,22.602249,174
粤B33207,114.04377,22.602249,174
粤B33207,114.04377,22.602249,175
粤B33207,114.04377,22.602249,176
粤B33207,114.04377,22.602249,177
粤B33207,114.04377,22.602249,178
粤B33207,114.04377,22.602249,179
粤B33207,114.04377,22.602249,180
粤B33207,114.04377,22.602249,181
粤B33207,114.04377,22.602249,182
粤B33207,114.04377,22.602249,183
粤B33207,114.04377,22.602249,192
粤B33207,114.04377,22.602249,193
粤B33207,114.04377,22.602249,194
粤B33207,114.04377,22.602249,195
粤B33207,114.04377,22.602249,196
粤B33207,114.04377,22.602249,196
粤B33207,114.04377,22.602249,197
粤B33207,114.04377,22.602249,198
粤B33207,114.04377,22.602249,199
粤B33207,114.04377,22.602249,200
粤B33207,114.04377,22.602249,201
粤B33207,114.04377,22.602249,202
粤B33207,114.04377,22.602249,203
粤B33207,114.04377,22.602249,204
粤B33207,114.04377,22.602249,205
粤B33207,114.04377,22.602249,206
粤B33207,114.04377,22.602249,207
粤B33207,114.04377,22.602249,207
粤B33207,114.04377,22.602249,208
粤B33207,114.04377,22.602249,209
粤B33207,114.04377,22.602249,210
粤B33207,114.04377,22.602249,211
粤B33207,114.04377,22.602249,212
粤B33207,114.04377,22.602249,213
粤B33207,114.04377,22.602249,214
粤B33207,114.04377,22.602249,215
粤B33207,114.04377,22.602249,216
粤B33207,114.04377,22.602249,217
粤B33207,114.04377,22.602249,218
粤B33207,114.04377,22.602249,218
粤B33207,114.04377,22.602249,219
粤B33207,114.04377,22.602249,220
粤B33207,114.04377,22.602249,221
粤B33207,114.04377,22.602249,222
粤B33207,114.04377,22.602249,223
粤B33207,114.04377,22.602249,224
粤B33207,114.04377,22.602249,225
粤B33207,114.04377,22.602249,226
粤B33207,114.04377,22.602249,227
粤B33207,114.04377,22.602249,228
粤B33207,114.04377,22.602249,229
粤B33207,114.04377,22.602249,229
粤B33207,114.04377,22.602249,230
粤B33207,114.04377,22.602249,231
粤B33207,114.04377,22.602249,232
粤B33207,114.04377,22.602249,233
粤B33207,114.04377,22.602249,234
粤B33207,114.04377,22.602249,235
粤B33207,114.04377,22.602249,238
粤B33207,114.04377,22.602249,239
粤B33207,114.04377,22.602249,240
粤B33207,114.04377,22.602249,240
粤B33207,114.04377,22.602249,241
粤B33207,114.04377,22.602249,242
粤B33207,114.04377,22.602249,243
粤B33207,114.04377,22.602249,245
粤B33207,114.04377,22.602249,246
粤B33207,114.04377,22.602249,247
粤B33207,114.04377,22.602249,248
粤B33207,114.04377,22.602249,249
粤B33207,114.04377,22.602249,250
粤B33207,114.04377,22.602249,251
粤B33207,114.04377,22.602249,251
粤B33207,114.04377,22.602249,252
粤B33207,114.04377,22.602249,253
粤B33207,114.04377,22.602249,254
粤B33207,114.04377,22.602249,255
粤B33207,114.04377,22.602249,256
粤B33207,114.04377,22.602249,257
粤B33207,114.04377,22.602249,258
粤B33207,114.04377,22.602249,259
粤B33207,114.04377,22.602249,260
粤B33207,114.04377,22.602249,261
粤B33207,114.04377,22.602249,262
粤B33207,114.04377,22.602249,262
粤B33207,114.04377,22.602249,263
粤B33207,114.04377,22.602249,264
粤B33207,114.04377,22.602249,265
粤B33207,114.04377,22.602249,266
粤B33207,114.04377,22.602249,267
粤B33207,114.04377,22.602249,268
粤B33207,114.04377,22.602249,269
粤B33207,114.04377,22.602249,270
粤B33207,114.04377,22.602249,271
粤B33207,114.04377,22.602249,272
粤B33207,114.04377,22.602249,273
粤B33207,114.04377,22.602249,273
粤B33207,114.04377,22.602249,274
粤B33207,114.04377,22.602249,275
粤B33207,114.04377,22.602249,276
粤B33207,114.04377,22.602249,277
粤B33207,114.04377,22.602249,278
粤B33207,114.04377,22.602249,279
粤B33207,114.04377,22.602249,280
粤B33207,114.04377,22.602249,281
粤B33207,114.04377,22.602249,282
粤B33207,114.04377,22.602249,283
粤B33207,114.04377,22.602249,284
粤B33207,114.04377,22.602249,284
粤B33207,114.04377,22.602249,285
粤B33207,114.04377,22.602249,286
粤B33207,114.04377,22.602249,287
粤B33207,114.04377,22.602249,288
粤B33207,114.04377,22.602249,289
粤B33207,114.04377,22.602249,290
粤B33207,114.04377,22.602249,291
粤B33207,114.04377,22.602249,292
粤B33207,114.04377,22.602249,293
粤B33207,114.04377,22.602249,294
粤B33207,114.04377,22.602249,295
粤B33207,114.04377,22.602249,295
粤B33207,114.04377,22.602249,296
粤B33207,114.04377,22.602249,297
粤B33207,114.04377,22.602249,298
粤B33207,114.04377,22.602249,299
粤B33207,114.04377,22.602249,300
粤B33207,114.04377,22.602249,301
粤B33207,114.04377,22.602249,302
粤B33207,114.04377,22.602249,303
粤B33207,114.04377,22.602249,304
粤B33207,114.04377,22.602249,305
粤B33207,114.04377,22.602249,306
粤B33207,114.04377,22.602249,306
粤B33207,114.04377,22.602249,307
粤B33207,114.04377,22.602249,308
粤B33207,114.04377,22.602249,309
粤B33207,114.04377,22.602249,310
粤B33207,114.04377,22.602249,311
粤B33207,114.04377,22.602249,312
粤B33207,114.04377,22.602249,313
粤B33207,114.04377,22.602249,314
粤B33207,114.04377,22.602249,315
粤B33207,114.04377,22.602249,316
粤B33207,114.04377,22.602249,317
粤B33207,114.04377,22.602249,317
粤B33207,114.04377,22.602249,318
粤B33207,114.04377,22.602249,319
粤B33207,114.04377,22.602249,320
粤B33207,114.04377,22.602249,321
粤B33207,114.04377,22.602249,322
粤B33207,114.04377,22.602249,323
粤B33207,114.04377,22.602249,324
粤B33207,114.04377,22.602249,325
粤B33207,114.04377,22.602249,326
粤B33207,114.04377,22.602249,327
粤B33207,114.04377,22.602249,328
粤B33207,114.04377,22.602249,328
粤B33207,114.04377,22.602249,329
粤B33207,114.04377,22.602249,330
粤B33207,114.04377,22.602249,331
粤B33207,114.04377,22.602249,332
粤B33207,114.04377,22.602249,333
粤B33207,114.04377,22.602249,334
粤B33207,114.04377,22.602249,335
粤B33207,114.04377,22.602249,336
粤B33207,114.04377,22.602249,337
粤B33207,114.04377,22.602249,338
粤B33207,114.04377,22.602249,339
粤B33207,114.04377,22.602249,339
粤B33207,114.04377,22.602249,340
粤B33207,114.04377,22.602249,341
粤B33207,114.04377,22.602249,342
粤B33207,114.04377,22.602249,343
粤B33207,114.04377,22.602249,344
粤B33207,114.045799,22.603916,345
粤B33207,114.04425,22.604834,346
粤B33207,114.044449,22.598833,347
粤B33207,114.048218,22.592484,348
粤B33207,114.05307,22.585417,349
粤B33207,114.061363,22.5725,350
粤B33207,114.057587,22.578382,350
粤B33207,114.062134,22.565201,351
粤B33207,114.060799,22.563183,352
粤B33207,114.057983,22.562468,353
粤B33207,114.05423,22.563499,354
粤B33207,114.0541,22.563984,355
粤B33207,114.0541,22.563984,356
粤B33207,114.0541,22.563984,357
粤B33207,114.0541,22.563984,358
粤B33207,114.0541,22.563984,359
粤B33207,114.0541,22.563984,360
粤B33207,114.0541,22.563984,361
粤B33207,114.0541,22.563984,361
粤B33207,114.0541,22.563984,362
粤B33207,114.0541,22.563984,363
粤B33207,114.0541,22.563984,364
粤B33207,114.0541,22.563984,365
粤B33207,114.0541,22.563984,367
粤B33207,114.0541,22.563984,368
粤B33207,114.0541,22.563984,369
粤B33207,114.0541,22.563984,370
粤B33207,114.054214,22.563984,370
粤B33207,114.059303,22.56675,371
粤B33207,114.061699,22.571199,372
粤B33207,114.059082,22.580183,373
粤B33207,114.045151,22.594299,374
粤B33207,114.038597,22.598183,375
粤B33207,114.033485,22.603518,376
粤B33207,114.028465,22.609016,377
粤B33207,114.028687,22.6122,378
粤B33207,114.02697,22.612633,380
粤B33207,114.027847,22.611601,381
粤B33207,114.030464,22.61025,382
粤B33207,114.033783,22.606867,382
粤B33207,114.035896,22.603968,383
粤B33207,114.034798,22.602449,384
粤B33207,114.035431,22.601168,385
粤B33207,114.037949,22.5987,386
粤B33207,114.041351,22.596666,387
粤B33207,114.044586,22.594534,388
粤B33207,114.060516,22.576384,391
粤B33207,114.060936,22.571133,392
粤B33207,114.058464,22.575018,393
粤B33207,114.058479,22.573618,393
粤B33207,114.055901,22.576633,394
粤B33207,114.053947,22.574499,395
粤B33207,114.053986,22.570517,396
粤B33207,114.053932,22.567101,397
粤B33207,114.04985,22.567301,398
粤B33207,114.048752,22.569283,399
粤B33207,114.048515,22.570833,400
粤B33207,114.04425,22.57085,401
粤B33207,114.041229,22.572201,402
粤B33207,114.041069,22.574051,403
粤B33207,114.041069,22.574051,404
粤B33207,114.041069,22.574051,404
粤B33207,114.041069,22.574051,405
粤B33207,114.041069,22.574051,406
粤B33207,114.041069,22.574051,407
粤B33207,114.041069,22.574051,408
粤B33207,114.041069,22.574051,409
粤B33207,114.041069,22.574051,410
粤B33207,114.041069,22.574051,411
粤B33207,114.040871,22.574551,412
粤B33207,114.040932,22.574551,412
粤B33207,114.037636,22.574034,413
粤B33207,114.039932,22.570566,414
粤B33207,114.040253,22.569349,415
粤B33207,114.041168,22.566683,415
粤B33207,114.04393,22.565651,416
粤B33207,114.039398,22.564266,417
粤B33207,114.043282,22.557516,418
粤B33207,114.039948,22.556517,419
粤B33207,114.038536,22.559418,420
粤B33207,114.037582,22.561068,421
粤B33207,114.036316,22.560534,422
粤B33207,114.034348,22.56015,423
粤B33207,114.032135,22.559433,424
粤B33207,114.030014,22.557768,424
粤B33207,114.027802,22.559732,425
粤B33207,114.027229,22.560667,426
粤B33207,114.028252,22.561068,427
粤B33207,114.029381,22.559834,428
粤B33207,114.027534,22.5583,429
粤B33207,114.024803,22.561733,430
粤B33207,114.028633,22.56325,431
粤B33207,114.02948,22.565634,432
粤B33207,114.02993,22.567717,433
粤B33207,114.027313,22.568533,434
粤B33207,114.030334,22.567717,435
粤B33207,114.028397,22.568199,435
粤B33207,114.028366,22.56815,436
粤B33207,114.028236,22.56815,437
粤B33207,114.028236,22.56815,438
粤B33207,114.028236,22.56815,439
粤B33207,114.028236,22.56815,440
粤B33207,114.028236,22.56815,441
粤B33207,114.028297,22.567984,442
粤B33207,114.029434,22.566383,442
粤B33207,114.029701,22.564234,443
粤B33207,114.026718,22.562901,444
粤B33207,114.023598,22.561016,445
粤B33207,114.017616,22.560568,446
粤B33207,114.014549,22.561068,447
粤B33207,114.016502,22.553867,448
粤B33207,114.020935,22.547501,449
粤B33207,114.023216,22.540051,450
粤B33207,114.024467,22.535233,451
粤B33207,114.022835,22.53215,452
粤B33207,114.005684,22.529867,453
粤B33207,114.015984,22.531267,453
粤B33207,113.995964,22.52895,454
粤B33207,113.98925,22.526133,455
粤B33207,113.98867,22.529751,458
粤B33207,113.99295,22.530933,459
粤B33207,113.993065,22.534218,460
粤B33207,113.992386,22.538134,461
粤B33207,113.994453,22.540367,462
粤B33207,113.99453,22.540367,463
粤B33207,113.994301,22.540367,463
粤B33207,113.991669,22.543516,464
粤B33207,113.991669,22.543516,465
粤B33207,113.990883,22.543882,466
粤B33207,113.982834,22.548117,467
粤B33207,113.98008,22.549967,468
粤B33207,113.97448,22.553801,469
粤B33207,113.968285,22.557882,470
粤B33207,113.958931,22.556618,471
粤B33207,113.963882,22.557217,471
粤B33207,113.950249,22.556232,472
粤B33207,113.940804,22.555349,473
粤B33207,113.931831,22.555433,474
粤B33207,113.930519,22.555616,475
粤B33207,113.930519,22.555616,475
粤B33207,113.929016,22.558001,476
粤B33207,113.929199,22.560467,477
粤B33207,113.9291,22.564217,478
粤B33207,113.928947,22.571251,479
粤B33207,113.925499,22.576967,480
粤B33207,113.925133,22.5812,481
粤B33207,113.925217,22.578283,481
粤B33207,113.925117,22.581467,481
粤B33207,113.925232,22.584284,482
粤B33207,113.932335,22.583467,483
粤B33207,113.942253,22.5835,488
粤B33207,113.942986,22.583567,489
粤B33207,113.943314,22.5837,490
粤B33207,113.943115,22.586901,491
粤B33207,113.943115,22.586651,491
粤B33207,113.941833,22.583633,492
粤B33207,113.939484,22.583567,493
粤B33207,113.93792,22.583532,494
粤B33207,113.932983,22.583483,495
粤B33207,113.927719,22.584583,496
粤B33207,113.925201,22.584517,497
粤B33207,113.924866,22.580168,498
粤B33207,113.926949,22.573982,499
粤B33207,113.925865,22.575417,499
粤B33207,113.926765,22.571583,500
粤B33207,113.91983,22.5702,501
粤B33207,113.916168,22.565468,502
粤B33207,113.916168,22.565468,502
粤B33207,113.916283,22.563066,503
粤B33207,113.919365,22.560568,504
粤B33207,113.919121,22.559467,505
粤B33207,113.919121,22.559467,506
粤B33207,113.918549,22.556833,507
粤B33207,113.918549,22.554182,508
粤B33207,113.918297,22.555033,508
粤B33207,113.922234,22.555134,509
粤B33207,113.923134,22.551867,510
粤B33207,113.923065,22.549534,511
粤B33207,113.9245,22.5476,512
粤B33207,113.9245,22.5476,513
粤B33207,113.924454,22.547167,514
粤B33207,113.924454,22.547167,514
粤B33207,113.927002,22.54925,515
粤B33207,113.927071,22.551517,516
粤B33207,113.928131,22.552567,517
粤B33207,113.931435,22.552616,519
粤B33207,113.933914,22.55265,520
粤B33207,113.935768,22.552668,521
粤B33207,113.936836,22.5527,522
粤B33207,113.93705,22.552217,522
粤B33207,113.937416,22.55035,523
粤B33207,113.937103,22.549482,523
粤B33207,113.932114,22.549316,524
粤B33207,113.928848,22.549717,525
粤B33207,113.928452,22.549368,527
粤B33207,113.926933,22.549282,528
粤B33207,113.926933,22.549282,528
粤B33207,113.927185,22.545868,529
粤B33207,113.92688,22.542299,530
粤B33207,113.930916,22.542383,531
粤B33207,113.934586,22.541918,532
粤B33207,113.934364,22.5424,532
粤B33207,113.934715,22.542282,533
粤B33207,113.937233,22.542517,534
粤B33207,113.939819,22.542732,535
粤B33207,113.939285,22.542917,536
粤B33207,113.929436,22.542749,536
粤B33207,113.933067,22.545584,546
粤B33207,113.933601,22.54785,547
粤B33207,113.936401,22.549316,548
粤B33207,113.937218,22.551416,549
粤B33207,113.938553,22.552601,550
粤B33207,113.940231,22.552616,551
粤B33207,113.940384,22.551233,552
粤B33207,113.940384,22.551233,553
粤B33207,113.940315,22.55035,554
粤B33207,113.938248,22.549667,554
粤B33207,113.934151,22.549368,555
粤B33207,113.931419,22.549316,556
粤B33207,113.928864,22.551233,557
粤B33207,113.928886,22.552383,558
粤B33207,113.928551,22.549801,559
粤B33207,113.92485,22.549267,560
粤B33207,113.9245,22.546867,561
粤B33207,113.9245,22.546867,561
粤B33207,113.924469,22.548967,562
粤B33207,113.928413,22.549084,563
粤B33207,113.927086,22.545418,564
粤B33207,113.926964,22.540983,565
粤B33207,113.925766,22.532967,566
粤B33207,113.928085,22.524967,567
粤B33207,113.923981,22.526833,567
粤B33207,113.933449,22.52475,568
粤B33207,113.940666,22.523968,569
粤B33207,113.938316,22.521418,570
粤B33207,113.938637,22.521267,570
粤B33207,113.937782,22.521549,571
粤B33207,113.933914,22.5222,572
粤B33207,113.934647,22.5215,573
粤B33207,113.934647,22.5215,573
粤B33207,113.93515,22.522066,574
粤B33207,113.935684,22.52195,575
粤B33207,113.935684,22.52195,576
粤B33207,113.93792,22.525967,577
粤B33207,113.932434,22.524967,578
粤B33207,113.925552,22.525818,579
粤B33207,113.924469,22.530167,580
粤B33207,113.925934,22.533001,581
粤B33207,113.927216,22.535316,582
粤B33207,113.927116,22.542383,583
粤B33207,113.927216,22.538467,583
粤B33207,113.927132,22.545467,584
粤B33207,113.928032,22.547768,585
粤B33207,113.928719,22.553717,586
粤B33207,113.929115,22.56245,587
粤B33207,113.92955,22.566868,588
粤B33207,113.926453,22.566851,589
粤B33207,113.922234,22.569767,590
粤B33207,113.918617,22.573717,591
粤B33207,113.907471,22.584534,592
粤B33207,113.898087,22.594267,593
粤B33207,113.888031,22.601801,594
粤B33207,113.880585,22.610332,595
粤B33207,113.874435,22.617733,596
粤B33207,113.863503,22.623249,597
粤B33207,113.85305,22.628733,598
粤B33207,113.812866,22.624416,604
粤B33207,113.808998,22.627251,605
粤B33207,113.8097,22.627518,605
粤B33207,113.808998,22.627251,606
粤B33207,113.808151,22.626751,607
粤B33207,113.807068,22.622618,608
粤B33207,113.80822,22.622534,609
粤B33207,113.8125,22.622967,610
粤B33207,113.813782,22.624018,611
粤B33207,113.813782,22.624018,612
粤B33207,113.813782,22.624018,613
粤B33207,113.813782,22.624018,614
粤B33207,113.813782,22.624018,615
粤B33207,113.813782,22.624018,616
粤B33207,113.813782,22.624018,616
粤B33207,113.813782,22.624018,617
粤B33207,113.813782,22.624018,618
粤B33207,113.813782,22.624018,619
粤B33207,113.813782,22.624018,620
粤B33207,113.813782,22.624018,621
粤B33207,113.813782,22.624018,622
粤B33207,113.813782,22.624018,623
粤B33207,113.813782,22.624018,624
粤B33207,113.813782,22.624018,625
粤B33207,113.813782,22.624018,626
粤B33207,113.813782,22.624018,627
粤B33207,113.813782,22.624018,627
粤B33207,113.813782,22.624018,628
粤B33207,113.813782,22.624018,629
粤B33207,113.813782,22.624018,630
粤B33207,113.813782,22.624018,631
粤B33207,113.813782,22.624018,632
粤B33207,113.813782,22.624018,633
粤B33207,113.813782,22.624018,634
粤B33207,113.813782,22.624018,635
粤B33207,113.813782,22.624018,636
粤B33207,113.813782,22.624018,637
粤B33207,113.813782,22.624018,638
粤B33207,113.813782,22.624018,638
粤B33207,113.813782,22.624018,639
粤B33207,113.813782,22.624018,640
粤B33207,113.813782,22.624018,641
粤B33207,113.813782,22.624018,642
粤B33207,113.813782,22.624018,643
粤B33207,113.813782,22.624018,644
粤B33207,113.813782,22.624018,645
粤B33207,113.813782,22.624018,646
粤B33207,113.813782,22.624018,647
粤B33207,113.813782,22.624018,648
粤B33207,113.813782,22.624018,649
粤B33207,113.813782,22.624018,649
粤B33207,113.813782,22.624018,650
粤B33207,113.813782,22.624018,651
粤B33207,113.813782,22.624018,652
粤B33207,113.813782,22.624018,653
粤B33207,113.813782,22.624018,654
粤B33207,113.813782,22.624018,655
粤B33207,113.813782,22.624018,656
粤B33207,113.813782,22.624018,657
粤B33207,113.813782,22.624018,658
粤B33207,113.813782,22.624018,659
粤B33207,113.813782,22.624018,660
粤B33207,113.813782,22.624018,660
粤B33207,113.813782,22.624018,661
粤B33207,113.813782,22.624018,662
粤B33207,113.813782,22.624018,663
粤B33207,113.813782,22.624018,664
粤B33207,113.813782,22.624018,665
粤B33207,113.813782,22.624018,666
粤B33207,113.813782,22.624018,667
粤B33207,113.813782,22.624018,668
粤B33207,113.813782,22.624018,669
粤B33207,113.813782,22.624018,670
粤B33207,113.813782,22.624018,671
粤B33207,113.813782,22.624018,671
粤B33207,113.813782,22.624018,672
粤B33207,113.813782,22.624018,673
粤B33207,113.813782,22.624018,674
粤B33207,113.813782,22.624018,675
粤B33207,113.813782,22.624018,676
粤B33207,113.813782,22.624018,677
粤B33207,113.813782,22.624018,678
粤B33207,113.813782,22.624018,679
粤B33207,113.813782,22.624018,680
粤B33207,113.813782,22.624018,681
粤B33207,113.813782,22.624018,682
粤B33207,113.813782,22.624018,682
粤B33207,113.813782,22.624018,683
粤B33207,113.813782,22.624018,684
粤B33207,113.813637,22.624718,685
粤B33207,113.813637,22.624718,686
粤B33207,113.813637,22.624718,687
粤B33207,113.813637,22.624718,688
粤B33207,113.813637,22.624718,689
粤B33207,113.813637,22.624718,690
粤B33207,113.813637,22.624718,691
粤B33207,113.81337,22.625134,692
粤B33207,113.813248,22.625317,693
粤B33207,113.813248,22.625317,693
粤B33207,113.813248,22.625317,694
粤B33207,113.813248,22.625317,695
粤B33207,113.813248,22.625317,696
粤B33207,113.812965,22.625883,697
粤B33207,113.812683,22.6264,698
粤B33207,113.812569,22.6266,699
粤B33207,113.812569,22.6266,700
粤B33207,113.812569,22.6266,701
粤B33207,113.812569,22.6266,702
粤B33207,113.811729,22.627899,703
粤B33207,113.811729,22.627899,704
粤B33207,113.811729,22.627899,704
粤B33207,113.811333,22.628067,705
粤B33207,113.809914,22.627367,706
粤B33207,113.809814,22.626801,707
粤B33207,113.809814,22.626801,708
粤B33207,113.809814,22.626801,709
粤B33207,113.809814,22.626801,710
粤B33207,113.809814,22.626801,711
粤B33207,113.809814,22.626801,712
粤B33207,113.809814,22.626801,712
粤B33207,113.806847,22.623167,713
粤B33207,113.810768,22.61635,714
粤B33207,113.815552,22.6101,715
粤B33207,113.82235,22.613617,716
粤B33207,113.833817,22.618982,717
粤B33207,113.832298,22.618282,717
粤B33207,113.84407,22.621883,718
粤B33207,113.851952,22.62525,719
粤B33207,113.852982,22.625717,719
粤B33207,113.864052,22.622816,720
粤B33207,113.875519,22.616699,721
粤B33207,113.882202,22.607782,721
粤B33207,113.878937,22.612749,721
粤B33207,113.895401,22.596416,722
粤B33207,113.884918,22.604401,722
粤B33207,113.885948,22.603399,722
粤B33207,113.890747,22.599783,722
粤B33207,113.906403,22.585632,723
粤B33207,113.897118,22.595034,723
粤B33207,113.9151,22.576183,724
粤B33207,113.920914,22.571033,725
粤B33207,113.925903,22.566616,726
粤B33207,113.939301,22.565184,727
粤B33207,113.954033,22.563683,728
粤B33207,113.955437,22.563433,728
粤B33207,113.961304,22.562117,729
粤B33207,113.968948,22.560383,729
粤B33207,113.980499,22.553617,730
粤B33207,113.992935,22.5469,731
粤B33207,114.005852,22.542868,732
粤B33207,114.012985,22.535151,732
粤B33207,114.015221,22.529783,733
粤B33207,114.01973,22.525118,733
粤B33207,114.014534,22.53125,733
粤B33207,114.02623,22.521467,734
粤B33207,114.038254,22.514982,734
粤B33207,114.051468,22.513617,735
粤B33207,114.058235,22.516117,736
粤B33207,114.058235,22.516117,737
粤B33207,114.058899,22.516701,738
粤B33207,114.060318,22.517767,739
粤B33207,114.060799,22.51815,740
粤B33207,114.062965,22.520201,741
粤B33207,114.066132,22.524282,742
粤B33207,114.068398,22.53265,743
粤B33207,114.064064,22.532084,744
粤B33207,114.065231,22.531918,744
粤B33207,114.064133,22.531967,745
粤B33207,114.065102,22.532551,746
粤B33207,114.064064,22.532551,747
粤B33207,114.063103,22.534933,748
粤B33207,114.064285,22.537933,749
粤B33207,114.066216,22.53845,750
粤B33207,114.06398,22.538433,751
粤B33207,114.063614,22.53945,752
粤B33207,114.063614,22.53945,753
粤B33207,114.063614,22.53945,754
粤B33207,114.063614,22.53945,754
粤B33207,114.062485,22.541668,755
粤B33207,114.068031,22.542784,756
粤B33207,114.074471,22.542868,757
粤B33207,114.07457,22.542267,758
粤B33207,114.075935,22.540483,759
粤B33207,114.077568,22.540268,760
粤B33207,114.077568,22.537783,761
粤B33207,114.077568,22.537783,761
粤B33207,114.076202,22.5347,762
粤B33207,114.074699,22.532984,763
粤B33207,114.07,22.53195,764
粤B33207,114.055832,22.5317,766
粤B33207,114.048332,22.531616,767
粤B33207,114.044563,22.535067,768
粤B33207,114.044434,22.544867,769
粤B33207,114.044403,22.5502,769
粤B33207,114.044296,22.552282,770
粤B33207,114.044029,22.556299,771
粤B33207,114.044029,22.556299,772
粤B33207,114.043365,22.557983,773
粤B33207,114.042702,22.558933,774
粤B33207,114.041451,22.561434,775
粤B33207,114.039482,22.560867,776
粤B33207,114.037697,22.56085,777
粤B33207,114.038597,22.559401,777
粤B33207,114.040253,22.556299,778
粤B33207,114.039215,22.555233,779
粤B33207,114.040115,22.553118,780
粤B33207,114.039886,22.549932,781
粤B33207,114.042686,22.550167,782
粤B33207,114.043854,22.549566,782
粤B33207,114.043831,22.547518,783
粤B33207,114.043282,22.544382,784
粤B33207,114.041801,22.544468,785
粤B33207,114.039917,22.546867,786
粤B33207,114.041634,22.54995,787
粤B33207,114.043747,22.549049,788
粤B33207,114.043953,22.545816,789
粤B33207,114.042068,22.544416,790
粤B33207,114.039352,22.544367,791
粤B33207,114.03537,22.544033,791
粤B33207,114.034866,22.546118,792
粤B33207,114.0345,22.547951,793
粤B33207,114.03392,22.548166,794
粤B33207,114.029701,22.54685,795
粤B33207,114.024086,22.545467,796
粤B33207,114.022369,22.54215,797
粤B33207,114.024818,22.533833,798
粤B33207,114.029167,22.527967,799
粤B33207,114.031181,22.526917,799
粤B33207,114.036186,22.524218,800
粤B33207,114.038147,22.523083,801
粤B33207,114.041,22.520033,802
粤B33207,114.03952,22.5177,803
粤B33207,114.040787,22.519251,804
粤B33207,114.045448,22.519234,805
粤B33207,114.050751,22.517733,806
粤B33207,114.05143,22.5116,807
粤B33207,114.04998,22.51195,808
粤B33207,114.05085,22.512684,809
粤B33207,114.052986,22.5117,809
粤B33207,114.050598,22.516399,810
粤B33207,114.051231,22.521317,811
粤B33207,114.051582,22.5256,812
粤B33207,114.051582,22.5256,813
粤B33207,114.051582,22.530268,814
粤B33207,114.059097,22.531334,815
粤B33207,114.067085,22.531584,816
粤B33207,114.076233,22.531851,817
粤B33207,114.0821,22.5373,818
粤B33207,114.097168,22.538116,819
粤B33207,114.0924,22.538116,819
粤B33207,114.101784,22.538082,820
粤B33207,114.102249,22.53805,821
粤B33207,114.102249,22.53805,821
粤B33207,114.102249,22.53805,822
粤B33207,114.102249,22.53805,823
粤B33207,114.103951,22.537983,824
粤B33207,114.104935,22.537518,825
粤B33207,114.113167,22.538218,826
粤B33207,114.109314,22.537567,826
粤B33207,114.116997,22.539368,827
粤B33207,114.118736,22.540033,828
粤B33207,114.117714,22.541349,829
粤B33207,114.118835,22.5424,830
粤B33207,114.118835,22.542433,831
粤B33207,114.118835,22.542433,831
粤B33207,114.11673,22.54125,832
粤B33207,114.116348,22.541067,833
粤B33207,114.116135,22.539583,834
粤B33207,114.109886,22.53775,835
粤B33207,114.100998,22.538584,836
粤B33207,114.103104,22.538418,836
粤B33207,114.099648,22.540751,837
粤B33207,114.097984,22.542482,844
粤B33207,114.098335,22.543182,845
粤B33207,114.099297,22.543533,846
粤B33207,114.093903,22.543417,847
粤B33207,114.093903,22.543417,848
粤B33207,114.088715,22.543432,849
粤B33207,114.088715,22.543432,850
粤B33207,114.086548,22.543068,851
粤B33207,114.079933,22.542833,852
粤B33207,114.076263,22.543449,853
粤B33207,114.076118,22.545349,854
粤B33207,114.076164,22.54615,855
粤B33207,114.076164,22.54615,856
粤B33207,114.076263,22.5467,857
粤B33207,114.076218,22.547251,857
粤B33207,114.076118,22.550734,858
粤B33207,114.076202,22.551634,859
粤B33207,114.077682,22.553551,860
粤B33207,114.078499,22.554583,861
粤B33207,114.083298,22.5611,862
粤B33207,114.086052,22.5686,863
粤B33207,114.072548,22.5702,865
粤B33207,114.06765,22.571318,865
粤B33207,114.064369,22.577368,866
粤B33207,114.063271,22.577784,867
粤B33207,114.057465,22.578632,867
粤B33207,114.053185,22.585234,868
粤B33207,114.051086,22.589033,869
粤B33207,114.046471,22.596251,870
粤B33207,114.043854,22.602818,871
粤B33207,114.050163,22.604633,872
粤B33207,114.054047,22.60795,873
粤B33207,114.054367,22.608732,873
粤B33207,114.055679,22.614866,874
粤B33207,114.05587,22.617399,875
粤B33207,114.055763,22.622183,876
粤B33207,114.055901,22.624599,877
粤B33207,114.055901,22.624599,878
粤B33207,114.0578,22.625,879
粤B33207,114.0606,22.626516,879
粤B33207,114.060616,22.627199,880
粤B33207,114.058899,22.6248,881
粤B33207,114.060616,22.627199,881
粤B33207,114.055763,22.626833,882
粤B33207,114.055763,22.629517,883
粤B33207,114.05555,22.63275,884
粤B33207,114.055832,22.636351,885
粤B33207,114.056519,22.636583,886
粤B33207,114.056831,22.636766,887
粤B33207,114.058281,22.637684,888
粤B33207,114.061768,22.63895,889
粤B33207,114.05703,22.636932,890
粤B33207,114.05658,22.636749,891
粤B33207,114.055748,22.63625,892
粤B33207,114.055748,22.63625,892
粤B33207,114.054665,22.636118,893
粤B33207,114.052299,22.6371,894
粤B33207,114.051735,22.637182,895
粤B33207,114.055519,22.634783,896
粤B33207,114.055618,22.632383,897
粤B33207,114.055519,22.628918,898
粤B33207,114.055733,22.626717,899
粤B33207,114.044716,22.612383,911
粤B33207,114.044464,22.608767,912
粤B33207,114.043869,22.605383,913
粤B33207,114.043686,22.603617,914
粤B33207,114.043617,22.600834,915
粤B33207,114.044029,22.5926,916
粤B33207,114.046097,22.595699,916
粤B33207,114.04203,22.592733,917
粤B33207,114.035667,22.594217,918
粤B33207,114.025352,22.594584,919
粤B33207,114.016052,22.591633,920
粤B33207,114.010635,22.593384,921
粤B33207,114.014549,22.5618,925
粤B33207,114.017914,22.5518,926
粤B33207,114.022514,22.542566,927
粤B33207,114.024635,22.534651,927
粤B33207,114.021217,22.532351,928
粤B33207,114.013351,22.530666,929
粤B33207,114.003532,22.530184,930
粤B33207,113.995583,22.528749,931
粤B33207,113.989197,22.526199,932
粤B33207,113.98938,22.528099,933
粤B33207,113.98938,22.528032,933
粤B33207,113.9897,22.530382,934
粤B33207,113.99337,22.530617,935
粤B33207,113.992798,22.52545,936
粤B33207,113.99778,22.529234,937
粤B33207,114.007385,22.529583,938
粤B33207,114.016479,22.5312,939
粤B33207,114.023766,22.531567,940
粤B33207,114.026947,22.529783,941
粤B33207,114.024834,22.5341,942
粤B33207,114.023834,22.538099,943
粤B33207,114.018333,22.551416,944
粤B33207,114.015068,22.558983,945
粤B33207,114.014633,22.562433,946
粤B33207,114.014519,22.563084,947
粤B33207,114.014053,22.56505,948
粤B33207,114.012985,22.567432,949
粤B33207,114.027199,22.594732,955
粤B33207,114.019203,22.592382,955
粤B33207,114.03315,22.594534,956
粤B33207,114.041832,22.592466,957
粤B33207,114.050018,22.591351,958
粤B33207,114.048515,22.594967,959
粤B33207,114.044403,22.599934,960
粤B33207,114.044197,22.60075,961
粤B33207,114.044197,22.60075,962
粤B33207,114.044197,22.60075,963
粤B33207,114.043747,22.601633,964
粤B33207,114.04377,22.602034,965
粤B33207,114.04377,22.602034,966
粤B33207,114.044785,22.603901,967
粤B33207,114.042816,22.603117,967
粤B33207,114.040436,22.6015,968
粤B33207,114.040398,22.601467,969
粤B33207,114.040283,22.596951,970
粤B33207,114.046852,22.591368,971
粤B33207,114.059937,22.577818,973
粤B33207,114.066231,22.575083,974
粤B33207,114.063004,22.574318,975
粤B33207,114.062317,22.574633,975
粤B33207,114.060684,22.574551,976
粤B33207,114.061447,22.571699,977
粤B33207,114.061516,22.57115,978
粤B33207,114.061996,22.569349,979
粤B33207,114.060471,22.562468,980
粤B33207,114.062149,22.562901,980
粤B33207,114.058502,22.562433,981
粤B33207,114.055901,22.56245,982
粤B33207,114.054497,22.562483,983
粤B33207,114.048897,22.561184,984
粤B33207,114.047485,22.560066,985
粤B33207,114.045532,22.558384,986
粤B33207,114.043701,22.557333,987
粤B33207,114.04068,22.563967,988
粤B33207,114.040565,22.562616,988
粤B33207,114.033485,22.562433,989
粤B33207,114.024765,22.560917,990
粤B33207,114.016235,22.560266,991
粤B33207,113.990936,22.558416,995
粤B33207,113.98098,22.557966,996
粤B33207,113.9711,22.557217,997
粤B33207,113.96228,22.55685,998
粤B33207,113.95443,22.556417,999
粤B33207,113.95137,22.556316,999
粤B33207,113.946381,22.55555,1000
粤B33207,113.941132,22.555317,1001
粤B33207,113.932152,22.555332,1002
粤B33207,113.920547,22.555683,1003
粤B33207,113.916946,22.555616,1003
粤B33207,113.908615,22.551517,1004
粤B33207,113.904518,22.544884,1005
粤B33207,113.904701,22.537018,1006
粤B33207,113.9048,22.532818,1007
粤B33207,113.906052,22.531384,1008
粤B33207,113.909821,22.531233,1009
粤B33207,113.90995,22.53125,1010
粤B33207,113.910416,22.531282,1011
粤B33207,113.914101,22.529818,1012
粤B33207,113.913368,22.531218,1012
粤B33207,113.914383,22.529467,1013
粤B33207,113.914413,22.5294,1014
粤B33207,113.914536,22.529318,1015
粤B33207,113.914619,22.528267,1016
粤B33207,113.914619,22.528267,1016
粤B33207,113.91452,22.52865,1016
粤B33207,113.913834,22.5308,1017
粤B33207,113.914665,22.527283,1018
粤B33207,113.914665,22.527283,1019
粤B33207,113.917068,22.527451,1020
粤B33207,113.918419,22.508017,1030
粤B33207,113.917397,22.5044,1031
粤B33207,113.917397,22.5044,1032
粤B33207,113.917397,22.5044,1032
粤B33207,113.91713,22.503817,1033
粤B33207,113.91613,22.501051,1034
粤B33207,113.915833,22.500334,1034
粤B33207,113.916214,22.499384,1035
粤B33207,113.916214,22.499384,1036
粤B33207,113.915848,22.499733,1036
粤B33207,113.915848,22.499733,1037
粤B33207,113.9151,22.4986,1038
粤B33207,113.91188,22.494034,1039
粤B33207,113.910698,22.49165,1040
粤B33207,113.910248,22.490767,1041
粤B33207,113.91198,22.488518,1042
粤B33207,113.911552,22.488283,1042
粤B33207,113.910896,22.487917,1043
粤B33207,113.9105,22.488667,1044
粤B33207,113.912018,22.488684,1045
粤B33207,113.912468,22.488716,1046
粤B33207,113.916115,22.489782,1047
粤B33207,113.917686,22.489733,1048
粤B33207,113.913048,22.488899,1049
粤B33207,113.910736,22.487766,1050
粤B33207,113.910431,22.487583,1050
粤B33207,113.909569,22.4869,1051
粤B33207,113.909065,22.485983,1052
粤B33207,113.911018,22.484882,1053
粤B33207,113.913719,22.48605,1054
粤B33207,113.91217,22.48455,1054
粤B33207,113.916946,22.4883,1055
粤B33207,113.916946,22.4883,1056
粤B33207,113.917419,22.488434,1057
粤B33207,113.917419,22.488434,1058
粤B33207,113.918648,22.488567,1059
粤B33207,113.918648,22.488567,1060
粤B33207,113.925835,22.486383,1061
粤B33207,113.922249,22.4876,1061
粤B33207,113.930252,22.484783,1062
粤B33207,113.936569,22.487167,1063
粤B33207,113.938652,22.489033,1064
粤B33207,113.941681,22.490217,1065
粤B33207,113.9468,22.493217,1066
粤B33207,113.946533,22.495916,1067
粤B33207,113.946785,22.502083,1068
粤B33207,113.946884,22.510082,1069
粤B33207,113.948265,22.517134,1070
粤B33207,113.949387,22.525734,1071
粤B33207,113.951065,22.536516,1072
粤B33207,113.949883,22.529734,1072
粤B33207,113.953903,22.541082,1073
粤B33207,113.954987,22.5481,1074
粤B33207,113.954216,22.550568,1075
粤B33207,113.953949,22.55105,1076
粤B33207,113.953949,22.55105,1077
粤B33207,113.95327,22.553232,1078
粤B33207,113.953003,22.559917,1079
粤B33207,113.953018,22.562933,1080
粤B33207,113.95787,22.563566,1081
粤B33207,113.966614,22.568167,1082
粤B33207,113.966698,22.5795,1083
粤B33207,113.968384,22.583218,1083
粤B33207,113.968384,22.583218,1084
粤B33207,113.969368,22.5842,1085
粤B33207,113.97023,22.58485,1086
粤B33207,113.970947,22.585251,1087
粤B33207,113.972549,22.58585,1088
粤B33207,113.974586,22.5861,1089
粤B33207,113.976036,22.586117,1090
粤B33207,113.976784,22.586117,1091
粤B33207,113.977348,22.586117,1092
粤B33207,113.978516,22.586117,1093
粤B33207,113.979134,22.5861,1094
粤B33207,113.980484,22.586,1094
粤B33207,113.981796,22.585899,1095
粤B33207,113.983131,22.586,1096
粤B33207,113.984665,22.58625,1097
粤B33207,113.986031,22.586433,1098
粤B33207,113.98822,22.5867,1099
粤B33207,113.994835,22.588633,1100
粤B33207,113.997681,22.589832,1101
粤B33207,114.002449,22.590918,1102
粤B33207,114.007164,22.590401,1103
粤B33207,114.00927,22.590099,1104
粤B33207,114.012154,22.590218,1105
粤B33207,114.014915,22.591034,1105
粤B33207,114.016953,22.591717,1106
粤B33207,114.020248,22.592817,1107
粤B33207,114.024864,22.594282,1108
粤B33207,114.028236,22.594801,1109
粤B33207,114.032516,22.594683,1110
粤B33207,114.03833,22.593399,1111
粤B33207,114.046997,22.591284,1112
粤B33207,114.048164,22.593468,1113
粤B33207,114.046364,22.598551,1114
粤B33207,114.043716,22.603283,1115
粤B33207,114.043282,22.6234,1116
粤B33207,114.04483,22.612783,1116
粤B33207,114.043785,22.632799,1117
粤B33207,114.046783,22.638817,1118
粤B33207,114.052429,22.6446,1119
粤B33207,114.053749,22.644533,1120
粤B33207,114.053749,22.644533,1121
粤B33207,114.056732,22.644283,1122
粤B33207,114.056732,22.644283,1123
粤B33207,114.060631,22.644234,1124
粤B33207,114.060631,22.644234,1125
粤B33207,114.060631,22.644234,1126
粤B33207,114.063797,22.644367,1127
粤B33207,114.06498,22.644518,1127
粤B33207,114.062965,22.644466,1128
粤B33207,114.061531,22.6443,1129
粤B33207,114.061218,22.6443,1130
粤B33207,114.061249,22.648899,1130
粤B33207,114.062286,22.653049,1131
粤B33207,114.064682,22.657433,1132
粤B33207,114.066437,22.659134,1133
粤B33207,114.06707,22.6598,1134
粤B33207,114.06707,22.6598,1135
粤B33207,114.06678,22.660732,1136
粤B33207,114.063499,22.661318,1137
粤B33207,114.063499,22.661318,1137
粤B33207,114.049286,22.661751,1144
粤B33207,114.049286,22.657618,1145
粤B33207,114.049454,22.655251,1146
粤B33207,114.049614,22.652399,1147
粤B33207,114.049797,22.647717,1148
粤B33207,114.0494,22.644882,1149
粤B33207,114.048653,22.642532,1150
粤B33207,114.04747,22.640266,1151
粤B33207,114.04467,22.635483,1152
粤B33207,114.04277,22.627434,1153
粤B33207,114.044632,22.609867,1154
粤B33207,114.044266,22.618134,1154
粤B33207,114.044235,22.60675,1155
粤B33207,114.043854,22.604418,1156
粤B33207,114.043503,22.601982,1157
粤B33207,114.045082,22.597418,1158
粤B33207,114.04995,22.589832,1159
粤B33207,114.053864,22.58285,1160
粤B33207,114.056068,22.579117,1161
粤B33207,114.058968,22.578117,1162
粤B33207,114.061668,22.57115,1163
粤B33207,114.062202,22.563801,1164
粤B33207,114.062317,22.552233,1165
粤B33207,114.062569,22.555799,1165
粤B33207,114.062584,22.548517,1166
粤B33207,114.062737,22.544001,1167
粤B33207,114.062683,22.54055,1168
粤B33207,114.062683,22.538616,1169
粤B33207,114.062683,22.538668,1169
粤B33207,114.062531,22.537767,1170
粤B33207,114.058403,22.537466,1171
粤B33207,114.058403,22.537466,1172
粤B33207,114.054787,22.5373,1173
粤B33207,114.05275,22.537518,1174
粤B33207,114.05233,22.5396,1175
粤B33207,114.051201,22.5439,1176
粤B33207,114.04863,22.545433,1177
粤B33207,114.047203,22.545366,1177
粤B33207,114.047203,22.545366,1178
粤B33207,114.047203,22.545366,1179
粤B33207,114.047203,22.545366,1180
粤B33207,114.046799,22.547117,1181
粤B33207,114.047752,22.5476,1182
粤B33207,114.047714,22.548967,1183
粤B33207,114.051003,22.548901,1184
粤B33207,114.051003,22.548901,1185
粤B33207,114.051003,22.548901,1186
粤B33207,114.051003,22.548901,1187
粤B33207,114.051003,22.548901,1188
粤B33207,114.051003,22.548901,1188
粤B33207,114.051003,22.548901,1189
粤B33207,114.051003,22.548901,1190
粤B33207,114.051003,22.548901,1191
粤B33207,114.051003,22.548901,1192
粤B33207,114.051132,22.54845,1192
粤B33207,114.051132,22.54785,1193
粤B33207,114.051918,22.547283,1194
粤B33207,114.057602,22.547483,1195
粤B33207,114.057602,22.547483,1196
粤B33207,114.060051,22.547483,1197
粤B33207,114.062248,22.547434,1198
粤B33207,114.064636,22.547466,1199
粤B33207,114.063904,22.545517,1200
粤B33207,114.063187,22.545549,1200
粤B33207,114.062782,22.547283,1201
粤B33207,114.05835,22.545851,1203
粤B33207,114.057831,22.549168,1204
粤B33207,114.057831,22.549168,1205
粤B33207,114.056015,22.549566,1206
粤B33207,114.055481,22.549517,1206
粤B33207,114.054031,22.549368,1207
粤B33207,114.059013,22.549482,1208
粤B33207,114.060936,22.549583,1209
粤B33207,114.062767,22.547832,1210
粤B33207,114.062767,22.5478,1211
粤B33207,114.066002,22.547583,1212
粤B33207,114.068214,22.544767,1213
粤B33207,114.069931,22.542749,1214
粤B33207,114.071915,22.538668,1215
粤B33207,114.063416,22.537718,1216
粤B33207,114.064751,22.537867,1216
粤B33207,114.062515,22.537666,1217
粤B33207,114.058334,22.53755,1218
粤B33207,114.055283,22.537483,1219
粤B33207,114.052368,22.537518,1220
粤B33207,114.050034,22.537399,1221
粤B33207,114.048386,22.537466,1221
粤B33207,114.048386,22.537466,1222
粤B33207,114.048386,22.537466,1223
粤B33207,114.047836,22.538767,1224
粤B33207,114.050751,22.539368,1225
粤B33207,114.051285,22.540518,1226
粤B33207,114.05117,22.545233,1227
粤B33207,114.049751,22.546133,1228
粤B33207,114.05117,22.549067,1229
粤B33207,114.051033,22.548367,1230
粤B33207,114.047981,22.547318,1231
粤B33207,114.04702,22.5453,1232
粤B33207,114.045067,22.542549,1232
粤B33207,114.03933,22.542334,1233
粤B33207,114.036453,22.541834,1234
粤B33207,114.032364,22.541134,1235
粤B33207,114.027916,22.540333,1236
粤B33207,114.020821,22.539333,1237
粤B33207,114.01445,22.538267,1238
粤B33207,114.012833,22.541451,1239
粤B33207,114.012833,22.541451,1239
粤B33207,114.01458,22.543617,1240
粤B33207,114.016815,22.54405,1241
粤B33207,114.018303,22.544216,1242
粤B33207,114.02137,22.544666,1243
粤B33207,114.021568,22.546667,1244
粤B33207,114.015251,22.558533,1245
粤B33207,114.017967,22.551832,1245
粤B33207,114.020782,22.559999,1246
粤B33207,114.026817,22.558483,1247
粤B33207,114.027313,22.558149,1248
粤B33207,114.026382,22.56315,1249
粤B33207,114.030563,22.563917,1250
粤B33207,114.0308,22.563932,1251
粤B33207,114.032883,22.563299,1252
粤B33207,114.018616,22.560568,1253
粤B33207,114.026886,22.561666,1253
粤B33207,114.014503,22.561083,1254
粤B33207,114.015236,22.556067,1255
粤B33207,114.010368,22.555283,1256
粤B33207,114.009384,22.553499,1257
粤B33207,114.007103,22.549982,1258
粤B33207,114.002197,22.547001,1259
粤B33207,113.997482,22.546417,1260
粤B33207,113.991768,22.544233,1261
粤B33207,113.991402,22.542633,1262
粤B33207,113.991585,22.541733,1263
粤B33207,113.991585,22.541733,1264
粤B33207,113.991585,22.541733,1265
粤B33207,113.991585,22.541733,1265
粤B33207,113.991585,22.541733,1266
粤B33207,113.991585,22.541733,1267
粤B33207,113.992081,22.539,1268
粤B33207,113.991714,22.542883,1268
粤B33207,113.986504,22.545082,1269
粤B33207,113.982483,22.548416,1270
粤B33207,113.978653,22.550716,1271
粤B33207,113.974716,22.55365,1272
粤B33207,113.969833,22.55765,1273
粤B33207,113.962334,22.5569,1274
粤B33207,113.952782,22.5564,1275
粤B33207,113.944817,22.555267,1276
粤B33207,113.936417,22.5555,1277
粤B33207,113.920685,22.555616,1278
粤B33207,113.926315,22.555349,1278
粤B33207,113.913132,22.554251,1279
粤B33207,113.90715,22.55315,1280
粤B33207,113.902451,22.558867,1281
粤B33207,113.894035,22.5655,1282
粤B33207,113.888313,22.571733,1283
粤B33207,113.8815,22.57795,1284
粤B33207,113.877098,22.5823,1285
粤B33207,113.873703,22.58605,1286
粤B33207,113.869202,22.585617,1287
粤B33207,113.871918,22.58885,1287
粤B33207,113.864449,22.581949,1288
粤B33207,113.862717,22.581682,1289
粤B33207,113.858849,22.584749,1290
粤B33207,113.858849,22.584749,1291
粤B33207,113.858849,22.584749,1292
粤B33207,113.857986,22.584833,1293
粤B33207,113.857567,22.584284,1294
粤B33207,113.857666,22.5856,1295
粤B33207,113.857498,22.5842,1295
粤B33207,113.849182,22.592016,1296
粤B33207,113.844185,22.5996,1297
粤B33207,113.844185,22.5996,1298
粤B33207,113.844185,22.5996,1299
粤B33207,113.842316,22.603582,1300
粤B33207,113.839935,22.608566,1301
粤B33207,113.83773,22.61305,1302
粤B33207,113.835167,22.61875,1303
粤B33207,113.834969,22.6192,1304
粤B33207,113.829849,22.617317,1305
粤B33207,113.814499,22.617567,1306
粤B33207,113.820213,22.612717,1306
粤B33207,113.812981,22.623167,1307
粤B33207,113.813385,22.623751,1308
粤B33207,113.813385,22.623751,1309
粤B33207,113.813385,22.623751,1310
粤B33207,113.813385,22.623751,1311
粤B33207,113.813385,22.623751,1312
粤B33207,113.813385,22.623751,1313
粤B33207,113.813385,22.623751,1314
粤B33207,113.813385,22.623751,1315
粤B33207,113.813385,22.623751,1316
粤B33207,113.813385,22.623751,1317
粤B33207,113.813385,22.623751,1317
粤B33207,113.813385,22.623751,1318
粤B33207,113.813385,22.623751,1319
粤B33207,113.813385,22.623751,1320
粤B33207,113.813385,22.623751,1321
粤B33207,113.813385,22.623751,1322
粤B33207,113.813385,22.623751,1323
粤B33207,113.813385,22.623751,1324
粤B33207,113.813385,22.623751,1325
粤B33207,113.81353,22.624083,1326
粤B33207,113.81353,22.624083,1327
粤B33207,113.81353,22.624083,1328
粤B33207,113.81353,22.624083,1328
粤B33207,113.81353,22.624083,1329
粤B33207,113.81353,22.624083,1330
粤B33207,113.81353,22.624083,1331
粤B33207,113.81353,22.624083,1332
粤B33207,113.81353,22.624083,1333
粤B33207,113.81353,22.624083,1334
粤B33207,113.81353,22.624083,1335
粤B33207,113.81353,22.624083,1336
粤B33207,113.81353,22.624083,1337
粤B33207,113.81353,22.624083,1338
粤B33207,113.81353,22.624083,1339
粤B33207,113.81353,22.624083,1339
粤B33207,113.81353,22.624083,1340
粤B33207,113.813248,22.625366,1341
粤B33207,113.812164,22.627333,1342
粤B33207,113.810699,22.627817,1343
粤B33207,113.809647,22.627167,1344
粤B33207,113.809647,22.627167,1345
粤B33207,113.809647,22.627167,1346
粤B33207,113.809647,22.627167,1346
粤B33207,113.80687,22.623182,1347
粤B33207,113.811302,22.615549,1348
粤B33207,113.81752,22.609934,1349
粤B33207,113.831001,22.617483,1350
粤B33207,113.824532,22.61455,1350
粤B33207,113.835197,22.618168,1351
粤B33207,113.837616,22.6127,1352
粤B33207,113.839836,22.608032,1353
粤B33207,113.837616,22.6127,1353
粤B33207,113.840981,22.605818,1354
粤B33207,113.843987,22.599632,1355
粤B33207,113.847687,22.593483,1356
粤B33207,113.855949,22.586349,1357
粤B33207,113.857903,22.585133,1358
粤B33207,113.857903,22.585133,1359
粤B33207,113.86013,22.583668,1360
粤B33207,113.861084,22.578251,1361
粤B33207,113.856819,22.573851,1362
粤B33207,113.856796,22.573816,1363
粤B33207,113.851196,22.568001,1364
粤B33207,113.856499,22.573549,1364
粤B33207,113.847801,22.564484,1365
粤B33207,113.851181,22.560301,1366
粤B33207,113.854019,22.556284,1367
粤B33207,113.85437,22.556433,1368
粤B33207,113.853317,22.559349,1369
粤B33207,113.85527,22.562117,1370
粤B33207,113.864403,22.553833,1371
粤B33207,113.874084,22.543533,1372
粤B33207,113.878571,22.532766,1373
粤B33207,113.87973,22.530382,1374
粤B33207,113.886719,22.52035,1375
粤B33207,113.896713,22.511499,1375
粤B33207,113.940269,22.505417,1379
粤B33207,113.939049,22.508017,1380
粤B33207,113.94342,22.50655,1381
粤B33207,113.944603,22.507299,1382
粤B33207,113.944801,22.507099,1383
粤B33207,113.945129,22.5065,1384
粤B33207,113.942902,22.507483,1385
粤B33207,113.942917,22.5079,1385
粤B33207,113.946632,22.508266,1386
粤B33207,113.948151,22.516317,1387
粤B33207,113.948814,22.525682,1388
粤B33207,113.940781,22.524717,1389
粤B33207,113.932449,22.525,1390
粤B33207,113.925697,22.532833,1391
粤B33207,113.924667,22.526382,1391
粤B33207,113.927101,22.540783,1392
粤B33207,113.924583,22.5431,1393
粤B33207,113.920685,22.543234,1394
粤B33207,113.920685,22.543234,1395
粤B33207,113.920685,22.543234,1396
粤B33207,113.919899,22.543234,1397
粤B33207,113.919899,22.543234,1398
粤B33207,113.916153,22.543301,1399
粤B33207,113.915314,22.542633,1400
粤B33207,113.915314,22.542667,1400
粤B33207,113.915314,22.542633,1400
粤B33207,113.915314,22.542633,1401
粤B33207,113.916069,22.541201,1402
粤B33207,113.91938,22.53985,1403
粤B33207,113.920403,22.53875,1404
粤B33207,113.922531,22.539801,1404
粤B33207,113.922546,22.544567,1405
粤B33207,113.925682,22.546118,1406
粤B33207,113.926331,22.544149,1407
粤B33207,113.927948,22.545851,1408
粤B33207,113.928619,22.544451,1409
粤B33207,113.928619,22.544451,1409
粤B33207,113.930267,22.54425,1410
粤B33207,113.928185,22.542868,1411
粤B33207,113.929802,22.5425,1412
粤B33207,113.941254,22.542801,1413
粤B33207,113.948769,22.54315,1414
粤B33207,113.95652,22.543301,1415
粤B33207,113.961929,22.542517,1416
粤B33207,113.97242,22.538668,1417
粤B33207,113.971436,22.539482,1418
粤B33207,113.969635,22.541267,1418
粤B33207,113.969749,22.542168,1419
粤B33207,113.969749,22.542168,1420
粤B33207,113.971481,22.540583,1421
粤B33207,113.971397,22.539568,1422
粤B33207,113.969215,22.540167,1422
粤B33207,113.963615,22.542233,1423
粤B33207,113.963318,22.542334,1424
粤B33207,113.960182,22.543266,1425
粤B33207,113.958984,22.543484,1426
粤B33207,113.949219,22.54335,1427
粤B33207,113.949219,22.54335,1428
粤B33207,113.946716,22.541883,1429
粤B33207,113.948586,22.541849,1430
粤B33207,113.948814,22.541433,1430
粤B33207,113.94928,22.539568,1431
粤B33207,113.951614,22.538134,1432
粤B33207,113.952637,22.539167,1433
粤B33207,113.954903,22.548849,1434
粤B33207,113.952866,22.558599,1435
粤B33207,113.952881,22.563833,1436
粤B33207,113.950432,22.570333,1437
粤B33207,113.950104,22.571051,1438
粤B33207,113.943497,22.5725,1439
