粤B5NC03,113.927002,22.5427,7
粤B5NC03,113.9198,22.5431,7
粤B5NC03,113.923103,22.5429,7
粤B5NC03,113.930901,22.5424,8
粤B5NC03,113.939102,22.5424,9
粤B5NC03,113.940002,22.5424,10
粤B5NC03,113.940697,22.5424,11
粤B5NC03,113.940399,22.542299,11
粤B5NC03,113.940498,22.545,13
粤B5NC03,113.940498,22.545,13
粤B5NC03,113.940498,22.545,14
粤B5NC03,113.940498,22.545,14
粤B5NC03,113.940498,22.545,14
粤B5NC03,113.940498,22.545,15
粤B5NC03,113.940498,22.545,17
粤B5NC03,113.940498,22.545,17
粤B5NC03,113.940498,22.545,17
粤B5NC03,113.940498,22.545,18
粤B5NC03,113.940498,22.545,18
粤B5NC03,113.940498,22.545,20
粤B5NC03,113.940498,22.545,20
粤B5NC03,113.940498,22.545,22
粤B5NC03,113.940498,22.545,23
粤B5NC03,113.940498,22.545,24
粤B5NC03,113.940498,22.545,24
粤B5NC03,113.940498,22.545,25
粤B5NC03,113.940498,22.545,25
粤B5NC03,113.940498,22.545,27
粤B5NC03,113.940498,22.545,27
粤B5NC03,113.940498,22.545,28
粤B5NC03,113.940498,22.545,28
粤B5NC03,113.940498,22.545,28
粤B5NC03,113.940498,22.545,29
粤B5NC03,113.940498,22.545,31
粤B5NC03,113.940498,22.545,32
粤B5NC03,113.940498,22.545,34
粤B5NC03,113.940498,22.545,35
粤B5NC03,113.940498,22.545,35
粤B5NC03,113.940498,22.545,36
粤B5NC03,113.940498,22.545,36
粤B5NC03,113.940498,22.545,38
粤B5NC03,113.940498,22.545,38
粤B5NC03,113.940498,22.545,38
粤B5NC03,113.940498,22.545,39
粤B5NC03,113.940498,22.545,39
粤B5NC03,113.940498,22.545,41
粤B5NC03,113.940498,22.545,42
粤B5NC03,113.940498,22.545,42
粤B5NC03,113.940498,22.545,43
粤B5NC03,113.940498,22.545,43
粤B5NC03,113.940498,22.545,45
粤B5NC03,113.940498,22.545,45
粤B5NC03,113.940498,22.545,46
粤B5NC03,113.929703,22.542801,48
粤B5NC03,113.925903,22.5431,49
粤B5NC03,113.927696,22.5429,49
粤B5NC03,113.9244,22.5306,52
粤B5NC03,113.9244,22.5306,52
粤B5NC03,113.9244,22.5306,52
粤B5NC03,113.9244,22.5306,53
粤B5NC03,113.9244,22.5306,53
粤B5NC03,113.9244,22.5306,53
粤B5NC03,113.9244,22.5306,54
粤B5NC03,113.9244,22.5306,55
粤B5NC03,113.9244,22.5306,56
粤B5NC03,113.9244,22.528,57
粤B5NC03,113.9245,22.530199,57
粤B5NC03,113.922699,22.525101,59
粤B5NC03,113.922997,22.5259,59
粤B5NC03,113.926201,22.5235,60
粤B5NC03,113.926498,22.5243,60
粤B5NC03,113.925201,22.521999,63
粤B5NC03,113.9244,22.5221,63
粤B5NC03,113.925598,22.521601,63
粤B5NC03,113.924103,22.5179,64
粤B5NC03,113.925301,22.52,64
粤B5NC03,113.925003,22.5187,64
粤B5NC03,113.924202,22.5173,65
粤B5NC03,113.922897,22.5177,65
粤B5NC03,113.926598,22.515699,66
粤B5NC03,113.927597,22.5149,67
粤B5NC03,113.927498,22.5133,67
粤B5NC03,113.927498,22.5128,67
粤B5NC03,113.929298,22.5079,68
粤B5NC03,113.927299,22.510401,68
粤B5NC03,113.927299,22.507999,68
粤B5NC03,113.932999,22.4991,71
粤B5NC03,113.932999,22.5007,71
粤B5NC03,113.931602,22.4986,72
粤B5NC03,113.929398,22.496201,74
粤B5NC03,113.9291,22.497801,74
粤B5NC03,113.9291,22.497801,74
粤B5NC03,113.9291,22.497801,75
粤B5NC03,113.926498,22.4977,75
粤B5NC03,113.921898,22.4935,78
粤B5NC03,113.917702,22.489799,80
粤B5NC03,113.918999,22.489901,80
粤B5NC03,113.916199,22.489799,81
粤B5NC03,113.914803,22.489599,81
粤B5NC03,113.9123,22.4886,82
粤B5NC03,113.909103,22.4856,84
粤B5NC03,113.9132,22.485399,85
粤B5NC03,113.912003,22.4846,85
粤B5NC03,113.911598,22.4846,86
粤B5NC03,113.9104,22.485001,87
粤B5NC03,113.911499,22.4846,88
粤B5NC03,113.911499,22.4846,88
粤B5NC03,113.9132,22.4853,89
粤B5NC03,113.9245,22.4869,91
粤B5NC03,113.927101,22.485901,92
粤B5NC03,113.925903,22.4863,92
粤B5NC03,113.925903,22.4863,92
粤B5NC03,113.929901,22.4848,93
粤B5NC03,113.929802,22.4849,93
粤B5NC03,113.9347,22.4855,94
粤B5NC03,113.939102,22.489401,95
粤B5NC03,113.936401,22.487,95
粤B5NC03,113.940201,22.489901,96
粤B5NC03,113.939201,22.489401,96
粤B5NC03,113.946602,22.498899,98
粤B5NC03,113.9468,22.502001,98
粤B5NC03,113.946701,22.503401,99
粤B5NC03,113.946503,22.5063,99
粤B5NC03,113.9468,22.509501,100
粤B5NC03,113.947502,22.5126,100
粤B5NC03,113.960098,22.522699,102
粤B5NC03,113.972702,22.5228,103
粤B5NC03,113.968498,22.522699,103
粤B5NC03,113.976997,22.5228,103
粤B5NC03,113.981201,22.5229,104
粤B5NC03,114.012199,22.530199,106
粤B5NC03,114.004204,22.5299,106
粤B5NC03,114.024101,22.5315,107
粤B5NC03,114.044098,22.5312,109
粤B5NC03,114.052803,22.5313,110
粤B5NC03,114.051201,22.5313,110
粤B5NC03,114.052803,22.5313,110
粤B5NC03,114.053497,22.5366,111
粤B5NC03,114.058197,22.537201,113
粤B5NC03,114.058197,22.537201,113
粤B5NC03,114.058197,22.537201,114
粤B5NC03,114.057999,22.537001,114
粤B5NC03,114.060097,22.5336,116
粤B5NC03,114.060097,22.5336,116
粤B5NC03,114.060097,22.5336,117
粤B5NC03,114.060097,22.5336,118
粤B5NC03,114.060097,22.5336,118
粤B5NC03,114.060097,22.5336,120
粤B5NC03,114.060097,22.5336,120
粤B5NC03,114.060097,22.5336,121
粤B5NC03,114.060097,22.5336,122
粤B5NC03,114.060097,22.5336,124
粤B5NC03,114.060097,22.5336,124
粤B5NC03,114.060097,22.5336,124
粤B5NC03,114.060097,22.5336,125
粤B5NC03,114.060097,22.5336,125
粤B5NC03,114.060097,22.5336,126
粤B5NC03,114.060097,22.5336,127
粤B5NC03,114.060097,22.5336,128
粤B5NC03,114.060097,22.5336,128
粤B5NC03,114.060097,22.5336,128
粤B5NC03,114.058601,22.533001,129
粤B5NC03,114.060097,22.5336,129
粤B5NC03,114.058098,22.5373,131
粤B5NC03,114.058098,22.5392,131
粤B5NC03,114.060501,22.542,132
粤B5NC03,114.058296,22.5418,132
粤B5NC03,114.0653,22.5427,133
粤B5NC03,114.076103,22.542801,134
粤B5NC03,114.076103,22.542801,135
粤B5NC03,114.076103,22.542801,135
粤B5NC03,114.076202,22.542999,135
粤B5NC03,114.076202,22.545,136
粤B5NC03,114.076202,22.546801,136
粤B5NC03,114.078796,22.5548,139
粤B5NC03,114.084801,22.5632,140
粤B5NC03,114.0868,22.5658,140
粤B5NC03,114.1092,22.575899,142
粤B5NC03,114.112099,22.5763,143
粤B5NC03,114.115196,22.576401,143
粤B5NC03,114.117798,22.576401,143
粤B5NC03,114.116096,22.5781,144
粤B5NC03,114.117302,22.5758,144
粤B5NC03,114.114899,22.5809,144
粤B5NC03,114.109299,22.5912,146
粤B5NC03,114.111603,22.597,146
粤B5NC03,114.110199,22.594299,146
粤B5NC03,114.113403,22.6,147
粤B5NC03,114.124199,22.6089,148
粤B5NC03,114.134003,22.617399,149
粤B5NC03,114.136803,22.6208,150
粤B5NC03,114.136803,22.6208,150
粤B5NC03,114.137001,22.621,151
粤B5NC03,114.140503,22.622299,151
粤B5NC03,114.156799,22.628599,153
粤B5NC03,114.156898,22.6287,154
粤B5NC03,114.1586,22.6308,155
粤B5NC03,114.160797,22.632601,155
粤B5NC03,114.176399,22.6371,159
粤B5NC03,114.176399,22.6371,159
粤B5NC03,114.188698,22.643,161
粤B5NC03,114.191002,22.6439,161
粤B5NC03,114.191498,22.643999,162
粤B5NC03,114.191498,22.6446,162
粤B5NC03,114.191399,22.643999,162
粤B5NC03,114.191002,22.6476,163
粤B5NC03,114.190903,22.646601,165
粤B5NC03,114.191002,22.6464,165
粤B5NC03,114.190903,22.646601,166
粤B5NC03,114.191597,22.6478,167
粤B5NC03,114.191597,22.6478,168
粤B5NC03,114.191597,22.6478,169
粤B5NC03,114.191902,22.6479,169
粤B5NC03,114.191902,22.6479,170
粤B5NC03,114.191902,22.6479,170
粤B5NC03,114.191902,22.6479,171
粤B5NC03,114.191902,22.6478,173
粤B5NC03,114.192101,22.6479,173
粤B5NC03,114.191902,22.6478,174
粤B5NC03,114.191902,22.6478,174
粤B5NC03,114.191902,22.6478,174
粤B5NC03,114.191902,22.6478,176
粤B5NC03,114.191902,22.6478,177
粤B5NC03,114.191902,22.6478,177
粤B5NC03,114.191902,22.6478,178
粤B5NC03,114.191902,22.6478,180
粤B5NC03,114.191902,22.6478,181
粤B5NC03,114.191902,22.6478,181
粤B5NC03,114.191902,22.6478,182
粤B5NC03,114.191902,22.6478,191
粤B5NC03,114.191902,22.6478,192
粤B5NC03,114.191902,22.6478,192
粤B5NC03,114.191902,22.6478,192
粤B5NC03,114.191902,22.6478,193
粤B5NC03,114.191902,22.6478,193
粤B5NC03,114.191902,22.6478,195
粤B5NC03,114.191902,22.6478,195
粤B5NC03,114.191902,22.6478,199
粤B5NC03,114.191902,22.6478,199
粤B5NC03,114.191902,22.6478,200
粤B5NC03,114.191902,22.6478,200
粤B5NC03,114.193604,22.6472,202
粤B5NC03,114.193604,22.6472,202
粤B5NC03,114.193703,22.6462,203
粤B5NC03,114.196404,22.645201,204
粤B5NC03,114.207901,22.6481,206
粤B5NC03,114.208801,22.648199,207
粤B5NC03,114.2146,22.6486,208
粤B5NC03,114.212303,22.6485,208
粤B5NC03,114.221397,22.646601,210
粤B5NC03,114.219902,22.642401,211
粤B5NC03,114.219902,22.6423,211
粤B5NC03,114.219902,22.6423,212
粤B5NC03,114.220001,22.642799,212
粤B5NC03,114.220901,22.648199,214
粤B5NC03,114.212601,22.6486,215
粤B5NC03,114.2099,22.6485,215
粤B5NC03,114.209297,22.650101,216
粤B5NC03,114.209099,22.6525,217
粤B5NC03,114.2061,22.651199,218
粤B5NC03,114.207001,22.651501,218
粤B5NC03,114.204597,22.651899,218
粤B5NC03,114.198799,22.647301,219
粤B5NC03,114.200897,22.648701,219
粤B5NC03,114.202797,22.650299,219
粤B5NC03,114.195702,22.6453,221
粤B5NC03,114.194397,22.644899,222
粤B5NC03,114.190399,22.643999,222
粤B5NC03,114.186096,22.641899,223
粤B5NC03,114.188202,22.6429,223
粤B5NC03,114.179398,22.638399,225
粤B5NC03,114.173897,22.6369,225
粤B5NC03,114.170197,22.6364,226
粤B5NC03,114.162903,22.634199,226
粤B5NC03,114.137604,22.621599,230
粤B5NC03,114.135696,22.6199,230
粤B5NC03,114.134003,22.617901,231
粤B5NC03,114.124199,22.6091,232
粤B5NC03,114.118401,22.6061,233
粤B5NC03,114.121101,22.607599,233
粤B5NC03,114.116798,22.6043,234
粤B5NC03,114.1129,22.5996,234
粤B5NC03,114.115601,22.578199,237
粤B5NC03,114.111298,22.576599,238
粤B5NC03,114.108803,22.5762,238
粤B5NC03,114.092697,22.5681,240
粤B5NC03,114.087303,22.566999,241
粤B5NC03,114.0849,22.570299,241
粤B5NC03,114.057404,22.566401,244
粤B5NC03,114.050697,22.565001,245
粤B5NC03,114.046501,22.565201,245
粤B5NC03,114.042397,22.564199,245
粤B5NC03,114.015198,22.5604,248
粤B5NC03,114.015099,22.556601,249
粤B5NC03,114.016403,22.553801,249
粤B5NC03,114.018799,22.5506,249
粤B5NC03,114.025002,22.533199,251
粤B5NC03,114.026497,22.529699,251
粤B5NC03,114.031097,22.524,252
粤B5NC03,114.032402,22.525999,252
粤B5NC03,114.029099,22.521,253
粤B5NC03,114.0336,22.518299,255
粤B5NC03,114.0336,22.518499,255
粤B5NC03,114.0336,22.518499,255
粤B5NC03,114.029701,22.521799,256
粤B5NC03,114.0299,22.5205,256
粤B5NC03,114.031799,22.5193,256
粤B5NC03,114.030998,22.527201,258
粤B5NC03,114.009903,22.5299,260
粤B5NC03,114.018204,22.531799,260
粤B5NC03,113.985497,22.523701,262
粤B5NC03,113.973099,22.523001,263
粤B5NC03,113.948402,22.530199,267
粤B5NC03,113.945297,22.5301,267
粤B5NC03,113.945198,22.5277,267
粤B5NC03,113.949898,22.5312,268
粤B5NC03,113.950203,22.5345,268
粤B5NC03,113.952797,22.560499,271
粤B5NC03,113.952797,22.5569,272
粤B5NC03,113.9505,22.547701,274
粤B5NC03,113.951599,22.5481,274
粤B5NC03,113.9505,22.545799,274
粤B5NC03,113.949402,22.546301,275
粤B5NC03,113.9561,22.556101,277
粤B5NC03,113.959503,22.5562,277
粤B5NC03,113.965897,22.556999,278
粤B5NC03,113.971802,22.556801,279
粤B5NC03,113.974297,22.556299,279
粤B5NC03,113.974503,22.555799,281
粤B5NC03,113.974503,22.555799,282
粤B5NC03,113.974503,22.555799,282
粤B5NC03,113.974503,22.555799,285
粤B5NC03,113.974503,22.555799,286
粤B5NC03,113.974503,22.555799,286
粤B5NC03,113.974503,22.555799,287
粤B5NC03,113.974503,22.555799,287
粤B5NC03,113.974503,22.555799,289
粤B5NC03,113.974503,22.555799,289
粤B5NC03,113.974503,22.555799,290
粤B5NC03,113.974602,22.555901,290
粤B5NC03,113.9748,22.5555,290
粤B5NC03,113.966797,22.557699,292
粤B5NC03,113.957298,22.5567,293
粤B5NC03,113.963501,22.557199,293
粤B5NC03,113.951302,22.556801,294
粤B5NC03,113.952698,22.5567,294
粤B5NC03,113.952904,22.554001,295
粤B5NC03,113.951698,22.542101,296
粤B5NC03,113.945,22.542801,297
粤B5NC03,113.948601,22.5424,297
粤B5NC03,113.932701,22.542801,298
粤B5NC03,113.9356,22.5429,298
粤B5NC03,113.938698,22.542999,298
粤B5NC03,113.93,22.542801,299
粤B5NC03,113.927002,22.5357,300
粤B5NC03,113.925598,22.5326,301
粤B5NC03,113.9244,22.5299,301
粤B5NC03,113.921997,22.518499,302
粤B5NC03,113.924301,22.523899,302
粤B5NC03,113.914398,22.5184,304
粤B5NC03,113.914398,22.5184,305
粤B5NC03,113.913597,22.518801,305
粤B5NC03,113.914398,22.5184,305
粤B5NC03,113.912003,22.519199,306
粤B5NC03,113.912003,22.519199,306
粤B5NC03,113.912003,22.519199,307
粤B5NC03,113.912003,22.519199,309
粤B5NC03,113.912003,22.519199,310
粤B5NC03,113.912003,22.519199,310
粤B5NC03,113.912003,22.519199,312
粤B5NC03,113.912003,22.519199,312
粤B5NC03,113.912003,22.519199,313
粤B5NC03,113.912003,22.519199,314
粤B5NC03,113.912003,22.519199,316
粤B5NC03,113.912003,22.519199,316
粤B5NC03,113.912003,22.519199,317
粤B5NC03,113.912003,22.519199,317
粤B5NC03,113.912003,22.519199,318
粤B5NC03,113.912003,22.519199,320
粤B5NC03,113.912003,22.519199,320
粤B5NC03,113.912003,22.519199,321
粤B5NC03,113.912003,22.519199,321
粤B5NC03,113.912003,22.519199,324
粤B5NC03,113.912003,22.519199,325
粤B5NC03,113.912003,22.519199,327
粤B5NC03,113.912003,22.519199,328
粤B5NC03,113.912003,22.519199,329
粤B5NC03,113.912003,22.519199,329
粤B5NC03,113.912003,22.519199,331
粤B5NC03,113.912003,22.519199,331
粤B5NC03,113.912003,22.519199,332
粤B5NC03,113.912003,22.519199,333
粤B5NC03,113.912003,22.519199,334
粤B5NC03,113.912003,22.519199,335
粤B5NC03,113.912003,22.519199,335
粤B5NC03,113.912003,22.519199,336
粤B5NC03,113.912003,22.519199,338
粤B5NC03,113.911903,22.5193,339
粤B5NC03,113.912003,22.519199,339
粤B5NC03,113.912003,22.519199,339
粤B5NC03,113.911903,22.5193,339
粤B5NC03,113.912003,22.519199,340
粤B5NC03,113.912003,22.519199,340
粤B5NC03,113.912003,22.519199,342
粤B5NC03,113.912003,22.519199,343
粤B5NC03,113.912003,22.519199,343
粤B5NC03,113.912003,22.519199,344
粤B5NC03,113.912003,22.519199,344
粤B5NC03,113.912003,22.519199,346
粤B5NC03,113.912003,22.519199,346
粤B5NC03,113.912003,22.519199,347
粤B5NC03,113.912003,22.519199,347
粤B5NC03,113.912003,22.519199,347
粤B5NC03,113.912003,22.519199,348
粤B5NC03,113.912003,22.519199,348
粤B5NC03,113.912003,22.519199,348
粤B5NC03,113.912003,22.519199,350
粤B5NC03,113.912003,22.519199,351
粤B5NC03,113.912003,22.519199,351
粤B5NC03,113.912003,22.519199,351
粤B5NC03,113.912003,22.519199,352
粤B5NC03,113.912003,22.519199,352
粤B5NC03,113.912003,22.519199,354
粤B5NC03,113.912003,22.519199,354
粤B5NC03,113.912003,22.519199,355
粤B5NC03,113.912003,22.519199,355
粤B5NC03,113.912003,22.519199,355
粤B5NC03,113.912003,22.519199,356
粤B5NC03,113.912003,22.519199,356
粤B5NC03,113.912003,22.519199,358
粤B5NC03,113.912003,22.519199,358
粤B5NC03,113.912003,22.519199,358
粤B5NC03,113.912003,22.519199,359
粤B5NC03,113.912003,22.519199,359
粤B5NC03,113.912003,22.519199,360
粤B5NC03,113.912003,22.519199,360
粤B5NC03,113.912003,22.519199,360
粤B5NC03,113.912003,22.519199,362
粤B5NC03,113.912003,22.519199,363
粤B5NC03,113.912003,22.519199,363
粤B5NC03,113.912003,22.519199,363
粤B5NC03,113.912003,22.519199,364
粤B5NC03,113.912003,22.519199,364
粤B5NC03,113.912003,22.519199,366
粤B5NC03,113.912003,22.519199,367
粤B5NC03,113.912003,22.519199,367
粤B5NC03,113.912003,22.519199,367
粤B5NC03,113.912003,22.519199,368
粤B5NC03,113.912003,22.519199,370
粤B5NC03,113.912003,22.519199,370
粤B5NC03,113.912003,22.519199,370
粤B5NC03,113.912003,22.519199,371
粤B5NC03,113.912003,22.519199,371
粤B5NC03,113.912003,22.519199,372
粤B5NC03,113.912003,22.519199,373
粤B5NC03,113.912003,22.519199,374
粤B5NC03,113.912003,22.519199,374
粤B5NC03,113.912003,22.519199,374
粤B5NC03,113.912003,22.519199,375
粤B5NC03,113.912003,22.519199,375
粤B5NC03,113.912003,22.519199,379
粤B5NC03,113.912003,22.519199,380
粤B5NC03,113.912003,22.519199,382
粤B5NC03,113.912003,22.519199,382
粤B5NC03,113.912003,22.519199,383
粤B5NC03,113.912003,22.519199,383
粤B5NC03,113.912003,22.519199,386
粤B5NC03,113.912003,22.519199,386
粤B5NC03,113.912003,22.519199,386
粤B5NC03,113.912003,22.519199,387
粤B5NC03,113.912003,22.519199,387
粤B5NC03,113.912003,22.519199,389
粤B5NC03,113.912003,22.519199,389
粤B5NC03,113.912003,22.519199,390
粤B5NC03,113.912003,22.519199,390
粤B5NC03,113.912003,22.519199,390
粤B5NC03,113.912003,22.519199,391
粤B5NC03,113.912003,22.519199,393
粤B5NC03,113.912003,22.519199,393
粤B5NC03,113.912003,22.519199,394
粤B5NC03,113.912003,22.519199,397
粤B5NC03,113.912003,22.519199,397
粤B5NC03,113.912003,22.519199,398
粤B5NC03,113.912003,22.519199,398
粤B5NC03,113.912003,22.519199,398
粤B5NC03,113.912003,22.519199,400
粤B5NC03,113.912003,22.519199,400
粤B5NC03,113.912003,22.519199,401
粤B5NC03,113.912003,22.519199,401
粤B5NC03,113.912003,22.519199,401
粤B5NC03,113.912003,22.519199,402
粤B5NC03,113.912003,22.519199,404
粤B5NC03,113.912003,22.519199,404
粤B5NC03,113.912003,22.519199,404
粤B5NC03,113.912003,22.519199,406
粤B5NC03,113.912003,22.519199,408
粤B5NC03,113.912003,22.519199,408
粤B5NC03,113.912003,22.519199,409
粤B5NC03,113.912003,22.519199,409
粤B5NC03,113.912003,22.519199,409
粤B5NC03,113.912003,22.519199,410
粤B5NC03,113.912003,22.519199,411
粤B5NC03,113.912003,22.519199,412
粤B5NC03,113.912003,22.519199,412
粤B5NC03,113.912003,22.519199,413
粤B5NC03,113.912003,22.519199,413
粤B5NC03,113.912003,22.519199,416
粤B5NC03,113.912003,22.519199,416
粤B5NC03,113.912003,22.519199,417
粤B5NC03,113.912003,22.519199,417
粤B5NC03,113.912003,22.519199,417
粤B5NC03,113.912003,22.519199,418
粤B5NC03,113.912003,22.519199,418
粤B5NC03,113.912003,22.519199,420
粤B5NC03,113.912003,22.519199,420
粤B5NC03,113.912003,22.519199,420
粤B5NC03,113.912003,22.519199,421
粤B5NC03,113.912003,22.519199,421
粤B5NC03,113.912003,22.519199,421
粤B5NC03,113.912003,22.519199,424
粤B5NC03,113.912003,22.519199,425
粤B5NC03,113.912102,22.5194,425
粤B5NC03,113.912003,22.519199,425
粤B5NC03,113.909698,22.518101,427
粤B5NC03,113.909103,22.517401,428
粤B5NC03,113.909103,22.517401,428
粤B5NC03,113.909103,22.517401,429
粤B5NC03,113.909103,22.517401,429
粤B5NC03,113.909103,22.517401,431
粤B5NC03,113.909103,22.517401,431
粤B5NC03,113.909103,22.517401,432
粤B5NC03,113.909103,22.517401,432
粤B5NC03,113.909103,22.517401,435
粤B5NC03,113.909103,22.517401,435
粤B5NC03,113.909103,22.517401,436
粤B5NC03,113.909103,22.517401,439
粤B5NC03,113.909103,22.517401,440
粤B5NC03,113.909103,22.517401,442
粤B5NC03,113.909103,22.517401,442
粤B5NC03,113.909103,22.517401,443
粤B5NC03,113.909103,22.517401,443
粤B5NC03,113.909103,22.517401,444
粤B5NC03,113.910202,22.5186,446
粤B5NC03,113.9123,22.519699,446
粤B5NC03,113.908997,22.517,446
粤B5NC03,113.9133,22.521299,447
粤B5NC03,113.9142,22.5229,447
粤B5NC03,113.914398,22.5238,448
粤B5NC03,113.914803,22.5268,449
粤B5NC03,113.913696,22.531099,450
粤B5NC03,113.914597,22.5277,450
粤B5NC03,113.914398,22.5291,450
粤B5NC03,113.913902,22.532301,451
粤B5NC03,113.915901,22.5354,453
粤B5NC03,113.9161,22.5341,453
粤B5NC03,113.9161,22.5313,454
粤B5NC03,113.916,22.531401,454
粤B5NC03,113.9189,22.5306,455
粤B5NC03,113.917198,22.530899,455
粤B5NC03,113.918999,22.527,456
粤B5NC03,113.920601,22.526501,457
粤B5NC03,113.925301,22.5256,457
粤B5NC03,113.932602,22.5245,458
粤B5NC03,113.927696,22.525101,458
粤B5NC03,113.930603,22.524799,458
粤B5NC03,113.933403,22.5242,459
粤B5NC03,113.938004,22.5212,461
粤B5NC03,113.936501,22.513901,462
粤B5NC03,113.937103,22.5161,462
粤B5NC03,113.936302,22.508301,464
粤B5NC03,113.936302,22.5084,465
粤B5NC03,113.936302,22.508301,465
粤B5NC03,113.936302,22.508301,465
粤B5NC03,113.937103,22.5079,466
粤B5NC03,113.936501,22.507999,466
粤B5NC03,113.942596,22.506599,467
粤B5NC03,113.943199,22.506399,468
粤B5NC03,113.943398,22.507099,468
粤B5NC03,113.944397,22.507299,469
粤B5NC03,113.944702,22.507299,469
粤B5NC03,113.944397,22.507299,469
粤B5NC03,113.932899,22.509701,475
粤B5NC03,113.9328,22.511999,475
粤B5NC03,113.9328,22.5126,476
粤B5NC03,113.9328,22.5126,476
粤B5NC03,113.929604,22.512899,478
粤B5NC03,113.930397,22.512899,478
粤B5NC03,113.929298,22.512699,479
粤B5NC03,113.930603,22.513,480
粤B5NC03,113.931999,22.5131,482
粤B5NC03,113.931999,22.5131,483
粤B5NC03,113.932297,22.513,486
粤B5NC03,113.932404,22.513,487
粤B5NC03,113.932404,22.513,487
粤B5NC03,113.940201,22.5207,490
粤B5NC03,113.938698,22.5205,490
粤B5NC03,113.938004,22.5182,490
粤B5NC03,113.944199,22.523899,491
粤B5NC03,113.941803,22.524,491
粤B5NC03,113.957603,22.5228,493
粤B5NC03,113.957603,22.5228,493
粤B5NC03,113.958199,22.522699,494
粤B5NC03,113.963097,22.5226,495
粤B5NC03,113.964401,22.522699,495
粤B5NC03,113.9618,22.5226,495
粤B5NC03,113.993103,22.526699,498
粤B5NC03,113.999001,22.5296,499
粤B5NC03,114.023201,22.531601,501
粤B5NC03,114.021004,22.532,501
粤B5NC03,114.025398,22.531099,502
粤B5NC03,114.0243,22.5313,502
粤B5NC03,114.024803,22.5312,502
粤B5NC03,114.026199,22.5308,503
粤B5NC03,114.025902,22.5308,505
粤B5NC03,114.026802,22.5298,505
粤B5NC03,114.026299,22.5303,505
粤B5NC03,114.025398,22.532,506
粤B5NC03,114.024101,22.5371,507
粤B5NC03,114.024597,22.5352,507
粤B5NC03,114.0233,22.5397,508
粤B5NC03,114.023598,22.540501,508
粤B5NC03,114.018097,22.539499,510
粤B5NC03,114.015602,22.539801,511
粤B5NC03,114.016197,22.540001,511
粤B5NC03,114.016098,22.5399,511
粤B5NC03,114.013397,22.5397,512
粤B5NC03,114.014397,22.539499,512
粤B5NC03,114.007202,22.5492,514
粤B5NC03,114.0093,22.547899,514
粤B5NC03,114.007103,22.549299,515
粤B5NC03,114.007103,22.549299,515
粤B5NC03,114.007103,22.549299,515
粤B5NC03,114.007103,22.549299,516
粤B5NC03,114.005203,22.555901,518
粤B5NC03,114.003899,22.5546,518
粤B5NC03,114.011299,22.558599,519
粤B5NC03,114.009102,22.5576,519
粤B5NC03,114.014,22.559601,520
粤B5NC03,114.029701,22.5616,521
粤B5NC03,114.035599,22.562599,522
粤B5NC03,114.051399,22.5648,524
粤B5NC03,114.053101,22.5648,525
粤B5NC03,114.055199,22.5651,525
粤B5NC03,114.059402,22.5669,526
粤B5NC03,114.061302,22.567801,526
粤B5NC03,114.066399,22.566799,528
粤B5NC03,114.066399,22.566799,529
粤B5NC03,114.066399,22.566799,529
粤B5NC03,114.065201,22.566799,530
粤B5NC03,114.065498,22.567301,536
粤B5NC03,114.065498,22.567301,546
粤B5NC03,114.065498,22.567301,546
粤B5NC03,114.065498,22.567301,547
粤B5NC03,114.065498,22.567301,547
粤B5NC03,114.065498,22.567301,548
粤B5NC03,114.065498,22.567301,550
粤B5NC03,114.065498,22.567301,551
粤B5NC03,114.065498,22.567301,553
粤B5NC03,114.065498,22.567301,553
粤B5NC03,114.065498,22.567301,554
粤B5NC03,114.065498,22.567301,555
粤B5NC03,114.065498,22.567301,555
粤B5NC03,114.065498,22.567301,557
粤B5NC03,114.065498,22.567301,557
粤B5NC03,114.065498,22.567301,558
粤B5NC03,114.065498,22.567301,559
粤B5NC03,114.065498,22.567301,561
粤B5NC03,114.065498,22.567301,562
粤B5NC03,114.065498,22.567301,562
粤B5NC03,114.065498,22.567301,562
粤B5NC03,114.065498,22.567301,563
粤B5NC03,114.065498,22.567301,564
粤B5NC03,114.065498,22.567301,565
粤B5NC03,114.065498,22.567301,565
粤B5NC03,114.065498,22.567301,568
粤B5NC03,114.065498,22.567301,568
粤B5NC03,114.065498,22.567301,569
粤B5NC03,114.065498,22.567301,569
粤B5NC03,114.065498,22.567301,570
粤B5NC03,114.065498,22.567301,571
粤B5NC03,114.065498,22.567301,572
粤B5NC03,114.065498,22.567301,572
粤B5NC03,114.065498,22.567301,573
粤B5NC03,114.065498,22.567301,575
粤B5NC03,114.065498,22.567301,576
粤B5NC03,114.065498,22.567301,576
粤B5NC03,114.065498,22.567301,577
粤B5NC03,114.065498,22.567301,577
粤B5NC03,114.065399,22.567301,579
粤B5NC03,114.066498,22.566799,580
粤B5NC03,114.065903,22.566799,580
粤B5NC03,114.0672,22.566799,581
粤B5NC03,114.067596,22.558599,583
粤B5NC03,114.067596,22.558599,583
粤B5NC03,114.067596,22.558201,584
粤B5NC03,114.067596,22.558599,584
粤B5NC03,114.067497,22.5431,586
粤B5NC03,114.068001,22.540701,587
粤B5NC03,114.068001,22.5394,587
粤B5NC03,114.067398,22.538799,588
粤B5NC03,114.065201,22.538,590
粤B5NC03,114.064903,22.537901,590
粤B5NC03,114.065002,22.537901,590
粤B5NC03,114.064003,22.537701,591
粤B5NC03,114.064301,22.5378,591
粤B5NC03,114.063797,22.537701,593
粤B5NC03,114.063499,22.535999,594
粤B5NC03,114.067902,22.5382,597
粤B5NC03,114.0681,22.5373,598
粤B5NC03,114.0681,22.537901,598
粤B5NC03,114.069397,22.5322,608
粤B5NC03,114.066101,22.5319,609
粤B5NC03,114.067299,22.5319,609
粤B5NC03,114.066902,22.5319,609
粤B5NC03,114.064903,22.5319,610
粤B5NC03,114.048897,22.531601,612
粤B5NC03,114.023697,22.5317,614
粤B5NC03,114.020302,22.532,615
粤B5NC03,114.016502,22.5313,615
粤B5NC03,114.002098,22.530199,616
粤B5NC03,114.009201,22.5298,616
粤B5NC03,114.006203,22.5298,616
粤B5NC03,113.990402,22.5254,617
粤B5NC03,113.981903,22.5231,618
粤B5NC03,113.969101,22.5229,619
粤B5NC03,113.9729,22.5229,619
粤B5NC03,113.964798,22.5228,619
粤B5NC03,113.9394,22.524599,621
粤B5NC03,113.930603,22.5249,622
粤B5NC03,113.933701,22.5249,622
粤B5NC03,113.920197,22.526899,625
粤B5NC03,113.919098,22.5284,626
粤B5NC03,113.919197,22.5289,628
粤B5NC03,113.919296,22.5294,628
粤B5NC03,113.919296,22.529499,629
粤B5NC03,113.919502,22.5301,629
粤B5NC03,113.919899,22.5348,631
粤B5NC03,113.9198,22.533701,632
粤B5NC03,113.9198,22.533701,635
粤B5NC03,113.9198,22.533701,635
粤B5NC03,113.9198,22.533701,635
粤B5NC03,113.9198,22.533701,636
粤B5NC03,113.9198,22.533701,637
粤B5NC03,113.9198,22.533701,638
粤B5NC03,113.9198,22.533701,638
粤B5NC03,113.9198,22.533701,638
粤B5NC03,113.9198,22.533701,639
粤B5NC03,113.9198,22.533701,639
粤B5NC03,113.9198,22.533701,641
粤B5NC03,113.9198,22.533701,642
粤B5NC03,113.9198,22.533701,643
粤B5NC03,113.9198,22.533701,645
粤B5NC03,113.9198,22.533701,645
粤B5NC03,113.9198,22.533701,647
粤B5NC03,113.9198,22.533701,648
粤B5NC03,113.9198,22.533701,648
粤B5NC03,113.9198,22.533701,649
粤B5NC03,113.9198,22.533701,649
粤B5NC03,113.918999,22.529499,651
粤B5NC03,113.918701,22.5278,652
粤B5NC03,113.917702,22.5278,652
粤B5NC03,113.916901,22.5278,652
粤B5NC03,113.915298,22.527201,654
粤B5NC03,113.915298,22.527201,654
粤B5NC03,113.915298,22.527201,654
粤B5NC03,113.915298,22.527201,655
粤B5NC03,113.915298,22.527201,655
粤B5NC03,113.915199,22.5271,656
粤B5NC03,113.9123,22.5198,658
粤B5NC03,113.9104,22.5186,659
粤B5NC03,113.9104,22.5186,659
粤B5NC03,113.912201,22.519199,661
粤B5NC03,113.912201,22.519199,662
粤B5NC03,113.912201,22.519199,662
粤B5NC03,113.912201,22.5194,664
粤B5NC03,113.912201,22.5194,664
粤B5NC03,113.912201,22.5194,665
粤B5NC03,113.912201,22.5194,665
粤B5NC03,113.912201,22.5194,666
粤B5NC03,113.912201,22.5194,666
粤B5NC03,113.912201,22.5194,668
粤B5NC03,113.912201,22.5194,668
粤B5NC03,113.912201,22.5194,668
粤B5NC03,113.912201,22.5194,669
粤B5NC03,113.912201,22.5194,671
粤B5NC03,113.912201,22.5194,671
粤B5NC03,113.912201,22.5194,672
粤B5NC03,113.912201,22.5194,673
粤B5NC03,113.912201,22.5194,676
粤B5NC03,113.912201,22.5194,676
粤B5NC03,113.912201,22.5194,678
粤B5NC03,113.912201,22.5194,679
粤B5NC03,113.912201,22.5194,679
粤B5NC03,113.912201,22.5194,679
粤B5NC03,113.912201,22.5194,680
粤B5NC03,113.912201,22.5194,680
粤B5NC03,113.912201,22.5194,682
粤B5NC03,113.912201,22.5194,682
粤B5NC03,113.912201,22.5194,685
粤B5NC03,113.912201,22.5194,686
粤B5NC03,113.912201,22.5194,686
粤B5NC03,113.912201,22.5194,686
粤B5NC03,113.912201,22.5194,687
粤B5NC03,113.912201,22.5194,688
粤B5NC03,113.912201,22.5194,688
粤B5NC03,113.912201,22.5194,689
粤B5NC03,113.912201,22.5194,689
粤B5NC03,113.912201,22.5194,689
粤B5NC03,113.912201,22.5194,691
粤B5NC03,113.912201,22.5194,692
粤B5NC03,113.912201,22.5194,692
粤B5NC03,113.912201,22.5194,693
粤B5NC03,113.912201,22.5194,693
粤B5NC03,113.912201,22.5194,693
粤B5NC03,113.912201,22.5194,695
粤B5NC03,113.912201,22.5194,695
粤B5NC03,113.912201,22.5194,696
粤B5NC03,113.912201,22.5194,696
粤B5NC03,113.912201,22.5194,699
粤B5NC03,113.912201,22.5194,699
粤B5NC03,113.912201,22.5194,700
粤B5NC03,113.912201,22.5194,700
粤B5NC03,113.912201,22.5194,703
粤B5NC03,113.912201,22.5194,704
粤B5NC03,113.912201,22.5194,705
粤B5NC03,113.912201,22.5194,705
粤B5NC03,113.912201,22.5194,706
粤B5NC03,113.912201,22.5194,707
粤B5NC03,113.912201,22.5194,707
粤B5NC03,113.912201,22.5194,708
粤B5NC03,113.912201,22.5194,709
粤B5NC03,113.912201,22.5194,709
粤B5NC03,113.912201,22.5194,710
粤B5NC03,113.912201,22.5194,711
粤B5NC03,113.912201,22.5194,712
粤B5NC03,113.912201,22.5194,713
粤B5NC03,113.912201,22.5194,713
粤B5NC03,113.912201,22.5194,715
粤B5NC03,113.912201,22.5194,716
粤B5NC03,113.912201,22.5194,716
粤B5NC03,113.912201,22.5194,717
粤B5NC03,113.912201,22.5194,717
粤B5NC03,113.912201,22.5194,718
粤B5NC03,113.912201,22.5194,718
粤B5NC03,113.912201,22.5194,719
粤B5NC03,113.912201,22.5194,719
粤B5NC03,113.912201,22.5194,719
粤B5NC03,113.912201,22.5194,720
粤B5NC03,113.912201,22.5194,720
粤B5NC03,113.912201,22.5194,721
粤B5NC03,113.904198,22.519501,724
粤B5NC03,113.904198,22.519501,725
粤B5NC03,113.904198,22.519501,725
粤B5NC03,113.904198,22.519501,725
粤B5NC03,113.904198,22.519501,726
粤B5NC03,113.904198,22.519501,726
粤B5NC03,113.904198,22.519501,726
粤B5NC03,113.904198,22.519501,728
粤B5NC03,113.904198,22.519501,728
粤B5NC03,113.904198,22.519501,729
粤B5NC03,113.904198,22.519501,729
粤B5NC03,113.904198,22.519501,730
粤B5NC03,113.904198,22.519501,730
粤B5NC03,113.904198,22.519501,732
粤B5NC03,113.904198,22.519501,732
粤B5NC03,113.904198,22.519501,733
粤B5NC03,113.904198,22.519501,733
粤B5NC03,113.904198,22.519501,733
粤B5NC03,113.904198,22.519501,734
粤B5NC03,113.904198,22.519501,735
粤B5NC03,113.904198,22.519501,736
粤B5NC03,113.904198,22.519501,736
粤B5NC03,113.904198,22.519501,737
粤B5NC03,113.904198,22.519501,739
粤B5NC03,113.904198,22.519501,739
粤B5NC03,113.904198,22.519501,740
粤B5NC03,113.904198,22.519501,740
粤B5NC03,113.904198,22.519501,740
粤B5NC03,113.904198,22.519501,742
粤B5NC03,113.904198,22.519501,743
粤B5NC03,113.904198,22.519501,743
粤B5NC03,113.904198,22.519501,744
粤B5NC03,113.904198,22.519501,746
粤B5NC03,113.904198,22.519501,746
粤B5NC03,113.904198,22.519501,747
粤B5NC03,113.904198,22.519501,747
粤B5NC03,113.904198,22.519501,747
粤B5NC03,113.904198,22.519501,748
粤B5NC03,113.904198,22.519501,749
粤B5NC03,113.904198,22.519501,753
粤B5NC03,113.904198,22.519501,753
粤B5NC03,113.904198,22.519501,754
粤B5NC03,113.904198,22.519501,754
粤B5NC03,113.904198,22.519501,754
粤B5NC03,113.904198,22.519501,755
粤B5NC03,113.904198,22.519501,756
粤B5NC03,113.904198,22.519501,756
粤B5NC03,113.904198,22.519501,757
粤B5NC03,113.904198,22.519501,757
粤B5NC03,113.904198,22.519501,758
粤B5NC03,113.904198,22.519501,760
粤B5NC03,113.904198,22.519501,760
粤B5NC03,113.904198,22.519501,761
粤B5NC03,113.904198,22.519501,765
粤B5NC03,113.904198,22.519501,765
粤B5NC03,113.904198,22.519501,767
粤B5NC03,113.904198,22.519501,768
粤B5NC03,113.904198,22.519501,770
粤B5NC03,113.904198,22.519501,770
粤B5NC03,113.904198,22.519501,771
粤B5NC03,113.904198,22.519501,772
粤B5NC03,113.904198,22.519501,774
粤B5NC03,113.904198,22.519501,775
粤B5NC03,113.904198,22.519501,775
粤B5NC03,113.904198,22.519501,775
粤B5NC03,113.904198,22.519501,777
粤B5NC03,113.904198,22.519501,777
粤B5NC03,113.904198,22.519501,777
粤B5NC03,113.904198,22.519501,778
粤B5NC03,113.904198,22.519501,778
粤B5NC03,113.904198,22.519501,778
粤B5NC03,113.904198,22.519501,779
粤B5NC03,113.904198,22.519501,782
粤B5NC03,113.904198,22.519501,782
粤B5NC03,113.904198,22.519501,784
粤B5NC03,113.904198,22.519501,785
粤B5NC03,113.904198,22.519501,785
粤B5NC03,113.904198,22.519501,786
粤B5NC03,113.904198,22.519501,787
粤B5NC03,113.904198,22.519501,788
粤B5NC03,113.904198,22.519501,789
粤B5NC03,113.904198,22.519501,791
粤B5NC03,113.904198,22.519501,791
粤B5NC03,113.904198,22.519501,792
粤B5NC03,113.904198,22.519501,792
粤B5NC03,113.904198,22.519501,793
粤B5NC03,113.904198,22.519501,794
粤B5NC03,113.904198,22.519501,794
粤B5NC03,113.904198,22.519501,796
粤B5NC03,113.904198,22.519501,798
粤B5NC03,113.904198,22.519501,798
粤B5NC03,113.904198,22.519501,798
粤B5NC03,113.904198,22.519501,799
粤B5NC03,113.904198,22.519501,800
粤B5NC03,113.904198,22.519501,801
粤B5NC03,113.904198,22.519501,802
粤B5NC03,113.904198,22.519501,802
粤B5NC03,113.904198,22.519501,802
粤B5NC03,113.904198,22.519501,803
粤B5NC03,113.904198,22.519501,804
粤B5NC03,113.904198,22.519501,805
粤B5NC03,113.904198,22.519501,806
粤B5NC03,113.904198,22.519501,806
粤B5NC03,113.904198,22.519501,808
粤B5NC03,113.904198,22.519501,809
粤B5NC03,113.904198,22.519501,809
粤B5NC03,113.904198,22.519501,810
粤B5NC03,113.904198,22.519501,812
粤B5NC03,113.904198,22.519501,812
粤B5NC03,113.904198,22.519501,813
粤B5NC03,113.904198,22.519501,815
粤B5NC03,113.904198,22.519501,815
粤B5NC03,113.904198,22.519501,816
粤B5NC03,113.904198,22.519501,816
粤B5NC03,113.904198,22.519501,818
粤B5NC03,113.904198,22.519501,819
粤B5NC03,113.904198,22.519501,820
粤B5NC03,113.904198,22.519501,822
粤B5NC03,113.904198,22.519501,823
粤B5NC03,113.904198,22.519501,823
粤B5NC03,113.904198,22.519501,824
粤B5NC03,113.904198,22.519501,825
粤B5NC03,113.904198,22.519501,826
粤B5NC03,113.904198,22.519501,827
粤B5NC03,113.904198,22.519501,827
粤B5NC03,113.904198,22.519501,829
粤B5NC03,113.904198,22.519501,829
粤B5NC03,113.904198,22.519501,829
粤B5NC03,113.904198,22.519501,830
粤B5NC03,113.904198,22.519501,830
粤B5NC03,113.904198,22.519501,834
粤B5NC03,113.904198,22.519501,834
粤B5NC03,113.904198,22.519501,835
粤B5NC03,113.904198,22.519501,835
粤B5NC03,113.904198,22.519501,844
粤B5NC03,113.904198,22.519501,844
粤B5NC03,113.904198,22.519501,844
粤B5NC03,113.904198,22.519501,845
粤B5NC03,113.904198,22.519501,846
粤B5NC03,113.904198,22.519501,847
粤B5NC03,113.904198,22.519501,847
粤B5NC03,113.904198,22.519501,848
粤B5NC03,113.904198,22.519501,848
粤B5NC03,113.904198,22.519501,849
粤B5NC03,113.904198,22.519501,851
粤B5NC03,113.904198,22.519501,852
粤B5NC03,113.904198,22.519501,854
粤B5NC03,113.904198,22.519501,854
粤B5NC03,113.904198,22.519501,855
粤B5NC03,113.904198,22.519501,855
粤B5NC03,113.904198,22.519501,857
粤B5NC03,113.904198,22.519501,859
粤B5NC03,113.904198,22.519501,859
粤B5NC03,113.904198,22.519501,861
粤B5NC03,113.904198,22.519501,861
粤B5NC03,113.904198,22.519501,862
粤B5NC03,113.904198,22.519501,862
粤B5NC03,113.904198,22.519501,862
粤B5NC03,113.904198,22.519501,864
粤B5NC03,113.904198,22.519501,864
粤B5NC03,113.904198,22.519501,865
粤B5NC03,113.904198,22.519501,866
粤B5NC03,113.904198,22.519501,867
粤B5NC03,113.904198,22.519501,867
粤B5NC03,113.904198,22.519501,868
粤B5NC03,113.904198,22.519501,869
粤B5NC03,113.904198,22.519501,871
粤B5NC03,113.904198,22.519501,871
粤B5NC03,113.904198,22.519501,872
粤B5NC03,113.904198,22.519501,873
粤B5NC03,113.904198,22.519501,874
粤B5NC03,113.904198,22.519501,876
粤B5NC03,113.904198,22.519501,876
粤B5NC03,113.904198,22.519501,878
粤B5NC03,113.904198,22.519501,878
粤B5NC03,113.904198,22.519501,879
粤B5NC03,113.904198,22.519501,879
粤B5NC03,113.904198,22.519501,879
粤B5NC03,113.904198,22.519501,880
粤B5NC03,113.904198,22.519501,880
粤B5NC03,113.904198,22.519501,882
粤B5NC03,113.904198,22.519501,883
粤B5NC03,113.904198,22.519501,883
粤B5NC03,113.904198,22.519501,886
粤B5NC03,113.904198,22.519501,886
粤B5NC03,113.904198,22.519501,886
粤B5NC03,113.904198,22.519501,887
粤B5NC03,113.904198,22.519501,887
粤B5NC03,113.904198,22.519501,889
粤B5NC03,113.904198,22.519501,889
粤B5NC03,113.904198,22.519501,889
粤B5NC03,113.904198,22.519501,890
粤B5NC03,113.904198,22.519501,890
粤B5NC03,113.904198,22.519501,892
粤B5NC03,113.904198,22.519501,894
粤B5NC03,113.904198,22.519501,894
粤B5NC03,113.904198,22.519501,896
粤B5NC03,113.904198,22.519501,896
粤B5NC03,113.904198,22.519501,897
粤B5NC03,113.904198,22.519501,911
粤B5NC03,113.904198,22.519501,911
粤B5NC03,113.904198,22.519501,913
粤B5NC03,113.904198,22.519501,914
粤B5NC03,113.904198,22.519501,914
粤B5NC03,113.904198,22.519501,915
粤B5NC03,113.904198,22.519501,915
粤B5NC03,113.904198,22.519501,915
粤B5NC03,113.904198,22.519501,916
粤B5NC03,113.904198,22.519501,917
粤B5NC03,113.904198,22.519501,918
粤B5NC03,113.904198,22.519501,918
粤B5NC03,113.904198,22.519501,919
粤B5NC03,113.904198,22.519501,920
粤B5NC03,113.904198,22.519501,921
粤B5NC03,113.904198,22.519501,921
粤B5NC03,113.904198,22.519501,922
粤B5NC03,113.904198,22.519501,922
粤B5NC03,113.913902,22.518499,925
粤B5NC03,113.913902,22.518499,926
粤B5NC03,113.914597,22.518499,926
粤B5NC03,113.918701,22.520201,928
粤B5NC03,113.9207,22.5189,928
粤B5NC03,113.9207,22.5131,929
粤B5NC03,113.920403,22.512501,929
粤B5NC03,113.921501,22.5152,929
粤B5NC03,113.919197,22.5091,931
粤B5NC03,113.9188,22.507999,932
粤B5NC03,113.918297,22.506701,932
粤B5NC03,113.917099,22.5037,933
粤B5NC03,113.9142,22.497299,935
粤B5NC03,113.915001,22.498301,935
粤B5NC03,113.915604,22.499901,935
粤B5NC03,113.913597,22.4967,936
粤B5NC03,113.909401,22.489201,939
粤B5NC03,113.910202,22.4907,939
粤B5NC03,113.908501,22.487301,939
粤B5NC03,113.908096,22.486401,940
粤B5NC03,113.907997,22.4863,940
粤B5NC03,113.906998,22.4799,942
粤B5NC03,113.907204,22.481899,942
粤B5NC03,113.9077,22.4806,942
粤B5NC03,113.905502,22.4788,943
粤B5NC03,113.903198,22.4771,943
粤B5NC03,113.906601,22.472099,945
粤B5NC03,113.907402,22.471701,946
粤B5NC03,113.907402,22.471701,946
粤B5NC03,113.907402,22.471701,946
粤B5NC03,113.907402,22.471701,946
粤B5NC03,113.907402,22.471701,947
粤B5NC03,113.907402,22.471701,947
粤B5NC03,113.908302,22.471901,947
粤B5NC03,113.908401,22.476,949
粤B5NC03,113.906799,22.477699,949
粤B5NC03,113.906898,22.479799,950
粤B5NC03,113.907402,22.480101,950
粤B5NC03,113.913399,22.485701,952
粤B5NC03,113.917702,22.4886,953
粤B5NC03,113.915398,22.487301,953
粤B5NC03,113.9151,22.487101,953
粤B5NC03,113.918198,22.4886,954
粤B5NC03,113.927597,22.4858,956
粤B5NC03,113.925697,22.4865,956
粤B5NC03,113.929802,22.485001,957
粤B5NC03,113.929802,22.485001,957
粤B5NC03,113.933403,22.4849,958
粤B5NC03,113.946899,22.491501,960
粤B5NC03,113.946701,22.5005,961
粤B5NC03,113.946503,22.4972,961
粤B5NC03,113.941704,22.5082,963
粤B5NC03,113.940804,22.5082,964
粤B5NC03,113.940399,22.5082,964
粤B5NC03,113.938797,22.508101,965
粤B5NC03,113.942497,22.507401,970
粤B5NC03,113.943001,22.5065,971
粤B5NC03,113.945297,22.507299,972
粤B5NC03,113.943901,22.507299,972
粤B5NC03,113.944298,22.507299,972
粤B5NC03,113.944397,22.507299,972
粤B5NC03,113.945999,22.506901,974
粤B5NC03,113.945198,22.506599,974
粤B5NC03,113.945198,22.5075,975
粤B5NC03,113.944504,22.5075,976
粤B5NC03,113.946701,22.508499,979
粤B5NC03,113.946999,22.5109,979
粤B5NC03,113.973198,22.522699,983
粤B5NC03,113.977798,22.522301,983
粤B5NC03,113.976402,22.5222,983
粤B5NC03,113.977699,22.525499,984
粤B5NC03,113.987503,22.5296,986
粤B5NC03,113.987503,22.5296,986
粤B5NC03,113.988197,22.5252,987
粤B5NC03,113.9851,22.523899,988
粤B5NC03,113.968002,22.5229,990
粤B5NC03,113.949303,22.524099,991
粤B5NC03,113.956398,22.523199,991
粤B5NC03,113.941002,22.5271,993
粤B5NC03,113.941002,22.529301,994
粤B5NC03,113.940903,22.532301,995
粤B5NC03,113.940598,22.535299,997
粤B5NC03,113.940598,22.535299,997
粤B5NC03,113.940598,22.535299,997
粤B5NC03,113.940598,22.535299,998
粤B5NC03,113.940598,22.5476,1000
粤B5NC03,113.940598,22.549101,1001
粤B5NC03,113.940598,22.549,1001
粤B5NC03,113.940498,22.5495,1003
粤B5NC03,113.940399,22.549801,1004
粤B5NC03,113.940498,22.547001,1005
粤B5NC03,113.940399,22.546301,1005
粤B5NC03,113.940002,22.5462,1005
粤B5NC03,113.942001,22.5478,1007
粤B5NC03,113.941498,22.5481,1007
粤B5NC03,113.942497,22.546301,1008
粤B5NC03,113.942398,22.546301,1008
粤B5NC03,113.942596,22.547001,1008
粤B5NC03,113.941498,22.546101,1011
粤B5NC03,113.941704,22.5462,1011
粤B5NC03,113.941498,22.546101,1011
粤B5NC03,113.941498,22.546101,1012
粤B5NC03,113.941498,22.546101,1012
粤B5NC03,113.941498,22.546101,1012
粤B5NC03,113.940598,22.5392,1014
粤B5NC03,113.940598,22.536501,1015
粤B5NC03,113.940498,22.5354,1016
粤B5NC03,113.940697,22.533701,1016
粤B5NC03,113.940804,22.530399,1018
粤B5NC03,113.933403,22.528099,1029
粤B5NC03,113.930901,22.5278,1029
粤B5NC03,113.929398,22.5263,1031
粤B5NC03,113.928001,22.5252,1031
粤B5NC03,113.924004,22.525999,1032
粤B5NC03,113.922302,22.5264,1032
粤B5NC03,113.9217,22.526501,1033
粤B5NC03,113.920097,22.526899,1034
粤B5NC03,113.920097,22.526899,1035
粤B5NC03,113.919998,22.527,1035
粤B5NC03,113.919601,22.5303,1038
粤B5NC03,113.919601,22.5303,1038
粤B5NC03,113.919601,22.5303,1038
粤B5NC03,113.920403,22.530399,1039
粤B5NC03,113.919601,22.5303,1039
粤B5NC03,113.921402,22.5301,1040
粤B5NC03,113.922798,22.5298,1040
粤B5NC03,113.922897,22.526899,1042
粤B5NC03,113.922997,22.527599,1042
粤B5NC03,113.920601,22.526699,1043
粤B5NC03,113.926498,22.524401,1045
粤B5NC03,113.926102,22.525,1045
粤B5NC03,113.926003,22.5228,1046
粤B5NC03,113.925903,22.522699,1046
粤B5NC03,113.926102,22.523001,1046
粤B5NC03,113.925697,22.5221,1047
粤B5NC03,113.925201,22.5219,1047
粤B5NC03,113.9244,22.5278,1049
粤B5NC03,113.924797,22.5312,1049
粤B5NC03,113.9245,22.5301,1049
粤B5NC03,113.926498,22.534401,1050
粤B5NC03,113.925301,22.532,1050
粤B5NC03,113.939903,22.5424,1053
粤B5NC03,113.940598,22.540899,1054
粤B5NC03,113.940598,22.5411,1054
粤B5NC03,113.940697,22.5399,1054
粤B5NC03,113.940697,22.5397,1056
粤B5NC03,113.944702,22.539301,1057
粤B5NC03,113.943298,22.539301,1057
粤B5NC03,113.945396,22.539301,1058
粤B5NC03,113.946999,22.5394,1058
粤B5NC03,113.949097,22.5406,1060
粤B5NC03,113.949097,22.5422,1061
粤B5NC03,113.949097,22.542299,1061
粤B5NC03,113.949097,22.542299,1062
粤B5NC03,113.949097,22.542299,1063
粤B5NC03,113.948997,22.5432,1063
粤B5NC03,113.949097,22.542299,1063
粤B5NC03,113.944298,22.5432,1064
粤B5NC03,113.940804,22.542999,1064
粤B5NC03,113.947304,22.5434,1064
粤B5NC03,113.937599,22.5429,1065
粤B5NC03,113.921303,22.5431,1068
粤B5NC03,113.921303,22.5431,1069
粤B5NC03,113.921303,22.5431,1069
粤B5NC03,113.921303,22.5431,1069
粤B5NC03,113.921303,22.5431,1070
粤B5NC03,113.917603,22.543301,1072
粤B5NC03,113.920097,22.5432,1072
粤B5NC03,113.912498,22.5446,1073
粤B5NC03,113.914703,22.543699,1073
粤B5NC03,113.910599,22.5466,1074
粤B5NC03,113.903603,22.5578,1076
粤B5NC03,113.901703,22.5595,1077
粤B5NC03,113.899696,22.562099,1079
粤B5NC03,113.900703,22.563999,1080
粤B5NC03,113.900101,22.563601,1080
粤B5NC03,113.899902,22.5634,1080
粤B5NC03,113.900101,22.563601,1080
粤B5NC03,113.902702,22.5632,1081
粤B5NC03,113.898201,22.5571,1083
粤B5NC03,113.9011,22.559299,1084
粤B5NC03,113.8992,22.5578,1084
粤B5NC03,113.898102,22.556999,1084
粤B5NC03,113.904297,22.5567,1085
粤B5NC03,113.902603,22.5583,1085
粤B5NC03,113.9058,22.5548,1085
粤B5NC03,113.909698,22.5459,1087
粤B5NC03,113.912201,22.544201,1088
粤B5NC03,113.915298,22.543301,1089
粤B5NC03,113.917603,22.5431,1091
粤B5NC03,113.917603,22.5431,1091
粤B5NC03,113.917603,22.5431,1091
粤B5NC03,113.919601,22.5431,1092
粤B5NC03,113.918098,22.5431,1092
粤B5NC03,113.921898,22.542999,1092
粤B5NC03,113.934196,22.5424,1094
粤B5NC03,113.932701,22.5424,1094
粤B5NC03,113.935997,22.5424,1095
粤B5NC03,113.940102,22.5425,1095
粤B5NC03,113.938301,22.5425,1095
粤B5NC03,113.940498,22.5417,1096
粤B5NC03,113.936699,22.5366,1097
粤B5NC03,113.937103,22.5357,1098
粤B5NC03,113.934601,22.533199,1098
粤B5NC03,113.936897,22.535,1098
粤B5NC03,113.932899,22.5319,1099
粤B5NC03,113.932098,22.531099,1100
粤B5NC03,113.9319,22.531,1101
粤B5NC03,113.9319,22.531,1102
粤B5NC03,113.931099,22.5299,1104
粤B5NC03,113.931099,22.5299,1105
粤B5NC03,113.931,22.529699,1105
粤B5NC03,113.930603,22.528799,1106
粤B5NC03,113.930603,22.528799,1107
粤B5NC03,113.929901,22.527599,1108
粤B5NC03,113.9282,22.5228,1109
粤B5NC03,113.929604,22.5268,1109
粤B5NC03,113.928497,22.5226,1111
粤B5NC03,113.928497,22.5226,1111
粤B5NC03,113.928398,22.5231,1112
粤B5NC03,113.928596,22.523899,1113
粤B5NC03,113.9291,22.525101,1114
粤B5NC03,113.929199,22.5254,1115
粤B5NC03,113.929497,22.5261,1116
粤B5NC03,113.929398,22.525801,1116
粤B5NC03,113.929802,22.5268,1116
粤B5NC03,113.93,22.527399,1118
粤B5NC03,113.929298,22.528299,1119
粤B5NC03,113.927803,22.5284,1120
粤B5NC03,113.925301,22.5319,1122
粤B5NC03,113.926102,22.5334,1122
粤B5NC03,113.925598,22.5326,1122
粤B5NC03,113.9263,22.533701,1123
粤B5NC03,113.9263,22.533701,1123
粤B5NC03,113.9263,22.5336,1123
粤B5NC03,113.926903,22.5355,1126
粤B5NC03,113.927002,22.535101,1126
粤B5NC03,113.925499,22.5355,1127
粤B5NC03,113.921501,22.535299,1128
粤B5NC03,113.921204,22.535299,1129
粤B5NC03,113.921204,22.535299,1129
粤B5NC03,113.921204,22.535299,1130
粤B5NC03,113.921204,22.535299,1130
粤B5NC03,113.920403,22.5354,1132
粤B5NC03,113.920403,22.5354,1132
粤B5NC03,113.920403,22.5354,1133
粤B5NC03,113.920403,22.5354,1133
粤B5NC03,113.915901,22.5338,1135
粤B5NC03,113.915901,22.5338,1135
粤B5NC03,113.915901,22.5338,1136
粤B5NC03,113.920998,22.5264,1141
粤B5NC03,113.9254,22.5252,1141
粤B5NC03,113.926498,22.524599,1142
粤B5NC03,113.925301,22.5198,1146
粤B5NC03,113.925301,22.5198,1147
粤B5NC03,113.927597,22.5186,1148
粤B5NC03,113.927498,22.5138,1149
粤B5NC03,113.927399,22.5121,1150
粤B5NC03,113.927299,22.509501,1150
粤B5NC03,113.927299,22.5091,1151
粤B5NC03,113.927299,22.509001,1151
粤B5NC03,113.927299,22.508801,1152
粤B5NC03,113.9328,22.5047,1153
粤B5NC03,113.932999,22.5042,1154
粤B5NC03,113.932999,22.5042,1154
粤B5NC03,113.932999,22.504299,1155
粤B5NC03,113.932999,22.5042,1155
粤B5NC03,113.933098,22.4993,1157
粤B5NC03,113.9319,22.498699,1158
粤B5NC03,113.929298,22.4981,1158
粤B5NC03,113.930099,22.498301,1158
粤B5NC03,113.929199,22.496901,1159
粤B5NC03,113.930603,22.489201,1160
粤B5NC03,113.928802,22.489,1161
粤B5NC03,113.927696,22.488899,1161
粤B5NC03,113.927696,22.488899,1161
粤B5NC03,113.926201,22.4865,1162
粤B5NC03,113.925697,22.4834,1163
粤B5NC03,113.926102,22.486,1164
粤B5NC03,113.926102,22.486,1165
粤B5NC03,113.926598,22.487301,1165
粤B5NC03,113.926102,22.4862,1165
粤B5NC03,113.9272,22.4884,1166
粤B5NC03,113.925903,22.489599,1167
粤B5NC03,113.924896,22.490299,1167
粤B5NC03,113.9245,22.490601,1167
粤B5NC03,113.930496,22.4891,1170
粤B5NC03,113.934799,22.490101,1171
粤B5NC03,113.934799,22.490101,1172
粤B5NC03,113.934799,22.490101,1172
粤B5NC03,113.939003,22.504499,1178
粤B5NC03,113.939003,22.507799,1179
粤B5NC03,113.940598,22.5079,1179
粤B5NC03,113.941803,22.5079,1179
粤B5NC03,113.944702,22.507299,1181
粤B5NC03,113.944901,22.506599,1182
粤B5NC03,113.945198,22.506701,1182
粤B5NC03,113.944901,22.506599,1183
粤B5NC03,113.945702,22.5065,1185
粤B5NC03,113.945702,22.5065,1185
粤B5NC03,113.945702,22.5065,1186
粤B5NC03,113.945702,22.5065,1186
粤B5NC03,113.943398,22.5075,1189
粤B5NC03,113.942497,22.5077,1190
粤B5NC03,113.946701,22.5084,1191
粤B5NC03,113.9468,22.507999,1191
粤B5NC03,113.947098,22.5072,1191
粤B5NC03,113.948799,22.5217,1193
粤B5NC03,113.948997,22.523399,1193
粤B5NC03,113.946198,22.5247,1194
粤B5NC03,113.949203,22.525,1194
粤B5NC03,113.943703,22.524799,1195
粤B5NC03,113.933998,22.5221,1197
粤B5NC03,113.936203,22.5228,1197
粤B5NC03,113.935898,22.5222,1197
粤B5NC03,113.932999,22.5222,1198
粤B5NC03,113.932999,22.5222,1198
粤B5NC03,113.932404,22.5215,1199
粤B5NC03,113.931099,22.52,1202
粤B5NC03,113.931099,22.52,1202
粤B5NC03,113.931297,22.5207,1203
粤B5NC03,113.931702,22.5208,1204
粤B5NC03,113.931702,22.518999,1205
粤B5NC03,113.931702,22.518999,1205
粤B5NC03,113.932297,22.5168,1206
粤B5NC03,113.933701,22.5163,1207
粤B5NC03,113.932701,22.511801,1208
粤B5NC03,113.935303,22.507999,1209
粤B5NC03,113.9384,22.507999,1210
粤B5NC03,113.945198,22.5072,1212
粤B5NC03,113.945099,22.506599,1213
粤B5NC03,113.944901,22.506599,1213
粤B5NC03,113.945198,22.506599,1213
粤B5NC03,113.945198,22.506599,1214
粤B5NC03,113.9459,22.506901,1215
粤B5NC03,113.945702,22.5247,1221
粤B5NC03,113.948303,22.5257,1221
粤B5NC03,113.936401,22.5249,1222
粤B5NC03,113.932701,22.5249,1222
粤B5NC03,113.9245,22.5277,1224
粤B5NC03,113.925499,22.5324,1224
粤B5NC03,113.927101,22.5397,1225
粤B5NC03,113.927101,22.537399,1225
粤B5NC03,113.921204,22.5431,1228
粤B5NC03,113.921204,22.5431,1229
粤B5NC03,113.9198,22.5432,1231
粤B5NC03,113.9198,22.5432,1231
粤B5NC03,113.9188,22.5432,1232
粤B5NC03,113.915001,22.5436,1232
粤B5NC03,113.912697,22.5445,1233
粤B5NC03,113.910797,22.546301,1233
粤B5NC03,113.9048,22.5562,1234
粤B5NC03,113.898201,22.562099,1235
粤B5NC03,113.900902,22.559999,1235
粤B5NC03,113.893204,22.566601,1236
粤B5NC03,113.895203,22.5644,1236
粤B5NC03,113.878899,22.580601,1239
粤B5NC03,113.877197,22.5823,1239
粤B5NC03,113.874199,22.5856,1240
粤B5NC03,113.872704,22.590099,1241
粤B5NC03,113.873199,22.5917,1242
粤B5NC03,113.873199,22.5921,1243
粤B5NC03,113.873199,22.5921,1243
粤B5NC03,113.873199,22.5921,1243
粤B5NC03,113.873497,22.591299,1245
粤B5NC03,113.873199,22.5921,1245
粤B5NC03,113.873703,22.591,1246
粤B5NC03,113.873703,22.591,1246
粤B5NC03,113.873398,22.5884,1248
粤B5NC03,113.875198,22.5898,1249
粤B5NC03,113.876801,22.5912,1249
粤B5NC03,113.876099,22.590599,1249
粤B5NC03,113.877502,22.5916,1250
粤B5NC03,113.878098,22.591999,1250
粤B5NC03,113.891098,22.5933,1252
粤B5NC03,113.888397,22.593201,1252
粤B5NC03,113.885902,22.593,1252
粤B5NC03,113.8918,22.593201,1253
粤B5NC03,113.891998,22.592899,1253
粤B5NC03,113.892197,22.5921,1255
粤B5NC03,113.892502,22.591101,1257
粤B5NC03,113.892502,22.591101,1257
粤B5NC03,113.884804,22.587299,1261
粤B5NC03,113.884804,22.5874,1261
粤B5NC03,113.884804,22.587299,1262
粤B5NC03,113.887802,22.5833,1263
粤B5NC03,113.888,22.583099,1264
粤B5NC03,113.888,22.583099,1264
粤B5NC03,113.888,22.583099,1264
粤B5NC03,113.889702,22.581499,1265
粤B5NC03,113.888397,22.5828,1265
粤B5NC03,113.891403,22.5798,1266
粤B5NC03,113.893402,22.5777,1267
粤B5NC03,113.895599,22.5755,1268
粤B5NC03,113.895599,22.5755,1269
粤B5NC03,113.893898,22.567699,1271
粤B5NC03,113.892601,22.5662,1272
粤B5NC03,113.894302,22.565001,1272
粤B5NC03,113.892502,22.5674,1272
粤B5NC03,113.896202,22.563101,1273
粤B5NC03,113.905701,22.555,1274
粤B5NC03,113.908798,22.5499,1275
粤B5NC03,113.909401,22.548201,1275
粤B5NC03,113.9095,22.5476,1276
粤B5NC03,113.914803,22.543501,1278
粤B5NC03,113.9142,22.543699,1278
粤B5NC03,113.912102,22.544201,1278
粤B5NC03,113.917702,22.5431,1279
粤B5NC03,113.915802,22.5432,1279
粤B5NC03,113.925201,22.542601,1281
粤B5NC03,113.922203,22.5429,1281
粤B5NC03,113.926003,22.541599,1282
粤B5NC03,113.926804,22.5411,1282
粤B5NC03,113.927002,22.539301,1284
粤B5NC03,113.925499,22.5326,1285
粤B5NC03,113.926102,22.533701,1285
粤B5NC03,113.924599,22.530701,1285
粤B5NC03,113.9244,22.528799,1286
粤B5NC03,113.922798,22.520399,1288
粤B5NC03,113.922798,22.520399,1288
粤B5NC03,113.922203,22.5189,1289
粤B5NC03,113.922203,22.5189,1289
粤B5NC03,113.922203,22.5189,1289
粤B5NC03,113.920898,22.5135,1291
粤B5NC03,113.920303,22.5119,1292
粤B5NC03,113.920403,22.512199,1292
粤B5NC03,113.920303,22.5119,1292
粤B5NC03,113.918999,22.5084,1294
粤B5NC03,113.9188,22.508101,1294
粤B5NC03,113.923698,22.507799,1295
粤B5NC03,113.920197,22.5077,1295
粤B5NC03,113.923798,22.506399,1299
粤B5NC03,113.919601,22.507799,1302
粤B5NC03,113.919601,22.507799,1302
粤B5NC03,113.918999,22.5079,1303
粤B5NC03,113.943398,22.507099,1310
粤B5NC03,113.943001,22.5065,1310
粤B5NC03,113.918999,22.5079,1310
粤B5NC03,113.944199,22.507299,1311
粤B5NC03,113.944702,22.507299,1311
粤B5NC03,113.9459,22.506599,1313
粤B5NC03,113.945999,22.507,1314
粤B5NC03,113.9459,22.506599,1314
粤B5NC03,113.943199,22.5075,1315
粤B5NC03,113.944603,22.5075,1315
粤B5NC03,113.945396,22.5075,1315
粤B5NC03,113.938202,22.5082,1318
粤B5NC03,113.939102,22.508101,1318
粤B5NC03,113.939102,22.508101,1318
粤B5NC03,113.919197,22.5079,1325
粤B5NC03,113.919296,22.508699,1326
粤B5NC03,113.919601,22.5096,1326
粤B5NC03,113.920197,22.5109,1327
粤B5NC03,113.924004,22.5159,1331
粤B5NC03,113.924103,22.5163,1331
粤B5NC03,113.924103,22.516701,1331
粤B5NC03,113.923897,22.514601,1332
粤B5NC03,113.924004,22.5156,1332
粤B5NC03,113.921997,22.5112,1333
粤B5NC03,113.920403,22.511499,1334
粤B5NC03,113.920998,22.5114,1334
粤B5NC03,113.919701,22.51,1335
粤B5NC03,113.919502,22.509501,1335
粤B5NC03,113.919601,22.5096,1335
粤B5NC03,113.919998,22.5107,1337
粤B5NC03,113.920197,22.5109,1338
粤B5NC03,113.920403,22.5114,1338
粤B5NC03,113.920403,22.511499,1339
粤B5NC03,113.923798,22.515699,1341
粤B5NC03,113.922699,22.515499,1341
粤B5NC03,113.922501,22.5194,1342
粤B5NC03,113.922203,22.518101,1342
粤B5NC03,113.923302,22.521299,1343
粤B5NC03,113.926399,22.533701,1345
粤B5NC03,113.924896,22.5355,1346
粤B5NC03,113.917099,22.540199,1348
粤B5NC03,113.918701,22.5387,1348
粤B5NC03,113.916901,22.5387,1348
粤B5NC03,113.917,22.540899,1349
粤B5NC03,113.917,22.540899,1350
粤B5NC03,113.918602,22.542999,1352
粤B5NC03,113.921097,22.5429,1352
粤B5NC03,113.9189,22.542999,1352
粤B5NC03,113.925598,22.542299,1353
粤B5NC03,113.921097,22.5432,1358
粤B5NC03,113.921097,22.5432,1359
粤B5NC03,113.919701,22.5432,1360
粤B5NC03,113.898598,22.561701,1365
粤B5NC03,113.893898,22.5658,1365
粤B5NC03,113.889198,22.5709,1366
粤B5NC03,113.8862,22.5811,1372
粤B5NC03,113.887497,22.5821,1372
粤B5NC03,113.888901,22.5823,1373
粤B5NC03,113.894699,22.568199,1377
粤B5NC03,113.8964,22.5697,1377
粤B5NC03,113.892899,22.566,1378
粤B5NC03,113.9104,22.5445,1381
粤B5NC03,113.914703,22.5434,1382
粤B5NC03,113.918503,22.542999,1383
粤B5NC03,113.918503,22.542999,1383
粤B5NC03,113.919403,22.542999,1384
粤B5NC03,113.9217,22.5429,1384
粤B5NC03,113.924599,22.531,1386
粤B5NC03,113.925903,22.5333,1386
粤B5NC03,113.924202,22.528601,1387
粤B5NC03,113.923599,22.5266,1387
粤B5NC03,113.9272,22.5247,1388
粤B5NC03,113.928299,22.5243,1388
粤B5NC03,113.925598,22.5196,1390
粤B5NC03,113.926003,22.5196,1390
粤B5NC03,113.926201,22.5196,1390
粤B5NC03,113.925102,22.5191,1391
粤B5NC03,113.925102,22.519501,1391
粤B5NC03,113.925201,22.532,1394
粤B5NC03,113.9244,22.529301,1394
粤B5NC03,113.9235,22.5431,1397
粤B5NC03,113.920403,22.5436,1398
粤B5NC03,113.920403,22.5436,1399
粤B5NC03,113.918999,22.5434,1401
粤B5NC03,113.918999,22.5434,1401
粤B5NC03,113.918999,22.5434,1402
粤B5NC03,113.920502,22.542999,1402
粤B5NC03,113.924301,22.528099,1404
粤B5NC03,113.923798,22.522699,1405
粤B5NC03,113.9245,22.5257,1405
粤B5NC03,113.922302,22.517799,1406
粤B5NC03,113.922203,22.518101,1406
粤B5NC03,113.924896,22.514,1410
粤B5NC03,113.924896,22.514,1411
粤B5NC03,113.924896,22.514,1412
粤B5NC03,113.924896,22.514,1413
粤B5NC03,113.924896,22.514,1414
粤B5NC03,113.924599,22.5131,1415
粤B5NC03,113.924896,22.514,1415
粤B5NC03,113.925003,22.513599,1415
粤B5NC03,113.923401,22.5131,1416
粤B5NC03,113.921997,22.5161,1418
粤B5NC03,113.917603,22.521,1419
粤B5NC03,113.917603,22.521,1419
粤B5NC03,113.9114,22.5191,1422
粤B5NC03,113.9114,22.5191,1422
粤B5NC03,113.9114,22.5191,1422
粤B5NC03,113.912598,22.5203,1422
粤B5NC03,113.9114,22.5191,1423
粤B5NC03,113.910698,22.518801,1424
粤B5NC03,113.914001,22.5184,1425
粤B5NC03,113.914001,22.5184,1426
粤B5NC03,113.916603,22.520399,1427
粤B5NC03,113.921997,22.5179,1429
粤B5NC03,113.924599,22.5179,1430
粤B5NC03,113.9244,22.5179,1430
粤B5NC03,113.926697,22.518,1431
粤B5NC03,113.932098,22.5187,1432
粤B5NC03,113.933601,22.519899,1433
粤B5NC03,113.933296,22.5194,1433
粤B5NC03,113.933601,22.519899,1433
粤B5NC03,113.934502,22.5207,1434
粤B5NC03,113.934502,22.5207,1434
