粤B2BB57,114.036499,22.5275,7
粤B2BB57,114.036499,22.5275,7
粤B2BB57,114.036499,22.5275,8
粤B2BB57,114.036499,22.5275,9
粤B2BB57,114.036499,22.5275,10
粤B2BB57,114.036499,22.5275,11
粤B2BB57,114.036499,22.5275,11
粤B2BB57,114.036499,22.5275,13
粤B2BB57,114.036499,22.5275,13
粤B2BB57,114.036499,22.5275,14
粤B2BB57,114.036499,22.5275,14
粤B2BB57,114.036499,22.5275,14
粤B2BB57,114.036499,22.5275,16
粤B2BB57,114.036499,22.5275,17
粤B2BB57,114.036499,22.5275,18
粤B2BB57,114.036499,22.5275,18
粤B2BB57,114.036499,22.5275,18
粤B2BB57,114.036499,22.5275,20
粤B2BB57,114.036499,22.5275,20
粤B2BB57,114.036499,22.5275,21
粤B2BB57,114.036499,22.5275,21
粤B2BB57,114.036499,22.5275,22
粤B2BB57,114.036499,22.5275,24
粤B2BB57,114.036499,22.5275,24
粤B2BB57,114.036499,22.5275,24
粤B2BB57,114.036499,22.5275,25
粤B2BB57,114.036499,22.5275,25
粤B2BB57,114.036499,22.5275,27
粤B2BB57,114.036499,22.5275,28
粤B2BB57,114.036499,22.5275,29
粤B2BB57,114.036499,22.5275,31
粤B2BB57,114.036499,22.5275,31
粤B2BB57,114.036499,22.5275,32
粤B2BB57,114.036499,22.5275,34
粤B2BB57,114.036499,22.5275,38
粤B2BB57,114.036499,22.5275,38
粤B2BB57,114.036499,22.5275,39
粤B2BB57,114.036499,22.5275,39
粤B2BB57,114.036499,22.5275,40
粤B2BB57,114.036499,22.5275,41
粤B2BB57,114.036499,22.5275,42
粤B2BB57,114.036499,22.5275,43
粤B2BB57,114.036499,22.5275,43
粤B2BB57,114.036499,22.5275,43
粤B2BB57,114.036499,22.5275,45
粤B2BB57,114.036499,22.5275,45
粤B2BB57,114.036499,22.5275,46
粤B2BB57,114.036499,22.5275,46
粤B2BB57,114.036499,22.5275,47
粤B2BB57,114.036499,22.5275,48
粤B2BB57,114.036499,22.5275,48
粤B2BB57,114.036499,22.5275,49
粤B2BB57,114.036499,22.5275,50
粤B2BB57,114.036499,22.5275,52
粤B2BB57,114.036499,22.5275,52
粤B2BB57,114.036499,22.5275,52
粤B2BB57,114.036499,22.5275,53
粤B2BB57,114.036499,22.5275,53
粤B2BB57,114.036499,22.5275,54
粤B2BB57,114.036499,22.5275,55
粤B2BB57,114.036499,22.5275,56
粤B2BB57,114.036499,22.5275,57
粤B2BB57,114.036499,22.5275,57
粤B2BB57,114.036499,22.5275,59
粤B2BB57,114.036499,22.5275,59
粤B2BB57,114.036499,22.5275,60
粤B2BB57,114.036499,22.5275,60
粤B2BB57,114.036499,22.5275,61
粤B2BB57,114.036499,22.5275,61
粤B2BB57,114.036499,22.5275,63
粤B2BB57,114.036499,22.5275,63
粤B2BB57,114.036499,22.5275,64
粤B2BB57,114.036499,22.5275,64
粤B2BB57,114.036499,22.5275,64
粤B2BB57,114.036499,22.5275,65
粤B2BB57,114.036499,22.5275,66
粤B2BB57,114.036499,22.5275,67
粤B2BB57,114.036499,22.5275,67
粤B2BB57,114.036499,22.5275,70
粤B2BB57,114.036499,22.5275,71
粤B2BB57,114.036499,22.5275,71
粤B2BB57,114.036499,22.5275,72
粤B2BB57,114.036499,22.5275,74
粤B2BB57,114.036499,22.5275,74
粤B2BB57,114.036499,22.5275,75
粤B2BB57,114.036499,22.5275,75
粤B2BB57,114.036499,22.5275,77
粤B2BB57,114.036499,22.5275,77
粤B2BB57,114.036499,22.5275,78
粤B2BB57,114.036499,22.5275,78
粤B2BB57,114.036499,22.5275,78
粤B2BB57,114.036499,22.5275,80
粤B2BB57,114.036499,22.5275,81
粤B2BB57,114.036499,22.5275,81
粤B2BB57,114.036499,22.5275,82
粤B2BB57,114.036499,22.5275,84
粤B2BB57,114.036499,22.5275,84
粤B2BB57,114.036499,22.5275,85
粤B2BB57,114.036499,22.5275,86
粤B2BB57,114.036499,22.5275,87
粤B2BB57,114.036499,22.5275,88
粤B2BB57,114.036499,22.5275,88
粤B2BB57,114.036499,22.5275,89
粤B2BB57,114.036499,22.5275,91
粤B2BB57,114.036499,22.5275,92
粤B2BB57,114.036499,22.5275,92
粤B2BB57,114.036499,22.5275,93
粤B2BB57,114.036499,22.5275,96
粤B2BB57,114.036499,22.5275,96
粤B2BB57,114.036499,22.5275,98
粤B2BB57,114.036499,22.5275,98
粤B2BB57,114.036499,22.5275,99
粤B2BB57,114.036499,22.5275,99
粤B2BB57,114.036499,22.5275,100
粤B2BB57,114.036499,22.5275,102
粤B2BB57,114.036499,22.5275,102
粤B2BB57,114.036499,22.5275,103
粤B2BB57,114.036499,22.5275,103
粤B2BB57,114.036499,22.5275,103
粤B2BB57,114.036499,22.5275,104
粤B2BB57,114.036499,22.5275,106
粤B2BB57,114.036499,22.5275,106
粤B2BB57,114.036499,22.5275,106
粤B2BB57,114.036499,22.5275,107
粤B2BB57,114.036499,22.5275,109
粤B2BB57,114.036499,22.5275,109
粤B2BB57,114.036499,22.5275,110
粤B2BB57,114.036499,22.5275,110
粤B2BB57,114.036499,22.5275,113
粤B2BB57,114.036499,22.5275,113
粤B2BB57,114.036499,22.5275,114
粤B2BB57,114.036499,22.5275,115
粤B2BB57,114.036499,22.5275,117
粤B2BB57,114.036499,22.5275,117
粤B2BB57,114.036499,22.5275,117
粤B2BB57,114.036499,22.5275,118
粤B2BB57,114.036499,22.5275,118
粤B2BB57,114.036499,22.5275,120
粤B2BB57,114.036499,22.5275,121
粤B2BB57,114.036499,22.5275,121
粤B2BB57,114.036499,22.5275,121
粤B2BB57,114.036499,22.5275,123
粤B2BB57,114.036499,22.5275,124
粤B2BB57,114.036499,22.5275,124
粤B2BB57,114.036499,22.5275,125
粤B2BB57,114.036499,22.5275,128
粤B2BB57,114.036499,22.5275,128
粤B2BB57,114.036499,22.5275,129
粤B2BB57,114.036499,22.5275,129
粤B2BB57,114.036499,22.5275,132
粤B2BB57,114.036499,22.5275,132
粤B2BB57,114.036499,22.5275,133
粤B2BB57,114.036499,22.5275,134
粤B2BB57,114.036499,22.5275,135
粤B2BB57,114.036499,22.5275,135
粤B2BB57,114.036499,22.5275,136
粤B2BB57,114.036499,22.5275,136
粤B2BB57,114.036499,22.5275,138
粤B2BB57,114.036499,22.5275,139
粤B2BB57,114.036499,22.5275,139
粤B2BB57,114.036499,22.5275,139
粤B2BB57,114.036499,22.5275,142
粤B2BB57,114.036499,22.5275,143
粤B2BB57,114.036499,22.5275,143
粤B2BB57,114.036499,22.5275,144
粤B2BB57,114.036499,22.5275,144
粤B2BB57,114.036499,22.5275,146
粤B2BB57,114.036499,22.5275,147
粤B2BB57,114.036499,22.5275,147
粤B2BB57,114.036499,22.5275,147
粤B2BB57,114.036499,22.5275,148
粤B2BB57,114.036499,22.5275,150
粤B2BB57,114.036499,22.5275,150
粤B2BB57,114.036499,22.5275,151
粤B2BB57,114.036499,22.5275,151
粤B2BB57,114.036499,22.5275,151
粤B2BB57,114.036499,22.5275,153
粤B2BB57,114.036499,22.5275,155
粤B2BB57,114.036499,22.5275,155
粤B2BB57,114.036499,22.5275,155
粤B2BB57,114.036499,22.5275,157
粤B2BB57,114.036499,22.5275,158
粤B2BB57,114.036499,22.5275,158
粤B2BB57,114.036499,22.5275,159
粤B2BB57,114.036499,22.5275,159
粤B2BB57,114.036499,22.5275,161
粤B2BB57,114.036499,22.5275,162
粤B2BB57,114.036499,22.5275,162
粤B2BB57,114.036499,22.5275,163
粤B2BB57,114.036499,22.5275,163
粤B2BB57,114.036499,22.5275,165
粤B2BB57,114.036499,22.5275,166
粤B2BB57,114.036499,22.5275,166
粤B2BB57,114.036499,22.5275,166
粤B2BB57,114.036499,22.5275,168
粤B2BB57,114.036499,22.5275,169
粤B2BB57,114.036499,22.5275,169
粤B2BB57,114.036499,22.5275,169
粤B2BB57,114.036499,22.5275,170
粤B2BB57,114.036499,22.5275,173
粤B2BB57,114.036499,22.5275,173
粤B2BB57,114.036499,22.5275,174
粤B2BB57,114.036499,22.5275,174
粤B2BB57,114.036499,22.5275,174
粤B2BB57,114.036499,22.5275,177
粤B2BB57,114.036499,22.5275,177
粤B2BB57,114.036499,22.5275,178
粤B2BB57,114.036499,22.5275,180
粤B2BB57,114.036499,22.5275,181
粤B2BB57,114.036499,22.5275,181
粤B2BB57,114.036499,22.5275,182
粤B2BB57,114.036499,22.5275,192
粤B2BB57,114.036499,22.5275,192
粤B2BB57,114.036499,22.5275,192
粤B2BB57,114.036499,22.5275,193
粤B2BB57,114.036499,22.5275,193
粤B2BB57,114.036499,22.5275,195
粤B2BB57,114.036499,22.5275,195
粤B2BB57,114.036499,22.5275,196
粤B2BB57,114.036499,22.5275,197
粤B2BB57,114.036499,22.5275,198
粤B2BB57,114.036499,22.5275,199
粤B2BB57,114.036499,22.5275,199
粤B2BB57,114.036499,22.5275,200
粤B2BB57,114.036499,22.5275,200
粤B2BB57,114.036499,22.5275,202
粤B2BB57,114.036499,22.5275,203
粤B2BB57,114.036499,22.5275,203
粤B2BB57,114.036499,22.5275,203
粤B2BB57,114.036499,22.5275,204
粤B2BB57,114.036499,22.5275,206
粤B2BB57,114.036499,22.5275,206
粤B2BB57,114.036499,22.5275,207
粤B2BB57,114.036499,22.5275,207
粤B2BB57,114.036499,22.5275,208
粤B2BB57,114.036499,22.5275,208
粤B2BB57,114.036499,22.5275,210
粤B2BB57,114.036499,22.5275,211
粤B2BB57,114.036499,22.5275,211
粤B2BB57,114.036499,22.5275,212
粤B2BB57,114.036499,22.5275,214
粤B2BB57,114.036499,22.5275,214
粤B2BB57,114.036499,22.5275,215
粤B2BB57,114.036499,22.5275,215
粤B2BB57,114.036499,22.5275,215
粤B2BB57,114.036499,22.5275,217
粤B2BB57,114.036499,22.5275,217
粤B2BB57,114.036499,22.5275,218
粤B2BB57,114.036499,22.5275,218
粤B2BB57,114.036499,22.5275,218
粤B2BB57,114.036499,22.5275,219
粤B2BB57,114.036499,22.5275,219
粤B2BB57,114.036499,22.5275,221
粤B2BB57,114.036499,22.5275,222
粤B2BB57,114.036499,22.5275,222
粤B2BB57,114.036499,22.5275,223
粤B2BB57,114.036499,22.5275,225
粤B2BB57,114.036499,22.5275,225
粤B2BB57,114.036499,22.5275,226
粤B2BB57,114.036499,22.5275,226
粤B2BB57,114.036499,22.5275,226
粤B2BB57,114.036499,22.5275,229
粤B2BB57,114.036499,22.5275,229
粤B2BB57,114.036499,22.5275,230
粤B2BB57,114.036499,22.5275,232
粤B2BB57,114.036499,22.5275,232
粤B2BB57,114.036499,22.5275,233
粤B2BB57,114.036499,22.5275,233
粤B2BB57,114.036499,22.5275,234
粤B2BB57,114.036499,22.5275,234
粤B2BB57,114.036499,22.5275,237
粤B2BB57,114.036499,22.5275,238
粤B2BB57,114.036499,22.5275,240
粤B2BB57,114.036499,22.5275,240
粤B2BB57,114.036499,22.5275,240
粤B2BB57,114.036499,22.5275,241
粤B2BB57,114.036499,22.5275,242
粤B2BB57,114.036499,22.5275,243
粤B2BB57,114.036499,22.5275,244
粤B2BB57,114.036499,22.5275,245
粤B2BB57,114.036499,22.5275,245
粤B2BB57,114.036499,22.5275,246
粤B2BB57,114.036499,22.5275,247
粤B2BB57,114.036499,22.5275,248
粤B2BB57,114.036499,22.5275,248
粤B2BB57,114.036499,22.5275,249
粤B2BB57,114.036499,22.5275,249
粤B2BB57,114.036499,22.5275,251
粤B2BB57,114.036499,22.5275,251
粤B2BB57,114.036499,22.5275,251
粤B2BB57,114.036499,22.5275,252
粤B2BB57,114.036499,22.5275,252
粤B2BB57,114.036499,22.5275,255
粤B2BB57,114.036499,22.5275,255
粤B2BB57,114.036499,22.5275,255
粤B2BB57,114.036499,22.5275,256
粤B2BB57,114.036499,22.5275,258
粤B2BB57,114.036499,22.5275,259
粤B2BB57,114.036499,22.5275,259
粤B2BB57,114.036499,22.5275,259
粤B2BB57,114.036499,22.5275,260
粤B2BB57,114.036499,22.5275,262
粤B2BB57,114.036499,22.5275,263
粤B2BB57,114.036499,22.5275,263
粤B2BB57,114.036499,22.5275,264
粤B2BB57,114.036499,22.5275,264
粤B2BB57,114.036499,22.5275,266
粤B2BB57,114.036499,22.5275,267
粤B2BB57,114.036499,22.5275,267
粤B2BB57,114.036499,22.5275,268
粤B2BB57,114.036499,22.5275,270
粤B2BB57,114.036499,22.5275,271
粤B2BB57,114.036499,22.5275,271
粤B2BB57,114.036499,22.5275,272
粤B2BB57,114.036499,22.5275,273
粤B2BB57,114.036499,22.5275,274
粤B2BB57,114.036499,22.5275,274
粤B2BB57,114.036499,22.5275,275
粤B2BB57,114.036499,22.5275,275
粤B2BB57,114.036499,22.5275,277
粤B2BB57,114.036499,22.5275,278
粤B2BB57,114.036499,22.5275,279
粤B2BB57,114.036499,22.5275,279
粤B2BB57,114.036499,22.5275,281
粤B2BB57,114.036499,22.5275,281
粤B2BB57,114.036499,22.5275,282
粤B2BB57,114.036499,22.5275,282
粤B2BB57,114.036499,22.5275,285
粤B2BB57,114.036499,22.5275,286
粤B2BB57,114.036499,22.5275,286
粤B2BB57,114.036499,22.5275,287
粤B2BB57,114.036499,22.5275,287
粤B2BB57,114.036499,22.5275,289
粤B2BB57,114.036499,22.5275,289
粤B2BB57,114.036499,22.5275,289
粤B2BB57,114.036499,22.5275,290
粤B2BB57,114.036499,22.5275,290
粤B2BB57,114.036499,22.5275,290
粤B2BB57,114.036499,22.5275,293
粤B2BB57,114.036499,22.5275,293
粤B2BB57,114.036499,22.5275,293
粤B2BB57,114.036499,22.5275,294
粤B2BB57,114.036499,22.5275,294
粤B2BB57,114.036499,22.5275,294
粤B2BB57,114.036499,22.5275,295
粤B2BB57,114.036499,22.5275,296
粤B2BB57,114.036499,22.5275,297
粤B2BB57,114.036499,22.5275,297
粤B2BB57,114.036499,22.5275,298
粤B2BB57,114.036499,22.5275,298
粤B2BB57,114.036499,22.5275,299
粤B2BB57,114.036499,22.5275,301
粤B2BB57,114.036499,22.5275,301
粤B2BB57,114.036499,22.5275,302
粤B2BB57,114.036499,22.5275,305
粤B2BB57,114.036499,22.5275,305
粤B2BB57,114.036499,22.5275,306
粤B2BB57,114.036499,22.5275,306
粤B2BB57,114.036499,22.5275,307
粤B2BB57,114.036499,22.5275,308
粤B2BB57,114.036499,22.5275,309
粤B2BB57,114.036499,22.5275,310
粤B2BB57,114.036499,22.5275,310
粤B2BB57,114.036499,22.5275,312
粤B2BB57,114.036499,22.5275,313
粤B2BB57,114.036499,22.5275,313
粤B2BB57,114.036499,22.5275,314
粤B2BB57,114.036499,22.5275,316
粤B2BB57,114.036499,22.5275,317
粤B2BB57,114.036499,22.5275,317
粤B2BB57,114.036499,22.5275,317
粤B2BB57,114.036499,22.5275,320
粤B2BB57,114.036499,22.5275,320
粤B2BB57,114.036499,22.5275,321
粤B2BB57,114.036499,22.5275,321
粤B2BB57,114.036499,22.5275,321
粤B2BB57,114.036499,22.5275,324
粤B2BB57,114.036499,22.5275,324
粤B2BB57,114.036499,22.5275,325
粤B2BB57,114.036499,22.5275,325
粤B2BB57,114.036499,22.5275,325
粤B2BB57,114.036499,22.5275,327
粤B2BB57,114.036499,22.5275,327
粤B2BB57,114.036499,22.5275,329
粤B2BB57,114.036499,22.5275,329
粤B2BB57,114.036499,22.5275,331
粤B2BB57,114.036499,22.5275,331
粤B2BB57,114.036499,22.5275,332
粤B2BB57,114.036499,22.5275,332
粤B2BB57,114.036499,22.5275,332
粤B2BB57,114.036499,22.5275,333
粤B2BB57,114.036499,22.5275,335
粤B2BB57,114.036499,22.5275,335
粤B2BB57,114.036499,22.5275,335
粤B2BB57,114.036499,22.5275,336
粤B2BB57,114.036499,22.5275,336
粤B2BB57,114.036499,22.5275,336
粤B2BB57,114.036499,22.5275,337
粤B2BB57,114.036499,22.5275,339
粤B2BB57,114.036499,22.5275,339
粤B2BB57,114.036499,22.5275,340
粤B2BB57,114.036499,22.5275,340
粤B2BB57,114.036499,22.5275,340
粤B2BB57,114.036499,22.5275,341
粤B2BB57,114.036499,22.5275,342
粤B2BB57,114.036499,22.5275,343
粤B2BB57,114.036499,22.5275,343
粤B2BB57,114.036499,22.5275,344
粤B2BB57,114.036499,22.5275,345
粤B2BB57,114.036499,22.5275,346
粤B2BB57,114.036499,22.5275,347
粤B2BB57,114.036499,22.5275,347
粤B2BB57,114.036499,22.5275,348
粤B2BB57,114.036499,22.5275,351
粤B2BB57,114.036499,22.5275,351
粤B2BB57,114.036499,22.5275,351
粤B2BB57,114.036499,22.5275,352
粤B2BB57,114.036499,22.5275,352
粤B2BB57,114.036499,22.5275,354
粤B2BB57,114.036499,22.5275,354
粤B2BB57,114.036499,22.5275,354
粤B2BB57,114.036499,22.5275,355
粤B2BB57,114.036499,22.5275,355
粤B2BB57,114.036499,22.5275,358
粤B2BB57,114.036499,22.5275,359
粤B2BB57,114.036499,22.5275,360
粤B2BB57,114.036499,22.5275,360
粤B2BB57,114.036499,22.5275,362
粤B2BB57,114.036499,22.5275,363
粤B2BB57,114.036499,22.5275,364
粤B2BB57,114.036499,22.5275,364
粤B2BB57,114.036499,22.5275,366
粤B2BB57,114.036499,22.5275,366
粤B2BB57,114.036499,22.5275,367
粤B2BB57,114.036499,22.5275,368
粤B2BB57,114.036499,22.5275,370
粤B2BB57,114.036499,22.5275,371
粤B2BB57,114.036499,22.5275,372
粤B2BB57,114.036499,22.5275,372
粤B2BB57,114.036499,22.5275,374
粤B2BB57,114.036499,22.5275,375
粤B2BB57,114.036499,22.5275,375
粤B2BB57,114.036499,22.5275,376
粤B2BB57,114.036499,22.5275,378
粤B2BB57,114.036499,22.5275,379
粤B2BB57,114.036499,22.5275,379
粤B2BB57,114.036499,22.5275,380
粤B2BB57,114.036499,22.5275,382
粤B2BB57,114.036499,22.5275,382
粤B2BB57,114.036499,22.5275,383
粤B2BB57,114.036499,22.5275,383
粤B2BB57,114.036499,22.5275,385
粤B2BB57,114.036499,22.5275,386
粤B2BB57,114.036499,22.5275,386
粤B2BB57,114.036499,22.5275,386
粤B2BB57,114.036499,22.5275,387
粤B2BB57,114.036499,22.5275,387
粤B2BB57,114.036499,22.5275,387
粤B2BB57,114.036499,22.5275,389
粤B2BB57,114.036499,22.5275,390
粤B2BB57,114.036499,22.5275,390
粤B2BB57,114.036499,22.5275,391
粤B2BB57,114.036499,22.5275,391
粤B2BB57,114.036499,22.5275,393
粤B2BB57,114.037102,22.527599,394
粤B2BB57,114.036499,22.5275,394
粤B2BB57,114.036499,22.5275,394
粤B2BB57,114.036499,22.5275,394
粤B2BB57,114.026901,22.529699,397
粤B2BB57,114.0298,22.5278,397
粤B2BB57,114.025299,22.5326,397
粤B2BB57,114.022598,22.542801,398
粤B2BB57,114.014999,22.5604,400
粤B2BB57,114.013802,22.561501,400
粤B2BB57,114.007202,22.5574,401
粤B2BB57,114.010696,22.5592,401
粤B2BB57,114.003899,22.556101,402
粤B2BB57,113.999702,22.555901,402
粤B2BB57,113.995697,22.556299,402
粤B2BB57,113.977501,22.565399,489
粤B2BB57,113.977501,22.565399,490
粤B2BB57,113.977501,22.565399,491
粤B2BB57,113.977501,22.565399,493
粤B2BB57,113.977501,22.565399,494
粤B2BB57,113.977501,22.565399,495
粤B2BB57,113.977501,22.565399,495
粤B2BB57,113.977501,22.565399,496
粤B2BB57,113.977501,22.565399,497
粤B2BB57,113.977501,22.565399,497
粤B2BB57,113.977501,22.565399,498
粤B2BB57,113.977501,22.565399,498
粤B2BB57,113.978798,22.563101,501
粤B2BB57,113.978798,22.563101,501
粤B2BB57,113.978798,22.563101,501
粤B2BB57,113.978401,22.562,502
粤B2BB57,113.978798,22.563101,502
粤B2BB57,113.980003,22.561399,503
粤B2BB57,113.981697,22.552299,504
粤B2BB57,113.984497,22.550501,504
粤B2BB57,113.985298,22.5501,505
粤B2BB57,114.000099,22.5452,506
粤B2BB57,114.014702,22.530701,507
粤B2BB57,114.017998,22.526501,507
粤B2BB57,114.027603,22.5207,508
粤B2BB57,114.022797,22.523399,508
粤B2BB57,114.037201,22.515499,509
粤B2BB57,114.042801,22.513599,509
粤B2BB57,114.058197,22.516001,510
粤B2BB57,114.059601,22.5173,511
粤B2BB57,114.058197,22.5161,511
粤B2BB57,114.058296,22.5161,511
粤B2BB57,114.063499,22.5208,512
粤B2BB57,114.066002,22.524,512
粤B2BB57,114.068604,22.5413,514
粤B2BB57,114.070198,22.5427,514
粤B2BB57,114.073502,22.5429,515
粤B2BB57,114.0755,22.5429,515
粤B2BB57,114.076599,22.5429,515
粤B2BB57,114.078598,22.5429,516
粤B2BB57,114.0784,22.542999,516
粤B2BB57,114.078003,22.540199,518
粤B2BB57,114.078499,22.540501,518
粤B2BB57,114.078003,22.540199,518
粤B2BB57,114.077202,22.5401,519
粤B2BB57,114.073097,22.539101,520
粤B2BB57,114.064003,22.5378,521
粤B2BB57,114.063599,22.5376,522
粤B2BB57,114.063599,22.5376,523
粤B2BB57,114.060898,22.5375,524
粤B2BB57,114.058502,22.537701,525
粤B2BB57,114.059303,22.5375,525
粤B2BB57,114.056602,22.5392,526
粤B2BB57,114.053802,22.5397,528
粤B2BB57,114.053802,22.5397,528
粤B2BB57,114.053802,22.5397,529
粤B2BB57,114.051598,22.539499,530
粤B2BB57,114.046997,22.5392,532
粤B2BB57,114.046997,22.5392,533
粤B2BB57,114.047203,22.539499,534
粤B2BB57,114.0476,22.537701,534
粤B2BB57,114.044403,22.534201,535
粤B2BB57,114.0429,22.531601,536
粤B2BB57,114.0495,22.5401,546
粤B2BB57,114.0485,22.539101,546
粤B2BB57,114.044403,22.5347,547
粤B2BB57,114.044098,22.533501,548
粤B2BB57,114.044296,22.534,548
粤B2BB57,114.044098,22.530199,549
粤B2BB57,114.0429,22.5301,550
粤B2BB57,114.042297,22.5301,550
粤B2BB57,114.042099,22.5303,550
粤B2BB57,114.042,22.530399,551
粤B2BB57,114.044502,22.5259,553
粤B2BB57,114.043297,22.523701,554
粤B2BB57,114.043404,22.5238,554
粤B2BB57,114.041397,22.5215,555
粤B2BB57,114.0382,22.523199,557
粤B2BB57,114.0382,22.523199,557
粤B2BB57,114.036598,22.524099,558
粤B2BB57,114.033302,22.5259,559
粤B2BB57,114.026497,22.5299,561
粤B2BB57,114.024597,22.5317,561
粤B2BB57,114.0168,22.531601,562
粤B2BB57,114.022003,22.532301,562
粤B2BB57,114.015198,22.531799,563
粤B2BB57,114.016602,22.5382,564
粤B2BB57,114.017197,22.5383,565
粤B2BB57,114.018898,22.538401,566
粤B2BB57,114.018898,22.538799,566
粤B2BB57,114.033401,22.527399,575
粤B2BB57,114.033699,22.527901,576
粤B2BB57,114.033997,22.5299,577
粤B2BB57,114.058296,22.531601,579
粤B2BB57,114.054398,22.5315,579
粤B2BB57,114.062202,22.531601,580
粤B2BB57,114.069603,22.5317,580
粤B2BB57,114.096397,22.538,583
粤B2BB57,114.0998,22.538099,584
粤B2BB57,114.103996,22.537701,584
粤B2BB57,114.1054,22.538099,585
粤B2BB57,114.106499,22.5408,586
粤B2BB57,114.107697,22.541401,586
粤B2BB57,114.108498,22.5415,587
粤B2BB57,114.109802,22.541901,588
粤B2BB57,114.108803,22.537901,589
粤B2BB57,114.108902,22.5376,590
粤B2BB57,114.108803,22.537901,590
粤B2BB57,114.107399,22.536501,591
粤B2BB57,114.107697,22.536501,591
粤B2BB57,114.107399,22.536501,591
粤B2BB57,114.110001,22.540501,593
粤B2BB57,114.109802,22.541401,594
粤B2BB57,114.109802,22.541401,595
粤B2BB57,114.109802,22.541401,595
粤B2BB57,114.109802,22.541401,596
粤B2BB57,114.109802,22.541401,597
粤B2BB57,114.110497,22.5418,597
粤B2BB57,114.111198,22.542299,598
粤B2BB57,114.110497,22.540501,601
粤B2BB57,114.108803,22.5378,604
粤B2BB57,114.108803,22.5373,604
粤B2BB57,114.108002,22.536501,604
粤B2BB57,114.107903,22.536501,605
粤B2BB57,114.107597,22.5364,605
粤B2BB57,114.107002,22.536301,607
粤B2BB57,114.109398,22.5375,608
粤B2BB57,114.111198,22.5336,609
粤B2BB57,114.111099,22.5357,609
粤B2BB57,114.112099,22.531601,609
粤B2BB57,114.114304,22.535801,611
粤B2BB57,114.114098,22.5383,612
粤B2BB57,114.116699,22.5392,613
粤B2BB57,114.117897,22.5397,613
粤B2BB57,114.1175,22.5413,615
粤B2BB57,114.116898,22.541201,616
粤B2BB57,114.116898,22.5466,618
粤B2BB57,114.115601,22.546301,618
粤B2BB57,114.115303,22.546101,618
粤B2BB57,114.117996,22.5467,619
粤B2BB57,114.119202,22.546801,619
粤B2BB57,114.118599,22.5438,621
粤B2BB57,114.118599,22.5438,622
粤B2BB57,114.116096,22.5431,624
粤B2BB57,114.114197,22.544701,625
粤B2BB57,114.1157,22.544399,625
粤B2BB57,114.114197,22.544701,626
粤B2BB57,114.114197,22.544701,626
粤B2BB57,114.110603,22.5452,627
粤B2BB57,114.107399,22.544901,628
粤B2BB57,114.106697,22.5448,628
粤B2BB57,114.106697,22.5448,628
粤B2BB57,114.102798,22.5438,629
粤B2BB57,114.106697,22.5448,629
粤B2BB57,114.099503,22.551399,631
粤B2BB57,114.099503,22.5488,631
粤B2BB57,114.099503,22.551701,633
粤B2BB57,114.099403,22.555,634
粤B2BB57,114.099403,22.555,635
粤B2BB57,114.0998,22.555099,635
粤B2BB57,114.1007,22.555099,636
粤B2BB57,114.104103,22.555099,638
粤B2BB57,114.104202,22.553801,638
粤B2BB57,114.104202,22.553801,638
粤B2BB57,114.104202,22.553801,639
粤B2BB57,114.104202,22.553801,639
粤B2BB57,114.105202,22.5495,641
粤B2BB57,114.105202,22.5495,642
粤B2BB57,114.105202,22.5495,642
粤B2BB57,114.105202,22.5495,643
粤B2BB57,114.105202,22.5495,643
粤B2BB57,114.102402,22.5487,644
粤B2BB57,114.101601,22.5476,645
粤B2BB57,114.101799,22.548201,646
粤B2BB57,114.101601,22.5478,646
粤B2BB57,114.101303,22.5469,647
粤B2BB57,114.099602,22.5432,648
粤B2BB57,114.099503,22.5417,649
粤B2BB57,114.099503,22.5418,649
粤B2BB57,114.099503,22.541599,649
粤B2BB57,114.0951,22.5383,651
粤B2BB57,114.083,22.5375,652
粤B2BB57,114.086502,22.5376,652
粤B2BB57,114.081902,22.5383,652
粤B2BB57,114.083702,22.5408,654
粤B2BB57,114.083,22.5408,654
粤B2BB57,114.084297,22.538401,655
粤B2BB57,114.083801,22.5376,656
粤B2BB57,114.077103,22.5355,657
粤B2BB57,114.0774,22.5382,658
粤B2BB57,114.077202,22.5361,658
粤B2BB57,114.0774,22.536699,658
粤B2BB57,114.077599,22.539301,659
粤B2BB57,114.077599,22.5399,659
粤B2BB57,114.079697,22.540501,661
粤B2BB57,114.079803,22.540501,662
粤B2BB57,114.079803,22.540501,662
粤B2BB57,114.080704,22.540501,663
粤B2BB57,114.0811,22.5373,664
粤B2BB57,114.070099,22.5319,665
粤B2BB57,114.080704,22.540501,668
粤B2BB57,114.0811,22.5373,672
粤B2BB57,114.0513,22.5431,672
粤B2BB57,114.0513,22.545401,672
粤B2BB57,114.050903,22.538799,675
粤B2BB57,114.050903,22.5396,675
粤B2BB57,114.047302,22.5375,676
粤B2BB57,114.050003,22.538,676
粤B2BB57,114.043999,22.537399,677
粤B2BB57,114.0438,22.535999,678
粤B2BB57,114.0438,22.535999,678
粤B2BB57,114.044296,22.535101,679
粤B2BB57,114.044502,22.532,679
粤B2BB57,114.044502,22.5261,680
粤B2BB57,114.0448,22.526501,680
粤B2BB57,114.044502,22.5261,680
粤B2BB57,114.044403,22.525999,681
粤B2BB57,114.042,22.521601,681
粤B2BB57,114.041901,22.521601,682
粤B2BB57,114.041901,22.521601,682
粤B2BB57,114.034798,22.5177,692
粤B2BB57,114.037003,22.516399,692
粤B2BB57,114.038002,22.5159,693
粤B2BB57,114.038002,22.5159,693
粤B2BB57,114.039101,22.5168,693
粤B2BB57,114.041801,22.520901,695
粤B2BB57,114.043701,22.524401,696
粤B2BB57,114.044296,22.525499,696
粤B2BB57,114.044601,22.532801,698
粤B2BB57,114.044502,22.539801,699
粤B2BB57,114.046997,22.5418,700
粤B2BB57,114.049004,22.5417,702
粤B2BB57,114.049202,22.5413,703
粤B2BB57,114.049797,22.5411,703
粤B2BB57,114.049004,22.5415,703
粤B2BB57,114.046997,22.539301,705
粤B2BB57,114.044701,22.5396,706
粤B2BB57,114.044403,22.5459,707
粤B2BB57,114.044403,22.549601,707
粤B2BB57,114.044296,22.5499,708
粤B2BB57,114.045303,22.558001,709
粤B2BB57,114.049599,22.5616,710
粤B2BB57,114.049599,22.5616,710
粤B2BB57,114.048401,22.560801,711
粤B2BB57,114.049797,22.5618,711
粤B2BB57,114.046204,22.558901,712
粤B2BB57,114.043999,22.554001,715
粤B2BB57,114.045303,22.558001,715
粤B2BB57,114.043701,22.556601,715
粤B2BB57,114.043999,22.551701,716
粤B2BB57,114.043999,22.551201,716
粤B2BB57,114.043999,22.551201,717
粤B2BB57,114.043999,22.551201,717
粤B2BB57,114.044296,22.543699,718
粤B2BB57,114.044403,22.542299,719
粤B2BB57,114.061302,22.5427,721
粤B2BB57,114.056396,22.5424,721
粤B2BB57,114.065002,22.5427,722
粤B2BB57,114.072098,22.5327,725
粤B2BB57,114.072098,22.5324,726
粤B2BB57,114.068199,22.5383,728
粤B2BB57,114.073502,22.5429,729
粤B2BB57,114.075996,22.5429,729
粤B2BB57,114.074203,22.5429,729
粤B2BB57,114.077904,22.5431,730
粤B2BB57,114.086304,22.5432,731
粤B2BB57,114.090599,22.543301,732
粤B2BB57,114.090698,22.543301,732
粤B2BB57,114.090897,22.551201,735
粤B2BB57,114.094002,22.5518,736
粤B2BB57,114.095497,22.5518,737
粤B2BB57,114.106796,22.565201,745
粤B2BB57,114.106796,22.564501,746
粤B2BB57,114.106796,22.565201,746
粤B2BB57,114.107002,22.562401,747
粤B2BB57,114.106903,22.562901,747
粤B2BB57,114.106796,22.564899,747
粤B2BB57,114.107201,22.565901,748
粤B2BB57,114.1073,22.5662,748
粤B2BB57,114.107201,22.565901,748
粤B2BB57,114.107597,22.567101,749
粤B2BB57,114.107697,22.570101,751
粤B2BB57,114.107903,22.572001,752
粤B2BB57,114.107903,22.572001,753
粤B2BB57,114.107903,22.572001,753
粤B2BB57,114.105904,22.5767,754
粤B2BB57,114.103996,22.581301,756
粤B2BB57,114.102402,22.581499,757
粤B2BB57,114.101303,22.583799,758
粤B2BB57,114.105698,22.59,759
粤B2BB57,114.108101,22.5895,760
粤B2BB57,114.108101,22.5895,760
粤B2BB57,114.106598,22.590099,760
粤B2BB57,114.108101,22.5895,761
粤B2BB57,114.100998,22.5851,763
粤B2BB57,114.104599,22.5889,763
粤B2BB57,114.099602,22.579,764
粤B2BB57,114.099098,22.5786,765
粤B2BB57,114.098801,22.572201,766
粤B2BB57,114.098801,22.570601,766
粤B2BB57,114.097099,22.569401,767
粤B2BB57,114.068497,22.558201,770
粤B2BB57,114.068497,22.558201,771
粤B2BB57,114.068497,22.558201,771
粤B2BB57,114.056503,22.562401,773
粤B2BB57,114.050301,22.562099,774
粤B2BB57,114.050301,22.562201,774
粤B2BB57,114.044197,22.556999,777
粤B2BB57,114.046402,22.559,777
粤B2BB57,114.044296,22.5571,777
粤B2BB57,114.049004,22.5611,778
粤B2BB57,114.054298,22.562401,778
粤B2BB57,114.057198,22.5625,779
粤B2BB57,114.058701,22.562401,780
粤B2BB57,114.061096,22.5616,781
粤B2BB57,114.0606,22.5611,782
粤B2BB57,114.0606,22.5611,784
粤B2BB57,114.0606,22.5611,784
粤B2BB57,114.0606,22.5611,785
粤B2BB57,114.0606,22.5611,785
粤B2BB57,114.0606,22.561399,795
粤B2BB57,114.0606,22.561399,796
粤B2BB57,114.0606,22.561399,798
粤B2BB57,114.0606,22.561399,798
粤B2BB57,114.0606,22.561399,799
粤B2BB57,114.0606,22.561399,800
粤B2BB57,114.0606,22.561399,801
粤B2BB57,114.0606,22.561399,801
粤B2BB57,114.0606,22.561399,802
粤B2BB57,114.0606,22.561399,804
粤B2BB57,114.0606,22.561399,805
粤B2BB57,114.0606,22.561399,806
粤B2BB57,114.0606,22.561399,806
粤B2BB57,114.0606,22.561399,809
粤B2BB57,114.0606,22.561399,810
粤B2BB57,114.0606,22.561399,811
粤B2BB57,114.0606,22.561399,812
粤B2BB57,114.0606,22.561399,813
粤B2BB57,114.0606,22.561399,813
粤B2BB57,114.0606,22.561399,813
粤B2BB57,114.0606,22.561399,815
粤B2BB57,114.0606,22.561399,815
粤B2BB57,114.0606,22.561399,815
粤B2BB57,114.0606,22.561399,816
粤B2BB57,114.0606,22.561399,816
粤B2BB57,114.0606,22.561399,816
粤B2BB57,114.0606,22.561399,818
粤B2BB57,114.0606,22.561399,819
粤B2BB57,114.0606,22.561399,820
粤B2BB57,114.0606,22.561399,820
粤B2BB57,114.0606,22.561399,822
粤B2BB57,114.0606,22.561399,823
粤B2BB57,114.0606,22.561399,824
粤B2BB57,114.0606,22.561399,825
粤B2BB57,114.0606,22.561399,826
粤B2BB57,114.0606,22.561399,827
粤B2BB57,114.0606,22.561399,827
粤B2BB57,114.0606,22.561399,828
粤B2BB57,114.0606,22.561399,829
粤B2BB57,114.0606,22.561399,830
粤B2BB57,114.0606,22.561399,833
粤B2BB57,114.0606,22.561399,834
粤B2BB57,114.0606,22.561399,834
粤B2BB57,114.0606,22.561399,835
粤B2BB57,114.0606,22.561399,835
粤B2BB57,114.0606,22.561399,835
粤B2BB57,114.0606,22.561399,843
粤B2BB57,114.0606,22.561399,844
粤B2BB57,114.0606,22.561399,844
粤B2BB57,114.060501,22.561199,844
粤B2BB57,114.060997,22.561701,845
粤B2BB57,114.060799,22.562201,845
粤B2BB57,114.054703,22.562201,847
粤B2BB57,114.052101,22.562599,848
粤B2BB57,114.049599,22.5618,848
粤B2BB57,114.051804,22.562599,848
粤B2BB57,114.050797,22.562599,848
粤B2BB57,114.047401,22.5602,849
粤B2BB57,114.045303,22.558201,849
粤B2BB57,114.045303,22.558201,850
粤B2BB57,114.045303,22.558201,850
粤B2BB57,114.045197,22.5581,851
粤B2BB57,114.045197,22.5581,851
粤B2BB57,114.045197,22.5581,851
粤B2BB57,114.045197,22.5581,852
粤B2BB57,114.054703,22.562201,852
粤B2BB57,114.045197,22.5581,852
粤B2BB57,114.045197,22.558001,853
粤B2BB57,114.045197,22.558001,853
粤B2BB57,114.045197,22.558001,853
粤B2BB57,114.045197,22.558001,854
粤B2BB57,114.045197,22.558001,854
粤B2BB57,114.045197,22.558001,854
粤B2BB57,114.045197,22.558001,855
粤B2BB57,114.044998,22.558001,856
粤B2BB57,114.044899,22.5578,857
粤B2BB57,114.044998,22.558001,857
粤B2BB57,114.044899,22.5578,858
粤B2BB57,114.044899,22.5578,858
粤B2BB57,114.044197,22.5571,861
粤B2BB57,114.044197,22.5571,861
粤B2BB57,114.044098,22.5532,862
粤B2BB57,114.044197,22.554399,862
粤B2BB57,114.044197,22.546499,864
粤B2BB57,114.044098,22.5522,864
粤B2BB57,114.044403,22.5399,865
粤B2BB57,114.044403,22.5368,865
粤B2BB57,114.044502,22.533899,866
粤B2BB57,114.0448,22.5268,867
粤B2BB57,114.041603,22.5215,868
粤B2BB57,114.042503,22.5224,868
粤B2BB57,114.043297,22.523701,868
粤B2BB57,114.038101,22.5233,869
粤B2BB57,114.039001,22.5228,869
粤B2BB57,114.033401,22.5259,871
粤B2BB57,114.033096,22.5261,872
粤B2BB57,114.033096,22.5261,872
粤B2BB57,114.033096,22.5261,873
粤B2BB57,114.0327,22.526199,874
粤B2BB57,114.031502,22.524799,875
粤B2BB57,114.031502,22.524799,875
粤B2BB57,114.031502,22.524799,876
粤B2BB57,114.040497,22.5217,881
粤B2BB57,114.041199,22.520399,882
粤B2BB57,114.038696,22.516199,883
粤B2BB57,114.044197,22.512501,885
粤B2BB57,114.040604,22.513599,885
粤B2BB57,114.044403,22.5124,886
粤B2BB57,114.044502,22.511299,886
粤B2BB57,114.044502,22.511299,888
粤B2BB57,114.040497,22.512899,889
粤B2BB57,114.041496,22.511299,889
粤B2BB57,114.040703,22.513901,890
粤B2BB57,114.040802,22.513901,890
粤B2BB57,114.039803,22.517799,892
粤B2BB57,114.041397,22.520399,892
粤B2BB57,114.041603,22.5207,892
粤B2BB57,114.0411,22.521601,893
粤B2BB57,114.038803,22.523001,893
粤B2BB57,114.0271,22.5296,896
粤B2BB57,114.024696,22.5348,897
粤B2BB57,114.0243,22.536501,897
粤B2BB57,114.024002,22.540501,898
粤B2BB57,114.014603,22.5397,909
粤B2BB57,114.017197,22.5401,910
粤B2BB57,114.015701,22.540001,910
粤B2BB57,114.017799,22.5404,911
粤B2BB57,114.016197,22.5418,912
粤B2BB57,114.0177,22.5417,912
粤B2BB57,114.014603,22.543501,913
粤B2BB57,114.014999,22.5429,913
粤B2BB57,114.014603,22.543501,913
粤B2BB57,114.014,22.5457,914
粤B2BB57,114.014603,22.543501,914
粤B2BB57,114.011803,22.549,915
粤B2BB57,114.011803,22.549,915
粤B2BB57,114.011398,22.549,916
粤B2BB57,114.011803,22.549,916
粤B2BB57,114.008797,22.5476,917
粤B2BB57,114.008797,22.5476,918
粤B2BB57,114.008797,22.5476,918
粤B2BB57,114.008598,22.547701,921
粤B2BB57,114.008598,22.547701,921
粤B2BB57,114.008598,22.547701,921
粤B2BB57,114.008598,22.547701,922
粤B2BB57,114.008598,22.547701,922
粤B2BB57,114.008598,22.547701,922
粤B2BB57,114.008598,22.547701,923
粤B2BB57,114.008598,22.5478,924
粤B2BB57,114.008598,22.5478,924
粤B2BB57,114.008598,22.547701,924
粤B2BB57,114.008598,22.5478,925
粤B2BB57,114.008598,22.5478,925
粤B2BB57,114.008598,22.5478,926
粤B2BB57,114.008598,22.5478,926
粤B2BB57,114.008598,22.5478,927
粤B2BB57,114.0084,22.548,928
粤B2BB57,114.008499,22.547899,928
粤B2BB57,114.0084,22.548,929
粤B2BB57,114.0084,22.548,929
粤B2BB57,114.0084,22.548,931
粤B2BB57,114.008202,22.5481,933
粤B2BB57,114.008202,22.5481,933
粤B2BB57,114.008202,22.5481,933
粤B2BB57,114.008202,22.5481,934
粤B2BB57,114.008202,22.5481,935
粤B2BB57,114.008202,22.5481,935
粤B2BB57,114.011497,22.548901,938
粤B2BB57,114.012604,22.5497,939
粤B2BB57,114.014297,22.549299,939
粤B2BB57,114.035698,22.541901,943
粤B2BB57,114.035698,22.541901,943
粤B2BB57,114.036903,22.541599,944
粤B2BB57,114.043098,22.542299,944
粤B2BB57,114.045197,22.542299,945
粤B2BB57,114.0467,22.542101,945
粤B2BB57,114.0467,22.542101,945
粤B2BB57,114.046799,22.5415,946
粤B2BB57,114.046799,22.5415,946
粤B2BB57,114.046799,22.541599,947
粤B2BB57,114.044403,22.5497,949
粤B2BB57,114.044701,22.5494,949
粤B2BB57,114.044403,22.5497,950
粤B2BB57,114.0438,22.5567,952
粤B2BB57,114.041901,22.556101,952
粤B2BB57,114.039703,22.556,953
粤B2BB57,114.0411,22.556299,953
粤B2BB57,114.039703,22.556,953
粤B2BB57,114.039703,22.556,954
粤B2BB57,114.039902,22.5562,954
粤B2BB57,114.043602,22.5567,956
粤B2BB57,114.043602,22.5567,957
粤B2BB57,114.043602,22.5567,957
粤B2BB57,114.048599,22.560801,958
粤B2BB57,114.046501,22.559099,960
粤B2BB57,114.045303,22.558201,961
粤B2BB57,114.045097,22.5581,963
粤B2BB57,114.045097,22.5581,964
粤B2BB57,114.045097,22.5581,964
粤B2BB57,114.044998,22.558001,965
粤B2BB57,114.044197,22.557199,971
粤B2BB57,114.044197,22.557199,971
粤B2BB57,114.044197,22.557199,972
粤B2BB57,114.044197,22.557199,972
粤B2BB57,114.044098,22.551399,975
粤B2BB57,114.044098,22.551399,975
粤B2BB57,114.044098,22.551399,975
粤B2BB57,114.044098,22.551399,976
粤B2BB57,114.044502,22.534599,978
粤B2BB57,114.044403,22.538401,978
粤B2BB57,114.044899,22.5282,979
粤B2BB57,114.044899,22.527201,979
粤B2BB57,114.044197,22.525499,979
粤B2BB57,114.043198,22.5235,980
粤B2BB57,114.043404,22.5238,980
粤B2BB57,114.042801,22.5224,981
粤B2BB57,114.042801,22.5224,981
粤B2BB57,114.044098,22.521999,982
粤B2BB57,114.044998,22.521601,983
粤B2BB57,114.044197,22.520399,983
粤B2BB57,114.042603,22.520901,985
粤B2BB57,114.040497,22.5221,986
粤B2BB57,114.041901,22.521299,986
粤B2BB57,114.038597,22.5242,987
粤B2BB57,114.037903,22.5235,987
粤B2BB57,114.038597,22.528099,990
粤B2BB57,114.0383,22.5294,990
粤B2BB57,114.041298,22.5245,995
粤B2BB57,114.041702,22.5243,997
粤B2BB57,114.041603,22.525101,997
粤B2BB57,114.041702,22.5243,998
粤B2BB57,114.041702,22.5243,998
粤B2BB57,114.042603,22.5231,999
粤B2BB57,114.042,22.521799,1000
粤B2BB57,114.041801,22.5215,1001
粤B2BB57,114.041,22.519899,1001
粤B2BB57,114.039803,22.5179,1002
粤B2BB57,114.040497,22.5133,1004
粤B2BB57,114.040199,22.5121,1004
粤B2BB57,114.0401,22.5119,1004
粤B2BB57,114.0401,22.5119,1005
粤B2BB57,114.048599,22.511999,1007
粤B2BB57,114.047501,22.5123,1007
粤B2BB57,114.045502,22.5124,1007
粤B2BB57,114.048698,22.5109,1008
粤B2BB57,114.046303,22.5107,1008
粤B2BB57,114.044601,22.510799,1011
粤B2BB57,114.044601,22.510799,1012
粤B2BB57,114.044601,22.510799,1012
粤B2BB57,114.044601,22.510799,1012
粤B2BB57,114.044601,22.510799,1013
粤B2BB57,114.041801,22.512699,1014
粤B2BB57,114.044296,22.512501,1015
粤B2BB57,114.0466,22.5123,1015
粤B2BB57,114.055603,22.514,1018
粤B2BB57,114.055603,22.5168,1029
粤B2BB57,114.050003,22.5145,1031
粤B2BB57,114.044998,22.514299,1032
粤B2BB57,114.045097,22.514299,1032
粤B2BB57,114.041,22.5149,1034
粤B2BB57,114.039299,22.5154,1035
粤B2BB57,114.039299,22.5154,1035
粤B2BB57,114.038597,22.515699,1036
粤B2BB57,114.033997,22.518299,1038
粤B2BB57,114.033997,22.518299,1038
粤B2BB57,114.014999,22.558901,1052
粤B2BB57,114.015099,22.558599,1052
粤B2BB57,114.014603,22.561899,1054
粤B2BB57,114.014397,22.562901,1054
粤B2BB57,114.014503,22.562401,1054
粤B2BB57,114.011497,22.569599,1057
粤B2BB57,114.011497,22.569599,1057
粤B2BB57,114.0131,22.566999,1057
粤B2BB57,114.011497,22.569599,1058
粤B2BB57,114.011497,22.569599,1058
粤B2BB57,114.011497,22.569599,1059
粤B2BB57,114.011497,22.569599,1059
粤B2BB57,114.011497,22.569599,1059
粤B2BB57,114.011497,22.569599,1060
粤B2BB57,114.011497,22.569599,1060
粤B2BB57,114.011497,22.569599,1061
粤B2BB57,114.011497,22.569599,1061
粤B2BB57,114.013199,22.5902,1063
粤B2BB57,114.013901,22.5905,1063
粤B2BB57,114.014603,22.5907,1064
粤B2BB57,114.015999,22.5912,1064
粤B2BB57,114.018799,22.592199,1065
粤B2BB57,114.017403,22.5917,1065
粤B2BB57,114.022003,22.610001,1068
粤B2BB57,114.022903,22.6103,1069
粤B2BB57,114.022903,22.6103,1069
粤B2BB57,114.022903,22.6103,1069
粤B2BB57,114.022903,22.6103,1069
粤B2BB57,114.021797,22.6108,1070
粤B2BB57,114.022903,22.6103,1070
粤B2BB57,114.021797,22.610701,1072
粤B2BB57,114.021103,22.611,1073
粤B2BB57,114.021797,22.610701,1073
粤B2BB57,114.021004,22.611,1073
粤B2BB57,114.021004,22.611,1073
粤B2BB57,114.021797,22.610701,1073
粤B2BB57,114.021004,22.611,1073
粤B2BB57,114.021004,22.611,1074
粤B2BB57,114.021004,22.611,1074
粤B2BB57,114.021797,22.610701,1074
粤B2BB57,114.021797,22.610701,1075
粤B2BB57,114.021797,22.610701,1076
粤B2BB57,114.021797,22.610701,1077
粤B2BB57,114.021797,22.610701,1077
粤B2BB57,114.021797,22.610701,1077
粤B2BB57,114.021797,22.610701,1078
粤B2BB57,114.021797,22.610701,1078
粤B2BB57,114.021797,22.610701,1079
粤B2BB57,114.021004,22.611,1079
粤B2BB57,114.021797,22.610701,1079
粤B2BB57,114.021797,22.610701,1079
粤B2BB57,114.021797,22.610701,1080
粤B2BB57,114.021797,22.610701,1080
粤B2BB57,114.021797,22.610701,1080
粤B2BB57,114.021797,22.610701,1081
粤B2BB57,114.021797,22.610701,1081
粤B2BB57,114.021896,22.6108,1083
粤B2BB57,114.021896,22.6108,1083
粤B2BB57,114.021896,22.6108,1084
粤B2BB57,114.021896,22.6108,1084
粤B2BB57,114.021698,22.610201,1085
粤B2BB57,114.011597,22.606899,1087
粤B2BB57,114.009399,22.603001,1088
粤B2BB57,114.009903,22.6026,1089
粤B2BB57,114.011002,22.6017,1090
粤B2BB57,114.011002,22.600401,1091
粤B2BB57,114.011002,22.5998,1092
粤B2BB57,114.010902,22.5991,1092
粤B2BB57,114.010597,22.597,1094
粤B2BB57,114.010597,22.597,1094
粤B2BB57,114.010803,22.597099,1094
粤B2BB57,114.010597,22.597,1094
粤B2BB57,114.010597,22.597,1095
粤B2BB57,114.010597,22.597,1095
粤B2BB57,114.010597,22.597,1095
粤B2BB57,114.010597,22.597,1096
粤B2BB57,114.009804,22.588699,1097
粤B2BB57,114.009804,22.588699,1098
粤B2BB57,114.018997,22.5502,1101
粤B2BB57,114.017197,22.5529,1101
粤B2BB57,114.0205,22.548,1101
粤B2BB57,114.019699,22.5446,1102
粤B2BB57,114.021301,22.5462,1102
粤B2BB57,114.017601,22.544201,1104
粤B2BB57,114.017097,22.5441,1105
粤B2BB57,114.014999,22.5438,1105
粤B2BB57,114.014999,22.5438,1106
粤B2BB57,114.014198,22.5436,1106
粤B2BB57,114.012497,22.542999,1107
粤B2BB57,114.012604,22.5417,1108
粤B2BB57,114.013,22.540501,1108
粤B2BB57,114.013496,22.5392,1109
粤B2BB57,114.013702,22.5385,1109
粤B2BB57,114.010803,22.538099,1111
粤B2BB57,114.011497,22.5345,1112
粤B2BB57,114.011101,22.5345,1112
粤B2BB57,114.010201,22.5355,1113
粤B2BB57,114.010201,22.5355,1113
粤B2BB57,114.0112,22.534,1115
粤B2BB57,114.009903,22.5343,1115
粤B2BB57,114.009804,22.5341,1116
粤B2BB57,114.007896,22.534201,1116
粤B2BB57,114.009102,22.536699,1118
粤B2BB57,114.011597,22.5347,1119
粤B2BB57,114.0112,22.535999,1119
粤B2BB57,114.012001,22.5331,1119
粤B2BB57,114.023903,22.5317,1122
粤B2BB57,114.031403,22.5301,1123
粤B2BB57,114.061203,22.5317,1125
粤B2BB57,114.054497,22.5315,1125
粤B2BB57,114.064903,22.5317,1126
粤B2BB57,114.068199,22.5317,1126
粤B2BB57,114.081802,22.536501,1128
粤B2BB57,114.079498,22.5361,1130
粤B2BB57,114.078796,22.534901,1130
粤B2BB57,114.078201,22.5347,1130
粤B2BB57,114.068199,22.5317,1131
粤B2BB57,114.078201,22.5347,1131
粤B2BB57,114.078201,22.5347,1131
粤B2BB57,114.078201,22.5347,1131
粤B2BB57,114.077698,22.535,1132
粤B2BB57,114.077103,22.5364,1133
粤B2BB57,114.077202,22.536699,1133
粤B2BB57,114.077202,22.5369,1134
粤B2BB57,114.077103,22.535999,1135
粤B2BB57,114.077202,22.5355,1135
粤B2BB57,114.077301,22.536699,1135
粤B2BB57,114.078201,22.5341,1136
粤B2BB57,114.074303,22.5306,1141
粤B2BB57,114.073196,22.5306,1142
粤B2BB57,114.072403,22.5305,1142
粤B2BB57,114.081596,22.538,1146
粤B2BB57,114.075203,22.5319,1147
粤B2BB57,114.069,22.532,1147
粤B2BB57,114.067101,22.532101,1148
粤B2BB57,114.070602,22.531601,1149
粤B2BB57,114.072098,22.530199,1150
粤B2BB57,114.072098,22.530001,1151
粤B2BB57,114.071899,22.5284,1151
粤B2BB57,114.071198,22.526199,1152
粤B2BB57,114.0681,22.528799,1153
粤B2BB57,114.0681,22.5394,1154
粤B2BB57,114.067596,22.5425,1154
粤B2BB57,114.068199,22.5355,1154
粤B2BB57,114.068298,22.5434,1155
粤B2BB57,114.063103,22.5431,1155
粤B2BB57,114.065804,22.5431,1155
粤B2BB57,114.061096,22.543501,1156
粤B2BB57,114.060501,22.5434,1156
粤B2BB57,114.0606,22.544701,1157
粤B2BB57,114.061401,22.5455,1157
粤B2BB57,114.063004,22.537201,1158
粤B2BB57,114.063004,22.538601,1158
粤B2BB57,114.063004,22.5352,1159
粤B2BB57,114.062897,22.5292,1160
粤B2BB57,114.063301,22.528,1161
粤B2BB57,114.063103,22.5264,1161
粤B2BB57,114.063301,22.530199,1162
粤B2BB57,114.063202,22.529699,1162
粤B2BB57,114.063202,22.5308,1163
粤B2BB57,114.063499,22.531401,1165
粤B2BB57,114.065804,22.5315,1165
粤B2BB57,114.077003,22.5319,1166
粤B2BB57,114.069801,22.531601,1166
粤B2BB57,114.073601,22.5317,1166
粤B2BB57,114.078697,22.5345,1167
粤B2BB57,114.084503,22.5373,1167
粤B2BB57,114.103996,22.537901,1170
粤B2BB57,114.105103,22.537399,1171
粤B2BB57,114.106201,22.537001,1171
粤B2BB57,114.110001,22.537701,1172
粤B2BB57,114.112198,22.538,1172
粤B2BB57,114.125702,22.542101,1174
粤B2BB57,114.130898,22.5448,1174
粤B2BB57,114.132004,22.545401,1175
粤B2BB57,114.136902,22.5504,1177
粤B2BB57,114.137703,22.5516,1177
粤B2BB57,114.138496,22.5527,1178
粤B2BB57,114.140198,22.5548,1179
粤B2BB57,114.1511,22.556299,1181
粤B2BB57,114.157501,22.560801,1182
粤B2BB57,114.158096,22.561001,1182
粤B2BB57,114.158302,22.5611,1183
粤B2BB57,114.157402,22.5627,1185
粤B2BB57,114.1577,22.560499,1185
粤B2BB57,114.157303,22.561399,1186
粤B2BB57,114.156197,22.5602,1186
粤B2BB57,114.155403,22.559601,1186
粤B2BB57,114.138199,22.5553,1190
粤B2BB57,114.137703,22.5522,1190
粤B2BB57,114.138603,22.553699,1190
粤B2BB57,114.136902,22.5511,1191
粤B2BB57,114.135101,22.5495,1191
粤B2BB57,114.132599,22.549,1191
粤B2BB57,114.132301,22.549,1192
粤B2BB57,114.128601,22.5492,1193
粤B2BB57,114.128502,22.5497,1193
粤B2BB57,114.128502,22.5497,1194
粤B2BB57,114.128502,22.5497,1194
粤B2BB57,114.128502,22.5497,1194
粤B2BB57,114.128502,22.5497,1195
粤B2BB57,114.1269,22.5497,1197
粤B2BB57,114.126099,22.5499,1197
粤B2BB57,114.125999,22.552099,1198
粤B2BB57,114.125999,22.5525,1199
粤B2BB57,114.125504,22.5588,1202
粤B2BB57,114.126701,22.559999,1203
粤B2BB57,114.129303,22.5613,1203
粤B2BB57,114.129601,22.561501,1203
粤B2BB57,114.129601,22.5618,1204
粤B2BB57,114.129402,22.561399,1205
粤B2BB57,114.125397,22.559401,1206
粤B2BB57,114.125397,22.559401,1206
粤B2BB57,114.125397,22.559401,1206
粤B2BB57,114.125397,22.559401,1207
粤B2BB57,114.124603,22.558901,1207
粤B2BB57,114.119698,22.559401,1208
粤B2BB57,114.106499,22.558701,1209
粤B2BB57,114.113602,22.5588,1209
粤B2BB57,114.103996,22.558701,1210
粤B2BB57,114.0952,22.558599,1212
粤B2BB57,114.088799,22.5627,1213
粤B2BB57,114.0737,22.5707,1216
粤B2BB57,114.070602,22.5695,1217
粤B2BB57,114.067299,22.569,1217
粤B2BB57,114.088799,22.5627,1219
粤B2BB57,114.035599,22.563801,1220
粤B2BB57,114.035202,22.5641,1221
粤B2BB57,114.023399,22.5606,1224
粤B2BB57,114.019302,22.5604,1224
粤B2BB57,114.021599,22.5604,1224
粤B2BB57,114.014297,22.561199,1225
粤B2BB57,114.0158,22.555,1226
粤B2BB57,114.023697,22.538401,1228
粤B2BB57,114.0327,22.5299,1229
粤B2BB57,114.026199,22.530899,1229
粤B2BB57,114.0382,22.5275,1231
粤B2BB57,114.038399,22.528601,1231
粤B2BB57,114.037201,22.5275,1234
粤B2BB57,114.037201,22.5275,1235
粤B2BB57,114.037201,22.5275,1235
粤B2BB57,114.037201,22.5275,1236
粤B2BB57,114.037201,22.5275,1238
粤B2BB57,114.037201,22.5275,1239
粤B2BB57,114.037201,22.5275,1239
粤B2BB57,114.037201,22.5275,1239
粤B2BB57,114.037201,22.5275,1241
粤B2BB57,114.037201,22.5275,1242
粤B2BB57,114.037201,22.5275,1242
粤B2BB57,114.037201,22.5275,1243
粤B2BB57,114.037201,22.5275,1243
粤B2BB57,114.037201,22.5275,1245
粤B2BB57,114.037201,22.5275,1245
粤B2BB57,114.037201,22.5275,1246
粤B2BB57,114.037201,22.5275,1247
粤B2BB57,114.037201,22.5275,1248
粤B2BB57,114.037201,22.5275,1248
粤B2BB57,114.037201,22.5275,1249
粤B2BB57,114.037201,22.5275,1249
粤B2BB57,114.037201,22.5275,1252
粤B2BB57,114.037201,22.5275,1253
粤B2BB57,114.037201,22.5275,1256
粤B2BB57,114.037201,22.5275,1256
粤B2BB57,114.037201,22.5275,1257
粤B2BB57,114.037201,22.5275,1260
粤B2BB57,114.037201,22.5275,1262
粤B2BB57,114.037201,22.5275,1262
粤B2BB57,114.037201,22.5275,1263
粤B2BB57,114.037201,22.5275,1264
粤B2BB57,114.037201,22.5275,1264
粤B2BB57,114.037201,22.5275,1265
粤B2BB57,114.037201,22.5275,1267
粤B2BB57,114.037201,22.5275,1268
粤B2BB57,114.037201,22.5275,1268
粤B2BB57,114.037201,22.5275,1268
粤B2BB57,114.037201,22.5275,1269
粤B2BB57,114.037201,22.5275,1271
粤B2BB57,114.037201,22.5275,1271
粤B2BB57,114.037201,22.5275,1272
粤B2BB57,114.037201,22.5275,1272
粤B2BB57,114.037201,22.5275,1274
粤B2BB57,114.037201,22.5275,1275
粤B2BB57,114.037201,22.5275,1275
粤B2BB57,114.037201,22.5275,1277
粤B2BB57,114.037201,22.5275,1277
粤B2BB57,114.037201,22.5275,1278
粤B2BB57,114.037201,22.5275,1278
粤B2BB57,114.037201,22.5275,1279
粤B2BB57,114.037201,22.5275,1279
粤B2BB57,114.037201,22.5275,1281
粤B2BB57,114.037201,22.5275,1281
粤B2BB57,114.037201,22.5275,1282
粤B2BB57,114.037201,22.5275,1282
粤B2BB57,114.037201,22.5275,1285
粤B2BB57,114.037201,22.5275,1285
粤B2BB57,114.037201,22.5275,1288
粤B2BB57,114.037201,22.5275,1288
粤B2BB57,114.037201,22.5275,1289
粤B2BB57,114.037201,22.5275,1289
粤B2BB57,114.037201,22.5275,1291
粤B2BB57,114.037201,22.5275,1291
粤B2BB57,114.037201,22.5275,1292
粤B2BB57,114.037201,22.5275,1292
粤B2BB57,114.037201,22.5275,1293
粤B2BB57,114.037201,22.5275,1294
粤B2BB57,114.037201,22.5275,1294
粤B2BB57,114.037201,22.5275,1296
粤B2BB57,114.037102,22.527399,1297
粤B2BB57,114.037102,22.527399,1297
粤B2BB57,114.037102,22.527399,1299
粤B2BB57,114.037102,22.5273,1302
粤B2BB57,114.037102,22.5273,1303
粤B2BB57,114.037102,22.5273,1308
粤B2BB57,114.037102,22.5273,1309
粤B2BB57,114.037102,22.5273,1310
粤B2BB57,114.037102,22.5273,1311
粤B2BB57,114.037102,22.5273,1311
粤B2BB57,114.037102,22.5273,1313
粤B2BB57,114.037102,22.5273,1315
粤B2BB57,114.037102,22.5273,1317
粤B2BB57,114.037102,22.5273,1317
粤B2BB57,114.037102,22.5273,1318
粤B2BB57,114.037102,22.5273,1325
粤B2BB57,114.037102,22.5273,1325
粤B2BB57,114.037102,22.5273,1325
粤B2BB57,114.037102,22.5273,1326
粤B2BB57,114.037102,22.5273,1326
粤B2BB57,114.037102,22.5273,1327
粤B2BB57,114.037102,22.5273,1330
粤B2BB57,114.037102,22.5273,1331
粤B2BB57,114.037102,22.5273,1331
粤B2BB57,114.037102,22.5273,1333
粤B2BB57,114.037102,22.5273,1335
粤B2BB57,114.037102,22.5273,1335
粤B2BB57,114.037102,22.5273,1335
粤B2BB57,114.037102,22.5273,1337
粤B2BB57,114.037102,22.5273,1337
粤B2BB57,114.037102,22.5273,1337
粤B2BB57,114.037102,22.5273,1338
粤B2BB57,114.037102,22.5273,1338
粤B2BB57,114.037102,22.5273,1340
粤B2BB57,114.037102,22.5273,1341
粤B2BB57,114.037102,22.5273,1341
粤B2BB57,114.037102,22.5273,1342
粤B2BB57,114.037102,22.5273,1344
粤B2BB57,114.037102,22.5273,1344
粤B2BB57,114.037102,22.5273,1345
粤B2BB57,114.037102,22.5273,1345
粤B2BB57,114.037102,22.5273,1348
粤B2BB57,114.037102,22.5273,1348
粤B2BB57,114.037102,22.5273,1349
粤B2BB57,114.037102,22.5273,1351
粤B2BB57,114.037102,22.5273,1352
粤B2BB57,114.037102,22.5273,1353
粤B2BB57,114.037102,22.5273,1353
粤B2BB57,114.037102,22.5273,1358
粤B2BB57,114.037102,22.5273,1359
粤B2BB57,114.037102,22.5273,1360
粤B2BB57,114.037102,22.5273,1364
粤B2BB57,114.037102,22.5273,1365
粤B2BB57,114.037102,22.5273,1366
粤B2BB57,114.037102,22.5273,1366
粤B2BB57,114.037102,22.5273,1368
粤B2BB57,114.037102,22.5273,1368
粤B2BB57,114.037102,22.5273,1369
粤B2BB57,114.037102,22.5273,1371
粤B2BB57,114.037102,22.5273,1372
粤B2BB57,114.037102,22.5273,1372
粤B2BB57,114.037102,22.5273,1373
粤B2BB57,114.037102,22.5273,1376
粤B2BB57,114.037102,22.5273,1377
粤B2BB57,114.037102,22.5273,1378
粤B2BB57,114.037102,22.5273,1380
粤B2BB57,114.037102,22.5273,1381
粤B2BB57,114.037102,22.5273,1381
粤B2BB57,114.037102,22.5273,1383
粤B2BB57,114.037102,22.5273,1383
粤B2BB57,114.037102,22.5273,1383
粤B2BB57,114.037102,22.5273,1384
粤B2BB57,114.037102,22.5273,1386
粤B2BB57,114.037102,22.5273,1387
粤B2BB57,114.037102,22.5273,1387
粤B2BB57,114.037102,22.5273,1387
粤B2BB57,114.037102,22.5273,1388
粤B2BB57,114.037102,22.5273,1390
粤B2BB57,114.037102,22.5273,1390
粤B2BB57,114.037102,22.5273,1392
粤B2BB57,114.037102,22.5273,1393
粤B2BB57,114.037102,22.5273,1393
粤B2BB57,114.037102,22.5273,1394
粤B2BB57,114.037102,22.5273,1394
粤B2BB57,114.037102,22.5273,1394
粤B2BB57,114.037102,22.5273,1395
粤B2BB57,114.037102,22.5273,1395
粤B2BB57,114.037102,22.5273,1397
粤B2BB57,114.037102,22.5273,1397
粤B2BB57,114.037102,22.5273,1398
粤B2BB57,114.037102,22.5273,1398
粤B2BB57,114.037102,22.5273,1399
粤B2BB57,114.037102,22.5273,1399
粤B2BB57,114.037102,22.5273,1401
粤B2BB57,114.037102,22.5273,1402
粤B2BB57,114.037102,22.5273,1402
粤B2BB57,114.037102,22.5273,1402
粤B2BB57,114.037102,22.5273,1404
粤B2BB57,114.037102,22.5273,1405
粤B2BB57,114.037102,22.5273,1405
粤B2BB57,114.037102,22.5273,1405
粤B2BB57,114.037102,22.5273,1406
粤B2BB57,114.037102,22.5273,1410
粤B2BB57,114.037102,22.5273,1410
粤B2BB57,114.037102,22.5273,1411
粤B2BB57,114.037102,22.5273,1411
粤B2BB57,114.037102,22.5273,1414
粤B2BB57,114.037102,22.5273,1414
粤B2BB57,114.037102,22.5273,1417
粤B2BB57,114.037102,22.5273,1417
粤B2BB57,114.037102,22.5273,1419
粤B2BB57,114.037102,22.5273,1421
粤B2BB57,114.037102,22.5273,1423
粤B2BB57,114.037102,22.5273,1425
粤B2BB57,114.037102,22.5273,1426
粤B2BB57,114.037102,22.5273,1426
粤B2BB57,114.037102,22.5273,1429
粤B2BB57,114.037102,22.5273,1431
粤B2BB57,114.037102,22.5273,1432
粤B2BB57,114.037102,22.5273,1432
粤B2BB57,114.037102,22.5273,1432
粤B2BB57,114.037102,22.5273,1433
粤B2BB57,114.037102,22.5273,1434
