粤BJ42G7,114.061852,22.629868,12
粤BJ42G7,114.061852,22.629868,23
粤BJ42G7,114.061852,22.629868,33
粤BJ42G7,114.061852,22.629868,44
粤BJ42G7,114.061852,22.629868,55
粤BJ42G7,114.061852,22.629868,65
粤BJ42G7,114.061852,22.629868,76
粤BJ42G7,114.061852,22.629868,86
粤BJ42G7,114.061852,22.629868,97
粤BJ42G7,114.061852,22.629868,107
粤BJ42G7,114.061852,22.629868,118
粤BJ42G7,114.061852,22.629868,129
粤BJ42G7,114.061852,22.629868,139
粤BJ42G7,114.061852,22.629868,150
粤BJ42G7,114.061852,22.629868,160
粤BJ42G7,114.061852,22.629868,171
粤BJ42G7,114.061852,22.629868,193
粤BJ42G7,114.061852,22.629868,203
粤BJ42G7,114.061852,22.629868,214
粤BJ42G7,114.061852,22.629868,225
粤BJ42G7,114.061852,22.629868,235
粤BJ42G7,114.061852,22.629868,246
粤BJ42G7,114.061852,22.629868,256
粤BJ42G7,114.061852,22.629868,267
粤BJ42G7,114.061852,22.629868,277
粤BJ42G7,114.061852,22.629868,288
粤BJ42G7,114.061852,22.629868,299
粤BJ42G7,114.061852,22.629868,309
粤BJ42G7,114.061852,22.629868,320
粤BJ42G7,114.061852,22.629868,330
粤BJ42G7,114.061852,22.629868,341
粤BJ42G7,114.061852,22.629868,352
粤BJ42G7,114.061852,22.629868,362
粤BJ42G7,114.061852,22.629868,373
粤BJ42G7,114.061852,22.629868,383
粤BJ42G7,114.061852,22.629868,394
粤BJ42G7,114.061852,22.629868,404
粤BJ42G7,114.061852,22.629868,415
粤BJ42G7,114.061852,22.629868,426
粤BJ42G7,114.061852,22.629868,436
粤BJ42G7,114.061852,22.629868,447
粤BJ42G7,114.061852,22.629868,457
粤BJ42G7,114.061852,22.629868,468
粤BJ42G7,114.061852,22.629868,479
粤BJ42G7,114.061852,22.629868,489
粤BJ42G7,114.061852,22.629868,500
粤BJ42G7,114.061852,22.629868,510
粤BJ42G7,114.061852,22.629868,521
粤BJ42G7,114.061852,22.629868,531
粤BJ42G7,114.061852,22.629868,553
粤BJ42G7,114.061852,22.629868,563
粤BJ42G7,114.061852,22.629868,574
粤BJ42G7,114.061852,22.629868,584
粤BJ42G7,114.061852,22.629868,595
粤BJ42G7,114.061852,22.629868,606
粤BJ42G7,114.061852,22.629868,616
粤BJ42G7,114.061852,22.629868,627
粤BJ42G7,114.061852,22.629868,637
粤BJ42G7,114.061852,22.629868,648
粤BJ42G7,114.061852,22.629868,658
粤BJ42G7,114.061852,22.629868,669
粤BJ42G7,114.061852,22.629868,680
粤BJ42G7,114.061852,22.629868,690
粤BJ42G7,114.061852,22.629868,701
粤BJ42G7,114.061852,22.629868,711
粤BJ42G7,114.061852,22.629868,722
粤BJ42G7,114.061852,22.629868,733
粤BJ42G7,114.061852,22.629868,743
粤BJ42G7,114.061852,22.629868,754
粤BJ42G7,114.061852,22.629868,764
粤BJ42G7,114.061852,22.629868,775
粤BJ42G7,114.061852,22.629868,785
粤BJ42G7,114.061852,22.629868,796
粤BJ42G7,114.061852,22.629868,807
粤BJ42G7,114.061852,22.629868,817
粤BJ42G7,114.061852,22.629868,828
粤BJ42G7,114.019333,22.671783,847
粤BJ42G7,114.019302,22.671967,847
粤BJ42G7,114.019318,22.671383,848
粤BJ42G7,114.018898,22.672649,860
粤BJ42G7,114.018898,22.671516,884
粤BJ42G7,114.018898,22.671516,884
粤BJ42G7,114.01873,22.671568,885
粤BJ42G7,114.018715,22.671551,885
粤BJ42G7,114.01873,22.671568,885
粤BJ42G7,114.019119,22.671368,893
粤BJ42G7,114.019119,22.671368,893
粤BJ42G7,114.019165,22.671534,917
粤BJ42G7,114.019218,22.671267,976
粤BJ42G7,114.019218,22.671267,976
粤BJ42G7,114.019218,22.671267,977
粤BJ42G7,114.019218,22.671267,977
粤BJ42G7,114.019218,22.671267,977
粤BJ42G7,114.019218,22.671267,977
粤BJ42G7,114.019218,22.671267,978
粤BJ42G7,114.019218,22.671267,978
粤BJ42G7,114.019051,22.671183,984
粤BJ42G7,114.019051,22.671183,984
粤BJ42G7,114.019051,22.671183,985
粤BJ42G7,114.01918,22.67135,985
粤BJ42G7,114.019051,22.671183,985
粤BJ42G7,114.01918,22.67135,985
粤BJ42G7,114.01918,22.67135,996
粤BJ42G7,114.019249,22.671568,999
粤BJ42G7,114.019485,22.671333,1000
粤BJ42G7,114.019485,22.671333,1010
粤BJ42G7,114.019333,22.671432,1013
粤BJ42G7,114.019333,22.671432,1013
粤BJ42G7,114.019333,22.671432,1014
粤BJ42G7,114.019218,22.671432,1019
粤BJ42G7,114.018883,22.6716,1019
粤BJ42G7,114.019218,22.671432,1019
粤BJ42G7,114.019218,22.671432,1020
粤BJ42G7,114.019218,22.671432,1020
粤BJ42G7,114.019264,22.67145,1028
粤BJ42G7,114.019218,22.6716,1028
粤BJ42G7,114.019165,22.671551,1028
粤BJ42G7,114.019348,22.671717,1028
粤BJ42G7,114.019165,22.671534,1031
粤BJ42G7,114.01947,22.671568,1031
粤BJ42G7,114.022469,22.673834,1034
粤BJ42G7,114.023666,22.673166,1034
粤BJ42G7,114.02343,22.673582,1034
粤BJ42G7,114.024635,22.67255,1035
粤BJ42G7,114.024071,22.672483,1035
粤BJ42G7,114.024582,22.672382,1035
粤BJ42G7,114.02433,22.672533,1035
粤BJ42G7,114.024536,22.672251,1036
粤BJ42G7,114.024582,22.672382,1036
粤BJ42G7,114.024536,22.672251,1036
粤BJ42G7,114.024536,22.672251,1036
粤BJ42G7,114.02475,22.672449,1037
粤BJ42G7,114.02475,22.672449,1037
粤BJ42G7,114.02475,22.672449,1037
粤BJ42G7,114.02475,22.672449,1037
粤BJ42G7,114.02523,22.672283,1038
粤BJ42G7,114.02507,22.672167,1038
粤BJ42G7,114.02475,22.672449,1038
粤BJ42G7,114.025047,22.672466,1038
粤BJ42G7,114.024719,22.672283,1039
粤BJ42G7,114.024719,22.672283,1039
粤BJ42G7,114.024719,22.672283,1039
粤BJ42G7,114.024719,22.6723,1039
粤BJ42G7,114.024719,22.672283,1040
粤BJ42G7,114.024719,22.672283,1040
粤BJ42G7,114.024719,22.672283,1040
粤BJ42G7,114.024719,22.672283,1040
粤BJ42G7,114.024963,22.672132,1041
粤BJ42G7,114.025269,22.672132,1041
粤BJ42G7,114.025002,22.672501,1041
粤BJ42G7,114.024734,22.672216,1041
粤BJ42G7,114.024986,22.672533,1042
粤BJ42G7,114.024986,22.672533,1042
粤BJ42G7,114.024986,22.672533,1042
粤BJ42G7,114.024986,22.672533,1042
粤BJ42G7,114.025017,22.672449,1043
粤BJ42G7,114.025017,22.672449,1043
粤BJ42G7,114.025017,22.672449,1043
粤BJ42G7,114.025017,22.672449,1043
粤BJ42G7,114.025017,22.672449,1044
粤BJ42G7,114.025017,22.672449,1044
粤BJ42G7,114.025017,22.672449,1044
粤BJ42G7,114.025017,22.672449,1044
粤BJ42G7,114.025017,22.672449,1045
粤BJ42G7,114.025017,22.672449,1045
粤BJ42G7,114.025017,22.672449,1045
粤BJ42G7,114.025017,22.672449,1045
粤BJ42G7,114.025017,22.672449,1046
粤BJ42G7,114.025017,22.672449,1046
粤BJ42G7,114.025017,22.672449,1046
粤BJ42G7,114.025017,22.672449,1046
粤BJ42G7,114.025017,22.672449,1047
粤BJ42G7,114.025017,22.672449,1047
粤BJ42G7,114.025017,22.672449,1047
粤BJ42G7,114.025017,22.672449,1047
粤BJ42G7,114.025017,22.672449,1048
粤BJ42G7,114.025017,22.672449,1048
粤BJ42G7,114.025017,22.672449,1048
粤BJ42G7,114.025017,22.672449,1048
粤BJ42G7,114.025017,22.672449,1049
粤BJ42G7,114.025017,22.672449,1049
粤BJ42G7,114.025017,22.672449,1049
粤BJ42G7,114.025017,22.672449,1049
粤BJ42G7,114.025017,22.672449,1050
粤BJ42G7,114.025017,22.672449,1050
粤BJ42G7,114.025017,22.672449,1050
粤BJ42G7,114.025017,22.672449,1050
粤BJ42G7,114.025017,22.672449,1051
粤BJ42G7,114.025017,22.672449,1051
粤BJ42G7,114.025017,22.672449,1051
粤BJ42G7,114.025017,22.672449,1051
粤BJ42G7,114.025017,22.672449,1052
粤BJ42G7,114.025017,22.672449,1052
粤BJ42G7,114.025017,22.672449,1052
粤BJ42G7,114.025017,22.672449,1052
粤BJ42G7,114.025017,22.672449,1053
粤BJ42G7,114.025017,22.672449,1053
粤BJ42G7,114.025017,22.672449,1053
粤BJ42G7,114.025017,22.672449,1053
粤BJ42G7,114.025017,22.672449,1054
粤BJ42G7,114.025017,22.672449,1054
粤BJ42G7,114.025017,22.672449,1054
粤BJ42G7,114.025017,22.672449,1054
粤BJ42G7,114.025017,22.672449,1055
粤BJ42G7,114.025017,22.672449,1055
粤BJ42G7,114.025017,22.672449,1055
粤BJ42G7,114.025017,22.672449,1055
粤BJ42G7,114.025017,22.672449,1056
粤BJ42G7,114.025017,22.672449,1056
粤BJ42G7,114.025017,22.672449,1056
粤BJ42G7,114.025017,22.672449,1056
粤BJ42G7,114.024353,22.6726,1057
粤BJ42G7,114.024582,22.672617,1057
粤BJ42G7,114.023849,22.673134,1057
粤BJ42G7,114.025017,22.672449,1057
粤BJ42G7,114.021782,22.673018,1058
粤BJ42G7,114.022331,22.67345,1058
粤BJ42G7,114.023331,22.674049,1058
粤BJ42G7,114.02282,22.673849,1058
粤BJ42G7,114.020699,22.672283,1059
粤BJ42G7,114.015884,22.669268,1061
粤BJ42G7,114.015434,22.66905,1061
粤BJ42G7,114.015297,22.668983,1061
粤BJ42G7,114.015884,22.669268,1061
粤BJ42G7,114.014236,22.669733,1062
粤BJ42G7,114.0131,22.671301,1062
粤BJ42G7,114.01358,22.670633,1062
粤BJ42G7,114.01487,22.6688,1062
粤BJ42G7,114.011284,22.6737,1063
粤BJ42G7,114.012115,22.672483,1063
粤BJ42G7,114.011818,22.673,1063
粤BJ42G7,114.012566,22.672016,1063
粤BJ42G7,114.009804,22.674351,1064
粤BJ42G7,114.010651,22.673983,1064
粤BJ42G7,114.008331,22.676634,1066
粤BJ42G7,114.008347,22.6766,1066
粤BJ42G7,114.008331,22.676634,1066
粤BJ42G7,114.008331,22.676617,1067
粤BJ42G7,114.008331,22.676617,1067
粤BJ42G7,114.008331,22.676617,1067
粤BJ42G7,114.008331,22.676617,1067
粤BJ42G7,114.008331,22.676617,1068
粤BJ42G7,114.008331,22.676617,1068
粤BJ42G7,114.008331,22.676617,1068
粤BJ42G7,114.008331,22.676617,1068
粤BJ42G7,114.008331,22.676617,1069
粤BJ42G7,114.008331,22.676617,1069
粤BJ42G7,114.008331,22.676617,1069
粤BJ42G7,114.008331,22.676617,1069
粤BJ42G7,114.008331,22.676617,1070
粤BJ42G7,114.008331,22.676617,1070
粤BJ42G7,114.008331,22.676617,1070
粤BJ42G7,114.008331,22.676617,1070
粤BJ42G7,114.008331,22.676617,1071
粤BJ42G7,114.008331,22.676617,1071
粤BJ42G7,114.008331,22.676617,1071
粤BJ42G7,114.008331,22.676617,1071
粤BJ42G7,114.008331,22.676617,1072
粤BJ42G7,114.008331,22.676617,1072
粤BJ42G7,114.008331,22.676617,1072
粤BJ42G7,114.008331,22.676617,1072
粤BJ42G7,114.008331,22.676617,1073
粤BJ42G7,114.008331,22.676617,1073
粤BJ42G7,114.008331,22.676617,1073
粤BJ42G7,114.008331,22.676617,1073
粤BJ42G7,114.008331,22.676617,1074
粤BJ42G7,114.008331,22.676617,1074
粤BJ42G7,114.008331,22.676617,1074
粤BJ42G7,114.008331,22.676617,1074
粤BJ42G7,114.008331,22.676617,1075
粤BJ42G7,114.008331,22.676617,1075
粤BJ42G7,114.008331,22.676617,1075
粤BJ42G7,114.008331,22.676617,1075
粤BJ42G7,114.008331,22.676617,1076
粤BJ42G7,114.008331,22.676617,1076
粤BJ42G7,114.008331,22.676617,1076
粤BJ42G7,114.008331,22.676617,1076
粤BJ42G7,114.008331,22.676617,1077
粤BJ42G7,114.008331,22.676617,1077
粤BJ42G7,114.008331,22.676617,1077
粤BJ42G7,114.008331,22.676617,1077
粤BJ42G7,114.008331,22.676617,1078
粤BJ42G7,114.008331,22.676617,1078
粤BJ42G7,114.008331,22.676617,1078
粤BJ42G7,114.008331,22.676617,1078
粤BJ42G7,114.008331,22.676617,1079
粤BJ42G7,114.008331,22.676617,1079
粤BJ42G7,114.008331,22.676617,1079
粤BJ42G7,114.008331,22.676617,1079
粤BJ42G7,114.008331,22.676617,1080
粤BJ42G7,114.008331,22.676617,1080
粤BJ42G7,114.008331,22.676617,1080
粤BJ42G7,114.008331,22.676617,1080
粤BJ42G7,114.008331,22.676617,1081
粤BJ42G7,114.008331,22.676617,1081
粤BJ42G7,114.008331,22.676617,1081
粤BJ42G7,114.008331,22.676617,1081
粤BJ42G7,114.008331,22.676617,1082
粤BJ42G7,114.008331,22.676617,1082
粤BJ42G7,114.008331,22.676617,1082
粤BJ42G7,114.008331,22.676617,1082
粤BJ42G7,114.008331,22.676617,1083
粤BJ42G7,114.008331,22.676617,1083
粤BJ42G7,114.008331,22.676617,1083
粤BJ42G7,114.008331,22.676617,1083
粤BJ42G7,114.008331,22.676617,1084
粤BJ42G7,114.008331,22.676617,1084
粤BJ42G7,114.008331,22.676617,1084
粤BJ42G7,114.008331,22.676617,1084
粤BJ42G7,114.008331,22.676617,1085
粤BJ42G7,114.008331,22.676617,1085
粤BJ42G7,114.008331,22.676617,1085
粤BJ42G7,114.008331,22.676617,1085
粤BJ42G7,114.008331,22.676617,1086
粤BJ42G7,114.008331,22.676617,1086
粤BJ42G7,114.008331,22.676617,1086
粤BJ42G7,114.008331,22.676617,1086
粤BJ42G7,114.008331,22.676617,1087
粤BJ42G7,114.008331,22.676617,1087
粤BJ42G7,114.008331,22.676617,1087
粤BJ42G7,114.008331,22.676617,1087
粤BJ42G7,114.008331,22.676617,1088
粤BJ42G7,114.008331,22.676617,1088
粤BJ42G7,114.008331,22.676617,1088
粤BJ42G7,114.008331,22.676617,1088
粤BJ42G7,114.008331,22.676617,1089
粤BJ42G7,114.008331,22.676617,1089
粤BJ42G7,114.008331,22.676617,1089
粤BJ42G7,114.008331,22.676617,1089
粤BJ42G7,114.008331,22.676617,1090
粤BJ42G7,114.008331,22.676617,1090
粤BJ42G7,114.008331,22.676617,1090
粤BJ42G7,114.008331,22.676617,1090
粤BJ42G7,114.008331,22.676617,1091
粤BJ42G7,114.008331,22.676617,1091
粤BJ42G7,114.008331,22.676617,1091
粤BJ42G7,114.008331,22.676617,1091
粤BJ42G7,114.008331,22.676617,1092
粤BJ42G7,114.008331,22.676617,1092
粤BJ42G7,114.008331,22.676617,1092
粤BJ42G7,114.008331,22.676617,1092
粤BJ42G7,114.008331,22.676617,1093
粤BJ42G7,114.008331,22.676617,1093
粤BJ42G7,114.008331,22.676617,1093
粤BJ42G7,114.008331,22.676617,1093
粤BJ42G7,114.008331,22.676617,1094
粤BJ42G7,114.008331,22.676617,1094
粤BJ42G7,114.008331,22.676617,1094
粤BJ42G7,114.008331,22.676617,1094
粤BJ42G7,114.008331,22.676617,1095
粤BJ42G7,114.008331,22.676617,1095
粤BJ42G7,114.008331,22.676617,1095
粤BJ42G7,114.008331,22.676617,1095
粤BJ42G7,114.008331,22.676617,1096
粤BJ42G7,114.008331,22.676617,1096
粤BJ42G7,114.008331,22.676617,1096
粤BJ42G7,114.008331,22.676617,1096
粤BJ42G7,114.008331,22.676617,1097
粤BJ42G7,114.008331,22.676617,1097
粤BJ42G7,114.008331,22.676617,1097
粤BJ42G7,114.008331,22.676617,1097
粤BJ42G7,114.008331,22.676617,1098
粤BJ42G7,114.008331,22.676617,1098
粤BJ42G7,114.008331,22.676617,1098
粤BJ42G7,114.008331,22.676617,1098
粤BJ42G7,114.008331,22.676617,1099
粤BJ42G7,114.008331,22.676617,1099
粤BJ42G7,114.008331,22.676617,1099
粤BJ42G7,114.008331,22.676617,1099
粤BJ42G7,114.008331,22.676617,1100
粤BJ42G7,114.008331,22.676617,1100
粤BJ42G7,114.008331,22.676617,1100
粤BJ42G7,114.008331,22.676617,1100
粤BJ42G7,114.008331,22.676617,1101
粤BJ42G7,114.008331,22.676617,1101
粤BJ42G7,114.008331,22.676617,1101
粤BJ42G7,114.008331,22.676617,1101
粤BJ42G7,114.008331,22.676617,1102
粤BJ42G7,114.008331,22.676617,1102
粤BJ42G7,114.008331,22.676617,1102
粤BJ42G7,114.008331,22.676617,1102
粤BJ42G7,114.008331,22.676617,1103
粤BJ42G7,114.008331,22.676617,1103
粤BJ42G7,114.008331,22.676617,1103
粤BJ42G7,114.008331,22.676617,1103
粤BJ42G7,114.008331,22.676617,1104
粤BJ42G7,114.008331,22.676617,1104
粤BJ42G7,114.008331,22.676617,1104
粤BJ42G7,114.008331,22.676617,1104
粤BJ42G7,114.008331,22.676617,1105
粤BJ42G7,114.008331,22.676617,1107
粤BJ42G7,114.008331,22.676617,1107
粤BJ42G7,114.008331,22.676617,1107
粤BJ42G7,114.008331,22.676617,1107
粤BJ42G7,114.008331,22.676617,1107
粤BJ42G7,114.008331,22.676617,1108
粤BJ42G7,114.008331,22.676617,1108
粤BJ42G7,114.008331,22.676617,1108
粤BJ42G7,114.008331,22.676617,1108
粤BJ42G7,114.008331,22.676617,1109
粤BJ42G7,114.008331,22.676617,1109
粤BJ42G7,114.008331,22.676617,1109
粤BJ42G7,114.008331,22.676617,1109
粤BJ42G7,114.008331,22.676617,1112
粤BJ42G7,114.008331,22.676617,1112
粤BJ42G7,114.008331,22.676617,1112
粤BJ42G7,114.008331,22.676617,1112
粤BJ42G7,114.008331,22.676617,1112
粤BJ42G7,114.008331,22.676617,1113
粤BJ42G7,114.008331,22.676617,1113
粤BJ42G7,114.008331,22.676617,1113
粤BJ42G7,114.008331,22.676617,1113
粤BJ42G7,114.008331,22.676617,1114
粤BJ42G7,114.008331,22.676617,1114
粤BJ42G7,114.008331,22.676617,1114
粤BJ42G7,114.008331,22.676617,1114
粤BJ42G7,114.008331,22.676617,1115
粤BJ42G7,114.008331,22.676617,1115
粤BJ42G7,114.008331,22.676617,1115
粤BJ42G7,114.008331,22.676617,1115
粤BJ42G7,114.008331,22.676617,1116
粤BJ42G7,114.008331,22.676617,1118
粤BJ42G7,114.008331,22.676617,1118
粤BJ42G7,114.008331,22.676617,1118
粤BJ42G7,114.008331,22.676617,1118
粤BJ42G7,114.008331,22.676617,1119
粤BJ42G7,114.008331,22.676617,1119
粤BJ42G7,114.008331,22.676617,1119
粤BJ42G7,114.008331,22.676617,1119
粤BJ42G7,114.008331,22.676617,1120
粤BJ42G7,114.008331,22.676617,1120
粤BJ42G7,114.008331,22.676617,1120
粤BJ42G7,114.008331,22.676617,1120
粤BJ42G7,114.008331,22.676617,1121
粤BJ42G7,114.008331,22.676617,1121
粤BJ42G7,114.008331,22.676617,1121
粤BJ42G7,114.008331,22.676617,1121
粤BJ42G7,114.008331,22.676617,1122
粤BJ42G7,114.008331,22.676617,1122
粤BJ42G7,114.008331,22.676617,1122
粤BJ42G7,114.008331,22.676617,1122
粤BJ42G7,114.008331,22.676617,1123
粤BJ42G7,114.008331,22.676617,1123
粤BJ42G7,114.008331,22.676617,1123
粤BJ42G7,114.008331,22.676617,1123
粤BJ42G7,114.008331,22.676617,1124
粤BJ42G7,114.008331,22.676617,1124
粤BJ42G7,114.008331,22.676617,1124
粤BJ42G7,114.008331,22.676617,1124
粤BJ42G7,114.008331,22.676617,1125
粤BJ42G7,114.008331,22.676617,1125
粤BJ42G7,114.008331,22.676617,1125
粤BJ42G7,114.008331,22.676617,1125
粤BJ42G7,114.008331,22.676617,1126
粤BJ42G7,114.008331,22.676617,1126
粤BJ42G7,114.008331,22.676617,1126
粤BJ42G7,114.008331,22.676617,1126
粤BJ42G7,114.008331,22.676617,1127
粤BJ42G7,114.008331,22.676617,1127
粤BJ42G7,114.008331,22.676617,1127
粤BJ42G7,114.008331,22.676617,1127
粤BJ42G7,114.008331,22.676617,1128
粤BJ42G7,114.008331,22.676617,1128
粤BJ42G7,114.008331,22.676617,1128
粤BJ42G7,114.008331,22.676617,1128
粤BJ42G7,114.008331,22.676617,1129
粤BJ42G7,114.008331,22.676617,1129
粤BJ42G7,114.008331,22.676617,1129
粤BJ42G7,114.008331,22.676617,1129
粤BJ42G7,114.008331,22.676617,1130
粤BJ42G7,114.008331,22.676617,1130
粤BJ42G7,114.008331,22.676617,1130
粤BJ42G7,114.008331,22.676617,1130
粤BJ42G7,114.008331,22.676617,1132
粤BJ42G7,114.008331,22.676617,1132
粤BJ42G7,114.008331,22.676617,1135
粤BJ42G7,114.008331,22.676617,1135
粤BJ42G7,114.008331,22.676617,1135
粤BJ42G7,114.008331,22.676617,1135
粤BJ42G7,114.008331,22.676617,1136
粤BJ42G7,114.008331,22.676617,1136
粤BJ42G7,114.008331,22.676617,1136
粤BJ42G7,114.008331,22.676617,1136
粤BJ42G7,114.008331,22.676617,1137
粤BJ42G7,114.008331,22.676617,1137
粤BJ42G7,114.008331,22.676617,1137
粤BJ42G7,114.008331,22.676617,1144
粤BJ42G7,114.008331,22.676617,1144
粤BJ42G7,114.008331,22.676617,1144
粤BJ42G7,114.008331,22.676617,1145
粤BJ42G7,114.008331,22.676617,1145
粤BJ42G7,114.008331,22.676617,1146
粤BJ42G7,114.008331,22.676617,1146
粤BJ42G7,114.008331,22.676617,1146
粤BJ42G7,114.008331,22.676617,1146
粤BJ42G7,114.008331,22.676617,1147
粤BJ42G7,114.008331,22.676617,1147
粤BJ42G7,114.008331,22.676617,1147
粤BJ42G7,114.008331,22.676617,1147
粤BJ42G7,114.008331,22.676617,1148
粤BJ42G7,114.008331,22.676617,1148
粤BJ42G7,114.008331,22.676617,1148
粤BJ42G7,114.008331,22.676617,1148
粤BJ42G7,114.008331,22.676617,1149
粤BJ42G7,114.008331,22.676617,1149
粤BJ42G7,114.008331,22.676617,1149
粤BJ42G7,114.008331,22.676617,1149
粤BJ42G7,114.008331,22.676617,1150
粤BJ42G7,114.008331,22.676617,1150
粤BJ42G7,114.008331,22.676617,1150
粤BJ42G7,114.008331,22.676617,1150
粤BJ42G7,114.008331,22.676617,1151
粤BJ42G7,114.008331,22.676617,1151
粤BJ42G7,114.008331,22.676617,1151
粤BJ42G7,114.008331,22.676617,1151
粤BJ42G7,114.008331,22.676617,1153
粤BJ42G7,114.008331,22.676617,1153
粤BJ42G7,114.008331,22.676617,1154
粤BJ42G7,114.008331,22.676617,1154
粤BJ42G7,114.008331,22.676617,1154
粤BJ42G7,114.008331,22.676617,1154
粤BJ42G7,114.008331,22.676617,1155
粤BJ42G7,114.008331,22.676617,1155
粤BJ42G7,114.008331,22.676617,1155
粤BJ42G7,114.008331,22.676617,1155
粤BJ42G7,114.008331,22.676617,1156
粤BJ42G7,114.008331,22.676617,1156
粤BJ42G7,114.008331,22.676617,1156
粤BJ42G7,114.008331,22.676617,1156
粤BJ42G7,114.008331,22.676617,1157
粤BJ42G7,114.008331,22.676617,1157
粤BJ42G7,114.008331,22.676617,1157
粤BJ42G7,114.008331,22.676617,1157
粤BJ42G7,114.008331,22.676617,1158
粤BJ42G7,114.008331,22.676617,1158
粤BJ42G7,114.008331,22.676617,1158
粤BJ42G7,114.008331,22.676617,1158
粤BJ42G7,114.008331,22.676617,1159
粤BJ42G7,114.008331,22.676617,1159
粤BJ42G7,114.008331,22.676617,1159
粤BJ42G7,114.008331,22.676617,1159
粤BJ42G7,114.008331,22.676617,1160
粤BJ42G7,114.008331,22.676617,1160
粤BJ42G7,114.008331,22.676617,1160
粤BJ42G7,114.008331,22.676617,1160
粤BJ42G7,114.008331,22.676617,1161
粤BJ42G7,114.008331,22.676617,1161
粤BJ42G7,114.008331,22.676617,1161
粤BJ42G7,114.008331,22.676617,1161
粤BJ42G7,114.008331,22.676617,1162
粤BJ42G7,114.008331,22.676617,1162
粤BJ42G7,114.008331,22.676617,1162
粤BJ42G7,114.008331,22.676617,1162
粤BJ42G7,114.008331,22.676617,1163
粤BJ42G7,114.008331,22.676617,1163
粤BJ42G7,114.008331,22.676617,1163
粤BJ42G7,114.008331,22.676617,1163
粤BJ42G7,114.008331,22.676617,1164
粤BJ42G7,114.008331,22.676617,1164
粤BJ42G7,114.008331,22.676617,1164
粤BJ42G7,114.008331,22.676617,1164
粤BJ42G7,114.008331,22.676617,1165
粤BJ42G7,114.008331,22.676617,1165
粤BJ42G7,114.008331,22.676617,1165
粤BJ42G7,114.008331,22.676617,1165
粤BJ42G7,114.008331,22.676617,1166
粤BJ42G7,114.008331,22.676617,1166
粤BJ42G7,114.008331,22.676617,1166
粤BJ42G7,114.008331,22.676617,1166
粤BJ42G7,114.008331,22.676617,1167
粤BJ42G7,114.008331,22.676617,1167
粤BJ42G7,114.008331,22.676617,1167
粤BJ42G7,114.008331,22.676617,1167
粤BJ42G7,114.008331,22.676617,1168
粤BJ42G7,114.008331,22.676617,1168
粤BJ42G7,114.008331,22.676617,1168
粤BJ42G7,114.008331,22.676617,1168
粤BJ42G7,114.008331,22.676617,1169
粤BJ42G7,114.008331,22.676617,1169
粤BJ42G7,114.008331,22.676617,1169
粤BJ42G7,114.008331,22.676617,1169
粤BJ42G7,114.008331,22.676617,1170
粤BJ42G7,114.008331,22.676617,1170
粤BJ42G7,114.008331,22.676617,1170
粤BJ42G7,114.008331,22.676617,1170
粤BJ42G7,114.008331,22.676617,1171
粤BJ42G7,114.008331,22.676617,1171
粤BJ42G7,114.008331,22.676617,1171
粤BJ42G7,114.008331,22.676617,1171
粤BJ42G7,114.008331,22.676617,1172
粤BJ42G7,114.008331,22.676617,1172
粤BJ42G7,114.008331,22.676617,1172
粤BJ42G7,114.008331,22.676617,1172
粤BJ42G7,114.008331,22.676617,1173
粤BJ42G7,114.008331,22.676617,1173
粤BJ42G7,114.008331,22.676617,1173
粤BJ42G7,114.008331,22.676617,1173
粤BJ42G7,114.008331,22.676617,1174
粤BJ42G7,114.008331,22.676617,1174
粤BJ42G7,114.008331,22.676617,1174
粤BJ42G7,114.008331,22.676617,1174
粤BJ42G7,114.008331,22.676617,1175
粤BJ42G7,114.008331,22.676617,1175
粤BJ42G7,114.008331,22.676617,1175
粤BJ42G7,114.008331,22.676617,1175
粤BJ42G7,114.008331,22.676617,1176
粤BJ42G7,114.008331,22.676617,1176
粤BJ42G7,114.008331,22.676617,1176
粤BJ42G7,114.008331,22.676617,1176
粤BJ42G7,114.008331,22.676617,1177
粤BJ42G7,114.008331,22.676617,1177
粤BJ42G7,114.008331,22.676617,1177
粤BJ42G7,114.008331,22.676617,1177
粤BJ42G7,114.008331,22.676617,1178
粤BJ42G7,114.008331,22.676617,1178
粤BJ42G7,114.008331,22.676617,1178
粤BJ42G7,114.008331,22.676617,1178
粤BJ42G7,114.008331,22.676617,1179
粤BJ42G7,114.008331,22.676617,1179
粤BJ42G7,114.008331,22.676617,1179
粤BJ42G7,114.008331,22.676617,1179
粤BJ42G7,114.008331,22.676617,1180
粤BJ42G7,114.008331,22.676617,1180
粤BJ42G7,114.008331,22.676617,1180
粤BJ42G7,114.008331,22.676617,1180
粤BJ42G7,114.008331,22.676617,1181
粤BJ42G7,114.008331,22.676617,1181
粤BJ42G7,114.008331,22.676617,1181
粤BJ42G7,114.008331,22.676617,1181
粤BJ42G7,114.008331,22.676617,1182
粤BJ42G7,114.008331,22.676617,1182
粤BJ42G7,114.008331,22.676617,1182
粤BJ42G7,114.008331,22.676617,1182
粤BJ42G7,114.008331,22.676617,1183
粤BJ42G7,114.008331,22.676617,1183
粤BJ42G7,114.008331,22.676617,1183
粤BJ42G7,114.008331,22.676617,1183
粤BJ42G7,114.008331,22.676617,1184
粤BJ42G7,114.008331,22.676617,1184
粤BJ42G7,114.008331,22.676617,1184
粤BJ42G7,114.008331,22.676617,1184
粤BJ42G7,114.008331,22.676617,1185
粤BJ42G7,114.008331,22.676617,1185
粤BJ42G7,114.008331,22.676617,1185
粤BJ42G7,114.008331,22.676617,1185
粤BJ42G7,114.008331,22.676617,1186
粤BJ42G7,114.008331,22.676617,1186
粤BJ42G7,114.008331,22.676617,1186
粤BJ42G7,114.008331,22.676617,1186
粤BJ42G7,114.008331,22.676617,1187
粤BJ42G7,114.008331,22.676617,1187
粤BJ42G7,114.008331,22.676617,1187
粤BJ42G7,114.008331,22.676617,1187
粤BJ42G7,114.008331,22.676617,1188
粤BJ42G7,114.008331,22.676617,1188
粤BJ42G7,114.008331,22.676617,1188
粤BJ42G7,114.008331,22.676617,1188
粤BJ42G7,114.008331,22.676617,1189
粤BJ42G7,114.008331,22.676617,1189
粤BJ42G7,114.008331,22.676617,1189
粤BJ42G7,114.008331,22.676617,1189
粤BJ42G7,114.008331,22.676617,1190
粤BJ42G7,114.008331,22.676617,1190
粤BJ42G7,114.008331,22.676617,1190
粤BJ42G7,114.008331,22.676617,1190
粤BJ42G7,114.008331,22.676617,1191
粤BJ42G7,114.008331,22.676617,1191
粤BJ42G7,114.008331,22.676617,1191
粤BJ42G7,114.008331,22.676617,1191
粤BJ42G7,114.008331,22.676617,1192
粤BJ42G7,114.008331,22.676617,1192
粤BJ42G7,114.008331,22.676617,1192
粤BJ42G7,114.008331,22.676617,1192
粤BJ42G7,114.008331,22.676617,1193
粤BJ42G7,114.008331,22.676617,1193
粤BJ42G7,114.008331,22.676617,1193
粤BJ42G7,114.008331,22.676617,1193
粤BJ42G7,114.008331,22.676617,1194
粤BJ42G7,114.008331,22.676617,1194
粤BJ42G7,114.008331,22.676617,1194
粤BJ42G7,114.008331,22.676617,1194
粤BJ42G7,114.008331,22.676617,1195
粤BJ42G7,114.008331,22.676617,1195
粤BJ42G7,114.008331,22.676617,1195
粤BJ42G7,114.008331,22.676617,1195
粤BJ42G7,114.008331,22.676617,1196
粤BJ42G7,114.008331,22.676617,1196
粤BJ42G7,114.008331,22.676617,1196
粤BJ42G7,114.008331,22.676617,1196
粤BJ42G7,114.008331,22.676617,1197
粤BJ42G7,114.008331,22.676617,1197
粤BJ42G7,114.008331,22.676617,1197
粤BJ42G7,114.008331,22.676617,1197
粤BJ42G7,114.008331,22.676617,1198
粤BJ42G7,114.00827,22.676468,1198
粤BJ42G7,114.008331,22.676617,1198
粤BJ42G7,114.00827,22.676468,1198
粤BJ42G7,114.00827,22.676468,1199
粤BJ42G7,114.00827,22.676468,1199
粤BJ42G7,114.00827,22.676468,1200
粤BJ42G7,114.00827,22.676468,1200
粤BJ42G7,114.00827,22.676468,1200
粤BJ42G7,114.00827,22.676468,1200
粤BJ42G7,114.00827,22.676468,1200
粤BJ42G7,114.010033,22.674168,1201
粤BJ42G7,114.009064,22.6749,1201
粤BJ42G7,114.008049,22.676533,1201
粤BJ42G7,114.008034,22.676033,1201
粤BJ42G7,114.012001,22.672733,1202
粤BJ42G7,114.012718,22.6719,1202
粤BJ42G7,114.011131,22.67355,1202
粤BJ42G7,114.01442,22.6693,1203
粤BJ42G7,114.01442,22.6693,1203
粤BJ42G7,114.01432,22.669518,1203
粤BJ42G7,114.01387,22.6702,1203
粤BJ42G7,114.01442,22.6693,1204
粤BJ42G7,114.01442,22.6693,1204
粤BJ42G7,114.01442,22.6693,1204
粤BJ42G7,114.01442,22.6693,1204
粤BJ42G7,114.016083,22.666718,1205
粤BJ42G7,114.014481,22.669184,1205
粤BJ42G7,114.014999,22.668367,1205
粤BJ42G7,114.015579,22.66745,1205
粤BJ42G7,114.016098,22.666651,1206
粤BJ42G7,114.016098,22.666651,1206
粤BJ42G7,114.016098,22.666651,1206
粤BJ42G7,114.016098,22.666651,1206
粤BJ42G7,114.016098,22.666651,1207
粤BJ42G7,114.016098,22.666651,1207
粤BJ42G7,114.016098,22.666651,1207
粤BJ42G7,114.016098,22.666651,1207
粤BJ42G7,114.01635,22.666082,1208
粤BJ42G7,114.017281,22.664749,1208
粤BJ42G7,114.01815,22.663532,1208
粤BJ42G7,114.016647,22.665733,1208
粤BJ42G7,114.018951,22.662201,1209
粤BJ42G7,114.018753,22.662634,1209
粤BJ42G7,114.018433,22.661934,1209
粤BJ42G7,114.017532,22.661516,1209
粤BJ42G7,114.015198,22.660433,1210
粤BJ42G7,114.015953,22.660816,1210
粤BJ42G7,114.015167,22.660467,1210
粤BJ42G7,114.016716,22.661066,1210
粤BJ42G7,114.016052,22.658216,1211
粤BJ42G7,114.015221,22.659317,1211
粤BJ42G7,114.015671,22.658701,1211
粤BJ42G7,114.014603,22.660151,1211
粤BJ42G7,114.015968,22.65835,1212
粤BJ42G7,114.015968,22.65835,1212
粤BJ42G7,114.015968,22.65835,1212
粤BJ42G7,114.015968,22.65835,1212
粤BJ42G7,114.018379,22.655518,1213
粤BJ42G7,114.017601,22.656401,1213
粤BJ42G7,114.016449,22.657784,1213
粤BJ42G7,114.016853,22.657217,1213
粤BJ42G7,114.016479,22.654383,1214
粤BJ42G7,114.016983,22.654617,1214
粤BJ42G7,114.017967,22.655018,1214
粤BJ42G7,114.016251,22.653933,1214
粤BJ42G7,114.018417,22.6548,1215
粤BJ42G7,114.018417,22.6548,1215
粤BJ42G7,114.016968,22.653784,1215
粤BJ42G7,114.017899,22.65415,1215
粤BJ42G7,114.018417,22.6548,1216
粤BJ42G7,114.018501,22.655083,1216
粤BJ42G7,114.018417,22.6548,1216
粤BJ42G7,114.018417,22.6548,1216
粤BJ42G7,114.018501,22.655083,1217
粤BJ42G7,114.018417,22.655701,1217
粤BJ42G7,114.0168,22.657499,1217
粤BJ42G7,114.01757,22.656633,1217
粤BJ42G7,114.016747,22.657583,1218
粤BJ42G7,114.016747,22.657583,1218
粤BJ42G7,114.016747,22.657583,1218
粤BJ42G7,114.016747,22.657583,1218
粤BJ42G7,114.015648,22.658934,1219
粤BJ42G7,114.016418,22.657984,1219
粤BJ42G7,114.0158,22.658701,1219
粤BJ42G7,114.015953,22.658501,1219
粤BJ42G7,114.015137,22.65955,1220
粤BJ42G7,114.015533,22.65905,1220
粤BJ42G7,114.015137,22.65955,1220
粤BJ42G7,114.015297,22.659367,1220
粤BJ42G7,114.015137,22.65955,1221
粤BJ42G7,114.015137,22.65955,1221
粤BJ42G7,114.015137,22.65955,1221
粤BJ42G7,114.015137,22.65955,1221
粤BJ42G7,114.013153,22.661667,1222
粤BJ42G7,114.013718,22.661083,1222
粤BJ42G7,114.015083,22.659567,1222
粤BJ42G7,114.014549,22.660168,1222
粤BJ42G7,114.011635,22.663733,1223
粤BJ42G7,114.012436,22.662382,1223
粤BJ42G7,114.012802,22.664717,1223
粤BJ42G7,114.012001,22.662849,1223
粤BJ42G7,114.015221,22.665817,1224
粤BJ42G7,114.014099,22.66555,1224
粤BJ42G7,114.015785,22.66605,1224
粤BJ42G7,114.016182,22.666201,1225
粤BJ42G7,114.015785,22.66605,1225
粤BJ42G7,114.017067,22.666317,1225
粤BJ42G7,114.018417,22.666866,1226
粤BJ42G7,114.020584,22.668367,1226
粤BJ42G7,114.019798,22.667749,1226
粤BJ42G7,114.021584,22.669149,1226
粤BJ42G7,114.022835,22.670082,1227
粤BJ42G7,114.023949,22.670851,1227
粤BJ42G7,114.023949,22.670851,1227
粤BJ42G7,114.024132,22.670933,1227
粤BJ42G7,114.0252,22.672068,1228
粤BJ42G7,114.024681,22.671383,1228
粤BJ42G7,114.025253,22.672182,1228
粤BJ42G7,114.024651,22.6719,1228
粤BJ42G7,114.025253,22.672182,1229
粤BJ42G7,114.025253,22.672182,1229
粤BJ42G7,114.025253,22.672182,1229
粤BJ42G7,114.025253,22.672182,1229
粤BJ42G7,114.025253,22.672182,1230
粤BJ42G7,114.025253,22.672182,1230
粤BJ42G7,114.025253,22.672182,1230
粤BJ42G7,114.025253,22.672182,1230
粤BJ42G7,114.025253,22.672182,1231
粤BJ42G7,114.025253,22.672182,1231
粤BJ42G7,114.025253,22.672182,1231
粤BJ42G7,114.025253,22.672182,1231
粤BJ42G7,114.025253,22.672182,1232
粤BJ42G7,114.025253,22.672182,1232
粤BJ42G7,114.025253,22.672182,1232
粤BJ42G7,114.025253,22.672182,1232
粤BJ42G7,114.025253,22.672182,1233
粤BJ42G7,114.025253,22.672182,1233
粤BJ42G7,114.025253,22.672182,1233
粤BJ42G7,114.025253,22.672182,1233
粤BJ42G7,114.025436,22.672434,1234
粤BJ42G7,114.025436,22.672434,1234
粤BJ42G7,114.025436,22.672434,1234
粤BJ42G7,114.025436,22.672434,1234
粤BJ42G7,114.025436,22.672434,1235
粤BJ42G7,114.025436,22.672434,1235
粤BJ42G7,114.025436,22.672434,1235
粤BJ42G7,114.025436,22.672434,1235
粤BJ42G7,114.025436,22.672434,1236
粤BJ42G7,114.025436,22.672434,1236
粤BJ42G7,114.025436,22.672434,1236
粤BJ42G7,114.025436,22.672434,1236
粤BJ42G7,114.025436,22.672434,1237
粤BJ42G7,114.025436,22.672434,1237
粤BJ42G7,114.025436,22.672434,1237
粤BJ42G7,114.025436,22.672434,1237
粤BJ42G7,114.025436,22.672434,1238
粤BJ42G7,114.025436,22.672434,1238
粤BJ42G7,114.025436,22.672434,1238
粤BJ42G7,114.025436,22.672434,1238
粤BJ42G7,114.025436,22.672434,1239
粤BJ42G7,114.025436,22.672434,1239
粤BJ42G7,114.025436,22.672434,1239
粤BJ42G7,114.025436,22.672434,1239
粤BJ42G7,114.025436,22.672434,1240
粤BJ42G7,114.025436,22.672434,1240
粤BJ42G7,114.025436,22.672434,1240
粤BJ42G7,114.025436,22.672434,1240
粤BJ42G7,114.025436,22.672434,1241
粤BJ42G7,114.025436,22.672434,1241
粤BJ42G7,114.025436,22.672434,1241
粤BJ42G7,114.025436,22.672434,1241
粤BJ42G7,114.025436,22.672434,1242
粤BJ42G7,114.025436,22.672434,1242
粤BJ42G7,114.025436,22.672434,1242
粤BJ42G7,114.025436,22.672434,1242
粤BJ42G7,114.025299,22.672117,1243
粤BJ42G7,114.025436,22.672434,1243
粤BJ42G7,114.025299,22.672117,1243
粤BJ42G7,114.025436,22.672434,1243
粤BJ42G7,114.025299,22.672117,1244
粤BJ42G7,114.025299,22.672117,1244
粤BJ42G7,114.025299,22.672117,1244
粤BJ42G7,114.025299,22.672117,1244
粤BJ42G7,114.025299,22.672117,1245
粤BJ42G7,114.025299,22.672117,1245
粤BJ42G7,114.025299,22.672117,1245
粤BJ42G7,114.025299,22.672117,1245
粤BJ42G7,114.025299,22.672117,1246
粤BJ42G7,114.025299,22.672117,1246
粤BJ42G7,114.025299,22.672117,1246
粤BJ42G7,114.025299,22.672117,1246
粤BJ42G7,114.025299,22.672117,1247
粤BJ42G7,114.025299,22.672117,1247
粤BJ42G7,114.025299,22.672117,1247
粤BJ42G7,114.025299,22.672117,1247
粤BJ42G7,114.025299,22.672117,1248
粤BJ42G7,114.025299,22.672117,1248
粤BJ42G7,114.025299,22.672117,1248
粤BJ42G7,114.025299,22.672117,1248
粤BJ42G7,114.025299,22.672117,1249
粤BJ42G7,114.025299,22.672117,1249
粤BJ42G7,114.025299,22.672117,1249
粤BJ42G7,114.025299,22.672117,1249
粤BJ42G7,114.025299,22.672117,1250
粤BJ42G7,114.025299,22.672117,1250
粤BJ42G7,114.025299,22.672117,1250
粤BJ42G7,114.025299,22.672117,1250
粤BJ42G7,114.025299,22.672117,1251
粤BJ42G7,114.025299,22.672117,1251
粤BJ42G7,114.025299,22.672117,1251
粤BJ42G7,114.025299,22.672117,1251
粤BJ42G7,114.025299,22.672117,1252
粤BJ42G7,114.025299,22.672117,1252
粤BJ42G7,114.025299,22.672117,1252
粤BJ42G7,114.025299,22.672117,1252
粤BJ42G7,114.025299,22.672117,1253
粤BJ42G7,114.025299,22.672117,1253
粤BJ42G7,114.025299,22.672117,1253
粤BJ42G7,114.025299,22.672117,1253
粤BJ42G7,114.025299,22.672117,1254
粤BJ42G7,114.025299,22.672117,1254
粤BJ42G7,114.025299,22.672117,1254
粤BJ42G7,114.025299,22.672117,1254
粤BJ42G7,114.025299,22.672117,1255
粤BJ42G7,114.025299,22.672117,1255
粤BJ42G7,114.025299,22.672117,1255
粤BJ42G7,114.025299,22.672117,1255
粤BJ42G7,114.025299,22.672117,1256
粤BJ42G7,114.025299,22.672117,1256
粤BJ42G7,114.025299,22.672117,1256
粤BJ42G7,114.025299,22.672117,1256
粤BJ42G7,114.025299,22.672117,1257
粤BJ42G7,114.025299,22.672117,1257
粤BJ42G7,114.025299,22.672117,1257
粤BJ42G7,114.025299,22.672117,1257
粤BJ42G7,114.025299,22.672117,1258
粤BJ42G7,114.025299,22.672117,1258
粤BJ42G7,114.025299,22.672117,1258
粤BJ42G7,114.025299,22.672117,1258
粤BJ42G7,114.025299,22.672117,1259
粤BJ42G7,114.025299,22.672117,1259
粤BJ42G7,114.025299,22.672117,1259
粤BJ42G7,114.025299,22.672117,1259
粤BJ42G7,114.025299,22.672117,1260
粤BJ42G7,114.025299,22.672117,1260
粤BJ42G7,114.025299,22.672117,1260
粤BJ42G7,114.025299,22.672117,1260
粤BJ42G7,114.025299,22.672117,1261
粤BJ42G7,114.025299,22.672117,1261
粤BJ42G7,114.025299,22.672117,1261
粤BJ42G7,114.025299,22.672117,1261
粤BJ42G7,114.025299,22.672117,1262
粤BJ42G7,114.025299,22.672117,1262
粤BJ42G7,114.025299,22.672117,1263
粤BJ42G7,114.025299,22.672117,1263
粤BJ42G7,114.025299,22.672117,1263
粤BJ42G7,114.025299,22.672117,1263
粤BJ42G7,114.025299,22.672117,1264
粤BJ42G7,114.025299,22.672117,1264
粤BJ42G7,114.025299,22.672117,1264
粤BJ42G7,114.025299,22.672117,1264
粤BJ42G7,114.025299,22.672117,1265
粤BJ42G7,114.025299,22.672117,1265
粤BJ42G7,114.025299,22.672117,1265
粤BJ42G7,114.025299,22.672117,1265
粤BJ42G7,114.025299,22.672117,1266
粤BJ42G7,114.025299,22.672117,1266
粤BJ42G7,114.025299,22.672117,1266
粤BJ42G7,114.025299,22.672117,1266
粤BJ42G7,114.025414,22.672182,1267
粤BJ42G7,114.025299,22.672117,1267
粤BJ42G7,114.025299,22.672117,1267
粤BJ42G7,114.025299,22.672117,1267
粤BJ42G7,114.025414,22.672182,1268
粤BJ42G7,114.025414,22.672182,1268
粤BJ42G7,114.025414,22.672182,1268
粤BJ42G7,114.025414,22.672182,1268
粤BJ42G7,114.025414,22.672182,1269
粤BJ42G7,114.025414,22.672182,1269
粤BJ42G7,114.025414,22.672182,1269
粤BJ42G7,114.025414,22.672182,1269
粤BJ42G7,114.025414,22.672182,1270
粤BJ42G7,114.025414,22.672182,1270
粤BJ42G7,114.025414,22.672182,1270
粤BJ42G7,114.025414,22.672182,1270
粤BJ42G7,114.025414,22.672182,1271
粤BJ42G7,114.025414,22.672182,1271
粤BJ42G7,114.025414,22.672182,1271
粤BJ42G7,114.025414,22.672182,1271
粤BJ42G7,114.025414,22.672182,1272
粤BJ42G7,114.025414,22.672182,1272
粤BJ42G7,114.025414,22.672182,1272
粤BJ42G7,114.025414,22.672182,1272
粤BJ42G7,114.025414,22.672182,1273
粤BJ42G7,114.025414,22.672182,1273
粤BJ42G7,114.025414,22.672182,1273
粤BJ42G7,114.025414,22.672182,1273
粤BJ42G7,114.025269,22.672117,1274
粤BJ42G7,114.025269,22.672117,1274
粤BJ42G7,114.025269,22.672117,1274
粤BJ42G7,114.025269,22.672117,1274
粤BJ42G7,114.025269,22.672117,1275
粤BJ42G7,114.025269,22.672117,1275
粤BJ42G7,114.025269,22.672117,1275
粤BJ42G7,114.025269,22.672117,1275
粤BJ42G7,114.025269,22.672117,1276
粤BJ42G7,114.025269,22.672117,1276
粤BJ42G7,114.025269,22.672117,1276
粤BJ42G7,114.025269,22.672117,1276
粤BJ42G7,114.025269,22.672117,1277
粤BJ42G7,114.025269,22.672117,1277
粤BJ42G7,114.025269,22.672117,1277
粤BJ42G7,114.025269,22.672117,1277
粤BJ42G7,114.025482,22.672283,1278
粤BJ42G7,114.025482,22.672268,1278
粤BJ42G7,114.025482,22.672283,1278
粤BJ42G7,114.025482,22.672283,1278
粤BJ42G7,114.025482,22.672283,1279
粤BJ42G7,114.025482,22.672283,1279
粤BJ42G7,114.025482,22.672283,1279
粤BJ42G7,114.025482,22.672283,1279
粤BJ42G7,114.025482,22.672283,1280
粤BJ42G7,114.025482,22.672283,1280
粤BJ42G7,114.025482,22.672283,1280
粤BJ42G7,114.025482,22.672283,1280
粤BJ42G7,114.025482,22.672283,1281
粤BJ42G7,114.025482,22.672283,1281
粤BJ42G7,114.025482,22.672283,1281
粤BJ42G7,114.025482,22.672283,1281
粤BJ42G7,114.025482,22.672283,1282
粤BJ42G7,114.025482,22.672283,1282
粤BJ42G7,114.025482,22.672283,1282
粤BJ42G7,114.025482,22.672283,1282
粤BJ42G7,114.025482,22.672283,1283
粤BJ42G7,114.025482,22.672283,1283
粤BJ42G7,114.025482,22.672283,1283
粤BJ42G7,114.025482,22.672283,1283
粤BJ42G7,114.025414,22.672167,1284
粤BJ42G7,114.025414,22.672167,1284
粤BJ42G7,114.025414,22.672167,1284
粤BJ42G7,114.025414,22.672167,1284
粤BJ42G7,114.025414,22.672167,1285
粤BJ42G7,114.025414,22.672268,1285
粤BJ42G7,114.025414,22.672167,1285
粤BJ42G7,114.025414,22.672167,1285
粤BJ42G7,114.025414,22.672268,1286
粤BJ42G7,114.025414,22.672268,1286
粤BJ42G7,114.025414,22.672268,1286
粤BJ42G7,114.025414,22.672268,1286
粤BJ42G7,114.025414,22.672268,1287
粤BJ42G7,114.025414,22.672268,1287
粤BJ42G7,114.025414,22.672268,1287
粤BJ42G7,114.025414,22.672268,1287
粤BJ42G7,114.025414,22.672268,1288
粤BJ42G7,114.025414,22.672268,1288
粤BJ42G7,114.025414,22.672268,1288
粤BJ42G7,114.025414,22.672268,1288
粤BJ42G7,114.025414,22.672268,1289
粤BJ42G7,114.025414,22.672268,1289
粤BJ42G7,114.025414,22.672268,1289
粤BJ42G7,114.025414,22.672268,1289
粤BJ42G7,114.025414,22.672268,1290
粤BJ42G7,114.025414,22.672268,1290
粤BJ42G7,114.025414,22.672268,1290
粤BJ42G7,114.025414,22.672268,1290
粤BJ42G7,114.025414,22.672268,1291
粤BJ42G7,114.025414,22.672268,1291
粤BJ42G7,114.025414,22.672268,1291
粤BJ42G7,114.025414,22.672268,1291
粤BJ42G7,114.025414,22.672268,1292
粤BJ42G7,114.025414,22.672268,1292
粤BJ42G7,114.025414,22.672268,1292
粤BJ42G7,114.025414,22.672268,1292
粤BJ42G7,114.025414,22.672268,1293
粤BJ42G7,114.025414,22.672268,1293
粤BJ42G7,114.025414,22.672268,1293
粤BJ42G7,114.025414,22.672268,1293
粤BJ42G7,114.025368,22.672132,1294
粤BJ42G7,114.025368,22.672132,1294
粤BJ42G7,114.025414,22.672268,1294
粤BJ42G7,114.025414,22.672268,1294
粤BJ42G7,114.025368,22.672132,1295
粤BJ42G7,114.025368,22.672132,1295
粤BJ42G7,114.025368,22.672132,1295
粤BJ42G7,114.025368,22.672132,1295
粤BJ42G7,114.025398,22.6723,1296
粤BJ42G7,114.025398,22.672283,1296
粤BJ42G7,114.025398,22.6723,1296
粤BJ42G7,114.025398,22.6723,1296
粤BJ42G7,114.025185,22.671883,1297
粤BJ42G7,114.025398,22.6723,1297
粤BJ42G7,114.024765,22.671749,1297
粤BJ42G7,114.025398,22.6723,1297
粤BJ42G7,114.021713,22.66935,1298
粤BJ42G7,114.02433,22.6719,1298
粤BJ42G7,114.023598,22.6707,1298
粤BJ42G7,114.024269,22.672318,1298
粤BJ42G7,114.020485,22.669001,1299
粤BJ42G7,114.020737,22.668966,1299
粤BJ42G7,114.01992,22.668167,1299
粤BJ42G7,114.019897,22.668167,1299
粤BJ42G7,114.019897,22.668167,1300
粤BJ42G7,114.019897,22.668167,1300
粤BJ42G7,114.019897,22.668167,1300
粤BJ42G7,114.019897,22.668167,1300
粤BJ42G7,114.019897,22.668167,1301
粤BJ42G7,114.019897,22.668167,1301
粤BJ42G7,114.019897,22.668167,1301
粤BJ42G7,114.019897,22.668167,1301
粤BJ42G7,114.019897,22.668167,1302
粤BJ42G7,114.019897,22.668167,1302
粤BJ42G7,114.016052,22.666918,1308
粤BJ42G7,114.016167,22.66675,1308
粤BJ42G7,114.01445,22.6696,1309
粤BJ42G7,114.014847,22.6688,1309
粤BJ42G7,114.015068,22.668333,1309
粤BJ42G7,114.015137,22.668249,1309
粤BJ42G7,114.012184,22.67255,1310
粤BJ42G7,114.013718,22.6705,1310
粤BJ42G7,114.012886,22.671667,1310
粤BJ42G7,114.012001,22.672867,1310
粤BJ42G7,114.0112,22.673683,1311
粤BJ42G7,114.008514,22.675516,1311
粤BJ42G7,114.009682,22.674433,1311
粤BJ42G7,114.007835,22.67635,1311
粤BJ42G7,114.008865,22.676733,1312
粤BJ42G7,114.008865,22.676733,1312
粤BJ42G7,114.008347,22.67655,1312
粤BJ42G7,114.008865,22.676733,1312
粤BJ42G7,114.008865,22.676733,1313
粤BJ42G7,114.008865,22.676733,1313
粤BJ42G7,114.008865,22.676733,1313
粤BJ42G7,114.008865,22.676733,1313
粤BJ42G7,114.008865,22.676733,1314
粤BJ42G7,114.008865,22.676733,1314
粤BJ42G7,114.008865,22.676733,1314
粤BJ42G7,114.008865,22.676733,1314
粤BJ42G7,114.008865,22.676733,1315
粤BJ42G7,114.008865,22.676733,1315
粤BJ42G7,114.008865,22.676733,1315
粤BJ42G7,114.008865,22.676733,1315
粤BJ42G7,114.008865,22.676733,1316
粤BJ42G7,114.008865,22.676733,1316
粤BJ42G7,114.008865,22.676733,1316
粤BJ42G7,114.008865,22.676733,1316
粤BJ42G7,114.008865,22.676733,1317
粤BJ42G7,114.008865,22.676733,1317
粤BJ42G7,114.008865,22.676733,1317
粤BJ42G7,114.008865,22.676733,1317
粤BJ42G7,114.008865,22.676733,1318
粤BJ42G7,114.008865,22.676733,1318
粤BJ42G7,114.008865,22.676733,1318
粤BJ42G7,114.008865,22.676733,1318
粤BJ42G7,114.008865,22.676733,1319
粤BJ42G7,114.008865,22.676733,1319
粤BJ42G7,114.008865,22.676733,1319
粤BJ42G7,114.008865,22.676733,1319
粤BJ42G7,114.008865,22.676733,1320
粤BJ42G7,114.008865,22.676733,1320
粤BJ42G7,114.008865,22.676733,1320
粤BJ42G7,114.008865,22.676733,1320
粤BJ42G7,114.008865,22.676733,1321
粤BJ42G7,114.008865,22.676733,1321
粤BJ42G7,114.008865,22.676733,1321
粤BJ42G7,114.008865,22.676733,1321
粤BJ42G7,114.008865,22.676733,1322
粤BJ42G7,114.008865,22.676733,1322
粤BJ42G7,114.008865,22.676733,1322
粤BJ42G7,114.008865,22.676733,1322
粤BJ42G7,114.008865,22.676733,1323
粤BJ42G7,114.008865,22.676733,1323
粤BJ42G7,114.008865,22.676733,1323
粤BJ42G7,114.008865,22.676733,1323
粤BJ42G7,114.008865,22.676733,1324
粤BJ42G7,114.008865,22.676733,1324
粤BJ42G7,114.008865,22.676733,1324
粤BJ42G7,114.008865,22.676733,1324
粤BJ42G7,114.008865,22.676733,1325
粤BJ42G7,114.008865,22.676733,1325
粤BJ42G7,114.008865,22.676733,1325
粤BJ42G7,114.008865,22.676733,1325
粤BJ42G7,114.008865,22.676733,1326
粤BJ42G7,114.008865,22.676733,1326
粤BJ42G7,114.008865,22.676733,1326
粤BJ42G7,114.008865,22.676733,1326
粤BJ42G7,114.008865,22.676733,1327
粤BJ42G7,114.008865,22.676733,1327
粤BJ42G7,114.008865,22.676733,1327
粤BJ42G7,114.008865,22.676733,1327
粤BJ42G7,114.008865,22.676733,1328
粤BJ42G7,114.008865,22.676733,1328
粤BJ42G7,114.008865,22.676733,1328
粤BJ42G7,114.008865,22.676733,1328
粤BJ42G7,114.008865,22.676733,1329
粤BJ42G7,114.008865,22.676733,1329
粤BJ42G7,114.008865,22.676733,1329
粤BJ42G7,114.008865,22.676733,1329
粤BJ42G7,114.008865,22.676733,1330
粤BJ42G7,114.008865,22.676733,1330
粤BJ42G7,114.008865,22.676733,1330
粤BJ42G7,114.008865,22.676733,1330
粤BJ42G7,114.008865,22.676733,1331
粤BJ42G7,114.008865,22.676733,1331
粤BJ42G7,114.008865,22.676733,1331
粤BJ42G7,114.008865,22.676733,1331
粤BJ42G7,114.008865,22.676733,1332
粤BJ42G7,114.008865,22.676733,1332
粤BJ42G7,114.008865,22.676733,1332
粤BJ42G7,114.008865,22.676733,1332
粤BJ42G7,114.008865,22.676733,1333
粤BJ42G7,114.008865,22.676733,1333
粤BJ42G7,114.008865,22.676733,1333
粤BJ42G7,114.008865,22.676733,1333
粤BJ42G7,114.008865,22.676733,1334
粤BJ42G7,114.008865,22.676733,1334
粤BJ42G7,114.008865,22.676733,1334
粤BJ42G7,114.008865,22.676733,1334
粤BJ42G7,114.008865,22.676733,1335
粤BJ42G7,114.008865,22.676733,1335
粤BJ42G7,114.008865,22.676733,1335
粤BJ42G7,114.008865,22.676733,1335
粤BJ42G7,114.008865,22.676733,1336
粤BJ42G7,114.008865,22.676733,1336
粤BJ42G7,114.008865,22.676733,1336
粤BJ42G7,114.008865,22.676733,1336
粤BJ42G7,114.008865,22.676733,1337
粤BJ42G7,114.008865,22.676733,1337
粤BJ42G7,114.008865,22.676733,1337
粤BJ42G7,114.008865,22.676733,1337
粤BJ42G7,114.008865,22.676733,1338
粤BJ42G7,114.008865,22.676733,1338
粤BJ42G7,114.008865,22.676733,1338
粤BJ42G7,114.008865,22.676733,1338
粤BJ42G7,114.008865,22.676733,1339
粤BJ42G7,114.008865,22.676733,1339
粤BJ42G7,114.008865,22.676733,1339
粤BJ42G7,114.008865,22.676733,1339
粤BJ42G7,114.008865,22.676733,1340
粤BJ42G7,114.008865,22.676733,1340
粤BJ42G7,114.008865,22.676733,1340
粤BJ42G7,114.008865,22.676733,1340
粤BJ42G7,114.008865,22.676733,1341
粤BJ42G7,114.008865,22.676733,1341
粤BJ42G7,114.008865,22.676733,1341
粤BJ42G7,114.008865,22.676733,1341
粤BJ42G7,114.008865,22.676733,1342
粤BJ42G7,114.008865,22.676733,1342
粤BJ42G7,114.008865,22.676733,1342
粤BJ42G7,114.008865,22.676733,1342
粤BJ42G7,114.008865,22.676733,1343
粤BJ42G7,114.008865,22.676733,1343
粤BJ42G7,114.008865,22.676733,1343
粤BJ42G7,114.008865,22.676733,1343
粤BJ42G7,114.008865,22.676733,1344
粤BJ42G7,114.008865,22.676733,1344
粤BJ42G7,114.008865,22.676733,1344
粤BJ42G7,114.008865,22.676733,1344
粤BJ42G7,114.008865,22.676733,1345
粤BJ42G7,114.008865,22.676733,1345
粤BJ42G7,114.008865,22.676733,1345
粤BJ42G7,114.008865,22.676733,1345
粤BJ42G7,114.008865,22.676733,1346
粤BJ42G7,114.008865,22.676733,1346
粤BJ42G7,114.008865,22.676733,1346
粤BJ42G7,114.008865,22.676733,1346
粤BJ42G7,114.008865,22.676733,1347
粤BJ42G7,114.008865,22.676733,1347
粤BJ42G7,114.008865,22.676733,1347
粤BJ42G7,114.008865,22.676733,1347
粤BJ42G7,114.008865,22.676733,1348
粤BJ42G7,114.008865,22.676733,1348
粤BJ42G7,114.008865,22.676733,1348
粤BJ42G7,114.008865,22.676733,1348
粤BJ42G7,114.008865,22.676733,1349
粤BJ42G7,114.008865,22.676733,1349
粤BJ42G7,114.008865,22.676733,1349
粤BJ42G7,114.008865,22.676733,1349
粤BJ42G7,114.008865,22.676733,1350
粤BJ42G7,114.008865,22.676733,1350
粤BJ42G7,114.008865,22.676733,1350
粤BJ42G7,114.008865,22.676733,1350
粤BJ42G7,114.008865,22.676733,1351
粤BJ42G7,114.008865,22.676733,1351
粤BJ42G7,114.008865,22.676733,1351
粤BJ42G7,114.008865,22.676733,1351
粤BJ42G7,114.008865,22.676733,1352
粤BJ42G7,114.008865,22.676733,1352
粤BJ42G7,114.008865,22.676733,1352
粤BJ42G7,114.008865,22.676733,1352
粤BJ42G7,114.008865,22.676733,1353
粤BJ42G7,114.008865,22.676733,1353
粤BJ42G7,114.008865,22.676733,1353
粤BJ42G7,114.008865,22.676733,1353
粤BJ42G7,114.008865,22.676733,1354
粤BJ42G7,114.008865,22.676733,1354
粤BJ42G7,114.008865,22.676733,1354
粤BJ42G7,114.008865,22.676733,1354
粤BJ42G7,114.008865,22.676733,1355
粤BJ42G7,114.008865,22.676733,1355
粤BJ42G7,114.008865,22.676733,1355
粤BJ42G7,114.008865,22.676733,1355
粤BJ42G7,114.008865,22.676733,1356
粤BJ42G7,114.008865,22.676733,1356
粤BJ42G7,114.008865,22.676733,1356
粤BJ42G7,114.008865,22.676733,1356
粤BJ42G7,114.008865,22.676733,1357
粤BJ42G7,114.008865,22.676733,1357
粤BJ42G7,114.008865,22.676733,1357
粤BJ42G7,114.008865,22.676733,1357
粤BJ42G7,114.008865,22.676733,1358
粤BJ42G7,114.008865,22.676733,1358
粤BJ42G7,114.008865,22.676733,1358
粤BJ42G7,114.008865,22.676733,1358
粤BJ42G7,114.008865,22.676733,1359
粤BJ42G7,114.008865,22.676733,1359
粤BJ42G7,114.008865,22.676733,1359
粤BJ42G7,114.008865,22.676733,1359
粤BJ42G7,114.008865,22.676733,1360
粤BJ42G7,114.008865,22.676733,1360
粤BJ42G7,114.008865,22.676733,1360
粤BJ42G7,114.008865,22.676733,1360
粤BJ42G7,114.008865,22.676733,1361
粤BJ42G7,114.008865,22.676733,1361
粤BJ42G7,114.008865,22.676733,1361
粤BJ42G7,114.008865,22.676733,1361
粤BJ42G7,114.008865,22.676733,1362
粤BJ42G7,114.008865,22.676733,1362
粤BJ42G7,114.008865,22.676733,1362
粤BJ42G7,114.008865,22.676733,1362
粤BJ42G7,114.008865,22.676733,1363
粤BJ42G7,114.008865,22.676733,1363
粤BJ42G7,114.008865,22.676733,1363
粤BJ42G7,114.008865,22.676733,1363
粤BJ42G7,114.008865,22.676733,1364
粤BJ42G7,114.008865,22.676733,1364
粤BJ42G7,114.008865,22.676733,1364
粤BJ42G7,114.008865,22.676733,1364
粤BJ42G7,114.008865,22.676733,1365
粤BJ42G7,114.008865,22.676733,1365
粤BJ42G7,114.008865,22.676733,1365
粤BJ42G7,114.008865,22.676733,1365
粤BJ42G7,114.008865,22.676733,1366
粤BJ42G7,114.008865,22.676733,1366
粤BJ42G7,114.008865,22.676733,1366
粤BJ42G7,114.008865,22.676733,1366
粤BJ42G7,114.008865,22.676733,1367
粤BJ42G7,114.008865,22.676733,1367
粤BJ42G7,114.008865,22.676733,1367
粤BJ42G7,114.008865,22.676733,1367
粤BJ42G7,114.008865,22.676733,1368
粤BJ42G7,114.008865,22.676733,1368
粤BJ42G7,114.008865,22.676733,1368
粤BJ42G7,114.008865,22.676733,1368
粤BJ42G7,114.008865,22.676733,1369
粤BJ42G7,114.008865,22.676733,1369
粤BJ42G7,114.008865,22.676733,1369
粤BJ42G7,114.008865,22.676733,1369
粤BJ42G7,114.008865,22.676733,1370
粤BJ42G7,114.008865,22.676733,1370
粤BJ42G7,114.008865,22.676733,1370
粤BJ42G7,114.008865,22.676733,1370
粤BJ42G7,114.008865,22.676733,1371
粤BJ42G7,114.008865,22.676733,1371
粤BJ42G7,114.008865,22.676733,1371
粤BJ42G7,114.008865,22.676733,1371
粤BJ42G7,114.008865,22.676733,1372
粤BJ42G7,114.008865,22.676733,1372
粤BJ42G7,114.008865,22.676733,1372
粤BJ42G7,114.008865,22.676733,1372
粤BJ42G7,114.008865,22.676733,1373
粤BJ42G7,114.008865,22.676733,1373
粤BJ42G7,114.008865,22.676733,1373
粤BJ42G7,114.008865,22.676733,1373
粤BJ42G7,114.008865,22.676733,1374
粤BJ42G7,114.008865,22.676733,1374
粤BJ42G7,114.008865,22.676733,1374
粤BJ42G7,114.008865,22.676733,1374
粤BJ42G7,114.008865,22.676733,1375
粤BJ42G7,114.008865,22.676733,1375
粤BJ42G7,114.008865,22.676733,1375
粤BJ42G7,114.008865,22.676733,1375
粤BJ42G7,114.008865,22.676733,1376
粤BJ42G7,114.008865,22.676733,1376
粤BJ42G7,114.008865,22.676733,1376
粤BJ42G7,114.008865,22.676733,1376
粤BJ42G7,114.008865,22.676733,1377
粤BJ42G7,114.008865,22.676733,1377
粤BJ42G7,114.008865,22.676733,1377
粤BJ42G7,114.008865,22.676733,1377
粤BJ42G7,114.008865,22.676733,1378
粤BJ42G7,114.008865,22.676733,1378
粤BJ42G7,114.008865,22.676733,1378
粤BJ42G7,114.008865,22.676733,1378
粤BJ42G7,114.008865,22.676733,1379
粤BJ42G7,114.008865,22.676733,1379
粤BJ42G7,114.008865,22.676733,1379
粤BJ42G7,114.008865,22.676733,1379
粤BJ42G7,114.008865,22.676733,1380
粤BJ42G7,114.008865,22.676733,1380
粤BJ42G7,114.008865,22.676733,1380
粤BJ42G7,114.008865,22.676733,1380
粤BJ42G7,114.008865,22.676733,1381
粤BJ42G7,114.008865,22.676733,1381
粤BJ42G7,114.008865,22.676733,1381
粤BJ42G7,114.008865,22.676733,1382
粤BJ42G7,114.008865,22.676733,1382
粤BJ42G7,114.008865,22.676733,1382
粤BJ42G7,114.008865,22.676733,1383
粤BJ42G7,114.008865,22.676733,1383
粤BJ42G7,114.008865,22.676733,1383
粤BJ42G7,114.008865,22.676733,1383
粤BJ42G7,114.008865,22.676733,1384
粤BJ42G7,114.008865,22.676733,1384
粤BJ42G7,114.008865,22.676733,1384
粤BJ42G7,114.008865,22.676733,1384
粤BJ42G7,114.008865,22.676733,1385
粤BJ42G7,114.008865,22.676733,1385
粤BJ42G7,114.008865,22.676733,1385
粤BJ42G7,114.008865,22.676733,1385
粤BJ42G7,114.008865,22.676733,1386
粤BJ42G7,114.008865,22.676733,1386
粤BJ42G7,114.008865,22.676733,1386
粤BJ42G7,114.008865,22.676733,1386
粤BJ42G7,114.008865,22.676733,1387
粤BJ42G7,114.008865,22.676733,1387
粤BJ42G7,114.008865,22.676733,1387
粤BJ42G7,114.008865,22.676733,1387
粤BJ42G7,114.008865,22.676733,1388
粤BJ42G7,114.008865,22.676733,1388
粤BJ42G7,114.008865,22.676733,1388
粤BJ42G7,114.008865,22.676733,1388
粤BJ42G7,114.008865,22.676733,1389
粤BJ42G7,114.008865,22.676733,1389
粤BJ42G7,114.008865,22.676733,1389
粤BJ42G7,114.008865,22.676733,1389
粤BJ42G7,114.008865,22.676733,1390
粤BJ42G7,114.008865,22.676733,1390
粤BJ42G7,114.008865,22.676733,1390
粤BJ42G7,114.008865,22.676733,1390
粤BJ42G7,114.008865,22.676733,1391
粤BJ42G7,114.008865,22.676733,1391
粤BJ42G7,114.008865,22.676733,1391
粤BJ42G7,114.008865,22.676733,1391
粤BJ42G7,114.008865,22.676733,1392
粤BJ42G7,114.008865,22.676733,1392
粤BJ42G7,114.008865,22.676733,1392
粤BJ42G7,114.008865,22.676733,1392
粤BJ42G7,114.008865,22.676733,1393
粤BJ42G7,114.008865,22.676733,1393
粤BJ42G7,114.008865,22.676733,1393
粤BJ42G7,114.008865,22.676733,1393
粤BJ42G7,114.008865,22.676733,1394
粤BJ42G7,114.008865,22.676733,1394
粤BJ42G7,114.008865,22.676733,1394
粤BJ42G7,114.008865,22.676733,1394
粤BJ42G7,114.008865,22.676733,1395
粤BJ42G7,114.008865,22.676733,1395
粤BJ42G7,114.008865,22.676733,1395
粤BJ42G7,114.008865,22.676733,1395
粤BJ42G7,114.008865,22.676733,1396
粤BJ42G7,114.008865,22.676733,1396
粤BJ42G7,114.008865,22.676733,1396
粤BJ42G7,114.008865,22.676733,1396
粤BJ42G7,114.008865,22.676733,1397
粤BJ42G7,114.008865,22.676733,1397
粤BJ42G7,114.008865,22.676733,1397
粤BJ42G7,114.008865,22.676733,1397
粤BJ42G7,114.008865,22.676733,1398
粤BJ42G7,114.008865,22.676733,1398
粤BJ42G7,114.008865,22.676733,1398
粤BJ42G7,114.008865,22.676733,1398
粤BJ42G7,114.008865,22.676733,1399
粤BJ42G7,114.008865,22.676733,1399
粤BJ42G7,114.008865,22.676733,1399
粤BJ42G7,114.008865,22.676733,1399
粤BJ42G7,114.008797,22.676884,1400
粤BJ42G7,114.008797,22.676884,1400
粤BJ42G7,114.008865,22.676733,1400
粤BJ42G7,114.008797,22.676884,1400
粤BJ42G7,114.008797,22.676884,1401
粤BJ42G7,114.008797,22.676884,1401
粤BJ42G7,114.008797,22.676884,1401
粤BJ42G7,114.008797,22.676884,1401
粤BJ42G7,114.008797,22.676884,1402
粤BJ42G7,114.008797,22.676884,1402
粤BJ42G7,114.008797,22.676884,1402
粤BJ42G7,114.008797,22.676884,1402
粤BJ42G7,114.008797,22.676884,1403
粤BJ42G7,114.008797,22.676884,1403
粤BJ42G7,114.008797,22.676884,1403
粤BJ42G7,114.008797,22.676884,1403
粤BJ42G7,114.008797,22.676884,1404
粤BJ42G7,114.008797,22.676884,1404
粤BJ42G7,114.008797,22.676884,1404
粤BJ42G7,114.008797,22.676884,1404
粤BJ42G7,114.008797,22.676884,1405
粤BJ42G7,114.008797,22.676884,1405
粤BJ42G7,114.008797,22.676884,1405
粤BJ42G7,114.008797,22.676884,1405
粤BJ42G7,114.008797,22.676884,1406
粤BJ42G7,114.008797,22.676884,1406
粤BJ42G7,114.008797,22.676884,1406
粤BJ42G7,114.008797,22.676884,1406
粤BJ42G7,114.008797,22.676884,1407
粤BJ42G7,114.008797,22.676884,1407
粤BJ42G7,114.008797,22.676884,1407
粤BJ42G7,114.008797,22.676884,1407
粤BJ42G7,114.008797,22.676884,1408
粤BJ42G7,114.008797,22.676884,1408
粤BJ42G7,114.008797,22.676884,1408
粤BJ42G7,114.008797,22.676884,1408
粤BJ42G7,114.008797,22.676884,1409
粤BJ42G7,114.008797,22.676884,1409
粤BJ42G7,114.008797,22.676884,1409
粤BJ42G7,114.008797,22.676884,1409
粤BJ42G7,114.008797,22.676884,1410
粤BJ42G7,114.008797,22.676884,1410
粤BJ42G7,114.008797,22.676884,1410
粤BJ42G7,114.008797,22.676884,1410
粤BJ42G7,114.008797,22.676884,1411
粤BJ42G7,114.008797,22.676884,1411
粤BJ42G7,114.008797,22.676884,1411
粤BJ42G7,114.008797,22.676884,1411
粤BJ42G7,114.008797,22.676884,1412
粤BJ42G7,114.008797,22.676884,1412
粤BJ42G7,114.008797,22.676884,1412
粤BJ42G7,114.008797,22.676884,1412
粤BJ42G7,114.008797,22.676884,1413
粤BJ42G7,114.008797,22.676884,1413
粤BJ42G7,114.008797,22.676884,1413
粤BJ42G7,114.008797,22.676884,1413
粤BJ42G7,114.008797,22.676884,1414
粤BJ42G7,114.008797,22.676884,1414
粤BJ42G7,114.008797,22.676884,1414
粤BJ42G7,114.008797,22.676884,1414
粤BJ42G7,114.008797,22.676884,1415
粤BJ42G7,114.008797,22.676884,1415
粤BJ42G7,114.008797,22.676884,1415
粤BJ42G7,114.008797,22.676884,1415
粤BJ42G7,114.008797,22.676884,1416
粤BJ42G7,114.008797,22.676884,1416
粤BJ42G7,114.008797,22.676884,1416
粤BJ42G7,114.008797,22.676884,1416
粤BJ42G7,114.008797,22.676884,1417
粤BJ42G7,114.008797,22.676884,1417
粤BJ42G7,114.008797,22.676884,1417
粤BJ42G7,114.008797,22.676884,1417
粤BJ42G7,114.008797,22.676884,1418
粤BJ42G7,114.008797,22.676884,1418
粤BJ42G7,114.008797,22.676884,1418
粤BJ42G7,114.008797,22.676884,1418
粤BJ42G7,114.008797,22.676884,1419
粤BJ42G7,114.008797,22.676884,1419
粤BJ42G7,114.008797,22.676884,1419
粤BJ42G7,114.008797,22.676884,1419
粤BJ42G7,114.008797,22.676884,1420
粤BJ42G7,114.008797,22.676884,1420
粤BJ42G7,114.008797,22.676884,1420
粤BJ42G7,114.008797,22.676884,1420
粤BJ42G7,114.008797,22.676884,1421
粤BJ42G7,114.008797,22.676884,1421
粤BJ42G7,114.008797,22.676884,1421
粤BJ42G7,114.008797,22.676884,1421
粤BJ42G7,114.008797,22.676884,1422
粤BJ42G7,114.008797,22.676884,1422
粤BJ42G7,114.008797,22.676884,1422
粤BJ42G7,114.008934,22.676783,1422
粤BJ42G7,114.008934,22.676783,1423
粤BJ42G7,114.008934,22.676783,1423
粤BJ42G7,114.008934,22.676783,1423
粤BJ42G7,114.008934,22.676783,1423
粤BJ42G7,114.008934,22.676783,1424
粤BJ42G7,114.008934,22.676783,1424
粤BJ42G7,114.008934,22.676783,1424
粤BJ42G7,114.008934,22.676783,1424
粤BJ42G7,114.008934,22.676783,1425
粤BJ42G7,114.008934,22.676783,1425
粤BJ42G7,114.008934,22.676783,1425
粤BJ42G7,114.008934,22.676783,1425
粤BJ42G7,114.008934,22.676783,1426
粤BJ42G7,114.008934,22.676783,1426
粤BJ42G7,114.008934,22.676783,1426
粤BJ42G7,114.008934,22.676783,1426
粤BJ42G7,114.008904,22.676767,1427
粤BJ42G7,114.008904,22.676767,1427
粤BJ42G7,114.008904,22.676767,1427
粤BJ42G7,114.008934,22.676783,1427
粤BJ42G7,114.008904,22.676767,1428
粤BJ42G7,114.008904,22.676767,1428
粤BJ42G7,114.008904,22.676767,1428
粤BJ42G7,114.008904,22.676767,1428
粤BJ42G7,114.008904,22.676767,1429
粤BJ42G7,114.008904,22.676767,1429
粤BJ42G7,114.008904,22.676767,1429
粤BJ42G7,114.008904,22.676767,1429
粤BJ42G7,114.008904,22.676767,1430
粤BJ42G7,114.008904,22.676767,1430
粤BJ42G7,114.008904,22.676767,1430
粤BJ42G7,114.008904,22.676767,1430
粤BJ42G7,114.008904,22.676767,1431
粤BJ42G7,114.008904,22.676767,1431
粤BJ42G7,114.008904,22.676767,1431
粤BJ42G7,114.008904,22.676767,1431
粤BJ42G7,114.008904,22.676767,1432
粤BJ42G7,114.008904,22.676767,1432
粤BJ42G7,114.008904,22.676767,1432
粤BJ42G7,114.008904,22.676767,1432
粤BJ42G7,114.008904,22.676767,1433
粤BJ42G7,114.008904,22.676767,1433
粤BJ42G7,114.008904,22.676767,1433
粤BJ42G7,114.008904,22.676767,1433
粤BJ42G7,114.008904,22.676767,1434
粤BJ42G7,114.008904,22.676767,1434
粤BJ42G7,114.008904,22.676767,1434
粤BJ42G7,114.008904,22.676767,1434
粤BJ42G7,114.008904,22.676767,1435
粤BJ42G7,114.008904,22.676767,1435
粤BJ42G7,114.008904,22.676767,1435
粤BJ42G7,114.008904,22.676767,1435
粤BJ42G7,114.008904,22.676767,1436
粤BJ42G7,114.008904,22.676767,1436
粤BJ42G7,114.008904,22.676767,1436
粤BJ42G7,114.008904,22.676767,1436
粤BJ42G7,114.008904,22.676767,1437
粤BJ42G7,114.008904,22.676767,1437
粤BJ42G7,114.008904,22.676767,1437
粤BJ42G7,114.008904,22.676767,1437
粤BJ42G7,114.008904,22.676767,1438
粤BJ42G7,114.008904,22.676767,1438
粤BJ42G7,114.008904,22.676767,1438
粤BJ42G7,114.008904,22.676767,1438
粤BJ42G7,114.008904,22.676767,1439
粤BJ42G7,114.008904,22.676767,1439
粤BJ42G7,114.008904,22.676767,1439
粤BJ42G7,114.008904,22.676767,1439
