粤BG4V94,114.033882,22.543459,18
粤BG4V94,114.033882,22.543459,33
粤BG4V94,114.033882,22.543459,139
粤BG4V94,114.033882,22.543459,200
粤BG4V94,114.033882,22.543459,245
粤BG4V94,114.033882,22.543459,260
粤BG4V94,114.033882,22.543459,276
粤BG4V94,114.033882,22.543459,321
粤BG4V94,114.033882,22.543459,336
粤BG4V94,114.033882,22.543459,367
粤BG4V94,114.033882,22.543459,397
粤BG4V94,114.033882,22.543459,412
粤BG4V94,114.033882,22.543459,427
粤BG4V94,114.033882,22.543459,443
粤BG4V94,114.033882,22.543459,458
粤BG4V94,114.033882,22.543459,488
粤BG4V94,114.033882,22.543459,518
粤BG4V94,114.033882,22.543459,534
粤BG4V94,114.033882,22.543459,549
粤BG4V94,114.033882,22.543459,564
粤BG4V94,114.033882,22.543459,579
粤BG4V94,114.033882,22.543459,594
粤BG4V94,114.033882,22.543459,625
粤BG4V94,114.033882,22.543459,655
粤BG4V94,114.033882,22.543459,685
粤BG4V94,114.033882,22.543459,700
粤BG4V94,114.033882,22.543459,716
粤BG4V94,114.033882,22.543459,731
粤BG4V94,114.033882,22.543459,776
粤BG4V94,114.033882,22.543459,822
粤BG4V94,114.033882,22.543459,837
粤BG4V94,114.033882,22.543459,852
粤BG4V94,114.033882,22.543459,867
粤BG4V94,114.033882,22.543459,882
粤BG4V94,114.033882,22.543459,913
粤BG4V94,114.033882,22.543459,928
粤BG4V94,114.033882,22.543459,943
粤BG4V94,114.033882,22.543459,973
粤BG4V94,114.033882,22.543459,989
粤BG4V94,114.033882,22.543459,1004
粤BG4V94,114.033882,22.543459,1019
粤BG4V94,114.033882,22.543459,1034
粤BG4V94,114.033882,22.543459,1064
粤BG4V94,114.033882,22.543459,1110
粤BG4V94,114.033882,22.543459,1125
粤BG4V94,114.033882,22.543459,1155
粤BG4V94,114.033882,22.543459,1201
粤BG4V94,114.033882,22.543459,1216
粤BG4V94,114.033882,22.543459,1231
粤BG4V94,114.033882,22.543459,1246
粤BG4V94,114.033882,22.543459,1291
粤BG4V94,114.033882,22.543459,1306
粤BG4V94,114.033882,22.543459,1382
粤BG4V94,114.033882,22.543459,1397
粤BG4V94,114.033882,22.543459,1412
粤BG4V94,114.033882,22.543459,1427
