粤B842YU,114.1455,22.6504,7
粤B842YU,114.145103,22.6481,8
粤B842YU,114.147797,22.644501,9
粤B842YU,114.150398,22.638399,10
粤B842YU,114.1464,22.6343,11
粤B842YU,114.133102,22.631399,12
粤B842YU,114.1399,22.633499,12
粤B842YU,114.131798,22.6304,13
粤B842YU,114.130699,22.629101,14
粤B842YU,114.125298,22.626101,15
粤B842YU,114.119797,22.6255,16
粤B842YU,114.115601,22.622499,17
粤B842YU,114.117302,22.624701,17
粤B842YU,114.112999,22.6215,18
粤B842YU,114.107399,22.622999,19
粤B842YU,114.102898,22.626101,20
粤B842YU,114.104599,22.628599,21
粤B842YU,114.1101,22.631201,22
粤B842YU,114.107399,22.629999,22
粤B842YU,114.110199,22.6313,23
粤B842YU,114.110199,22.6313,24
粤B842YU,114.110199,22.6313,25
粤B842YU,114.110199,22.6313,26
粤B842YU,114.110199,22.631399,27
粤B842YU,114.110199,22.6313,27
粤B842YU,114.110199,22.631399,28
粤B842YU,114.110199,22.631399,29
粤B842YU,114.110199,22.631399,30
粤B842YU,114.110199,22.631399,31
粤B842YU,114.110199,22.631399,32
粤B842YU,114.110199,22.631399,32
粤B842YU,114.110199,22.631399,33
粤B842YU,114.109901,22.6313,34
粤B842YU,114.109596,22.631201,35
粤B842YU,114.109596,22.6311,36
粤B842YU,114.107498,22.6301,37
粤B842YU,114.1054,22.629101,37
粤B842YU,114.102203,22.6276,38
粤B842YU,114.098198,22.6306,39
粤B842YU,114.096497,22.6329,40
粤B842YU,114.094704,22.6362,41
粤B842YU,114.0914,22.6399,42
粤B842YU,114.086197,22.6397,42
粤B842YU,114.0812,22.6422,43
粤B842YU,114.0774,22.6448,44
粤B842YU,114.077003,22.6488,45
粤B842YU,114.073898,22.653,46
粤B842YU,114.070099,22.6562,47
粤B842YU,114.073402,22.6537,47
粤B842YU,114.067802,22.6598,48
粤B842YU,114.0672,22.6604,49
粤B842YU,114.061798,22.661301,50
粤B842YU,114.0662,22.660801,51
粤B842YU,114.062897,22.6549,52
粤B842YU,114.0644,22.657301,52
粤B842YU,114.061302,22.6504,53
粤B842YU,114.060997,22.645599,54
粤B842YU,114.061401,22.641899,55
粤B842YU,114.061302,22.639,56
粤B842YU,114.055702,22.6362,57
粤B842YU,114.057297,22.6371,57
粤B842YU,114.052399,22.636801,58
粤B842YU,114.051498,22.637199,59
粤B842YU,114.045601,22.6387,60
粤B842YU,114.045898,22.643499,61
粤B842YU,114.040298,22.645599,62
粤B842YU,114.041,22.6453,62
粤B842YU,114.039001,22.6436,63
粤B842YU,114.0383,22.642,64
粤B842YU,114.037498,22.639799,65
粤B842YU,114.033997,22.638399,66
粤B842YU,114.033699,22.6385,67
粤B842YU,114.033302,22.638399,67
粤B842YU,114.033302,22.638399,68
粤B842YU,114.033302,22.638399,69
粤B842YU,114.0327,22.638599,70
粤B842YU,114.0327,22.638599,70
粤B842YU,114.032402,22.6388,71
粤B842YU,114.032097,22.6395,72
粤B842YU,114.033798,22.642799,73
粤B842YU,114.038101,22.6416,73
粤B842YU,114.036598,22.639099,74
粤B842YU,114.0336,22.6385,75
粤B842YU,114.032799,22.6387,76
粤B842YU,114.032799,22.6387,77
粤B842YU,114.032799,22.6387,78
粤B842YU,114.032799,22.6387,78
粤B842YU,114.032799,22.6387,79
粤B842YU,114.0326,22.6387,80
粤B842YU,114.033302,22.641399,81
粤B842YU,114.038101,22.641701,82
粤B842YU,114.042198,22.645,83
粤B842YU,114.040901,22.645399,83
粤B842YU,114.043602,22.6446,84
粤B842YU,114.045898,22.642599,85
粤B842YU,114.045799,22.639,86
粤B842YU,114.042099,22.639799,87
粤B842YU,114.037399,22.6397,88
粤B842YU,114.0383,22.6416,88
粤B842YU,114.034401,22.6385,89
粤B842YU,114.033096,22.638599,90
粤B842YU,114.033096,22.638599,91
粤B842YU,114.033096,22.638599,92
粤B842YU,114.033096,22.638599,93
粤B842YU,114.033096,22.638599,93
粤B842YU,114.033096,22.638599,94
粤B842YU,114.033096,22.638599,95
粤B842YU,114.033096,22.638599,96
粤B842YU,114.033096,22.638599,97
粤B842YU,114.033096,22.638599,98
粤B842YU,114.033096,22.638599,98
粤B842YU,114.033096,22.638599,99
粤B842YU,114.033096,22.638599,100
粤B842YU,114.033096,22.638599,101
粤B842YU,114.033096,22.638599,102
粤B842YU,114.032097,22.6388,104
粤B842YU,114.031998,22.634701,105
粤B842YU,114.031998,22.6346,106
粤B842YU,114.032303,22.634199,107
粤B842YU,114.034203,22.625601,108
粤B842YU,114.033096,22.628799,108
粤B842YU,114.034698,22.6243,109
粤B842YU,114.036903,22.617701,110
粤B842YU,114.037598,22.616301,111
粤B842YU,114.040497,22.6154,112
粤B842YU,114.040802,22.6154,113
粤B842YU,114.039001,22.6145,113
粤B842YU,114.0373,22.617201,114
粤B842YU,114.032402,22.633699,118
粤B842YU,114.040802,22.6154,118
粤B842YU,114.032303,22.6341,119
粤B842YU,114.031998,22.6387,120
粤B842YU,114.033302,22.638399,121
粤B842YU,114.033302,22.638399,122
粤B842YU,114.032997,22.6385,123
粤B842YU,114.032997,22.6385,123
粤B842YU,114.032997,22.6385,124
粤B842YU,114.032997,22.6385,125
粤B842YU,114.032997,22.6385,126
粤B842YU,114.032997,22.6385,127
粤B842YU,114.032997,22.6385,128
粤B842YU,114.032997,22.6385,128
粤B842YU,114.032997,22.6385,129
粤B842YU,114.032997,22.6385,130
粤B842YU,114.033096,22.6385,131
粤B842YU,114.033096,22.6385,132
粤B842YU,114.033096,22.6385,133
粤B842YU,114.033096,22.6385,133
粤B842YU,114.033096,22.6385,134
粤B842YU,114.033096,22.6385,135
粤B842YU,114.033096,22.6385,136
粤B842YU,114.033096,22.6385,137
粤B842YU,114.033096,22.6385,138
粤B842YU,114.033096,22.6385,138
粤B842YU,114.033096,22.6385,139
粤B842YU,114.033096,22.6385,140
粤B842YU,114.033096,22.6385,141
粤B842YU,114.033096,22.6385,142
粤B842YU,114.033203,22.6385,143
粤B842YU,114.033096,22.6385,143
粤B842YU,114.033203,22.6385,144
粤B842YU,114.033203,22.6385,145
粤B842YU,114.033203,22.6385,146
粤B842YU,114.033203,22.6385,147
粤B842YU,114.033203,22.6385,148
粤B842YU,114.033203,22.6385,148
粤B842YU,114.032097,22.6392,149
粤B842YU,114.0317,22.643499,150
粤B842YU,114.027802,22.644899,151
粤B842YU,114.026299,22.6422,152
粤B842YU,114.026001,22.640699,153
粤B842YU,114.028702,22.6444,153
粤B842YU,114.033203,22.642799,154
粤B842YU,114.032097,22.6388,155
粤B842YU,114.033203,22.638399,156
粤B842YU,114.033203,22.6385,157
粤B842YU,114.033203,22.6385,158
粤B842YU,114.033203,22.6385,158
粤B842YU,114.032997,22.6385,159
粤B842YU,114.032997,22.638399,160
粤B842YU,114.032997,22.638399,161
粤B842YU,114.032997,22.638399,162
粤B842YU,114.033096,22.638399,163
粤B842YU,114.033096,22.638399,163
粤B842YU,114.033096,22.638399,164
粤B842YU,114.033096,22.638399,165
粤B842YU,114.033096,22.638399,166
粤B842YU,114.033096,22.638399,167
粤B842YU,114.033096,22.638399,168
粤B842YU,114.033096,22.638399,168
粤B842YU,114.033096,22.638399,169
粤B842YU,114.033096,22.638399,170
粤B842YU,114.031998,22.639,171
粤B842YU,114.033501,22.642599,172
粤B842YU,114.038597,22.652,173
粤B842YU,114.036598,22.6485,173
粤B842YU,114.038597,22.652,174
粤B842YU,114.036003,22.6551,175
粤B842YU,114.037201,22.658001,176
粤B842YU,114.037903,22.6597,177
粤B842YU,114.0383,22.669901,178
粤B842YU,114.037804,22.668501,178
粤B842YU,114.037102,22.670601,179
粤B842YU,114.036003,22.6551,180
粤B842YU,114.033096,22.6703,180
粤B842YU,114.027702,22.667999,182
粤B842YU,114.0299,22.6654,183
粤B842YU,114.014999,22.644199,192
粤B842YU,114.016899,22.6427,193
粤B842YU,114.0168,22.642099,193
粤B842YU,114.021004,22.641701,194
粤B842YU,114.025597,22.640499,195
粤B842YU,114.025597,22.640499,196
粤B842YU,114.027802,22.6446,197
粤B842YU,114.0326,22.6387,198
粤B842YU,114.033203,22.642099,198
粤B842YU,114.033302,22.638399,199
粤B842YU,114.033302,22.6385,200
粤B842YU,114.031898,22.6381,201
粤B842YU,114.031998,22.634501,202
粤B842YU,114.032898,22.6287,203
粤B842YU,114.031998,22.634501,203
粤B842YU,114.033401,22.6278,204
粤B842YU,114.033897,22.626801,205
粤B842YU,114.033401,22.627899,206
粤B842YU,114.032303,22.630501,207
粤B842YU,114.031998,22.635799,208
粤B842YU,114.032402,22.6387,208
粤B842YU,114.033302,22.638399,209
粤B842YU,114.033096,22.638399,210
粤B842YU,114.033096,22.638399,211
粤B842YU,114.033096,22.638399,212
粤B842YU,114.033096,22.638399,213
粤B842YU,114.033096,22.638399,213
粤B842YU,114.033096,22.638399,214
粤B842YU,114.032997,22.638599,215
粤B842YU,114.032898,22.6385,216
粤B842YU,114.032898,22.6385,217
粤B842YU,114.0326,22.638599,218
粤B842YU,114.032097,22.6346,218
粤B842YU,114.032097,22.630199,219
粤B842YU,114.033501,22.624901,220
粤B842YU,114.030998,22.624001,221
粤B842YU,114.031097,22.6236,222
粤B842YU,114.031898,22.624399,223
粤B842YU,114.034103,22.625,223
粤B842YU,114.0336,22.6278,224
粤B842YU,114.032402,22.6329,225
粤B842YU,114.031799,22.6383,226
粤B842YU,114.032997,22.6385,227
粤B842YU,114.032997,22.6385,228
粤B842YU,114.032997,22.6385,228
粤B842YU,114.032997,22.6385,229
粤B842YU,114.0327,22.6385,231
粤B842YU,114.0327,22.6385,233
粤B842YU,114.033203,22.641701,233
粤B842YU,114.038002,22.641701,234
粤B842YU,114.039803,22.6455,235
粤B842YU,114.040604,22.6476,236
粤B842YU,114.040703,22.6469,237
粤B842YU,114.040497,22.645399,238
粤B842YU,114.0327,22.6385,238
粤B842YU,114.045898,22.642099,238
粤B842YU,114.045799,22.6387,239
粤B842YU,114.050499,22.6376,240
粤B842YU,114.055298,22.636101,241
粤B842YU,114.054703,22.6434,242
粤B842YU,114.060898,22.644199,243
粤B842YU,114.061302,22.646999,243
粤B842YU,114.062103,22.6527,244
粤B842YU,114.063797,22.6562,245
粤B842YU,114.064697,22.6574,246
粤B842YU,114.066299,22.6591,247
粤B842YU,114.0672,22.660101,248
粤B842YU,114.066704,22.660999,249
粤B842YU,114.0672,22.660101,249
粤B842YU,114.066704,22.660999,250
粤B842YU,114.062103,22.661301,251
粤B842YU,114.062202,22.6612,252
粤B842YU,114.066597,22.66,253
粤B842YU,114.062103,22.660999,253
粤B842YU,114.063698,22.656401,254
粤B842YU,114.061798,22.652,255
粤B842YU,114.061203,22.6474,256
粤B842YU,114.061096,22.644501,257
粤B842YU,114.061096,22.644501,258
粤B842YU,114.059502,22.638399,259
粤B842YU,114.0616,22.6413,259
粤B842YU,114.055901,22.6362,260
粤B842YU,114.0504,22.638,261
粤B842YU,114.045799,22.6401,262
粤B842YU,114.0401,22.645599,263
粤B842YU,114.044601,22.6441,263
粤B842YU,114.0401,22.645599,264
粤B842YU,114.039001,22.643,265
粤B842YU,114.0373,22.6394,266
粤B842YU,114.033699,22.6385,267
粤B842YU,114.033203,22.638399,268
粤B842YU,114.033203,22.638399,269
粤B842YU,114.033203,22.638399,269
粤B842YU,114.033203,22.638399,270
粤B842YU,114.032097,22.6388,271
粤B842YU,114.032097,22.6346,272
粤B842YU,114.032097,22.634199,273
粤B842YU,114.032799,22.628401,274
粤B842YU,114.033699,22.625099,274
粤B842YU,114.0345,22.624201,275
粤B842YU,114.036797,22.6175,276
粤B842YU,114.035004,22.616199,277
粤B842YU,114.036903,22.6171,278
粤B842YU,114.035896,22.6201,279
粤B842YU,114.034401,22.624701,279
粤B842YU,114.034401,22.624901,280
粤B842YU,114.032898,22.628599,281
粤B842YU,114.032501,22.633499,282
粤B842YU,114.032204,22.633801,283
粤B842YU,114.0317,22.636801,284
粤B842YU,114.033302,22.6383,284
粤B842YU,114.0327,22.638599,285
粤B842YU,114.0326,22.6387,286
粤B842YU,114.0326,22.6387,287
粤B842YU,114.033203,22.638599,288
粤B842YU,114.033203,22.638599,289
粤B842YU,114.033203,22.638599,289
粤B842YU,114.033203,22.638599,290
粤B842YU,114.033203,22.638599,291
粤B842YU,114.033203,22.638599,292
粤B842YU,114.033203,22.638599,293
粤B842YU,114.033203,22.638599,294
粤B842YU,114.033203,22.638599,294
粤B842YU,114.033203,22.638599,294
粤B842YU,114.032898,22.638599,295
粤B842YU,114.032097,22.639,296
粤B842YU,114.033302,22.642599,297
粤B842YU,114.033203,22.638599,298
粤B842YU,114.033302,22.642599,298
粤B842YU,114.028801,22.644501,299
粤B842YU,114.030701,22.6472,299
粤B842YU,114.031799,22.6479,300
粤B842YU,114.0364,22.6471,301
粤B842YU,114.040398,22.645399,302
粤B842YU,114.045403,22.643801,303
粤B842YU,114.045601,22.6394,304
粤B842YU,114.042198,22.6395,304
粤B842YU,114.0382,22.6415,305
粤B842YU,114.037201,22.6392,306
粤B842YU,114.035004,22.638901,307
粤B842YU,114.037399,22.639601,308
粤B842YU,114.045799,22.6397,309
粤B842YU,114.040298,22.640499,309
粤B842YU,114.046097,22.6422,310
粤B842YU,114.043098,22.6448,311
粤B842YU,114.0401,22.645599,312
粤B842YU,114.039703,22.6453,313
粤B842YU,114.036598,22.6392,314
粤B842YU,114.037903,22.6418,314
粤B842YU,114.033302,22.638201,315
粤B842YU,114.032997,22.6383,316
粤B842YU,114.032997,22.6383,317
粤B842YU,114.032997,22.6383,318
粤B842YU,114.032997,22.6383,319
粤B842YU,114.032997,22.6383,319
粤B842YU,114.032997,22.6383,320
粤B842YU,114.032997,22.6383,321
粤B842YU,114.032997,22.6383,322
粤B842YU,114.032997,22.6383,323
粤B842YU,114.032997,22.6383,324
粤B842YU,114.032997,22.6383,324
粤B842YU,114.032997,22.6383,325
粤B842YU,114.032997,22.6383,326
粤B842YU,114.033401,22.6383,327
粤B842YU,114.035797,22.6387,328
粤B842YU,114.037498,22.6402,329
粤B842YU,114.040604,22.640301,329
粤B842YU,114.0448,22.638599,330
粤B842YU,114.047897,22.638201,331
粤B842YU,114.055199,22.636,332
粤B842YU,114.055603,22.6359,333
粤B842YU,114.057198,22.635201,334
粤B842YU,114.058502,22.6348,334
粤B842YU,114.058502,22.6348,335
粤B842YU,114.058098,22.6348,336
粤B842YU,114.057503,22.635099,337
粤B842YU,114.058502,22.633699,338
粤B842YU,114.056396,22.633301,339
粤B842YU,114.055496,22.632401,339
粤B842YU,114.055397,22.6273,340
粤B842YU,114.053497,22.625401,341
粤B842YU,114.0504,22.624399,342
粤B842YU,114.046204,22.621099,343
粤B842YU,114.035202,22.616501,344
粤B842YU,114.031403,22.614201,346
粤B842YU,114.029503,22.6127,347
粤B842YU,114.027496,22.6129,348
粤B842YU,114.026398,22.613001,349
粤B842YU,114.024803,22.612301,349
粤B842YU,114.024803,22.612301,350
粤B842YU,114.024803,22.612301,351
粤B842YU,114.024803,22.612301,352
粤B842YU,114.029297,22.6122,353
粤B842YU,114.032204,22.6147,354
粤B842YU,114.029297,22.612101,354
粤B842YU,114.024803,22.612301,355
粤B842YU,114.032204,22.6147,355
粤B842YU,114.035301,22.6166,356
粤B842YU,114.034401,22.624901,358
粤B842YU,114.032204,22.630699,359
粤B842YU,114.032204,22.6339,360
粤B842YU,114.032204,22.6339,361
粤B842YU,114.032097,22.639299,362
粤B842YU,114.033302,22.642799,363
粤B842YU,114.033302,22.6427,364
粤B842YU,114.023903,22.6464,366
粤B842YU,114.023201,22.6464,367
粤B842YU,114.017899,22.646799,368
粤B842YU,114.013496,22.651199,369
粤B842YU,114.016098,22.6481,369
粤B842YU,114.012802,22.651199,370
粤B842YU,114.010902,22.6499,371
粤B842YU,114.008301,22.6485,372
粤B842YU,114.005699,22.651699,373
粤B842YU,114.004303,22.6532,374
粤B842YU,114.005402,22.6516,374
粤B842YU,114.004898,22.6562,375
粤B842YU,114.004799,22.6579,376
粤B842YU,114.0056,22.6558,377
粤B842YU,114.008301,22.652201,378
粤B842YU,114.006302,22.650801,379
粤B842YU,114.009399,22.649,379
粤B842YU,114.005203,22.652,380
粤B842YU,114.004997,22.652399,381
粤B842YU,114.004997,22.652399,382
粤B842YU,114.004997,22.6523,383
粤B842YU,114.004997,22.6523,384
粤B842YU,114.004997,22.6523,384
粤B842YU,114.004997,22.6523,385
粤B842YU,114.004997,22.6523,389
粤B842YU,114.004997,22.6523,392
粤B842YU,114.004898,22.652399,393
粤B842YU,114.005203,22.6525,394
粤B842YU,114.005203,22.6525,397
粤B842YU,114.005096,22.652399,398
粤B842YU,114.004997,22.652399,399
粤B842YU,114.0047,22.6576,402
粤B842YU,114.007004,22.6577,403
粤B842YU,114.007896,22.659901,404
粤B842YU,114.014297,22.665501,405
粤B842YU,114.016296,22.666201,406
粤B842YU,114.016296,22.666201,407
粤B842YU,114.012299,22.6644,408
粤B842YU,114.011497,22.663799,409
粤B842YU,114.008301,22.6616,409
粤B842YU,114.008202,22.661501,412
粤B842YU,114.008003,22.661301,413
粤B842YU,114.008598,22.661301,414
粤B842YU,114.016197,22.6661,417
粤B842YU,114.014801,22.668699,418
粤B842YU,114.012199,22.672501,419
粤B842YU,114.0103,22.676001,427
粤B842YU,114.0103,22.676001,428
粤B842YU,114.0103,22.676001,429
粤B842YU,114.0103,22.6761,432
粤B842YU,114.0103,22.6761,433
粤B842YU,114.0103,22.6761,434
粤B842YU,114.0103,22.676201,438
粤B842YU,114.0103,22.676399,439
粤B842YU,114.010201,22.676201,442
粤B842YU,114.010201,22.676201,443
粤B842YU,114.010201,22.676201,444
粤B842YU,114.010201,22.676001,447
粤B842YU,114.010201,22.676001,448
粤B842YU,114.010201,22.676001,449
粤B842YU,114.010201,22.676001,450
粤B842YU,114.010201,22.676001,451
粤B842YU,114.0103,22.676001,452
粤B842YU,114.010201,22.676001,459
粤B842YU,114.010201,22.676001,462
粤B842YU,114.0103,22.6759,463
粤B842YU,114.010399,22.6759,464
粤B842YU,114.0103,22.676001,465
粤B842YU,114.010201,22.676001,471
粤B842YU,114.010201,22.676001,472
粤B842YU,114.0103,22.676001,473
粤B842YU,114.0103,22.676001,474
粤B842YU,114.010201,22.6761,477
粤B842YU,114.010002,22.676201,478
粤B842YU,114.010201,22.6761,479
粤B842YU,114.009697,22.6765,482
粤B842YU,114.009903,22.676201,483
粤B842YU,114.0103,22.676001,489
粤B842YU,114.0103,22.676001,492
粤B842YU,114.0103,22.676001,493
粤B842YU,114.0103,22.676001,494
粤B842YU,114.010201,22.676001,497
粤B842YU,114.010201,22.676001,498
粤B842YU,114.010201,22.676001,499
粤B842YU,114.010201,22.676001,502
粤B842YU,114.010201,22.676001,503
粤B842YU,114.010201,22.676001,504
粤B842YU,114.010201,22.676001,507
粤B842YU,114.010201,22.676001,508
粤B842YU,114.010201,22.676001,509
粤B842YU,114.0187,22.6628,564
粤B842YU,114.017303,22.6591,565
粤B842YU,114.016701,22.6611,565
粤B842YU,114.016701,22.658199,566
粤B842YU,114.016701,22.658199,567
粤B842YU,114.017899,22.656099,568
粤B842YU,114.018303,22.6551,569
粤B842YU,114.014603,22.6528,570
粤B842YU,114.013199,22.651699,570
粤B842YU,114.013199,22.651699,571
粤B842YU,114.011101,22.650299,572
粤B842YU,114.009697,22.6492,573
粤B842YU,114.009499,22.649,574
粤B842YU,114.008499,22.648399,575
粤B842YU,114.008499,22.648399,575
粤B842YU,114.008499,22.648399,576
粤B842YU,114.007401,22.6476,577
粤B842YU,114.005402,22.646601,578
粤B842YU,114.003899,22.645599,579
粤B842YU,114.0019,22.6444,580
粤B842YU,114.002899,22.645,580
粤B842YU,114.001297,22.643999,581
粤B842YU,114.000999,22.6439,582
粤B842YU,114.0009,22.643801,583
粤B842YU,114.000397,22.643499,584
粤B842YU,113.999702,22.643101,585
粤B842YU,113.997803,22.647699,585
粤B842YU,113.994003,22.653799,586
粤B842YU,113.989998,22.659401,587
粤B842YU,113.986198,22.662701,588
粤B842YU,113.982399,22.6702,589
粤B842YU,113.977097,22.677401,590
粤B842YU,113.972504,22.682699,590
粤B842YU,113.968399,22.688,591
粤B842YU,113.9655,22.6891,592
粤B842YU,113.9655,22.688101,593
粤B842YU,113.960297,22.684601,594
粤B842YU,113.943604,22.6758,595
粤B842YU,113.951302,22.681299,595
粤B842YU,113.935501,22.6712,596
粤B842YU,113.928101,22.6663,597
粤B842YU,113.921204,22.660299,598
粤B842YU,113.910599,22.6591,599
粤B842YU,113.885902,22.6584,600
粤B842YU,113.898697,22.6593,600
粤B842YU,113.858902,22.637199,604
粤B842YU,113.858803,22.636999,605
粤B842YU,113.858597,22.6366,607
粤B842YU,113.858498,22.6366,608
粤B842YU,113.858597,22.6367,609
粤B842YU,113.858803,22.636999,610
粤B842YU,113.854599,22.6311,610
粤B842YU,113.8479,22.6234,611
粤B842YU,113.851501,22.6245,612
粤B842YU,113.854301,22.6257,613
粤B842YU,113.8573,22.6252,614
粤B842YU,113.855598,22.6215,615
粤B842YU,113.856598,22.622801,615
粤B842YU,113.855103,22.6201,616
粤B842YU,113.856003,22.617399,617
粤B842YU,113.857201,22.614,618
粤B842YU,113.859596,22.611401,619
粤B842YU,113.868896,22.6022,620
粤B842YU,113.8657,22.605301,620
粤B842YU,113.866096,22.599199,621
粤B842YU,113.868103,22.596399,622
粤B842YU,113.825203,22.615101,645
粤B842YU,113.818001,22.6119,645
粤B842YU,113.816002,22.615101,646
粤B842YU,113.812698,22.621,647
粤B842YU,113.813103,22.623501,648
粤B842YU,113.813103,22.623501,649
粤B842YU,113.813103,22.623501,650
粤B842YU,113.813103,22.623501,650
粤B842YU,113.813103,22.623501,651
粤B842YU,113.813103,22.623501,652
粤B842YU,113.813103,22.623501,653
粤B842YU,113.813103,22.623501,654
粤B842YU,113.813103,22.623501,655
粤B842YU,113.813103,22.623501,655
粤B842YU,113.813103,22.623501,656
粤B842YU,113.813103,22.623501,657
粤B842YU,113.813103,22.623501,658
粤B842YU,113.813103,22.623501,659
粤B842YU,113.813103,22.623501,660
粤B842YU,113.813103,22.623501,662
粤B842YU,113.813103,22.623501,663
粤B842YU,113.813103,22.623501,665
粤B842YU,113.813103,22.623501,665
粤B842YU,113.813103,22.623501,666
粤B842YU,113.813103,22.623501,667
粤B842YU,113.813103,22.623501,668
粤B842YU,113.813103,22.623501,669
粤B842YU,113.813103,22.623501,670
粤B842YU,113.813103,22.623501,670
粤B842YU,113.813103,22.623501,671
粤B842YU,113.813103,22.623501,672
粤B842YU,113.813103,22.623501,673
粤B842YU,113.813103,22.623501,674
粤B842YU,113.813103,22.623501,675
粤B842YU,113.813103,22.623501,675
粤B842YU,113.813103,22.623501,676
粤B842YU,113.813103,22.623501,677
粤B842YU,113.813103,22.623501,678
粤B842YU,113.813103,22.623501,678
粤B842YU,113.813301,22.624001,679
粤B842YU,113.813301,22.6241,680
粤B842YU,113.813301,22.6241,680
粤B842YU,113.813301,22.6241,681
粤B842YU,113.813301,22.6241,682
粤B842YU,113.813301,22.6241,683
粤B842YU,113.813301,22.6241,684
粤B842YU,113.813301,22.6241,685
粤B842YU,113.813301,22.6241,685
粤B842YU,113.813301,22.6241,686
粤B842YU,113.813301,22.6241,687
粤B842YU,113.813301,22.6241,688
粤B842YU,113.813301,22.6241,689
粤B842YU,113.813301,22.6241,690
粤B842YU,113.813301,22.6241,691
粤B842YU,113.813301,22.6241,691
粤B842YU,113.813301,22.6241,692
粤B842YU,113.813301,22.6241,693
粤B842YU,113.813301,22.6241,694
粤B842YU,113.813301,22.6241,695
粤B842YU,113.813301,22.6241,695
粤B842YU,113.813301,22.6241,696
粤B842YU,113.813301,22.6241,697
粤B842YU,113.813301,22.6241,698
粤B842YU,113.813301,22.6241,699
粤B842YU,113.813301,22.6241,700
粤B842YU,113.813301,22.6241,701
粤B842YU,113.813301,22.6241,701
粤B842YU,113.813301,22.6241,702
粤B842YU,113.813499,22.624701,703
粤B842YU,113.813103,22.6257,704
粤B842YU,113.813004,22.6259,705
粤B842YU,113.813004,22.6259,706
粤B842YU,113.813004,22.6259,706
粤B842YU,113.813004,22.6259,707
粤B842YU,113.813004,22.6259,708
粤B842YU,113.813004,22.6259,709
粤B842YU,113.813004,22.6259,710
粤B842YU,113.813004,22.6259,711
粤B842YU,113.813004,22.6259,711
粤B842YU,113.813004,22.6259,712
粤B842YU,113.813004,22.6259,713
粤B842YU,113.813004,22.6259,714
粤B842YU,113.813004,22.6259,715
粤B842YU,113.813004,22.6259,716
粤B842YU,113.813004,22.6259,716
粤B842YU,113.813004,22.6259,717
粤B842YU,113.813004,22.6259,718
粤B842YU,113.813004,22.6259,719
粤B842YU,113.813004,22.6259,720
粤B842YU,113.812897,22.6259,723
粤B842YU,113.8423,22.745199,819
粤B842YU,113.843399,22.752199,819
粤B842YU,113.843803,22.757401,820
粤B842YU,113.844597,22.7609,821
粤B842YU,113.844704,22.7612,822
粤B842YU,113.8451,22.763399,823
粤B842YU,113.844704,22.7684,824
粤B842YU,113.845299,22.7652,824
粤B842YU,113.843597,22.770399,825
粤B842YU,113.843201,22.771,826
粤B842YU,113.843201,22.771,827
粤B842YU,113.842796,22.7719,828
粤B842YU,113.846397,22.7731,829
粤B842YU,113.843399,22.7721,829
粤B842YU,113.847603,22.773399,830
粤B842YU,113.847603,22.773399,831
粤B842YU,113.850098,22.7743,832
粤B842YU,113.853203,22.7771,833
粤B842YU,113.853203,22.7771,834
粤B842YU,113.8554,22.7803,834
粤B842YU,113.861801,22.783501,835
粤B842YU,113.865997,22.785,836
粤B842YU,113.865997,22.785101,837
粤B842YU,113.897301,22.770201,859
粤B842YU,113.897301,22.770201,861
粤B842YU,113.898201,22.767599,862
粤B842YU,113.898598,22.7665,863
粤B842YU,113.898598,22.7665,864
粤B842YU,113.8993,22.7642,865
粤B842YU,113.898697,22.766399,865
粤B842YU,113.900703,22.760099,866
粤B842YU,113.901398,22.758301,867
粤B842YU,113.901604,22.7575,869
粤B842YU,113.902802,22.7535,870
粤B842YU,113.902802,22.754101,870
粤B842YU,113.902802,22.7535,871
粤B842YU,113.902802,22.753099,872
粤B842YU,113.901398,22.75,873
粤B842YU,113.900803,22.7526,874
粤B842YU,113.900803,22.7526,875
粤B842YU,113.900703,22.752701,875
粤B842YU,113.9011,22.7507,876
粤B842YU,113.902298,22.749701,877
粤B842YU,113.901604,22.746901,878
粤B842YU,113.901703,22.743799,879
粤B842YU,113.898499,22.74,880
粤B842YU,113.895203,22.7395,881
粤B842YU,113.889603,22.738701,882
粤B842YU,113.885498,22.738701,883
粤B842YU,113.881798,22.739799,884
粤B842YU,113.881203,22.741501,885
粤B842YU,113.880898,22.740601,885
粤B842YU,113.883301,22.733801,886
粤B842YU,113.881599,22.724701,887
粤B842YU,113.881302,22.715,888
粤B842YU,113.884399,22.705799,889
粤B842YU,113.886597,22.688801,890
粤B842YU,113.887398,22.697001,890
粤B842YU,113.888,22.680099,891
粤B842YU,113.890404,22.672001,892
粤B842YU,113.892303,22.6646,893
粤B842YU,113.897202,22.656,894
粤B842YU,113.906799,22.6409,895
粤B842YU,113.904999,22.648701,895
粤B842YU,113.908699,22.6343,896
粤B842YU,113.9132,22.627501,897
粤B842YU,113.917801,22.6217,898
粤B842YU,113.918404,22.620899,899
粤B842YU,113.9207,22.6173,900
粤B842YU,113.9039,22.575001,911
粤B842YU,113.900803,22.5725,912
粤B842YU,113.899498,22.572399,913
粤B842YU,113.8993,22.572201,914
粤B842YU,113.896599,22.569799,915
粤B842YU,113.892097,22.5683,917
粤B842YU,113.887901,22.5723,919
粤B842YU,113.885201,22.574699,920
粤B842YU,113.887199,22.572901,920
粤B842YU,113.896599,22.569799,920
粤B842YU,113.882599,22.577,922
粤B842YU,113.879799,22.5795,923
粤B842YU,113.874298,22.585199,924
粤B842YU,113.870697,22.589199,925
粤B842YU,113.868202,22.5933,925
粤B842YU,113.865601,22.597601,926
粤B842YU,113.863503,22.6007,927
粤B842YU,113.859299,22.6066,928
粤B842YU,113.854897,22.612499,929
粤B842YU,113.845398,22.626301,930
粤B842YU,113.8508,22.619699,930
粤B842YU,113.842796,22.631001,931
粤B842YU,113.841599,22.632401,932
粤B842YU,113.839401,22.635099,933
粤B842YU,113.839897,22.633699,934
粤B842YU,113.843002,22.6301,935
粤B842YU,113.8452,22.6262,935
粤B842YU,113.846001,22.6227,936
粤B842YU,113.841202,22.6213,937
粤B842YU,113.833801,22.619101,938
粤B842YU,113.825104,22.615,939
粤B842YU,113.816399,22.6143,940
粤B842YU,113.817596,22.612,940
粤B842YU,113.814003,22.6187,941
粤B842YU,113.812897,22.6234,942
粤B842YU,113.813004,22.623501,943
粤B842YU,113.813004,22.623501,944
粤B842YU,113.813103,22.623899,945
粤B842YU,113.813004,22.623501,945
粤B842YU,113.813301,22.6243,946
粤B842YU,113.813301,22.624399,947
粤B842YU,113.813301,22.624399,948
粤B842YU,113.813301,22.624399,949
粤B842YU,113.813301,22.624399,950
粤B842YU,113.813301,22.624399,950
粤B842YU,113.813301,22.624399,951
粤B842YU,113.813301,22.624399,953
粤B842YU,113.813301,22.624399,954
粤B842YU,113.813301,22.624399,954
粤B842YU,113.813301,22.624399,955
粤B842YU,113.8134,22.6245,956
粤B842YU,113.813301,22.6252,957
粤B842YU,113.813202,22.625401,958
粤B842YU,113.813202,22.625401,959
粤B842YU,113.813202,22.625401,959
粤B842YU,113.813202,22.625401,960
粤B842YU,113.813202,22.625401,961
粤B842YU,113.813202,22.625401,962
粤B842YU,113.813202,22.625401,963
粤B842YU,113.813202,22.625401,964
粤B842YU,113.813202,22.625401,964
粤B842YU,113.813202,22.625401,965
粤B842YU,113.812798,22.626499,969
粤B842YU,113.812798,22.626499,970
粤B842YU,113.812798,22.626499,971
粤B842YU,113.812798,22.626499,972
粤B842YU,113.8125,22.627199,973
粤B842YU,113.8125,22.627199,974
粤B842YU,113.8125,22.627199,974
粤B842YU,113.8125,22.627199,975
粤B842YU,113.8125,22.627199,976
粤B842YU,113.8125,22.627199,977
粤B842YU,113.8125,22.627199,978
粤B842YU,113.8125,22.627199,979
粤B842YU,113.8125,22.627199,979
粤B842YU,113.8125,22.627199,980
粤B842YU,113.8125,22.627199,981
粤B842YU,113.8125,22.627199,982
粤B842YU,113.8125,22.627199,983
粤B842YU,113.811699,22.627899,984
粤B842YU,113.812302,22.6271,984
粤B842YU,113.811699,22.627899,985
粤B842YU,113.811699,22.627899,986
粤B842YU,113.811699,22.627899,987
粤B842YU,113.8125,22.627199,988
粤B842YU,113.811699,22.627899,988
粤B842YU,113.810097,22.627501,989
粤B842YU,113.810097,22.627501,989
粤B842YU,113.810097,22.627501,990
粤B842YU,113.810097,22.627501,991
粤B842YU,113.8097,22.6273,992
粤B842YU,113.8097,22.6273,993
粤B842YU,113.809898,22.626801,994
粤B842YU,113.809998,22.626301,995
粤B842YU,113.809998,22.626301,996
粤B842YU,113.810303,22.626499,997
粤B842YU,113.810402,22.626499,997
粤B842YU,113.8097,22.6255,998
粤B842YU,113.808403,22.620701,999
粤B842YU,113.812302,22.6136,1000
粤B842YU,113.817703,22.610001,1001
粤B842YU,113.822899,22.6138,1002
粤B842YU,113.829201,22.616699,1002
粤B842YU,113.835602,22.619499,1003
粤B842YU,113.843002,22.621599,1004
粤B842YU,113.849403,22.624201,1005
粤B842YU,113.851196,22.624599,1006
粤B842YU,113.856903,22.625299,1007
粤B842YU,113.853996,22.6255,1007
粤B842YU,113.855797,22.6217,1008
粤B842YU,113.8554,22.621401,1009
粤B842YU,113.8554,22.621401,1010
粤B842YU,113.855598,22.6187,1011
粤B842YU,113.855202,22.613001,1012
粤B842YU,113.856598,22.615601,1012
粤B842YU,113.857201,22.6119,1013
粤B842YU,113.857803,22.6103,1014
粤B842YU,113.857101,22.609699,1015
粤B842YU,113.852097,22.617901,1016
粤B842YU,113.8545,22.6136,1016
粤B842YU,113.851997,22.6187,1017
粤B842YU,113.843597,22.5993,1029
粤B842YU,113.844101,22.599701,1030
粤B842YU,113.841301,22.6056,1031
粤B842YU,113.841003,22.6063,1031
粤B842YU,113.841003,22.6063,1032
粤B842YU,113.838997,22.610399,1033
粤B842YU,113.836304,22.616199,1034
粤B842YU,113.834999,22.618999,1036
粤B842YU,113.834999,22.618999,1036
粤B842YU,113.834999,22.618999,1037
粤B842YU,113.832001,22.618299,1038
粤B842YU,113.823997,22.6145,1039
粤B842YU,113.817596,22.612,1040
粤B842YU,113.816101,22.614901,1041
粤B842YU,113.812103,22.6227,1041
粤B842YU,113.813301,22.624201,1042
粤B842YU,113.813301,22.624201,1043
粤B842YU,113.813301,22.624201,1044
粤B842YU,113.813301,22.624201,1045
粤B842YU,113.813301,22.624201,1046
粤B842YU,113.813301,22.624201,1046
粤B842YU,113.813301,22.624201,1047
粤B842YU,113.813301,22.624201,1048
粤B842YU,113.813301,22.624201,1049
粤B842YU,113.813301,22.624201,1050
粤B842YU,113.813301,22.624201,1051
粤B842YU,113.813301,22.624201,1051
粤B842YU,113.813301,22.624201,1052
粤B842YU,113.813301,22.624201,1053
粤B842YU,113.813301,22.624201,1054
粤B842YU,113.813301,22.624201,1055
粤B842YU,113.813301,22.624201,1056
粤B842YU,113.813301,22.624201,1056
粤B842YU,113.8134,22.624599,1057
粤B842YU,113.813301,22.624201,1059
粤B842YU,113.8134,22.624701,1059
粤B842YU,113.8134,22.624701,1060
粤B842YU,113.8134,22.624701,1061
粤B842YU,113.8134,22.624701,1061
粤B842YU,113.8134,22.624701,1062
粤B842YU,113.8134,22.624701,1063
粤B842YU,113.8134,22.624701,1064
粤B842YU,113.8134,22.624701,1065
粤B842YU,113.8134,22.624701,1066
粤B842YU,113.8134,22.624701,1066
粤B842YU,113.8134,22.624701,1067
粤B842YU,113.8134,22.624701,1068
粤B842YU,113.8134,22.624701,1069
粤B842YU,113.8134,22.624701,1070
粤B842YU,113.8134,22.624701,1071
粤B842YU,113.8134,22.624701,1071
粤B842YU,113.813202,22.6255,1072
粤B842YU,113.812599,22.626499,1073
粤B842YU,113.812599,22.626499,1074
粤B842YU,113.812599,22.626499,1075
粤B842YU,113.812599,22.626499,1076
粤B842YU,113.812599,22.626499,1076
粤B842YU,113.812599,22.626499,1077
粤B842YU,113.812599,22.626499,1078
粤B842YU,113.812599,22.626499,1079
粤B842YU,113.812599,22.626499,1080
粤B842YU,113.812599,22.626499,1081
粤B842YU,113.812599,22.626499,1081
粤B842YU,113.812599,22.626499,1082
粤B842YU,113.812599,22.626499,1083
粤B842YU,113.812599,22.626499,1084
粤B842YU,113.811897,22.6278,1085
粤B842YU,113.811897,22.6278,1086
粤B842YU,113.811897,22.6278,1086
粤B842YU,113.811798,22.627899,1087
粤B842YU,113.811798,22.627899,1088
粤B842YU,113.811798,22.627899,1089
粤B842YU,113.811798,22.627899,1090
粤B842YU,113.811798,22.627899,1091
粤B842YU,113.810898,22.6278,1092
粤B842YU,113.811798,22.627899,1092
粤B842YU,113.810699,22.627701,1093
粤B842YU,113.810699,22.627701,1094
粤B842YU,113.810699,22.627701,1095
粤B842YU,113.810699,22.627701,1096
粤B842YU,113.810699,22.627701,1096
粤B842YU,113.810501,22.627501,1097
粤B842YU,113.810204,22.627399,1098
粤B842YU,113.809998,22.627399,1099
粤B842YU,113.809998,22.627399,1100
粤B842YU,113.809998,22.627399,1101
粤B842YU,113.8097,22.627199,1102
粤B842YU,113.8097,22.627199,1102
粤B842YU,113.809799,22.6271,1103
粤B842YU,113.810303,22.626499,1104
粤B842YU,113.810097,22.6264,1104
粤B842YU,113.806602,22.623899,1105
粤B842YU,113.809799,22.618299,1106
粤B842YU,113.813797,22.611099,1107
粤B842YU,113.819,22.611099,1108
粤B842YU,113.826599,22.615601,1109
粤B842YU,113.835503,22.6196,1109
粤B842YU,113.844398,22.621901,1110
粤B842YU,113.849503,22.6243,1111
粤B842YU,113.857803,22.634899,1114
粤B842YU,113.856499,22.6332,1114
粤B842YU,113.858597,22.6359,1115
粤B842YU,113.859596,22.6381,1116
粤B842YU,113.8619,22.646601,1117
粤B842YU,113.868401,22.6551,1118
粤B842YU,113.891098,22.658899,1119
粤B842YU,113.8797,22.657301,1119
粤B842YU,113.895103,22.6591,1120
粤B842YU,113.896797,22.659201,1121
粤B842YU,113.899101,22.659201,1122
粤B842YU,113.8619,22.646601,1123
粤B842YU,113.900902,22.6591,1123
粤B842YU,113.902802,22.6591,1124
粤B842YU,113.906403,22.659,1124
粤B842YU,113.911499,22.658899,1125
粤B842YU,113.920197,22.6598,1126
粤B842YU,113.868401,22.6551,1126
粤B842YU,113.928497,22.666599,1127
粤B842YU,113.937599,22.672001,1128
粤B842YU,113.946297,22.6779,1129
粤B842YU,113.953796,22.682301,1129
粤B842YU,113.962402,22.684999,1130
粤B842YU,113.966499,22.6859,1131
粤B842YU,113.967102,22.6861,1132
粤B842YU,113.968498,22.685801,1133
粤B842YU,113.966797,22.686001,1134
粤B842YU,113.9757,22.678499,1143
粤B842YU,113.987503,22.670601,1144
粤B842YU,113.979599,22.6751,1144
粤B842YU,113.990097,22.6688,1145
粤B842YU,113.990402,22.668501,1146
粤B842YU,113.990601,22.6684,1147
粤B842YU,113.991997,22.6672,1149
粤B842YU,113.991402,22.667601,1149
粤B842YU,113.993103,22.666201,1150
粤B842YU,113.997002,22.662701,1151
粤B842YU,113.999199,22.6621,1153
粤B842YU,114.002502,22.6611,1154
粤B842YU,114.002502,22.6611,1154
粤B842YU,114.005898,22.660999,1155
粤B842YU,114.007301,22.660999,1156
粤B842YU,114.010002,22.6625,1157
粤B842YU,114.0103,22.662701,1158
粤B842YU,114.015701,22.6658,1159
粤B842YU,114.011101,22.6633,1159
粤B842YU,114.017097,22.6654,1160
粤B842YU,114.017998,22.664,1161
粤B842YU,114.018997,22.662399,1162
粤B842YU,114.020699,22.6604,1163
粤B842YU,114.019501,22.6619,1164
粤B842YU,114.0214,22.6609,1164
粤B842YU,114.019997,22.6628,1165
粤B842YU,114.021004,22.663601,1166
粤B842YU,114.026199,22.667299,1168
粤B842YU,114.027199,22.668501,1169
粤B842YU,114.027199,22.668501,1169
粤B842YU,114.0289,22.666599,1170
粤B842YU,114.030296,22.665199,1171
粤B842YU,114.0327,22.6684,1173
粤B842YU,114.033798,22.671301,1174
粤B842YU,114.037003,22.6707,1174
粤B842YU,114.037804,22.6703,1175
粤B842YU,114.037804,22.6703,1176
粤B842YU,114.040001,22.674101,1177
粤B842YU,114.044601,22.6745,1178
粤B842YU,114.047997,22.670799,1179
粤B842YU,114.049004,22.670401,1179
粤B842YU,114.051102,22.673,1180
粤B842YU,114.048698,22.6705,1181
粤B842YU,114.047897,22.671301,1182
粤B842YU,114.047203,22.6721,1183
粤B842YU,114.045097,22.6745,1184
粤B842YU,114.047699,22.6712,1184
粤B842YU,114.048698,22.6703,1185
粤B842YU,114.048698,22.6703,1186
粤B842YU,114.050102,22.6719,1187
粤B842YU,114.053703,22.6756,1188
粤B842YU,114.054398,22.6752,1189
粤B842YU,114.055801,22.677799,1190
粤B842YU,114.0541,22.677999,1190
粤B842YU,114.0569,22.6772,1191
粤B842YU,114.056,22.674299,1192
粤B842YU,114.053497,22.675501,1193
粤B842YU,114.0522,22.674101,1194
粤B842YU,114.0494,22.671101,1195
粤B842YU,114.047798,22.671301,1195
粤B842YU,114.047302,22.672001,1196
粤B842YU,114.043999,22.674801,1197
粤B842YU,114.0411,22.674601,1198
粤B842YU,114.039101,22.672501,1199
粤B842YU,114.036797,22.670799,1200
粤B842YU,114.0308,22.6667,1202
粤B842YU,114.028,22.662201,1204
粤B842YU,114.027603,22.662001,1205
粤B842YU,114.029503,22.66,1205
粤B842YU,114.031403,22.6583,1206
粤B842YU,114.034897,22.655199,1207
粤B842YU,114.033699,22.6509,1208
粤B842YU,114.030502,22.6497,1209
粤B842YU,114.030197,22.6497,1210
粤B842YU,114.0271,22.652399,1210
粤B842YU,114.025101,22.6551,1211
粤B842YU,114.025101,22.6551,1212
粤B842YU,114.024101,22.656401,1213
粤B842YU,114.022697,22.658001,1214
粤B842YU,114.021202,22.657301,1215
粤B842YU,114.022697,22.658001,1215
粤B842YU,114.0186,22.6556,1216
粤B842YU,114.016701,22.657499,1217
粤B842YU,114.016701,22.657499,1218
粤B842YU,114.0168,22.657,1219
粤B842YU,114.016602,22.654301,1220
粤B842YU,114.018402,22.655399,1220
粤B842YU,114.016403,22.6541,1221
粤B842YU,114.017502,22.6541,1222
粤B842YU,114.017998,22.6546,1223
粤B842YU,114.019096,22.6555,1224
粤B842YU,114.022301,22.658001,1225
粤B842YU,114.024597,22.6558,1225
粤B842YU,114.026398,22.6565,1226
粤B842YU,114.029503,22.6588,1227
粤B842YU,114.032898,22.657,1228
粤B842YU,114.034897,22.6553,1229
粤B842YU,114.0373,22.653099,1230
粤B842YU,114.035896,22.6544,1230
粤B842YU,114.037498,22.653,1231
粤B842YU,114.037102,22.649799,1232
粤B842YU,114.0345,22.644699,1233
粤B842YU,114.033203,22.642099,1234
粤B842YU,114.031799,22.636299,1235
粤B842YU,114.032303,22.6399,1235
粤B842YU,114.028999,22.6353,1236
粤B842YU,114.024696,22.635,1237
粤B842YU,114.025398,22.6313,1238
粤B842YU,114.025497,22.6308,1239
粤B842YU,114.027199,22.624901,1240
粤B842YU,114.029198,22.618999,1240
粤B842YU,114.027199,22.6175,1241
粤B842YU,114.0271,22.6173,1242
粤B842YU,114.026703,22.617001,1243
粤B842YU,114.026703,22.616301,1244
粤B842YU,114.0271,22.612801,1245
粤B842YU,114.028999,22.6126,1245
粤B842YU,114.026604,22.6126,1246
粤B842YU,114.027,22.6127,1247
粤B842YU,114.027,22.6127,1248
粤B842YU,114.027,22.6127,1249
粤B842YU,114.027,22.6127,1250
粤B842YU,114.028999,22.6122,1251
粤B842YU,114.036201,22.610201,1253
粤B842YU,114.038399,22.6075,1254
粤B842YU,114.038399,22.6075,1255
粤B842YU,114.042099,22.603201,1256
粤B842YU,114.043404,22.6014,1257
粤B842YU,114.045197,22.596901,1258
粤B842YU,114.048698,22.591801,1259
粤B842YU,114.052498,22.587601,1260
粤B842YU,114.055099,22.5805,1260
粤B842YU,114.060303,22.576799,1261
粤B842YU,114.061401,22.571899,1262
粤B842YU,114.061302,22.567101,1264
粤B842YU,114.065804,22.568701,1265
粤B842YU,114.072701,22.57,1265
粤B842YU,114.079697,22.572599,1266
粤B842YU,114.085197,22.5695,1267
粤B842YU,114.088997,22.5669,1268
粤B842YU,114.0961,22.568701,1269
粤B842YU,114.0989,22.569901,1270
粤B842YU,114.099998,22.570499,1270
粤B842YU,114.101196,22.571199,1271
粤B842YU,114.103401,22.5725,1272
粤B842YU,114.105499,22.5739,1273
粤B842YU,114.108803,22.5758,1274
粤B842YU,114.115097,22.5765,1275
粤B842YU,114.120796,22.576599,1275
粤B842YU,114.124901,22.5767,1276
粤B842YU,114.126701,22.5762,1277
粤B842YU,114.126999,22.575899,1278
粤B842YU,114.126999,22.5742,1279
粤B842YU,114.124802,22.5725,1280
粤B842YU,114.122299,22.572001,1280
粤B842YU,114.119301,22.5709,1281
粤B842YU,114.117897,22.572399,1282
粤B842YU,114.117104,22.576099,1283
粤B842YU,114.114899,22.5807,1284
粤B842YU,114.110802,22.5882,1285
粤B842YU,114.113503,22.5842,1285
粤B842YU,114.109398,22.591299,1286
粤B842YU,114.109802,22.5933,1287
粤B842YU,114.111397,22.5966,1288
粤B842YU,114.114998,22.601999,1289
粤B842YU,114.124496,22.608999,1290
粤B842YU,114.119003,22.606199,1290
粤B842YU,114.129997,22.612801,1291
粤B842YU,114.132004,22.615101,1292
粤B842YU,114.1334,22.6166,1294
粤B842YU,114.1362,22.620001,1295
粤B842YU,114.133598,22.6168,1295
粤B842YU,114.143799,22.622101,1298
粤B842YU,114.144096,22.6208,1299
粤B842YU,114.144203,22.620501,1300
粤B842YU,114.144203,22.620399,1300
粤B842YU,114.142303,22.622601,1304
粤B842YU,114.138901,22.622299,1305
粤B842YU,114.1408,22.6227,1305
粤B842YU,114.126404,22.610701,1310
粤B842YU,114.121696,22.6078,1310
粤B842YU,114.1175,22.6052,1311
粤B842YU,114.116302,22.6038,1312
粤B842YU,114.115997,22.603399,1313
粤B842YU,114.1138,22.6008,1314
粤B842YU,114.113098,22.604601,1316
粤B842YU,114.111504,22.6078,1317
粤B842YU,114.111,22.6087,1318
粤B842YU,114.115402,22.609501,1319
粤B842YU,114.122398,22.6129,1320
粤B842YU,114.122398,22.6129,1321
粤B842YU,114.124298,22.614,1322
粤B842YU,114.128799,22.611401,1323
粤B842YU,114.131897,22.614901,1324
粤B842YU,114.1325,22.615499,1325
粤B842YU,114.132896,22.615801,1325
粤B842YU,114.132896,22.615999,1326
粤B842YU,114.133797,22.6171,1327
粤B842YU,114.133797,22.6171,1328
粤B842YU,114.1362,22.6199,1329
粤B842YU,114.137901,22.6215,1330
粤B842YU,114.136703,22.6206,1330
粤B842YU,114.140404,22.621901,1331
粤B842YU,114.141197,22.6208,1332
粤B842YU,114.141296,22.619301,1333
粤B842YU,114.141098,22.618401,1334
粤B842YU,114.140602,22.6175,1335
粤B842YU,114.139801,22.616199,1335
粤B842YU,114.139503,22.612499,1337
粤B842YU,114.138298,22.6103,1338
粤B842YU,114.136803,22.6096,1339
粤B842YU,114.132103,22.6106,1340
粤B842YU,114.135002,22.610001,1340
粤B842YU,114.129402,22.6113,1341
粤B842YU,114.122803,22.6154,1342
粤B842YU,114.116898,22.621099,1343
粤B842YU,114.115799,22.6213,1344
粤B842YU,114.136803,22.6096,1345
粤B842YU,114.105499,22.624201,1345
粤B842YU,114.111397,22.6217,1345
粤B842YU,114.099098,22.629499,1346
粤B842YU,114.0914,22.6322,1347
粤B842YU,114.083,22.629601,1348
粤B842YU,114.076103,22.629299,1349
粤B842YU,114.074699,22.629601,1350
粤B842YU,114.067497,22.630501,1350
粤B842YU,114.061996,22.629801,1351
粤B842YU,114.051102,22.6306,1352
粤B842YU,114.0448,22.632299,1353
粤B842YU,114.044296,22.632401,1354
粤B842YU,114.039902,22.632999,1355
粤B842YU,114.040001,22.632999,1355
粤B842YU,114.038803,22.6332,1356
粤B842YU,114.033501,22.6339,1357
粤B842YU,114.032997,22.634001,1358
粤B842YU,114.032997,22.634001,1359
粤B842YU,114.032898,22.634001,1360
粤B842YU,114.032997,22.634001,1360
粤B842YU,114.032501,22.6341,1361
粤B842YU,114.032501,22.6341,1362
粤B842YU,114.032501,22.6341,1363
粤B842YU,114.032097,22.6327,1364
粤B842YU,114.028999,22.632,1365
粤B842YU,114.029999,22.6325,1365
粤B842YU,114.0261,22.630699,1366
粤B842YU,114.0261,22.630699,1367
粤B842YU,114.025803,22.627399,1368
粤B842YU,114.028099,22.621599,1369
粤B842YU,114.029701,22.6129,1370
粤B842YU,114.030403,22.616899,1370
粤B842YU,114.029503,22.6127,1371
粤B842YU,114.028198,22.612101,1372
粤B842YU,114.027199,22.613001,1373
粤B842YU,114.027199,22.613501,1374
粤B842YU,114.027199,22.613501,1375
粤B842YU,114.027199,22.613501,1375
粤B842YU,114.027199,22.613501,1376
粤B842YU,114.027199,22.613501,1377
粤B842YU,114.027199,22.613501,1378
粤B842YU,114.027199,22.613501,1379
粤B842YU,114.027199,22.613501,1380
粤B842YU,114.027199,22.613501,1380
粤B842YU,114.027199,22.613501,1381
粤B842YU,114.027199,22.613501,1382
粤B842YU,114.027199,22.613501,1383
粤B842YU,114.027199,22.613501,1384
粤B842YU,114.027199,22.613501,1385
粤B842YU,114.027199,22.613501,1387
粤B842YU,114.027199,22.613501,1388
粤B842YU,114.027199,22.613501,1389
粤B842YU,114.027199,22.613501,1390
粤B842YU,114.027199,22.613501,1390
粤B842YU,114.027199,22.613501,1391
粤B842YU,114.027199,22.613501,1392
粤B842YU,114.027199,22.613501,1393
粤B842YU,114.027802,22.6129,1394
粤B842YU,114.027603,22.612801,1395
粤B842YU,114.027496,22.612801,1395
粤B842YU,114.027603,22.613001,1396
粤B842YU,114.027298,22.6131,1397
粤B842YU,114.027298,22.6131,1398
粤B842YU,114.027298,22.6131,1399
粤B842YU,114.027298,22.6131,1400
粤B842YU,114.024803,22.610001,1400
粤B842YU,114.023598,22.608801,1401
粤B842YU,114.029099,22.612101,1402
粤B842YU,114.029099,22.612101,1403
粤B842YU,114.031898,22.614401,1404
粤B842YU,114.035301,22.6113,1405
粤B842YU,114.035301,22.6113,1405
粤B842YU,114.0382,22.6078,1406
粤B842YU,114.038399,22.6075,1407
粤B842YU,114.0392,22.6077,1408
粤B842YU,114.040604,22.6085,1409
粤B842YU,114.040001,22.6082,1410
粤B842YU,114.035797,22.611,1410
粤B842YU,114.035797,22.611,1411
粤B842YU,114.033501,22.6136,1412
粤B842YU,114.029503,22.6127,1413
粤B842YU,114.029297,22.612499,1414
粤B842YU,114.025101,22.6129,1415
粤B842YU,114.026199,22.612801,1415
粤B842YU,114.025101,22.6129,1416
粤B842YU,114.025101,22.6129,1417
粤B842YU,114.025101,22.6129,1418
粤B842YU,114.025101,22.6129,1419
粤B842YU,114.025101,22.6129,1420
粤B842YU,114.025101,22.6129,1420
粤B842YU,114.025101,22.6129,1421
粤B842YU,114.025101,22.6129,1422
粤B842YU,114.027603,22.612301,1423
粤B842YU,114.027702,22.612499,1424
粤B842YU,114.028099,22.613899,1425
粤B842YU,114.028,22.613501,1426
粤B842YU,114.027298,22.613001,1426
粤B842YU,114.027,22.611401,1427
粤B842YU,114.027,22.611401,1428
粤B842YU,114.027,22.611401,1429
粤B842YU,114.027,22.611401,1430
粤B842YU,114.0224,22.6089,1431
粤B842YU,114.0196,22.6119,1431
粤B842YU,114.014099,22.6094,1432
粤B842YU,114.009201,22.6059,1433
粤B842YU,114.0131,22.602699,1434
粤B842YU,114.010498,22.6087,1435
粤B842YU,114.008301,22.617701,1436
粤B842YU,113.995102,22.652399,1439
