粤BX3X70,113.934158,22.62809,4
粤BX3X70,113.934158,22.62809,13
粤BX3X70,113.934158,22.62809,19
粤BX3X70,113.934158,22.62809,19
粤BX3X70,113.934158,22.62809,25
粤BX3X70,113.934158,22.62809,31
粤BX3X70,113.934158,22.62809,35
粤BX3X70,113.934158,22.62809,37
粤BX3X70,113.934158,22.62809,43
粤BX3X70,113.934158,22.62809,49
粤BX3X70,113.934158,22.62809,51
粤BX3X70,113.934158,22.62809,55
粤BX3X70,113.934158,22.62809,61
粤BX3X70,113.934158,22.62809,66
粤BX3X70,113.934158,22.62809,67
粤BX3X70,113.934158,22.62809,72
粤BX3X70,113.934158,22.62809,78
粤BX3X70,113.934158,22.62809,82
粤BX3X70,113.934158,22.62809,84
粤BX3X70,113.934158,22.62809,90
粤BX3X70,113.934158,22.62809,96
粤BX3X70,113.934158,22.62809,98
粤BX3X70,113.934158,22.62809,102
粤BX3X70,113.934158,22.62809,108
粤BX3X70,113.934158,22.62809,114
粤BX3X70,113.934158,22.62809,114
粤BX3X70,113.934158,22.62809,120
粤BX3X70,113.934158,22.62809,126
粤BX3X70,113.934158,22.62809,129
粤BX3X70,113.934158,22.62809,132
粤BX3X70,113.934158,22.62809,138
粤BX3X70,113.934158,22.62809,144
粤BX3X70,113.934158,22.62809,145
粤BX3X70,113.934158,22.62809,150
粤BX3X70,113.934158,22.62809,156
粤BX3X70,113.934158,22.62809,161
粤BX3X70,113.934158,22.62809,162
粤BX3X70,113.934158,22.62809,168
粤BX3X70,113.934158,22.62809,174
粤BX3X70,113.934158,22.62809,180
粤BX3X70,113.934158,22.62809,192
粤BX3X70,113.934158,22.62809,192
粤BX3X70,113.934158,22.62809,198
粤BX3X70,113.934158,22.62809,204
粤BX3X70,113.934158,22.62809,208
粤BX3X70,113.934158,22.62809,210
粤BX3X70,113.934158,22.62809,216
粤BX3X70,113.934158,22.62809,222
粤BX3X70,113.934158,22.62809,224
粤BX3X70,113.934158,22.62809,228
粤BX3X70,113.934158,22.62809,233
粤BX3X70,113.934158,22.62809,239
粤BX3X70,113.934158,22.62809,240
粤BX3X70,113.934158,22.62809,245
粤BX3X70,113.934158,22.62809,251
粤BX3X70,113.934158,22.62809,255
粤BX3X70,113.934158,22.62809,257
粤BX3X70,113.934158,22.62809,263
粤BX3X70,113.934158,22.62809,269
粤BX3X70,113.934158,22.62809,271
粤BX3X70,113.934158,22.62809,275
粤BX3X70,113.934158,22.62809,281
粤BX3X70,113.934158,22.62809,287
粤BX3X70,113.934158,22.62809,287
粤BX3X70,113.934158,22.62809,293
粤BX3X70,113.934158,22.62809,299
粤BX3X70,113.934158,22.62809,303
粤BX3X70,113.934158,22.62809,305
粤BX3X70,113.934158,22.62809,311
粤BX3X70,113.934158,22.62809,317
粤BX3X70,113.934158,22.62809,318
粤BX3X70,113.934158,22.62809,323
粤BX3X70,113.934158,22.62809,329
粤BX3X70,113.934158,22.62809,334
粤BX3X70,113.934158,22.62809,335
粤BX3X70,113.934158,22.62809,341
粤BX3X70,113.934158,22.62809,347
粤BX3X70,113.934158,22.62809,350
粤BX3X70,113.934158,22.62809,353
粤BX3X70,113.934158,22.62809,358
粤BX3X70,113.934158,22.62809,366
粤BX3X70,113.934158,22.62809,370
粤BX3X70,113.934158,22.62809,376
粤BX3X70,113.934158,22.62809,381
粤BX3X70,113.934158,22.62809,382
粤BX3X70,113.934158,22.62809,388
粤BX3X70,113.934158,22.62809,394
粤BX3X70,113.934158,22.62809,397
粤BX3X70,113.934158,22.62809,400
粤BX3X70,113.934158,22.62809,406
粤BX3X70,113.934158,22.62809,412
粤BX3X70,113.934158,22.62809,413
粤BX3X70,113.934158,22.62809,418
粤BX3X70,113.934158,22.62809,424
粤BX3X70,113.934158,22.62809,429
粤BX3X70,113.934158,22.62809,430
粤BX3X70,113.934158,22.62809,436
粤BX3X70,113.934158,22.62809,442
粤BX3X70,113.934158,22.62809,444
粤BX3X70,113.934158,22.62809,448
粤BX3X70,113.934158,22.62809,454
粤BX3X70,113.934158,22.62809,460
粤BX3X70,113.934158,22.62809,460
粤BX3X70,113.934158,22.62809,466
粤BX3X70,113.934158,22.62809,472
粤BX3X70,113.934158,22.62809,477
粤BX3X70,113.934158,22.62809,483
粤BX3X70,113.934158,22.62809,489
粤BX3X70,113.934158,22.62809,491
粤BX3X70,113.934158,22.62809,495
粤BX3X70,113.934158,22.62809,501
粤BX3X70,113.934158,22.62809,507
粤BX3X70,113.934158,22.62809,507
粤BX3X70,113.934158,22.62809,513
粤BX3X70,113.934158,22.62809,519
粤BX3X70,113.934158,22.62809,523
粤BX3X70,113.934158,22.62809,525
粤BX3X70,113.934158,22.62809,539
粤BX3X70,113.934158,22.62809,549
粤BX3X70,113.934158,22.62809,554
粤BX3X70,113.934158,22.62809,555
粤BX3X70,113.934158,22.62809,561
粤BX3X70,113.934158,22.62809,567
粤BX3X70,113.934158,22.62809,570
粤BX3X70,113.934158,22.62809,573
粤BX3X70,113.934158,22.62809,579
粤BX3X70,113.934158,22.62809,585
粤BX3X70,113.934158,22.62809,586
粤BX3X70,113.934158,22.62809,591
粤BX3X70,113.934158,22.62809,597
粤BX3X70,113.934158,22.62809,601
粤BX3X70,113.934158,22.62809,609
粤BX3X70,113.934158,22.62809,615
粤BX3X70,113.934158,22.62809,617
粤BX3X70,113.934158,22.62809,621
粤BX3X70,113.934158,22.62809,625
粤BX3X70,113.934158,22.62809,627
粤BX3X70,113.934158,22.62809,633
粤BX3X70,113.934158,22.62809,641
粤BX3X70,113.934158,22.62809,643
粤BX3X70,113.934158,22.62809,649
粤BX3X70,113.934158,22.62809,655
粤BX3X70,113.934158,22.62809,657
粤BX3X70,113.934158,22.62809,661
粤BX3X70,113.934158,22.62809,667
粤BX3X70,113.934158,22.62809,672
粤BX3X70,113.934158,22.62809,673
粤BX3X70,113.934158,22.62809,679
粤BX3X70,113.934158,22.62809,685
粤BX3X70,113.934158,22.62809,688
粤BX3X70,113.934158,22.62809,691
粤BX3X70,113.934158,22.62809,697
粤BX3X70,113.934158,22.62809,703
粤BX3X70,113.934158,22.62809,704
粤BX3X70,113.934158,22.62809,709
粤BX3X70,113.934158,22.62809,715
粤BX3X70,113.934158,22.62809,720
粤BX3X70,113.934158,22.62809,721
粤BX3X70,113.934158,22.62809,727
粤BX3X70,113.934158,22.62809,733
粤BX3X70,113.934158,22.62809,735
粤BX3X70,113.934158,22.62809,739
粤BX3X70,113.934158,22.62809,745
粤BX3X70,113.934158,22.62809,751
粤BX3X70,113.934158,22.62809,751
粤BX3X70,113.934158,22.62809,757
粤BX3X70,113.934158,22.62809,762
粤BX3X70,113.934158,22.62809,767
粤BX3X70,113.934158,22.62809,768
粤BX3X70,113.934158,22.62809,774
粤BX3X70,113.934158,22.62809,780
粤BX3X70,113.934158,22.62809,782
粤BX3X70,113.934158,22.62809,786
粤BX3X70,113.934158,22.62809,792
粤BX3X70,113.934158,22.62809,798
粤BX3X70,113.934158,22.62809,798
粤BX3X70,113.934158,22.62809,804
粤BX3X70,113.934158,22.62809,810
粤BX3X70,113.934158,22.62809,814
粤BX3X70,113.934158,22.62809,816
粤BX3X70,113.934158,22.62809,822
粤BX3X70,113.934158,22.62809,828
粤BX3X70,113.934158,22.62809,835
粤BX3X70,113.934158,22.62809,845
粤BX3X70,113.934158,22.62809,846
粤BX3X70,113.934158,22.62809,852
粤BX3X70,113.934158,22.62809,858
粤BX3X70,113.934158,22.62809,861
粤BX3X70,113.934158,22.62809,864
粤BX3X70,113.934158,22.62809,870
粤BX3X70,113.934158,22.62809,876
粤BX3X70,113.934158,22.62809,877
粤BX3X70,113.934158,22.62809,882
粤BX3X70,113.934158,22.62809,888
粤BX3X70,113.934158,22.62809,894
粤BX3X70,113.934158,22.62809,908
粤BX3X70,113.934158,22.62809,912
粤BX3X70,113.934158,22.62809,918
粤BX3X70,113.934158,22.62809,924
粤BX3X70,113.934158,22.62809,924
粤BX3X70,113.934158,22.62809,930
粤BX3X70,113.934158,22.62809,936
粤BX3X70,113.934158,22.62809,940
粤BX3X70,113.934158,22.62809,942
粤BX3X70,113.934158,22.62809,948
粤BX3X70,113.934158,22.62809,954
粤BX3X70,113.934158,22.62809,955
粤BX3X70,113.934158,22.62809,960
粤BX3X70,113.934158,22.62809,966
粤BX3X70,113.934158,22.62809,971
粤BX3X70,113.934158,22.62809,972
粤BX3X70,113.934158,22.62809,978
粤BX3X70,113.934158,22.62809,984
粤BX3X70,113.934158,22.62809,987
粤BX3X70,113.934158,22.62809,990
粤BX3X70,113.934158,22.62809,996
粤BX3X70,113.934158,22.62809,1002
粤BX3X70,113.934158,22.62809,1003
粤BX3X70,113.934158,22.62809,1008
粤BX3X70,113.934158,22.62809,1014
粤BX3X70,113.934158,22.62809,1020
粤BX3X70,113.934158,22.62809,1032
粤BX3X70,113.934158,22.62809,1034
粤BX3X70,113.934158,22.62809,1038
粤BX3X70,113.934158,22.62809,1044
粤BX3X70,113.934158,22.62809,1050
粤BX3X70,113.934158,22.62809,1050
粤BX3X70,113.934158,22.62809,1056
粤BX3X70,113.934158,22.62809,1062
粤BX3X70,113.934158,22.62809,1066
粤BX3X70,113.934158,22.62809,1068
粤BX3X70,113.934158,22.62809,1074
粤BX3X70,113.934158,22.62809,1080
粤BX3X70,113.934158,22.62809,1081
粤BX3X70,113.934158,22.62809,1086
粤BX3X70,113.934158,22.62809,1092
粤BX3X70,113.934158,22.62809,1097
粤BX3X70,113.934158,22.62809,1098
粤BX3X70,113.934158,22.62809,1104
粤BX3X70,113.934158,22.62809,1110
粤BX3X70,113.934158,22.62809,1113
粤BX3X70,113.934158,22.62809,1116
粤BX3X70,113.934158,22.62809,1122
粤BX3X70,113.934158,22.62809,1128
粤BX3X70,113.934158,22.62809,1134
粤BX3X70,113.934158,22.62809,1144
粤BX3X70,113.934158,22.62809,1145
粤BX3X70,113.934158,22.62809,1151
粤BX3X70,113.934158,22.62809,1157
粤BX3X70,113.934158,22.62809,1160
粤BX3X70,113.934158,22.62809,1163
粤BX3X70,113.934158,22.62809,1169
粤BX3X70,113.934158,22.62809,1175
粤BX3X70,113.934158,22.62809,1176
粤BX3X70,113.934158,22.62809,1181
粤BX3X70,113.934158,22.62809,1187
粤BX3X70,113.934158,22.62809,1192
粤BX3X70,113.934158,22.62809,1193
粤BX3X70,113.934158,22.62809,1199
粤BX3X70,113.934158,22.62809,1205
粤BX3X70,113.934158,22.62809,1207
粤BX3X70,113.934158,22.62809,1211
粤BX3X70,113.934158,22.62809,1217
粤BX3X70,113.934158,22.62809,1223
粤BX3X70,113.934158,22.62809,1223
粤BX3X70,113.934158,22.62809,1229
粤BX3X70,113.934158,22.62809,1235
粤BX3X70,113.934158,22.62809,1239
粤BX3X70,113.934158,22.62809,1241
粤BX3X70,113.934158,22.62809,1247
粤BX3X70,113.934158,22.62809,1252
粤BX3X70,113.934158,22.62809,1254
粤BX3X70,113.934158,22.62809,1258
粤BX3X70,113.934158,22.62809,1264
粤BX3X70,113.934158,22.62809,1270
粤BX3X70,113.934158,22.62809,1270
粤BX3X70,113.934158,22.62809,1276
粤BX3X70,113.934158,22.62809,1282
粤BX3X70,113.934158,22.62809,1286
粤BX3X70,113.934158,22.62809,1288
粤BX3X70,113.934158,22.62809,1294
粤BX3X70,113.934158,22.62809,1300
粤BX3X70,113.934158,22.62809,1302
粤BX3X70,113.934158,22.62809,1306
粤BX3X70,113.934158,22.62809,1312
粤BX3X70,113.934158,22.62809,1317
粤BX3X70,113.934158,22.62809,1318
粤BX3X70,113.934158,22.62809,1324
粤BX3X70,113.934158,22.62809,1330
粤BX3X70,113.934158,22.62809,1333
粤BX3X70,113.934158,22.62809,1336
粤BX3X70,113.934158,22.62809,1342
粤BX3X70,113.934158,22.62809,1348
粤BX3X70,113.934158,22.62809,1349
粤BX3X70,113.934158,22.62809,1354
粤BX3X70,113.934158,22.62809,1360
粤BX3X70,113.934158,22.62809,1366
粤BX3X70,113.934158,22.62809,1372
粤BX3X70,113.934158,22.62809,1378
粤BX3X70,113.934158,22.62809,1380
粤BX3X70,113.934158,22.62809,1384
粤BX3X70,113.934158,22.62809,1390
粤BX3X70,113.934158,22.62809,1395
粤BX3X70,113.934158,22.62809,1396
粤BX3X70,113.934158,22.62809,1401
粤BX3X70,113.934158,22.62809,1407
粤BX3X70,113.934158,22.62809,1412
粤BX3X70,113.934158,22.62809,1413
粤BX3X70,113.934158,22.62809,1419
粤BX3X70,113.934158,22.62809,1425
粤BX3X70,113.934158,22.62809,1431
粤BX3X70,113.934158,22.62809,1437
