粤B0NC67,114.117119,22.605066,526
粤B0NC67,114.116798,22.605368,526
粤B0NC67,114.11602,22.606033,526
粤B0NC67,114.116165,22.603916,527
粤B0NC67,114.115181,22.602818,527
粤B0NC67,114.117218,22.604967,527
粤B0NC67,114.114265,22.582417,533
粤B0NC67,114.114304,22.582317,533
粤B0NC67,114.113953,22.582968,533
粤B0NC67,114.113914,22.583017,533
粤B0NC67,114.114418,22.5819,534
粤B0NC67,114.114548,22.581266,534
粤B0NC67,114.114647,22.580618,534
粤B0NC67,114.115021,22.579666,534
粤B0NC67,114.115768,22.578367,535
粤B0NC67,114.117714,22.571716,535
粤B0NC67,114.116852,22.5763,535
粤B0NC67,114.117821,22.57415,535
粤B0NC67,114.118179,22.564934,536
粤B0NC67,114.118484,22.5632,536
粤B0NC67,114.117882,22.566799,536
粤B0NC67,114.117653,22.569584,536
粤B0NC67,114.119148,22.561399,537
粤B0NC67,114.119514,22.55925,537
粤B0NC67,114.118118,22.543501,546
粤B0NC67,114.118149,22.543484,546
粤B0NC67,114.118103,22.543501,547
粤B0NC67,114.118103,22.543516,547
粤B0NC67,114.118332,22.5429,547
粤B0NC67,114.118118,22.543516,547
粤B0NC67,114.116982,22.541332,548
粤B0NC67,114.116486,22.541267,548
粤B0NC67,114.11805,22.541767,548
粤B0NC67,114.118713,22.542267,548
粤B0NC67,114.115601,22.539568,549
粤B0NC67,114.114067,22.539101,549
粤B0NC67,114.116264,22.540783,549
粤B0NC67,114.116585,22.539833,549
粤B0NC67,114.106415,22.5371,550
粤B0NC67,114.110718,22.537983,550
粤B0NC67,114.112549,22.538334,550
粤B0NC67,114.108353,22.53755,550
粤B0NC67,114.088402,22.537666,552
粤B0NC67,114.09063,22.53805,552
粤B0NC67,114.092682,22.538151,552
粤B0NC67,114.092384,22.538168,552
粤B0NC67,114.081253,22.537283,553
粤B0NC67,114.085648,22.537533,553
粤B0NC67,114.079819,22.53665,553
粤B0NC67,114.083679,22.537518,553
粤B0NC67,114.077919,22.533484,554
粤B0NC67,114.07872,22.534918,554
粤B0NC67,114.07737,22.532534,554
粤B0NC67,114.076515,22.532066,554
粤B0NC67,114.075401,22.532034,555
粤B0NC67,114.073532,22.532017,555
粤B0NC67,114.071785,22.53195,555
粤B0NC67,114.075897,22.532017,555
粤B0NC67,114.070648,22.53195,556
粤B0NC67,114.069084,22.5319,556
粤B0NC67,114.069832,22.53195,556
粤B0NC67,114.069435,22.531918,556
粤B0NC67,114.0681,22.531401,557
粤B0NC67,114.067635,22.532818,557
粤B0NC67,114.067329,22.531933,557
粤B0NC67,114.068314,22.531967,557
粤B0NC67,114.068047,22.529167,558
粤B0NC67,114.066963,22.526817,558
粤B0NC67,114.067802,22.52845,558
粤B0NC67,114.066002,22.525066,558
粤B0NC67,114.06797,22.521282,559
粤B0NC67,114.065903,22.522717,559
粤B0NC67,114.067703,22.5222,559
粤B0NC67,114.065002,22.523399,559
粤B0NC67,114.068001,22.521116,560
粤B0NC67,114.068199,22.521482,560
粤B0NC67,114.068352,22.521933,560
粤B0NC67,114.068169,22.5215,560
粤B0NC67,114.067146,22.522383,561
粤B0NC67,114.065552,22.522932,561
粤B0NC67,114.066269,22.524218,561
粤B0NC67,114.065567,22.524017,561
粤B0NC67,114.066986,22.525633,562
粤B0NC67,114.068497,22.523983,562
粤B0NC67,114.067665,22.524549,562
粤B0NC67,114.067635,22.52375,562
粤B0NC67,114.069679,22.530983,563
粤B0NC67,114.067886,22.527433,563
粤B0NC67,114.070999,22.531567,563
粤B0NC67,114.068367,22.529516,563
粤B0NC67,114.071915,22.530899,564
粤B0NC67,114.071915,22.5303,564
粤B0NC67,114.071983,22.530233,564
粤B0NC67,114.072121,22.530184,564
粤B0NC67,114.076118,22.531584,565
粤B0NC67,114.07225,22.5306,565
粤B0NC67,114.073997,22.531601,565
粤B0NC67,114.072533,22.531616,565
粤B0NC67,114.080597,22.536551,566
粤B0NC67,114.077736,22.532316,566
粤B0NC67,114.079483,22.535549,566
粤B0NC67,114.078751,22.534149,566
粤B0NC67,114.081779,22.540167,567
粤B0NC67,114.081665,22.536318,567
粤B0NC67,114.081818,22.537518,567
粤B0NC67,114.081818,22.538883,567
粤B0NC67,114.081764,22.54015,568
粤B0NC67,114.081734,22.540632,568
粤B0NC67,114.081764,22.54015,568
粤B0NC67,114.081764,22.54015,568
粤B0NC67,114.080437,22.543217,569
粤B0NC67,114.081718,22.541718,569
粤B0NC67,114.081596,22.543182,569
粤B0NC67,114.079231,22.54335,569
粤B0NC67,114.079132,22.544701,570
粤B0NC67,114.079033,22.5445,570
粤B0NC67,114.079048,22.543501,570
粤B0NC67,114.078903,22.5439,570
粤B0NC67,114.08065,22.545383,571
粤B0NC67,114.079285,22.545067,571
粤B0NC67,114.079086,22.544701,571
粤B0NC67,114.079681,22.5452,571
粤B0NC67,114.081635,22.54565,572
粤B0NC67,114.081215,22.545584,572
粤B0NC67,114.083282,22.54545,573
粤B0NC67,114.085701,22.545433,573
粤B0NC67,114.081535,22.545883,573
粤B0NC67,114.084702,22.545418,573
粤B0NC67,114.087631,22.545282,574
粤B0NC67,114.087631,22.545334,574
粤B0NC67,114.087631,22.5453,574
粤B0NC67,114.086853,22.545317,574
粤B0NC67,114.089584,22.545233,575
粤B0NC67,114.087646,22.545366,575
粤B0NC67,114.08812,22.5453,575
粤B0NC67,114.090897,22.545349,575
粤B0NC67,114.091148,22.543516,576
粤B0NC67,114.091164,22.544201,576
粤B0NC67,114.091133,22.54355,576
粤B0NC67,114.091164,22.543501,576
粤B0NC67,114.091797,22.543234,577
粤B0NC67,114.091133,22.543568,577
粤B0NC67,114.091148,22.54355,577
粤B0NC67,114.091133,22.543568,577
粤B0NC67,114.096252,22.543367,578
粤B0NC67,114.094383,22.543318,578
粤B0NC67,114.099617,22.541166,579
粤B0NC67,114.099548,22.54125,579
粤B0NC67,114.101952,22.541283,580
粤B0NC67,114.101616,22.5411,580
粤B0NC67,114.101967,22.5413,580
粤B0NC67,114.101685,22.5411,580
粤B0NC67,114.101936,22.541283,580
粤B0NC67,114.101952,22.541317,581
粤B0NC67,114.100632,22.541233,581
粤B0NC67,114.101715,22.541233,581
粤B0NC67,114.101967,22.5413,581
粤B0NC67,114.099716,22.541599,582
粤B0NC67,114.099648,22.542833,582
粤B0NC67,114.099648,22.542433,582
粤B0NC67,114.099648,22.542517,582
粤B0NC67,114.09967,22.543734,583
粤B0NC67,114.09967,22.54435,583
粤B0NC67,114.099564,22.54685,583
粤B0NC67,114.099617,22.545433,583
粤B0NC67,114.099548,22.547001,584
粤B0NC67,114.099564,22.547001,584
粤B0NC67,114.099564,22.547001,584
粤B0NC67,114.099564,22.547182,584
粤B0NC67,114.099464,22.551582,585
粤B0NC67,114.099518,22.5516,585
粤B0NC67,114.099464,22.550867,585
粤B0NC67,114.099533,22.548817,585
粤B0NC67,114.099533,22.551582,586
粤B0NC67,114.099533,22.551582,586
粤B0NC67,114.099518,22.553034,586
粤B0NC67,114.099548,22.551867,586
粤B0NC67,114.099419,22.55685,588
粤B0NC67,114.099365,22.5578,588
粤B0NC67,114.09938,22.5578,588
粤B0NC67,114.099419,22.557051,588
粤B0NC67,114.09938,22.559,589
粤B0NC67,114.099365,22.557949,589
粤B0NC67,114.099335,22.560368,589
粤B0NC67,114.09935,22.560883,589
粤B0NC67,114.099297,22.56245,590
粤B0NC67,114.099251,22.5644,590
粤B0NC67,114.09922,22.5658,590
粤B0NC67,114.09935,22.561184,590
粤B0NC67,114.099152,22.569283,591
粤B0NC67,114.098969,22.573116,591
粤B0NC67,114.099182,22.567432,591
粤B0NC67,114.099052,22.571217,591
粤B0NC67,114.099152,22.576866,592
粤B0NC67,114.099068,22.576599,592
粤B0NC67,114.099182,22.576851,592
粤B0NC67,114.098915,22.57515,592
粤B0NC67,114.099266,22.576817,593
粤B0NC67,114.099365,22.576782,593
粤B0NC67,114.099319,22.576799,593
粤B0NC67,114.09935,22.576799,593
粤B0NC67,114.099319,22.577084,594
粤B0NC67,114.099434,22.577433,594
粤B0NC67,114.099297,22.576799,594
粤B0NC67,114.099319,22.576799,594
粤B0NC67,114.098869,22.577717,595
粤B0NC67,114.098953,22.578251,595
粤B0NC67,114.09787,22.579817,597
粤B0NC67,114.097847,22.579817,598
粤B0NC67,114.09787,22.579817,598
粤B0NC67,114.09787,22.5798,598
粤B0NC67,114.097847,22.579817,598
粤B0NC67,114.098099,22.579866,599
粤B0NC67,114.088867,22.566999,606
粤B0NC67,114.09053,22.567417,606
粤B0NC67,114.089951,22.567284,606
粤B0NC67,114.090446,22.5674,606
粤B0NC67,114.083351,22.561317,607
粤B0NC67,114.084717,22.563368,607
粤B0NC67,114.085899,22.565166,607
粤B0NC67,114.087379,22.566601,607
粤B0NC67,114.080254,22.55695,608
粤B0NC67,114.079102,22.555483,608
粤B0NC67,114.082016,22.559299,608
粤B0NC67,114.07872,22.55505,608
粤B0NC67,114.07782,22.553949,609
粤B0NC67,114.077202,22.55315,609
粤B0NC67,114.076584,22.55245,609
粤B0NC67,114.075546,22.55155,609
粤B0NC67,114.073532,22.551268,610
粤B0NC67,114.070183,22.551132,610
粤B0NC67,114.070847,22.551117,610
粤B0NC67,114.069771,22.551117,610
粤B0NC67,114.068665,22.551067,611
粤B0NC67,114.068649,22.551083,611
粤B0NC67,114.068871,22.5511,611
粤B0NC67,114.068649,22.55105,611
粤B0NC67,114.068649,22.551067,612
粤B0NC67,114.068649,22.551067,612
粤B0NC67,114.068649,22.551067,612
粤B0NC67,114.068649,22.551067,612
粤B0NC67,114.068649,22.551067,613
粤B0NC67,114.068649,22.551067,613
粤B0NC67,114.068031,22.55105,613
粤B0NC67,114.068649,22.551067,613
粤B0NC67,114.06778,22.548782,614
粤B0NC67,114.067802,22.54805,614
粤B0NC67,114.067802,22.54805,614
粤B0NC67,114.067734,22.550583,614
粤B0NC67,114.067818,22.54805,615
粤B0NC67,114.067818,22.54805,615
粤B0NC67,114.067802,22.54805,615
粤B0NC67,114.067802,22.54805,615
粤B0NC67,114.06823,22.54475,616
粤B0NC67,114.067886,22.546583,616
粤B0NC67,114.067818,22.547916,616
粤B0NC67,114.068787,22.542368,616
粤B0NC67,114.07383,22.542883,617
粤B0NC67,114.068001,22.542467,617
粤B0NC67,114.07235,22.542883,617
粤B0NC67,114.070114,22.542749,617
粤B0NC67,114.074432,22.542549,618
粤B0NC67,114.074486,22.542334,618
粤B0NC67,114.074364,22.542816,618
粤B0NC67,114.074532,22.5424,618
粤B0NC67,114.074486,22.542334,619
粤B0NC67,114.074471,22.542133,619
粤B0NC67,114.074486,22.542334,619
粤B0NC67,114.07473,22.542049,619
粤B0NC67,114.07608,22.5425,620
粤B0NC67,114.076035,22.541983,620
粤B0NC67,114.076118,22.542517,620
粤B0NC67,114.075485,22.541901,620
粤B0NC67,114.076065,22.542482,621
粤B0NC67,114.076118,22.542833,621
粤B0NC67,114.077568,22.543068,621
粤B0NC67,114.076065,22.542467,621
粤B0NC67,114.080765,22.543118,622
粤B0NC67,114.080948,22.543118,622
粤B0NC67,114.080666,22.543118,622
粤B0NC67,114.079597,22.5431,622
粤B0NC67,114.084251,22.543068,623
粤B0NC67,114.08213,22.543133,623
粤B0NC67,114.083214,22.543118,623
粤B0NC67,114.084183,22.543068,623
粤B0NC67,114.084969,22.543133,624
粤B0NC67,114.084251,22.543068,624
粤B0NC67,114.085899,22.54315,624
粤B0NC67,114.086716,22.543167,624
粤B0NC67,114.08683,22.543167,625
粤B0NC67,114.087097,22.543167,625
粤B0NC67,114.087982,22.543182,625
粤B0NC67,114.0896,22.543167,625
粤B0NC67,114.091682,22.543266,626
粤B0NC67,114.090584,22.543234,626
粤B0NC67,114.090965,22.543217,626
粤B0NC67,114.090599,22.543249,626
粤B0NC67,114.09227,22.543283,627
粤B0NC67,114.094353,22.54335,627
粤B0NC67,114.09375,22.543301,627
粤B0NC67,114.099335,22.542334,629
粤B0NC67,114.099464,22.541468,629
粤B0NC67,114.099335,22.542233,629
粤B0NC67,114.10083,22.541134,629
粤B0NC67,114.099617,22.541183,629
粤B0NC67,114.101952,22.541317,630
粤B0NC67,114.101982,22.541218,630
粤B0NC67,114.101967,22.5413,630
粤B0NC67,114.101715,22.541149,630
粤B0NC67,114.101967,22.541317,631
粤B0NC67,114.101952,22.541317,631
粤B0NC67,114.101952,22.541317,631
粤B0NC67,114.101952,22.541317,631
粤B0NC67,114.101967,22.5413,632
粤B0NC67,114.101433,22.541233,632
粤B0NC67,114.101967,22.5413,632
粤B0NC67,114.101967,22.5413,632
粤B0NC67,114.099686,22.541834,633
粤B0NC67,114.099586,22.542833,633
粤B0NC67,114.099998,22.541267,633
粤B0NC67,114.099586,22.543249,633
粤B0NC67,114.099617,22.543716,634
粤B0NC67,114.099632,22.545567,634
粤B0NC67,114.099617,22.544382,634
粤B0NC67,114.099648,22.546833,634
粤B0NC67,114.099731,22.5474,635
粤B0NC67,114.099869,22.547417,635
粤B0NC67,114.099716,22.5474,635
粤B0NC67,114.100349,22.547367,635
粤B0NC67,114.10215,22.548149,636
粤B0NC67,114.102402,22.548267,636
粤B0NC67,114.10083,22.547382,636
粤B0NC67,114.10125,22.547733,636
粤B0NC67,114.102516,22.548683,637
粤B0NC67,114.103035,22.549116,637
粤B0NC67,114.102982,22.548967,637
粤B0NC67,114.103165,22.549084,637
粤B0NC67,114.102333,22.548283,638
粤B0NC67,114.102364,22.548033,638
粤B0NC67,114.102386,22.5481,638
粤B0NC67,114.101997,22.548067,638
粤B0NC67,114.101868,22.548018,639
粤B0NC67,114.101616,22.5478,639
粤B0NC67,114.101067,22.547367,639
粤B0NC67,114.100914,22.54735,639
粤B0NC67,114.099548,22.54995,640
粤B0NC67,114.099586,22.548149,640
粤B0NC67,114.100685,22.547449,640
粤B0NC67,114.100052,22.547518,640
粤B0NC67,114.09948,22.551718,641
粤B0NC67,114.099503,22.551533,641
粤B0NC67,114.09948,22.55175,641
粤B0NC67,114.09948,22.551733,641
粤B0NC67,114.099503,22.551718,642
粤B0NC67,114.09948,22.552782,642
粤B0NC67,114.099503,22.551718,642
粤B0NC67,114.090668,22.559317,644
粤B0NC67,114.090897,22.558832,644
粤B0NC67,114.093819,22.558582,644
粤B0NC67,114.092033,22.558582,644
粤B0NC67,114.094116,22.558582,644
粤B0NC67,114.090317,22.5599,645
粤B0NC67,114.09063,22.559349,645
粤B0NC67,114.09053,22.559532,645
粤B0NC67,114.090652,22.559299,645
粤B0NC67,114.090233,22.560049,646
粤B0NC67,114.090218,22.560101,646
粤B0NC67,114.090248,22.560049,646
粤B0NC67,114.090286,22.559917,646
粤B0NC67,114.090179,22.5602,647
粤B0NC67,114.090218,22.560101,647
粤B0NC67,114.090202,22.560167,647
粤B0NC67,114.090164,22.560167,647
粤B0NC67,114.090179,22.560217,648
粤B0NC67,114.090179,22.560249,648
粤B0NC67,114.090149,22.560232,648
粤B0NC67,114.090164,22.560249,648
粤B0NC67,114.088181,22.563967,649
粤B0NC67,114.08963,22.5613,649
粤B0NC67,114.09005,22.560534,649
粤B0NC67,114.089104,22.562218,649
粤B0NC67,114.087585,22.565283,650
粤B0NC67,114.086815,22.567101,650
粤B0NC67,114.085365,22.569683,650
粤B0NC67,114.086151,22.568382,650
粤B0NC67,114.084435,22.5709,651
粤B0NC67,114.06852,22.569218,653
粤B0NC67,114.068268,22.569166,653
粤B0NC67,114.064415,22.568733,653
粤B0NC67,114.066536,22.568968,653
粤B0NC67,114.05722,22.566433,654
粤B0NC67,114.058853,22.567183,654
粤B0NC67,114.06218,22.568382,654
粤B0NC67,114.059952,22.567667,654
粤B0NC67,114.051285,22.565367,655
粤B0NC67,114.053368,22.565317,655
粤B0NC67,114.055679,22.565832,655
粤B0NC67,114.04808,22.567167,658
粤B0NC67,114.048119,22.567183,658
粤B0NC67,114.048119,22.567183,658
粤B0NC67,114.048103,22.567167,658
粤B0NC67,114.050316,22.567118,659
粤B0NC67,114.048134,22.56715,659
粤B0NC67,114.051765,22.567118,659
粤B0NC67,114.049034,22.567232,659
粤B0NC67,114.055679,22.5676,660
粤B0NC67,114.054482,22.567232,660
粤B0NC67,114.052567,22.56715,660
粤B0NC67,114.053497,22.567066,660
粤B0NC67,114.057434,22.568434,661
粤B0NC67,114.058121,22.568768,661
粤B0NC67,114.058136,22.5688,661
粤B0NC67,114.056564,22.568083,661
粤B0NC67,114.058014,22.568899,662
粤B0NC67,114.058167,22.568832,662
粤B0NC67,114.058586,22.569183,662
粤B0NC67,114.054604,22.567266,663
粤B0NC67,114.05587,22.567949,663
粤B0NC67,114.052864,22.56715,663
粤B0NC67,114.053917,22.567183,663
粤B0NC67,114.050568,22.567266,664
粤B0NC67,114.049652,22.567101,664
粤B0NC67,114.051582,22.567183,664
粤B0NC67,114.052521,22.567183,664
粤B0NC67,114.049004,22.568783,665
粤B0NC67,114.048882,22.569817,665
粤B0NC67,114.049019,22.567633,665
粤B0NC67,114.049583,22.567232,665
粤B0NC67,114.048836,22.57095,666
粤B0NC67,114.050217,22.571068,666
粤B0NC67,114.051682,22.571051,666
粤B0NC67,114.052818,22.571016,666
粤B0NC67,114.054047,22.5709,667
粤B0NC67,114.054031,22.569483,667
粤B0NC67,114.054085,22.568417,667
粤B0NC67,114.054047,22.570101,667
粤B0NC67,114.054085,22.567818,668
粤B0NC67,114.055252,22.567533,668
粤B0NC67,114.054214,22.567249,668
粤B0NC67,114.054085,22.567766,668
粤B0NC67,114.056465,22.568001,669
粤B0NC67,114.057648,22.568567,669
粤B0NC67,114.058517,22.568951,669
粤B0NC67,114.058083,22.56875,669
粤B0NC67,114.060471,22.570999,670
粤B0NC67,114.059418,22.569067,670
粤B0NC67,114.060249,22.569332,670
粤B0NC67,114.060333,22.570032,670
粤B0NC67,114.061432,22.571016,671
粤B0NC67,114.061432,22.571033,671
粤B0NC67,114.061417,22.571033,671
粤B0NC67,114.061447,22.571033,671
粤B0NC67,114.061836,22.572416,672
粤B0NC67,114.061417,22.571033,672
粤B0NC67,114.061684,22.571617,672
粤B0NC67,114.063164,22.572451,672
粤B0NC67,114.063919,22.571817,673
粤B0NC67,114.063919,22.572317,673
粤B0NC67,114.064568,22.57115,673
粤B0NC67,114.063866,22.5714,673
粤B0NC67,114.066704,22.57115,674
粤B0NC67,114.065681,22.57115,674
粤B0NC67,114.065231,22.568583,675
粤B0NC67,114.06562,22.568501,675
粤B0NC67,114.0653,22.568533,675
粤B0NC67,114.069298,22.568968,676
粤B0NC67,114.067368,22.567734,676
粤B0NC67,114.068115,22.5686,676
粤B0NC67,114.067253,22.568016,676
粤B0NC67,114.067818,22.567818,676
粤B0NC67,114.070198,22.569134,677
粤B0NC67,114.071014,22.569218,677
粤B0NC67,114.072136,22.56945,677
粤B0NC67,114.073219,22.569967,677
粤B0NC67,114.075668,22.571583,678
粤B0NC67,114.074516,22.570833,678
粤B0NC67,114.074219,22.570633,678
粤B0NC67,114.074982,22.57115,678
粤B0NC67,114.080017,22.572268,679
粤B0NC67,114.077164,22.572166,679
粤B0NC67,114.07637,22.571899,679
粤B0NC67,114.078552,22.572367,679
粤B0NC67,114.084602,22.570084,682
粤B0NC67,114.085587,22.568451,682
粤B0NC67,114.085999,22.567734,682
粤B0NC67,114.08432,22.5702,682
粤B0NC67,114.093063,22.567682,683
粤B0NC67,114.091454,22.567368,683
粤B0NC67,114.087265,22.566668,683
粤B0NC67,114.08918,22.566851,683
粤B0NC67,114.09713,22.568867,684
粤B0NC67,114.094498,22.567949,684
粤B0NC67,114.095779,22.568382,684
粤B0NC67,114.097519,22.56905,684
粤B0NC67,114.102814,22.572001,685
粤B0NC67,114.103714,22.572533,685
粤B0NC67,114.099098,22.569733,685
粤B0NC67,114.101082,22.570801,685
粤B0NC67,114.105568,22.57365,686
粤B0NC67,114.106651,22.574249,686
粤B0NC67,114.10762,22.570766,687
粤B0NC67,114.107582,22.570383,687
粤B0NC67,114.107666,22.568666,688
粤B0NC67,114.107597,22.569717,688
粤B0NC67,114.107597,22.569668,688
粤B0NC67,114.10762,22.569468,688
粤B0NC67,114.107651,22.568632,689
粤B0NC67,114.10743,22.566933,689
粤B0NC67,114.107384,22.566784,689
粤B0NC67,114.10762,22.568268,689
粤B0NC67,114.107384,22.566784,690
粤B0NC67,114.107399,22.566784,690
粤B0NC67,114.107384,22.566799,690
粤B0NC67,114.107384,22.566799,690
粤B0NC67,114.107384,22.566767,691
粤B0NC67,114.107384,22.566784,691
粤B0NC67,114.107384,22.566784,691
粤B0NC67,114.108521,22.566566,691
粤B0NC67,114.118401,22.564016,693
粤B0NC67,114.118347,22.564266,693
粤B0NC67,114.11853,22.5632,693
粤B0NC67,114.119102,22.561567,693
粤B0NC67,114.11998,22.558434,694
粤B0NC67,114.122681,22.556133,694
粤B0NC67,114.119453,22.559784,694
粤B0NC67,114.121231,22.557533,694
粤B0NC67,114.125168,22.553183,695
粤B0NC67,114.125702,22.552418,695
粤B0NC67,114.124451,22.554117,695
粤B0NC67,114.125053,22.553333,695
粤B0NC67,114.125702,22.550966,696
粤B0NC67,114.125717,22.549566,696
粤B0NC67,114.125771,22.548433,696
粤B0NC67,114.125717,22.550432,696
粤B0NC67,114.125786,22.546967,697
粤B0NC67,114.125816,22.545868,697
粤B0NC67,114.125816,22.545816,697
粤B0NC67,114.125771,22.545933,697
粤B0NC67,114.125801,22.5459,698
粤B0NC67,114.125816,22.545717,698
粤B0NC67,114.125816,22.545883,698
粤B0NC67,114.117531,22.5369,701
粤B0NC67,114.11805,22.537268,701
粤B0NC67,114.11805,22.537216,701
粤B0NC67,114.11705,22.536667,701
粤B0NC67,114.11805,22.537268,701
粤B0NC67,114.114883,22.535,702
粤B0NC67,114.1166,22.536417,702
粤B0NC67,114.116653,22.536333,702
粤B0NC67,114.116165,22.535749,702
粤B0NC67,114.114929,22.534468,703
粤B0NC67,114.116684,22.53615,703
粤B0NC67,114.115784,22.535217,703
粤B0NC67,114.11837,22.537132,703
粤B0NC67,114.119331,22.538033,704
粤B0NC67,114.120552,22.538601,704
粤B0NC67,114.122986,22.540234,704
粤B0NC67,114.121986,22.539551,704
粤B0NC67,114.123032,22.540318,705
粤B0NC67,114.123215,22.540434,705
粤B0NC67,114.123001,22.540283,705
粤B0NC67,114.124634,22.541367,705
粤B0NC67,114.124184,22.542383,706
粤B0NC67,114.124435,22.541866,706
粤B0NC67,114.123985,22.542833,706
粤B0NC67,114.124069,22.542784,706
粤B0NC67,114.123932,22.542933,707
粤B0NC67,114.123581,22.542982,707
粤B0NC67,114.123619,22.542933,707
粤B0NC67,114.12397,22.542868,707
粤B0NC67,114.123596,22.54295,708
粤B0NC67,114.123596,22.542967,708
粤B0NC67,114.123596,22.542967,708
粤B0NC67,114.123596,22.542917,708
粤B0NC67,114.123596,22.542917,709
粤B0NC67,114.123581,22.542933,709
粤B0NC67,114.123581,22.54295,709
粤B0NC67,114.123581,22.54295,709
粤B0NC67,114.123581,22.54295,710
粤B0NC67,114.123566,22.542967,710
粤B0NC67,114.123566,22.54295,710
粤B0NC67,114.123581,22.54295,710
粤B0NC67,114.12355,22.542982,711
粤B0NC67,114.12355,22.542982,711
粤B0NC67,114.12355,22.542999,711
粤B0NC67,114.12355,22.542967,711
粤B0NC67,114.123535,22.543016,712
粤B0NC67,114.12355,22.542999,712
粤B0NC67,114.12352,22.543051,712
粤B0NC67,114.123535,22.543016,712
粤B0NC67,114.12352,22.543034,713
粤B0NC67,114.12352,22.543034,713
粤B0NC67,114.12352,22.543034,713
粤B0NC67,114.12352,22.543034,713
粤B0NC67,114.12355,22.543016,714
粤B0NC67,114.12355,22.543016,714
粤B0NC67,114.12355,22.543016,714
粤B0NC67,114.12355,22.542999,714
粤B0NC67,114.12355,22.54295,715
粤B0NC67,114.12355,22.542982,715
粤B0NC67,114.12355,22.542967,715
粤B0NC67,114.123566,22.542982,715
粤B0NC67,114.12355,22.5429,716
粤B0NC67,114.123535,22.542917,716
粤B0NC67,114.12355,22.542917,716
粤B0NC67,114.12355,22.542967,716
粤B0NC67,114.123482,22.542999,717
粤B0NC67,114.123421,22.5431,717
粤B0NC67,114.123497,22.543016,717
粤B0NC67,114.123451,22.543068,717
粤B0NC67,114.123497,22.543016,718
粤B0NC67,114.123535,22.543133,718
粤B0NC67,114.123497,22.543016,718
粤B0NC67,114.12352,22.543083,718
粤B0NC67,114.12355,22.5431,719
粤B0NC67,114.123535,22.543118,719
粤B0NC67,114.12352,22.543016,719
粤B0NC67,114.123535,22.543083,719
粤B0NC67,114.12352,22.542982,720
粤B0NC67,114.12352,22.54295,720
粤B0NC67,114.123596,22.5429,720
粤B0NC67,114.123581,22.5429,720
粤B0NC67,114.123581,22.5429,721
粤B0NC67,114.123566,22.542917,721
粤B0NC67,114.12355,22.542933,721
粤B0NC67,114.123581,22.542883,721
粤B0NC67,114.123566,22.542967,722
粤B0NC67,114.123566,22.543034,722
粤B0NC67,114.123497,22.5431,722
粤B0NC67,114.123566,22.54295,722
粤B0NC67,114.122581,22.543083,723
粤B0NC67,114.123451,22.5431,723
粤B0NC67,114.123566,22.543034,723
粤B0NC67,114.123154,22.542917,723
粤B0NC67,114.121483,22.543467,724
粤B0NC67,114.121803,22.544533,724
粤B0NC67,114.121964,22.543217,724
粤B0NC67,114.121635,22.543966,724
粤B0NC67,114.121452,22.543966,725
粤B0NC67,114.121414,22.543716,725
粤B0NC67,114.121384,22.5438,725
粤B0NC67,114.121414,22.543516,725
粤B0NC67,114.120537,22.544283,726
粤B0NC67,114.120117,22.544567,726
粤B0NC67,114.120903,22.543716,726
粤B0NC67,114.120697,22.544033,726
粤B0NC67,114.118629,22.543934,727
粤B0NC67,114.11972,22.544132,727
粤B0NC67,114.11953,22.54405,727
粤B0NC67,114.119232,22.544018,727
粤B0NC67,114.118263,22.543983,728
粤B0NC67,114.118217,22.543783,728
粤B0NC67,114.118233,22.5439,728
粤B0NC67,114.118217,22.543768,728
粤B0NC67,114.117371,22.5455,729
粤B0NC67,114.117065,22.547083,729
粤B0NC67,114.117683,22.544333,729
粤B0NC67,114.117981,22.543751,729
粤B0NC67,114.116882,22.548,730
粤B0NC67,114.116402,22.54875,730
粤B0NC67,114.116264,22.548717,730
粤B0NC67,114.116684,22.548599,730
粤B0NC67,114.116318,22.549601,731
粤B0NC67,114.11673,22.549982,731
粤B0NC67,114.116631,22.550133,731
粤B0NC67,114.116684,22.550051,731
粤B0NC67,114.11673,22.549917,732
粤B0NC67,114.116699,22.549932,732
粤B0NC67,114.116699,22.549932,732
粤B0NC67,114.116753,22.54995,732
粤B0NC67,114.118347,22.552633,733
粤B0NC67,114.117317,22.55055,733
粤B0NC67,114.117569,22.551434,733
粤B0NC67,114.121552,22.557417,735
粤B0NC67,114.119202,22.56185,735
粤B0NC67,114.119598,22.559967,735
粤B0NC67,114.121498,22.55755,735
粤B0NC67,114.12043,22.558384,735
粤B0NC67,114.119682,22.563833,736
粤B0NC67,114.118935,22.56395,736
粤B0NC67,114.11882,22.562866,736
粤B0NC67,114.119835,22.56385,736
粤B0NC67,114.121803,22.564034,737
粤B0NC67,114.120064,22.56385,737
粤B0NC67,114.121719,22.564051,737
粤B0NC67,114.121429,22.564034,737
粤B0NC67,114.123833,22.5641,738
粤B0NC67,114.122299,22.564016,738
粤B0NC67,114.12442,22.563883,738
粤B0NC67,114.122635,22.564117,738
粤B0NC67,114.124565,22.562901,739
粤B0NC67,114.124634,22.562401,739
粤B0NC67,114.124664,22.56205,739
粤B0NC67,114.124649,22.562468,739
粤B0NC67,114.125015,22.559467,740
粤B0NC67,114.124832,22.5609,740
粤B0NC67,114.124786,22.559151,740
粤B0NC67,114.124969,22.559834,740
粤B0NC67,114.123215,22.558184,741
粤B0NC67,114.120598,22.559099,741
粤B0NC67,114.121063,22.557966,741
粤B0NC67,114.122032,22.557449,741
粤B0NC67,114.112053,22.558867,742
粤B0NC67,114.119049,22.559183,742
粤B0NC67,114.114098,22.558867,742
粤B0NC67,114.116768,22.558849,742
粤B0NC67,114.111351,22.559401,743
粤B0NC67,114.112015,22.559366,743
粤B0NC67,114.109886,22.555817,743
粤B0NC67,114.111015,22.557318,743
粤B0NC67,114.109703,22.55485,744
粤B0NC67,114.110016,22.5508,744
粤B0NC67,114.109734,22.553232,744
粤B0NC67,114.110268,22.548634,744
粤B0NC67,114.109764,22.545366,745
粤B0NC67,114.110199,22.547934,745
粤B0NC67,114.109619,22.546867,745
粤B0NC67,114.1101,22.547649,745
粤B0NC67,114.11058,22.539482,746
粤B0NC67,114.110229,22.542017,746
粤B0NC67,114.110435,22.540899,746
粤B0NC67,114.110085,22.543283,746
粤B0NC67,114.110886,22.537382,747
粤B0NC67,114.111099,22.535618,747
粤B0NC67,114.111099,22.535633,747
粤B0NC67,114.111115,22.535683,747
粤B0NC67,114.111237,22.534666,748
粤B0NC67,114.111618,22.53125,748
粤B0NC67,114.111519,22.531668,748
粤B0NC67,114.111397,22.532717,748
粤B0NC67,114.111664,22.5312,749
粤B0NC67,114.111832,22.530832,749
粤B0NC67,114.111832,22.530849,749
粤B0NC67,114.111748,22.530817,749
粤B0NC67,114.11187,22.530867,750
粤B0NC67,114.111931,22.530899,750
粤B0NC67,114.111931,22.530899,750
粤B0NC67,114.111832,22.530849,750
粤B0NC67,114.112,22.531,751
粤B0NC67,114.11187,22.530867,751
粤B0NC67,114.111931,22.530951,751
粤B0NC67,114.112053,22.531017,751
粤B0NC67,114.112114,22.531099,752
粤B0NC67,114.112183,22.531067,752
粤B0NC67,114.112053,22.53105,752
粤B0NC67,114.112167,22.531082,752
粤B0NC67,114.112198,22.531067,753
粤B0NC67,114.112015,22.53105,753
粤B0NC67,114.112183,22.531099,753
粤B0NC67,114.112083,22.531067,753
粤B0NC67,114.112114,22.531067,754
粤B0NC67,114.11203,22.531067,754
粤B0NC67,114.112053,22.531067,754
粤B0NC67,114.112015,22.531067,754
粤B0NC67,114.112114,22.531067,755
粤B0NC67,114.11203,22.531166,755
粤B0NC67,114.112068,22.53105,755
粤B0NC67,114.112053,22.53105,755
粤B0NC67,114.112015,22.531233,756
粤B0NC67,114.112015,22.531233,756
粤B0NC67,114.112015,22.531233,756
粤B0NC67,114.11203,22.531233,756
粤B0NC67,114.112015,22.53125,757
粤B0NC67,114.112053,22.531366,757
粤B0NC67,114.11203,22.53125,757
粤B0NC67,114.112068,22.532049,757
粤B0NC67,114.111664,22.532932,758
粤B0NC67,114.11113,22.536182,758
粤B0NC67,114.111214,22.535351,758
粤B0NC67,114.111366,22.534582,758
粤B0NC67,114.110718,22.538532,759
粤B0NC67,114.107681,22.53735,759
粤B0NC67,114.111015,22.537483,759
粤B0NC67,114.109718,22.537832,759
粤B0NC67,114.1054,22.537416,760
粤B0NC67,114.07428,22.531883,762
粤B0NC67,114.07428,22.531883,762
粤B0NC67,114.072884,22.531851,763
粤B0NC67,114.068199,22.531782,763
粤B0NC67,114.061981,22.531717,763
粤B0NC67,114.065735,22.531799,763
粤B0NC67,114.058563,22.531651,764
粤B0NC67,114.052002,22.531549,764
粤B0NC67,114.054916,22.531584,764
粤B0NC67,114.035034,22.530416,765
粤B0NC67,114.045448,22.531467,765
粤B0NC67,114.041733,22.531099,765
粤B0NC67,114.038635,22.530817,765
粤B0NC67,114.026581,22.5312,766
粤B0NC67,114.023018,22.532049,766
粤B0NC67,114.029251,22.530518,766
粤B0NC67,114.020317,22.532167,767
粤B0NC67,114.015282,22.532383,767
粤B0NC67,114.017082,22.531584,767
粤B0NC67,114.01535,22.531267,767
粤B0NC67,114.01445,22.534651,768
粤B0NC67,114.013649,22.536266,768
粤B0NC67,114.015579,22.533533,768
粤B0NC67,114.01432,22.537634,768
粤B0NC67,114.016068,22.537832,769
粤B0NC67,114.019066,22.538134,769
粤B0NC67,114.017265,22.538017,769
粤B0NC67,114.018547,22.538267,769
粤B0NC67,114.019066,22.538134,770
粤B0NC67,114.019318,22.536417,771
粤B0NC67,114.019302,22.536417,771
粤B0NC67,114.019318,22.5364,771
粤B0NC67,114.019363,22.536118,771
粤B0NC67,114.019302,22.536417,771
粤B0NC67,114.020782,22.536266,772
粤B0NC67,114.022499,22.536516,772
粤B0NC67,114.021484,22.536333,772
粤B0NC67,114.019882,22.536083,772
粤B0NC67,114.024269,22.536818,773
粤B0NC67,114.025467,22.536966,773
粤B0NC67,114.02343,22.536568,773
粤B0NC67,114.024986,22.536867,773
粤B0NC67,114.027847,22.538651,774
粤B0NC67,114.026566,22.537018,774
粤B0NC67,114.028,22.537951,774
粤B0NC67,114.027451,22.537251,774
粤B0NC67,114.028069,22.539984,775
粤B0NC67,114.027718,22.539433,775
粤B0NC67,114.029831,22.5403,775
粤B0NC67,114.031319,22.540567,775
粤B0NC67,114.035149,22.541183,776
粤B0NC67,114.031403,22.540583,776
粤B0NC67,114.03157,22.5406,776
粤B0NC67,114.03318,22.54085,776
粤B0NC67,114.040352,22.542049,777
粤B0NC67,114.042252,22.5422,777
粤B0NC67,114.043564,22.542067,777
粤B0NC67,114.038132,22.541668,777
粤B0NC67,114.044403,22.537451,778
粤B0NC67,114.044296,22.539516,778
粤B0NC67,114.044449,22.535383,778
粤B0NC67,114.0438,22.540701,778
粤B0NC67,114.040451,22.5296,781
粤B0NC67,114.040451,22.5296,781
粤B0NC67,114.040901,22.530149,782
粤B0NC67,114.040787,22.529716,782
粤B0NC67,114.041,22.5306,782
粤B0NC67,114.041451,22.530817,782
粤B0NC67,114.042183,22.529917,783
粤B0NC67,114.041985,22.530733,783
粤B0NC67,114.042,22.5305,783
粤B0NC67,114.04203,22.530466,783
粤B0NC67,114.047081,22.5312,785
粤B0NC67,114.053452,22.535233,786
粤B0NC67,114.05352,22.535233,786
粤B0NC67,114.053986,22.535183,786
粤B0NC67,114.053619,22.535217,786
粤B0NC67,114.053986,22.535183,786
粤B0NC67,114.054184,22.53525,787
粤B0NC67,114.055397,22.535351,787
粤B0NC67,114.054703,22.535233,787
粤B0NC67,114.05587,22.535299,787
粤B0NC67,114.057167,22.535383,788
粤B0NC67,114.057716,22.535351,788
粤B0NC67,114.055885,22.535316,788
粤B0NC67,114.057747,22.535383,788
粤B0NC67,114.060486,22.535351,789
粤B0NC67,114.057816,22.535351,789
粤B0NC67,114.058769,22.535383,789
粤B0NC67,114.059883,22.535433,789
粤B0NC67,114.060364,22.533783,790
粤B0NC67,114.060448,22.533667,790
粤B0NC67,114.060501,22.534283,790
粤B0NC67,114.060532,22.534983,790
粤B0NC67,114.062485,22.53355,791
粤B0NC67,114.062866,22.533434,791
粤B0NC67,114.061485,22.533533,791
粤B0NC67,114.062248,22.532949,791
粤B0NC67,114.063103,22.533867,792
粤B0NC67,114.062614,22.532867,792
粤B0NC67,114.063049,22.533117,792
粤B0NC67,114.063332,22.533882,792
粤B0NC67,114.063019,22.53385,793
粤B0NC67,114.062981,22.533867,793
粤B0NC67,114.063118,22.533882,793
粤B0NC67,114.063164,22.534384,793
粤B0NC67,114.063316,22.537333,794
粤B0NC67,114.063133,22.534866,794
粤B0NC67,114.063385,22.53495,794
粤B0NC67,114.063416,22.536318,794
粤B0NC67,114.063286,22.537367,795
粤B0NC67,114.063034,22.537666,795
粤B0NC67,114.063316,22.53735,795
粤B0NC67,114.06105,22.537983,795
粤B0NC67,114.05928,22.537832,796
粤B0NC67,114.056686,22.537582,796
粤B0NC67,114.058067,22.537518,796
粤B0NC67,114.058235,22.5375,796
粤B0NC67,114.053146,22.537533,797
粤B0NC67,114.054932,22.5375,797
粤B0NC67,114.051735,22.541983,799
粤B0NC67,114.051819,22.540951,799
粤B0NC67,114.051414,22.547251,800
粤B0NC67,114.051552,22.545317,800
粤B0NC67,114.051567,22.544968,800
粤B0NC67,114.051514,22.545799,800
粤B0NC67,114.051231,22.550583,801
粤B0NC67,114.051414,22.548134,801
粤B0NC67,114.051315,22.549168,801
粤B0NC67,114.05127,22.5492,801
粤B0NC67,114.047501,22.5511,802
粤B0NC67,114.051186,22.5508,802
粤B0NC67,114.0504,22.55135,802
粤B0NC67,114.05117,22.5509,802
粤B0NC67,114.044365,22.551567,803
粤B0NC67,114.044281,22.555401,803
粤B0NC67,114.044319,22.55365,803
粤B0NC67,114.044983,22.550949,803
粤B0NC67,114.044121,22.555967,804
粤B0NC67,114.043648,22.557301,804
粤B0NC67,114.043236,22.557966,804
粤B0NC67,114.043854,22.556917,804
粤B0NC67,114.04248,22.5592,805
粤B0NC67,114.041534,22.560949,805
粤B0NC67,114.041084,22.566784,806
粤B0NC67,114.041,22.566717,806
粤B0NC67,114.040253,22.569567,807
粤B0NC67,114.0401,22.569267,807
粤B0NC67,114.04007,22.5695,807
粤B0NC67,114.04055,22.568382,807
粤B0NC67,114.040436,22.568632,807
粤B0NC67,114.040169,22.569967,808
粤B0NC67,114.040314,22.569616,808
粤B0NC67,114.03978,22.570999,808
粤B0NC67,114.040268,22.569651,808
粤B0NC67,114.03833,22.57275,809
粤B0NC67,114.038315,22.573267,809
粤B0NC67,114.039017,22.571966,809
粤B0NC67,114.039047,22.573633,809
粤B0NC67,114.040131,22.573067,810
粤B0NC67,114.041748,22.573467,810
粤B0NC67,114.039566,22.573168,810
粤B0NC67,114.041336,22.5735,810
粤B0NC67,114.04203,22.5734,811
粤B0NC67,114.042084,22.573366,811
粤B0NC67,114.041748,22.57345,811
粤B0NC67,114.042236,22.57345,811
粤B0NC67,114.039467,22.572918,812
粤B0NC67,114.038879,22.572367,812
粤B0NC67,114.039467,22.571751,812
粤B0NC67,114.040184,22.573168,812
粤B0NC67,114.040085,22.570101,813
粤B0NC67,114.039833,22.570833,813
粤B0NC67,114.04007,22.5702,813
粤B0NC67,114.040085,22.570084,813
粤B0NC67,114.045135,22.57115,814
粤B0NC67,114.041748,22.570351,814
粤B0NC67,114.040764,22.570133,814
粤B0NC67,114.043152,22.570433,814
粤B0NC67,114.047348,22.571182,815
粤B0NC67,114.048714,22.569683,815
粤B0NC67,114.048737,22.568933,815
粤B0NC67,114.048584,22.570818,815
粤B0NC67,114.048737,22.568068,816
粤B0NC67,114.048683,22.567499,816
粤B0NC67,114.048698,22.566233,816
粤B0NC67,114.048668,22.567551,816
粤B0NC67,114.046249,22.565533,817
粤B0NC67,114.044914,22.565283,817
粤B0NC67,114.04332,22.564734,817
粤B0NC67,114.048119,22.56555,817
粤B0NC67,114.039032,22.5641,818
粤B0NC67,114.041885,22.56415,818
粤B0NC67,114.039848,22.563766,818
粤B0NC67,114.040115,22.563267,818
粤B0NC67,114.043404,22.557167,819
粤B0NC67,114.042686,22.558649,819
粤B0NC67,114.043419,22.557133,819
粤B0NC67,114.041336,22.5611,819
粤B0NC67,114.043419,22.557182,820
粤B0NC67,114.043419,22.557199,820
粤B0NC67,114.043404,22.557182,820
粤B0NC67,114.043419,22.557182,820
粤B0NC67,114.043831,22.556299,821
粤B0NC67,114.044121,22.551468,821
粤B0NC67,114.043434,22.557199,821
粤B0NC67,114.044067,22.554001,821
粤B0NC67,114.044136,22.551001,822
粤B0NC67,114.044136,22.550934,822
粤B0NC67,114.044136,22.5509,822
粤B0NC67,114.044136,22.5509,822
粤B0NC67,114.044151,22.551018,823
粤B0NC67,114.044167,22.550051,823
粤B0NC67,114.04422,22.54755,823
粤B0NC67,114.044151,22.551001,823
粤B0NC67,114.044266,22.545134,824
粤B0NC67,114.044266,22.541918,824
粤B0NC67,114.044334,22.538982,824
粤B0NC67,114.044365,22.535883,824
粤B0NC67,114.044418,22.533768,825
粤B0NC67,114.044464,22.531616,825
粤B0NC67,114.04377,22.527683,826
粤B0NC67,114.043167,22.527582,826
粤B0NC67,114.042664,22.527451,826
粤B0NC67,114.043633,22.527666,826
粤B0NC67,114.03997,22.52725,827
粤B0NC67,114.039986,22.527283,827
粤B0NC67,114.04158,22.527218,827
粤B0NC67,114.040718,22.527267,827
粤B0NC67,114.039452,22.527367,828
粤B0NC67,114.039864,22.526983,828
粤B0NC67,114.039749,22.527233,828
粤B0NC67,114.039864,22.52705,828
粤B0NC67,114.037697,22.527567,829
粤B0NC67,114.036285,22.527718,829
粤B0NC67,114.035332,22.527817,829
粤B0NC67,114.038864,22.527468,829
粤B0NC67,114.034782,22.527233,830
粤B0NC67,114.035347,22.527834,830
粤B0NC67,114.034348,22.526434,830
粤B0NC67,114.035301,22.527834,830
粤B0NC67,114.032814,22.526234,832
粤B0NC67,114.031364,22.524483,832
粤B0NC67,114.032814,22.526234,832
粤B0NC67,114.032333,22.525999,832
粤B0NC67,114.0326,22.526266,832
粤B0NC67,114.031136,22.524134,833
粤B0NC67,114.016647,22.530033,837
粤B0NC67,114.017868,22.531401,837
粤B0NC67,114.018768,22.531584,837
粤B0NC67,114.016449,22.530684,837
粤B0NC67,114.04763,22.537283,846
粤B0NC67,114.050835,22.536667,849
粤B0NC67,114.050903,22.536699,849
粤B0NC67,114.050568,22.5366,849
粤B0NC67,114.049652,22.5399,850
粤B0NC67,114.049652,22.540751,851
粤B0NC67,114.049629,22.5404,851
粤B0NC67,114.049164,22.5413,851
粤B0NC67,114.049431,22.540684,851
粤B0NC67,114.049271,22.541683,852
粤B0NC67,114.052963,22.542282,852
粤B0NC67,114.050018,22.542482,852
粤B0NC67,114.051117,22.5425,852
粤B0NC67,114.060432,22.542618,853
粤B0NC67,114.059196,22.542633,853
粤B0NC67,114.054649,22.542017,853
粤B0NC67,114.056915,22.54245,853
粤B0NC67,114.060631,22.54265,854
粤B0NC67,114.064613,22.542667,854
粤B0NC67,114.066315,22.542433,854
粤B0NC67,114.062431,22.542633,854
粤B0NC67,114.07267,22.542883,855
粤B0NC67,114.068199,22.542418,855
粤B0NC67,114.070633,22.542816,855
粤B0NC67,114.073753,22.542917,855
粤B0NC67,114.075851,22.542917,856
粤B0NC67,114.074501,22.542883,856
粤B0NC67,114.074219,22.542917,856
粤B0NC67,114.075447,22.542917,856
粤B0NC67,114.076897,22.542967,857
粤B0NC67,114.080704,22.542999,857
粤B0NC67,114.078415,22.542982,857
粤B0NC67,114.080002,22.54295,857
粤B0NC67,114.086197,22.54315,858
粤B0NC67,114.08168,22.5431,858
粤B0NC67,114.083168,22.543118,858
粤B0NC67,114.084534,22.543182,858
粤B0NC67,114.088318,22.543133,859
粤B0NC67,114.086548,22.5432,859
粤B0NC67,114.087067,22.5432,859
粤B0NC67,114.086517,22.543182,859
粤B0NC67,114.093987,22.543367,860
粤B0NC67,114.089996,22.54315,860
粤B0NC67,114.09272,22.543333,860
粤B0NC67,114.091431,22.543266,860
粤B0NC67,114.099419,22.542868,862
粤B0NC67,114.099449,22.542482,862
粤B0NC67,114.09938,22.54315,862
粤B0NC67,114.09938,22.543182,862
粤B0NC67,114.09935,22.5432,862
粤B0NC67,114.099434,22.542482,863
粤B0NC67,114.099434,22.542049,863
粤B0NC67,114.099419,22.542351,863
粤B0NC67,114.09948,22.541817,863
粤B0NC67,114.099503,22.541651,864
粤B0NC67,114.099503,22.539516,864
粤B0NC67,114.099518,22.540817,864
粤B0NC67,114.099503,22.541683,864
粤B0NC67,114.102753,22.537867,866
粤B0NC67,114.102814,22.537884,866
粤B0NC67,114.10392,22.537916,867
粤B0NC67,114.103569,22.537983,867
粤B0NC67,114.103569,22.537983,867
粤B0NC67,114.103966,22.537901,867
粤B0NC67,114.105247,22.537283,868
粤B0NC67,114.104301,22.53775,868
粤B0NC67,114.104935,22.537434,868
粤B0NC67,114.104553,22.537634,868
粤B0NC67,114.105934,22.537033,869
粤B0NC67,114.115433,22.53875,870
粤B0NC67,114.11705,22.5389,870
粤B0NC67,114.115753,22.53875,870
粤B0NC67,114.11525,22.535183,871
粤B0NC67,114.114403,22.534634,871
粤B0NC67,114.1166,22.536266,871
粤B0NC67,114.117752,22.537201,871
粤B0NC67,114.114166,22.534468,873
粤B0NC67,114.114166,22.534117,874
粤B0NC67,114.114014,22.5341,874
粤B0NC67,114.113914,22.534149,875
粤B0NC67,114.115166,22.534866,875
粤B0NC67,114.1185,22.537451,876
粤B0NC67,114.117447,22.5368,876
粤B0NC67,114.116714,22.536249,876
粤B0NC67,114.115952,22.535433,876
粤B0NC67,114.124718,22.541468,877
粤B0NC67,114.119637,22.538116,877
粤B0NC67,114.121452,22.539333,877
粤B0NC67,114.122833,22.540234,877
粤B0NC67,114.13002,22.544317,878
粤B0NC67,114.12838,22.543467,878
粤B0NC67,114.126366,22.5425,878
粤B0NC67,114.131348,22.545033,878
粤B0NC67,114.135201,22.547867,879
粤B0NC67,114.13298,22.54595,879
粤B0NC67,114.140419,22.563017,881
粤B0NC67,114.140404,22.563032,881
粤B0NC67,114.140404,22.563032,881
粤B0NC67,114.140419,22.563032,882
粤B0NC67,114.140167,22.563299,882
粤B0NC67,114.140404,22.563017,882
粤B0NC67,114.140419,22.563032,882
粤B0NC67,114.137932,22.5658,883
粤B0NC67,114.139366,22.564182,883
粤B0NC67,114.138603,22.565067,883
粤B0NC67,114.137482,22.566217,883
粤B0NC67,114.137085,22.566601,884
粤B0NC67,114.137115,22.566566,884
粤B0NC67,114.137085,22.566584,884
粤B0NC67,114.137169,22.566532,884
粤B0NC67,114.136681,22.567066,885
粤B0NC67,114.137047,22.567717,885
粤B0NC67,114.137253,22.567917,885
粤B0NC67,114.137131,22.568068,886
粤B0NC67,114.138336,22.573784,887
粤B0NC67,114.137947,22.570333,887
粤B0NC67,114.137932,22.5704,887
粤B0NC67,114.137947,22.572651,887
粤B0NC67,114.137833,22.570717,887
粤B0NC67,114.13868,22.574984,888
粤B0NC67,114.138931,22.575617,888
粤B0NC67,114.140182,22.578417,888
粤B0NC67,114.139534,22.577,888
粤B0NC67,114.145767,22.592434,890
粤B0NC67,114.151154,22.602682,891
粤B0NC67,114.149719,22.60005,891
粤B0NC67,114.155815,22.6087,892
粤B0NC67,114.155701,22.610216,892
粤B0NC67,114.15432,22.609034,892
粤B0NC67,114.151848,22.60795,893
粤B0NC67,114.146004,22.6098,894
粤B0NC67,114.146034,22.609867,894
粤B0NC67,114.146034,22.609867,894
粤B0NC67,114.145386,22.609833,894
粤B0NC67,114.146034,22.60985,894
粤B0NC67,114.145432,22.610783,895
粤B0NC67,114.145302,22.611267,895
粤B0NC67,114.145317,22.610683,895
粤B0NC67,114.145302,22.610216,895
粤B0NC67,114.145287,22.613283,896
粤B0NC67,114.145599,22.614082,896
粤B0NC67,114.144997,22.612301,896
粤B0NC67,114.145531,22.613951,896
粤B0NC67,114.145615,22.614067,897
粤B0NC67,114.145233,22.613167,897
粤B0NC67,114.14537,22.613567,897
粤B0NC67,114.145554,22.614067,897
粤B0NC67,114.145317,22.610849,898
粤B0NC67,114.145164,22.61305,898
粤B0NC67,114.144951,22.612232,898
粤B0NC67,114.145302,22.61105,898
粤B0NC67,114.145287,22.610518,899
粤B0NC67,114.145264,22.610018,899
粤B0NC67,114.144653,22.609783,899
粤B0NC67,114.145332,22.6108,899
粤B0NC67,114.142181,22.609516,900
粤B0NC67,114.115349,22.576851,911
粤B0NC67,114.115585,22.578283,911
粤B0NC67,114.11557,22.578167,911
粤B0NC67,114.112968,22.576633,912
粤B0NC67,114.108414,22.575832,912
粤B0NC67,114.114166,22.5767,912
粤B0NC67,114.111183,22.576567,912
粤B0NC67,114.101715,22.571768,913
粤B0NC67,114.103516,22.572817,913
粤B0NC67,114.104767,22.573532,913
粤B0NC67,114.097435,22.56945,914
粤B0NC67,114.098518,22.56995,914
粤B0NC67,114.098099,22.569782,914
粤B0NC67,114.099831,22.570667,914
粤B0NC67,114.094131,22.568251,915
粤B0NC67,114.09687,22.569201,915
粤B0NC67,114.094818,22.568417,915
粤B0NC67,114.095734,22.568733,915
粤B0NC67,114.093285,22.568033,916
粤B0NC67,114.089882,22.567232,916
粤B0NC67,114.092049,22.567751,916
粤B0NC67,114.091118,22.567516,916
粤B0NC67,114.088181,22.566799,917
粤B0NC67,114.085068,22.563883,917
粤B0NC67,114.086464,22.565983,917
粤B0NC67,114.083702,22.561817,917
粤B0NC67,114.082466,22.560034,918
粤B0NC67,114.08075,22.557501,918
粤B0NC67,114.077553,22.553667,918
粤B0NC67,114.078979,22.555367,918
粤B0NC67,114.072136,22.551149,919
粤B0NC67,114.076134,22.551933,919
粤B0NC67,114.07692,22.5529,919
粤B0NC67,114.074852,22.5515,919
粤B0NC67,114.06958,22.551117,920
粤B0NC67,114.070084,22.551132,920
粤B0NC67,114.069366,22.551067,920
粤B0NC67,114.069183,22.55105,920
粤B0NC67,114.068352,22.551018,921
粤B0NC67,114.068115,22.551018,921
粤B0NC67,114.0681,22.551018,921
粤B0NC67,114.068115,22.551001,921
粤B0NC67,114.068115,22.551001,922
粤B0NC67,114.068115,22.551001,922
粤B0NC67,114.068115,22.551001,922
粤B0NC67,114.068115,22.551001,922
粤B0NC67,114.068001,22.551001,923
粤B0NC67,114.068115,22.551001,923
粤B0NC67,114.0681,22.551001,923
粤B0NC67,114.068115,22.551001,923
粤B0NC67,114.067818,22.5478,924
粤B0NC67,114.06778,22.549932,924
粤B0NC67,114.067833,22.547768,924
粤B0NC67,114.067833,22.5478,924
粤B0NC67,114.067802,22.547817,925
粤B0NC67,114.067818,22.547817,925
粤B0NC67,114.067802,22.547832,925
粤B0NC67,114.067818,22.547817,925
粤B0NC67,114.067848,22.54595,926
粤B0NC67,114.068001,22.5406,926
粤B0NC67,114.067482,22.543568,926
粤B0NC67,114.067818,22.5478,926
粤B0NC67,114.068031,22.5376,927
粤B0NC67,114.068069,22.534401,927
粤B0NC67,114.067886,22.533617,927
粤B0NC67,114.06797,22.533716,927
粤B0NC67,114.067314,22.533001,928
粤B0NC67,114.067734,22.533449,928
粤B0NC67,114.06665,22.532383,928
粤B0NC67,114.067001,22.532749,928
粤B0NC67,114.061317,22.532017,929
粤B0NC67,114.06353,22.532034,929
粤B0NC67,114.06617,22.532,929
粤B0NC67,114.065231,22.531933,929
粤B0NC67,114.058235,22.531799,930
粤B0NC67,114.056267,22.53175,930
粤B0NC67,114.06002,22.531918,930
粤B0NC67,114.053452,22.535816,932
粤B0NC67,114.053398,22.535833,932
粤B0NC67,114.053352,22.537132,933
粤B0NC67,114.053383,22.535833,933
粤B0NC67,114.053383,22.535851,933
粤B0NC67,114.053352,22.5359,933
粤B0NC67,114.05407,22.537434,934
粤B0NC67,114.054497,22.537382,934
粤B0NC67,114.05587,22.537451,934
粤B0NC67,114.055466,22.537451,934
粤B0NC67,114.057236,22.537416,935
粤B0NC67,114.057747,22.537399,935
粤B0NC67,114.057831,22.537451,935
粤B0NC67,114.057831,22.537451,935
粤B0NC67,114.057854,22.537434,936
粤B0NC67,114.057854,22.537451,936
粤B0NC67,114.057854,22.537434,936
粤B0NC67,114.057854,22.537451,936
粤B0NC67,114.058121,22.538601,937
粤B0NC67,114.057854,22.537434,937
粤B0NC67,114.058182,22.537634,937
粤B0NC67,114.058479,22.538401,937
粤B0NC67,114.059799,22.542168,938
粤B0NC67,114.05838,22.541332,938
粤B0NC67,114.057884,22.539932,938
粤B0NC67,114.058098,22.538717,938
粤B0NC67,114.06778,22.542433,939
粤B0NC67,114.06292,22.54245,939
粤B0NC67,114.061417,22.54195,939
粤B0NC67,114.065247,22.542517,939
粤B0NC67,114.068703,22.54425,940
粤B0NC67,114.068802,22.541933,940
粤B0NC67,114.068069,22.546333,940
粤B0NC67,114.0681,22.546818,940
粤B0NC67,114.0681,22.546801,941
粤B0NC67,114.068115,22.546801,941
粤B0NC67,114.068085,22.546801,941
粤B0NC67,114.068085,22.546783,941
粤B0NC67,114.068115,22.546818,942
粤B0NC67,114.068085,22.546783,942
粤B0NC67,114.068069,22.549032,942
粤B0NC67,114.068085,22.547684,942
粤B0NC67,114.068047,22.549482,943
粤B0NC67,114.068016,22.550882,943
粤B0NC67,114.068047,22.551817,943
粤B0NC67,114.068047,22.552349,943
粤B0NC67,114.067986,22.556232,944
粤B0NC67,114.068031,22.555332,944
粤B0NC67,114.068047,22.554617,944
粤B0NC67,114.068047,22.553333,944
粤B0NC67,114.068016,22.556667,945
粤B0NC67,114.068031,22.556917,945
粤B0NC67,114.068001,22.5564,945
粤B0NC67,114.06797,22.556984,945
粤B0NC67,114.068001,22.557249,946
粤B0NC67,114.070129,22.558067,946
粤B0NC67,114.068649,22.557934,946
粤B0NC67,114.067947,22.557684,946
粤B0NC67,114.0765,22.558117,947
粤B0NC67,114.074516,22.558117,947
粤B0NC67,114.078217,22.558018,947
粤B0NC67,114.071915,22.558117,947
粤B0NC67,114.08342,22.561167,948
粤B0NC67,114.079819,22.557966,948
粤B0NC67,114.081482,22.558434,948
粤B0NC67,114.082565,22.559717,948
粤B0NC67,114.08625,22.565268,949
粤B0NC67,114.08445,22.562651,949
粤B0NC67,114.08532,22.563833,949
粤B0NC67,114.087097,22.566116,949
粤B0NC67,114.088699,22.566668,950
粤B0NC67,114.089417,22.566833,950
粤B0NC67,114.090599,22.567118,950
粤B0NC67,114.087784,22.56645,950
粤B0NC67,114.09462,22.568167,951
粤B0NC67,114.093201,22.567783,951
粤B0NC67,114.0961,22.568716,951
粤B0NC67,114.091904,22.567467,951
粤B0NC67,114.10302,22.572332,952
粤B0NC67,114.104668,22.57325,952
粤B0NC67,114.100998,22.571068,952
粤B0NC67,114.098503,22.5697,952
粤B0NC67,114.108719,22.575649,953
粤B0NC67,114.108116,22.575283,953
粤B0NC67,114.106667,22.574432,953
粤B0NC67,114.107483,22.574917,953
粤B0NC67,114.116066,22.576349,955
粤B0NC67,114.115631,22.576349,955
粤B0NC67,114.115601,22.576349,955
粤B0NC67,114.116402,22.576332,955
粤B0NC67,114.117882,22.576283,956
粤B0NC67,114.117767,22.575367,956
粤B0NC67,114.116982,22.576332,956
粤B0NC67,114.118164,22.575783,956
粤B0NC67,114.116753,22.576866,957
粤B0NC67,114.117233,22.576033,957
粤B0NC67,114.1166,22.577133,957
粤B0NC67,114.11647,22.577383,957
粤B0NC67,114.115952,22.578449,958
粤B0NC67,114.115799,22.578783,958
粤B0NC67,114.116035,22.578217,958
粤B0NC67,114.116234,22.57785,958
粤B0NC67,114.115097,22.580282,959
粤B0NC67,114.114899,22.581133,959
粤B0NC67,114.115463,22.579433,959
粤B0NC67,114.115601,22.579117,959
粤B0NC67,114.116966,22.582884,960
粤B0NC67,114.114769,22.581932,960
粤B0NC67,114.116585,22.582533,960
粤B0NC67,114.11557,22.582184,960
粤B0NC67,114.115768,22.585382,961
粤B0NC67,114.116753,22.583599,961
粤B0NC67,114.116348,22.584383,961
粤B0NC67,114.115868,22.585068,961
粤B0NC67,114.11525,22.586018,962
粤B0NC67,114.114967,22.586317,962
粤B0NC67,114.114799,22.5865,962
粤B0NC67,114.115517,22.585699,962
粤B0NC67,114.114067,22.587618,963
粤B0NC67,114.113968,22.587784,963
粤B0NC67,114.114365,22.5874,963
粤B0NC67,114.114548,22.586832,963
粤B0NC67,114.114571,22.588583,964
粤B0NC67,114.114586,22.588318,964
粤B0NC67,114.114632,22.588034,964
粤B0NC67,114.114433,22.587982,964
粤B0NC67,114.114929,22.589916,965
粤B0NC67,114.114799,22.58865,965
粤B0NC67,114.114952,22.589582,965
粤B0NC67,114.114967,22.589083,965
粤B0NC67,114.11515,22.590651,966
粤B0NC67,114.114914,22.590099,966
粤B0NC67,114.114967,22.590233,966
粤B0NC67,114.115166,22.590668,966
粤B0NC67,114.115082,22.590633,967
粤B0NC67,114.115135,22.590651,967
粤B0NC67,114.114967,22.590567,967
粤B0NC67,114.115051,22.590599,967
粤B0NC67,114.114914,22.5898,968
粤B0NC67,114.114853,22.590082,968
粤B0NC67,114.114914,22.589001,968
粤B0NC67,114.114685,22.588667,968
粤B0NC67,114.114349,22.58795,969
粤B0NC67,114.114052,22.587833,969
粤B0NC67,114.114647,22.588118,969
粤B0NC67,114.113914,22.587767,969
粤B0NC67,114.113914,22.587633,970
粤B0NC67,114.114403,22.587282,970
粤B0NC67,114.114685,22.587099,970
粤B0NC67,114.11412,22.587383,970
粤B0NC67,114.114883,22.586683,971
粤B0NC67,114.114716,22.587017,971
粤B0NC67,114.115021,22.586451,971
粤B0NC67,114.114754,22.586884,971
粤B0NC67,114.114349,22.585716,972
粤B0NC67,114.115051,22.586283,972
粤B0NC67,114.115051,22.586267,972
粤B0NC67,114.114967,22.586132,972
粤B0NC67,114.11367,22.585283,973
粤B0NC67,114.112152,22.584299,973
粤B0NC67,114.112221,22.584049,973
粤B0NC67,114.112396,22.584467,973
粤B0NC67,114.113319,22.58325,974
粤B0NC67,114.112419,22.583782,974
粤B0NC67,114.112617,22.583401,974
粤B0NC67,114.113152,22.583532,974
粤B0NC67,114.11412,22.582399,975
粤B0NC67,114.11348,22.583233,975
粤B0NC67,114.113297,22.583218,975
粤B0NC67,114.113716,22.583134,975
粤B0NC67,114.114586,22.580667,976
粤B0NC67,114.11512,22.5793,976
粤B0NC67,114.115364,22.578699,976
粤B0NC67,114.114433,22.58135,976
粤B0NC67,114.1157,22.579866,977
粤B0NC67,114.11573,22.579166,977
粤B0NC67,114.115517,22.579832,977
粤B0NC67,114.120331,22.579332,978
粤B0NC67,114.118347,22.579767,978
粤B0NC67,114.117065,22.580067,978
粤B0NC67,114.119766,22.579218,978
粤B0NC67,114.12162,22.57925,979
粤B0NC67,114.12162,22.57925,979
粤B0NC67,114.12162,22.579268,979
粤B0NC67,114.121231,22.579332,979
粤B0NC67,114.121864,22.57925,980
粤B0NC67,114.122597,22.579268,980
粤B0NC67,114.122818,22.5777,980
粤B0NC67,114.122734,22.578684,980
粤B0NC67,114.121284,22.576967,981
粤B0NC67,114.119102,22.576834,981
粤B0NC67,114.122681,22.576982,981
粤B0NC67,114.120186,22.576851,981
粤B0NC67,114.116867,22.57625,982
粤B0NC67,114.115784,22.576866,982
粤B0NC67,114.117119,22.576851,982
粤B0NC67,114.11615,22.577417,982
粤B0NC67,114.117783,22.5739,983
粤B0NC67,114.118103,22.566099,983
粤B0NC67,114.117752,22.571699,983
粤B0NC67,114.117729,22.568951,983
粤B0NC67,114.119514,22.559549,984
粤B0NC67,114.11953,22.559784,984
粤B0NC67,114.119133,22.561649,984
粤B0NC67,114.1185,22.563551,984
粤B0NC67,114.119553,22.559168,985
粤B0NC67,114.119614,22.559017,985
粤B0NC67,114.119751,22.558767,985
粤B0NC67,114.119499,22.559383,985
粤B0NC67,114.119865,22.558617,986
粤B0NC67,114.121231,22.557051,986
粤B0NC67,114.119965,22.558483,986
粤B0NC67,114.120651,22.557899,986
粤B0NC67,114.119965,22.555918,987
粤B0NC67,114.11805,22.5527,987
粤B0NC67,114.118317,22.553167,987
粤B0NC67,114.119003,22.554333,987
粤B0NC67,114.11718,22.551367,988
粤B0NC67,114.117218,22.551367,988
粤B0NC67,114.11705,22.551149,988
粤B0NC67,114.117264,22.551416,988
粤B0NC67,114.116348,22.549717,989
粤B0NC67,114.116249,22.548634,989
粤B0NC67,114.11657,22.547632,989
粤B0NC67,114.116615,22.547083,989
粤B0NC67,114.11692,22.54715,990
粤B0NC67,114.117104,22.546101,990
粤B0NC67,114.116585,22.547132,990
粤B0NC67,114.117218,22.545383,990
粤B0NC67,114.11628,22.545317,991
粤B0NC67,114.115532,22.545517,991
粤B0NC67,114.116615,22.545151,991
粤B0NC67,114.115646,22.545334,991
粤B0NC67,114.115585,22.545567,992
粤B0NC67,114.115303,22.546133,992
粤B0NC67,114.11573,22.546133,992
粤B0NC67,114.116249,22.546217,993
粤B0NC67,114.116165,22.546167,993
粤B0NC67,114.118568,22.546534,994
粤B0NC67,114.117302,22.5464,994
粤B0NC67,114.119583,22.5467,995
粤B0NC67,114.119919,22.546783,995
粤B0NC67,114.129463,22.54565,1000
粤B0NC67,114.129646,22.546551,1001
粤B0NC67,114.129601,22.5476,1001
粤B0NC67,114.129646,22.547016,1001
粤B0NC67,114.129601,22.548218,1002
粤B0NC67,114.129379,22.548517,1003
粤B0NC67,114.127853,22.5501,1006
粤B0NC67,114.128632,22.550234,1006
粤B0NC67,114.12867,22.550266,1006
粤B0NC67,114.128647,22.550383,1006
粤B0NC67,114.126968,22.5497,1007
粤B0NC67,114.126167,22.549566,1007
粤B0NC67,114.114616,22.546534,1012
粤B0NC67,114.114647,22.546499,1012
粤B0NC67,114.11467,22.546734,1013
粤B0NC67,114.11422,22.54665,1013
粤B0NC67,114.114151,22.5467,1013
粤B0NC67,114.113998,22.546383,1013
粤B0NC67,114.11248,22.546232,1014
粤B0NC67,114.113167,22.546432,1014
粤B0NC67,114.113068,22.546534,1014
粤B0NC67,114.112831,22.546368,1014
粤B0NC67,114.110352,22.547934,1015
粤B0NC67,114.110435,22.546633,1015
粤B0NC67,114.111183,22.546383,1015
粤B0NC67,114.112099,22.54615,1015
粤B0NC67,114.110069,22.551184,1016
粤B0NC67,114.109947,22.551983,1016
粤B0NC67,114.109947,22.552017,1016
粤B0NC67,114.110336,22.549351,1016
粤B0NC67,114.109886,22.552967,1017
粤B0NC67,114.109848,22.55455,1017
粤B0NC67,114.110069,22.558783,1018
粤B0NC67,114.109764,22.558767,1018
粤B0NC67,114.107964,22.558767,1019
粤B0NC67,114.104118,22.561333,1020
粤B0NC67,114.10408,22.561317,1020
粤B0NC67,114.099068,22.565451,1028
粤B0NC67,114.099068,22.565184,1028
粤B0NC67,114.099068,22.563766,1030
粤B0NC67,114.099068,22.563766,1030
粤B0NC67,114.099068,22.563784,1030
粤B0NC67,114.099068,22.563784,1030
粤B0NC67,114.099083,22.563433,1031
粤B0NC67,114.099167,22.562433,1031
粤B0NC67,114.099083,22.563766,1031
粤B0NC67,114.09922,22.56175,1031
粤B0NC67,114.099236,22.561733,1032
粤B0NC67,114.099236,22.56175,1032
粤B0NC67,114.099236,22.56175,1032
粤B0NC67,114.099236,22.56175,1032
粤B0NC67,114.099236,22.561733,1033
粤B0NC67,114.099236,22.561733,1033
粤B0NC67,114.099236,22.561733,1033
粤B0NC67,114.099236,22.561733,1033
粤B0NC67,114.099236,22.56175,1034
粤B0NC67,114.09922,22.56175,1034
粤B0NC67,114.10125,22.561382,1034
粤B0NC67,114.099884,22.561501,1034
粤B0NC67,114.101349,22.561283,1035
粤B0NC67,114.101349,22.561317,1035
粤B0NC67,114.101334,22.561317,1035
粤B0NC67,114.101334,22.561283,1035
粤B0NC67,114.101616,22.561934,1036
粤B0NC67,114.101517,22.562233,1036
粤B0NC67,114.101532,22.562933,1036
粤B0NC67,114.101585,22.562233,1036
粤B0NC67,114.103569,22.563066,1037
粤B0NC67,114.102081,22.563133,1037
粤B0NC67,114.103714,22.562967,1037
粤B0NC67,114.103333,22.563049,1037
粤B0NC67,114.10392,22.562733,1038
粤B0NC67,114.103836,22.563084,1038
粤B0NC67,114.103935,22.562866,1038
粤B0NC67,114.103897,22.562717,1038
粤B0NC67,114.103981,22.562733,1039
粤B0NC67,114.103951,22.562733,1039
粤B0NC67,114.103966,22.562733,1039
粤B0NC67,114.103966,22.562733,1039
粤B0NC67,114.103935,22.56185,1040
粤B0NC67,114.103935,22.5625,1040
粤B0NC67,114.103951,22.561783,1040
粤B0NC67,114.103935,22.562733,1040
粤B0NC67,114.103935,22.561783,1041
粤B0NC67,114.103897,22.561768,1041
粤B0NC67,114.103897,22.561783,1041
粤B0NC67,114.103935,22.561783,1041
粤B0NC67,114.103897,22.561783,1042
粤B0NC67,114.104385,22.561666,1042
粤B0NC67,114.103882,22.561783,1042
粤B0NC67,114.103897,22.561783,1042
粤B0NC67,114.106453,22.562166,1043
粤B0NC67,114.106766,22.562401,1043
粤B0NC67,114.105598,22.561983,1043
粤B0NC67,114.106766,22.563717,1043
粤B0NC67,114.106819,22.564716,1044
粤B0NC67,114.107368,22.566217,1044
粤B0NC67,114.108284,22.566601,1044
粤B0NC67,114.109985,22.566366,1044
粤B0NC67,114.124283,22.569851,1047
粤B0NC67,114.123665,22.569668,1047
粤B0NC67,114.121666,22.569218,1048
粤B0NC67,114.122803,22.5695,1048
粤B0NC67,114.11908,22.56855,1048
粤B0NC67,114.120964,22.568983,1048
粤B0NC67,114.117584,22.568968,1049
粤B0NC67,114.116951,22.56925,1049
粤B0NC67,114.117218,22.568434,1049
粤B0NC67,114.117287,22.568283,1049
粤B0NC67,114.114052,22.563984,1050
粤B0NC67,114.116318,22.567368,1050
粤B0NC67,114.115631,22.565184,1050
粤B0NC67,114.116798,22.5683,1050
粤B0NC67,114.112732,22.558832,1051
粤B0NC67,114.1147,22.558849,1051
粤B0NC67,114.114754,22.560101,1051
粤B0NC67,114.114464,22.561483,1051
粤B0NC67,114.111115,22.557533,1052
粤B0NC67,114.111984,22.559601,1052
粤B0NC67,114.109818,22.555782,1052
粤B0NC67,114.111214,22.559084,1052
粤B0NC67,114.109985,22.5506,1053
粤B0NC67,114.109749,22.552383,1053
粤B0NC67,114.109619,22.5541,1053
粤B0NC67,114.109619,22.554251,1053
粤B0NC67,114.110199,22.54775,1054
粤B0NC67,114.109718,22.547567,1054
粤B0NC67,114.110184,22.548567,1054
粤B0NC67,114.109703,22.546568,1054
粤B0NC67,114.109764,22.545116,1055
粤B0NC67,114.110046,22.5424,1055
粤B0NC67,114.109863,22.542368,1055
粤B0NC67,114.110001,22.543367,1055
粤B0NC67,114.109718,22.542334,1056
粤B0NC67,114.109734,22.542334,1056
粤B0NC67,114.109718,22.542334,1056
粤B0NC67,114.109703,22.542316,1056
粤B0NC67,114.110298,22.54035,1057
粤B0NC67,114.109833,22.541683,1057
粤B0NC67,114.109734,22.542282,1057
粤B0NC67,114.109985,22.541149,1057
粤B0NC67,114.110832,22.537268,1058
粤B0NC67,114.110519,22.539267,1058
粤B0NC67,114.110565,22.53895,1058
粤B0NC67,114.110664,22.5383,1058
粤B0NC67,114.111015,22.5357,1059
粤B0NC67,114.111031,22.535618,1059
粤B0NC67,114.111031,22.535601,1059
粤B0NC67,114.111099,22.535217,1059
粤B0NC67,114.112747,22.531584,1060
粤B0NC67,114.111618,22.531918,1060
粤B0NC67,114.11142,22.533434,1060
粤B0NC67,114.113953,22.531733,1060
粤B0NC67,114.114548,22.531982,1061
粤B0NC67,114.114967,22.534134,1062
粤B0NC67,114.115799,22.5352,1062
粤B0NC67,114.116447,22.535851,1062
粤B0NC67,114.114998,22.532932,1062
粤B0NC67,114.118935,22.537533,1063
粤B0NC67,114.117996,22.536934,1063
粤B0NC67,114.116951,22.536367,1063
粤B0NC67,114.117218,22.536383,1063
粤B0NC67,114.121765,22.539534,1064
粤B0NC67,114.123314,22.540567,1064
粤B0NC67,114.120148,22.538366,1064
粤B0NC67,114.12075,22.538851,1064
粤B0NC67,114.126534,22.542618,1065
粤B0NC67,114.129852,22.54425,1065
粤B0NC67,114.125053,22.5417,1065
粤B0NC67,114.128502,22.543533,1065
粤B0NC67,114.133369,22.54615,1066
粤B0NC67,114.131683,22.545233,1066
粤B0NC67,114.135132,22.547768,1066
粤B0NC67,114.13903,22.553766,1068
粤B0NC67,114.139503,22.554434,1068
粤B0NC67,114.140053,22.554518,1068
粤B0NC67,114.139183,22.554033,1068
粤B0NC67,114.139015,22.553734,1068
粤B0NC67,114.140518,22.555017,1069
粤B0NC67,114.155418,22.559299,1071
粤B0NC67,114.155266,22.559168,1071
粤B0NC67,114.156998,22.560467,1072
粤B0NC67,114.156754,22.560301,1072
粤B0NC67,114.156685,22.560266,1072
粤B0NC67,114.157181,22.560583,1072
粤B0NC67,114.157753,22.560917,1073
粤B0NC67,114.157402,22.560699,1073
粤B0NC67,114.15757,22.560833,1073
粤B0NC67,114.157883,22.560984,1073
粤B0NC67,114.158531,22.560883,1074
粤B0NC67,114.158035,22.561033,1074
粤B0NC67,114.158333,22.561016,1074
粤B0NC67,114.158134,22.56105,1074
粤B0NC67,114.158615,22.56065,1075
粤B0NC67,114.158432,22.56035,1075
粤B0NC67,114.158531,22.560467,1075
粤B0NC67,114.158585,22.560551,1075
粤B0NC67,114.157417,22.5611,1076
粤B0NC67,114.157616,22.560583,1076
粤B0NC67,114.157402,22.561768,1076
粤B0NC67,114.157982,22.560316,1076
粤B0NC67,114.158401,22.562851,1077
粤B0NC67,114.15757,22.562883,1077
粤B0NC67,114.157417,22.562799,1077
粤B0NC67,114.159164,22.562799,1077
粤B0NC67,114.15963,22.563084,1078
粤B0NC67,114.160385,22.563417,1078
粤B0NC67,114.160118,22.563017,1078
粤B0NC67,114.160347,22.563267,1078
粤B0NC67,114.160347,22.563601,1079
粤B0NC67,114.160347,22.563601,1079
粤B0NC67,114.160332,22.563601,1079
粤B0NC67,114.160332,22.563633,1079
粤B0NC67,114.16037,22.563351,1080
粤B0NC67,114.16037,22.563368,1080
粤B0NC67,114.160332,22.563351,1080
粤B0NC67,114.160332,22.5634,1080
粤B0NC67,114.16037,22.563334,1081
粤B0NC67,114.160385,22.563316,1081
粤B0NC67,114.16037,22.563334,1081
粤B0NC67,114.16037,22.563334,1081
粤B0NC67,114.1604,22.563334,1082
粤B0NC67,114.160416,22.563316,1082
粤B0NC67,114.160385,22.563316,1082
粤B0NC67,114.16037,22.563316,1082
粤B0NC67,114.160385,22.563334,1083
粤B0NC67,114.160385,22.563334,1083
粤B0NC67,114.160416,22.563316,1083
粤B0NC67,114.160416,22.563316,1083
粤B0NC67,114.160385,22.563334,1084
粤B0NC67,114.160385,22.563334,1084
粤B0NC67,114.1604,22.563334,1084
粤B0NC67,114.1604,22.563334,1084
粤B0NC67,114.160385,22.563334,1085
粤B0NC67,114.16037,22.563351,1085
粤B0NC67,114.160385,22.563334,1085
粤B0NC67,114.160385,22.563351,1085
粤B0NC67,114.1604,22.563334,1086
粤B0NC67,114.160385,22.563351,1086
粤B0NC67,114.1604,22.563334,1086
粤B0NC67,114.1604,22.563334,1086
粤B0NC67,114.16037,22.563351,1087
粤B0NC67,114.160347,22.563368,1087
粤B0NC67,114.16037,22.563351,1087
粤B0NC67,114.160347,22.563368,1087
粤B0NC67,114.160347,22.563368,1088
粤B0NC67,114.160347,22.563368,1088
粤B0NC67,114.160347,22.563368,1088
粤B0NC67,114.160347,22.563368,1088
粤B0NC67,114.160347,22.563368,1089
粤B0NC67,114.160347,22.563368,1089
粤B0NC67,114.16037,22.563368,1089
粤B0NC67,114.160347,22.563368,1089
粤B0NC67,114.160347,22.563351,1090
粤B0NC67,114.16037,22.563368,1090
粤B0NC67,114.160385,22.563368,1090
粤B0NC67,114.160347,22.563368,1090
粤B0NC67,114.1604,22.563368,1091
粤B0NC67,114.160385,22.563368,1091
粤B0NC67,114.1604,22.563368,1091
粤B0NC67,114.1604,22.563351,1091
粤B0NC67,114.160385,22.563368,1092
粤B0NC67,114.160385,22.563368,1092
粤B0NC67,114.16037,22.563351,1092
粤B0NC67,114.160385,22.563368,1092
粤B0NC67,114.160385,22.563334,1093
粤B0NC67,114.16037,22.563334,1093
粤B0NC67,114.160385,22.563316,1093
粤B0NC67,114.160385,22.563334,1093
粤B0NC67,114.160347,22.563351,1094
粤B0NC67,114.160347,22.563351,1094
粤B0NC67,114.160347,22.563334,1094
粤B0NC67,114.160347,22.563351,1094
粤B0NC67,114.160347,22.563351,1095
粤B0NC67,114.160347,22.563368,1095
粤B0NC67,114.160332,22.563351,1095
粤B0NC67,114.160347,22.563351,1095
粤B0NC67,114.16037,22.563351,1096
粤B0NC67,114.16037,22.563351,1096
粤B0NC67,114.160347,22.563351,1096
粤B0NC67,114.160347,22.563334,1096
粤B0NC67,114.160347,22.563334,1097
粤B0NC67,114.160347,22.563334,1097
粤B0NC67,114.160347,22.563334,1097
粤B0NC67,114.16037,22.563334,1097
粤B0NC67,114.160385,22.563334,1098
粤B0NC67,114.16037,22.563351,1098
粤B0NC67,114.16037,22.563351,1098
粤B0NC67,114.16037,22.563351,1098
粤B0NC67,114.160385,22.563334,1099
粤B0NC67,114.160385,22.563351,1099
粤B0NC67,114.160385,22.563351,1099
粤B0NC67,114.16037,22.563351,1099
粤B0NC67,114.160385,22.563334,1100
粤B0NC67,114.160385,22.563334,1100
粤B0NC67,114.160385,22.563334,1100
粤B0NC67,114.160385,22.563334,1100
粤B0NC67,114.160385,22.563334,1101
粤B0NC67,114.1604,22.563334,1101
粤B0NC67,114.160385,22.563334,1101
粤B0NC67,114.1604,22.563334,1101
粤B0NC67,114.160347,22.563351,1102
粤B0NC67,114.16037,22.563316,1102
粤B0NC67,114.16037,22.563351,1102
粤B0NC67,114.1604,22.563334,1102
粤B0NC67,114.160385,22.563351,1103
粤B0NC67,114.16037,22.563334,1103
粤B0NC67,114.16037,22.563351,1103
粤B0NC67,114.160347,22.563334,1103
粤B0NC67,114.16037,22.563334,1104
粤B0NC67,114.16037,22.563316,1104
粤B0NC67,114.16037,22.563316,1104
粤B0NC67,114.16037,22.563316,1104
粤B0NC67,114.16037,22.563316,1105
粤B0NC67,114.16037,22.563316,1105
粤B0NC67,114.16037,22.563316,1105
粤B0NC67,114.16037,22.563316,1105
粤B0NC67,114.160385,22.563316,1106
粤B0NC67,114.160385,22.563316,1106
粤B0NC67,114.160385,22.563316,1106
粤B0NC67,114.160385,22.563316,1106
粤B0NC67,114.16037,22.563316,1107
粤B0NC67,114.16037,22.563316,1107
粤B0NC67,114.160385,22.563316,1107
粤B0NC67,114.160385,22.563316,1107
粤B0NC67,114.16037,22.563316,1108
粤B0NC67,114.16037,22.563316,1108
粤B0NC67,114.16037,22.563316,1108
粤B0NC67,114.16037,22.563316,1108
粤B0NC67,114.16037,22.563316,1109
粤B0NC67,114.16037,22.563316,1109
粤B0NC67,114.16037,22.563316,1109
粤B0NC67,114.16037,22.563316,1109
粤B0NC67,114.16037,22.563316,1110
粤B0NC67,114.160347,22.563299,1110
粤B0NC67,114.16037,22.563316,1110
粤B0NC67,114.160316,22.563299,1110
粤B0NC67,114.160316,22.563299,1111
粤B0NC67,114.160332,22.563299,1111
粤B0NC67,114.160316,22.563284,1111
粤B0NC67,114.160316,22.563299,1111
粤B0NC67,114.160332,22.563299,1112
粤B0NC67,114.160332,22.563299,1112
粤B0NC67,114.160347,22.563299,1112
粤B0NC67,114.160332,22.563299,1112
粤B0NC67,114.160347,22.563299,1113
粤B0NC67,114.16037,22.563299,1113
粤B0NC67,114.160347,22.563299,1113
粤B0NC67,114.160347,22.563299,1113
粤B0NC67,114.160385,22.563316,1114
粤B0NC67,114.160385,22.563299,1114
粤B0NC67,114.160385,22.563316,1114
粤B0NC67,114.160385,22.563299,1114
粤B0NC67,114.1604,22.563316,1115
粤B0NC67,114.160385,22.563316,1115
粤B0NC67,114.1604,22.563316,1115
粤B0NC67,114.160385,22.563316,1115
粤B0NC67,114.1604,22.563334,1116
粤B0NC67,114.1604,22.563334,1116
粤B0NC67,114.1604,22.563334,1116
粤B0NC67,114.1604,22.563334,1116
粤B0NC67,114.160416,22.563334,1117
粤B0NC67,114.160416,22.563351,1117
粤B0NC67,114.160416,22.563351,1117
粤B0NC67,114.1604,22.563334,1117
粤B0NC67,114.160347,22.563316,1118
粤B0NC67,114.160347,22.563316,1118
粤B0NC67,114.16037,22.563316,1118
粤B0NC67,114.160385,22.563334,1118
粤B0NC67,114.160347,22.563316,1119
粤B0NC67,114.160347,22.563299,1119
粤B0NC67,114.160347,22.563299,1119
粤B0NC67,114.160347,22.563316,1119
粤B0NC67,114.160347,22.563316,1120
粤B0NC67,114.160347,22.563316,1120
粤B0NC67,114.16037,22.563334,1120
粤B0NC67,114.16037,22.563334,1120
粤B0NC67,114.160347,22.563316,1121
粤B0NC67,114.160347,22.563334,1121
粤B0NC67,114.160347,22.563316,1121
粤B0NC67,114.160347,22.563316,1121
粤B0NC67,114.160347,22.563316,1122
粤B0NC67,114.160347,22.563316,1122
粤B0NC67,114.16037,22.563334,1122
粤B0NC67,114.160347,22.563316,1122
粤B0NC67,114.16037,22.563316,1123
粤B0NC67,114.16037,22.563316,1123
粤B0NC67,114.16037,22.563316,1123
粤B0NC67,114.16037,22.563334,1123
粤B0NC67,114.16037,22.563316,1124
粤B0NC67,114.16037,22.563316,1124
粤B0NC67,114.16037,22.563316,1124
粤B0NC67,114.16037,22.563316,1124
粤B0NC67,114.160347,22.563299,1125
粤B0NC67,114.160347,22.563316,1125
粤B0NC67,114.160316,22.563284,1125
粤B0NC67,114.160332,22.563316,1125
粤B0NC67,114.160316,22.563316,1126
粤B0NC67,114.160332,22.563316,1126
粤B0NC67,114.160332,22.563316,1126
粤B0NC67,114.160316,22.563299,1126
粤B0NC67,114.160332,22.563299,1127
粤B0NC67,114.160316,22.563299,1127
粤B0NC67,114.160332,22.563316,1127
粤B0NC67,114.160316,22.563299,1127
粤B0NC67,114.160332,22.563299,1128
粤B0NC67,114.160301,22.563299,1128
粤B0NC67,114.160316,22.563299,1128
粤B0NC67,114.160286,22.563284,1128
粤B0NC67,114.160164,22.563232,1129
粤B0NC67,114.160217,22.563284,1129
粤B0NC67,114.160164,22.5632,1129
粤B0NC67,114.160217,22.563284,1129
粤B0NC67,114.160217,22.563267,1130
粤B0NC67,114.160217,22.563267,1130
粤B0NC67,114.160233,22.563267,1130
粤B0NC67,114.160217,22.563267,1130
粤B0NC67,114.160271,22.563267,1131
粤B0NC67,114.160286,22.563267,1131
粤B0NC67,114.160271,22.563284,1131
粤B0NC67,114.160248,22.563284,1131
粤B0NC67,114.160316,22.563284,1132
粤B0NC67,114.160286,22.563284,1132
粤B0NC67,114.160301,22.563284,1132
粤B0NC67,114.160301,22.563284,1132
粤B0NC67,114.160332,22.563284,1133
粤B0NC67,114.1604,22.563299,1133
粤B0NC67,114.1604,22.563316,1133
粤B0NC67,114.160347,22.563284,1133
粤B0NC67,114.160385,22.563299,1134
粤B0NC67,114.160385,22.563299,1134
粤B0NC67,114.160385,22.563299,1134
粤B0NC67,114.160385,22.563299,1134
粤B0NC67,114.160385,22.563284,1135
粤B0NC67,114.1604,22.563284,1135
粤B0NC67,114.160385,22.563284,1135
粤B0NC67,114.160385,22.563299,1135
粤B0NC67,114.160416,22.563284,1136
粤B0NC67,114.160416,22.563284,1136
粤B0NC67,114.160416,22.563284,1136
粤B0NC67,114.1604,22.563284,1136
粤B0NC67,114.160416,22.563284,1137
粤B0NC67,114.160416,22.563284,1137
粤B0NC67,114.1604,22.563284,1137
粤B0NC67,114.160431,22.563383,1144
粤B0NC67,114.160431,22.563383,1144
粤B0NC67,114.160454,22.563368,1145
粤B0NC67,114.1604,22.563351,1145
粤B0NC67,114.1604,22.563351,1145
粤B0NC67,114.160431,22.563368,1145
粤B0NC67,114.160347,22.563583,1146
粤B0NC67,114.159798,22.56365,1146
粤B0NC67,114.16037,22.563351,1146
粤B0NC67,114.159416,22.563534,1146
粤B0NC67,114.157585,22.563049,1147
粤B0NC67,114.158485,22.563066,1147
粤B0NC67,114.159264,22.563066,1147
粤B0NC67,114.157768,22.563066,1147
粤B0NC67,114.158516,22.564199,1148
粤B0NC67,114.157433,22.563499,1148
粤B0NC67,114.157654,22.564199,1148
粤B0NC67,114.157486,22.563049,1148
粤B0NC67,114.15995,22.564217,1149
粤B0NC67,114.1614,22.564167,1149
粤B0NC67,114.160751,22.564217,1149
粤B0NC67,114.16143,22.563334,1149
粤B0NC67,114.15947,22.5623,1150
粤B0NC67,114.156334,22.560516,1150
粤B0NC67,114.1576,22.561399,1150
粤B0NC67,114.16095,22.562834,1150
粤B0NC67,114.150597,22.556368,1151
粤B0NC67,114.152267,22.557167,1151
粤B0NC67,114.153885,22.558468,1151
粤B0NC67,114.154999,22.559433,1151
粤B0NC67,114.146065,22.555582,1152
粤B0NC67,114.144264,22.555651,1152
粤B0NC67,114.14283,22.555799,1152
粤B0NC67,114.148132,22.555967,1152
粤B0NC67,114.140846,22.561132,1153
粤B0NC67,114.140114,22.557449,1153
粤B0NC67,114.14045,22.559282,1153
粤B0NC67,114.141014,22.556316,1153
粤B0NC67,114.138496,22.565083,1154
粤B0NC67,114.137169,22.567284,1154
粤B0NC67,114.140053,22.563383,1154
粤B0NC67,114.13755,22.569366,1154
粤B0NC67,114.138519,22.573467,1155
粤B0NC67,114.138168,22.57165,1155
粤B0NC67,114.137817,22.575216,1155
粤B0NC67,114.136215,22.576151,1155
粤B0NC67,114.129951,22.577784,1156
粤B0NC67,114.132385,22.577316,1156
粤B0NC67,114.127335,22.577417,1156
粤B0NC67,114.134064,22.576799,1156
粤B0NC67,114.123581,22.57715,1157
粤B0NC67,114.120567,22.576866,1157
粤B0NC67,114.124718,22.577133,1157
粤B0NC67,114.122169,22.577066,1157
粤B0NC67,114.115753,22.578882,1158
粤B0NC67,114.116066,22.578432,1158
粤B0NC67,114.1185,22.576834,1158
粤B0NC67,114.117432,22.577482,1158
粤B0NC67,114.115349,22.579651,1159
粤B0NC67,114.114929,22.580732,1159
粤B0NC67,114.11483,22.5814,1159
粤B0NC67,114.115097,22.580133,1159
粤B0NC67,114.114632,22.582333,1160
粤B0NC67,114.11412,22.583332,1160
粤B0NC67,114.109581,22.590467,1162
粤B0NC67,114.109535,22.590599,1162
粤B0NC67,114.109482,22.59075,1162
粤B0NC67,114.109383,22.591949,1163
粤B0NC67,114.109482,22.592617,1163
粤B0NC67,114.109383,22.5916,1163
粤B0NC67,114.109421,22.591183,1163
粤B0NC67,114.110184,22.594267,1164
粤B0NC67,114.110565,22.59495,1164
粤B0NC67,114.109764,22.593384,1164
粤B0NC67,114.111099,22.596018,1164
粤B0NC67,114.111504,22.5968,1165
粤B0NC67,114.115219,22.602068,1167
粤B0NC67,114.115196,22.602051,1167
粤B0NC67,114.115196,22.602051,1167
粤B0NC67,114.115219,22.602051,1167
粤B0NC67,114.115219,22.602051,1167
粤B0NC67,114.116119,22.603233,1168
粤B0NC67,114.117615,22.605034,1168
粤B0NC67,114.117569,22.605133,1168
粤B0NC67,114.117065,22.604334,1168
粤B0NC67,114.115814,22.607767,1169
粤B0NC67,114.116081,22.606268,1169
粤B0NC67,114.115852,22.609167,1169
粤B0NC67,114.116936,22.605482,1169
粤B0NC67,114.115685,22.609934,1170
粤B0NC67,114.115685,22.610317,1170
粤B0NC67,114.115753,22.610518,1170
粤B0NC67,114.116066,22.6105,1170
粤B0NC67,114.11692,22.610582,1171
粤B0NC67,114.116585,22.610567,1171
