粤B2HR72,113.99485,22.699984,8
粤B2HR72,113.99485,22.699984,9
粤B2HR72,113.99485,22.699984,10
粤B2HR72,113.99485,22.699984,11
粤B2HR72,113.99485,22.699984,12
粤B2HR72,113.99485,22.699984,13
粤B2HR72,113.99485,22.699984,14
粤B2HR72,113.99485,22.699984,14
粤B2HR72,113.99485,22.699984,15
粤B2HR72,113.99485,22.699984,16
粤B2HR72,113.99485,22.699984,17
粤B2HR72,113.99485,22.699984,18
粤B2HR72,113.99485,22.699984,19
粤B2HR72,113.99485,22.699984,20
粤B2HR72,113.99485,22.699984,21
粤B2HR72,113.99485,22.699984,22
粤B2HR72,113.99485,22.699984,23
粤B2HR72,113.99485,22.699984,24
粤B2HR72,113.99485,22.699984,25
粤B2HR72,113.99485,22.699984,25
粤B2HR72,113.99485,22.699984,26
粤B2HR72,113.99485,22.699984,27
粤B2HR72,113.99485,22.699984,28
粤B2HR72,113.994835,22.69985,29
粤B2HR72,113.994835,22.69985,30
粤B2HR72,113.994835,22.69985,31
粤B2HR72,113.994835,22.69985,32
粤B2HR72,113.994835,22.69985,33
粤B2HR72,113.994682,22.69985,35
粤B2HR72,113.994682,22.69985,35
粤B2HR72,113.994682,22.69985,36
粤B2HR72,113.994682,22.69985,37
粤B2HR72,113.994682,22.69985,37
粤B2HR72,113.994682,22.69985,38
粤B2HR72,113.994682,22.69985,39
粤B2HR72,113.994682,22.69985,40
粤B2HR72,113.994682,22.69985,41
粤B2HR72,113.994682,22.69985,42
粤B2HR72,113.994682,22.69985,43
粤B2HR72,113.994682,22.69985,44
粤B2HR72,113.994682,22.69985,45
粤B2HR72,113.994682,22.69985,46
粤B2HR72,113.994682,22.69985,47
粤B2HR72,113.994682,22.69985,48
粤B2HR72,113.994682,22.69985,48
粤B2HR72,113.994682,22.69985,49
粤B2HR72,113.994682,22.69985,50
粤B2HR72,113.994682,22.69985,51
粤B2HR72,113.994682,22.69985,52
粤B2HR72,113.994682,22.69985,53
粤B2HR72,113.994682,22.69985,54
粤B2HR72,113.994682,22.69985,55
粤B2HR72,113.994682,22.69985,56
粤B2HR72,113.994682,22.69985,57
粤B2HR72,113.994682,22.69985,58
粤B2HR72,113.994682,22.69985,59
粤B2HR72,113.994682,22.69985,59
粤B2HR72,113.994682,22.69985,60
粤B2HR72,113.994682,22.69985,61
粤B2HR72,113.994682,22.69985,62
粤B2HR72,113.994682,22.69985,63
粤B2HR72,113.994682,22.69985,65
粤B2HR72,113.994682,22.69985,66
粤B2HR72,113.994682,22.69985,67
粤B2HR72,113.994682,22.69985,68
粤B2HR72,113.994682,22.69985,69
粤B2HR72,113.994682,22.69985,70
粤B2HR72,113.994682,22.69985,70
粤B2HR72,113.994682,22.69985,71
粤B2HR72,113.994682,22.69985,72
粤B2HR72,113.994682,22.69985,73
粤B2HR72,113.994682,22.69985,74
粤B2HR72,113.994682,22.69985,75
粤B2HR72,113.994682,22.69985,76
粤B2HR72,113.994682,22.69985,77
粤B2HR72,113.994682,22.69985,78
粤B2HR72,113.994682,22.69985,79
粤B2HR72,113.994682,22.69985,80
粤B2HR72,113.994682,22.69985,81
粤B2HR72,113.994682,22.69985,81
粤B2HR72,113.994682,22.69985,82
粤B2HR72,113.994682,22.69985,83
粤B2HR72,113.994682,22.69985,84
粤B2HR72,113.994682,22.69985,85
粤B2HR72,113.994682,22.69985,86
粤B2HR72,113.994682,22.69985,87
粤B2HR72,113.994682,22.69985,88
粤B2HR72,113.994682,22.69985,89
粤B2HR72,113.994682,22.69985,90
粤B2HR72,113.994682,22.69985,91
粤B2HR72,113.994682,22.69985,92
粤B2HR72,113.994682,22.69985,92
粤B2HR72,113.994682,22.69985,93
粤B2HR72,113.994682,22.69985,94
粤B2HR72,113.994682,22.69985,95
粤B2HR72,113.994682,22.69985,96
粤B2HR72,113.994682,22.69985,97
粤B2HR72,113.994682,22.69985,98
粤B2HR72,113.994682,22.69985,99
粤B2HR72,113.994682,22.69985,100
粤B2HR72,113.994682,22.69985,101
粤B2HR72,113.994682,22.69985,102
粤B2HR72,113.994682,22.69985,103
粤B2HR72,113.994682,22.69985,103
粤B2HR72,113.994682,22.69985,104
粤B2HR72,113.994682,22.69985,105
粤B2HR72,113.994682,22.69985,106
粤B2HR72,113.994682,22.69985,107
粤B2HR72,113.994682,22.69985,108
粤B2HR72,113.994682,22.69985,109
粤B2HR72,113.994682,22.69985,110
粤B2HR72,113.994682,22.69985,111
粤B2HR72,113.994682,22.69985,112
粤B2HR72,113.994682,22.69985,113
粤B2HR72,113.994682,22.69985,114
粤B2HR72,113.994682,22.69985,114
粤B2HR72,113.994682,22.69985,115
粤B2HR72,113.994682,22.69985,116
粤B2HR72,113.994682,22.69985,117
粤B2HR72,113.994682,22.69985,118
粤B2HR72,113.994682,22.69985,119
粤B2HR72,113.994682,22.69985,120
粤B2HR72,113.994682,22.69985,121
粤B2HR72,113.994682,22.69985,122
粤B2HR72,113.994682,22.69985,123
粤B2HR72,113.994682,22.69985,124
粤B2HR72,113.994682,22.69985,125
粤B2HR72,113.994682,22.69985,125
粤B2HR72,113.994682,22.69985,126
粤B2HR72,113.994682,22.69985,127
粤B2HR72,113.994682,22.69985,128
粤B2HR72,113.994682,22.69985,129
粤B2HR72,113.994682,22.69985,130
粤B2HR72,113.994682,22.69985,131
粤B2HR72,113.994682,22.69985,132
粤B2HR72,113.994682,22.69985,133
粤B2HR72,113.994682,22.69985,134
粤B2HR72,113.994682,22.69985,135
粤B2HR72,113.994682,22.69985,136
粤B2HR72,113.994682,22.69985,136
粤B2HR72,113.994682,22.69985,137
粤B2HR72,113.994682,22.69985,138
粤B2HR72,113.994682,22.69985,139
粤B2HR72,113.994682,22.69985,140
粤B2HR72,113.994682,22.69985,141
粤B2HR72,113.994682,22.69985,142
粤B2HR72,113.994682,22.69985,143
粤B2HR72,113.994682,22.69985,144
粤B2HR72,113.994682,22.69985,145
粤B2HR72,113.994682,22.69985,146
粤B2HR72,113.994682,22.69985,147
粤B2HR72,113.994682,22.69985,147
粤B2HR72,113.994682,22.69985,148
粤B2HR72,113.994682,22.69985,149
粤B2HR72,113.994682,22.69985,150
粤B2HR72,113.994682,22.69985,151
粤B2HR72,113.994682,22.69985,152
粤B2HR72,113.994682,22.69985,153
粤B2HR72,113.994682,22.69985,154
粤B2HR72,113.994682,22.69985,155
粤B2HR72,113.994682,22.69985,156
粤B2HR72,113.994682,22.69985,157
粤B2HR72,113.994682,22.69985,158
粤B2HR72,113.994682,22.69985,158
粤B2HR72,113.994682,22.69985,159
粤B2HR72,113.994682,22.69985,160
粤B2HR72,113.994682,22.69985,161
粤B2HR72,113.994682,22.69985,162
粤B2HR72,113.994682,22.69985,163
粤B2HR72,113.994682,22.69985,164
粤B2HR72,113.994682,22.69985,165
粤B2HR72,113.994682,22.69985,166
粤B2HR72,113.994682,22.69985,167
粤B2HR72,113.994682,22.69985,168
粤B2HR72,113.994682,22.69985,169
粤B2HR72,113.994682,22.69985,169
粤B2HR72,113.994682,22.69985,170
粤B2HR72,113.994682,22.69985,171
粤B2HR72,113.994682,22.69985,172
粤B2HR72,113.994682,22.69985,173
粤B2HR72,113.994682,22.69985,174
粤B2HR72,113.994682,22.69985,175
粤B2HR72,113.994682,22.69985,176
粤B2HR72,113.994682,22.69985,177
粤B2HR72,113.994682,22.69985,178
粤B2HR72,113.994682,22.69985,179
粤B2HR72,113.994682,22.69985,180
粤B2HR72,113.994682,22.69985,180
粤B2HR72,113.994682,22.69985,181
粤B2HR72,113.994682,22.69985,182
粤B2HR72,113.994682,22.69985,192
粤B2HR72,113.994682,22.69985,193
粤B2HR72,113.994682,22.69985,194
粤B2HR72,113.994682,22.69985,195
粤B2HR72,113.994682,22.69985,196
粤B2HR72,113.994682,22.69985,197
粤B2HR72,113.994682,22.69985,198
粤B2HR72,113.994682,22.69985,199
粤B2HR72,113.994682,22.69985,200
粤B2HR72,113.994682,22.69985,201
粤B2HR72,113.994682,22.69985,202
粤B2HR72,113.994682,22.69985,202
粤B2HR72,113.994682,22.69985,203
粤B2HR72,113.994682,22.69985,204
粤B2HR72,113.994682,22.69985,205
粤B2HR72,113.994682,22.69985,206
粤B2HR72,113.994682,22.69985,207
粤B2HR72,113.994682,22.69985,208
粤B2HR72,113.994682,22.69985,209
粤B2HR72,113.994682,22.69985,210
粤B2HR72,113.994682,22.69985,211
粤B2HR72,113.994682,22.69985,212
粤B2HR72,113.994682,22.69985,213
粤B2HR72,113.994682,22.69985,213
粤B2HR72,113.994682,22.69985,214
粤B2HR72,113.994682,22.69985,215
粤B2HR72,113.994682,22.69985,216
粤B2HR72,113.994682,22.69985,217
粤B2HR72,113.994682,22.69985,218
粤B2HR72,113.994682,22.69985,219
粤B2HR72,113.994682,22.69985,220
粤B2HR72,113.994682,22.69985,221
粤B2HR72,113.994682,22.69985,222
粤B2HR72,113.994682,22.69985,223
粤B2HR72,113.994682,22.69985,224
粤B2HR72,113.994682,22.69985,224
粤B2HR72,113.994682,22.69985,225
粤B2HR72,113.994682,22.69985,226
粤B2HR72,113.994682,22.69985,227
粤B2HR72,113.994682,22.69985,228
粤B2HR72,113.994682,22.69985,229
粤B2HR72,113.994682,22.69985,230
粤B2HR72,113.994682,22.69985,231
粤B2HR72,113.994682,22.69985,232
粤B2HR72,113.994682,22.69985,233
粤B2HR72,113.994682,22.69985,234
粤B2HR72,113.994682,22.69985,235
粤B2HR72,113.994682,22.69985,237
粤B2HR72,113.994682,22.69985,238
粤B2HR72,113.994682,22.69985,239
粤B2HR72,113.994682,22.69985,240
粤B2HR72,113.994682,22.69985,241
粤B2HR72,113.994682,22.69985,242
粤B2HR72,113.994682,22.69985,243
粤B2HR72,113.994682,22.69985,244
粤B2HR72,113.994682,22.69985,245
粤B2HR72,113.994682,22.69985,246
粤B2HR72,113.994682,22.69985,247
粤B2HR72,113.994682,22.69985,248
粤B2HR72,113.994682,22.69985,249
粤B2HR72,113.994682,22.69985,250
粤B2HR72,113.994682,22.69985,251
粤B2HR72,113.994682,22.69985,252
粤B2HR72,113.994682,22.69985,253
粤B2HR72,113.994682,22.69985,254
粤B2HR72,113.994682,22.69985,255
粤B2HR72,113.994682,22.69985,256
粤B2HR72,113.994682,22.69985,257
粤B2HR72,113.994682,22.69985,257
粤B2HR72,113.994682,22.69985,258
粤B2HR72,113.994682,22.69985,259
粤B2HR72,113.994682,22.69985,260
粤B2HR72,113.994682,22.69985,261
粤B2HR72,113.994682,22.69985,262
粤B2HR72,113.994682,22.69985,263
粤B2HR72,113.994682,22.69985,264
粤B2HR72,113.994682,22.69985,265
粤B2HR72,113.994682,22.69985,266
粤B2HR72,113.994682,22.69985,267
粤B2HR72,113.994682,22.69985,268
粤B2HR72,113.994682,22.69985,268
粤B2HR72,113.994682,22.69985,269
粤B2HR72,113.994682,22.69985,270
粤B2HR72,113.994682,22.69985,271
粤B2HR72,113.994682,22.69985,272
粤B2HR72,113.994682,22.69985,273
粤B2HR72,113.994682,22.69985,274
粤B2HR72,113.994682,22.69985,275
粤B2HR72,113.994682,22.69985,276
粤B2HR72,113.994682,22.69985,277
粤B2HR72,113.994682,22.69985,278
粤B2HR72,113.994682,22.69985,279
粤B2HR72,113.994682,22.69985,279
粤B2HR72,113.994682,22.69985,280
粤B2HR72,113.994682,22.69985,281
粤B2HR72,113.994682,22.69985,282
粤B2HR72,113.994682,22.69985,283
粤B2HR72,113.994682,22.69985,284
粤B2HR72,113.994682,22.69985,285
粤B2HR72,113.994682,22.69985,286
粤B2HR72,113.994682,22.69985,287
粤B2HR72,113.994682,22.69985,288
粤B2HR72,113.994682,22.69985,289
粤B2HR72,113.994682,22.69985,290
粤B2HR72,113.994682,22.69985,290
粤B2HR72,113.994682,22.69985,291
粤B2HR72,113.994682,22.69985,292
粤B2HR72,113.994682,22.69985,293
粤B2HR72,113.994682,22.69985,294
粤B2HR72,113.994682,22.69985,295
粤B2HR72,113.994682,22.69985,296
粤B2HR72,113.994682,22.69985,297
粤B2HR72,113.994682,22.69985,298
粤B2HR72,113.994682,22.69985,299
粤B2HR72,113.994682,22.69985,300
粤B2HR72,113.994682,22.69985,301
粤B2HR72,113.994682,22.69985,301
粤B2HR72,113.994682,22.69985,302
粤B2HR72,113.994682,22.69985,303
粤B2HR72,113.994682,22.69985,305
粤B2HR72,113.994682,22.69985,306
粤B2HR72,113.994682,22.69985,307
粤B2HR72,113.994682,22.69985,308
粤B2HR72,113.994682,22.69985,309
粤B2HR72,113.994682,22.69985,310
粤B2HR72,113.994682,22.69985,311
粤B2HR72,113.994682,22.69985,312
粤B2HR72,113.994682,22.69985,312
粤B2HR72,113.994682,22.69985,313
粤B2HR72,113.994682,22.69985,314
粤B2HR72,113.994682,22.69985,315
粤B2HR72,113.994682,22.69985,316
粤B2HR72,113.994682,22.69985,317
粤B2HR72,113.994682,22.69985,318
粤B2HR72,113.994682,22.69985,319
粤B2HR72,113.994682,22.69985,320
粤B2HR72,113.994682,22.69985,321
粤B2HR72,113.994682,22.69985,322
粤B2HR72,113.994682,22.69985,323
粤B2HR72,113.994682,22.69985,323
粤B2HR72,113.994682,22.69985,324
粤B2HR72,113.994682,22.69985,325
粤B2HR72,113.994682,22.69985,326
粤B2HR72,113.994682,22.69985,327
粤B2HR72,113.994682,22.69985,328
粤B2HR72,113.994682,22.69985,329
粤B2HR72,113.994682,22.69985,330
粤B2HR72,113.994682,22.69985,331
粤B2HR72,113.994682,22.69985,332
粤B2HR72,113.994682,22.69985,333
粤B2HR72,113.994682,22.69985,334
粤B2HR72,113.994682,22.69985,334
粤B2HR72,113.994682,22.69985,335
粤B2HR72,113.994682,22.69985,336
粤B2HR72,113.994682,22.69985,337
粤B2HR72,113.994682,22.69985,338
粤B2HR72,113.994682,22.69985,339
粤B2HR72,113.994682,22.69985,340
粤B2HR72,113.994682,22.69985,341
粤B2HR72,113.994682,22.69985,342
粤B2HR72,113.994682,22.69985,343
粤B2HR72,113.994682,22.69985,344
粤B2HR72,113.994682,22.69985,345
粤B2HR72,113.994682,22.69985,345
粤B2HR72,113.994682,22.69985,346
粤B2HR72,113.994682,22.69985,347
粤B2HR72,113.994682,22.69985,348
粤B2HR72,113.994682,22.69985,349
粤B2HR72,113.994682,22.69985,350
粤B2HR72,113.994682,22.69985,351
粤B2HR72,113.994682,22.69985,352
粤B2HR72,113.994682,22.69985,353
粤B2HR72,113.994682,22.69985,354
粤B2HR72,113.994682,22.69985,355
粤B2HR72,113.994682,22.69985,356
粤B2HR72,113.994682,22.69985,356
粤B2HR72,113.994682,22.69985,357
粤B2HR72,113.994682,22.69985,358
粤B2HR72,113.994682,22.69985,359
粤B2HR72,113.994682,22.69985,360
粤B2HR72,113.994682,22.69985,361
粤B2HR72,113.994682,22.69985,362
粤B2HR72,113.994682,22.69985,363
粤B2HR72,113.994682,22.69985,365
粤B2HR72,113.994682,22.69985,366
粤B2HR72,113.994682,22.69985,367
粤B2HR72,113.994682,22.69985,367
粤B2HR72,113.994682,22.69985,368
粤B2HR72,113.994682,22.69985,369
粤B2HR72,113.994682,22.69985,370
粤B2HR72,113.994682,22.69985,371
粤B2HR72,113.994682,22.69985,372
粤B2HR72,113.994682,22.69985,373
粤B2HR72,113.994682,22.69985,374
粤B2HR72,113.994682,22.69985,375
粤B2HR72,113.994682,22.69985,376
粤B2HR72,113.994682,22.69985,377
粤B2HR72,113.994682,22.69985,378
粤B2HR72,113.994682,22.69985,378
粤B2HR72,113.994682,22.69985,379
粤B2HR72,113.994682,22.69985,380
粤B2HR72,113.994682,22.69985,381
粤B2HR72,113.994682,22.69985,382
粤B2HR72,113.994682,22.69985,383
粤B2HR72,113.994682,22.69985,384
粤B2HR72,113.994682,22.69985,385
粤B2HR72,113.994682,22.69985,386
粤B2HR72,113.994682,22.69985,387
粤B2HR72,113.994682,22.69985,388
粤B2HR72,113.994682,22.69985,389
粤B2HR72,113.994682,22.69985,389
粤B2HR72,113.994682,22.69985,390
粤B2HR72,113.994682,22.69985,391
粤B2HR72,113.994682,22.69985,392
粤B2HR72,113.994682,22.69985,393
粤B2HR72,113.994682,22.69985,394
粤B2HR72,113.994682,22.69985,395
粤B2HR72,113.994682,22.69985,396
粤B2HR72,113.994682,22.69985,397
粤B2HR72,113.994682,22.69985,398
粤B2HR72,113.994682,22.69985,399
粤B2HR72,113.994682,22.69985,400
粤B2HR72,113.994682,22.69985,400
粤B2HR72,113.994682,22.69985,401
粤B2HR72,113.994682,22.69985,402
粤B2HR72,113.994682,22.69985,403
粤B2HR72,113.994682,22.69985,404
粤B2HR72,113.994682,22.69985,405
粤B2HR72,113.994682,22.69985,406
粤B2HR72,113.994682,22.69985,407
粤B2HR72,113.994682,22.69985,408
粤B2HR72,113.994682,22.69985,409
粤B2HR72,113.994682,22.69985,410
粤B2HR72,113.994682,22.69985,411
粤B2HR72,113.994682,22.69985,411
粤B2HR72,113.994682,22.69985,412
粤B2HR72,113.994682,22.69985,413
粤B2HR72,113.994682,22.69985,414
粤B2HR72,113.994682,22.69985,415
粤B2HR72,113.994682,22.69985,416
粤B2HR72,113.994682,22.69985,417
粤B2HR72,113.994682,22.69985,418
粤B2HR72,113.994682,22.69985,419
粤B2HR72,113.994682,22.69985,420
粤B2HR72,113.994682,22.69985,421
粤B2HR72,113.994682,22.69985,422
粤B2HR72,113.994682,22.69985,422
粤B2HR72,113.994682,22.69985,423
粤B2HR72,113.994682,22.69985,424
粤B2HR72,113.994682,22.69985,425
粤B2HR72,113.994682,22.69985,426
粤B2HR72,113.994682,22.69985,427
粤B2HR72,113.994682,22.69985,428
粤B2HR72,113.994682,22.69985,429
粤B2HR72,113.994682,22.69985,430
粤B2HR72,113.994682,22.69985,431
粤B2HR72,113.994682,22.69985,432
粤B2HR72,113.994682,22.69985,433
粤B2HR72,113.994682,22.69985,433
粤B2HR72,113.994682,22.69985,434
粤B2HR72,113.994682,22.69985,435
粤B2HR72,113.994682,22.69985,436
粤B2HR72,113.994682,22.69985,437
粤B2HR72,113.994682,22.69985,438
粤B2HR72,113.994682,22.69985,439
粤B2HR72,113.994682,22.69985,440
粤B2HR72,113.994682,22.69985,441
粤B2HR72,113.994682,22.69985,442
粤B2HR72,113.994682,22.69985,443
粤B2HR72,113.994682,22.69985,444
粤B2HR72,113.994682,22.69985,444
粤B2HR72,113.994682,22.69985,445
粤B2HR72,113.994682,22.69985,446
粤B2HR72,113.994682,22.69985,447
粤B2HR72,113.994682,22.69985,448
粤B2HR72,113.994682,22.69985,449
粤B2HR72,113.994682,22.69985,450
粤B2HR72,113.994682,22.69985,451
粤B2HR72,113.994682,22.69985,452
粤B2HR72,113.994682,22.69985,453
粤B2HR72,113.994682,22.69985,454
粤B2HR72,113.994682,22.69985,455
粤B2HR72,113.994682,22.69985,455
粤B2HR72,113.994682,22.69985,456
粤B2HR72,113.994682,22.69985,457
粤B2HR72,113.994682,22.69985,458
粤B2HR72,113.994682,22.69985,459
粤B2HR72,113.994682,22.69985,460
粤B2HR72,113.994682,22.69985,461
粤B2HR72,113.994682,22.69985,462
粤B2HR72,113.994682,22.69985,463
粤B2HR72,113.994682,22.69985,464
粤B2HR72,113.994682,22.69985,465
粤B2HR72,113.994682,22.69985,466
粤B2HR72,113.994682,22.69985,466
粤B2HR72,113.994682,22.69985,467
粤B2HR72,113.994682,22.69985,468
粤B2HR72,113.994682,22.69985,469
粤B2HR72,113.994682,22.69985,470
粤B2HR72,113.994682,22.69985,471
粤B2HR72,113.994682,22.69985,472
粤B2HR72,113.994682,22.69985,473
粤B2HR72,113.994682,22.69985,474
粤B2HR72,113.994682,22.69985,475
粤B2HR72,113.994682,22.69985,476
粤B2HR72,113.994682,22.69985,477
粤B2HR72,113.994682,22.69985,477
粤B2HR72,113.994682,22.69985,478
粤B2HR72,113.994682,22.69985,479
粤B2HR72,113.994682,22.69985,480
粤B2HR72,113.994682,22.69985,481
粤B2HR72,113.994682,22.69985,482
粤B2HR72,113.994682,22.69985,483
粤B2HR72,113.994682,22.69985,488
粤B2HR72,113.994682,22.69985,489
粤B2HR72,113.994682,22.69985,490
粤B2HR72,113.994682,22.69985,491
粤B2HR72,113.994682,22.69985,492
粤B2HR72,113.994682,22.69985,493
粤B2HR72,113.994682,22.69985,494
粤B2HR72,113.994682,22.69985,495
粤B2HR72,113.994682,22.69985,496
粤B2HR72,113.994682,22.69985,497
粤B2HR72,113.994682,22.69985,498
粤B2HR72,113.994682,22.69985,499
粤B2HR72,113.994682,22.69985,499
粤B2HR72,113.994682,22.69985,500
粤B2HR72,113.994682,22.69985,501
粤B2HR72,113.994682,22.69985,502
粤B2HR72,113.994682,22.69985,503
粤B2HR72,113.994583,22.697817,504
粤B2HR72,113.992386,22.697166,505
粤B2HR72,113.992332,22.697132,505
粤B2HR72,113.99263,22.694332,506
粤B2HR72,113.989487,22.6931,507
粤B2HR72,113.987579,22.692932,508
粤B2HR72,113.986198,22.692867,509
粤B2HR72,113.9813,22.692867,510
粤B2HR72,113.975685,22.692883,511
粤B2HR72,113.975548,22.692883,512
粤B2HR72,113.975548,22.692883,512
粤B2HR72,113.975548,22.692883,513
粤B2HR72,113.975548,22.692883,513
粤B2HR72,113.975548,22.692883,514
粤B2HR72,113.975548,22.692883,515
粤B2HR72,113.975548,22.692883,516
粤B2HR72,113.975548,22.692883,517
粤B2HR72,113.978447,22.692818,518
粤B2HR72,113.984482,22.692801,519
粤B2HR72,113.986534,22.69285,520
粤B2HR72,113.986534,22.69285,521
粤B2HR72,113.98687,22.695517,522
粤B2HR72,113.987099,22.699484,523
粤B2HR72,113.987564,22.698868,524
粤B2HR72,113.987564,22.698868,524
粤B2HR72,113.988136,22.698299,525
粤B2HR72,113.990349,22.697233,526
粤B2HR72,113.991615,22.696283,527
粤B2HR72,113.991615,22.696283,528
粤B2HR72,113.991615,22.696283,529
粤B2HR72,113.991615,22.696283,530
粤B2HR72,113.991615,22.696283,531
粤B2HR72,113.991615,22.696283,532
粤B2HR72,113.991615,22.696283,533
粤B2HR72,113.991615,22.696283,534
粤B2HR72,113.991615,22.696283,535
粤B2HR72,113.991615,22.696283,535
粤B2HR72,113.991615,22.696283,536
粤B2HR72,113.985634,22.734266,546
粤B2HR72,113.985634,22.734266,547
粤B2HR72,113.983414,22.734301,548
粤B2HR72,113.97847,22.732883,549
粤B2HR72,113.978401,22.732866,550
粤B2HR72,113.978401,22.732866,551
粤B2HR72,113.978401,22.732866,552
粤B2HR72,113.978401,22.732866,553
粤B2HR72,113.978401,22.732866,554
粤B2HR72,113.978401,22.732866,555
粤B2HR72,113.978401,22.732866,556
粤B2HR72,113.978401,22.732866,556
粤B2HR72,113.978401,22.732866,557
粤B2HR72,113.978401,22.732866,558
粤B2HR72,113.978401,22.732866,558
粤B2HR72,113.978401,22.732866,559
粤B2HR72,113.978401,22.732866,560
粤B2HR72,113.978401,22.732866,561
粤B2HR72,113.978401,22.732866,562
粤B2HR72,113.978401,22.732866,563
粤B2HR72,113.978401,22.732866,564
粤B2HR72,113.978401,22.732866,565
粤B2HR72,113.978401,22.732866,565
粤B2HR72,113.978401,22.732866,566
粤B2HR72,113.978401,22.732866,567
粤B2HR72,113.978401,22.732866,568
粤B2HR72,113.978401,22.732866,569
粤B2HR72,113.978401,22.732866,570
粤B2HR72,113.978401,22.732866,571
粤B2HR72,113.97863,22.733217,572
粤B2HR72,113.97863,22.733217,573
粤B2HR72,113.97863,22.733217,574
粤B2HR72,113.97863,22.733217,575
粤B2HR72,113.97863,22.733217,576
粤B2HR72,113.97863,22.733217,576
粤B2HR72,113.97863,22.733217,577
粤B2HR72,113.97863,22.733217,578
粤B2HR72,113.97863,22.733217,579
粤B2HR72,113.97863,22.733217,580
粤B2HR72,113.97863,22.733217,581
粤B2HR72,113.97863,22.733217,582
粤B2HR72,113.97863,22.733217,583
粤B2HR72,113.97863,22.733217,584
粤B2HR72,113.97863,22.733217,585
粤B2HR72,113.977203,22.732582,586
粤B2HR72,113.970451,22.734983,587
粤B2HR72,113.96682,22.734467,587
粤B2HR72,113.965851,22.734266,588
粤B2HR72,113.957481,22.735767,589
粤B2HR72,113.954651,22.737284,590
粤B2HR72,113.94957,22.739883,591
粤B2HR72,113.9487,22.7376,592
粤B2HR72,113.94912,22.736834,593
粤B2HR72,113.94912,22.736834,594
粤B2HR72,113.94912,22.736834,595
粤B2HR72,113.94912,22.736834,596
粤B2HR72,113.94912,22.736834,597
粤B2HR72,113.94912,22.736834,598
粤B2HR72,113.94912,22.736834,598
粤B2HR72,113.94912,22.736834,598
粤B2HR72,113.930664,22.749599,603
粤B2HR72,113.930367,22.7537,604
粤B2HR72,113.94912,22.736834,604
粤B2HR72,113.932701,22.7572,605
粤B2HR72,113.93428,22.759533,605
粤B2HR72,113.934517,22.759867,606
粤B2HR72,113.93177,22.756317,607
粤B2HR72,113.928314,22.755133,608
粤B2HR72,113.925385,22.757851,609
粤B2HR72,113.923065,22.756132,610
粤B2HR72,113.922318,22.756933,611
粤B2HR72,113.922318,22.756933,611
粤B2HR72,113.921783,22.757532,612
粤B2HR72,113.918747,22.760468,613
粤B2HR72,113.923401,22.756033,614
粤B2HR72,113.928665,22.754784,615
粤B2HR72,113.929001,22.752167,616
粤B2HR72,113.929001,22.752167,617
粤B2HR72,113.929001,22.752167,618
粤B2HR72,113.92968,22.750401,618
粤B2HR72,113.943619,22.737932,623
粤B2HR72,113.948166,22.737267,624
粤B2HR72,113.92968,22.750401,624
粤B2HR72,113.949318,22.737118,625
粤B2HR72,113.949097,22.736917,626
粤B2HR72,113.949097,22.736917,626
粤B2HR72,113.949097,22.736917,627
粤B2HR72,113.949097,22.736917,628
粤B2HR72,113.949097,22.736917,629
粤B2HR72,113.949097,22.736917,630
粤B2HR72,113.949097,22.736917,631
粤B2HR72,113.949097,22.736917,632
粤B2HR72,113.949097,22.736917,633
粤B2HR72,113.949097,22.736917,634
粤B2HR72,113.949097,22.736917,635
粤B2HR72,113.949097,22.736917,636
粤B2HR72,113.949097,22.736917,637
粤B2HR72,113.949097,22.736917,637
粤B2HR72,113.949097,22.736917,638
粤B2HR72,113.949097,22.736917,639
粤B2HR72,113.949097,22.736917,640
粤B2HR72,113.949097,22.736917,641
粤B2HR72,113.949097,22.736917,642
粤B2HR72,113.949097,22.736917,643
粤B2HR72,113.949097,22.736917,644
粤B2HR72,113.949097,22.736917,645
粤B2HR72,113.949097,22.736917,646
粤B2HR72,113.949097,22.736917,647
粤B2HR72,113.948799,22.7372,648
粤B2HR72,113.949097,22.736917,648
粤B2HR72,113.95208,22.738483,649
粤B2HR72,113.954033,22.737417,650
粤B2HR72,113.95797,22.735367,651
粤B2HR72,113.9664,22.734249,652
粤B2HR72,113.973213,22.733868,653
粤B2HR72,113.976952,22.732433,654
粤B2HR72,113.978653,22.732433,655
粤B2HR72,113.987068,22.701418,660
粤B2HR72,113.986954,22.700832,660
粤B2HR72,113.987717,22.698683,661
粤B2HR72,113.990166,22.697384,662
粤B2HR72,113.991615,22.696383,663
粤B2HR72,113.992165,22.696817,664
粤B2HR72,113.995216,22.697767,665
粤B2HR72,113.995834,22.693832,666
粤B2HR72,113.99765,22.692766,667
粤B2HR72,114.003433,22.688299,668
粤B2HR72,114.001068,22.689417,668
粤B2HR72,114.005035,22.684549,669
粤B2HR72,114.006416,22.68305,670
粤B2HR72,114.008904,22.683434,671
粤B2HR72,114.011383,22.6817,672
粤B2HR72,114.01693,22.680433,673
粤B2HR72,114.01693,22.680433,680
粤B2HR72,114.02018,22.678783,681
粤B2HR72,114.020653,22.678551,682
粤B2HR72,114.022163,22.6784,682
粤B2HR72,114.023117,22.677799,683
粤B2HR72,114.023117,22.677799,683
粤B2HR72,114.02388,22.676783,684
粤B2HR72,114.02462,22.675768,685
粤B2HR72,114.025116,22.675083,686
粤B2HR72,114.025116,22.675083,687
粤B2HR72,114.025116,22.675083,688
粤B2HR72,114.025116,22.675083,689
粤B2HR72,114.025116,22.675083,690
粤B2HR72,114.026314,22.673384,691
粤B2HR72,114.026215,22.672916,692
粤B2HR72,114.026215,22.672916,694
粤B2HR72,114.026215,22.672916,694
粤B2HR72,114.026215,22.672916,695
粤B2HR72,114.024696,22.671967,696
粤B2HR72,114.023964,22.672867,697
粤B2HR72,114.024117,22.674517,697
粤B2HR72,114.024231,22.674534,698
粤B2HR72,114.026001,22.673849,699
粤B2HR72,114.026314,22.673349,700
粤B2HR72,114.026314,22.673349,701
粤B2HR72,114.026314,22.673349,702
粤B2HR72,114.026314,22.673349,702
粤B2HR72,114.026703,22.673018,703
粤B2HR72,114.029533,22.674982,704
粤B2HR72,114.030769,22.676001,705
粤B2HR72,114.032349,22.679832,706
粤B2HR72,114.03495,22.684483,707
粤B2HR72,114.039146,22.687201,708
粤B2HR72,114.03862,22.691334,709
粤B2HR72,114.041016,22.693733,710
粤B2HR72,114.044586,22.693132,711
粤B2HR72,114.050682,22.692217,712
粤B2HR72,114.046333,22.692883,712
粤B2HR72,114.056915,22.691351,713
粤B2HR72,114.061546,22.691383,714
粤B2HR72,114.068016,22.692484,715
粤B2HR72,114.069481,22.692699,716
粤B2HR72,114.069481,22.692699,717
粤B2HR72,114.072586,22.692432,717
粤B2HR72,114.07222,22.691233,718
粤B2HR72,114.071251,22.693382,719
粤B2HR72,114.068398,22.694099,720
粤B2HR72,114.068398,22.694099,721
粤B2HR72,114.068398,22.694099,722
粤B2HR72,114.068398,22.694099,723
粤B2HR72,114.068398,22.694099,724
粤B2HR72,114.068398,22.694099,725
粤B2HR72,114.068398,22.694099,726
粤B2HR72,114.068398,22.694099,727
粤B2HR72,114.068398,22.694099,728
粤B2HR72,114.068398,22.694099,728
粤B2HR72,114.068398,22.694099,729
粤B2HR72,114.068398,22.694099,730
粤B2HR72,114.068398,22.694099,731
粤B2HR72,114.068398,22.694099,732
粤B2HR72,114.068398,22.694099,733
粤B2HR72,114.068398,22.694099,734
粤B2HR72,114.068398,22.694099,735
粤B2HR72,114.068398,22.694099,736
粤B2HR72,114.068398,22.694099,737
粤B2HR72,114.068398,22.694099,738
粤B2HR72,114.068398,22.694099,739
粤B2HR72,114.068398,22.694099,739
粤B2HR72,114.068398,22.694099,740
粤B2HR72,114.068398,22.694099,741
粤B2HR72,114.068398,22.694099,742
粤B2HR72,114.068398,22.69385,743
粤B2HR72,114.06842,22.6936,744
粤B2HR72,114.06842,22.6936,745
粤B2HR72,114.068352,22.692883,746
粤B2HR72,114.068352,22.692883,747
粤B2HR72,114.068352,22.692883,747
粤B2HR72,114.066132,22.692183,748
粤B2HR72,114.073334,22.693666,749
粤B2HR72,114.079865,22.695932,750
粤B2HR72,114.079865,22.695932,751
粤B2HR72,114.083351,22.697149,752
粤B2HR72,114.087303,22.700899,753
粤B2HR72,114.084885,22.703449,754
粤B2HR72,114.085403,22.703217,754
粤B2HR72,114.085648,22.702999,755
粤B2HR72,114.085831,22.698917,756
粤B2HR72,114.081001,22.696466,757
粤B2HR72,114.080467,22.696333,758
粤B2HR72,114.076851,22.695017,759
粤B2HR72,114.072418,22.693649,760
粤B2HR72,114.068169,22.69285,761
粤B2HR72,114.067047,22.692617,761
粤B2HR72,114.06002,22.691383,762
粤B2HR72,114.062286,22.689234,763
粤B2HR72,114.066353,22.683701,764
粤B2HR72,114.06353,22.6768,765
粤B2HR72,114.06353,22.6768,766
粤B2HR72,114.057701,22.670767,767
粤B2HR72,114.054985,22.667732,768
粤B2HR72,114.054985,22.667732,769
粤B2HR72,114.05265,22.664516,770
粤B2HR72,114.05233,22.663584,771
粤B2HR72,114.049469,22.65555,772
粤B2HR72,114.049515,22.661682,772
粤B2HR72,114.049187,22.643932,773
粤B2HR72,114.044151,22.634199,774
粤B2HR72,114.042885,22.624332,775
粤B2HR72,114.044632,22.620466,776
粤B2HR72,114.047363,22.621416,777
粤B2HR72,114.045532,22.620884,777
粤B2HR72,114.040916,22.619417,778
粤B2HR72,114.037453,22.617634,779
粤B2HR72,114.035767,22.616734,780
粤B2HR72,114.035767,22.616734,781
粤B2HR72,114.032799,22.615116,782
粤B2HR72,114.029648,22.612749,783
粤B2HR72,114.027298,22.612984,784
粤B2HR72,114.027069,22.612682,785
粤B2HR72,114.026932,22.612316,786
粤B2HR72,114.022018,22.609484,832
粤B2HR72,114.025665,22.610317,832
粤B2HR72,114.021317,22.61055,833
粤B2HR72,114.019135,22.612316,834
粤B2HR72,114.024414,22.615601,835
粤B2HR72,114.026299,22.616583,836
粤B2HR72,114.027466,22.617399,837
粤B2HR72,114.026947,22.612432,846
粤B2HR72,114.027451,22.612734,847
粤B2HR72,114.027451,22.612734,848
粤B2HR72,114.026901,22.610901,858
粤B2HR72,114.026871,22.612118,859
粤B2HR72,114.024582,22.609716,867
粤B2HR72,114.021065,22.610849,868
粤B2HR72,114.023247,22.614983,869
粤B2HR72,114.025902,22.61655,870
粤B2HR72,114.025902,22.61655,871
粤B2HR72,114.024681,22.620983,872
粤B2HR72,114.024147,22.623934,873
粤B2HR72,114.02417,22.625917,874
粤B2HR72,114.023621,22.627567,875
粤B2HR72,114.024117,22.623234,876
粤B2HR72,114.024651,22.620449,877
粤B2HR72,114.025917,22.617468,878
粤B2HR72,114.0261,22.617216,878
粤B2HR72,114.0261,22.617216,879
粤B2HR72,114.026482,22.6168,880
粤B2HR72,114.027016,22.613518,881
粤B2HR72,114.027718,22.612766,891
粤B2HR72,114.027718,22.612766,892
粤B2HR72,114.027718,22.612766,893
粤B2HR72,114.027718,22.612766,894
粤B2HR72,114.027901,22.612833,895
粤B2HR72,114.027496,22.613234,897
粤B2HR72,114.027496,22.613234,898
粤B2HR72,114.027481,22.613068,899
粤B2HR72,114.035629,22.611334,911
粤B2HR72,114.037132,22.61265,912
粤B2HR72,114.035782,22.611549,913
粤B2HR72,114.035782,22.611549,914
粤B2HR72,114.032364,22.608883,915
粤B2HR72,114.029549,22.612183,916
粤B2HR72,114.029549,22.612183,917
粤B2HR72,114.027184,22.613317,918
粤B2HR72,114.027603,22.61335,934
粤B2HR72,114.027603,22.61335,935
粤B2HR72,114.027496,22.613199,936
粤B2HR72,114.027496,22.613199,937
粤B2HR72,114.025436,22.610216,944
粤B2HR72,114.02253,22.60885,945
粤B2HR72,114.021233,22.613783,946
粤B2HR72,114.019669,22.613033,946
粤B2HR72,114.025848,22.616501,947
粤B2HR72,114.026382,22.6168,948
粤B2HR72,114.024849,22.620199,949
粤B2HR72,114.024597,22.621384,950
粤B2HR72,114.027184,22.623501,951
粤B2HR72,114.027184,22.623501,952
粤B2HR72,114.027184,22.623501,953
粤B2HR72,114.026817,22.62665,954
粤B2HR72,114.025749,22.6304,955
粤B2HR72,114.02562,22.630817,956
粤B2HR72,114.025749,22.6304,956
粤B2HR72,114.026581,22.635599,957
粤B2HR72,114.026581,22.635599,964
粤B2HR72,114.037781,22.641783,967
粤B2HR72,114.037781,22.641783,967
粤B2HR72,114.039101,22.643717,968
粤B2HR72,114.039917,22.6455,969
粤B2HR72,114.026581,22.635599,970
粤B2HR72,114.039917,22.6455,970
粤B2HR72,114.040314,22.646084,971
粤B2HR72,114.035248,22.646267,972
粤B2HR72,114.031647,22.643482,973
粤B2HR72,114.031601,22.643583,973
粤B2HR72,114.032951,22.643133,974
粤B2HR72,114.034348,22.64455,975
粤B2HR72,114.03495,22.64555,976
粤B2HR72,114.035736,22.646982,977
粤B2HR72,114.035736,22.646982,978
粤B2HR72,114.039619,22.6544,979
粤B2HR72,114.038452,22.651951,979
粤B2HR72,114.040352,22.655832,980
粤B2HR72,114.038734,22.65745,981
粤B2HR72,114.0383,22.661449,982
粤B2HR72,114.037834,22.668633,983
粤B2HR72,114.039635,22.673616,985
粤B2HR72,114.037987,22.674999,986
粤B2HR72,114.039635,22.673616,986
粤B2HR72,114.036385,22.675833,987
粤B2HR72,114.035149,22.676533,988
粤B2HR72,114.035149,22.676533,989
粤B2HR72,114.035149,22.676533,990
粤B2HR72,114.034386,22.676968,991
粤B2HR72,114.03373,22.677233,993
粤B2HR72,114.03373,22.677233,993
粤B2HR72,114.032585,22.67765,995
粤B2HR72,114.032585,22.67765,996
粤B2HR72,114.032585,22.67765,997
粤B2HR72,114.031952,22.677868,998
粤B2HR72,114.034081,22.684116,999
粤B2HR72,114.038353,22.686899,1000
粤B2HR72,114.039253,22.689034,1001
粤B2HR72,114.038948,22.690332,1001
粤B2HR72,114.038834,22.69245,1002
粤B2HR72,114.038536,22.693716,1003
粤B2HR72,114.04023,22.694201,1004
粤B2HR72,114.041481,22.698151,1005
粤B2HR72,114.041481,22.698151,1006
粤B2HR72,114.042519,22.704983,1007
粤B2HR72,114.041969,22.701982,1007
粤B2HR72,114.039948,22.707582,1008
粤B2HR72,114.039932,22.708467,1009
粤B2HR72,114.039932,22.708467,1010
粤B2HR72,114.039932,22.708467,1010
粤B2HR72,114.040016,22.707018,1011
粤B2HR72,114.039436,22.705601,1012
粤B2HR72,114.041946,22.701851,1013
粤B2HR72,114.044182,22.698334,1014
粤B2HR72,114.044365,22.696733,1015
粤B2HR72,114.04435,22.697166,1015
粤B2HR72,114.044434,22.695066,1016
粤B2HR72,114.044434,22.695066,1017
粤B2HR72,114.044434,22.695066,1018
粤B2HR72,114.044434,22.695066,1019
粤B2HR72,114.044479,22.694366,1020
粤B2HR72,114.033615,22.677217,1029
粤B2HR72,114.033615,22.677217,1030
粤B2HR72,114.033615,22.677217,1030
粤B2HR72,114.032433,22.677601,1031
粤B2HR72,114.032433,22.677601,1032
粤B2HR72,114.032433,22.677601,1033
粤B2HR72,114.032433,22.677601,1034
粤B2HR72,114.031303,22.67725,1035
粤B2HR72,114.027016,22.6747,1036
粤B2HR72,114.026367,22.673332,1037
粤B2HR72,114.026367,22.673332,1038
粤B2HR72,114.026367,22.673332,1039
粤B2HR72,114.026367,22.673332,1040
粤B2HR72,114.026131,22.6728,1041
粤B2HR72,114.025635,22.672449,1041
粤B2HR72,114.025635,22.672449,1042
粤B2HR72,114.025764,22.670183,1043
粤B2HR72,114.027031,22.66865,1044
粤B2HR72,114.028183,22.667368,1045
粤B2HR72,114.030083,22.664301,1046
粤B2HR72,114.027885,22.662132,1047
粤B2HR72,114.027885,22.662132,1048
粤B2HR72,114.028519,22.660917,1049
粤B2HR72,114.030014,22.65955,1050
粤B2HR72,114.030617,22.659067,1051
粤B2HR72,114.034584,22.655582,1052
粤B2HR72,114.034836,22.652849,1052
粤B2HR72,114.031319,22.648132,1053
粤B2HR72,114.028168,22.645468,1054
粤B2HR72,114.028168,22.645468,1055
粤B2HR72,114.028168,22.645468,1056
粤B2HR72,114.027435,22.644449,1057
粤B2HR72,114.026497,22.642033,1058
粤B2HR72,114.025948,22.640699,1059
粤B2HR72,114.025948,22.640699,1060
粤B2HR72,114.029236,22.618883,1065
粤B2HR72,114.026947,22.617184,1066
粤B2HR72,114.027916,22.614367,1067
粤B2HR72,114.026665,22.617033,1067
粤B2HR72,114.028,22.611851,1072
粤B2HR72,114.031219,22.609449,1073
粤B2HR72,114.035187,22.610783,1074
粤B2HR72,114.035187,22.610783,1075
粤B2HR72,114.03643,22.611917,1076
粤B2HR72,114.036819,22.612133,1077
粤B2HR72,114.037285,22.612617,1078
粤B2HR72,114.040565,22.6101,1079
粤B2HR72,114.03968,22.612499,1079
粤B2HR72,114.040398,22.611183,1080
粤B2HR72,114.038986,22.613916,1081
粤B2HR72,114.03743,22.616716,1082
粤B2HR72,114.036919,22.617733,1083
粤B2HR72,114.035484,22.621668,1084
粤B2HR72,114.034882,22.623533,1085
粤B2HR72,114.034554,22.624649,1086
粤B2HR72,114.034554,22.624649,1087
粤B2HR72,114.034554,22.624649,1088
粤B2HR72,114.033752,22.62705,1089
粤B2HR72,114.032471,22.6299,1090
粤B2HR72,114.032471,22.6299,1090
粤B2HR72,114.032318,22.631666,1091
粤B2HR72,114.032303,22.633284,1092
粤B2HR72,114.032303,22.633284,1093
粤B2HR72,114.032249,22.633783,1094
粤B2HR72,114.031853,22.636383,1095
粤B2HR72,114.032951,22.641117,1096
粤B2HR72,114.033653,22.643101,1097
粤B2HR72,114.035118,22.645733,1098
粤B2HR72,114.03582,22.647066,1099
粤B2HR72,114.03582,22.647066,1100
粤B2HR72,114.032547,22.648483,1101
粤B2HR72,114.033768,22.64805,1101
粤B2HR72,114.032547,22.648483,1102
粤B2HR72,114.032547,22.648483,1103
粤B2HR72,114.031685,22.648968,1104
粤B2HR72,114.030647,22.649633,1105
粤B2HR72,114.028419,22.651167,1106
粤B2HR72,114.03093,22.649282,1107
粤B2HR72,114.031631,22.648767,1108
粤B2HR72,114.031631,22.648767,1109
粤B2HR72,114.031631,22.648767,1110
粤B2HR72,114.034065,22.651217,1111
粤B2HR72,114.035835,22.6548,1112
粤B2HR72,114.035583,22.654182,1112
粤B2HR72,114.037102,22.6577,1113
粤B2HR72,114.038353,22.661034,1114
粤B2HR72,114.037415,22.6653,1115
粤B2HR72,114.038918,22.671618,1116
粤B2HR72,114.040932,22.671551,1117
粤B2HR72,114.042664,22.6707,1118
粤B2HR72,114.041183,22.671267,1119
粤B2HR72,114.039948,22.672268,1120
粤B2HR72,114.039734,22.673834,1121
粤B2HR72,114.039734,22.673834,1121
粤B2HR72,114.039803,22.674032,1122
粤B2HR72,114.037987,22.674967,1123
粤B2HR72,114.035034,22.67655,1123
粤B2HR72,114.032066,22.677683,1124
粤B2HR72,114.032066,22.677683,1125
粤B2HR72,114.032066,22.677683,1126
粤B2HR72,114.032066,22.677683,1127
粤B2HR72,114.031281,22.677483,1128
粤B2HR72,114.029404,22.675301,1128
粤B2HR72,114.027084,22.674583,1129
粤B2HR72,114.026482,22.674566,1130
粤B2HR72,114.026482,22.674566,1131
粤B2HR72,114.026482,22.674566,1132
粤B2HR72,114.026482,22.674566,1133
粤B2HR72,114.026482,22.674566,1134
粤B2HR72,114.026482,22.674566,1135
粤B2HR72,114.026482,22.674566,1136
粤B2HR72,114.026482,22.674566,1137
粤B2HR72,114.026451,22.673218,1144
粤B2HR72,114.026451,22.673218,1145
粤B2HR72,114.026451,22.673218,1146
粤B2HR72,114.026451,22.673218,1147
粤B2HR72,114.026451,22.673218,1148
粤B2HR72,114.026451,22.673218,1149
粤B2HR72,114.026451,22.673218,1150
粤B2HR72,114.026451,22.673218,1150
粤B2HR72,114.026451,22.673218,1151
粤B2HR72,114.02562,22.672417,1152
粤B2HR72,114.02562,22.672417,1153
粤B2HR72,114.02562,22.672417,1154
粤B2HR72,114.024719,22.672016,1155
粤B2HR72,114.023949,22.672867,1156
粤B2HR72,114.023682,22.674299,1157
粤B2HR72,114.024536,22.674482,1158
粤B2HR72,114.025299,22.674549,1159
粤B2HR72,114.025902,22.67415,1159
粤B2HR72,114.02655,22.673233,1160
粤B2HR72,114.029236,22.670767,1161
粤B2HR72,114.029732,22.670134,1162
粤B2HR72,114.032021,22.668249,1163
粤B2HR72,114.030464,22.664482,1164
粤B2HR72,114.031181,22.663834,1165
粤B2HR72,114.034668,22.660316,1166
粤B2HR72,114.0327,22.658016,1167
粤B2HR72,114.034149,22.655899,1168
粤B2HR72,114.03537,22.654301,1169
粤B2HR72,114.028564,22.651234,1170
粤B2HR72,114.032181,22.64905,1170
粤B2HR72,114.028564,22.651234,1171
粤B2HR72,114.031082,22.649151,1172
粤B2HR72,114.030235,22.647266,1173
粤B2HR72,114.027084,22.6436,1174
粤B2HR72,114.026337,22.64175,1175
粤B2HR72,114.025116,22.638582,1176
粤B2HR72,114.024452,22.63685,1177
粤B2HR72,114.024452,22.63685,1178
粤B2HR72,114.024452,22.63685,1179
粤B2HR72,114.025185,22.631983,1180
粤B2HR72,114.027519,22.6238,1181
粤B2HR72,114.026665,22.626717,1181
粤B2HR72,114.027519,22.6238,1182
粤B2HR72,114.02845,22.62085,1183
粤B2HR72,114.027847,22.617718,1184
粤B2HR72,114.02668,22.617033,1185
粤B2HR72,114.02668,22.617033,1186
粤B2HR72,114.027832,22.614532,1187
粤B2HR72,114.028053,22.611467,1200
粤B2HR72,114.031364,22.609283,1201
粤B2HR72,114.032364,22.608816,1202
粤B2HR72,114.035896,22.6105,1203
粤B2HR72,114.038383,22.6075,1204
粤B2HR72,114.039665,22.605949,1204
粤B2HR72,114.041901,22.603251,1205
粤B2HR72,114.043587,22.600883,1206
粤B2HR72,114.043716,22.600767,1207
粤B2HR72,114.044586,22.608999,1208
粤B2HR72,114.044151,22.61915,1209
粤B2HR72,114.043098,22.629999,1210
粤B2HR72,114.04702,22.639299,1211
粤B2HR72,114.04985,22.650368,1212
粤B2HR72,114.049301,22.662117,1213
粤B2HR72,114.048882,22.670099,1214
粤B2HR72,114.049301,22.680283,1215
粤B2HR72,114.056152,22.681816,1216
粤B2HR72,114.0597,22.680267,1217
粤B2HR72,114.062302,22.678482,1218
粤B2HR72,114.064796,22.676867,1219
粤B2HR72,114.068581,22.675133,1220
粤B2HR72,114.074615,22.673983,1221
粤B2HR72,114.082283,22.670067,1222
粤B2HR72,114.092934,22.665916,1223
粤B2HR72,114.10408,22.664516,1224
粤B2HR72,114.113602,22.665001,1225
粤B2HR72,114.116066,22.665033,1225
粤B2HR72,114.115051,22.66795,1226
粤B2HR72,114.115051,22.66795,1227
粤B2HR72,114.117599,22.670782,1228
粤B2HR72,114.119415,22.672167,1229
粤B2HR72,114.122215,22.671083,1230
粤B2HR72,114.122902,22.6707,1231
粤B2HR72,114.12413,22.669867,1232
粤B2HR72,114.125084,22.669268,1233
粤B2HR72,114.125168,22.669067,1234
粤B2HR72,114.125168,22.669067,1235
粤B2HR72,114.125168,22.669067,1236
粤B2HR72,114.125168,22.669067,1236
粤B2HR72,114.125168,22.669067,1237
粤B2HR72,114.125168,22.669067,1238
粤B2HR72,114.125153,22.668333,1239
粤B2HR72,114.125153,22.668333,1240
粤B2HR72,114.125153,22.668333,1241
粤B2HR72,114.125999,22.667967,1242
粤B2HR72,114.129036,22.666,1243
粤B2HR72,114.132851,22.666401,1244
粤B2HR72,114.133698,22.666901,1245
粤B2HR72,114.13028,22.665449,1246
粤B2HR72,114.131767,22.665733,1246
粤B2HR72,114.127815,22.667517,1247
粤B2HR72,114.125168,22.668266,1248
粤B2HR72,114.122803,22.670782,1249
粤B2HR72,114.120102,22.672001,1250
粤B2HR72,114.117569,22.673599,1251
粤B2HR72,114.117165,22.672617,1252
粤B2HR72,114.117485,22.674299,1252
粤B2HR72,114.117447,22.667418,1253
粤B2HR72,114.122116,22.6618,1255
粤B2HR72,114.122169,22.661699,1255
粤B2HR72,114.122032,22.655416,1256
粤B2HR72,114.12175,22.654533,1257
粤B2HR72,114.118767,22.649933,1258
粤B2HR72,114.115303,22.65325,1259
粤B2HR72,114.112686,22.65575,1260
粤B2HR72,114.111603,22.656782,1261
粤B2HR72,114.104897,22.663099,1262
粤B2HR72,114.082619,22.659367,1263
粤B2HR72,114.093697,22.661432,1263
粤B2HR72,114.079018,22.660767,1264
粤B2HR72,114.075966,22.655283,1265
粤B2HR72,114.073952,22.653549,1266
粤B2HR72,114.07238,22.654533,1267
粤B2HR72,114.071732,22.654966,1268
粤B2HR72,114.069183,22.656816,1269
粤B2HR72,114.067764,22.659883,1270
粤B2HR72,114.064796,22.657749,1270
粤B2HR72,114.063515,22.656134,1271
粤B2HR72,114.06192,22.652451,1272
粤B2HR72,114.059349,22.649033,1273
粤B2HR72,114.056931,22.649017,1274
粤B2HR72,114.056602,22.6444,1275
粤B2HR72,114.054451,22.643633,1276
粤B2HR72,114.055267,22.638033,1277
粤B2HR72,114.05262,22.63695,1278
粤B2HR72,114.048416,22.638067,1279
粤B2HR72,114.046547,22.638433,1280
粤B2HR72,114.045982,22.643351,1281
粤B2HR72,114.045853,22.6401,1281
粤B2HR72,114.042,22.6451,1282
粤B2HR72,114.038521,22.646351,1283
粤B2HR72,114.035164,22.64765,1284
粤B2HR72,114.032234,22.648582,1285
粤B2HR72,114.0299,22.65045,1286
粤B2HR72,114.029099,22.650749,1287
粤B2HR72,114.025887,22.65435,1288
粤B2HR72,114.025269,22.655083,1289
粤B2HR72,114.025269,22.655083,1290
粤B2HR72,114.02372,22.65465,1291
粤B2HR72,114.020699,22.653534,1292
粤B2HR72,114.019165,22.654949,1292
粤B2HR72,114.018982,22.655184,1293
粤B2HR72,114.018715,22.655483,1294
粤B2HR72,114.017815,22.656532,1295
粤B2HR72,114.017502,22.656668,1296
粤B2HR72,114.016769,22.657633,1297
粤B2HR72,114.014786,22.65995,1298
粤B2HR72,114.016769,22.657633,1298
粤B2HR72,114.014786,22.65995,1299
粤B2HR72,114.014786,22.65995,1300
粤B2HR72,114.012215,22.662617,1301
粤B2HR72,114.011482,22.663366,1302
粤B2HR72,114.011482,22.663366,1303
粤B2HR72,114.008797,22.661583,1304
粤B2HR72,114.008385,22.661583,1305
粤B2HR72,114.008385,22.661583,1306
粤B2HR72,114.008385,22.661583,1307
粤B2HR72,114.005432,22.661051,1308
粤B2HR72,114.003365,22.661234,1309
粤B2HR72,114.000717,22.666582,1309
粤B2HR72,113.997383,22.669634,1310
粤B2HR72,113.99868,22.673634,1311
粤B2HR72,113.999619,22.677401,1312
粤B2HR72,114.002151,22.679367,1313
粤B2HR72,114.0047,22.680218,1314
粤B2HR72,114.00515,22.681299,1315
粤B2HR72,114.006386,22.682934,1316
粤B2HR72,114.008865,22.683434,1317
粤B2HR72,114.009331,22.6835,1318
粤B2HR72,114.009834,22.683567,1319
粤B2HR72,114.009834,22.683567,1320
粤B2HR72,114.009834,22.683567,1320
粤B2HR72,114.009834,22.683567,1321
粤B2HR72,114.00885,22.68375,1322
粤B2HR72,114.0103,22.685633,1323
粤B2HR72,114.0103,22.685633,1324
粤B2HR72,114.0103,22.685633,1325
粤B2HR72,114.0103,22.685633,1326
粤B2HR72,114.0103,22.685633,1327
粤B2HR72,114.008751,22.684151,1328
粤B2HR72,114.008751,22.684151,1328
粤B2HR72,114.006386,22.683033,1329
粤B2HR72,114.005081,22.684151,1330
粤B2HR72,114.003868,22.687483,1331
粤B2HR72,114.002365,22.6891,1331
粤B2HR72,113.99897,22.691151,1332
粤B2HR72,113.9972,22.693001,1333
粤B2HR72,113.995552,22.694401,1334
粤B2HR72,113.995415,22.696817,1335
粤B2HR72,113.995216,22.697533,1336
粤B2HR72,113.995049,22.69915,1337
粤B2HR72,113.994904,22.6996,1338
粤B2HR72,113.994904,22.6996,1339
粤B2HR72,113.994904,22.6996,1340
粤B2HR72,113.994904,22.6996,1341
粤B2HR72,113.994904,22.6996,1342
粤B2HR72,113.994904,22.6996,1342
粤B2HR72,113.994904,22.6996,1343
粤B2HR72,113.994904,22.6996,1344
粤B2HR72,113.994904,22.6996,1345
粤B2HR72,113.994904,22.6996,1346
粤B2HR72,113.994904,22.6996,1347
粤B2HR72,113.994904,22.6996,1348
粤B2HR72,113.994904,22.6996,1349
粤B2HR72,113.994904,22.6996,1350
粤B2HR72,113.994904,22.6996,1351
粤B2HR72,113.994904,22.6996,1352
粤B2HR72,113.994904,22.6996,1353
粤B2HR72,113.994904,22.6996,1353
粤B2HR72,113.994904,22.6996,1354
粤B2HR72,113.994904,22.6996,1355
粤B2HR72,113.994904,22.6996,1356
粤B2HR72,113.994904,22.6996,1357
粤B2HR72,113.994904,22.6996,1358
粤B2HR72,113.994904,22.6996,1359
粤B2HR72,113.994904,22.6996,1360
粤B2HR72,113.994904,22.6996,1361
粤B2HR72,113.994904,22.6996,1362
粤B2HR72,113.994904,22.6996,1363
粤B2HR72,113.994904,22.6996,1364
粤B2HR72,113.994904,22.6996,1364
粤B2HR72,113.994904,22.6996,1365
粤B2HR72,113.994904,22.6996,1366
粤B2HR72,113.994904,22.6996,1367
粤B2HR72,113.994904,22.6996,1368
粤B2HR72,113.994904,22.6996,1369
粤B2HR72,113.994904,22.6996,1370
粤B2HR72,113.994904,22.6996,1371
粤B2HR72,113.994904,22.6996,1372
粤B2HR72,113.994904,22.6996,1373
粤B2HR72,113.994904,22.6996,1374
粤B2HR72,113.994904,22.6996,1375
粤B2HR72,113.994904,22.6996,1375
粤B2HR72,113.994904,22.6996,1376
粤B2HR72,113.994904,22.6996,1377
粤B2HR72,113.994904,22.6996,1378
粤B2HR72,113.994904,22.6996,1379
粤B2HR72,113.994904,22.6996,1380
粤B2HR72,113.994904,22.6996,1381
粤B2HR72,113.994904,22.6996,1382
粤B2HR72,113.994904,22.6996,1383
粤B2HR72,113.994904,22.6996,1384
粤B2HR72,113.994904,22.6996,1385
粤B2HR72,113.994904,22.6996,1386
粤B2HR72,113.994904,22.6996,1386
粤B2HR72,113.994904,22.6996,1387
粤B2HR72,113.994904,22.6996,1388
粤B2HR72,113.994904,22.6996,1389
粤B2HR72,113.994904,22.6996,1390
粤B2HR72,113.994904,22.6996,1391
粤B2HR72,113.994904,22.6996,1392
粤B2HR72,113.994904,22.6996,1393
粤B2HR72,113.994904,22.6996,1394
粤B2HR72,113.994904,22.6996,1395
粤B2HR72,113.994904,22.6996,1396
粤B2HR72,113.994904,22.6996,1397
粤B2HR72,113.994904,22.6996,1397
粤B2HR72,113.994904,22.6996,1398
粤B2HR72,113.994904,22.6996,1399
粤B2HR72,113.994904,22.6996,1400
粤B2HR72,113.994904,22.6996,1401
粤B2HR72,113.994904,22.6996,1402
粤B2HR72,113.994904,22.6996,1403
粤B2HR72,113.994904,22.6996,1404
粤B2HR72,113.994904,22.6996,1405
粤B2HR72,113.994904,22.6996,1406
粤B2HR72,113.994904,22.6996,1407
粤B2HR72,113.994904,22.6996,1408
粤B2HR72,113.994904,22.6996,1408
粤B2HR72,113.994904,22.6996,1409
粤B2HR72,113.994904,22.6996,1410
粤B2HR72,113.994904,22.6996,1411
粤B2HR72,113.994904,22.6996,1412
粤B2HR72,113.994904,22.6996,1413
粤B2HR72,113.994904,22.6996,1414
粤B2HR72,113.994904,22.6996,1415
粤B2HR72,113.994904,22.6996,1416
粤B2HR72,113.994904,22.6996,1417
粤B2HR72,113.994904,22.6996,1418
粤B2HR72,113.994904,22.6996,1419
粤B2HR72,113.994904,22.6996,1419
粤B2HR72,113.994904,22.6996,1420
粤B2HR72,113.994904,22.6996,1421
粤B2HR72,113.994904,22.6996,1422
粤B2HR72,113.994904,22.6996,1423
粤B2HR72,113.994904,22.6996,1424
粤B2HR72,113.994904,22.6996,1425
粤B2HR72,113.994904,22.6996,1426
粤B2HR72,113.994904,22.6996,1427
粤B2HR72,113.994904,22.6996,1428
粤B2HR72,113.994904,22.6996,1429
粤B2HR72,113.994904,22.6996,1430
粤B2HR72,113.995316,22.699467,1430
粤B2HR72,113.995316,22.699467,1431
粤B2HR72,113.995316,22.699467,1432
粤B2HR72,113.995316,22.699467,1433
粤B2HR72,113.995316,22.699467,1434
粤B2HR72,113.995316,22.699467,1435
粤B2HR72,113.995316,22.699467,1436
粤B2HR72,113.995316,22.699467,1437
粤B2HR72,113.995316,22.699467,1438
粤B2HR72,113.995316,22.699467,1439
