粤B406ZC,113.8368,22.6374,49
粤B406ZC,113.844803,22.6224,50
粤B406ZC,113.844704,22.627399,50
粤B406ZC,113.833504,22.618999,51
粤B406ZC,113.822403,22.613701,52
粤B406ZC,113.817001,22.6129,53
粤B406ZC,113.812798,22.6208,54
粤B406ZC,113.813202,22.624001,55
粤B406ZC,113.813103,22.623899,55
粤B406ZC,113.813202,22.624001,56
粤B406ZC,113.813202,22.624001,57
粤B406ZC,113.813202,22.624001,58
粤B406ZC,113.813202,22.624001,60
粤B406ZC,113.813202,22.624001,60
粤B406ZC,113.813202,22.624001,61
粤B406ZC,113.813202,22.624001,62
粤B406ZC,113.813202,22.624001,63
粤B406ZC,113.813202,22.624001,65
粤B406ZC,113.813202,22.624001,65
粤B406ZC,113.813202,22.624001,66
粤B406ZC,113.813202,22.624001,67
粤B406ZC,113.813202,22.624001,68
粤B406ZC,113.813202,22.624001,69
粤B406ZC,113.813202,22.624001,70
粤B406ZC,113.813202,22.624001,70
粤B406ZC,113.813202,22.624001,71
粤B406ZC,113.813202,22.624001,72
粤B406ZC,113.813202,22.624001,73
粤B406ZC,113.813202,22.624001,74
粤B406ZC,113.813202,22.624001,75
粤B406ZC,113.813202,22.624001,75
粤B406ZC,113.813202,22.624001,76
粤B406ZC,113.813202,22.624001,77
粤B406ZC,113.813202,22.624001,78
粤B406ZC,113.813202,22.624001,79
粤B406ZC,113.813202,22.624001,80
粤B406ZC,113.813202,22.624001,80
粤B406ZC,113.813202,22.624001,81
粤B406ZC,113.813202,22.624001,82
粤B406ZC,113.813202,22.624001,83
粤B406ZC,113.813202,22.624001,84
粤B406ZC,113.8134,22.624599,85
粤B406ZC,113.813202,22.625401,85
粤B406ZC,113.813004,22.625799,86
粤B406ZC,113.813004,22.625799,87
粤B406ZC,113.813004,22.625799,88
粤B406ZC,113.813004,22.625799,89
粤B406ZC,113.813004,22.625799,90
粤B406ZC,113.813004,22.625799,90
粤B406ZC,113.813004,22.625799,91
粤B406ZC,113.813004,22.625799,92
粤B406ZC,113.813004,22.625799,93
粤B406ZC,113.813004,22.625799,94
粤B406ZC,113.813004,22.625799,95
粤B406ZC,113.813004,22.625799,95
粤B406ZC,113.813004,22.625799,96
粤B406ZC,113.813004,22.625799,97
粤B406ZC,113.812103,22.627501,98
粤B406ZC,113.812103,22.627501,99
粤B406ZC,113.812103,22.627501,100
粤B406ZC,113.812103,22.627501,100
粤B406ZC,113.812103,22.627501,101
粤B406ZC,113.811501,22.628,102
粤B406ZC,113.811302,22.628099,104
粤B406ZC,113.811203,22.628,105
粤B406ZC,113.811203,22.628,105
粤B406ZC,113.811203,22.628,106
粤B406ZC,113.811203,22.628,107
粤B406ZC,113.811096,22.627899,108
粤B406ZC,113.811096,22.627899,109
粤B406ZC,113.810898,22.627701,110
粤B406ZC,113.811096,22.627899,110
粤B406ZC,113.810402,22.6273,111
粤B406ZC,113.810402,22.6273,112
粤B406ZC,113.810097,22.627399,113
粤B406ZC,113.810097,22.627399,114
粤B406ZC,113.810097,22.627399,115
粤B406ZC,113.810097,22.627399,115
粤B406ZC,113.809898,22.6269,116
粤B406ZC,113.809898,22.6269,117
粤B406ZC,113.810097,22.627399,118
粤B406ZC,113.810097,22.626301,118
粤B406ZC,113.810402,22.626499,119
粤B406ZC,113.807297,22.621599,120
粤B406ZC,113.810402,22.625999,120
粤B406ZC,113.812698,22.613001,121
粤B406ZC,113.819801,22.6122,122
粤B406ZC,113.830399,22.617399,123
粤B406ZC,113.842903,22.6215,124
粤B406ZC,113.849403,22.620701,125
粤B406ZC,113.852097,22.617001,125
粤B406ZC,113.8573,22.608299,126
粤B406ZC,113.865303,22.597799,127
粤B406ZC,113.870598,22.5893,128
粤B406ZC,113.877502,22.5816,129
粤B406ZC,113.884499,22.5749,130
粤B406ZC,113.8825,22.571301,130
粤B406ZC,113.881104,22.569901,131
粤B406ZC,113.881104,22.569901,132
粤B406ZC,113.881302,22.5718,133
粤B406ZC,113.8918,22.5788,135
粤B406ZC,113.886597,22.579201,135
粤B406ZC,113.894699,22.5814,136
粤B406ZC,113.895897,22.582399,137
粤B406ZC,113.894402,22.5839,138
粤B406ZC,113.894203,22.5842,139
粤B406ZC,113.901299,22.5769,140
粤B406ZC,113.897499,22.580601,140
粤B406ZC,113.899902,22.572701,141
粤B406ZC,113.901802,22.5693,142
粤B406ZC,113.901802,22.5693,143
粤B406ZC,113.899803,22.566999,144
粤B406ZC,113.897697,22.564301,145
粤B406ZC,113.898804,22.5632,145
粤B406ZC,113.900803,22.564899,146
粤B406ZC,113.898399,22.567499,147
粤B406ZC,113.898903,22.571501,148
粤B406ZC,113.899696,22.5714,149
粤B406ZC,113.899696,22.5714,150
粤B406ZC,113.899696,22.5714,150
粤B406ZC,113.899696,22.5714,151
粤B406ZC,113.899902,22.5714,152
粤B406ZC,113.899902,22.5714,153
粤B406ZC,113.899902,22.5714,154
粤B406ZC,113.899902,22.5714,155
粤B406ZC,113.902,22.5693,155
粤B406ZC,113.905701,22.5723,156
粤B406ZC,113.907799,22.5751,157
粤B406ZC,113.907501,22.575899,158
粤B406ZC,113.905899,22.5774,159
粤B406ZC,113.905899,22.5774,160
粤B406ZC,113.902702,22.575399,160
粤B406ZC,113.899498,22.572201,161
粤B406ZC,113.8993,22.571899,162
粤B406ZC,113.899696,22.5714,163
粤B406ZC,113.899696,22.5714,164
粤B406ZC,113.899696,22.5714,165
粤B406ZC,113.899696,22.5714,165
粤B406ZC,113.899902,22.571301,166
粤B406ZC,113.900597,22.5707,167
粤B406ZC,113.900299,22.5676,168
粤B406ZC,113.8993,22.566799,169
粤B406ZC,113.899902,22.571199,170
粤B406ZC,113.8974,22.570299,170
粤B406ZC,113.900002,22.5711,171
粤B406ZC,113.900002,22.5711,172
粤B406ZC,113.900101,22.571199,173
粤B406ZC,113.900101,22.571199,174
粤B406ZC,113.9002,22.5711,175
粤B406ZC,113.900101,22.571199,175
粤B406ZC,113.900299,22.5709,176
粤B406ZC,113.900398,22.5709,177
粤B406ZC,113.9002,22.5709,178
粤B406ZC,113.9002,22.5709,179
粤B406ZC,113.9002,22.5709,180
粤B406ZC,113.9002,22.5709,180
粤B406ZC,113.9002,22.5709,181
粤B406ZC,113.900497,22.5707,182
粤B406ZC,113.900703,22.570499,192
粤B406ZC,113.900703,22.570499,193
粤B406ZC,113.900902,22.5704,194
粤B406ZC,113.900902,22.5704,195
粤B406ZC,113.900902,22.5704,195
粤B406ZC,113.900902,22.5704,196
粤B406ZC,113.902,22.569201,197
粤B406ZC,113.898003,22.573299,198
粤B406ZC,113.896004,22.575199,199
粤B406ZC,113.891502,22.5797,200
粤B406ZC,113.888496,22.582701,200
粤B406ZC,113.885002,22.580999,201
粤B406ZC,113.883301,22.5821,202
粤B406ZC,113.881599,22.5842,203
粤B406ZC,113.885101,22.586,204
粤B406ZC,113.888,22.583099,205
粤B406ZC,113.888901,22.583401,205
粤B406ZC,113.893799,22.5851,206
粤B406ZC,113.896797,22.5858,207
粤B406ZC,113.896797,22.5858,208
粤B406ZC,113.897003,22.585899,209
粤B406ZC,113.897202,22.5854,210
粤B406ZC,113.897301,22.5847,210
粤B406ZC,113.897202,22.585699,211
粤B406ZC,113.897301,22.5847,212
粤B406ZC,113.8974,22.584299,213
粤B406ZC,113.8974,22.584299,214
粤B406ZC,113.8974,22.584299,215
粤B406ZC,113.8974,22.584299,215
粤B406ZC,113.8974,22.584299,216
粤B406ZC,113.8974,22.584299,217
粤B406ZC,113.8974,22.584299,218
粤B406ZC,113.8974,22.584299,219
粤B406ZC,113.8974,22.584299,220
粤B406ZC,113.8974,22.584299,220
粤B406ZC,113.896599,22.586,221
粤B406ZC,113.897102,22.585699,222
粤B406ZC,113.898499,22.5849,223
粤B406ZC,113.8964,22.5825,224
粤B406ZC,113.895302,22.5854,225
粤B406ZC,113.896896,22.5858,226
粤B406ZC,113.896896,22.5858,226
粤B406ZC,113.896896,22.5858,227
粤B406ZC,113.896896,22.5858,228
粤B406ZC,113.896896,22.5858,229
粤B406ZC,113.897598,22.585699,230
粤B406ZC,113.896896,22.5858,230
粤B406ZC,113.899002,22.584499,231
粤B406ZC,113.899002,22.584499,232
粤B406ZC,113.899002,22.584499,233
粤B406ZC,113.899002,22.584499,234
粤B406ZC,113.899002,22.584499,235
粤B406ZC,113.899002,22.584499,235
粤B406ZC,113.899002,22.584499,236
粤B406ZC,113.899002,22.584499,237
粤B406ZC,113.899002,22.584499,238
粤B406ZC,113.899002,22.5847,239
粤B406ZC,113.899002,22.584499,239
粤B406ZC,113.899002,22.5847,240
粤B406ZC,113.899002,22.5847,241
粤B406ZC,113.899002,22.5847,241
粤B406ZC,113.898102,22.5854,242
粤B406ZC,113.893898,22.586,243
粤B406ZC,113.892601,22.5902,244
粤B406ZC,113.888298,22.5928,246
粤B406ZC,113.888397,22.5928,246
粤B406ZC,113.888397,22.5928,247
粤B406ZC,113.888397,22.5928,248
粤B406ZC,113.888397,22.5928,249
粤B406ZC,113.888397,22.5928,250
粤B406ZC,113.893097,22.5884,251
粤B406ZC,113.891899,22.5931,251
粤B406ZC,113.893997,22.5856,252
粤B406ZC,113.895599,22.5821,253
粤B406ZC,113.893303,22.5795,254
粤B406ZC,113.893204,22.5795,255
粤B406ZC,113.893204,22.5795,256
粤B406ZC,113.893097,22.5793,256
粤B406ZC,113.893204,22.5795,257
粤B406ZC,113.893204,22.5795,258
粤B406ZC,113.893204,22.5795,259
粤B406ZC,113.892899,22.579399,260
粤B406ZC,113.892899,22.579399,261
粤B406ZC,113.892899,22.579399,261
粤B406ZC,113.892899,22.579399,262
粤B406ZC,113.893097,22.579399,263
粤B406ZC,113.893097,22.579399,264
粤B406ZC,113.892998,22.579399,265
粤B406ZC,113.893097,22.5793,266
粤B406ZC,113.893204,22.5793,266
粤B406ZC,113.893204,22.5793,267
粤B406ZC,113.893204,22.5793,268
粤B406ZC,113.893204,22.5793,269
粤B406ZC,113.893204,22.5793,270
粤B406ZC,113.893204,22.5793,271
粤B406ZC,113.893204,22.5793,271
粤B406ZC,113.893204,22.5793,272
粤B406ZC,113.893204,22.5793,273
粤B406ZC,113.893204,22.5793,274
粤B406ZC,113.893204,22.5793,275
粤B406ZC,113.893204,22.5793,276
粤B406ZC,113.893204,22.5793,277
粤B406ZC,113.893204,22.5793,278
粤B406ZC,113.893204,22.5793,279
粤B406ZC,113.893204,22.5793,280
粤B406ZC,113.893204,22.5793,281
粤B406ZC,113.893204,22.5793,281
粤B406ZC,113.892899,22.579399,282
粤B406ZC,113.892899,22.579399,283
粤B406ZC,113.892899,22.579399,284
粤B406ZC,113.893097,22.579399,285
粤B406ZC,113.893097,22.579399,286
粤B406ZC,113.893097,22.579399,287
粤B406ZC,113.893097,22.579399,288
粤B406ZC,113.892899,22.579599,289
粤B406ZC,113.892899,22.579599,290
粤B406ZC,113.892899,22.579599,291
粤B406ZC,113.892899,22.579599,291
粤B406ZC,113.893204,22.579599,292
粤B406ZC,113.893097,22.579399,293
粤B406ZC,113.893204,22.579599,293
粤B406ZC,113.892899,22.5795,294
粤B406ZC,113.892899,22.5795,295
粤B406ZC,113.892899,22.5795,296
粤B406ZC,113.893204,22.579399,297
粤B406ZC,113.892998,22.5795,298
粤B406ZC,113.892998,22.5795,299
粤B406ZC,113.892998,22.5795,300
粤B406ZC,113.893097,22.579399,301
粤B406ZC,113.892998,22.5795,301
粤B406ZC,113.892799,22.579399,302
粤B406ZC,113.892799,22.579399,303
粤B406ZC,113.892799,22.579399,304
粤B406ZC,113.892799,22.579399,306
粤B406ZC,113.892799,22.579399,306
粤B406ZC,113.893097,22.5797,307
粤B406ZC,113.892998,22.5795,308
粤B406ZC,113.893097,22.5795,309
粤B406ZC,113.893097,22.5795,310
粤B406ZC,113.893097,22.5795,311
粤B406ZC,113.893097,22.5795,311
粤B406ZC,113.893097,22.5795,312
粤B406ZC,113.893097,22.5795,313
粤B406ZC,113.893097,22.5795,314
粤B406ZC,113.893303,22.579399,315
粤B406ZC,113.892899,22.5797,316
粤B406ZC,113.892899,22.579599,316
粤B406ZC,113.892799,22.5797,317
粤B406ZC,113.892799,22.5797,318
粤B406ZC,113.892799,22.579399,319
粤B406ZC,113.892799,22.579399,320
粤B406ZC,113.892799,22.579399,321
粤B406ZC,113.892799,22.579399,321
粤B406ZC,113.892799,22.579399,322
粤B406ZC,113.892799,22.579399,323
粤B406ZC,113.893204,22.5795,324
粤B406ZC,113.893204,22.5795,325
粤B406ZC,113.893097,22.579599,326
粤B406ZC,113.893097,22.579399,326
粤B406ZC,113.893097,22.579399,327
粤B406ZC,113.893204,22.5795,328
粤B406ZC,113.893204,22.5795,329
粤B406ZC,113.893204,22.5795,330
粤B406ZC,113.892799,22.5797,331
粤B406ZC,113.892998,22.579599,331
粤B406ZC,113.892799,22.5797,332
粤B406ZC,113.892799,22.5797,333
粤B406ZC,113.893204,22.579399,334
粤B406ZC,113.892799,22.5795,335
粤B406ZC,113.892998,22.579399,336
粤B406ZC,113.892799,22.5795,336
粤B406ZC,113.893097,22.5795,337
粤B406ZC,113.893097,22.5795,338
粤B406ZC,113.893097,22.5795,339
粤B406ZC,113.893204,22.5795,340
粤B406ZC,113.893204,22.5795,341
粤B406ZC,113.893097,22.5797,341
粤B406ZC,113.893097,22.5797,342
粤B406ZC,113.893097,22.5797,343
粤B406ZC,113.893097,22.579599,344
粤B406ZC,113.893303,22.579399,345
粤B406ZC,113.893097,22.579399,346
粤B406ZC,113.893097,22.5795,347
粤B406ZC,113.892899,22.5795,348
粤B406ZC,113.892899,22.579399,349
粤B406ZC,113.892998,22.579399,350
粤B406ZC,113.893097,22.5795,351
粤B406ZC,113.892899,22.579201,351
粤B406ZC,113.893097,22.5795,352
粤B406ZC,113.892998,22.579599,353
粤B406ZC,113.892998,22.579399,356
粤B406ZC,113.892899,22.5791,356
粤B406ZC,113.893204,22.579399,357
粤B406ZC,113.893204,22.5795,358
粤B406ZC,113.892601,22.5802,359
粤B406ZC,113.893097,22.5797,360
粤B406ZC,113.893204,22.5795,361
粤B406ZC,113.893097,22.579399,361
粤B406ZC,113.893097,22.579599,362
粤B406ZC,113.892998,22.5795,363
粤B406ZC,113.892998,22.5795,364
粤B406ZC,113.892998,22.5795,365
粤B406ZC,113.892899,22.5793,366
粤B406ZC,113.893097,22.579399,366
粤B406ZC,113.892998,22.579399,367
粤B406ZC,113.893204,22.579399,368
粤B406ZC,113.893204,22.579399,369
粤B406ZC,113.893204,22.579399,370
粤B406ZC,113.893204,22.579399,371
粤B406ZC,113.893204,22.579399,371
粤B406ZC,113.893204,22.579399,372
粤B406ZC,113.893303,22.579399,373
粤B406ZC,113.893204,22.579399,374
粤B406ZC,113.893204,22.579399,375
粤B406ZC,113.893204,22.5793,376
粤B406ZC,113.893204,22.5793,376
粤B406ZC,113.893204,22.5793,377
粤B406ZC,113.893303,22.579201,378
粤B406ZC,113.893204,22.579201,379
粤B406ZC,113.893204,22.579201,380
粤B406ZC,113.893204,22.579201,381
粤B406ZC,113.893204,22.579201,381
粤B406ZC,113.893204,22.579201,382
粤B406ZC,113.893204,22.579201,383
粤B406ZC,113.893204,22.579201,384
粤B406ZC,113.893097,22.5793,385
粤B406ZC,113.893303,22.5793,386
粤B406ZC,113.893303,22.5793,386
粤B406ZC,113.893303,22.5793,387
粤B406ZC,113.893402,22.5793,389
粤B406ZC,113.893402,22.5793,390
粤B406ZC,113.893402,22.5793,391
粤B406ZC,113.893097,22.579201,394
粤B406ZC,113.893097,22.579201,395
粤B406ZC,113.893204,22.5793,396
粤B406ZC,113.893303,22.579399,399
粤B406ZC,113.893204,22.5793,400
粤B406ZC,113.893204,22.5793,401
粤B406ZC,113.893204,22.5793,402
粤B406ZC,113.893097,22.579201,403
粤B406ZC,113.893097,22.579201,404
粤B406ZC,113.893097,22.579201,405
粤B406ZC,113.893097,22.579201,406
粤B406ZC,113.893204,22.5793,406
粤B406ZC,113.893097,22.579201,407
粤B406ZC,113.893303,22.579399,410
粤B406ZC,113.893097,22.579201,411
粤B406ZC,113.893097,22.579201,411
粤B406ZC,113.892998,22.579201,412
粤B406ZC,113.893097,22.5791,414
粤B406ZC,113.893204,22.579201,415
粤B406ZC,113.893204,22.579201,416
粤B406ZC,113.893097,22.579399,419
粤B406ZC,113.892998,22.5793,420
粤B406ZC,113.893303,22.5795,421
粤B406ZC,113.893097,22.5795,425
粤B406ZC,113.893097,22.5795,426
粤B406ZC,113.893097,22.5793,429
粤B406ZC,113.893303,22.579599,430
粤B406ZC,113.893303,22.579599,431
粤B406ZC,113.893402,22.579399,434
粤B406ZC,113.893204,22.5791,435
粤B406ZC,113.893204,22.5791,436
粤B406ZC,113.893204,22.579201,439
粤B406ZC,113.893303,22.579599,440
粤B406ZC,113.893303,22.579599,441
粤B406ZC,113.893303,22.579599,444
粤B406ZC,113.893204,22.5793,445
粤B406ZC,113.893402,22.579599,446
粤B406ZC,113.893303,22.579599,449
粤B406ZC,113.893303,22.579599,450
粤B406ZC,113.893303,22.579599,451
粤B406ZC,113.893303,22.579599,459
粤B406ZC,113.893204,22.5795,460
粤B406ZC,113.893303,22.579399,461
粤B406ZC,113.893097,22.579399,462
粤B406ZC,113.893097,22.5795,463
粤B406ZC,113.893204,22.579399,464
粤B406ZC,113.893303,22.5795,465
粤B406ZC,113.893303,22.5795,466
粤B406ZC,113.893303,22.5795,467
粤B406ZC,113.893303,22.5795,467
粤B406ZC,113.893303,22.5795,468
粤B406ZC,113.893303,22.5795,469
粤B406ZC,113.893303,22.5795,470
粤B406ZC,113.893303,22.5795,471
粤B406ZC,113.893303,22.579399,472
粤B406ZC,113.893303,22.5795,472
粤B406ZC,113.893303,22.579399,474
粤B406ZC,113.893204,22.5795,475
粤B406ZC,113.893097,22.5795,476
粤B406ZC,113.894302,22.5807,479
粤B406ZC,113.895401,22.581699,480
粤B406ZC,113.897903,22.580299,481
粤B406ZC,113.878799,22.5823,489
粤B406ZC,113.875603,22.5839,490
粤B406ZC,113.872803,22.587,491
粤B406ZC,113.860298,22.6054,494
粤B406ZC,113.854897,22.612301,495
粤B406ZC,113.850304,22.6201,496
粤B406ZC,113.842003,22.6315,499
粤B406ZC,113.8452,22.625999,500
粤B406ZC,113.845497,22.622499,501
粤B406ZC,113.836502,22.620001,502
粤B406ZC,113.810898,22.628,505
粤B406ZC,113.8097,22.627501,506
粤B406ZC,113.831497,22.617701,510
粤B406ZC,113.8955,22.5753,564
粤B406ZC,113.895401,22.5756,565
粤B406ZC,113.898598,22.5777,566
粤B406ZC,113.902496,22.5811,567
粤B406ZC,113.902199,22.580999,567
粤B406ZC,113.906197,22.583799,568
粤B406ZC,113.908897,22.580999,569
粤B406ZC,113.908897,22.580999,570
粤B406ZC,113.9105,22.5816,571
粤B406ZC,113.913498,22.5842,572
粤B406ZC,113.913696,22.5844,572
粤B406ZC,113.9161,22.5865,573
粤B406ZC,113.9179,22.5881,574
粤B406ZC,113.919296,22.5893,575
粤B406ZC,113.918404,22.588699,576
粤B406ZC,113.918404,22.588699,577
粤B406ZC,113.9179,22.5881,577
粤B406ZC,113.914703,22.5854,578
粤B406ZC,113.912903,22.5839,579
粤B406ZC,113.908401,22.5844,580
粤B406ZC,113.905701,22.587299,581
粤B406ZC,113.903198,22.586,582
粤B406ZC,113.898903,22.584801,582
粤B406ZC,113.895798,22.5856,583
粤B406ZC,113.894096,22.585199,584
粤B406ZC,113.890099,22.584299,585
粤B406ZC,113.888603,22.5832,586
粤B406ZC,113.888603,22.5832,587
粤B406ZC,113.888298,22.583,587
粤B406ZC,113.887299,22.582001,588
粤B406ZC,113.887001,22.5819,589
粤B406ZC,113.883499,22.5818,590
粤B406ZC,113.882698,22.580799,591
粤B406ZC,113.880798,22.5814,592
粤B406ZC,113.877403,22.584499,592
粤B406ZC,113.8759,22.5858,593
粤B406ZC,113.874603,22.587099,594
粤B406ZC,113.875298,22.5898,595
粤B406ZC,113.878197,22.591499,596
粤B406ZC,113.878197,22.591499,597
粤B406ZC,113.878197,22.591499,597
粤B406ZC,113.878197,22.591499,598
粤B406ZC,113.878197,22.591499,599
粤B406ZC,113.878197,22.591499,600
粤B406ZC,113.878197,22.591499,602
粤B406ZC,113.878502,22.5919,603
粤B406ZC,113.879601,22.5896,604
粤B406ZC,113.878899,22.587,605
粤B406ZC,113.881104,22.5849,606
粤B406ZC,113.883499,22.586201,607
粤B406ZC,113.887901,22.5832,607
粤B406ZC,113.887901,22.5832,608
粤B406ZC,113.894897,22.5811,611
粤B406ZC,113.897003,22.583599,612
粤B406ZC,113.8964,22.5825,612
粤B406ZC,113.896698,22.5839,613
粤B406ZC,113.895302,22.583799,614
粤B406ZC,113.893997,22.5851,615
粤B406ZC,113.890701,22.5844,616
粤B406ZC,113.888496,22.5832,617
粤B406ZC,113.888496,22.5832,618
粤B406ZC,113.888496,22.5832,619
粤B406ZC,113.884598,22.581301,620
粤B406ZC,113.882004,22.5835,621
粤B406ZC,113.883904,22.5867,622
粤B406ZC,113.887901,22.5832,622
粤B406ZC,113.883102,22.558201,645
粤B406ZC,113.885399,22.560499,646
粤B406ZC,113.883301,22.5585,647
粤B406ZC,113.8862,22.561001,647
粤B406ZC,113.879601,22.560301,648
粤B406ZC,113.879601,22.560301,649
粤B406ZC,113.876801,22.558901,650
粤B406ZC,113.873199,22.559999,651
粤B406ZC,113.867401,22.561199,652
粤B406ZC,113.872803,22.560101,652
粤B406ZC,113.866402,22.5623,653
粤B406ZC,113.865196,22.5627,654
粤B406ZC,113.863098,22.5627,655
粤B406ZC,113.861,22.563299,656
粤B406ZC,113.861801,22.563,657
粤B406ZC,113.864601,22.562799,657
粤B406ZC,113.864601,22.562799,658
粤B406ZC,113.868698,22.5599,659
粤B406ZC,113.870201,22.558399,660
粤B406ZC,113.875298,22.557899,662
粤B406ZC,113.888199,22.559999,665
粤B406ZC,113.8936,22.5546,666
粤B406ZC,113.895401,22.554501,667
粤B406ZC,113.894096,22.554199,667
粤B406ZC,113.897797,22.556601,668
粤B406ZC,113.898201,22.5571,669
粤B406ZC,113.903,22.5613,670
粤B406ZC,113.905602,22.563601,671
粤B406ZC,113.906197,22.563999,672
粤B406ZC,113.908798,22.566299,672
粤B406ZC,113.909103,22.5665,673
粤B406ZC,113.909103,22.5665,678
粤B406ZC,113.890099,22.5846,723
粤B406ZC,113.894897,22.5646,819
粤B406ZC,113.900803,22.559601,820
粤B406ZC,113.899399,22.5581,821
粤B406ZC,113.904198,22.562099,822
粤B406ZC,113.903,22.5611,822
粤B406ZC,113.906403,22.5639,823
粤B406ZC,113.907898,22.5653,824
粤B406ZC,113.908897,22.564699,825
粤B406ZC,113.909798,22.563499,826
粤B406ZC,113.908997,22.562599,827
粤B406ZC,113.906502,22.5604,827
粤B406ZC,113.904503,22.561501,828
粤B406ZC,113.904198,22.562,829
粤B406ZC,113.904198,22.562,830
粤B406ZC,113.903503,22.5627,831
粤B406ZC,113.9039,22.565599,832
粤B406ZC,113.902199,22.563999,832
粤B406ZC,113.904999,22.565701,833
粤B406ZC,113.904602,22.566099,834
粤B406ZC,113.904503,22.566099,835
粤B406ZC,113.904503,22.566401,836
粤B406ZC,113.907204,22.568001,837
粤B406ZC,113.910896,22.582399,849
粤B406ZC,113.904297,22.5791,851
粤B406ZC,113.898201,22.577299,852
粤B406ZC,113.901299,22.58,852
粤B406ZC,113.897301,22.576599,853
粤B406ZC,113.893204,22.578199,854
粤B406ZC,113.8927,22.5788,855
粤B406ZC,113.8927,22.5788,856
粤B406ZC,113.888496,22.5828,859
粤B406ZC,113.886101,22.581301,860
粤B406ZC,113.881599,22.584299,862
粤B406ZC,113.881599,22.584299,863
粤B406ZC,113.880203,22.5856,863
粤B406ZC,113.880203,22.5898,864
粤B406ZC,113.883598,22.5875,865
粤B406ZC,113.887901,22.583099,866
粤B406ZC,113.885803,22.5809,867
粤B406ZC,113.889198,22.576799,868
粤B406ZC,113.890503,22.577499,869
粤B406ZC,113.895401,22.5756,870
粤B406ZC,113.893303,22.5732,871
粤B406ZC,113.891602,22.571699,872
粤B406ZC,113.894501,22.5674,873
粤B406ZC,113.891899,22.5702,873
粤B406ZC,113.896698,22.565201,874
粤B406ZC,113.897697,22.564301,875
粤B406ZC,113.8992,22.5632,876
粤B406ZC,113.900002,22.5637,877
粤B406ZC,113.900497,22.5655,878
粤B406ZC,113.900902,22.564301,878
粤B406ZC,113.898399,22.5676,879
粤B406ZC,113.897797,22.570499,880
粤B406ZC,113.898499,22.571199,881
粤B406ZC,113.898499,22.571199,882
粤B406ZC,113.8993,22.5718,882
粤B406ZC,113.9011,22.570101,883
粤B406ZC,113.901802,22.569,884
粤B406ZC,113.901398,22.5686,884
粤B406ZC,113.901802,22.569,885
粤B406ZC,113.903503,22.570299,886
粤B406ZC,113.906799,22.5714,887
粤B406ZC,113.908401,22.570999,888
粤B406ZC,113.908798,22.570999,889
粤B406ZC,113.913002,22.5711,889
粤B406ZC,113.914597,22.572399,890
粤B406ZC,113.9132,22.5765,891
粤B406ZC,113.912697,22.577,892
粤B406ZC,113.910797,22.576099,893
粤B406ZC,113.908302,22.575399,894
粤B406ZC,113.906097,22.577499,894
粤B406ZC,113.906097,22.577499,895
粤B406ZC,113.906097,22.577499,896
粤B406ZC,113.9067,22.576799,897
粤B406ZC,113.908798,22.5735,898
粤B406ZC,113.908997,22.5686,899
粤B406ZC,113.908897,22.5693,899
粤B406ZC,113.906197,22.577299,911
粤B406ZC,113.903,22.5805,912
粤B406ZC,113.900002,22.578699,913
粤B406ZC,113.895897,22.5756,914
粤B406ZC,113.8993,22.5786,914
粤B406ZC,113.892998,22.5784,915
粤B406ZC,113.890503,22.5774,916
粤B406ZC,113.895599,22.5756,1049
粤B406ZC,113.895599,22.5756,1049
粤B406ZC,113.8974,22.576799,1052
粤B406ZC,113.8974,22.576799,1053
粤B406ZC,113.8974,22.576799,1054
粤B406ZC,113.8974,22.576799,1054
粤B406ZC,113.8974,22.576799,1055
粤B406ZC,113.8974,22.576799,1056
粤B406ZC,113.8974,22.576799,1057
粤B406ZC,113.8974,22.576799,1058
粤B406ZC,113.8974,22.576799,1059
粤B406ZC,113.8974,22.576799,1059
粤B406ZC,113.8974,22.576799,1060
粤B406ZC,113.8974,22.576799,1061
粤B406ZC,113.8974,22.576799,1062
粤B406ZC,113.8974,22.576799,1063
粤B406ZC,113.8974,22.576799,1064
粤B406ZC,113.8974,22.576799,1064
粤B406ZC,113.8974,22.576799,1065
粤B406ZC,113.8974,22.576799,1066
粤B406ZC,113.8974,22.576799,1067
粤B406ZC,113.8974,22.576799,1068
粤B406ZC,113.8974,22.5767,1069
粤B406ZC,113.896202,22.575701,1069
粤B406ZC,113.896202,22.575701,1070
粤B406ZC,113.896202,22.575701,1071
粤B406ZC,113.897797,22.5735,1072
粤B406ZC,113.899696,22.571501,1073
粤B406ZC,113.901497,22.5697,1074
粤B406ZC,113.901497,22.5697,1074
粤B406ZC,113.902,22.569099,1075
粤B406ZC,113.899597,22.566999,1076
粤B406ZC,113.9011,22.565001,1077
粤B406ZC,113.9011,22.564699,1078
粤B406ZC,113.898697,22.562201,1079
粤B406ZC,113.899803,22.563299,1079
粤B406ZC,113.894798,22.5648,1080
粤B406ZC,113.890198,22.5697,1081
粤B406ZC,113.886299,22.5735,1082
粤B406ZC,113.883797,22.575701,1083
粤B406ZC,113.879997,22.5793,1084
粤B406ZC,113.872803,22.587099,1085
粤B406ZC,113.872597,22.588301,1086
粤B406ZC,113.868401,22.584999,1087
粤B406ZC,113.865898,22.5832,1088
粤B406ZC,113.862701,22.579901,1089
粤B406ZC,113.865196,22.5825,1089
粤B406ZC,113.861504,22.578699,1090
粤B406ZC,113.861504,22.5786,1091
粤B406ZC,113.861504,22.5786,1092
粤B406ZC,113.860703,22.577999,1093
粤B406ZC,113.860199,22.5774,1094
粤B406ZC,113.8601,22.577299,1094
粤B406ZC,113.8592,22.576401,1095
粤B406ZC,113.857498,22.575701,1096
粤B406ZC,113.855797,22.577,1097
粤B406ZC,113.857498,22.575701,1097
粤B406ZC,113.857498,22.578699,1098
粤B406ZC,113.858803,22.5776,1099
粤B406ZC,113.859001,22.577299,1100
粤B406ZC,113.861504,22.5753,1101
粤B406ZC,113.863297,22.573799,1102
粤B406ZC,113.863297,22.573799,1102
粤B406ZC,113.865501,22.5721,1103
粤B406ZC,113.865601,22.5721,1103
粤B406ZC,113.865601,22.5721,1104
粤B406ZC,113.866699,22.5732,1105
粤B406ZC,113.870499,22.5751,1106
粤B406ZC,113.874603,22.572201,1107
粤B406ZC,113.881203,22.5667,1108
粤B406ZC,113.874702,22.572201,1108
粤B406ZC,113.883202,22.5648,1109
粤B406ZC,113.883202,22.5648,1110
粤B406ZC,113.886497,22.561701,1111
粤B406ZC,113.888901,22.5632,1114
粤B406ZC,113.889297,22.563499,1115
粤B406ZC,113.889503,22.563601,1116
粤B406ZC,113.887604,22.562401,1117
粤B406ZC,113.885002,22.565901,1118
粤B406ZC,113.884903,22.563801,1118
粤B406ZC,113.885498,22.566299,1119
粤B406ZC,113.888199,22.565001,1120
粤B406ZC,113.887199,22.561899,1121
粤B406ZC,113.889198,22.563299,1122
粤B406ZC,113.892197,22.5611,1123
粤B406ZC,113.884903,22.563801,1123
粤B406ZC,113.893799,22.5597,1124
粤B406ZC,113.899399,22.5581,1126
粤B406ZC,113.899803,22.558399,1127
粤B406ZC,113.900803,22.559299,1128
粤B406ZC,113.901299,22.5597,1128
粤B406ZC,113.901398,22.559799,1129
粤B406ZC,113.902802,22.561001,1130
粤B406ZC,113.902901,22.561199,1131
粤B406ZC,113.902901,22.561199,1132
粤B406ZC,113.903801,22.561701,1133
粤B406ZC,113.903603,22.561701,1133
粤B406ZC,113.903801,22.561701,1134
粤B406ZC,113.904099,22.5618,1135
粤B406ZC,113.903,22.563101,1136
粤B406ZC,113.9021,22.5639,1137
粤B406ZC,113.896103,22.575199,1143
粤B406ZC,113.896103,22.575199,1143
粤B406ZC,113.892899,22.578199,1144
粤B406ZC,113.889999,22.5812,1145
粤B406ZC,113.888603,22.5826,1146
粤B406ZC,113.888603,22.5826,1147
粤B406ZC,113.883598,22.587601,1148
粤B406ZC,113.887901,22.5832,1148
粤B406ZC,113.879303,22.5921,1149
粤B406ZC,113.880898,22.5926,1150
粤B406ZC,113.881599,22.592699,1151
粤B406ZC,113.886002,22.5928,1152
粤B406ZC,113.884697,22.587299,1153
粤B406ZC,113.887901,22.5889,1153
粤B406ZC,113.884804,22.587099,1154
粤B406ZC,113.885597,22.585501,1155
粤B406ZC,113.889397,22.5818,1156
粤B406ZC,113.891701,22.578699,1157
粤B406ZC,113.8909,22.575199,1158
粤B406ZC,113.889702,22.5767,1158
粤B406ZC,113.892303,22.5737,1159
粤B406ZC,113.895103,22.5709,1160
粤B406ZC,113.895599,22.569099,1161
粤B406ZC,113.8927,22.566099,1162
粤B406ZC,113.894203,22.5648,1163
粤B406ZC,113.894501,22.565001,1163
粤B406ZC,113.894798,22.5651,1164
粤B406ZC,113.894997,22.565399,1165
粤B406ZC,113.894997,22.565399,1166
粤B406ZC,113.895103,22.565001,1167
粤B406ZC,113.895203,22.565201,1168
粤B406ZC,113.895203,22.565201,1168
粤B406ZC,113.894798,22.5651,1169
粤B406ZC,113.895302,22.5651,1170
粤B406ZC,113.895302,22.5651,1171
粤B406ZC,113.895302,22.5651,1172
粤B406ZC,113.894897,22.565201,1173
粤B406ZC,113.894897,22.565201,1173
粤B406ZC,113.8955,22.563801,1174
粤B406ZC,113.894096,22.562201,1175
粤B406ZC,113.891701,22.561899,1176
粤B406ZC,113.890602,22.5646,1177
粤B406ZC,113.890999,22.569099,1178
粤B406ZC,113.8937,22.5667,1178
粤B406ZC,113.890999,22.569099,1179
粤B406ZC,113.890503,22.569901,1180
粤B406ZC,113.890404,22.5711,1181
粤B406ZC,113.888199,22.5737,1182
粤B406ZC,113.889297,22.5763,1183
粤B406ZC,113.840897,22.606701,1248
粤B406ZC,113.838402,22.6119,1248
粤B406ZC,113.838303,22.6122,1249
粤B406ZC,113.835297,22.618299,1250
粤B406ZC,113.835098,22.6187,1251
粤B406ZC,113.8339,22.6192,1252
粤B406ZC,113.818901,22.6122,1253
粤B406ZC,113.826797,22.615801,1253
粤B406ZC,113.814499,22.617701,1254
粤B406ZC,113.813301,22.623899,1256
粤B406ZC,113.813301,22.623899,1257
粤B406ZC,113.813301,22.623899,1258
粤B406ZC,113.813301,22.623899,1259
粤B406ZC,113.813301,22.623899,1259
粤B406ZC,113.813301,22.623899,1260
粤B406ZC,113.813301,22.623899,1261
粤B406ZC,113.813301,22.623899,1262
粤B406ZC,113.813301,22.623899,1263
粤B406ZC,113.813301,22.623899,1264
粤B406ZC,113.813301,22.623899,1264
粤B406ZC,113.813301,22.623899,1265
粤B406ZC,113.813301,22.623899,1266
粤B406ZC,113.813301,22.623899,1267
粤B406ZC,113.813301,22.623899,1268
粤B406ZC,113.813301,22.623899,1269
粤B406ZC,113.813301,22.623899,1269
粤B406ZC,113.813301,22.623899,1270
粤B406ZC,113.813301,22.623899,1271
粤B406ZC,113.813301,22.623899,1272
粤B406ZC,113.813301,22.623899,1273
粤B406ZC,113.813301,22.623899,1274
粤B406ZC,113.813301,22.623899,1274
粤B406ZC,113.813301,22.623899,1275
粤B406ZC,113.813301,22.623899,1276
粤B406ZC,113.813301,22.623899,1277
粤B406ZC,113.813301,22.623899,1278
粤B406ZC,113.813301,22.623899,1279
粤B406ZC,113.813301,22.623899,1279
粤B406ZC,113.813301,22.623899,1280
粤B406ZC,113.813301,22.623899,1281
粤B406ZC,113.813301,22.623899,1282
粤B406ZC,113.813301,22.623899,1283
粤B406ZC,113.813301,22.623899,1284
粤B406ZC,113.813301,22.623899,1284
粤B406ZC,113.813301,22.623899,1285
粤B406ZC,113.813301,22.623899,1286
粤B406ZC,113.813301,22.623899,1287
粤B406ZC,113.813301,22.623899,1288
粤B406ZC,113.813301,22.623899,1289
粤B406ZC,113.813301,22.623899,1289
粤B406ZC,113.813301,22.623899,1290
粤B406ZC,113.813301,22.623899,1292
粤B406ZC,113.813301,22.623899,1294
粤B406ZC,113.813301,22.623899,1294
粤B406ZC,113.813301,22.623899,1295
粤B406ZC,113.813301,22.623899,1297
粤B406ZC,113.813301,22.623899,1299
粤B406ZC,113.813301,22.623899,1299
粤B406ZC,113.813301,22.623899,1304
粤B406ZC,113.813301,22.623899,1304
粤B406ZC,113.813301,22.625401,1308
粤B406ZC,113.813103,22.625601,1309
粤B406ZC,113.813103,22.625601,1309
粤B406ZC,113.813103,22.625601,1310
粤B406ZC,113.813103,22.625601,1311
粤B406ZC,113.813103,22.625601,1312
粤B406ZC,113.813103,22.625601,1313
粤B406ZC,113.813103,22.625601,1314
粤B406ZC,113.813103,22.625601,1314
粤B406ZC,113.813103,22.625601,1315
粤B406ZC,113.813103,22.625601,1316
粤B406ZC,113.813103,22.625601,1317
粤B406ZC,113.813103,22.625601,1318
粤B406ZC,113.813103,22.625601,1319
粤B406ZC,113.813103,22.625601,1319
粤B406ZC,113.813103,22.625601,1320
粤B406ZC,113.813103,22.625601,1321
粤B406ZC,113.813103,22.625601,1322
粤B406ZC,113.813103,22.625601,1323
粤B406ZC,113.813103,22.625601,1324
粤B406ZC,113.813103,22.625601,1324
粤B406ZC,113.812599,22.626499,1325
粤B406ZC,113.812599,22.626699,1326
粤B406ZC,113.812599,22.626699,1327
粤B406ZC,113.812599,22.626699,1328
粤B406ZC,113.812599,22.626699,1329
粤B406ZC,113.812599,22.626699,1329
粤B406ZC,113.812599,22.626699,1330
粤B406ZC,113.812599,22.626699,1332
粤B406ZC,113.812599,22.626699,1333
粤B406ZC,113.812599,22.626699,1334
粤B406ZC,113.812599,22.626699,1334
粤B406ZC,113.811996,22.627701,1335
粤B406ZC,113.811798,22.627899,1336
粤B406ZC,113.811501,22.628099,1337
粤B406ZC,113.811401,22.628099,1338
粤B406ZC,113.811401,22.628099,1339
粤B406ZC,113.811401,22.628099,1339
粤B406ZC,113.811501,22.628,1340
粤B406ZC,113.811501,22.628,1341
粤B406ZC,113.811501,22.628,1342
粤B406ZC,113.811501,22.628,1343
粤B406ZC,113.811302,22.6278,1344
粤B406ZC,113.811302,22.6278,1344
粤B406ZC,113.811401,22.627899,1345
粤B406ZC,113.810402,22.627501,1346
粤B406ZC,113.810402,22.627501,1347
粤B406ZC,113.810204,22.627399,1348
粤B406ZC,113.810204,22.627399,1349
粤B406ZC,113.809998,22.6273,1349
粤B406ZC,113.809998,22.6273,1350
粤B406ZC,113.809998,22.6273,1351
粤B406ZC,113.809799,22.627199,1352
粤B406ZC,113.809799,22.6269,1353
粤B406ZC,113.809898,22.6266,1354
粤B406ZC,113.809898,22.6266,1354
粤B406ZC,113.806602,22.624001,1355
粤B406ZC,113.809097,22.6187,1356
粤B406ZC,113.812401,22.6129,1357
粤B406ZC,113.812401,22.6129,1358
粤B406ZC,113.814499,22.609699,1359
粤B406ZC,113.813904,22.610201,1359
粤B406ZC,113.817596,22.6112,1360
粤B406ZC,113.8237,22.6141,1361
粤B406ZC,113.832703,22.618299,1362
粤B406ZC,113.834503,22.619101,1363
粤B406ZC,113.834602,22.620001,1364
粤B406ZC,113.834503,22.619101,1364
粤B406ZC,113.831497,22.630301,1365
粤B406ZC,113.825401,22.637501,1366
粤B406ZC,113.822304,22.642599,1367
粤B406ZC,113.820999,22.642099,1368
粤B406ZC,113.820297,22.6401,1369
粤B406ZC,113.821297,22.6404,1369
粤B406ZC,113.822502,22.6387,1370
粤B406ZC,113.825897,22.632601,1371
粤B406ZC,113.828796,22.625999,1372
粤B406ZC,113.829399,22.6192,1373
粤B406ZC,113.819702,22.612499,1374
粤B406ZC,113.824799,22.614901,1374
粤B406ZC,113.815399,22.6159,1375
粤B406ZC,113.812401,22.6231,1376
粤B406ZC,113.812401,22.6231,1377
粤B406ZC,113.813499,22.624399,1378
粤B406ZC,113.813499,22.624399,1379
粤B406ZC,113.813499,22.624399,1379
粤B406ZC,113.813499,22.624399,1380
粤B406ZC,113.813499,22.624399,1381
粤B406ZC,113.813499,22.624399,1382
粤B406ZC,113.813499,22.624399,1383
粤B406ZC,113.8134,22.624701,1384
粤B406ZC,113.8134,22.624701,1384
粤B406ZC,113.8134,22.624701,1385
粤B406ZC,113.813499,22.6245,1388
粤B406ZC,113.813499,22.6245,1389
粤B406ZC,113.813499,22.6245,1389
粤B406ZC,113.813499,22.6245,1390
粤B406ZC,113.813499,22.6245,1391
粤B406ZC,113.813499,22.6245,1392
粤B406ZC,113.813499,22.6245,1393
粤B406ZC,113.813499,22.6245,1394
粤B406ZC,113.813499,22.6245,1394
粤B406ZC,113.813499,22.6245,1395
粤B406ZC,113.813499,22.6245,1396
粤B406ZC,113.813499,22.6245,1397
粤B406ZC,113.813499,22.6245,1398
粤B406ZC,113.813499,22.6245,1399
粤B406ZC,113.813499,22.6245,1399
粤B406ZC,113.813499,22.6245,1400
粤B406ZC,113.813499,22.6245,1401
粤B406ZC,113.813499,22.6245,1402
粤B406ZC,113.813499,22.6245,1403
粤B406ZC,113.813499,22.6245,1404
粤B406ZC,113.813499,22.6245,1404
粤B406ZC,113.813499,22.6245,1405
粤B406ZC,113.813499,22.6245,1406
粤B406ZC,113.813499,22.6245,1407
粤B406ZC,113.813499,22.6245,1408
粤B406ZC,113.813499,22.6245,1409
粤B406ZC,113.813499,22.6245,1409
粤B406ZC,113.813499,22.6245,1410
粤B406ZC,113.813499,22.6245,1411
粤B406ZC,113.813499,22.6245,1412
粤B406ZC,113.813499,22.6245,1413
粤B406ZC,113.813499,22.6245,1414
粤B406ZC,113.813499,22.6245,1414
粤B406ZC,113.813499,22.6245,1415
粤B406ZC,113.813499,22.6245,1416
粤B406ZC,113.813499,22.6245,1417
粤B406ZC,113.813499,22.6245,1418
粤B406ZC,113.813499,22.6245,1419
粤B406ZC,113.813499,22.6245,1419
粤B406ZC,113.813499,22.6245,1420
粤B406ZC,113.813499,22.6245,1421
粤B406ZC,113.813499,22.6245,1422
粤B406ZC,113.813499,22.6245,1423
粤B406ZC,113.813499,22.6245,1424
粤B406ZC,113.813499,22.6245,1424
粤B406ZC,113.813499,22.6245,1425
粤B406ZC,113.813499,22.6245,1426
粤B406ZC,113.813499,22.6245,1427
粤B406ZC,113.813499,22.6245,1428
粤B406ZC,113.813499,22.6245,1429
粤B406ZC,113.813499,22.6245,1429
粤B406ZC,113.813499,22.6245,1430
粤B406ZC,113.813499,22.6245,1431
粤B406ZC,113.813499,22.6245,1432
粤B406ZC,113.813499,22.6245,1433
粤B406ZC,113.813499,22.624701,1434
粤B406ZC,113.812897,22.6259,1434
粤B406ZC,113.812897,22.625999,1435
