粤B3FQ51,114.036743,22.658583,3
粤B3FQ51,114.036743,22.658583,13
粤B3FQ51,114.036743,22.658583,18
粤B3FQ51,114.036743,22.658583,19
粤B3FQ51,114.036743,22.658583,24
粤B3FQ51,114.036743,22.658583,30
粤B3FQ51,114.036743,22.658583,35
粤B3FQ51,114.036743,22.658583,36
粤B3FQ51,114.036743,22.658583,42
粤B3FQ51,114.036743,22.658583,48
粤B3FQ51,114.036743,22.658583,51
粤B3FQ51,114.036743,22.658583,54
粤B3FQ51,114.036743,22.658583,60
粤B3FQ51,114.036743,22.658583,66
粤B3FQ51,114.036743,22.658583,66
粤B3FQ51,114.036743,22.658583,72
粤B3FQ51,114.036743,22.658583,78
粤B3FQ51,114.036743,22.658583,82
粤B3FQ51,114.036743,22.658583,84
粤B3FQ51,114.036743,22.658583,90
粤B3FQ51,114.036743,22.658583,96
粤B3FQ51,114.036743,22.658583,98
粤B3FQ51,114.036743,22.658583,102
粤B3FQ51,114.036743,22.658583,108
粤B3FQ51,114.036743,22.658583,113
粤B3FQ51,114.036743,22.658583,113
粤B3FQ51,114.036743,22.658583,120
粤B3FQ51,114.036743,22.658583,126
粤B3FQ51,114.036743,22.658583,129
粤B3FQ51,114.036743,22.658583,131
粤B3FQ51,114.036743,22.658583,137
粤B3FQ51,114.036743,22.658583,143
粤B3FQ51,114.036743,22.658583,145
粤B3FQ51,114.036743,22.658583,149
粤B3FQ51,114.036743,22.658583,155
粤B3FQ51,114.036743,22.658583,161
粤B3FQ51,114.036743,22.658583,161
粤B3FQ51,114.036743,22.658583,167
粤B3FQ51,114.036743,22.658583,173
粤B3FQ51,114.036743,22.658583,179
粤B3FQ51,114.036743,22.658583,192
粤B3FQ51,114.036743,22.658583,197
粤B3FQ51,114.036743,22.658583,203
粤B3FQ51,114.036743,22.658583,208
粤B3FQ51,114.036743,22.658583,209
粤B3FQ51,114.036743,22.658583,215
粤B3FQ51,114.036743,22.658583,221
粤B3FQ51,114.036743,22.658583,224
粤B3FQ51,114.036743,22.658583,227
粤B3FQ51,114.036743,22.658583,233
粤B3FQ51,114.036743,22.658583,239
粤B3FQ51,114.036743,22.658583,239
粤B3FQ51,114.036743,22.658583,245
粤B3FQ51,114.036743,22.658583,251
粤B3FQ51,114.036743,22.658583,255
粤B3FQ51,114.036743,22.658583,257
粤B3FQ51,114.036743,22.658583,263
粤B3FQ51,114.036743,22.658583,269
粤B3FQ51,114.036743,22.658583,271
粤B3FQ51,114.036743,22.658583,275
粤B3FQ51,114.036743,22.658583,281
粤B3FQ51,114.036743,22.658583,287
粤B3FQ51,114.036743,22.658583,287
粤B3FQ51,114.036743,22.658583,293
粤B3FQ51,114.036743,22.658583,299
粤B3FQ51,114.036743,22.658583,302
粤B3FQ51,114.036743,22.658583,305
粤B3FQ51,114.036743,22.658583,311
粤B3FQ51,114.036743,22.658583,317
粤B3FQ51,114.036743,22.658583,318
粤B3FQ51,114.036743,22.658583,322
粤B3FQ51,114.036743,22.658583,328
粤B3FQ51,114.036743,22.658583,334
粤B3FQ51,114.036743,22.658583,334
粤B3FQ51,114.036743,22.658583,340
粤B3FQ51,114.036743,22.658583,346
粤B3FQ51,114.036743,22.658583,350
粤B3FQ51,114.036743,22.658583,352
粤B3FQ51,114.036743,22.658583,358
粤B3FQ51,114.036743,22.658583,364
粤B3FQ51,114.036743,22.658583,365
粤B3FQ51,114.036743,22.658583,370
粤B3FQ51,114.036743,22.658583,376
粤B3FQ51,114.036743,22.658583,381
粤B3FQ51,114.036743,22.658583,382
粤B3FQ51,114.036743,22.658583,388
粤B3FQ51,114.036743,22.658583,394
粤B3FQ51,114.036743,22.658583,397
粤B3FQ51,114.036743,22.658583,400
粤B3FQ51,114.036743,22.658583,406
粤B3FQ51,114.036743,22.658583,412
粤B3FQ51,114.036743,22.658583,413
粤B3FQ51,114.036743,22.658583,417
粤B3FQ51,114.036743,22.658583,423
粤B3FQ51,114.036743,22.658583,428
粤B3FQ51,114.036743,22.658583,429
粤B3FQ51,114.036743,22.658583,435
粤B3FQ51,114.036743,22.658583,441
粤B3FQ51,114.036743,22.658583,444
粤B3FQ51,114.036743,22.658583,447
粤B3FQ51,114.036743,22.658583,453
粤B3FQ51,114.036743,22.658583,459
粤B3FQ51,114.036743,22.658583,460
粤B3FQ51,114.036743,22.658583,465
粤B3FQ51,114.036743,22.658583,471
粤B3FQ51,114.036743,22.658583,477
粤B3FQ51,114.036743,22.658583,483
粤B3FQ51,114.036743,22.658583,489
粤B3FQ51,114.036743,22.658583,491
粤B3FQ51,114.036743,22.658583,495
粤B3FQ51,114.036743,22.658583,501
粤B3FQ51,114.036743,22.658583,507
粤B3FQ51,114.036743,22.658583,507
粤B3FQ51,114.036743,22.658583,513
粤B3FQ51,114.036743,22.658583,519
粤B3FQ51,114.036743,22.658583,523
粤B3FQ51,114.036743,22.658583,525
粤B3FQ51,114.036743,22.658583,537
粤B3FQ51,114.036743,22.658583,538
粤B3FQ51,114.036743,22.658583,549
粤B3FQ51,114.036743,22.658583,554
粤B3FQ51,114.036743,22.658583,555
粤B3FQ51,114.036743,22.658583,561
粤B3FQ51,114.036743,22.658583,567
粤B3FQ51,114.036743,22.658583,570
粤B3FQ51,114.036743,22.658583,573
粤B3FQ51,114.036743,22.658583,579
粤B3FQ51,114.036743,22.658583,584
粤B3FQ51,114.036743,22.658583,585
粤B3FQ51,114.036743,22.658583,590
粤B3FQ51,114.036743,22.658583,596
粤B3FQ51,114.036743,22.658583,601
粤B3FQ51,114.036743,22.658583,608
粤B3FQ51,114.036743,22.658583,614
粤B3FQ51,114.036743,22.658583,617
粤B3FQ51,114.036743,22.658583,620
粤B3FQ51,114.036743,22.658583,625
粤B3FQ51,114.036743,22.658583,626
粤B3FQ51,114.036743,22.658583,632
粤B3FQ51,114.036743,22.658583,641
粤B3FQ51,114.036743,22.658583,642
粤B3FQ51,114.036743,22.658583,648
粤B3FQ51,114.036743,22.658583,654
粤B3FQ51,114.036743,22.658583,656
粤B3FQ51,114.036743,22.658583,660
粤B3FQ51,114.036743,22.658583,666
粤B3FQ51,114.036743,22.658583,672
粤B3FQ51,114.036743,22.658583,672
粤B3FQ51,114.036743,22.658583,678
粤B3FQ51,114.036743,22.658583,684
粤B3FQ51,114.036743,22.658583,688
粤B3FQ51,114.036743,22.658583,690
粤B3FQ51,114.036743,22.658583,696
粤B3FQ51,114.036743,22.658583,702
粤B3FQ51,114.036743,22.658583,704
粤B3FQ51,114.036743,22.658583,708
粤B3FQ51,114.036743,22.658583,714
粤B3FQ51,114.036743,22.658583,719
粤B3FQ51,114.036743,22.658583,720
粤B3FQ51,114.036743,22.658583,726
粤B3FQ51,114.036743,22.658583,732
粤B3FQ51,114.036743,22.658583,735
粤B3FQ51,114.036743,22.658583,738
粤B3FQ51,114.036743,22.658583,744
粤B3FQ51,114.036743,22.658583,750
粤B3FQ51,114.036743,22.658583,751
粤B3FQ51,114.036743,22.658583,756
粤B3FQ51,114.036743,22.658583,762
粤B3FQ51,114.036743,22.658583,766
粤B3FQ51,114.036743,22.658583,768
粤B3FQ51,114.036743,22.658583,774
粤B3FQ51,114.036743,22.658583,780
粤B3FQ51,114.036743,22.658583,782
粤B3FQ51,114.036743,22.658583,786
粤B3FQ51,114.036743,22.658583,792
粤B3FQ51,114.036743,22.658583,798
粤B3FQ51,114.036743,22.658583,798
粤B3FQ51,114.036743,22.658583,804
粤B3FQ51,114.036743,22.658583,810
粤B3FQ51,114.036743,22.658583,814
粤B3FQ51,114.036743,22.658583,816
粤B3FQ51,114.036743,22.658583,822
粤B3FQ51,114.036743,22.658583,828
粤B3FQ51,114.036743,22.658583,834
粤B3FQ51,114.036743,22.658583,845
粤B3FQ51,114.036743,22.658583,846
粤B3FQ51,114.036743,22.658583,852
粤B3FQ51,114.036743,22.658583,858
粤B3FQ51,114.036743,22.658583,861
粤B3FQ51,114.036743,22.658583,864
粤B3FQ51,114.036743,22.658583,870
粤B3FQ51,114.036743,22.658583,876
粤B3FQ51,114.036743,22.658583,877
粤B3FQ51,114.036743,22.658583,882
粤B3FQ51,114.036743,22.658583,888
粤B3FQ51,114.036743,22.658583,894
粤B3FQ51,114.036743,22.658583,900
粤B3FQ51,114.036743,22.658583,908
粤B3FQ51,114.036743,22.658583,912
粤B3FQ51,114.036743,22.658583,918
粤B3FQ51,114.036743,22.658583,924
粤B3FQ51,114.036743,22.658583,924
粤B3FQ51,114.036743,22.658583,930
粤B3FQ51,114.036743,22.658583,936
粤B3FQ51,114.036743,22.658583,940
粤B3FQ51,114.036743,22.658583,942
粤B3FQ51,114.036743,22.658583,948
粤B3FQ51,114.036743,22.658583,953
粤B3FQ51,114.036743,22.658583,955
粤B3FQ51,114.036743,22.658583,960
粤B3FQ51,114.036743,22.658583,966
粤B3FQ51,114.036743,22.658583,971
粤B3FQ51,114.036743,22.658583,972
粤B3FQ51,114.036743,22.658583,978
粤B3FQ51,114.036743,22.658583,984
粤B3FQ51,114.036743,22.658583,987
粤B3FQ51,114.036743,22.658583,989
粤B3FQ51,114.036743,22.658583,995
粤B3FQ51,114.036743,22.658583,1001
粤B3FQ51,114.036743,22.658583,1002
粤B3FQ51,114.036743,22.658583,1007
粤B3FQ51,114.036743,22.658583,1013
粤B3FQ51,114.036743,22.658583,1019
粤B3FQ51,114.036743,22.658583,1031
粤B3FQ51,114.036743,22.658583,1034
粤B3FQ51,114.036743,22.658583,1037
粤B3FQ51,114.036743,22.658583,1043
粤B3FQ51,114.036743,22.658583,1049
粤B3FQ51,114.036743,22.658583,1050
粤B3FQ51,114.036743,22.658583,1055
粤B3FQ51,114.036743,22.658583,1061
粤B3FQ51,114.036743,22.658583,1065
粤B3FQ51,114.036743,22.658583,1067
粤B3FQ51,114.036743,22.658583,1073
粤B3FQ51,114.036743,22.658583,1079
粤B3FQ51,114.036743,22.658583,1081
粤B3FQ51,114.036743,22.658583,1085
粤B3FQ51,114.036743,22.658583,1091
粤B3FQ51,114.036743,22.658583,1097
粤B3FQ51,114.036743,22.658583,1097
粤B3FQ51,114.036743,22.658583,1103
粤B3FQ51,114.036743,22.658583,1109
粤B3FQ51,114.036743,22.658583,1113
粤B3FQ51,114.036743,22.658583,1115
粤B3FQ51,114.036743,22.658583,1121
粤B3FQ51,114.036743,22.658583,1127
粤B3FQ51,114.036743,22.658583,1133
粤B3FQ51,114.036743,22.658583,1144
粤B3FQ51,114.036743,22.658583,1145
粤B3FQ51,114.036743,22.658583,1151
粤B3FQ51,114.036743,22.658583,1157
粤B3FQ51,114.036743,22.658583,1160
粤B3FQ51,114.036743,22.658583,1163
粤B3FQ51,114.036743,22.658583,1169
粤B3FQ51,114.036743,22.658583,1175
粤B3FQ51,114.036743,22.658583,1176
粤B3FQ51,114.036743,22.658583,1181
粤B3FQ51,114.036743,22.658583,1187
粤B3FQ51,114.036743,22.658583,1191
粤B3FQ51,114.036743,22.658583,1193
粤B3FQ51,114.036743,22.658583,1198
粤B3FQ51,114.036743,22.658583,1204
粤B3FQ51,114.036743,22.658583,1207
粤B3FQ51,114.036743,22.658583,1210
粤B3FQ51,114.036743,22.658583,1216
粤B3FQ51,114.036743,22.658583,1222
粤B3FQ51,114.036743,22.658583,1223
粤B3FQ51,114.036743,22.658583,1228
粤B3FQ51,114.036743,22.658583,1234
粤B3FQ51,114.036743,22.658583,1239
粤B3FQ51,114.036743,22.658583,1240
粤B3FQ51,114.036743,22.658583,1246
粤B3FQ51,114.036743,22.658583,1252
粤B3FQ51,114.036743,22.658583,1254
粤B3FQ51,114.036743,22.658583,1258
粤B3FQ51,114.036743,22.658583,1264
粤B3FQ51,114.036743,22.658583,1270
粤B3FQ51,114.036743,22.658583,1270
粤B3FQ51,114.036743,22.658583,1276
粤B3FQ51,114.036743,22.658583,1282
粤B3FQ51,114.036743,22.658583,1286
粤B3FQ51,114.036743,22.658583,1288
粤B3FQ51,114.036743,22.658583,1294
粤B3FQ51,114.036743,22.658583,1300
粤B3FQ51,114.036743,22.658583,1301
粤B3FQ51,114.036743,22.658583,1306
粤B3FQ51,114.036743,22.658583,1312
粤B3FQ51,114.036743,22.658583,1317
粤B3FQ51,114.036743,22.658583,1318
粤B3FQ51,114.036743,22.658583,1323
粤B3FQ51,114.036743,22.658583,1329
粤B3FQ51,114.036743,22.658583,1333
粤B3FQ51,114.036743,22.658583,1335
粤B3FQ51,114.036743,22.658583,1341
粤B3FQ51,114.036743,22.658583,1347
粤B3FQ51,114.036743,22.658583,1349
粤B3FQ51,114.036743,22.658583,1353
粤B3FQ51,114.036743,22.658583,1359
粤B3FQ51,114.036743,22.658583,1365
粤B3FQ51,114.036743,22.658583,1371
粤B3FQ51,114.036743,22.658583,1377
粤B3FQ51,114.036743,22.658583,1380
粤B3FQ51,114.036743,22.658583,1383
粤B3FQ51,114.036743,22.658583,1389
粤B3FQ51,114.036743,22.658583,1395
粤B3FQ51,114.036743,22.658583,1396
粤B3FQ51,114.036743,22.658583,1401
粤B3FQ51,114.036743,22.658583,1407
粤B3FQ51,114.036743,22.658583,1412
粤B3FQ51,114.036743,22.658583,1413
粤B3FQ51,114.036743,22.658583,1419
粤B3FQ51,114.036743,22.658583,1425
粤B3FQ51,114.036743,22.658583,1431
粤B3FQ51,114.036743,22.658583,1437
