粤B735YU,114.052696,22.633301,8
粤B735YU,114.052696,22.633301,9
粤B735YU,114.052696,22.633301,10
粤B735YU,114.052696,22.633301,10
粤B735YU,114.052696,22.633301,11
粤B735YU,114.052696,22.633301,12
粤B735YU,114.052902,22.6332,13
粤B735YU,114.052803,22.633301,14
粤B735YU,114.052696,22.6334,15
粤B735YU,114.052597,22.633499,15
粤B735YU,114.052597,22.633499,16
粤B735YU,114.052597,22.633499,17
粤B735YU,114.052597,22.633499,18
粤B735YU,114.052597,22.633499,19
粤B735YU,114.052696,22.6334,20
粤B735YU,114.052597,22.633499,20
粤B735YU,114.052696,22.6334,21
粤B735YU,114.052696,22.6334,22
粤B735YU,114.052696,22.6334,23
粤B735YU,114.052696,22.6334,24
粤B735YU,114.052696,22.6334,25
粤B735YU,114.052696,22.6334,25
粤B735YU,114.052803,22.633301,26
粤B735YU,114.052803,22.633301,27
粤B735YU,114.052803,22.633301,28
粤B735YU,114.052803,22.633301,29
粤B735YU,114.052597,22.6334,30
粤B735YU,114.052597,22.6334,30
粤B735YU,114.052597,22.6334,31
粤B735YU,114.052597,22.6334,32
粤B735YU,114.052597,22.6334,33
粤B735YU,114.052696,22.633301,34
粤B735YU,114.052696,22.633301,35
粤B735YU,114.052696,22.633301,35
粤B735YU,114.052696,22.633301,36
粤B735YU,114.052696,22.633301,37
粤B735YU,114.052696,22.633301,38
粤B735YU,114.052696,22.633301,39
粤B735YU,114.052696,22.633301,40
粤B735YU,114.052696,22.633301,40
粤B735YU,114.052696,22.633301,41
粤B735YU,114.052696,22.633301,42
粤B735YU,114.052696,22.633301,43
粤B735YU,114.052597,22.6332,44
粤B735YU,114.052696,22.633301,45
粤B735YU,114.052498,22.633101,45
粤B735YU,114.052597,22.6336,46
粤B735YU,114.052696,22.6334,47
粤B735YU,114.052696,22.6334,48
粤B735YU,114.052696,22.6334,49
粤B735YU,114.052696,22.6334,50
粤B735YU,114.052696,22.6334,50
粤B735YU,114.051697,22.6334,51
粤B735YU,114.0494,22.6336,52
粤B735YU,114.051399,22.636999,53
粤B735YU,114.050102,22.637899,54
粤B735YU,114.042,22.6397,55
粤B735YU,114.045998,22.6385,55
粤B735YU,114.039902,22.638399,57
粤B735YU,114.038498,22.637699,58
粤B735YU,114.033897,22.638399,59
粤B735YU,114.032997,22.638399,60
粤B735YU,114.032402,22.6387,60
粤B735YU,114.032097,22.6387,61
粤B735YU,114.032097,22.6387,62
粤B735YU,114.032097,22.6387,63
粤B735YU,114.0317,22.6387,64
粤B735YU,114.0317,22.6387,65
粤B735YU,114.0317,22.6387,65
粤B735YU,114.0317,22.6387,66
粤B735YU,114.0317,22.6387,67
粤B735YU,114.031998,22.6387,68
粤B735YU,114.031998,22.6387,69
粤B735YU,114.031998,22.6387,70
粤B735YU,114.031998,22.6387,70
粤B735YU,114.032097,22.6388,71
粤B735YU,114.032097,22.6388,72
粤B735YU,114.032097,22.6388,73
粤B735YU,114.032097,22.6388,74
粤B735YU,114.032097,22.6388,75
粤B735YU,114.032097,22.6388,75
粤B735YU,114.032097,22.6388,76
粤B735YU,114.032097,22.6388,77
粤B735YU,114.031898,22.6388,78
粤B735YU,114.031898,22.6388,79
粤B735YU,114.031898,22.6388,80
粤B735YU,114.031898,22.6388,80
粤B735YU,114.031898,22.6388,81
粤B735YU,114.031898,22.6388,82
粤B735YU,114.031898,22.6388,83
粤B735YU,114.031898,22.6388,84
粤B735YU,114.031898,22.6388,85
粤B735YU,114.031898,22.6388,85
粤B735YU,114.031898,22.6388,86
粤B735YU,114.031898,22.6388,87
粤B735YU,114.031898,22.6388,88
粤B735YU,114.032097,22.6388,89
粤B735YU,114.032097,22.6388,90
粤B735YU,114.032097,22.6388,90
粤B735YU,114.032097,22.6388,91
粤B735YU,114.032097,22.6388,92
粤B735YU,114.032097,22.6388,93
粤B735YU,114.032097,22.6388,94
粤B735YU,114.032097,22.6388,95
粤B735YU,114.032097,22.6388,95
粤B735YU,114.032097,22.6388,96
粤B735YU,114.032097,22.6388,97
粤B735YU,114.032097,22.638901,98
粤B735YU,114.032097,22.638901,99
粤B735YU,114.032097,22.638901,100
粤B735YU,114.032097,22.6388,100
粤B735YU,114.032097,22.6388,101
粤B735YU,114.032097,22.6388,102
粤B735YU,114.032097,22.6388,104
粤B735YU,114.032097,22.6388,105
粤B735YU,114.032097,22.6388,105
粤B735YU,114.032097,22.6388,106
粤B735YU,114.032097,22.6388,107
粤B735YU,114.032097,22.6388,108
粤B735YU,114.032097,22.6388,109
粤B735YU,114.031898,22.6387,110
粤B735YU,114.031898,22.6387,110
粤B735YU,114.031898,22.6387,111
粤B735YU,114.031898,22.6387,112
粤B735YU,114.031898,22.6387,113
粤B735YU,114.031898,22.6387,114
粤B735YU,114.031898,22.6387,115
粤B735YU,114.031898,22.6387,115
粤B735YU,114.031898,22.6387,116
粤B735YU,114.031898,22.6387,117
粤B735YU,114.031898,22.6387,117
粤B735YU,114.033096,22.641399,118
粤B735YU,114.035896,22.646999,119
粤B735YU,114.035896,22.646999,120
粤B735YU,114.038498,22.652,121
粤B735YU,114.038498,22.652,122
粤B735YU,114.039597,22.6544,123
粤B735YU,114.040398,22.656,124
粤B735YU,114.0383,22.6621,125
粤B735YU,114.038597,22.6574,125
粤B735YU,114.037903,22.6688,126
粤B735YU,114.037003,22.6707,127
粤B735YU,114.033997,22.6717,128
粤B735YU,114.031998,22.668301,129
粤B735YU,114.028503,22.667101,130
粤B735YU,114.0299,22.665501,130
粤B735YU,114.028503,22.667101,131
粤B735YU,114.028503,22.667101,132
粤B735YU,114.028503,22.667101,133
粤B735YU,114.028503,22.667101,134
粤B735YU,114.028503,22.667101,135
粤B735YU,114.028503,22.667101,135
粤B735YU,114.028503,22.666901,136
粤B735YU,114.030098,22.664499,137
粤B735YU,114.030098,22.664499,138
粤B735YU,114.030098,22.664499,139
粤B735YU,114.030098,22.664499,140
粤B735YU,114.030098,22.664499,140
粤B735YU,114.030098,22.664499,141
粤B735YU,114.030098,22.664499,142
粤B735YU,114.030098,22.664499,143
粤B735YU,114.030098,22.664499,144
粤B735YU,114.030098,22.664499,145
粤B735YU,114.030098,22.664499,145
粤B735YU,114.030296,22.664499,146
粤B735YU,114.030296,22.664499,147
粤B735YU,114.030296,22.664499,148
粤B735YU,114.030296,22.664499,149
粤B735YU,114.030098,22.664499,150
粤B735YU,114.030098,22.664499,150
粤B735YU,114.030296,22.664499,151
粤B735YU,114.030296,22.664499,152
粤B735YU,114.030296,22.664499,153
粤B735YU,114.030296,22.664499,154
粤B735YU,114.030296,22.664499,155
粤B735YU,114.030296,22.664499,155
粤B735YU,114.030296,22.664499,156
粤B735YU,114.030296,22.664499,157
粤B735YU,114.030296,22.664499,158
粤B735YU,114.030296,22.664499,159
粤B735YU,114.030296,22.664499,160
粤B735YU,114.030296,22.664499,160
粤B735YU,114.030296,22.664499,161
粤B735YU,114.030296,22.664499,162
粤B735YU,114.030197,22.664499,163
粤B735YU,114.030197,22.664499,164
粤B735YU,114.030197,22.664499,165
粤B735YU,114.030197,22.664499,165
粤B735YU,114.030197,22.664499,166
粤B735YU,114.030197,22.664499,167
粤B735YU,114.030197,22.664499,168
粤B735YU,114.030197,22.664499,169
粤B735YU,114.030197,22.6644,170
粤B735YU,114.030197,22.6644,170
粤B735YU,114.030197,22.6644,171
粤B735YU,114.030197,22.6644,172
粤B735YU,114.030197,22.6644,174
粤B735YU,114.030197,22.6644,179
粤B735YU,114.031898,22.638201,192
粤B735YU,114.032799,22.638599,193
粤B735YU,114.032303,22.6387,194
粤B735YU,114.032303,22.6387,195
粤B735YU,114.033401,22.6427,195
粤B735YU,114.035103,22.645901,196
粤B735YU,114.0326,22.648399,197
粤B735YU,114.032303,22.6485,198
粤B735YU,114.030502,22.6499,199
粤B735YU,114.031502,22.651199,200
粤B735YU,114.031303,22.650999,200
粤B735YU,114.030899,22.6506,201
粤B735YU,114.030403,22.6495,202
粤B735YU,114.027298,22.6521,203
粤B735YU,114.025101,22.6551,204
粤B735YU,114.024498,22.6549,205
粤B735YU,114.024498,22.6549,205
粤B735YU,114.0243,22.6549,206
粤B735YU,114.0243,22.6549,207
粤B735YU,114.0243,22.6549,208
粤B735YU,114.024399,22.655001,209
粤B735YU,114.024803,22.6549,210
粤B735YU,114.024498,22.655001,210
粤B735YU,114.024803,22.6549,211
粤B735YU,114.024803,22.6549,212
粤B735YU,114.024803,22.6549,213
粤B735YU,114.024803,22.6549,214
粤B735YU,114.024803,22.6549,215
粤B735YU,114.025002,22.6551,215
粤B735YU,114.025002,22.6551,216
粤B735YU,114.025002,22.6551,217
粤B735YU,114.025002,22.6551,218
粤B735YU,114.025002,22.6551,219
粤B735YU,114.025002,22.6551,220
粤B735YU,114.025002,22.6551,220
粤B735YU,114.025002,22.6551,221
粤B735YU,114.025002,22.6551,222
粤B735YU,114.025002,22.6551,223
粤B735YU,114.025002,22.6551,224
粤B735YU,114.025002,22.6551,225
粤B735YU,114.025002,22.6551,225
粤B735YU,114.025002,22.655199,226
粤B735YU,114.025002,22.655199,227
粤B735YU,114.025002,22.655199,228
粤B735YU,114.025002,22.655199,229
粤B735YU,114.025002,22.6551,230
粤B735YU,114.025002,22.6551,230
粤B735YU,114.025002,22.6551,231
粤B735YU,114.025002,22.6551,237
粤B735YU,114.025101,22.655199,444
粤B735YU,114.025101,22.655199,445
粤B735YU,114.025101,22.655199,446
粤B735YU,114.019501,22.6618,449
粤B735YU,114.016998,22.6654,450
粤B735YU,114.016701,22.6658,451
粤B735YU,114.016701,22.6658,459
粤B735YU,114.009499,22.676901,460
粤B735YU,114.009499,22.676901,461
粤B735YU,114.009499,22.676901,462
粤B735YU,114.009499,22.676901,462
粤B735YU,114.009499,22.676901,463
粤B735YU,114.009499,22.676901,464
粤B735YU,114.009499,22.676901,465
粤B735YU,114.009499,22.676901,466
粤B735YU,114.009499,22.676901,467
粤B735YU,114.009499,22.676901,475
粤B735YU,114.009499,22.676901,476
粤B735YU,114.009499,22.676901,479
粤B735YU,114.009499,22.676901,480
粤B735YU,114.009399,22.677,481
粤B735YU,114.009399,22.677,489
粤B735YU,114.007797,22.676399,490
粤B735YU,114.009399,22.6745,491
粤B735YU,114.011398,22.673401,492
粤B735YU,114.014198,22.6698,494
粤B735YU,114.0158,22.6672,495
粤B735YU,114.016098,22.6668,496
粤B735YU,114.022202,22.6586,499
粤B735YU,114.024399,22.659401,500
粤B735YU,114.025497,22.66,501
粤B735YU,114.035202,22.655001,505
粤B735YU,114.0327,22.6497,506
粤B735YU,114.032402,22.6492,507
粤B735YU,114.038902,22.647499,510
粤B735YU,114.030899,22.6492,564
粤B735YU,114.030899,22.648001,565
粤B735YU,114.028397,22.6457,566
粤B735YU,114.026604,22.6425,567
粤B735YU,114.028397,22.6457,567
粤B735YU,114.025902,22.6406,568
粤B735YU,114.024597,22.6374,569
粤B735YU,114.024803,22.6343,570
粤B735YU,114.025002,22.633499,571
粤B735YU,114.025497,22.631599,572
粤B735YU,114.025299,22.632299,572
粤B735YU,114.025497,22.631701,573
粤B735YU,114.0261,22.629499,574
粤B735YU,114.027397,22.6248,575
粤B735YU,114.027603,22.623699,576
粤B735YU,114.027603,22.623699,577
粤B735YU,114.028503,22.621099,577
粤B735YU,114.031799,22.615601,578
粤B735YU,114.032303,22.615101,579
粤B735YU,114.032303,22.615101,580
粤B735YU,114.032303,22.615101,581
粤B735YU,114.033401,22.6154,582
粤B735YU,114.033501,22.6154,582
粤B735YU,114.031303,22.6141,583
粤B735YU,114.029602,22.6127,584
粤B735YU,114.029602,22.6127,585
粤B735YU,114.027199,22.6131,586
粤B735YU,114.028297,22.6127,587
粤B735YU,114.028297,22.6127,587
粤B735YU,114.028297,22.6127,588
粤B735YU,114.028297,22.6127,589
粤B735YU,114.024002,22.6091,590
粤B735YU,114.023598,22.6087,591
粤B735YU,114.032501,22.6145,592
粤B735YU,114.0289,22.6119,592
粤B735YU,114.035301,22.6113,593
粤B735YU,114.035301,22.6113,594
粤B735YU,114.036697,22.612301,595
粤B735YU,114.038902,22.6134,596
粤B735YU,114.039902,22.6115,597
粤B735YU,114.040199,22.6112,597
粤B735YU,114.038399,22.614901,598
粤B735YU,114.035599,22.616501,599
粤B735YU,114.035004,22.6159,600
粤B735YU,114.0243,22.603901,603
粤B735YU,114.026001,22.598301,604
粤B735YU,114.020599,22.593201,605
粤B735YU,114.0131,22.5905,606
粤B735YU,113.994102,22.588499,607
粤B735YU,114.002602,22.591,607
粤B735YU,113.986099,22.5865,608
粤B735YU,113.975403,22.5863,609
粤B735YU,113.966599,22.5802,610
粤B735YU,113.966599,22.569099,611
粤B735YU,113.958504,22.563499,612
粤B735YU,113.945702,22.5655,612
粤B735YU,113.933502,22.5665,613
粤B735YU,113.9263,22.575199,614
粤B735YU,113.925003,22.5865,615
粤B735YU,113.925903,22.5942,616
粤B735YU,113.9272,22.601801,617
粤B735YU,113.927299,22.602301,617
粤B735YU,113.926804,22.610201,618
粤B735YU,113.919197,22.620501,619
粤B735YU,113.911201,22.630199,620
粤B735YU,113.906898,22.6415,621
粤B735YU,113.897202,22.6583,622
粤B735YU,113.903397,22.6516,622
粤B735YU,113.840202,22.739201,645
粤B735YU,113.838699,22.7341,646
粤B735YU,113.837502,22.7307,647
粤B735YU,113.836998,22.7297,647
粤B735YU,113.8358,22.7286,648
粤B735YU,113.8368,22.727699,649
粤B735YU,113.837502,22.729,650
粤B735YU,113.837898,22.7293,651
粤B735YU,113.838501,22.729401,652
粤B735YU,113.838501,22.729401,652
粤B735YU,113.8386,22.7295,653
粤B735YU,113.838097,22.7309,654
粤B735YU,113.839401,22.7341,655
粤B735YU,113.843002,22.7355,656
粤B735YU,113.847397,22.734301,657
粤B735YU,113.848396,22.734501,657
粤B735YU,113.849503,22.7342,658
粤B735YU,113.849602,22.733801,659
粤B735YU,113.850899,22.732599,660
粤B735YU,113.852699,22.731501,662
粤B735YU,113.856499,22.730101,665
粤B735YU,113.857697,22.729601,666
粤B735YU,113.859596,22.728901,667
粤B735YU,113.858597,22.7292,667
粤B735YU,113.865501,22.7278,668
粤B735YU,113.872398,22.7239,669
粤B735YU,113.8787,22.7222,670
粤B735YU,113.884598,22.7223,671
粤B735YU,113.884102,22.7167,672
粤B735YU,113.885498,22.716101,673
粤B735YU,113.884399,22.716499,673
粤B735YU,113.886002,22.7159,674
粤B735YU,113.887398,22.716999,675
粤B735YU,113.891701,22.719801,676
粤B735YU,113.894897,22.7202,677
粤B735YU,113.901703,22.7183,678
粤B735YU,113.898903,22.719101,678
粤B735YU,113.902199,22.7134,679
粤B735YU,113.904503,22.710899,680
粤B735YU,113.908203,22.708099,681
粤B735YU,113.913597,22.704201,682
粤B735YU,113.916298,22.692301,683
粤B735YU,113.915298,22.695,683
粤B735YU,113.921303,22.687599,684
粤B735YU,113.921799,22.687401,685
粤B735YU,113.921799,22.687401,686
粤B735YU,113.924599,22.686001,687
粤B735YU,113.924599,22.686001,688
粤B735YU,113.924599,22.686001,688
粤B735YU,113.924599,22.686001,689
粤B735YU,113.924599,22.686001,690
粤B735YU,113.924599,22.686001,691
粤B735YU,113.924599,22.686001,692
粤B735YU,113.924599,22.686001,693
粤B735YU,113.924599,22.686001,693
粤B735YU,113.924599,22.686001,694
粤B735YU,113.924698,22.686199,695
粤B735YU,113.924698,22.686199,696
粤B735YU,113.924698,22.686199,697
粤B735YU,113.924698,22.686199,698
粤B735YU,113.9254,22.6859,698
粤B735YU,113.928902,22.6842,699
粤B735YU,113.929001,22.6842,700
粤B735YU,113.931396,22.683201,701
粤B735YU,113.9328,22.683001,702
粤B735YU,113.938202,22.6831,703
粤B735YU,113.933502,22.683001,703
粤B735YU,113.941803,22.683701,704
粤B735YU,113.943199,22.683599,705
粤B735YU,113.944603,22.683701,706
粤B735YU,113.946404,22.6847,707
粤B735YU,113.947502,22.6859,708
粤B735YU,113.947502,22.6859,708
粤B735YU,113.9496,22.6884,709
粤B735YU,113.9543,22.6875,710
粤B735YU,113.959099,22.686899,711
粤B735YU,113.959198,22.688299,712
粤B735YU,113.958,22.6957,713
粤B735YU,113.958199,22.693399,713
粤B735YU,113.958,22.6957,714
粤B735YU,113.958,22.695999,715
粤B735YU,113.958099,22.6968,716
粤B735YU,113.958199,22.6973,717
粤B735YU,113.958397,22.697599,718
粤B735YU,113.958397,22.6975,718
粤B735YU,113.958603,22.698,719
粤B735YU,113.959396,22.6991,720
粤B735YU,114.032501,22.649099,819
粤B735YU,114.035698,22.654301,820
粤B735YU,114.0382,22.660801,821
粤B735YU,114.037102,22.6576,821
粤B735YU,114.037399,22.6674,822
粤B735YU,114.0392,22.6724,823
粤B735YU,114.039803,22.673901,824
粤B735YU,114.039803,22.673901,825
粤B735YU,114.042,22.677099,826
粤B735YU,114.043503,22.679001,826
粤B735YU,114.043503,22.679001,827
粤B735YU,114.044197,22.682301,828
粤B735YU,114.044403,22.687401,829
粤B735YU,114.044701,22.693001,830
粤B735YU,114.044403,22.701401,831
粤B735YU,114.044601,22.697001,831
粤B735YU,114.043503,22.7048,832
粤B735YU,114.042198,22.711,833
粤B735YU,114.045998,22.7108,834
粤B735YU,114.047897,22.7078,835
粤B735YU,114.048599,22.7061,836
粤B735YU,114.048599,22.7061,836
粤B735YU,114.0364,22.701799,849
粤B735YU,114.0354,22.6978,850
粤B735YU,114.035599,22.695,851
粤B735YU,114.035599,22.695,852
粤B735YU,114.035698,22.692301,853
粤B735YU,114.032799,22.681,855
粤B735YU,114.0327,22.681,856
粤B735YU,114.032402,22.680201,856
粤B735YU,114.032303,22.68,859
粤B735YU,114.031998,22.679199,860
粤B735YU,114.027702,22.674601,861
粤B735YU,114.026299,22.673599,862
粤B735YU,114.026199,22.672899,863
粤B735YU,114.025902,22.672701,864
粤B735YU,114.026299,22.672501,865
粤B735YU,114.026299,22.672501,866
粤B735YU,114.026703,22.6728,866
粤B735YU,114.026901,22.6731,867
粤B735YU,114.027901,22.6738,869
粤B735YU,114.029701,22.6751,870
粤B735YU,114.030701,22.6758,871
粤B735YU,114.030502,22.675699,871
粤B735YU,114.031197,22.676701,872
粤B735YU,114.0345,22.6768,873
粤B735YU,114.040298,22.6745,874
粤B735YU,114.043602,22.674801,875
粤B735YU,114.046898,22.6724,876
粤B735YU,114.047798,22.6712,876
粤B735YU,114.050102,22.6695,877
粤B735YU,114.053001,22.6682,878
粤B735YU,114.053398,22.665899,879
粤B735YU,114.052902,22.664801,880
粤B735YU,114.0522,22.662399,881
粤B735YU,114.052498,22.663799,881
粤B735YU,114.053703,22.6611,882
粤B735YU,114.055801,22.6588,883
粤B735YU,114.056099,22.656401,884
粤B735YU,114.056198,22.6544,885
粤B735YU,114.056396,22.653999,886
粤B735YU,114.058701,22.6539,886
粤B735YU,114.058701,22.6539,887
粤B735YU,114.059898,22.653601,888
粤B735YU,114.061798,22.652201,889
粤B735YU,114.061203,22.6471,890
粤B735YU,114.061096,22.643499,891
粤B735YU,114.061096,22.6446,891
粤B735YU,114.062302,22.6392,892
粤B735YU,114.058403,22.6378,893
粤B735YU,114.056099,22.6364,894
粤B735YU,114.056099,22.6364,895
粤B735YU,114.056099,22.6364,896
粤B735YU,114.053802,22.636299,896
粤B735YU,114.049301,22.637899,897
粤B735YU,114.045898,22.6397,898
粤B735YU,114.045197,22.643999,899
粤B735YU,114.034302,22.6257,911
粤B735YU,114.035103,22.623199,912
粤B735YU,114.0364,22.6189,913
粤B735YU,114.034698,22.6161,914
粤B735YU,114.034103,22.6157,915
粤B735YU,114.034203,22.615499,916
粤B735YU,113.983101,22.8528,1049
粤B735YU,113.991501,22.844999,1050
粤B735YU,113.999901,22.8379,1051
粤B735YU,114.007004,22.8298,1052
粤B735YU,114.012802,22.821501,1052
粤B735YU,114.021301,22.816,1053
粤B735YU,114.032204,22.810499,1054
粤B735YU,114.037102,22.800301,1055
粤B735YU,114.037201,22.788799,1056
粤B735YU,114.032799,22.769501,1057
粤B735YU,114.037201,22.7784,1057
粤B735YU,114.028503,22.7612,1058
粤B735YU,114.025299,22.748699,1059
粤B735YU,114.025803,22.738899,1060
粤B735YU,114.027802,22.736099,1061
粤B735YU,114.028099,22.735701,1062
粤B735YU,114.027901,22.736,1062
粤B735YU,114.028297,22.7355,1063
粤B735YU,114.028297,22.735399,1064
粤B735YU,114.033897,22.7311,1065
粤B735YU,114.036697,22.7265,1066
粤B735YU,114.0401,22.7309,1067
粤B735YU,114.0401,22.733299,1067
粤B735YU,114.0401,22.733299,1068
粤B735YU,114.040199,22.732401,1069
粤B735YU,114.038696,22.7313,1070
粤B735YU,114.0383,22.7309,1071
粤B735YU,114.0354,22.7286,1072
粤B735YU,114.0383,22.7309,1072
粤B735YU,114.034401,22.7279,1073
粤B735YU,114.034401,22.7279,1074
粤B735YU,114.033997,22.727699,1075
粤B735YU,114.034302,22.7251,1076
粤B735YU,114.035202,22.7215,1077
粤B735YU,114.034401,22.724001,1077
粤B735YU,114.036102,22.7173,1078
粤B735YU,114.0364,22.7127,1079
粤B735YU,114.0383,22.7094,1080
粤B735YU,114.037697,22.7073,1081
粤B735YU,114.037697,22.7073,1082
粤B735YU,114.037598,22.706699,1082
粤B735YU,114.037598,22.706301,1083
粤B735YU,114.037598,22.706301,1084
粤B735YU,114.0373,22.7054,1085
粤B735YU,114.036003,22.7005,1086
粤B735YU,114.0354,22.696501,1087
粤B735YU,114.0355,22.695499,1087
粤B735YU,114.0355,22.6954,1088
粤B735YU,114.035797,22.6929,1089
粤B735YU,114.0345,22.687099,1090
粤B735YU,114.0336,22.6833,1091
粤B735YU,114.033501,22.6828,1092
粤B735YU,114.033501,22.6828,1092
粤B735YU,114.033501,22.682699,1093
粤B735YU,114.033501,22.682699,1094
粤B735YU,114.033501,22.682699,1095
粤B735YU,114.033501,22.682699,1096
粤B735YU,114.033501,22.682501,1097
粤B735YU,114.033501,22.682699,1097
粤B735YU,114.033302,22.6817,1098
粤B735YU,114.033096,22.681299,1099
粤B735YU,114.032997,22.681101,1100
粤B735YU,114.032898,22.681,1101
粤B735YU,114.032303,22.68,1102
粤B735YU,114.032402,22.680201,1102
粤B735YU,114.032303,22.68,1103
粤B735YU,114.032204,22.6798,1104
粤B735YU,114.031799,22.679001,1105
粤B735YU,114.031197,22.6768,1106
粤B735YU,114.027397,22.6735,1107
粤B735YU,114.025299,22.6721,1107
粤B735YU,114.024803,22.672199,1108
粤B735YU,114.024803,22.672199,1109
粤B735YU,114.024803,22.672199,1110
粤B735YU,114.0242,22.672501,1111
粤B735YU,114.014198,22.6698,1116
粤B735YU,114.0112,22.6735,1117
粤B735YU,114.012604,22.6719,1117
粤B735YU,114.0112,22.6735,1118
粤B735YU,114.011002,22.6738,1119
粤B735YU,114.010201,22.674101,1120
粤B735YU,114.010201,22.674,1121
粤B735YU,114.010101,22.674101,1122
粤B735YU,114.010101,22.674101,1122
粤B735YU,114.010101,22.6742,1123
粤B735YU,114.010101,22.6742,1124
粤B735YU,114.0112,22.6735,1124
粤B735YU,114.009804,22.674299,1125
粤B735YU,114.009697,22.6744,1126
粤B735YU,114.009399,22.6745,1127
粤B735YU,114.009201,22.6747,1127
粤B735YU,114.009003,22.6749,1128
粤B735YU,114.009003,22.6749,1129
粤B735YU,114.009003,22.6749,1130
粤B735YU,114.009003,22.6749,1131
粤B735YU,114.008301,22.675699,1132
粤B735YU,114.0084,22.675501,1132
粤B735YU,114.008301,22.675699,1133
粤B735YU,114.008301,22.675699,1134
粤B735YU,114.008301,22.675699,1135
粤B735YU,114.008301,22.675699,1136
粤B735YU,114.008202,22.6759,1137
粤B735YU,114.009102,22.6768,1143
粤B735YU,114.008797,22.676701,1145
粤B735YU,114.008797,22.676701,1146
粤B735YU,114.008797,22.676701,1147
粤B735YU,114.008797,22.676701,1147
粤B735YU,114.008797,22.676701,1148
粤B735YU,114.008797,22.676701,1149
粤B735YU,114.008797,22.676701,1150
粤B735YU,114.008797,22.676701,1151
粤B735YU,114.008797,22.676701,1152
粤B735YU,114.008797,22.676701,1152
粤B735YU,114.008797,22.676701,1153
粤B735YU,114.008797,22.676701,1154
粤B735YU,114.008797,22.676701,1155
粤B735YU,114.008797,22.676701,1156
粤B735YU,114.008797,22.676701,1157
粤B735YU,114.008797,22.676701,1157
粤B735YU,114.008797,22.676701,1158
粤B735YU,114.008797,22.676701,1159
粤B735YU,114.008797,22.676701,1160
粤B735YU,114.008797,22.676701,1161
粤B735YU,114.008797,22.676701,1162
粤B735YU,114.008797,22.676701,1162
粤B735YU,114.008202,22.6766,1163
粤B735YU,114.008301,22.675699,1164
粤B735YU,114.011803,22.673201,1165
粤B735YU,114.013199,22.671499,1166
粤B735YU,114.014198,22.67,1167
粤B735YU,114.013802,22.670601,1167
粤B735YU,114.015602,22.6677,1168
粤B735YU,114.015602,22.666,1169
粤B735YU,114.014702,22.665701,1171
粤B735YU,114.014603,22.665701,1172
粤B735YU,114.013702,22.6654,1172
粤B735YU,114.013702,22.6654,1173
粤B735YU,114.013496,22.6653,1174
粤B735YU,114.013298,22.6651,1175
粤B735YU,114.012703,22.6646,1176
粤B735YU,114.012703,22.6646,1177
粤B735YU,114.012703,22.6646,1177
粤B735YU,114.011902,22.664,1178
粤B735YU,114.011803,22.6639,1179
粤B735YU,114.012703,22.6646,1180
粤B735YU,114.0158,22.665899,1181
粤B735YU,114.018097,22.6637,1182
粤B735YU,114.020401,22.660601,1183
粤B735YU,114.018799,22.662701,1183
粤B735YU,114.0177,22.6546,1187
粤B735YU,114.018097,22.6637,1187
粤B735YU,114.016403,22.6541,1188
粤B735YU,114.016098,22.6544,1188
粤B735YU,114.016403,22.653999,1189
粤B735YU,114.017799,22.654301,1190
粤B735YU,114.019997,22.653601,1191
粤B735YU,114.020798,22.6527,1192
粤B735YU,114.020798,22.6527,1193
粤B735YU,114.0233,22.6485,1193
粤B735YU,114.023499,22.6457,1194
粤B735YU,114.022102,22.6413,1195
粤B735YU,114.0214,22.639099,1196
粤B735YU,114.021202,22.638201,1197
粤B735YU,114.021004,22.6371,1198
粤B735YU,114.021103,22.6381,1198
粤B735YU,114.0224,22.6367,1199
粤B735YU,114.023399,22.6364,1200
粤B735YU,114.024002,22.6362,1202
粤B735YU,114.027199,22.635401,1203
粤B735YU,114.031303,22.6343,1203
粤B735YU,114.0327,22.634399,1204
粤B735YU,114.033401,22.634899,1205
粤B735YU,114.033302,22.6355,1206
粤B735YU,114.033401,22.636101,1207
粤B735YU,114.033401,22.6374,1208
粤B735YU,114.033997,22.6376,1208
粤B735YU,114.033997,22.638399,1209
粤B735YU,114.033203,22.638399,1210
粤B735YU,114.033203,22.638399,1211
粤B735YU,114.033203,22.638399,1212
粤B735YU,114.033203,22.638399,1213
粤B735YU,114.033203,22.638399,1213
粤B735YU,114.032204,22.6395,1215
粤B735YU,114.033302,22.642401,1216
粤B735YU,114.033501,22.642599,1217
粤B735YU,114.0354,22.6464,1218
粤B735YU,114.034401,22.6478,1218
粤B735YU,114.0326,22.6485,1219
粤B735YU,114.029404,22.650499,1220
粤B735YU,114.025597,22.653999,1221
粤B735YU,114.0252,22.654699,1222
粤B735YU,114.0233,22.657301,1223
粤B735YU,114.0252,22.654699,1223
粤B735YU,114.022499,22.6581,1224
粤B735YU,114.018898,22.6556,1225
粤B735YU,114.0168,22.6574,1226
粤B735YU,114.016998,22.659201,1227
粤B735YU,114.016403,22.660299,1228
粤B735YU,114.018501,22.6619,1228
粤B735YU,114.0186,22.6619,1229
粤B735YU,114.019302,22.6625,1230
粤B735YU,114.020798,22.663601,1231
粤B735YU,114.023598,22.6656,1232
粤B735YU,114.023804,22.665701,1233
粤B735YU,114.025902,22.667101,1233
粤B735YU,114.027199,22.6681,1234
粤B735YU,114.027199,22.6681,1235
粤B735YU,114.029198,22.6696,1236
粤B735YU,114.029099,22.671101,1237
粤B735YU,114.028702,22.6719,1238
粤B735YU,114.028,22.673,1238
粤B735YU,114.028999,22.671101,1239
粤B735YU,114.028397,22.669001,1240
粤B735YU,114.027802,22.6686,1241
粤B735YU,114.029297,22.6661,1242
粤B735YU,114.028099,22.6625,1243
粤B735YU,114.027802,22.662201,1243
粤B735YU,114.029701,22.6598,1244
粤B735YU,114.028503,22.6579,1245
粤B735YU,114.026199,22.656401,1246
粤B735YU,114.025002,22.6556,1247
粤B735YU,114.029198,22.6507,1248
粤B735YU,114.028999,22.646299,1248
粤B735YU,114.028397,22.6446,1249
粤B735YU,114.032402,22.6432,1250
粤B735YU,114.032501,22.6401,1251
粤B735YU,114.031998,22.6355,1252
粤B735YU,114.032097,22.634701,1253
粤B735YU,114.029198,22.6507,1253
粤B735YU,114.032097,22.634701,1253
粤B735YU,114.032097,22.634701,1254
粤B735YU,114.032303,22.6325,1255
粤B735YU,114.032204,22.631201,1256
粤B735YU,114.032997,22.629101,1257
粤B735YU,114.034302,22.625401,1258
粤B735YU,114.033997,22.625999,1258
粤B735YU,114.034302,22.625401,1259
粤B735YU,114.035202,22.623199,1260
粤B735YU,114.036201,22.619699,1261
粤B735YU,114.037804,22.615801,1262
粤B735YU,114.039101,22.6145,1263
粤B735YU,114.038399,22.6147,1263
粤B735YU,114.040802,22.617599,1264
粤B735YU,114.040901,22.6187,1265
粤B735YU,114.044998,22.6206,1266
粤B735YU,114.048698,22.621799,1267
粤B735YU,114.048302,22.621901,1268
粤B735YU,114.0448,22.620701,1268
粤B735YU,114.040901,22.6194,1269
粤B735YU,114.037804,22.6178,1270
粤B735YU,114.035896,22.620399,1271
粤B735YU,114.034798,22.623899,1272
粤B735YU,114.034401,22.624901,1273
粤B735YU,114.034401,22.624901,1273
粤B735YU,114.033897,22.625799,1274
粤B735YU,114.0327,22.6294,1275
粤B735YU,114.0336,22.6271,1276
粤B735YU,114.034203,22.6257,1277
粤B735YU,114.034401,22.6255,1278
粤B735YU,114.033798,22.624901,1278
粤B735YU,114.0354,22.622101,1279
粤B735YU,114.036797,22.617599,1280
粤B735YU,114.033401,22.615499,1281
粤B735YU,114.033401,22.615499,1281
粤B735YU,114.0327,22.615101,1282
粤B735YU,114.029602,22.612801,1283
粤B735YU,114.028099,22.6122,1284
粤B735YU,114.027298,22.6134,1285
粤B735YU,114.027298,22.6134,1286
粤B735YU,114.027298,22.6134,1287
粤B735YU,114.027298,22.6134,1288
粤B735YU,114.027298,22.6134,1288
粤B735YU,114.027298,22.6134,1289
粤B735YU,114.027298,22.6134,1290
粤B735YU,114.027298,22.6134,1292
粤B735YU,114.027298,22.6134,1293
粤B735YU,114.027298,22.6134,1294
粤B735YU,114.027298,22.6134,1295
粤B735YU,114.027298,22.6134,1297
粤B735YU,114.027298,22.6134,1298
粤B735YU,114.027298,22.6134,1299
粤B735YU,114.027298,22.6134,1303
粤B735YU,114.027298,22.6134,1304
粤B735YU,114.027298,22.6134,1308
粤B735YU,114.027298,22.6134,1308
粤B735YU,114.027298,22.6134,1309
粤B735YU,114.027298,22.6134,1310
粤B735YU,114.027298,22.6134,1311
粤B735YU,114.027298,22.6134,1312
粤B735YU,114.027298,22.6134,1313
粤B735YU,114.027298,22.6134,1313
粤B735YU,114.027298,22.6134,1314
粤B735YU,114.027298,22.6134,1315
粤B735YU,114.027298,22.6134,1316
粤B735YU,114.024002,22.604401,1317
粤B735YU,114.023003,22.5945,1318
粤B735YU,114.025803,22.601601,1318
粤B735YU,114.027298,22.6134,1319
粤B735YU,114.014999,22.5912,1319
粤B735YU,114.011002,22.5937,1320
粤B735YU,114.011597,22.599001,1321
粤B735YU,114.010597,22.6084,1322
粤B735YU,114.008301,22.618,1323
粤B735YU,114.0075,22.627199,1323
粤B735YU,114.002296,22.634701,1324
粤B735YU,113.9991,22.644501,1325
粤B735YU,113.994301,22.6534,1326
粤B735YU,113.989998,22.659599,1327
粤B735YU,113.983101,22.6668,1328
粤B735YU,113.979103,22.6754,1328
粤B735YU,113.972702,22.682301,1329
粤B735YU,113.965897,22.691,1330
粤B735YU,113.962898,22.696199,1331
粤B735YU,113.961998,22.6973,1332
粤B735YU,113.957703,22.7061,1333
粤B735YU,113.954498,22.7167,1333
粤B735YU,113.947197,22.725901,1334
粤B735YU,113.9375,22.7335,1335
粤B735YU,113.929298,22.7414,1336
粤B735YU,113.922997,22.750401,1337
粤B735YU,113.912903,22.7705,1338
粤B735YU,113.917397,22.7605,1338
粤B735YU,113.912903,22.7801,1339
粤B735YU,113.912697,22.7882,1340
粤B735YU,113.915199,22.7861,1341
粤B735YU,113.915298,22.784599,1342
粤B735YU,113.908997,22.784,1343
粤B735YU,113.906998,22.7812,1344
粤B735YU,113.9076,22.783899,1344
粤B735YU,113.903397,22.780701,1345
粤B735YU,113.903297,22.7808,1346
粤B735YU,113.902702,22.7799,1347
粤B735YU,113.9002,22.777201,1348
粤B735YU,113.8974,22.7789,1349
粤B735YU,113.894203,22.781,1349
粤B735YU,113.891403,22.7833,1350
粤B735YU,113.889099,22.7836,1351
粤B735YU,113.887901,22.784401,1352
粤B735YU,113.887703,22.7848,1353
粤B735YU,113.887802,22.784599,1354
粤B735YU,113.887802,22.784599,1354
粤B735YU,113.887802,22.784599,1355
粤B735YU,113.887802,22.784599,1356
粤B735YU,113.887802,22.784599,1357
粤B735YU,113.887802,22.784599,1358
粤B735YU,113.887802,22.784599,1359
粤B735YU,113.887802,22.784599,1359
粤B735YU,113.887802,22.784599,1360
粤B735YU,113.887802,22.784599,1361
粤B735YU,113.887802,22.784599,1362
粤B735YU,113.887802,22.784599,1363
粤B735YU,113.887802,22.784599,1364
粤B735YU,113.887802,22.784599,1364
粤B735YU,113.887802,22.784599,1365
粤B735YU,113.887802,22.784599,1366
粤B735YU,113.886803,22.7855,1367
粤B735YU,113.884102,22.785801,1368
粤B735YU,113.8787,22.7873,1369
粤B735YU,113.875504,22.7878,1370
粤B735YU,113.874802,22.7875,1371
粤B735YU,113.874901,22.785,1372
粤B735YU,113.879898,22.783001,1373
粤B735YU,113.8881,22.7799,1374
粤B735YU,113.888397,22.779699,1375
粤B735YU,113.893402,22.776699,1376
粤B735YU,113.894203,22.7757,1377
粤B735YU,113.896599,22.770901,1378
粤B735YU,113.898102,22.766701,1379
粤B735YU,113.896896,22.770201,1379
粤B735YU,113.899902,22.762199,1380
粤B735YU,113.901497,22.757601,1381
粤B735YU,113.902603,22.754,1382
粤B735YU,113.901497,22.746099,1384
粤B735YU,113.902702,22.7526,1384
粤B735YU,113.9021,22.740299,1385
粤B735YU,113.902199,22.739201,1387
粤B735YU,113.902397,22.733601,1388
粤B735YU,113.902496,22.729799,1389
粤B735YU,113.902496,22.733601,1389
粤B735YU,113.902397,22.7297,1390
粤B735YU,113.902397,22.7297,1391
粤B735YU,113.902397,22.7297,1392
粤B735YU,113.902397,22.7297,1393
粤B735YU,113.9021,22.7204,1394
粤B735YU,113.902496,22.727501,1394
粤B735YU,113.9021,22.7204,1395
粤B735YU,113.902,22.7188,1396
粤B735YU,113.901901,22.714399,1397
粤B735YU,113.904503,22.710899,1398
粤B735YU,113.905502,22.7101,1399
粤B735YU,113.912804,22.7057,1399
粤B735YU,113.913803,22.702499,1400
粤B735YU,113.917,22.698999,1401
粤B735YU,113.920303,22.6954,1402
粤B735YU,113.920403,22.695299,1403
粤B735YU,113.924301,22.694,1404
粤B735YU,113.924301,22.694,1404
粤B735YU,113.929298,22.693199,1405
粤B735YU,113.934402,22.6915,1406
粤B735YU,113.934601,22.691401,1407
粤B735YU,113.9375,22.6889,1408
粤B735YU,113.942902,22.686399,1409
粤B735YU,113.947197,22.686199,1409
粤B735YU,113.947998,22.686399,1410
粤B735YU,113.950798,22.689199,1411
粤B735YU,113.954102,22.6877,1412
粤B735YU,113.960899,22.6859,1413
粤B735YU,113.9748,22.679399,1414
粤B735YU,113.969597,22.684,1414
粤B735YU,113.979202,22.6752,1415
粤B735YU,113.984398,22.672199,1416
粤B735YU,113.986504,22.6742,1417
粤B735YU,113.989403,22.6768,1418
粤B735YU,113.990501,22.677099,1419
粤B735YU,113.991898,22.6777,1419
粤B735YU,113.993401,22.674299,1420
粤B735YU,113.993401,22.674299,1421
粤B735YU,113.995796,22.6707,1422
粤B735YU,113.996803,22.669701,1423
粤B735YU,113.999901,22.667101,1424
粤B735YU,114.001801,22.6644,1424
粤B735YU,114.006203,22.660999,1425
粤B735YU,114.009102,22.6618,1426
粤B735YU,114.0121,22.6626,1427
粤B735YU,114.013199,22.6614,1428
粤B735YU,114.015701,22.6607,1429
粤B735YU,114.018204,22.6618,1429
粤B735YU,114.020103,22.6628,1430
粤B735YU,114.0205,22.6632,1431
粤B735YU,114.022301,22.6644,1432
粤B735YU,114.024002,22.665701,1433
粤B735YU,114.027802,22.667801,1434
粤B735YU,114.0299,22.665501,1434
粤B735YU,114.028503,22.6672,1435
