粤B0FQ66,114.117935,22.621586,3
粤B0FQ66,114.117935,22.621586,12
粤B0FQ66,114.117935,22.621586,18
粤B0FQ66,114.117935,22.621586,19
粤B0FQ66,114.117935,22.621586,24
粤B0FQ66,114.117935,22.621586,30
粤B0FQ66,114.117935,22.621586,35
粤B0FQ66,114.117935,22.621586,36
粤B0FQ66,114.117935,22.621586,42
粤B0FQ66,114.117935,22.621586,48
粤B0FQ66,114.117935,22.621586,50
粤B0FQ66,114.117935,22.621586,54
粤B0FQ66,114.117935,22.621586,60
粤B0FQ66,114.117935,22.621586,66
粤B0FQ66,114.117935,22.621586,66
粤B0FQ66,114.117935,22.621586,72
粤B0FQ66,114.117935,22.621586,78
粤B0FQ66,114.117935,22.621586,82
粤B0FQ66,114.117935,22.621586,84
粤B0FQ66,114.117935,22.621586,90
粤B0FQ66,114.117935,22.621586,96
粤B0FQ66,114.117935,22.621586,98
粤B0FQ66,114.117935,22.621586,102
粤B0FQ66,114.117935,22.621586,107
粤B0FQ66,114.117935,22.621586,113
粤B0FQ66,114.117935,22.621586,113
粤B0FQ66,114.117935,22.621586,119
粤B0FQ66,114.117935,22.621586,125
粤B0FQ66,114.117935,22.621586,129
粤B0FQ66,114.117935,22.621586,131
粤B0FQ66,114.117935,22.621586,137
粤B0FQ66,114.117935,22.621586,143
粤B0FQ66,114.117935,22.621586,145
粤B0FQ66,114.117935,22.621586,149
粤B0FQ66,114.117935,22.621586,155
粤B0FQ66,114.117935,22.621586,161
粤B0FQ66,114.117935,22.621586,161
粤B0FQ66,114.117935,22.621586,167
粤B0FQ66,114.117935,22.621586,173
粤B0FQ66,114.117935,22.621586,179
粤B0FQ66,114.117935,22.621586,192
粤B0FQ66,114.117935,22.621586,197
粤B0FQ66,114.117935,22.621586,203
粤B0FQ66,114.117935,22.621586,208
粤B0FQ66,114.117935,22.621586,209
粤B0FQ66,114.117935,22.621586,215
粤B0FQ66,114.117935,22.621586,221
粤B0FQ66,114.117935,22.621586,224
粤B0FQ66,114.117935,22.621586,227
粤B0FQ66,114.117935,22.621586,233
粤B0FQ66,114.117935,22.621586,239
粤B0FQ66,114.117935,22.621586,239
粤B0FQ66,114.117935,22.621586,245
粤B0FQ66,114.117935,22.621586,251
粤B0FQ66,114.117935,22.621586,255
粤B0FQ66,114.117935,22.621586,257
粤B0FQ66,114.117935,22.621586,263
粤B0FQ66,114.117935,22.621586,269
粤B0FQ66,114.117935,22.621586,271
粤B0FQ66,114.117935,22.621586,275
粤B0FQ66,114.117935,22.621586,281
粤B0FQ66,114.117935,22.621586,287
粤B0FQ66,114.117935,22.621586,287
粤B0FQ66,114.117935,22.621586,293
粤B0FQ66,114.117935,22.621586,299
粤B0FQ66,114.117935,22.621586,302
粤B0FQ66,114.117935,22.621586,305
粤B0FQ66,114.117935,22.621586,311
粤B0FQ66,114.117935,22.621586,316
粤B0FQ66,114.117935,22.621586,318
粤B0FQ66,114.117935,22.621586,322
粤B0FQ66,114.117935,22.621586,328
粤B0FQ66,114.117935,22.621586,334
粤B0FQ66,114.117935,22.621586,334
粤B0FQ66,114.117935,22.621586,340
粤B0FQ66,114.117935,22.621586,346
粤B0FQ66,114.117935,22.621586,350
粤B0FQ66,114.117935,22.621586,352
粤B0FQ66,114.117935,22.621586,358
粤B0FQ66,114.117935,22.621586,365
粤B0FQ66,114.117935,22.621586,370
粤B0FQ66,114.117935,22.621586,376
粤B0FQ66,114.117935,22.621586,381
粤B0FQ66,114.117935,22.621586,382
粤B0FQ66,114.117935,22.621586,388
粤B0FQ66,114.117935,22.621586,394
粤B0FQ66,114.117935,22.621586,397
粤B0FQ66,114.117935,22.621586,400
粤B0FQ66,114.117935,22.621586,406
粤B0FQ66,114.117935,22.621586,412
粤B0FQ66,114.117935,22.621586,413
粤B0FQ66,114.117935,22.621586,417
粤B0FQ66,114.117935,22.621586,423
粤B0FQ66,114.117935,22.621586,428
粤B0FQ66,114.117935,22.621586,429
粤B0FQ66,114.117935,22.621586,435
粤B0FQ66,114.117935,22.621586,441
粤B0FQ66,114.117935,22.621586,444
粤B0FQ66,114.117935,22.621586,447
粤B0FQ66,114.117935,22.621586,453
粤B0FQ66,114.117935,22.621586,459
粤B0FQ66,114.117935,22.621586,460
粤B0FQ66,114.117935,22.621586,465
粤B0FQ66,114.117935,22.621586,471
粤B0FQ66,114.117935,22.621586,477
粤B0FQ66,114.117935,22.621586,483
粤B0FQ66,114.117935,22.621586,489
粤B0FQ66,114.117935,22.621586,491
粤B0FQ66,114.117935,22.621586,495
粤B0FQ66,114.117935,22.621586,501
粤B0FQ66,114.117935,22.621586,507
粤B0FQ66,114.117935,22.621586,507
粤B0FQ66,114.117935,22.621586,513
粤B0FQ66,114.117935,22.621586,519
粤B0FQ66,114.117935,22.621586,525
粤B0FQ66,114.117935,22.621586,537
粤B0FQ66,114.117935,22.621586,538
粤B0FQ66,114.117935,22.621586,549
粤B0FQ66,114.117935,22.621586,554
粤B0FQ66,114.117935,22.621586,555
粤B0FQ66,114.117935,22.621586,561
粤B0FQ66,114.117935,22.621586,567
粤B0FQ66,114.117935,22.621586,570
粤B0FQ66,114.117935,22.621586,573
粤B0FQ66,114.117935,22.621586,578
粤B0FQ66,114.117935,22.621586,584
粤B0FQ66,114.117935,22.621586,585
粤B0FQ66,114.117935,22.621586,590
粤B0FQ66,114.117935,22.621586,596
粤B0FQ66,114.117935,22.621586,601
粤B0FQ66,114.117935,22.621586,608
粤B0FQ66,114.117935,22.621586,614
粤B0FQ66,114.117935,22.621586,617
粤B0FQ66,114.117935,22.621586,620
粤B0FQ66,114.117935,22.621586,625
粤B0FQ66,114.117935,22.621586,626
粤B0FQ66,114.117935,22.621586,632
粤B0FQ66,114.117935,22.621586,641
粤B0FQ66,114.117935,22.621586,642
粤B0FQ66,114.117935,22.621586,648
粤B0FQ66,114.117935,22.621586,654
粤B0FQ66,114.117935,22.621586,656
粤B0FQ66,114.117935,22.621586,660
粤B0FQ66,114.117935,22.621586,666
粤B0FQ66,114.117935,22.621586,672
粤B0FQ66,114.117935,22.621586,672
粤B0FQ66,114.117935,22.621586,678
粤B0FQ66,114.117935,22.621586,684
粤B0FQ66,114.117935,22.621586,688
粤B0FQ66,114.117935,22.621586,690
粤B0FQ66,114.117935,22.621586,696
粤B0FQ66,114.117935,22.621586,702
粤B0FQ66,114.117935,22.621586,704
粤B0FQ66,114.117935,22.621586,708
粤B0FQ66,114.117935,22.621586,714
粤B0FQ66,114.117935,22.621586,719
粤B0FQ66,114.117935,22.621586,720
粤B0FQ66,114.117935,22.621586,726
粤B0FQ66,114.117935,22.621586,732
粤B0FQ66,114.117935,22.621586,735
粤B0FQ66,114.117935,22.621586,738
粤B0FQ66,114.117935,22.621586,744
粤B0FQ66,114.117935,22.621586,750
粤B0FQ66,114.117935,22.621586,751
粤B0FQ66,114.117935,22.621586,756
粤B0FQ66,114.117935,22.621586,762
粤B0FQ66,114.117935,22.621586,766
粤B0FQ66,114.117935,22.621586,768
粤B0FQ66,114.117935,22.621586,774
粤B0FQ66,114.117935,22.621586,780
粤B0FQ66,114.117935,22.621586,782
粤B0FQ66,114.117935,22.621586,786
粤B0FQ66,114.117935,22.621586,792
粤B0FQ66,114.117935,22.621586,798
粤B0FQ66,114.117935,22.621586,798
粤B0FQ66,114.117935,22.621586,804
粤B0FQ66,114.117935,22.621586,810
粤B0FQ66,114.117935,22.621586,814
粤B0FQ66,114.117935,22.621586,816
粤B0FQ66,114.117935,22.621586,822
粤B0FQ66,114.117935,22.621586,828
粤B0FQ66,114.117935,22.621586,834
粤B0FQ66,114.117935,22.621586,845
粤B0FQ66,114.117935,22.621586,846
粤B0FQ66,114.117935,22.621586,852
粤B0FQ66,114.117935,22.621586,858
粤B0FQ66,114.117935,22.621586,861
粤B0FQ66,114.117935,22.621586,864
粤B0FQ66,114.117935,22.621586,870
粤B0FQ66,114.117935,22.621586,876
粤B0FQ66,114.117935,22.621586,877
粤B0FQ66,114.117935,22.621586,882
粤B0FQ66,114.117935,22.621586,888
粤B0FQ66,114.117935,22.621586,894
粤B0FQ66,114.117935,22.621586,900
粤B0FQ66,114.117935,22.621586,908
粤B0FQ66,114.117935,22.621586,912
粤B0FQ66,114.117935,22.621586,918
粤B0FQ66,114.117935,22.621586,924
粤B0FQ66,114.117935,22.621586,924
粤B0FQ66,114.117935,22.621586,930
粤B0FQ66,114.117935,22.621586,935
粤B0FQ66,114.117935,22.621586,939
粤B0FQ66,114.117935,22.621586,941
粤B0FQ66,114.117935,22.621586,947
粤B0FQ66,114.117935,22.621586,953
粤B0FQ66,114.117935,22.621586,955
粤B0FQ66,114.117935,22.621586,959
粤B0FQ66,114.117935,22.621586,965
粤B0FQ66,114.117935,22.621586,971
粤B0FQ66,114.117935,22.621586,971
粤B0FQ66,114.117935,22.621586,977
粤B0FQ66,114.117935,22.621586,983
粤B0FQ66,114.117935,22.621586,987
粤B0FQ66,114.117935,22.621586,989
粤B0FQ66,114.117935,22.621586,1001
粤B0FQ66,114.117935,22.621586,1002
粤B0FQ66,114.117935,22.621586,1007
粤B0FQ66,114.117935,22.621586,1013
粤B0FQ66,114.117935,22.621586,1019
粤B0FQ66,114.117935,22.621586,1031
粤B0FQ66,114.117935,22.621586,1034
粤B0FQ66,114.117935,22.621586,1037
粤B0FQ66,114.117935,22.621586,1043
粤B0FQ66,114.117935,22.621586,1049
粤B0FQ66,114.117935,22.621586,1050
粤B0FQ66,114.117935,22.621586,1055
粤B0FQ66,114.117935,22.621586,1061
粤B0FQ66,114.117935,22.621586,1065
粤B0FQ66,114.117935,22.621586,1067
粤B0FQ66,114.117935,22.621586,1073
粤B0FQ66,114.117935,22.621586,1079
粤B0FQ66,114.117935,22.621586,1081
粤B0FQ66,114.117935,22.621586,1085
粤B0FQ66,114.117935,22.621586,1091
粤B0FQ66,114.117935,22.621586,1097
粤B0FQ66,114.117935,22.621586,1097
粤B0FQ66,114.117935,22.621586,1103
粤B0FQ66,114.117935,22.621586,1109
粤B0FQ66,114.117935,22.621586,1113
粤B0FQ66,114.117935,22.621586,1115
粤B0FQ66,114.117935,22.621586,1121
粤B0FQ66,114.117935,22.621586,1127
粤B0FQ66,114.117935,22.621586,1133
粤B0FQ66,114.117935,22.621586,1144
粤B0FQ66,114.117935,22.621586,1145
粤B0FQ66,114.117935,22.621586,1151
粤B0FQ66,114.117935,22.621586,1157
粤B0FQ66,114.117935,22.621586,1160
粤B0FQ66,114.117935,22.621586,1163
粤B0FQ66,114.117935,22.621586,1169
粤B0FQ66,114.117935,22.621586,1175
粤B0FQ66,114.117935,22.621586,1176
粤B0FQ66,114.117935,22.621586,1181
粤B0FQ66,114.117935,22.621586,1187
粤B0FQ66,114.117935,22.621586,1193
粤B0FQ66,114.117935,22.621586,1198
粤B0FQ66,114.117935,22.621586,1204
粤B0FQ66,114.117935,22.621586,1207
粤B0FQ66,114.117935,22.621586,1210
粤B0FQ66,114.117935,22.621586,1216
粤B0FQ66,114.117935,22.621586,1222
粤B0FQ66,114.117935,22.621586,1223
粤B0FQ66,114.117935,22.621586,1228
粤B0FQ66,114.117935,22.621586,1234
粤B0FQ66,114.117935,22.621586,1238
粤B0FQ66,114.117935,22.621586,1240
粤B0FQ66,114.117935,22.621586,1246
粤B0FQ66,114.117935,22.621586,1252
粤B0FQ66,114.117935,22.621586,1254
粤B0FQ66,114.117935,22.621586,1258
粤B0FQ66,114.117935,22.621586,1264
粤B0FQ66,114.117935,22.621586,1270
粤B0FQ66,114.117935,22.621586,1270
粤B0FQ66,114.117935,22.621586,1276
粤B0FQ66,114.117935,22.621586,1282
粤B0FQ66,114.117935,22.621586,1286
粤B0FQ66,114.117935,22.621586,1288
粤B0FQ66,114.117935,22.621586,1294
粤B0FQ66,114.117935,22.621586,1300
粤B0FQ66,114.117935,22.621586,1301
粤B0FQ66,114.117935,22.621586,1306
粤B0FQ66,114.117935,22.621586,1312
粤B0FQ66,114.117935,22.621586,1317
粤B0FQ66,114.117935,22.621586,1317
粤B0FQ66,114.117935,22.621586,1323
粤B0FQ66,114.117935,22.621586,1329
粤B0FQ66,114.117935,22.621586,1333
粤B0FQ66,114.117935,22.621586,1335
粤B0FQ66,114.117935,22.621586,1341
粤B0FQ66,114.117935,22.621586,1347
粤B0FQ66,114.117935,22.621586,1349
粤B0FQ66,114.117935,22.621586,1353
粤B0FQ66,114.117935,22.621586,1359
粤B0FQ66,114.117935,22.621586,1365
粤B0FQ66,114.117935,22.621586,1371
粤B0FQ66,114.117935,22.621586,1377
粤B0FQ66,114.117935,22.621586,1380
粤B0FQ66,114.117935,22.621586,1383
粤B0FQ66,114.117935,22.621586,1389
粤B0FQ66,114.117935,22.621586,1395
粤B0FQ66,114.117935,22.621586,1396
粤B0FQ66,114.117935,22.621586,1401
粤B0FQ66,114.117935,22.621586,1407
粤B0FQ66,114.117935,22.621586,1412
粤B0FQ66,114.117935,22.621586,1413
粤B0FQ66,114.117935,22.621586,1419
粤B0FQ66,114.117935,22.621586,1425
粤B0FQ66,114.117935,22.621586,1431
粤B0FQ66,114.117935,22.621586,1437
