粤B9HL41,114.043999,22.71295,7
粤B9HL41,114.043999,22.71295,8
粤B9HL41,114.043999,22.71295,8
粤B9HL41,114.043999,22.71295,8
粤B9HL41,114.043999,22.71295,8
粤B9HL41,114.043999,22.71295,9
粤B9HL41,114.043999,22.71295,9
粤B9HL41,114.043999,22.71295,9
粤B9HL41,114.043999,22.71295,9
粤B9HL41,114.043999,22.71295,10
粤B9HL41,114.043999,22.71295,10
粤B9HL41,114.043999,22.71295,10
粤B9HL41,114.043999,22.71295,10
粤B9HL41,114.043999,22.71295,11
粤B9HL41,114.043999,22.71295,11
粤B9HL41,114.043999,22.71295,11
粤B9HL41,114.043999,22.71295,11
粤B9HL41,114.043999,22.71295,12
粤B9HL41,114.043999,22.71295,12
粤B9HL41,114.043999,22.71295,12
粤B9HL41,114.043999,22.71295,12
粤B9HL41,114.043999,22.71295,13
粤B9HL41,114.043999,22.71295,13
粤B9HL41,114.043999,22.71295,13
粤B9HL41,114.043999,22.71295,13
粤B9HL41,114.043999,22.71295,14
粤B9HL41,114.043999,22.71295,14
粤B9HL41,114.043999,22.71295,14
粤B9HL41,114.043999,22.71295,14
粤B9HL41,114.043999,22.71295,15
粤B9HL41,114.043999,22.71295,15
粤B9HL41,114.043999,22.71295,15
粤B9HL41,114.043999,22.71295,15
粤B9HL41,114.043999,22.71295,16
粤B9HL41,114.043999,22.71295,16
粤B9HL41,114.043999,22.71295,16
粤B9HL41,114.043999,22.71295,16
粤B9HL41,114.043999,22.71295,17
粤B9HL41,114.043999,22.71295,17
粤B9HL41,114.043999,22.71295,17
粤B9HL41,114.043999,22.71295,17
粤B9HL41,114.043999,22.71295,18
粤B9HL41,114.043999,22.71295,18
粤B9HL41,114.043999,22.71295,18
粤B9HL41,114.043999,22.71295,18
粤B9HL41,114.043999,22.71295,19
粤B9HL41,114.043999,22.71295,19
粤B9HL41,114.043999,22.71295,19
粤B9HL41,114.043999,22.71295,19
粤B9HL41,114.043999,22.71295,20
粤B9HL41,114.043999,22.71295,20
粤B9HL41,114.043999,22.71295,20
粤B9HL41,114.043999,22.71295,20
粤B9HL41,114.043999,22.71295,21
粤B9HL41,114.043999,22.71295,21
粤B9HL41,114.043999,22.71295,21
粤B9HL41,114.043999,22.71295,21
粤B9HL41,114.043999,22.71295,22
粤B9HL41,114.043999,22.71295,22
粤B9HL41,114.043999,22.71295,22
粤B9HL41,114.043999,22.71295,22
粤B9HL41,114.044586,22.712351,24
粤B9HL41,114.044586,22.712351,24
粤B9HL41,114.044586,22.712351,25
粤B9HL41,114.044586,22.712351,26
粤B9HL41,114.044586,22.712351,26
粤B9HL41,114.044586,22.712351,27
粤B9HL41,114.044586,22.712351,28
粤B9HL41,114.044586,22.712351,29
粤B9HL41,114.044586,22.712351,30
粤B9HL41,114.044586,22.712351,31
粤B9HL41,114.044586,22.712351,32
粤B9HL41,114.044586,22.712351,33
粤B9HL41,114.044586,22.712351,34
粤B9HL41,114.044586,22.712351,35
粤B9HL41,114.044586,22.712351,36
粤B9HL41,114.044586,22.712351,37
粤B9HL41,114.044586,22.712351,37
粤B9HL41,114.044586,22.712351,38
粤B9HL41,114.044586,22.712351,39
粤B9HL41,114.044586,22.712351,40
粤B9HL41,114.044586,22.712351,41
粤B9HL41,114.044586,22.712351,42
粤B9HL41,114.044586,22.712351,43
粤B9HL41,114.044586,22.712351,44
粤B9HL41,114.044586,22.712351,45
粤B9HL41,114.044586,22.712351,46
粤B9HL41,114.044586,22.712351,47
粤B9HL41,114.044586,22.712351,48
粤B9HL41,114.044586,22.712351,48
粤B9HL41,114.044586,22.712351,49
粤B9HL41,114.044586,22.712351,50
粤B9HL41,114.044586,22.712351,51
粤B9HL41,114.044586,22.712351,52
粤B9HL41,114.044586,22.712351,53
粤B9HL41,114.044586,22.712351,54
粤B9HL41,114.044586,22.712351,55
粤B9HL41,114.044586,22.712351,56
粤B9HL41,114.044586,22.712351,57
粤B9HL41,114.044586,22.712351,58
粤B9HL41,114.044586,22.712351,59
粤B9HL41,114.044586,22.712351,59
粤B9HL41,114.044586,22.712351,60
粤B9HL41,114.044586,22.712351,61
粤B9HL41,114.044586,22.712351,62
粤B9HL41,114.044586,22.712351,63
粤B9HL41,114.044586,22.712351,65
粤B9HL41,114.044586,22.712351,66
粤B9HL41,114.044586,22.712351,67
粤B9HL41,114.044586,22.712351,68
粤B9HL41,114.044586,22.712351,69
粤B9HL41,114.044586,22.712351,70
粤B9HL41,114.044586,22.712351,70
粤B9HL41,114.044586,22.712351,71
粤B9HL41,114.044586,22.712351,72
粤B9HL41,114.044586,22.712351,73
粤B9HL41,114.044586,22.712351,74
粤B9HL41,114.044586,22.712351,75
粤B9HL41,114.044586,22.712351,76
粤B9HL41,114.044586,22.712351,77
粤B9HL41,114.044586,22.712351,78
粤B9HL41,114.044586,22.712351,79
粤B9HL41,114.044586,22.712351,80
粤B9HL41,114.044586,22.712351,81
粤B9HL41,114.044586,22.712351,81
粤B9HL41,114.044586,22.712351,82
粤B9HL41,114.044586,22.712351,83
粤B9HL41,114.044586,22.712351,84
粤B9HL41,114.044586,22.712351,85
粤B9HL41,114.044586,22.712351,86
粤B9HL41,114.044586,22.712351,87
粤B9HL41,114.044586,22.712351,88
粤B9HL41,114.044586,22.712351,89
粤B9HL41,114.044586,22.712351,90
粤B9HL41,114.044586,22.712351,91
粤B9HL41,114.044586,22.712351,92
粤B9HL41,114.044586,22.712351,92
粤B9HL41,114.044586,22.712351,93
粤B9HL41,114.044586,22.712351,94
粤B9HL41,114.044586,22.712351,95
粤B9HL41,114.044586,22.712351,96
粤B9HL41,114.044586,22.712351,97
粤B9HL41,114.044586,22.712351,98
粤B9HL41,114.044586,22.712351,99
粤B9HL41,114.044586,22.712351,100
粤B9HL41,114.044586,22.712351,101
粤B9HL41,114.044586,22.712351,102
粤B9HL41,114.044586,22.712351,103
粤B9HL41,114.044586,22.712351,103
粤B9HL41,114.044586,22.712351,104
粤B9HL41,114.044586,22.712351,105
粤B9HL41,114.044586,22.712351,106
粤B9HL41,114.044586,22.712351,107
粤B9HL41,114.044586,22.712351,108
粤B9HL41,114.044586,22.712351,109
粤B9HL41,114.044586,22.712351,110
粤B9HL41,114.044586,22.712351,111
粤B9HL41,114.044586,22.712351,112
粤B9HL41,114.044586,22.712351,113
粤B9HL41,114.044586,22.712351,114
粤B9HL41,114.044586,22.712351,114
粤B9HL41,114.044586,22.712351,115
粤B9HL41,114.044586,22.712351,116
粤B9HL41,114.044586,22.712351,117
粤B9HL41,114.044586,22.712351,118
粤B9HL41,114.044586,22.712351,119
粤B9HL41,114.044586,22.712351,120
粤B9HL41,114.044586,22.712351,121
粤B9HL41,114.044586,22.712351,122
粤B9HL41,114.044586,22.712351,123
粤B9HL41,114.044586,22.712351,124
粤B9HL41,114.044586,22.712351,125
粤B9HL41,114.044586,22.712351,125
粤B9HL41,114.044586,22.712351,126
粤B9HL41,114.044586,22.712351,127
粤B9HL41,114.044586,22.712351,128
粤B9HL41,114.044586,22.712351,129
粤B9HL41,114.044586,22.712351,130
粤B9HL41,114.044586,22.712351,131
粤B9HL41,114.044586,22.712351,132
粤B9HL41,114.044586,22.712351,133
粤B9HL41,114.044586,22.712351,134
粤B9HL41,114.044586,22.712351,135
粤B9HL41,114.044586,22.712351,136
粤B9HL41,114.044586,22.712351,136
粤B9HL41,114.044586,22.712351,137
粤B9HL41,114.044586,22.712351,138
粤B9HL41,114.044586,22.712351,139
粤B9HL41,114.044586,22.712351,140
粤B9HL41,114.044586,22.712351,141
粤B9HL41,114.044586,22.712351,142
粤B9HL41,114.044586,22.712351,143
粤B9HL41,114.044586,22.712351,144
粤B9HL41,114.044586,22.712351,145
粤B9HL41,114.044586,22.712351,146
粤B9HL41,114.044586,22.712351,147
粤B9HL41,114.044586,22.712351,147
粤B9HL41,114.044586,22.712351,148
粤B9HL41,114.044586,22.712351,149
粤B9HL41,114.044586,22.712351,150
粤B9HL41,114.044586,22.712351,151
粤B9HL41,114.044586,22.712351,152
粤B9HL41,114.044586,22.712351,153
粤B9HL41,114.044586,22.712351,154
粤B9HL41,114.044586,22.712351,155
粤B9HL41,114.044586,22.712351,156
粤B9HL41,114.044586,22.712351,157
粤B9HL41,114.044586,22.712351,158
粤B9HL41,114.044586,22.712351,158
粤B9HL41,114.044586,22.712351,159
粤B9HL41,114.044586,22.712351,160
粤B9HL41,114.044586,22.712351,161
粤B9HL41,114.044586,22.712351,162
粤B9HL41,114.044586,22.712351,163
粤B9HL41,114.044586,22.712351,164
粤B9HL41,114.044586,22.712351,165
粤B9HL41,114.044586,22.712351,166
粤B9HL41,114.044586,22.712351,167
粤B9HL41,114.044586,22.712351,168
粤B9HL41,114.044586,22.712351,169
粤B9HL41,114.044586,22.712351,169
粤B9HL41,114.044586,22.712351,170
粤B9HL41,114.044586,22.712351,171
粤B9HL41,114.044586,22.712351,172
粤B9HL41,114.044586,22.712351,173
粤B9HL41,114.044586,22.712351,174
粤B9HL41,114.044586,22.712351,175
粤B9HL41,114.044586,22.712351,176
粤B9HL41,114.044586,22.712351,177
粤B9HL41,114.044586,22.712351,178
粤B9HL41,114.044586,22.712351,179
粤B9HL41,114.044586,22.712351,180
粤B9HL41,114.044586,22.712351,180
粤B9HL41,114.044586,22.712351,181
粤B9HL41,114.044586,22.712351,182
粤B9HL41,114.044586,22.712351,192
粤B9HL41,114.044586,22.712351,193
粤B9HL41,114.044586,22.712351,194
粤B9HL41,114.044586,22.712351,195
粤B9HL41,114.044586,22.712351,196
粤B9HL41,114.044586,22.712351,197
粤B9HL41,114.044586,22.712351,198
粤B9HL41,114.044586,22.712351,199
粤B9HL41,114.044586,22.712351,200
粤B9HL41,114.044586,22.712351,201
粤B9HL41,114.044586,22.712351,202
粤B9HL41,114.044586,22.712351,202
粤B9HL41,114.044586,22.712351,203
粤B9HL41,114.044586,22.712351,204
粤B9HL41,114.044586,22.712351,205
粤B9HL41,114.044586,22.712351,206
粤B9HL41,114.044586,22.712351,207
粤B9HL41,114.044586,22.712351,208
粤B9HL41,114.044586,22.712351,209
粤B9HL41,114.044586,22.712351,210
粤B9HL41,114.044586,22.712351,211
粤B9HL41,114.044586,22.712351,212
粤B9HL41,114.044586,22.712351,213
粤B9HL41,114.044586,22.712351,213
粤B9HL41,114.044586,22.712351,214
粤B9HL41,114.044586,22.712351,215
粤B9HL41,114.044586,22.712351,216
粤B9HL41,114.044586,22.712351,217
粤B9HL41,114.044586,22.712351,218
粤B9HL41,114.044586,22.712351,219
粤B9HL41,114.044586,22.712351,220
粤B9HL41,114.044586,22.712351,221
粤B9HL41,114.044586,22.712351,222
粤B9HL41,114.044586,22.712351,223
粤B9HL41,114.044586,22.712351,224
粤B9HL41,114.044586,22.712351,224
粤B9HL41,114.044586,22.712351,225
粤B9HL41,114.044586,22.712351,226
粤B9HL41,114.044586,22.712351,227
粤B9HL41,114.044586,22.712351,228
粤B9HL41,114.044586,22.712351,229
粤B9HL41,114.044586,22.712351,230
粤B9HL41,114.044586,22.712351,231
粤B9HL41,114.044586,22.712351,232
粤B9HL41,114.044586,22.712351,233
粤B9HL41,114.044586,22.712351,234
粤B9HL41,114.044586,22.712351,235
粤B9HL41,114.04467,22.71225,237
粤B9HL41,114.04467,22.71225,238
粤B9HL41,114.04467,22.71225,239
粤B9HL41,114.04467,22.71225,240
粤B9HL41,114.04467,22.71225,241
粤B9HL41,114.04467,22.71225,242
粤B9HL41,114.04467,22.71225,243
粤B9HL41,114.04467,22.71225,244
粤B9HL41,114.04467,22.71225,246
粤B9HL41,114.04467,22.71225,247
粤B9HL41,114.04467,22.71225,248
粤B9HL41,114.04467,22.71225,249
粤B9HL41,114.04467,22.71225,250
粤B9HL41,114.04467,22.71225,251
粤B9HL41,114.04467,22.71225,252
粤B9HL41,114.04467,22.71225,253
粤B9HL41,114.04467,22.71225,254
粤B9HL41,114.04467,22.71225,255
粤B9HL41,114.04467,22.71225,256
粤B9HL41,114.04467,22.71225,257
粤B9HL41,114.04467,22.71225,257
粤B9HL41,114.04467,22.71225,258
粤B9HL41,114.04467,22.71225,259
粤B9HL41,114.04467,22.71225,260
粤B9HL41,114.04467,22.71225,261
粤B9HL41,114.04467,22.71225,262
粤B9HL41,114.04467,22.71225,263
粤B9HL41,114.04467,22.71225,264
粤B9HL41,114.04467,22.71225,265
粤B9HL41,114.04467,22.71225,266
粤B9HL41,114.04467,22.71225,267
粤B9HL41,114.04467,22.71225,268
粤B9HL41,114.04467,22.71225,268
粤B9HL41,114.04467,22.71225,269
粤B9HL41,114.04467,22.71225,270
粤B9HL41,114.04467,22.71225,271
粤B9HL41,114.04467,22.71225,272
粤B9HL41,114.04467,22.71225,273
粤B9HL41,114.04467,22.71225,274
粤B9HL41,114.04467,22.71225,275
粤B9HL41,114.04467,22.71225,276
粤B9HL41,114.04467,22.71225,277
粤B9HL41,114.04467,22.71225,278
粤B9HL41,114.04467,22.71225,279
粤B9HL41,114.04467,22.71225,279
粤B9HL41,114.04467,22.71225,280
粤B9HL41,114.04467,22.71225,281
粤B9HL41,114.04467,22.71225,282
粤B9HL41,114.04467,22.71225,283
粤B9HL41,114.04467,22.71225,284
粤B9HL41,114.04467,22.71225,285
粤B9HL41,114.04467,22.71225,286
粤B9HL41,114.04467,22.71225,287
粤B9HL41,114.04467,22.71225,288
粤B9HL41,114.04467,22.71225,289
粤B9HL41,114.0439,22.712816,290
粤B9HL41,114.04467,22.71225,290
粤B9HL41,114.0439,22.712816,291
粤B9HL41,114.044167,22.712601,292
粤B9HL41,114.044167,22.712601,293
粤B9HL41,114.044167,22.712601,294
粤B9HL41,114.044167,22.712601,295
粤B9HL41,114.044167,22.712601,296
粤B9HL41,114.044167,22.712601,297
粤B9HL41,114.044167,22.712601,298
粤B9HL41,114.044167,22.712601,299
粤B9HL41,114.044167,22.712601,300
粤B9HL41,114.044167,22.712601,301
粤B9HL41,114.044167,22.712601,301
粤B9HL41,114.044167,22.712601,302
粤B9HL41,114.044167,22.712601,303
粤B9HL41,114.044167,22.712601,306
粤B9HL41,114.044167,22.712601,307
粤B9HL41,114.044167,22.712601,308
粤B9HL41,114.044167,22.712601,309
粤B9HL41,114.044167,22.712601,310
粤B9HL41,114.044167,22.712601,311
粤B9HL41,114.044167,22.712601,312
粤B9HL41,114.044167,22.712601,312
粤B9HL41,114.044167,22.712601,313
粤B9HL41,114.044167,22.712601,314
粤B9HL41,114.044167,22.712601,315
粤B9HL41,114.044167,22.712601,316
粤B9HL41,114.044167,22.712601,317
粤B9HL41,114.044167,22.712601,318
粤B9HL41,114.044167,22.712601,319
粤B9HL41,114.044167,22.712601,320
粤B9HL41,114.044167,22.712601,321
粤B9HL41,114.044167,22.712601,322
粤B9HL41,114.044167,22.712601,323
粤B9HL41,114.045586,22.716267,323
粤B9HL41,114.049782,22.717983,324
粤B9HL41,114.049782,22.717983,325
粤B9HL41,114.049782,22.717983,326
粤B9HL41,114.049782,22.717983,327
粤B9HL41,114.049782,22.717983,328
粤B9HL41,114.049782,22.717983,329
粤B9HL41,114.049782,22.717983,330
粤B9HL41,114.049782,22.717983,331
粤B9HL41,114.046036,22.716499,332
粤B9HL41,114.040367,22.7146,333
粤B9HL41,114.036346,22.715033,334
粤B9HL41,114.037682,22.710684,334
粤B9HL41,114.032349,22.7162,335
粤B9HL41,114.026733,22.71875,336
粤B9HL41,114.022232,22.722717,337
粤B9HL41,114.0214,22.728832,338
粤B9HL41,114.021431,22.731033,339
粤B9HL41,114.021469,22.732,340
粤B9HL41,114.018616,22.736782,341
粤B9HL41,114.015564,22.743982,342
粤B9HL41,114.014771,22.747749,343
粤B9HL41,114.014397,22.745483,344
粤B9HL41,114.011581,22.74505,345
粤B9HL41,114.013229,22.743517,345
粤B9HL41,114.011536,22.745033,346
粤B9HL41,114.011536,22.745033,347
粤B9HL41,114.011536,22.745033,348
粤B9HL41,114.011536,22.745033,349
粤B9HL41,114.011536,22.745033,350
粤B9HL41,114.011536,22.745033,351
粤B9HL41,114.011536,22.745033,352
粤B9HL41,114.011848,22.746033,353
粤B9HL41,114.014198,22.745951,354
粤B9HL41,114.015266,22.744417,355
粤B9HL41,114.013985,22.747217,356
粤B9HL41,114.012886,22.7502,356
粤B9HL41,114.011803,22.751133,357
粤B9HL41,114.012383,22.75065,358
粤B9HL41,114.012383,22.75065,359
粤B9HL41,114.012383,22.75065,360
粤B9HL41,114.012383,22.75065,361
粤B9HL41,114.012383,22.75065,362
粤B9HL41,114.012383,22.75065,363
粤B9HL41,114.013252,22.74935,364
粤B9HL41,114.01458,22.747633,365
粤B9HL41,114.018036,22.748167,366
粤B9HL41,114.018646,22.74715,367
粤B9HL41,114.016685,22.74855,367
粤B9HL41,114.013718,22.747299,368
粤B9HL41,114.011467,22.745518,369
粤B9HL41,114.011497,22.74575,370
粤B9HL41,114.011497,22.74575,371
粤B9HL41,114.011497,22.74575,372
粤B9HL41,114.011497,22.74575,373
粤B9HL41,114.011497,22.74575,374
粤B9HL41,114.011497,22.74575,375
粤B9HL41,114.011497,22.74575,376
粤B9HL41,114.011497,22.74575,377
粤B9HL41,114.011497,22.74575,378
粤B9HL41,114.011497,22.74575,378
粤B9HL41,114.011497,22.74575,379
粤B9HL41,114.011497,22.74575,380
粤B9HL41,114.011497,22.74575,381
粤B9HL41,114.011497,22.74575,382
粤B9HL41,114.011497,22.74575,383
粤B9HL41,114.011497,22.74575,384
粤B9HL41,114.011497,22.74575,385
粤B9HL41,114.012016,22.746584,386
粤B9HL41,114.014267,22.745632,387
粤B9HL41,114.015068,22.744499,388
粤B9HL41,114.017166,22.740032,389
粤B9HL41,114.021049,22.733932,389
粤B9HL41,114.021332,22.731667,390
粤B9HL41,114.021484,22.7255,392
粤B9HL41,114.025085,22.719584,393
粤B9HL41,114.032867,22.715918,394
粤B9HL41,114.031281,22.713417,395
粤B9HL41,114.031616,22.710432,396
粤B9HL41,114.037369,22.705767,397
粤B9HL41,114.035553,22.698418,398
粤B9HL41,114.035301,22.6964,399
粤B9HL41,114.0354,22.690582,400
粤B9HL41,114.035629,22.694733,400
粤B9HL41,114.03347,22.682117,401
粤B9HL41,114.031403,22.678333,402
粤B9HL41,114.02845,22.675016,403
粤B9HL41,114.026283,22.673433,404
粤B9HL41,114.026283,22.673433,405
粤B9HL41,114.027733,22.673616,406
粤B9HL41,114.031502,22.677834,407
粤B9HL41,114.034035,22.684,408
粤B9HL41,114.0355,22.690533,409
粤B9HL41,114.035553,22.695999,410
粤B9HL41,114.036102,22.700417,411
粤B9HL41,114.037483,22.705601,411
粤B9HL41,114.036453,22.7064,412
粤B9HL41,114.031319,22.710966,413
粤B9HL41,114.032532,22.713917,414
粤B9HL41,114.033432,22.715433,415
粤B9HL41,114.027168,22.718634,416
粤B9HL41,114.022217,22.72315,417
粤B9HL41,114.02153,22.730049,418
粤B9HL41,114.019669,22.735617,419
粤B9HL41,114.016769,22.741934,420
粤B9HL41,114.014267,22.747499,421
粤B9HL41,114.013664,22.748083,422
粤B9HL41,114.013367,22.748983,422
粤B9HL41,114.013367,22.748983,423
粤B9HL41,114.013367,22.748983,424
粤B9HL41,114.013367,22.748983,425
粤B9HL41,114.013367,22.748983,426
粤B9HL41,114.013367,22.748983,427
粤B9HL41,114.013367,22.748983,428
粤B9HL41,114.013367,22.748983,429
粤B9HL41,114.013367,22.748983,430
粤B9HL41,114.013367,22.748983,431
粤B9HL41,114.013367,22.748983,432
粤B9HL41,114.013786,22.747499,433
粤B9HL41,114.013367,22.748983,433
粤B9HL41,114.010513,22.74625,434
粤B9HL41,114.010414,22.746166,435
粤B9HL41,114.010414,22.746166,436
粤B9HL41,114.010414,22.746166,437
粤B9HL41,114.01078,22.746332,438
粤B9HL41,114.01403,22.74675,439
粤B9HL41,114.015617,22.743851,440
粤B9HL41,114.016365,22.742701,441
粤B9HL41,114.017815,22.737551,442
粤B9HL41,114.020882,22.734182,443
粤B9HL41,114.021202,22.727367,444
粤B9HL41,114.021446,22.730534,444
粤B9HL41,114.021782,22.724367,445
粤B9HL41,114.025734,22.719282,446
粤B9HL41,114.032082,22.716482,447
粤B9HL41,114.033615,22.71525,448
粤B9HL41,114.03257,22.713882,449
粤B9HL41,114.031502,22.713467,450
粤B9HL41,114.031197,22.7127,451
粤B9HL41,114.032669,22.709133,452
粤B9HL41,114.037216,22.704901,453
粤B9HL41,114.035316,22.697483,453
粤B9HL41,114.035316,22.697117,454
粤B9HL41,114.035515,22.695717,455
粤B9HL41,114.03553,22.695467,456
粤B9HL41,114.03553,22.695467,457
粤B9HL41,114.035652,22.694433,458
粤B9HL41,114.035713,22.691868,459
粤B9HL41,114.034416,22.686251,460
粤B9HL41,114.031799,22.679199,461
粤B9HL41,114.029846,22.675333,462
粤B9HL41,114.026718,22.674482,463
粤B9HL41,114.026268,22.673616,464
粤B9HL41,114.026733,22.673033,464
粤B9HL41,114.030602,22.675751,465
粤B9HL41,114.030602,22.675751,465
粤B9HL41,114.031647,22.678417,466
粤B9HL41,114.03418,22.684467,467
粤B9HL41,114.035301,22.689501,468
粤B9HL41,114.035965,22.6929,469
粤B9HL41,114.035919,22.693832,470
粤B9HL41,114.039452,22.693951,471
粤B9HL41,114.037621,22.694317,472
粤B9HL41,114.03775,22.695168,473
粤B9HL41,114.03775,22.695168,473
粤B9HL41,114.037384,22.694532,474
粤B9HL41,114.038818,22.694,475
粤B9HL41,114.042336,22.693483,476
粤B9HL41,114.043999,22.69315,477
粤B9HL41,114.04335,22.693283,477
粤B9HL41,114.044266,22.688801,478
粤B9HL41,114.044136,22.6863,479
粤B9HL41,114.043869,22.680866,480
粤B9HL41,114.044418,22.675383,481
粤B9HL41,114.044518,22.675117,482
粤B9HL41,114.046768,22.672466,483
粤B9HL41,114.054085,22.666767,488
粤B9HL41,114.054085,22.666767,489
粤B9HL41,114.054085,22.666767,490
粤B9HL41,114.054085,22.666767,491
粤B9HL41,114.053482,22.66605,492
粤B9HL41,114.052948,22.665117,493
粤B9HL41,114.052849,22.664949,494
粤B9HL41,114.052635,22.664482,495
粤B9HL41,114.052635,22.664482,496
粤B9HL41,114.05217,22.662617,497
粤B9HL41,114.05217,22.662617,498
粤B9HL41,114.052521,22.655382,499
粤B9HL41,114.052269,22.660418,499
粤B9HL41,114.052567,22.654751,500
粤B9HL41,114.052567,22.654751,501
粤B9HL41,114.053383,22.653883,502
粤B9HL41,114.053383,22.653883,502
粤B9HL41,114.055,22.653933,503
粤B9HL41,114.056183,22.654016,504
粤B9HL41,114.056198,22.655416,505
粤B9HL41,114.055885,22.660749,506
粤B9HL41,114.055984,22.658768,506
粤B9HL41,114.055885,22.660749,507
粤B9HL41,114.055885,22.660749,508
粤B9HL41,114.053719,22.6611,509
粤B9HL41,114.053719,22.6611,510
粤B9HL41,114.052414,22.661449,511
粤B9HL41,114.052635,22.663683,512
粤B9HL41,114.054115,22.666599,513
粤B9HL41,114.054115,22.666599,514
粤B9HL41,114.052719,22.668301,515
粤B9HL41,114.044334,22.675917,516
粤B9HL41,114.047531,22.671618,516
粤B9HL41,114.04393,22.67905,517
粤B9HL41,114.04393,22.67905,518
粤B9HL41,114.044067,22.680901,519
粤B9HL41,114.044479,22.687099,520
粤B9HL41,114.044563,22.691351,521
粤B9HL41,114.044647,22.6922,522
粤B9HL41,114.044647,22.6922,523
粤B9HL41,114.042419,22.693567,524
粤B9HL41,114.040535,22.693884,525
粤B9HL41,114.039299,22.694033,526
粤B9HL41,114.037735,22.694317,527
粤B9HL41,114.037918,22.69525,527
粤B9HL41,114.037918,22.69525,528
粤B9HL41,114.037918,22.69525,529
粤B9HL41,114.037918,22.69525,530
粤B9HL41,114.037918,22.69525,531
粤B9HL41,114.037918,22.69525,532
粤B9HL41,114.037102,22.694349,533
粤B9HL41,114.038071,22.694117,534
粤B9HL41,114.041718,22.6936,535
粤B9HL41,114.039948,22.693832,535
粤B9HL41,114.044296,22.689583,536
粤B9HL41,114.060669,22.667717,546
粤B9HL41,114.062599,22.666218,547
粤B9HL41,114.062851,22.662951,548
粤B9HL41,114.063118,22.662533,549
粤B9HL41,114.063118,22.662533,550
粤B9HL41,114.063118,22.662533,550
粤B9HL41,114.062653,22.662233,552
粤B9HL41,114.063866,22.664534,553
粤B9HL41,114.065247,22.664583,554
粤B9HL41,114.067703,22.664417,555
粤B9HL41,114.07383,22.664249,556
粤B9HL41,114.07872,22.661551,557
粤B9HL41,114.07383,22.664249,557
粤B9HL41,114.075485,22.669333,558
粤B9HL41,114.076965,22.678049,559
粤B9HL41,114.079918,22.687616,560
粤B9HL41,114.080902,22.696266,561
粤B9HL41,114.084396,22.697582,562
粤B9HL41,114.084396,22.697582,563
粤B9HL41,114.08532,22.697651,564
粤B9HL41,114.08532,22.697651,565
粤B9HL41,114.08532,22.697651,566
粤B9HL41,114.08532,22.697651,567
粤B9HL41,114.08532,22.697651,568
粤B9HL41,114.08532,22.697651,568
粤B9HL41,114.08532,22.697651,569
粤B9HL41,114.08532,22.697651,570
粤B9HL41,114.08532,22.697651,571
粤B9HL41,114.08532,22.697651,572
粤B9HL41,114.08532,22.697651,573
粤B9HL41,114.08532,22.697651,574
粤B9HL41,114.08532,22.697651,575
粤B9HL41,114.08532,22.697651,576
粤B9HL41,114.08532,22.697651,577
粤B9HL41,114.08532,22.697651,578
粤B9HL41,114.08532,22.697651,579
粤B9HL41,114.08532,22.697651,579
粤B9HL41,114.08532,22.697651,580
粤B9HL41,114.08532,22.697651,581
粤B9HL41,114.08548,22.697599,582
粤B9HL41,114.08548,22.697599,583
粤B9HL41,114.084602,22.697733,584
粤B9HL41,114.08075,22.6964,585
粤B9HL41,114.08075,22.6964,586
粤B9HL41,114.075668,22.694633,587
粤B9HL41,114.072685,22.694817,588
粤B9HL41,114.072403,22.704617,589
粤B9HL41,114.070084,22.712933,590
粤B9HL41,114.070702,22.714018,590
粤B9HL41,114.067566,22.716417,591
粤B9HL41,114.065987,22.715851,592
粤B9HL41,114.063316,22.711683,593
粤B9HL41,114.062134,22.709784,594
粤B9HL41,114.059982,22.70645,595
粤B9HL41,114.055321,22.705334,596
粤B9HL41,114.050079,22.708851,597
粤B9HL41,114.043404,22.712017,598
粤B9HL41,114.0439,22.712868,599
粤B9HL41,114.044403,22.712667,600
粤B9HL41,114.044403,22.712667,604
粤B9HL41,114.044403,22.712667,605
粤B9HL41,114.044403,22.712667,606
粤B9HL41,114.044403,22.712667,607
粤B9HL41,114.044403,22.712667,608
粤B9HL41,114.044403,22.712667,609
粤B9HL41,114.044403,22.712667,610
粤B9HL41,114.044403,22.712667,611
粤B9HL41,114.044403,22.712667,612
粤B9HL41,114.044403,22.712667,612
粤B9HL41,114.044403,22.712667,613
粤B9HL41,114.044403,22.712667,614
粤B9HL41,114.044403,22.712667,615
粤B9HL41,114.044403,22.712667,616
粤B9HL41,114.044403,22.712667,617
粤B9HL41,114.044403,22.712667,618
粤B9HL41,114.044403,22.712667,619
粤B9HL41,114.044403,22.712667,620
粤B9HL41,114.044403,22.712667,621
粤B9HL41,114.044403,22.712667,622
粤B9HL41,114.044403,22.712667,623
粤B9HL41,114.044403,22.712667,623
粤B9HL41,114.044403,22.712667,624
粤B9HL41,114.044403,22.712667,625
粤B9HL41,114.044403,22.712667,626
粤B9HL41,114.044403,22.712667,627
粤B9HL41,114.044403,22.712667,628
粤B9HL41,114.044403,22.712667,629
粤B9HL41,114.044403,22.712667,630
粤B9HL41,114.044403,22.712667,631
粤B9HL41,114.044403,22.712667,632
粤B9HL41,114.044403,22.712667,633
粤B9HL41,114.044403,22.712667,634
粤B9HL41,114.045097,22.711782,634
粤B9HL41,114.045097,22.711782,635
粤B9HL41,114.045097,22.711782,636
粤B9HL41,114.044647,22.712549,637
粤B9HL41,114.044647,22.712549,638
粤B9HL41,114.044647,22.712549,639
粤B9HL41,114.044647,22.712549,640
粤B9HL41,114.044647,22.712549,641
粤B9HL41,114.044647,22.712549,642
粤B9HL41,114.044647,22.712549,643
粤B9HL41,114.044647,22.712549,644
粤B9HL41,114.044647,22.712549,645
粤B9HL41,114.044647,22.712549,645
粤B9HL41,114.044647,22.712549,646
粤B9HL41,114.044647,22.712549,647
粤B9HL41,114.044647,22.712549,648
粤B9HL41,114.044647,22.712549,649
粤B9HL41,114.044647,22.712549,650
粤B9HL41,114.044647,22.712549,651
粤B9HL41,114.044647,22.712549,652
粤B9HL41,114.044647,22.712549,653
粤B9HL41,114.044647,22.712549,654
粤B9HL41,114.044647,22.712549,655
粤B9HL41,114.044647,22.712549,656
粤B9HL41,114.044647,22.712549,656
粤B9HL41,114.044647,22.712549,657
粤B9HL41,114.044647,22.712549,658
粤B9HL41,114.044647,22.712549,659
粤B9HL41,114.044647,22.712549,660
粤B9HL41,114.044647,22.712549,661
粤B9HL41,114.044647,22.712549,662
粤B9HL41,114.044647,22.712549,663
粤B9HL41,114.044647,22.712549,664
粤B9HL41,114.044647,22.712549,665
粤B9HL41,114.044647,22.712549,666
粤B9HL41,114.044647,22.712549,667
粤B9HL41,114.044647,22.712549,667
粤B9HL41,114.044647,22.712549,668
粤B9HL41,114.044647,22.712549,669
粤B9HL41,114.044647,22.712549,670
粤B9HL41,114.044647,22.712549,671
粤B9HL41,114.044647,22.712549,672
粤B9HL41,114.044647,22.712549,673
粤B9HL41,114.044647,22.712549,674
粤B9HL41,114.044647,22.712549,675
粤B9HL41,114.044647,22.712549,676
粤B9HL41,114.044647,22.712549,677
粤B9HL41,114.044647,22.712549,678
粤B9HL41,114.044647,22.712549,678
粤B9HL41,114.044647,22.712549,679
粤B9HL41,114.044647,22.712549,680
粤B9HL41,114.044647,22.712549,681
粤B9HL41,114.044647,22.712549,682
粤B9HL41,114.044647,22.712549,683
粤B9HL41,114.044647,22.712549,684
粤B9HL41,114.044647,22.712549,685
粤B9HL41,114.044647,22.712549,686
粤B9HL41,114.044647,22.712549,687
粤B9HL41,114.044647,22.712549,688
粤B9HL41,114.044647,22.712549,689
粤B9HL41,114.044647,22.712549,689
粤B9HL41,114.044647,22.712549,690
粤B9HL41,114.044647,22.712549,691
粤B9HL41,114.044647,22.712549,692
粤B9HL41,114.044647,22.712549,693
粤B9HL41,114.044647,22.712549,694
粤B9HL41,114.044647,22.712549,695
粤B9HL41,114.044647,22.712549,696
粤B9HL41,114.044647,22.712549,697
粤B9HL41,114.044647,22.712549,698
粤B9HL41,114.044647,22.712549,699
粤B9HL41,114.044647,22.712549,700
粤B9HL41,114.044647,22.712549,700
粤B9HL41,114.044647,22.712549,701
粤B9HL41,114.044647,22.712549,702
粤B9HL41,114.044647,22.712549,703
粤B9HL41,114.044647,22.712549,704
粤B9HL41,114.044647,22.712549,705
粤B9HL41,114.044647,22.712549,706
粤B9HL41,114.044647,22.712549,707
粤B9HL41,114.044647,22.712549,708
粤B9HL41,114.044647,22.712549,709
粤B9HL41,114.044647,22.712549,710
粤B9HL41,114.044647,22.712549,711
粤B9HL41,114.044647,22.712549,711
粤B9HL41,114.044647,22.712549,712
粤B9HL41,114.044647,22.712549,713
粤B9HL41,114.044647,22.712549,714
粤B9HL41,114.044647,22.712549,715
粤B9HL41,114.044647,22.712549,716
粤B9HL41,114.044647,22.712549,717
粤B9HL41,114.044647,22.712549,718
粤B9HL41,114.044647,22.712549,719
粤B9HL41,114.044647,22.712549,720
粤B9HL41,114.044647,22.712549,721
粤B9HL41,114.044647,22.712549,722
粤B9HL41,114.044647,22.712549,722
粤B9HL41,114.044647,22.712549,723
粤B9HL41,114.044647,22.712549,724
粤B9HL41,114.044647,22.712549,725
粤B9HL41,114.044647,22.712549,726
粤B9HL41,114.044647,22.712549,727
粤B9HL41,114.044647,22.712549,728
粤B9HL41,114.044647,22.712549,729
粤B9HL41,114.044647,22.712549,730
粤B9HL41,114.044647,22.712549,731
粤B9HL41,114.044647,22.712549,732
粤B9HL41,114.044647,22.712549,733
粤B9HL41,114.044647,22.712549,733
粤B9HL41,114.044647,22.712549,734
粤B9HL41,114.044647,22.712549,735
粤B9HL41,114.044647,22.712549,736
粤B9HL41,114.044647,22.712549,737
粤B9HL41,114.044647,22.712549,738
粤B9HL41,114.044647,22.712549,739
粤B9HL41,114.044647,22.712549,740
粤B9HL41,114.044647,22.712549,741
粤B9HL41,114.044647,22.712549,742
粤B9HL41,114.044647,22.712549,743
粤B9HL41,114.044647,22.712549,744
粤B9HL41,114.044647,22.712549,744
粤B9HL41,114.044647,22.712549,745
粤B9HL41,114.044647,22.712549,746
粤B9HL41,114.044647,22.712549,747
粤B9HL41,114.044647,22.712549,748
粤B9HL41,114.044647,22.712549,749
粤B9HL41,114.044647,22.712549,750
粤B9HL41,114.044647,22.712549,751
粤B9HL41,114.044647,22.712549,752
粤B9HL41,114.044647,22.712549,753
粤B9HL41,114.044647,22.712549,754
粤B9HL41,114.044647,22.712549,755
粤B9HL41,114.044647,22.712549,755
粤B9HL41,114.044647,22.712549,756
粤B9HL41,114.044647,22.712549,757
粤B9HL41,114.044647,22.712549,758
粤B9HL41,114.044647,22.712549,759
粤B9HL41,114.044647,22.712549,760
粤B9HL41,114.044647,22.712549,761
粤B9HL41,114.044647,22.712549,762
粤B9HL41,114.044647,22.712549,763
粤B9HL41,114.044647,22.712549,764
粤B9HL41,114.044647,22.712549,765
粤B9HL41,114.044647,22.712549,766
粤B9HL41,114.044647,22.712549,766
粤B9HL41,114.044647,22.712549,767
粤B9HL41,114.044647,22.712549,768
粤B9HL41,114.044647,22.712549,769
粤B9HL41,114.044647,22.712549,770
粤B9HL41,114.044647,22.712549,771
粤B9HL41,114.044647,22.712549,772
粤B9HL41,114.044647,22.712549,773
粤B9HL41,114.044647,22.712549,774
粤B9HL41,114.044647,22.712549,775
粤B9HL41,114.044647,22.712549,776
粤B9HL41,114.044647,22.712549,777
粤B9HL41,114.044647,22.712549,777
粤B9HL41,114.044647,22.712549,778
粤B9HL41,114.044647,22.712549,779
粤B9HL41,114.044647,22.712549,780
粤B9HL41,114.044647,22.712549,781
粤B9HL41,114.044647,22.712549,782
粤B9HL41,114.044647,22.712549,783
粤B9HL41,114.044647,22.712549,784
粤B9HL41,114.044647,22.712549,785
粤B9HL41,114.044647,22.712549,786
粤B9HL41,114.044647,22.712549,787
粤B9HL41,114.044647,22.712549,788
粤B9HL41,114.044647,22.712549,788
粤B9HL41,114.044647,22.712549,789
粤B9HL41,114.044647,22.712549,790
粤B9HL41,114.044647,22.712549,791
粤B9HL41,114.044647,22.712549,792
粤B9HL41,114.044647,22.712549,793
粤B9HL41,114.044647,22.712549,794
粤B9HL41,114.044647,22.712549,795
粤B9HL41,114.044647,22.712549,796
粤B9HL41,114.044647,22.712549,797
粤B9HL41,114.044647,22.712549,798
粤B9HL41,114.044647,22.712549,799
粤B9HL41,114.044647,22.712549,799
粤B9HL41,114.044647,22.712549,800
粤B9HL41,114.044647,22.712549,801
粤B9HL41,114.044647,22.712549,802
粤B9HL41,114.044647,22.712549,803
粤B9HL41,114.044647,22.712549,804
粤B9HL41,114.044647,22.712549,805
粤B9HL41,114.044647,22.712549,806
粤B9HL41,114.044647,22.712549,807
粤B9HL41,114.044647,22.712549,808
粤B9HL41,114.044647,22.712549,809
粤B9HL41,114.044647,22.712549,810
粤B9HL41,114.044647,22.712549,810
粤B9HL41,114.044647,22.712549,811
粤B9HL41,114.044647,22.712549,812
粤B9HL41,114.044647,22.712549,813
粤B9HL41,114.044647,22.712549,814
粤B9HL41,114.044647,22.712549,815
粤B9HL41,114.044647,22.712549,816
粤B9HL41,114.044647,22.712549,817
粤B9HL41,114.044647,22.712549,818
粤B9HL41,114.044647,22.712549,819
粤B9HL41,114.044647,22.712549,820
粤B9HL41,114.044647,22.712549,821
粤B9HL41,114.044647,22.712549,821
粤B9HL41,114.044647,22.712549,822
粤B9HL41,114.044647,22.712549,823
粤B9HL41,114.044647,22.712549,824
粤B9HL41,114.044647,22.712549,825
粤B9HL41,114.044647,22.712549,826
粤B9HL41,114.044647,22.712549,827
粤B9HL41,114.044647,22.712549,828
粤B9HL41,114.044647,22.712549,829
粤B9HL41,114.044647,22.712549,830
粤B9HL41,114.044647,22.712549,831
粤B9HL41,114.044647,22.712549,832
粤B9HL41,114.044647,22.712549,832
粤B9HL41,114.044647,22.712549,833
粤B9HL41,114.044647,22.712549,834
粤B9HL41,114.044647,22.712549,835
粤B9HL41,114.044647,22.712549,836
粤B9HL41,114.044647,22.712549,837
粤B9HL41,114.044647,22.712549,843
粤B9HL41,114.044647,22.712549,844
粤B9HL41,114.044647,22.712549,845
粤B9HL41,114.044647,22.712549,846
粤B9HL41,114.044647,22.712549,847
粤B9HL41,114.044647,22.712549,848
粤B9HL41,114.044647,22.712549,849
粤B9HL41,114.044647,22.712549,850
粤B9HL41,114.044647,22.712549,851
粤B9HL41,114.044647,22.712549,852
粤B9HL41,114.044647,22.712549,853
粤B9HL41,114.044647,22.712549,854
粤B9HL41,114.044647,22.712549,854
粤B9HL41,114.044647,22.712549,855
粤B9HL41,114.044647,22.712549,856
粤B9HL41,114.044647,22.712549,857
粤B9HL41,114.044647,22.712549,858
粤B9HL41,114.044647,22.712549,859
粤B9HL41,114.044647,22.712549,860
粤B9HL41,114.044647,22.712549,861
粤B9HL41,114.044647,22.712549,862
粤B9HL41,114.044647,22.712549,863
粤B9HL41,114.044647,22.712549,864
粤B9HL41,114.044647,22.712549,865
粤B9HL41,114.044647,22.712549,865
粤B9HL41,114.044647,22.712549,866
粤B9HL41,114.044647,22.712549,867
粤B9HL41,114.044647,22.712549,868
粤B9HL41,114.044647,22.712549,869
粤B9HL41,114.044647,22.712549,870
粤B9HL41,114.044647,22.712549,871
粤B9HL41,114.044647,22.712549,872
粤B9HL41,114.044647,22.712549,873
粤B9HL41,114.044647,22.712549,874
粤B9HL41,114.044647,22.712549,875
粤B9HL41,114.044647,22.712549,876
粤B9HL41,114.044647,22.712549,876
粤B9HL41,114.044647,22.712549,877
粤B9HL41,114.044647,22.712549,878
粤B9HL41,114.044647,22.712549,879
粤B9HL41,114.044647,22.712549,880
粤B9HL41,114.044647,22.712549,881
粤B9HL41,114.044647,22.712549,882
粤B9HL41,114.044647,22.712549,883
粤B9HL41,114.044647,22.712549,884
粤B9HL41,114.044647,22.712549,885
粤B9HL41,114.044647,22.712549,886
粤B9HL41,114.044647,22.712549,887
粤B9HL41,114.044647,22.712549,887
粤B9HL41,114.044647,22.712549,888
粤B9HL41,114.044647,22.712549,889
粤B9HL41,114.044647,22.712549,890
粤B9HL41,114.044647,22.712549,891
粤B9HL41,114.044647,22.712549,892
粤B9HL41,114.044647,22.712549,893
粤B9HL41,114.044647,22.712549,894
粤B9HL41,114.044647,22.712549,895
粤B9HL41,114.044647,22.712549,896
粤B9HL41,114.044647,22.712549,897
粤B9HL41,114.044647,22.712549,898
粤B9HL41,114.044647,22.712549,898
粤B9HL41,114.044647,22.712549,899
粤B9HL41,114.044647,22.712549,911
粤B9HL41,114.044647,22.712549,912
粤B9HL41,114.044647,22.712549,913
粤B9HL41,114.044647,22.712549,914
粤B9HL41,114.044647,22.712549,915
粤B9HL41,114.044647,22.712549,916
粤B9HL41,114.044647,22.712549,917
粤B9HL41,114.044647,22.712549,918
粤B9HL41,114.044647,22.712549,919
粤B9HL41,114.044647,22.712549,920
粤B9HL41,114.044647,22.712549,920
粤B9HL41,114.044647,22.712549,921
粤B9HL41,114.044647,22.712549,922
粤B9HL41,114.044647,22.712549,923
粤B9HL41,114.044647,22.712549,924
粤B9HL41,114.044647,22.712549,925
粤B9HL41,114.044647,22.712549,926
粤B9HL41,114.044647,22.712549,927
粤B9HL41,114.044647,22.712549,928
粤B9HL41,114.044647,22.712549,929
粤B9HL41,114.044647,22.712549,930
粤B9HL41,114.044647,22.712549,931
粤B9HL41,114.044647,22.712549,931
粤B9HL41,114.044647,22.712549,932
粤B9HL41,114.044647,22.712549,933
粤B9HL41,114.044647,22.712549,934
粤B9HL41,114.044647,22.712549,935
粤B9HL41,114.044647,22.712549,936
粤B9HL41,114.044647,22.712549,937
粤B9HL41,114.044647,22.712549,938
粤B9HL41,114.044647,22.712549,939
粤B9HL41,114.044647,22.712549,940
粤B9HL41,114.044647,22.712549,941
粤B9HL41,114.044647,22.712549,942
粤B9HL41,114.044647,22.712549,943
粤B9HL41,114.044647,22.712549,943
粤B9HL41,114.044647,22.712549,944
粤B9HL41,114.044647,22.712549,945
粤B9HL41,114.044647,22.712549,946
粤B9HL41,114.044647,22.712549,947
粤B9HL41,114.044647,22.712549,948
粤B9HL41,114.044647,22.712549,949
粤B9HL41,114.044647,22.712549,950
粤B9HL41,114.044647,22.712549,951
粤B9HL41,114.044647,22.712549,952
粤B9HL41,114.044647,22.712549,953
粤B9HL41,114.044647,22.712549,953
粤B9HL41,114.044647,22.712549,954
粤B9HL41,114.044647,22.712549,955
粤B9HL41,114.044647,22.712549,956
粤B9HL41,114.044647,22.712549,957
粤B9HL41,114.044647,22.712549,958
粤B9HL41,114.044647,22.712549,959
粤B9HL41,114.044647,22.712549,960
粤B9HL41,114.044647,22.712549,961
粤B9HL41,114.044647,22.712549,962
粤B9HL41,114.044647,22.712549,963
粤B9HL41,114.044647,22.712549,964
粤B9HL41,114.044647,22.712549,964
粤B9HL41,114.044647,22.712549,965
粤B9HL41,114.044647,22.712549,966
粤B9HL41,114.044647,22.712549,967
粤B9HL41,114.044647,22.712549,968
粤B9HL41,114.044647,22.712549,969
粤B9HL41,114.044647,22.712549,970
粤B9HL41,114.044647,22.712549,971
粤B9HL41,114.044647,22.712549,972
粤B9HL41,114.044647,22.712549,973
粤B9HL41,114.044647,22.712549,974
粤B9HL41,114.044647,22.712549,975
粤B9HL41,114.044647,22.712549,975
粤B9HL41,114.044647,22.712549,976
粤B9HL41,114.044647,22.712549,977
粤B9HL41,114.044647,22.712549,978
粤B9HL41,114.044647,22.712549,979
粤B9HL41,114.044647,22.712549,980
粤B9HL41,114.044647,22.712549,981
粤B9HL41,114.044647,22.712549,982
粤B9HL41,114.044647,22.712549,983
粤B9HL41,114.044647,22.712549,984
粤B9HL41,114.044647,22.712549,985
粤B9HL41,114.044647,22.712549,986
粤B9HL41,114.044647,22.712549,986
粤B9HL41,114.044647,22.712549,987
粤B9HL41,114.044647,22.712549,988
粤B9HL41,114.044647,22.712549,989
粤B9HL41,114.044647,22.712549,990
粤B9HL41,114.044647,22.712549,991
粤B9HL41,114.044647,22.712549,992
粤B9HL41,114.044647,22.712549,993
粤B9HL41,114.044647,22.712549,995
粤B9HL41,114.044647,22.712549,997
粤B9HL41,114.044647,22.712549,997
粤B9HL41,114.044647,22.712549,998
粤B9HL41,114.044647,22.712549,999
粤B9HL41,114.044647,22.712549,1000
粤B9HL41,114.044647,22.712549,1001
粤B9HL41,114.044647,22.712549,1002
粤B9HL41,114.044647,22.712549,1003
粤B9HL41,114.044647,22.712549,1004
粤B9HL41,114.044647,22.712549,1005
粤B9HL41,114.044647,22.712549,1006
粤B9HL41,114.044647,22.712549,1007
粤B9HL41,114.044647,22.712549,1008
粤B9HL41,114.044647,22.712549,1008
粤B9HL41,114.044647,22.712549,1009
粤B9HL41,114.044647,22.712549,1010
粤B9HL41,114.044647,22.712549,1011
粤B9HL41,114.044647,22.712549,1012
粤B9HL41,114.044647,22.712549,1013
粤B9HL41,114.044647,22.712549,1014
粤B9HL41,114.044647,22.712549,1015
粤B9HL41,114.044647,22.712549,1016
粤B9HL41,114.044647,22.712549,1017
粤B9HL41,114.044647,22.712549,1018
粤B9HL41,114.044647,22.712549,1019
粤B9HL41,114.044647,22.712549,1019
粤B9HL41,114.044647,22.712549,1030
粤B9HL41,114.044647,22.712549,1031
粤B9HL41,114.044647,22.712549,1031
粤B9HL41,114.044647,22.712549,1032
粤B9HL41,114.044647,22.712549,1033
粤B9HL41,114.044647,22.712549,1034
粤B9HL41,114.044647,22.712549,1035
粤B9HL41,114.044647,22.712549,1036
粤B9HL41,114.044647,22.712549,1037
粤B9HL41,114.044647,22.712549,1038
粤B9HL41,114.044647,22.712549,1039
粤B9HL41,114.044647,22.712549,1040
粤B9HL41,114.044647,22.712549,1041
粤B9HL41,114.044647,22.712549,1042
粤B9HL41,114.044647,22.712549,1042
粤B9HL41,114.044647,22.712549,1043
粤B9HL41,114.044647,22.712549,1044
粤B9HL41,114.044647,22.712549,1045
粤B9HL41,114.044647,22.712549,1046
粤B9HL41,114.044647,22.712549,1047
粤B9HL41,114.044647,22.712549,1048
粤B9HL41,114.044647,22.712549,1049
粤B9HL41,114.044647,22.712549,1050
粤B9HL41,114.044647,22.712549,1051
粤B9HL41,114.044647,22.712549,1052
粤B9HL41,114.044647,22.712549,1053
粤B9HL41,114.044647,22.712549,1053
粤B9HL41,114.044647,22.712549,1054
粤B9HL41,114.044647,22.712549,1055
粤B9HL41,114.044647,22.712549,1056
粤B9HL41,114.044083,22.713167,1057
粤B9HL41,114.044083,22.713167,1058
粤B9HL41,114.044083,22.713167,1059
粤B9HL41,114.044083,22.713167,1060
粤B9HL41,114.044083,22.713167,1061
粤B9HL41,114.044083,22.713167,1062
粤B9HL41,114.044083,22.713167,1063
粤B9HL41,114.044083,22.713167,1064
粤B9HL41,114.044083,22.713167,1064
粤B9HL41,114.044083,22.713167,1065
粤B9HL41,114.044083,22.713167,1066
粤B9HL41,114.044083,22.713167,1067
粤B9HL41,114.044083,22.713167,1068
粤B9HL41,114.044083,22.713167,1069
粤B9HL41,114.044083,22.713167,1070
粤B9HL41,114.044083,22.713167,1071
粤B9HL41,114.044083,22.713167,1072
粤B9HL41,114.044083,22.713167,1073
粤B9HL41,114.044083,22.713167,1074
粤B9HL41,114.044083,22.713167,1075
粤B9HL41,114.044083,22.713167,1075
粤B9HL41,114.044083,22.713167,1076
粤B9HL41,114.044083,22.713167,1077
粤B9HL41,114.044083,22.713167,1078
粤B9HL41,114.044083,22.713167,1079
粤B9HL41,114.044083,22.713167,1080
粤B9HL41,114.044083,22.713167,1081
粤B9HL41,114.044083,22.713167,1082
粤B9HL41,114.044083,22.713167,1083
粤B9HL41,114.044083,22.713167,1084
粤B9HL41,114.044083,22.713167,1085
粤B9HL41,114.044083,22.713167,1086
粤B9HL41,114.044083,22.713167,1086
粤B9HL41,114.044083,22.713167,1087
粤B9HL41,114.044083,22.713167,1088
粤B9HL41,114.044083,22.713167,1089
粤B9HL41,114.044083,22.713167,1090
粤B9HL41,114.044083,22.713167,1091
粤B9HL41,114.044083,22.713167,1092
粤B9HL41,114.044083,22.713167,1093
粤B9HL41,114.044083,22.713167,1094
粤B9HL41,114.044083,22.713167,1095
粤B9HL41,114.044083,22.713167,1096
粤B9HL41,114.044083,22.713167,1097
粤B9HL41,114.044083,22.713167,1097
粤B9HL41,114.044083,22.713167,1098
粤B9HL41,114.044083,22.713167,1099
粤B9HL41,114.044083,22.713167,1100
粤B9HL41,114.044083,22.713167,1101
粤B9HL41,114.044083,22.713167,1102
粤B9HL41,114.044083,22.713167,1103
粤B9HL41,114.044083,22.713167,1104
粤B9HL41,114.044083,22.713167,1105
粤B9HL41,114.044083,22.713167,1106
粤B9HL41,114.044083,22.713167,1107
粤B9HL41,114.044083,22.713167,1108
粤B9HL41,114.044083,22.713167,1108
粤B9HL41,114.044083,22.713167,1109
粤B9HL41,114.044083,22.713167,1110
粤B9HL41,114.044083,22.713167,1111
粤B9HL41,114.044083,22.713167,1112
粤B9HL41,114.044083,22.713167,1113
粤B9HL41,114.044083,22.713167,1114
粤B9HL41,114.044083,22.713167,1115
粤B9HL41,114.044083,22.713167,1116
粤B9HL41,114.044083,22.713167,1117
粤B9HL41,114.044083,22.713167,1118
粤B9HL41,114.044083,22.713167,1119
粤B9HL41,114.044083,22.713167,1119
粤B9HL41,114.044083,22.713167,1120
粤B9HL41,114.044083,22.713167,1121
粤B9HL41,114.044083,22.713167,1122
粤B9HL41,114.044083,22.713167,1123
粤B9HL41,114.044083,22.713167,1124
粤B9HL41,114.044083,22.713167,1125
粤B9HL41,114.044083,22.713167,1126
粤B9HL41,114.044083,22.713167,1127
粤B9HL41,114.044083,22.713167,1128
粤B9HL41,114.044083,22.713167,1129
粤B9HL41,114.044083,22.713167,1130
粤B9HL41,114.044083,22.713167,1130
粤B9HL41,114.044083,22.713167,1131
粤B9HL41,114.044083,22.713167,1132
粤B9HL41,114.044083,22.713167,1133
粤B9HL41,114.044083,22.713167,1134
粤B9HL41,114.044083,22.713167,1135
粤B9HL41,114.044083,22.713167,1136
粤B9HL41,114.044083,22.713167,1137
粤B9HL41,114.044083,22.713167,1144
粤B9HL41,114.044083,22.713167,1145
粤B9HL41,114.044083,22.713167,1146
粤B9HL41,114.044083,22.713167,1147
粤B9HL41,114.044083,22.713167,1148
粤B9HL41,114.044083,22.713167,1149
粤B9HL41,114.044083,22.713167,1150
粤B9HL41,114.044083,22.713167,1151
粤B9HL41,114.044083,22.713167,1152
粤B9HL41,114.044083,22.713167,1152
粤B9HL41,114.044083,22.713167,1153
粤B9HL41,114.044083,22.713167,1154
粤B9HL41,114.044083,22.713167,1155
粤B9HL41,114.044083,22.713167,1156
粤B9HL41,114.044083,22.713167,1157
粤B9HL41,114.044083,22.713167,1158
粤B9HL41,114.044083,22.713167,1159
粤B9HL41,114.044083,22.713167,1160
粤B9HL41,114.044083,22.713167,1161
粤B9HL41,114.044083,22.713167,1162
粤B9HL41,114.044083,22.713167,1163
粤B9HL41,114.044083,22.713167,1163
粤B9HL41,114.044083,22.713167,1164
粤B9HL41,114.044083,22.713167,1165
粤B9HL41,114.044083,22.713167,1166
粤B9HL41,114.044083,22.713167,1167
粤B9HL41,114.044083,22.713167,1168
粤B9HL41,114.044083,22.713167,1169
粤B9HL41,114.044083,22.713167,1170
粤B9HL41,114.044083,22.713167,1171
粤B9HL41,114.044083,22.713167,1172
粤B9HL41,114.044083,22.713167,1173
粤B9HL41,114.044083,22.713167,1174
粤B9HL41,114.044083,22.713167,1174
粤B9HL41,114.044083,22.713167,1175
粤B9HL41,114.044083,22.713167,1176
粤B9HL41,114.044083,22.713167,1177
粤B9HL41,114.044083,22.713167,1178
粤B9HL41,114.044083,22.713167,1179
粤B9HL41,114.044083,22.713167,1180
粤B9HL41,114.044083,22.713167,1181
粤B9HL41,114.044083,22.713167,1182
粤B9HL41,114.044083,22.713167,1183
粤B9HL41,114.044083,22.713167,1184
粤B9HL41,114.044083,22.713167,1185
粤B9HL41,114.044083,22.713167,1185
粤B9HL41,114.044083,22.713167,1186
粤B9HL41,114.044083,22.713167,1187
粤B9HL41,114.044083,22.713167,1188
粤B9HL41,114.044083,22.713167,1189
粤B9HL41,114.044083,22.713167,1190
粤B9HL41,114.044083,22.713167,1191
粤B9HL41,114.044083,22.713167,1192
粤B9HL41,114.044083,22.713167,1193
粤B9HL41,114.044083,22.713167,1194
粤B9HL41,114.044083,22.713167,1195
粤B9HL41,114.044083,22.713167,1196
粤B9HL41,114.044083,22.713167,1196
粤B9HL41,114.044083,22.713167,1197
粤B9HL41,114.044083,22.713167,1198
粤B9HL41,114.044083,22.713167,1199
粤B9HL41,114.044083,22.713167,1200
粤B9HL41,114.044083,22.713167,1202
粤B9HL41,114.044083,22.713167,1203
粤B9HL41,114.044083,22.713167,1204
粤B9HL41,114.044083,22.713167,1205
粤B9HL41,114.044083,22.713167,1206
粤B9HL41,114.044083,22.713167,1207
粤B9HL41,114.044083,22.713167,1207
粤B9HL41,114.044083,22.713167,1208
粤B9HL41,114.044083,22.713167,1209
粤B9HL41,114.044083,22.713167,1210
粤B9HL41,114.044083,22.713167,1211
粤B9HL41,114.044083,22.713167,1212
粤B9HL41,114.044083,22.713167,1213
粤B9HL41,114.044083,22.713167,1214
粤B9HL41,114.044083,22.713167,1215
粤B9HL41,114.044083,22.713167,1216
粤B9HL41,114.044083,22.713167,1217
粤B9HL41,114.044083,22.713167,1218
粤B9HL41,114.044083,22.713167,1218
粤B9HL41,114.044083,22.713167,1219
粤B9HL41,114.044083,22.713167,1220
粤B9HL41,114.044083,22.713167,1221
粤B9HL41,114.044083,22.713167,1222
粤B9HL41,114.044083,22.713167,1223
粤B9HL41,114.044083,22.713167,1224
粤B9HL41,114.044083,22.713167,1225
粤B9HL41,114.044083,22.713167,1226
粤B9HL41,114.044083,22.713167,1227
粤B9HL41,114.044083,22.713167,1228
粤B9HL41,114.044083,22.713167,1229
粤B9HL41,114.044083,22.713167,1229
粤B9HL41,114.044083,22.713167,1230
粤B9HL41,114.044083,22.713167,1231
粤B9HL41,114.044083,22.713167,1232
粤B9HL41,114.044083,22.713167,1233
粤B9HL41,114.044083,22.713167,1234
粤B9HL41,114.044083,22.713167,1235
粤B9HL41,114.044083,22.713167,1236
粤B9HL41,114.044083,22.713167,1237
粤B9HL41,114.044083,22.713167,1238
粤B9HL41,114.044083,22.713167,1239
粤B9HL41,114.044083,22.713167,1240
粤B9HL41,114.044083,22.713167,1240
粤B9HL41,114.044083,22.713167,1241
粤B9HL41,114.044083,22.713167,1242
粤B9HL41,114.044083,22.713167,1243
粤B9HL41,114.044083,22.713167,1244
粤B9HL41,114.044083,22.713167,1245
粤B9HL41,114.044083,22.713167,1246
粤B9HL41,114.044083,22.713167,1247
粤B9HL41,114.044083,22.713167,1248
粤B9HL41,114.044083,22.713167,1249
粤B9HL41,114.044083,22.713167,1250
粤B9HL41,114.044083,22.713167,1251
粤B9HL41,114.044083,22.713167,1251
粤B9HL41,114.044083,22.713167,1252
粤B9HL41,114.044083,22.713167,1253
粤B9HL41,114.044083,22.713167,1254
粤B9HL41,114.044083,22.713167,1255
粤B9HL41,114.044083,22.713167,1256
粤B9HL41,114.044083,22.713167,1257
粤B9HL41,114.044083,22.713167,1258
粤B9HL41,114.044083,22.713167,1259
粤B9HL41,114.044083,22.713167,1260
粤B9HL41,114.044083,22.713167,1261
粤B9HL41,114.044083,22.713167,1262
粤B9HL41,114.044083,22.713167,1262
粤B9HL41,114.044083,22.713167,1263
粤B9HL41,114.044083,22.713167,1264
粤B9HL41,114.044083,22.713167,1265
粤B9HL41,114.044083,22.713167,1266
粤B9HL41,114.044083,22.713167,1267
粤B9HL41,114.044083,22.713167,1268
粤B9HL41,114.044083,22.713167,1269
粤B9HL41,114.044083,22.713167,1270
粤B9HL41,114.044083,22.713167,1271
粤B9HL41,114.044083,22.713167,1272
粤B9HL41,114.044083,22.713167,1273
粤B9HL41,114.044083,22.713167,1273
粤B9HL41,114.044083,22.713167,1274
粤B9HL41,114.044083,22.713167,1275
粤B9HL41,114.044083,22.713167,1276
粤B9HL41,114.044083,22.713167,1277
粤B9HL41,114.044083,22.713167,1278
粤B9HL41,114.044083,22.713167,1279
粤B9HL41,114.044083,22.713167,1280
粤B9HL41,114.044083,22.713167,1281
粤B9HL41,114.044083,22.713167,1282
粤B9HL41,114.044083,22.713167,1283
粤B9HL41,114.044083,22.713167,1284
粤B9HL41,114.044083,22.713167,1284
粤B9HL41,114.044083,22.713167,1285
粤B9HL41,114.044083,22.713167,1286
粤B9HL41,114.044083,22.713167,1287
粤B9HL41,114.044083,22.713167,1288
粤B9HL41,114.044083,22.713167,1289
粤B9HL41,114.044083,22.713167,1290
粤B9HL41,114.044083,22.713167,1291
粤B9HL41,114.044083,22.713167,1292
粤B9HL41,114.044083,22.713167,1293
粤B9HL41,114.044083,22.713167,1294
粤B9HL41,114.044083,22.713167,1295
粤B9HL41,114.044083,22.713167,1295
粤B9HL41,114.044083,22.713167,1296
粤B9HL41,114.044083,22.713167,1297
粤B9HL41,114.044083,22.713167,1298
粤B9HL41,114.044083,22.713167,1299
粤B9HL41,114.044083,22.713167,1300
粤B9HL41,114.044083,22.713167,1301
粤B9HL41,114.044083,22.713167,1302
粤B9HL41,114.044083,22.713167,1303
粤B9HL41,114.044083,22.713167,1304
粤B9HL41,114.044083,22.713167,1305
粤B9HL41,114.044083,22.713167,1306
粤B9HL41,114.044083,22.713167,1306
粤B9HL41,114.044083,22.713167,1307
粤B9HL41,114.044083,22.713167,1308
粤B9HL41,114.044083,22.713167,1309
粤B9HL41,114.044083,22.713167,1310
粤B9HL41,114.044083,22.713167,1311
粤B9HL41,114.044083,22.713167,1312
粤B9HL41,114.044083,22.713167,1313
粤B9HL41,114.044083,22.713167,1314
粤B9HL41,114.044083,22.713167,1315
粤B9HL41,114.044083,22.713167,1316
粤B9HL41,114.044083,22.713167,1317
粤B9HL41,114.044083,22.713167,1317
粤B9HL41,114.044083,22.713167,1318
粤B9HL41,114.044083,22.713167,1319
粤B9HL41,114.044083,22.713167,1320
粤B9HL41,114.044083,22.713167,1321
粤B9HL41,114.044083,22.713167,1322
粤B9HL41,114.044083,22.713167,1323
粤B9HL41,114.044083,22.713167,1324
粤B9HL41,114.044083,22.713167,1325
粤B9HL41,114.044083,22.713167,1326
粤B9HL41,114.044083,22.713167,1327
粤B9HL41,114.044083,22.713167,1328
粤B9HL41,114.044083,22.713167,1328
粤B9HL41,114.044083,22.713167,1329
粤B9HL41,114.044083,22.713167,1330
粤B9HL41,114.044083,22.713167,1331
粤B9HL41,114.044083,22.713167,1332
粤B9HL41,114.044083,22.713167,1333
粤B9HL41,114.044083,22.713167,1334
粤B9HL41,114.044083,22.713167,1335
粤B9HL41,114.044083,22.713167,1336
粤B9HL41,114.044083,22.713167,1337
粤B9HL41,114.044083,22.713167,1338
粤B9HL41,114.044083,22.713167,1339
粤B9HL41,114.044083,22.713167,1339
粤B9HL41,114.044083,22.713167,1340
粤B9HL41,114.044083,22.713167,1341
粤B9HL41,114.044083,22.713167,1342
粤B9HL41,114.044083,22.713167,1343
粤B9HL41,114.044083,22.713167,1344
粤B9HL41,114.044083,22.713167,1345
粤B9HL41,114.044083,22.713167,1346
粤B9HL41,114.044083,22.713167,1347
粤B9HL41,114.044083,22.713167,1348
粤B9HL41,114.044083,22.713167,1349
粤B9HL41,114.044083,22.713167,1350
粤B9HL41,114.044083,22.713167,1350
粤B9HL41,114.044083,22.713167,1351
粤B9HL41,114.044083,22.713167,1352
粤B9HL41,114.044083,22.713167,1353
粤B9HL41,114.044083,22.713167,1354
粤B9HL41,114.044083,22.713167,1355
粤B9HL41,114.044083,22.713167,1356
粤B9HL41,114.044083,22.713167,1357
粤B9HL41,114.044083,22.713167,1358
粤B9HL41,114.044083,22.713167,1359
粤B9HL41,114.044083,22.713167,1360
粤B9HL41,114.044083,22.713167,1361
粤B9HL41,114.044083,22.713167,1361
粤B9HL41,114.044083,22.713167,1362
粤B9HL41,114.044083,22.713167,1363
粤B9HL41,114.044083,22.713167,1364
粤B9HL41,114.044083,22.713167,1365
粤B9HL41,114.044083,22.713167,1366
粤B9HL41,114.044083,22.713167,1367
粤B9HL41,114.044083,22.713167,1368
粤B9HL41,114.044083,22.713167,1369
粤B9HL41,114.044083,22.713167,1370
粤B9HL41,114.044083,22.713167,1371
粤B9HL41,114.044083,22.713167,1372
粤B9HL41,114.044083,22.713167,1372
粤B9HL41,114.044083,22.713167,1373
粤B9HL41,114.044083,22.713167,1374
粤B9HL41,114.044083,22.713167,1375
粤B9HL41,114.044083,22.713167,1376
粤B9HL41,114.044083,22.713167,1377
粤B9HL41,114.044083,22.713167,1378
粤B9HL41,114.044083,22.713167,1379
粤B9HL41,114.044083,22.713167,1380
粤B9HL41,114.044083,22.713167,1381
粤B9HL41,114.044083,22.713167,1382
粤B9HL41,114.044083,22.713167,1383
粤B9HL41,114.044083,22.713167,1383
粤B9HL41,114.044083,22.713167,1384
粤B9HL41,114.044083,22.713167,1385
粤B9HL41,114.044083,22.713167,1386
粤B9HL41,114.044083,22.713167,1387
粤B9HL41,114.044083,22.713167,1388
粤B9HL41,114.044083,22.713167,1389
粤B9HL41,114.044083,22.713167,1390
粤B9HL41,114.044083,22.713167,1391
粤B9HL41,114.044083,22.713167,1392
粤B9HL41,114.044083,22.713167,1393
粤B9HL41,114.044083,22.713167,1394
粤B9HL41,114.044083,22.713167,1394
粤B9HL41,114.044083,22.713167,1395
粤B9HL41,114.044083,22.713167,1396
粤B9HL41,114.044083,22.713167,1397
粤B9HL41,114.044083,22.713167,1398
粤B9HL41,114.044083,22.713167,1399
粤B9HL41,114.044083,22.713167,1400
粤B9HL41,114.044083,22.713167,1401
粤B9HL41,114.044083,22.713167,1402
粤B9HL41,114.044083,22.713167,1403
粤B9HL41,114.044083,22.713167,1404
粤B9HL41,114.044083,22.713167,1405
粤B9HL41,114.044083,22.713167,1405
粤B9HL41,114.044083,22.713167,1406
粤B9HL41,114.044083,22.713167,1407
粤B9HL41,114.044083,22.713167,1408
粤B9HL41,114.044083,22.713167,1409
粤B9HL41,114.044083,22.713167,1410
粤B9HL41,114.044083,22.713167,1411
粤B9HL41,114.044083,22.713167,1412
粤B9HL41,114.044083,22.713167,1413
粤B9HL41,114.044083,22.713167,1414
粤B9HL41,114.044083,22.713167,1415
粤B9HL41,114.044083,22.713167,1416
粤B9HL41,114.044083,22.713167,1416
粤B9HL41,114.044083,22.713167,1417
粤B9HL41,114.044083,22.713167,1418
粤B9HL41,114.044083,22.713167,1419
粤B9HL41,114.044083,22.713167,1420
粤B9HL41,114.044083,22.713167,1421
粤B9HL41,114.044083,22.713167,1422
粤B9HL41,114.044083,22.713167,1423
粤B9HL41,114.044083,22.713167,1424
粤B9HL41,114.044083,22.713167,1425
粤B9HL41,114.044083,22.713167,1426
粤B9HL41,114.044083,22.713167,1427
粤B9HL41,114.044083,22.713167,1427
粤B9HL41,114.044083,22.713167,1428
粤B9HL41,114.044083,22.713167,1429
粤B9HL41,114.044083,22.713167,1430
粤B9HL41,114.044083,22.713167,1431
粤B9HL41,114.044083,22.713167,1432
粤B9HL41,114.044083,22.713167,1433
粤B9HL41,114.044083,22.713167,1434
粤B9HL41,114.044083,22.713167,1435
粤B9HL41,114.044083,22.713167,1436
粤B9HL41,114.044083,22.713167,1437
粤B9HL41,114.044083,22.713167,1438
粤B9HL41,114.044083,22.713167,1438
粤B9HL41,114.044083,22.713167,1439
