粤B678ZD,114.112099,22.6243,7
粤B678ZD,114.112099,22.6243,7
粤B678ZD,114.112099,22.6243,10
粤B678ZD,114.112099,22.6243,10
粤B678ZD,114.112099,22.6243,10
粤B678ZD,114.112099,22.6243,10
粤B678ZD,114.112099,22.6243,11
粤B678ZD,114.112099,22.6243,11
粤B678ZD,114.112099,22.6243,13
粤B678ZD,114.112099,22.6243,13
粤B678ZD,114.112099,22.6243,13
粤B678ZD,114.112099,22.6243,14
粤B678ZD,114.112099,22.6243,14
粤B678ZD,114.112099,22.6243,14
粤B678ZD,114.112099,22.6243,15
粤B678ZD,114.112099,22.6243,15
粤B678ZD,114.112099,22.6243,16
粤B678ZD,114.112099,22.6243,16
粤B678ZD,114.112099,22.6243,17
粤B678ZD,114.112099,22.6243,17
粤B678ZD,114.112099,22.6243,17
粤B678ZD,114.112099,22.6243,18
粤B678ZD,114.112099,22.6243,18
粤B678ZD,114.112099,22.6243,18
粤B678ZD,114.112099,22.6243,20
粤B678ZD,114.112099,22.6243,20
粤B678ZD,114.112099,22.6243,20
粤B678ZD,114.112099,22.6243,21
粤B678ZD,114.112099,22.6243,21
粤B678ZD,114.112099,22.6243,21
粤B678ZD,114.112099,22.6243,22
粤B678ZD,114.112099,22.6243,24
粤B678ZD,114.112099,22.6243,24
粤B678ZD,114.112099,22.6243,25
粤B678ZD,114.112099,22.6243,27
粤B678ZD,114.112099,22.6243,27
粤B678ZD,114.112099,22.6243,28
粤B678ZD,114.112099,22.6243,28
粤B678ZD,114.112099,22.6243,28
粤B678ZD,114.112099,22.6243,28
粤B678ZD,114.112099,22.6243,31
粤B678ZD,114.112099,22.6243,31
粤B678ZD,114.112099,22.6243,32
粤B678ZD,114.112099,22.6243,32
粤B678ZD,114.112099,22.6243,34
粤B678ZD,114.112099,22.6243,35
粤B678ZD,114.112099,22.6243,35
粤B678ZD,114.112099,22.6243,35
粤B678ZD,114.112099,22.6243,36
粤B678ZD,114.112099,22.6243,38
粤B678ZD,114.112099,22.6243,38
粤B678ZD,114.112099,22.6243,38
粤B678ZD,114.112099,22.6243,39
粤B678ZD,114.112099,22.6243,39
粤B678ZD,114.112099,22.6243,39
粤B678ZD,114.112099,22.6243,41
粤B678ZD,114.112099,22.6243,41
粤B678ZD,114.112099,22.6243,42
粤B678ZD,114.112099,22.6243,43
粤B678ZD,114.112099,22.6243,43
粤B678ZD,114.112099,22.6243,45
粤B678ZD,114.112099,22.6243,45
粤B678ZD,114.112099,22.6243,45
粤B678ZD,114.112099,22.6243,46
粤B678ZD,114.112099,22.6243,46
粤B678ZD,114.112099,22.6243,46
粤B678ZD,114.112099,22.6243,46
粤B678ZD,114.112099,22.6243,48
粤B678ZD,114.112099,22.6243,48
粤B678ZD,114.112099,22.6243,49
粤B678ZD,114.112099,22.6243,49
粤B678ZD,114.112099,22.6243,49
粤B678ZD,114.112099,22.6243,49
粤B678ZD,114.112099,22.6243,50
粤B678ZD,114.112099,22.6243,50
粤B678ZD,114.112099,22.6243,50
粤B678ZD,114.112099,22.6243,52
粤B678ZD,114.112099,22.6243,52
粤B678ZD,114.112099,22.6243,52
粤B678ZD,114.112099,22.6243,53
粤B678ZD,114.112099,22.6243,55
粤B678ZD,114.112099,22.6243,56
粤B678ZD,114.112099,22.6243,56
粤B678ZD,114.112099,22.6243,56
粤B678ZD,114.112099,22.6243,56
粤B678ZD,114.112099,22.6243,57
粤B678ZD,114.112099,22.6243,57
粤B678ZD,114.112099,22.6243,57
粤B678ZD,114.112099,22.6243,59
粤B678ZD,114.112099,22.6243,59
粤B678ZD,114.112099,22.6243,60
粤B678ZD,114.112099,22.6243,60
粤B678ZD,114.112099,22.6243,60
粤B678ZD,114.112099,22.6243,61
粤B678ZD,114.112099,22.6243,61
粤B678ZD,114.112099,22.6243,63
粤B678ZD,114.112099,22.6243,63
粤B678ZD,114.112099,22.6243,64
粤B678ZD,114.112099,22.6243,64
粤B678ZD,114.112099,22.6243,64
粤B678ZD,114.112099,22.6243,64
粤B678ZD,114.112099,22.6243,65
粤B678ZD,114.112099,22.6243,67
粤B678ZD,114.112099,22.6243,67
粤B678ZD,114.112099,22.6243,68
粤B678ZD,114.112099,22.6243,68
粤B678ZD,114.112099,22.6243,70
粤B678ZD,114.112099,22.6243,71
粤B678ZD,114.112099,22.6243,71
粤B678ZD,114.112099,22.6243,72
粤B678ZD,114.112099,22.6243,72
粤B678ZD,114.112099,22.6243,72
粤B678ZD,114.112099,22.6243,73
粤B678ZD,114.112099,22.6243,74
粤B678ZD,114.112099,22.6243,74
粤B678ZD,114.112099,22.6243,74
粤B678ZD,114.112099,22.6243,74
粤B678ZD,114.112099,22.6243,75
粤B678ZD,114.112099,22.6243,75
粤B678ZD,114.112099,22.6243,77
粤B678ZD,114.112099,22.6243,77
粤B678ZD,114.112099,22.6243,77
粤B678ZD,114.112099,22.6243,78
粤B678ZD,114.112099,22.6243,79
粤B678ZD,114.112099,22.6243,80
粤B678ZD,114.112099,22.6243,81
粤B678ZD,114.112099,22.6243,81
粤B678ZD,114.112099,22.6243,81
粤B678ZD,114.112099,22.6243,82
粤B678ZD,114.112099,22.6243,82
粤B678ZD,114.112099,22.6243,84
粤B678ZD,114.112099,22.6243,84
粤B678ZD,114.112099,22.6243,85
粤B678ZD,114.112099,22.6243,86
粤B678ZD,114.112099,22.6243,87
粤B678ZD,114.112099,22.6243,88
粤B678ZD,114.112099,22.6243,89
粤B678ZD,114.112099,22.6243,89
粤B678ZD,114.112099,22.6243,91
粤B678ZD,114.112099,22.6243,91
粤B678ZD,114.112099,22.6243,92
粤B678ZD,114.112099,22.6243,92
粤B678ZD,114.112099,22.6243,92
粤B678ZD,114.112099,22.6243,93
粤B678ZD,114.112099,22.6243,94
粤B678ZD,114.112099,22.6243,95
粤B678ZD,114.112099,22.6243,95
粤B678ZD,114.112099,22.6243,95
粤B678ZD,114.112099,22.6243,96
粤B678ZD,114.112099,22.6243,96
粤B678ZD,114.112099,22.6243,96
粤B678ZD,114.112099,22.6243,98
粤B678ZD,114.112099,22.6243,98
粤B678ZD,114.112099,22.6243,99
粤B678ZD,114.112099,22.6243,99
粤B678ZD,114.112099,22.6243,99
粤B678ZD,114.112099,22.6243,99
粤B678ZD,114.112099,22.6243,102
粤B678ZD,114.112099,22.6243,103
粤B678ZD,114.112099,22.6243,103
粤B678ZD,114.112099,22.6243,103
粤B678ZD,114.112099,22.6243,104
粤B678ZD,114.112099,22.6243,105
粤B678ZD,114.112099,22.6243,106
粤B678ZD,114.112099,22.6243,106
粤B678ZD,114.112099,22.6243,106
粤B678ZD,114.112099,22.6243,106
粤B678ZD,114.112099,22.6243,107
粤B678ZD,114.112099,22.6243,107
粤B678ZD,114.112099,22.6243,109
粤B678ZD,114.112099,22.6243,110
粤B678ZD,114.112099,22.6243,110
粤B678ZD,114.112099,22.6243,110
粤B678ZD,114.112099,22.6243,110
粤B678ZD,114.112099,22.6243,111
粤B678ZD,114.112099,22.6243,111
粤B678ZD,114.112099,22.6243,113
粤B678ZD,114.112099,22.6243,113
粤B678ZD,114.112099,22.6243,113
粤B678ZD,114.112099,22.6243,114
粤B678ZD,114.112099,22.6243,114
粤B678ZD,114.112099,22.6243,115
粤B678ZD,114.112099,22.6243,116
粤B678ZD,114.112099,22.6243,116
粤B678ZD,114.112099,22.6243,117
粤B678ZD,114.112099,22.6243,117
粤B678ZD,114.112099,22.6243,118
粤B678ZD,114.112099,22.6243,118
粤B678ZD,114.112099,22.6243,120
粤B678ZD,114.112099,22.6243,121
粤B678ZD,114.112099,22.6243,121
粤B678ZD,114.112099,22.6243,121
粤B678ZD,114.112099,22.6243,122
粤B678ZD,114.112099,22.6243,124
粤B678ZD,114.112099,22.6243,124
粤B678ZD,114.112099,22.6243,125
粤B678ZD,114.112099,22.6243,125
粤B678ZD,114.112099,22.6243,125
粤B678ZD,114.112099,22.6243,127
粤B678ZD,114.112099,22.6243,127
粤B678ZD,114.112099,22.6243,128
粤B678ZD,114.112099,22.6243,129
粤B678ZD,114.112099,22.6243,129
粤B678ZD,114.112099,22.6243,129
粤B678ZD,114.112099,22.6243,131
粤B678ZD,114.112099,22.6243,131
粤B678ZD,114.112099,22.6243,131
粤B678ZD,114.112099,22.6243,132
粤B678ZD,114.112099,22.6243,132
粤B678ZD,114.112099,22.6243,132
粤B678ZD,114.112099,22.6243,134
粤B678ZD,114.112099,22.6243,135
粤B678ZD,114.112099,22.6243,135
粤B678ZD,114.112099,22.6243,136
粤B678ZD,114.112099,22.6243,136
粤B678ZD,114.112099,22.6243,137
粤B678ZD,114.112099,22.6243,138
粤B678ZD,114.112099,22.6243,139
粤B678ZD,114.112099,22.6243,139
粤B678ZD,114.112099,22.6243,139
粤B678ZD,114.112099,22.6243,140
粤B678ZD,114.112099,22.6243,140
粤B678ZD,114.112099,22.6243,142
粤B678ZD,114.112099,22.6243,143
粤B678ZD,114.112099,22.6243,143
粤B678ZD,114.112099,22.6243,144
粤B678ZD,114.112099,22.6243,144
粤B678ZD,114.112099,22.6243,146
粤B678ZD,114.112099,22.6243,147
粤B678ZD,114.112099,22.6243,147
粤B678ZD,114.112099,22.6243,147
粤B678ZD,114.112099,22.6243,147
粤B678ZD,114.112099,22.6243,148
粤B678ZD,114.112099,22.6243,148
粤B678ZD,114.112099,22.6243,148
粤B678ZD,114.112099,22.6243,150
粤B678ZD,114.112099,22.6243,150
粤B678ZD,114.112099,22.6243,150
粤B678ZD,114.112099,22.6243,150
粤B678ZD,114.112099,22.6243,151
粤B678ZD,114.112099,22.6243,151
粤B678ZD,114.112099,22.6243,152
粤B678ZD,114.112099,22.6243,154
粤B678ZD,114.112099,22.6243,154
粤B678ZD,114.112099,22.6243,155
粤B678ZD,114.112099,22.6243,155
粤B678ZD,114.112099,22.6243,155
粤B678ZD,114.112099,22.6243,156
粤B678ZD,114.112099,22.6243,157
粤B678ZD,114.112099,22.6243,157
粤B678ZD,114.112099,22.6243,158
粤B678ZD,114.112099,22.6243,158
粤B678ZD,114.112099,22.6243,158
粤B678ZD,114.112099,22.6243,159
粤B678ZD,114.112099,22.6243,159
粤B678ZD,114.112099,22.6243,159
粤B678ZD,114.112099,22.6243,161
粤B678ZD,114.112099,22.6243,161
粤B678ZD,114.112099,22.6243,162
粤B678ZD,114.112099,22.6243,162
粤B678ZD,114.112099,22.6243,162
粤B678ZD,114.112099,22.6243,162
粤B678ZD,114.112099,22.6243,163
粤B678ZD,114.112099,22.6243,165
粤B678ZD,114.112099,22.6243,165
粤B678ZD,114.112099,22.6243,166
粤B678ZD,114.112099,22.6243,166
粤B678ZD,114.112099,22.6243,166
粤B678ZD,114.112099,22.6243,167
粤B678ZD,114.112099,22.6243,168
粤B678ZD,114.112099,22.6243,169
粤B678ZD,114.112099,22.6243,169
粤B678ZD,114.112099,22.6243,169
粤B678ZD,114.112099,22.6243,170
粤B678ZD,114.112099,22.6243,172
粤B678ZD,114.112099,22.6243,173
粤B678ZD,114.112099,22.6243,173
粤B678ZD,114.112099,22.6243,173
粤B678ZD,114.112099,22.6243,173
粤B678ZD,114.112099,22.6243,174
粤B678ZD,114.112099,22.6243,174
粤B678ZD,114.112099,22.6243,174
粤B678ZD,114.112099,22.6243,176
粤B678ZD,114.112099,22.6243,177
粤B678ZD,114.112099,22.6243,178
粤B678ZD,114.112099,22.6243,178
粤B678ZD,114.112099,22.6243,178
粤B678ZD,114.112099,22.6243,180
粤B678ZD,114.112099,22.6243,180
粤B678ZD,114.112099,22.6243,181
粤B678ZD,114.112099,22.6243,181
粤B678ZD,114.112099,22.6243,182
粤B678ZD,114.112099,22.6243,191
粤B678ZD,114.112099,22.6243,192
粤B678ZD,114.112099,22.6243,193
粤B678ZD,114.112099,22.6243,193
粤B678ZD,114.112099,22.6243,193
粤B678ZD,114.112099,22.6243,195
粤B678ZD,114.112099,22.6243,195
粤B678ZD,114.112099,22.6243,195
粤B678ZD,114.112099,22.6243,196
粤B678ZD,114.112099,22.6243,196
粤B678ZD,114.112099,22.6243,196
粤B678ZD,114.112099,22.6243,197
粤B678ZD,114.112099,22.6243,197
粤B678ZD,114.112099,22.6243,199
粤B678ZD,114.112099,22.6243,199
粤B678ZD,114.112099,22.6243,199
粤B678ZD,114.112099,22.6243,200
粤B678ZD,114.112099,22.6243,200
粤B678ZD,114.112099,22.6243,200
粤B678ZD,114.112099,22.6243,201
粤B678ZD,114.112099,22.6243,203
粤B678ZD,114.112099,22.6243,203
粤B678ZD,114.112099,22.6243,203
粤B678ZD,114.112099,22.6243,204
粤B678ZD,114.112099,22.6243,204
粤B678ZD,114.112099,22.6243,204
粤B678ZD,114.112099,22.6243,206
粤B678ZD,114.112099,22.6243,207
粤B678ZD,114.112099,22.6243,207
粤B678ZD,114.112099,22.6243,207
粤B678ZD,114.112099,22.6243,208
粤B678ZD,114.112099,22.6243,210
粤B678ZD,114.112099,22.6243,210
粤B678ZD,114.112099,22.6243,211
粤B678ZD,114.112099,22.6243,211
粤B678ZD,114.112099,22.6243,212
粤B678ZD,114.112099,22.6243,213
粤B678ZD,114.112099,22.6243,214
粤B678ZD,114.112099,22.6243,214
粤B678ZD,114.112099,22.6243,214
粤B678ZD,114.112099,22.6243,215
粤B678ZD,114.112099,22.6243,215
粤B678ZD,114.112099,22.6243,215
粤B678ZD,114.112099,22.6243,216
粤B678ZD,114.112099,22.6243,217
粤B678ZD,114.112099,22.6243,217
粤B678ZD,114.112099,22.6243,217
粤B678ZD,114.112099,22.6243,218
粤B678ZD,114.112099,22.6243,219
粤B678ZD,114.112099,22.6243,219
粤B678ZD,114.112099,22.6243,221
粤B678ZD,114.112099,22.6243,221
粤B678ZD,114.112099,22.6243,222
粤B678ZD,114.112099,22.6243,222
粤B678ZD,114.112099,22.6243,223
粤B678ZD,114.112099,22.6243,223
粤B678ZD,114.112099,22.6243,225
粤B678ZD,114.112099,22.6243,225
粤B678ZD,114.112099,22.6243,226
粤B678ZD,114.112099,22.6243,226
粤B678ZD,114.112099,22.6243,226
粤B678ZD,114.112099,22.6243,228
粤B678ZD,114.112099,22.6243,229
粤B678ZD,114.112099,22.6243,230
粤B678ZD,114.112099,22.6243,231
粤B678ZD,114.112099,22.6243,233
粤B678ZD,114.112099,22.6243,233
粤B678ZD,114.112099,22.6243,233
粤B678ZD,114.112099,22.6243,234
粤B678ZD,114.112099,22.6243,234
粤B678ZD,114.112099,22.6243,234
粤B678ZD,114.112099,22.6243,236
粤B678ZD,114.112099,22.6243,237
粤B678ZD,114.112099,22.6243,237
粤B678ZD,114.112099,22.6243,237
粤B678ZD,114.112099,22.6243,238
粤B678ZD,114.112099,22.6243,238
粤B678ZD,114.112099,22.6243,238
粤B678ZD,114.112099,22.6243,240
粤B678ZD,114.112099,22.6243,240
粤B678ZD,114.112099,22.6243,240
粤B678ZD,114.112099,22.6243,241
粤B678ZD,114.112099,22.6243,241
粤B678ZD,114.112099,22.6243,241
粤B678ZD,114.112099,22.6243,242
粤B678ZD,114.112099,22.6243,244
粤B678ZD,114.112099,22.6243,245
粤B678ZD,114.112099,22.6243,246
粤B678ZD,114.112099,22.6243,246
粤B678ZD,114.112099,22.6243,247
粤B678ZD,114.112099,22.6243,248
粤B678ZD,114.112099,22.6243,248
粤B678ZD,114.112099,22.6243,249
粤B678ZD,114.112099,22.6243,249
粤B678ZD,114.112099,22.6243,251
粤B678ZD,114.112099,22.6243,251
粤B678ZD,114.112099,22.6243,251
粤B678ZD,114.112099,22.6243,252
粤B678ZD,114.112099,22.6243,252
粤B678ZD,114.112099,22.6243,252
粤B678ZD,114.112099,22.6243,252
粤B678ZD,114.112099,22.6243,253
粤B678ZD,114.112099,22.6243,255
粤B678ZD,114.112099,22.6243,256
粤B678ZD,114.112099,22.6243,257
粤B678ZD,114.112099,22.6243,257
粤B678ZD,114.112099,22.6243,259
粤B678ZD,114.112099,22.6243,259
粤B678ZD,114.112099,22.6243,260
粤B678ZD,114.112099,22.6243,260
粤B678ZD,114.112099,22.6243,262
粤B678ZD,114.112099,22.6243,262
粤B678ZD,114.112099,22.6243,263
粤B678ZD,114.112099,22.6243,264
粤B678ZD,114.112099,22.6243,264
粤B678ZD,114.112099,22.6243,266
粤B678ZD,114.112099,22.6243,266
粤B678ZD,114.112099,22.6243,266
粤B678ZD,114.112099,22.6243,267
粤B678ZD,114.112099,22.6243,267
粤B678ZD,114.112099,22.6243,268
粤B678ZD,114.112099,22.6243,268
粤B678ZD,114.112099,22.6243,270
粤B678ZD,114.112099,22.6243,270
粤B678ZD,114.112099,22.6243,271
粤B678ZD,114.112099,22.6243,271
粤B678ZD,114.112099,22.6243,271
粤B678ZD,114.112099,22.6243,272
粤B678ZD,114.112099,22.6243,274
粤B678ZD,114.112099,22.6243,274
粤B678ZD,114.112099,22.6243,274
粤B678ZD,114.112099,22.6243,274
粤B678ZD,114.112099,22.6243,275
粤B678ZD,114.112099,22.6243,275
粤B678ZD,114.112099,22.6243,275
粤B678ZD,114.112099,22.6243,278
粤B678ZD,114.112099,22.6243,278
粤B678ZD,114.112099,22.6243,279
粤B678ZD,114.112099,22.6243,279
粤B678ZD,114.112099,22.6243,281
粤B678ZD,114.112099,22.6243,281
粤B678ZD,114.112099,22.6243,282
粤B678ZD,114.112099,22.6243,282
粤B678ZD,114.112099,22.6243,282
粤B678ZD,114.112099,22.6243,282
粤B678ZD,114.112099,22.6243,283
粤B678ZD,114.112099,22.6243,283
粤B678ZD,114.112099,22.6243,283
粤B678ZD,114.112099,22.6243,285
粤B678ZD,114.112099,22.6243,286
粤B678ZD,114.112099,22.6243,286
粤B678ZD,114.112099,22.6243,287
粤B678ZD,114.112099,22.6243,287
粤B678ZD,114.112099,22.6243,287
粤B678ZD,114.112099,22.6243,289
粤B678ZD,114.112099,22.6243,289
粤B678ZD,114.112099,22.6243,289
粤B678ZD,114.112099,22.6243,290
粤B678ZD,114.112099,22.6243,290
粤B678ZD,114.112099,22.6243,290
粤B678ZD,114.112099,22.6243,291
粤B678ZD,114.112099,22.6243,292
粤B678ZD,114.112099,22.6243,293
粤B678ZD,114.112099,22.6243,293
粤B678ZD,114.112099,22.6243,293
粤B678ZD,114.112099,22.6243,294
粤B678ZD,114.112099,22.6243,294
粤B678ZD,114.112099,22.6243,295
粤B678ZD,114.112099,22.6243,297
粤B678ZD,114.112099,22.6243,297
粤B678ZD,114.112099,22.6243,297
粤B678ZD,114.112099,22.6243,297
粤B678ZD,114.112099,22.6243,298
粤B678ZD,114.112099,22.6243,298
粤B678ZD,114.112099,22.6243,298
粤B678ZD,114.112099,22.6243,298
粤B678ZD,114.112099,22.6243,299
粤B678ZD,114.112099,22.6243,301
粤B678ZD,114.112099,22.6243,301
粤B678ZD,114.112099,22.6243,301
粤B678ZD,114.112099,22.6243,301
粤B678ZD,114.112099,22.6243,302
粤B678ZD,114.112099,22.6243,305
粤B678ZD,114.112099,22.6243,305
粤B678ZD,114.112099,22.6243,306
粤B678ZD,114.112099,22.6243,306
粤B678ZD,114.112099,22.6243,306
粤B678ZD,114.112099,22.6243,307
粤B678ZD,114.112099,22.6243,308
粤B678ZD,114.112099,22.6243,309
粤B678ZD,114.112099,22.6243,309
粤B678ZD,114.112099,22.6243,309
粤B678ZD,114.112099,22.6243,310
粤B678ZD,114.112099,22.6243,310
粤B678ZD,114.112099,22.6243,311
粤B678ZD,114.112099,22.6243,312
粤B678ZD,114.112099,22.6243,313
粤B678ZD,114.112099,22.6243,313
粤B678ZD,114.112099,22.6243,313
粤B678ZD,114.112099,22.6243,314
粤B678ZD,114.112099,22.6243,314
粤B678ZD,114.112099,22.6243,314
粤B678ZD,114.112099,22.6243,314
粤B678ZD,114.112099,22.6243,316
粤B678ZD,114.112099,22.6243,316
粤B678ZD,114.112099,22.6243,316
粤B678ZD,114.112099,22.6243,318
粤B678ZD,114.112099,22.6243,318
粤B678ZD,114.112099,22.6243,320
粤B678ZD,114.112099,22.6243,320
粤B678ZD,114.112099,22.6243,321
粤B678ZD,114.112099,22.6243,324
粤B678ZD,114.112099,22.6243,324
粤B678ZD,114.112099,22.6243,324
粤B678ZD,114.112099,22.6243,325
粤B678ZD,114.112099,22.6243,327
粤B678ZD,114.112099,22.6243,327
粤B678ZD,114.112099,22.6243,327
粤B678ZD,114.112099,22.6243,328
粤B678ZD,114.112099,22.6243,328
粤B678ZD,114.112099,22.6243,329
粤B678ZD,114.112099,22.6243,329
粤B678ZD,114.112099,22.6243,331
粤B678ZD,114.112099,22.6243,331
粤B678ZD,114.112099,22.6243,332
粤B678ZD,114.112099,22.6243,333
粤B678ZD,114.112099,22.6243,334
粤B678ZD,114.112099,22.6243,335
粤B678ZD,114.112099,22.6243,335
粤B678ZD,114.112099,22.6243,335
粤B678ZD,114.112099,22.6243,336
粤B678ZD,114.112099,22.6243,336
粤B678ZD,114.112099,22.6243,336
粤B678ZD,114.112099,22.6243,337
粤B678ZD,114.112099,22.6243,338
粤B678ZD,114.112099,22.6243,339
粤B678ZD,114.112099,22.6243,339
粤B678ZD,114.112099,22.6243,339
粤B678ZD,114.112099,22.6243,340
粤B678ZD,114.112099,22.6243,340
粤B678ZD,114.112099,22.6243,342
粤B678ZD,114.112099,22.6243,343
粤B678ZD,114.112099,22.6243,343
粤B678ZD,114.112099,22.6243,343
粤B678ZD,114.112099,22.6243,344
粤B678ZD,114.112099,22.6243,344
粤B678ZD,114.112099,22.6243,344
粤B678ZD,114.112099,22.6243,344
粤B678ZD,114.112099,22.6243,346
粤B678ZD,114.112099,22.6243,347
粤B678ZD,114.112099,22.6243,348
粤B678ZD,114.112099,22.6243,348
粤B678ZD,114.112099,22.6243,350
粤B678ZD,114.112099,22.6243,351
粤B678ZD,114.112099,22.6243,351
粤B678ZD,114.112099,22.6243,351
粤B678ZD,114.112099,22.6243,352
粤B678ZD,114.112099,22.6243,352
粤B678ZD,114.112099,22.6243,354
粤B678ZD,114.112099,22.6243,355
粤B678ZD,114.112099,22.6243,355
粤B678ZD,114.112099,22.6243,356
粤B678ZD,114.112099,22.6243,356
粤B678ZD,114.112099,22.6243,358
粤B678ZD,114.112099,22.6243,358
粤B678ZD,114.112099,22.6243,359
粤B678ZD,114.112099,22.6243,359
粤B678ZD,114.112099,22.6243,359
粤B678ZD,114.112099,22.6243,360
粤B678ZD,114.112099,22.6243,362
粤B678ZD,114.112099,22.6243,364
粤B678ZD,114.112099,22.6243,364
粤B678ZD,114.112099,22.6243,364
粤B678ZD,114.112099,22.6243,366
粤B678ZD,114.112099,22.6243,366
粤B678ZD,114.112099,22.6243,366
粤B678ZD,114.112099,22.6243,367
粤B678ZD,114.112099,22.6243,367
粤B678ZD,114.112099,22.6243,368
粤B678ZD,114.112099,22.6243,368
粤B678ZD,114.112099,22.6243,368
粤B678ZD,114.112099,22.6243,370
粤B678ZD,114.112099,22.6243,370
粤B678ZD,114.112099,22.6243,371
粤B678ZD,114.112099,22.6243,371
粤B678ZD,114.112099,22.6243,371
粤B678ZD,114.112099,22.6243,371
粤B678ZD,114.112099,22.6243,372
粤B678ZD,114.112099,22.6243,374
粤B678ZD,114.112099,22.6243,374
粤B678ZD,114.112099,22.6243,374
粤B678ZD,114.112099,22.6243,375
粤B678ZD,114.112099,22.6243,375
粤B678ZD,114.112099,22.6243,376
粤B678ZD,114.112099,22.6243,378
粤B678ZD,114.112099,22.6243,379
粤B678ZD,114.112099,22.6243,379
粤B678ZD,114.112099,22.6243,379
粤B678ZD,114.112099,22.6243,380
粤B678ZD,114.112099,22.6243,381
粤B678ZD,114.112099,22.6243,382
粤B678ZD,114.112099,22.6243,382
粤B678ZD,114.112099,22.6243,382
粤B678ZD,114.112099,22.6243,383
粤B678ZD,114.112099,22.6243,383
粤B678ZD,114.112099,22.6243,383
粤B678ZD,114.112099,22.6243,385
粤B678ZD,114.112099,22.6243,385
粤B678ZD,114.112099,22.6243,386
粤B678ZD,114.112099,22.6243,386
粤B678ZD,114.112099,22.6243,386
粤B678ZD,114.112099,22.6243,387
粤B678ZD,114.112099,22.6243,387
粤B678ZD,114.112099,22.6243,389
粤B678ZD,114.112099,22.6243,389
粤B678ZD,114.112099,22.6243,390
粤B678ZD,114.112099,22.6243,391
粤B678ZD,114.112099,22.6243,391
粤B678ZD,114.112099,22.6243,391
粤B678ZD,114.112099,22.6243,393
粤B678ZD,114.112099,22.6243,393
粤B678ZD,114.112099,22.6243,393
粤B678ZD,114.112099,22.6243,394
粤B678ZD,114.112099,22.6243,395
粤B678ZD,114.112099,22.6243,395
粤B678ZD,114.112099,22.6243,396
粤B678ZD,114.112099,22.6243,397
粤B678ZD,114.112099,22.6243,398
粤B678ZD,114.112099,22.6243,398
粤B678ZD,114.112099,22.6243,400
粤B678ZD,114.112099,22.6243,401
粤B678ZD,114.112099,22.6243,401
粤B678ZD,114.112099,22.6243,402
粤B678ZD,114.112099,22.6243,402
粤B678ZD,114.112099,22.6243,402
粤B678ZD,114.112099,22.6243,402
粤B678ZD,114.112099,22.6243,404
粤B678ZD,114.112099,22.6243,404
粤B678ZD,114.112099,22.6243,404
粤B678ZD,114.112099,22.6243,405
粤B678ZD,114.112099,22.6243,405
粤B678ZD,114.112099,22.6243,405
粤B678ZD,114.112099,22.6243,406
粤B678ZD,114.112099,22.6243,406
粤B678ZD,114.112099,22.6243,408
粤B678ZD,114.112099,22.6243,408
粤B678ZD,114.112099,22.6243,408
粤B678ZD,114.112099,22.6243,408
粤B678ZD,114.112099,22.6243,409
粤B678ZD,114.112099,22.6243,409
粤B678ZD,114.112099,22.6243,409
粤B678ZD,114.112099,22.6243,410
粤B678ZD,114.112099,22.6243,410
粤B678ZD,114.112099,22.6243,412
粤B678ZD,114.112099,22.6243,412
粤B678ZD,114.112099,22.6243,412
粤B678ZD,114.112099,22.6243,412
粤B678ZD,114.112099,22.6243,413
粤B678ZD,114.112099,22.6243,414
粤B678ZD,114.112099,22.6243,416
粤B678ZD,114.112099,22.6243,416
粤B678ZD,114.112099,22.6243,417
粤B678ZD,114.112099,22.6243,417
粤B678ZD,114.112099,22.6243,418
粤B678ZD,114.112099,22.6243,418
粤B678ZD,114.112099,22.6243,420
粤B678ZD,114.112099,22.6243,420
粤B678ZD,114.112099,22.6243,421
粤B678ZD,114.112099,22.6243,421
粤B678ZD,114.112099,22.6243,421
粤B678ZD,114.112099,22.6243,422
粤B678ZD,114.112099,22.6243,422
粤B678ZD,114.112099,22.6243,424
粤B678ZD,114.112099,22.6243,424
粤B678ZD,114.112099,22.6243,425
粤B678ZD,114.112099,22.6243,425
粤B678ZD,114.112099,22.6243,425
粤B678ZD,114.112099,22.6243,427
粤B678ZD,114.112099,22.6243,428
粤B678ZD,114.112099,22.6243,428
粤B678ZD,114.112099,22.6243,428
粤B678ZD,114.112099,22.6243,428
粤B678ZD,114.112099,22.6243,429
粤B678ZD,114.112099,22.6243,429
粤B678ZD,114.112099,22.6243,431
粤B678ZD,114.112099,22.6243,431
粤B678ZD,114.112099,22.6243,432
粤B678ZD,114.112099,22.6243,432
粤B678ZD,114.112099,22.6243,432
粤B678ZD,114.112099,22.6243,433
粤B678ZD,114.112099,22.6243,435
粤B678ZD,114.112099,22.6243,435
粤B678ZD,114.112099,22.6243,435
粤B678ZD,114.112099,22.6243,436
粤B678ZD,114.112099,22.6243,436
粤B678ZD,114.112099,22.6243,436
粤B678ZD,114.112099,22.6243,437
粤B678ZD,114.112099,22.6243,438
粤B678ZD,114.112099,22.6243,439
粤B678ZD,114.112099,22.6243,439
粤B678ZD,114.112099,22.6243,439
粤B678ZD,114.112099,22.6243,439
粤B678ZD,114.112099,22.6243,440
粤B678ZD,114.112099,22.6243,440
粤B678ZD,114.112099,22.6243,440
粤B678ZD,114.112099,22.6243,441
粤B678ZD,114.112099,22.6243,442
粤B678ZD,114.112099,22.6243,442
粤B678ZD,114.112099,22.6243,443
粤B678ZD,114.112099,22.6243,449
粤B678ZD,114.112099,22.6243,449
粤B678ZD,114.112099,22.6243,450
粤B678ZD,114.112099,22.6243,451
粤B678ZD,114.112099,22.6243,451
粤B678ZD,114.112099,22.6243,453
粤B678ZD,114.112099,22.6243,453
粤B678ZD,114.112099,22.6243,454
粤B678ZD,114.112099,22.6243,454
粤B678ZD,114.112099,22.6243,455
粤B678ZD,114.112099,22.6243,456
粤B678ZD,114.112099,22.6243,457
粤B678ZD,114.112099,22.6243,458
粤B678ZD,114.112099,22.6243,460
粤B678ZD,114.112099,22.6243,460
粤B678ZD,114.112099,22.6243,461
粤B678ZD,114.112099,22.6243,461
粤B678ZD,114.112099,22.6243,461
粤B678ZD,114.112099,22.6243,462
粤B678ZD,114.112099,22.6243,464
粤B678ZD,114.112099,22.6243,464
粤B678ZD,114.112099,22.6243,464
粤B678ZD,114.112099,22.6243,465
粤B678ZD,114.112099,22.6243,465
粤B678ZD,114.112099,22.6243,465
粤B678ZD,114.112099,22.6243,466
粤B678ZD,114.112099,22.6243,467
粤B678ZD,114.112099,22.6243,468
粤B678ZD,114.112099,22.6243,468
粤B678ZD,114.112099,22.6243,468
粤B678ZD,114.112099,22.6243,469
粤B678ZD,114.112099,22.6243,469
粤B678ZD,114.112099,22.6243,471
粤B678ZD,114.112099,22.6243,471
粤B678ZD,114.112099,22.6243,473
粤B678ZD,114.112099,22.6243,474
粤B678ZD,114.112099,22.6243,474
粤B678ZD,114.112099,22.6243,475
粤B678ZD,114.112099,22.6243,475
粤B678ZD,114.112099,22.6243,476
粤B678ZD,114.112099,22.6243,478
粤B678ZD,114.112099,22.6243,479
粤B678ZD,114.112099,22.6243,479
粤B678ZD,114.112099,22.6243,480
粤B678ZD,114.112099,22.6243,480
粤B678ZD,114.112099,22.6243,482
粤B678ZD,114.112099,22.6243,482
粤B678ZD,114.112099,22.6243,483
粤B678ZD,114.112099,22.6243,486
粤B678ZD,114.112099,22.6243,486
粤B678ZD,114.112099,22.6243,487
粤B678ZD,114.112099,22.6243,487
粤B678ZD,114.112099,22.6243,487
粤B678ZD,114.112099,22.6243,489
粤B678ZD,114.112099,22.6243,490
粤B678ZD,114.112099,22.6243,490
粤B678ZD,114.112099,22.6243,490
粤B678ZD,114.112099,22.6243,491
粤B678ZD,114.112099,22.6243,491
粤B678ZD,114.112099,22.6243,493
粤B678ZD,114.112099,22.6243,494
粤B678ZD,114.112099,22.6243,494
粤B678ZD,114.112099,22.6243,495
粤B678ZD,114.112099,22.6243,495
粤B678ZD,114.112099,22.6243,495
粤B678ZD,114.112099,22.6243,497
粤B678ZD,114.112099,22.6243,497
粤B678ZD,114.112099,22.6243,498
粤B678ZD,114.112099,22.6243,498
粤B678ZD,114.112099,22.6243,498
粤B678ZD,114.112099,22.6243,499
粤B678ZD,114.112099,22.6243,501
粤B678ZD,114.112099,22.6243,501
粤B678ZD,114.112099,22.6243,502
粤B678ZD,114.112099,22.6243,502
粤B678ZD,114.112099,22.6243,502
粤B678ZD,114.112099,22.6243,502
粤B678ZD,114.112099,22.6243,503
粤B678ZD,114.112099,22.6243,505
粤B678ZD,114.112099,22.6243,505
粤B678ZD,114.112099,22.6243,505
粤B678ZD,114.112099,22.6243,506
粤B678ZD,114.112099,22.6243,506
粤B678ZD,114.112099,22.6243,507
粤B678ZD,114.112099,22.6243,507
粤B678ZD,114.112099,22.6243,507
粤B678ZD,114.112099,22.6243,508
粤B678ZD,114.112099,22.6243,508
粤B678ZD,114.112099,22.6243,508
粤B678ZD,114.112099,22.6243,509
粤B678ZD,114.112099,22.6243,509
粤B678ZD,114.112099,22.6243,511
粤B678ZD,114.112099,22.6243,511
粤B678ZD,114.112099,22.6243,512
粤B678ZD,114.112099,22.6243,512
粤B678ZD,114.112099,22.6243,512
粤B678ZD,114.112099,22.6243,513
粤B678ZD,114.112099,22.6243,514
粤B678ZD,114.112099,22.6243,514
粤B678ZD,114.112099,22.6243,515
粤B678ZD,114.112099,22.6243,515
粤B678ZD,114.112099,22.6243,516
粤B678ZD,114.112099,22.6243,516
粤B678ZD,114.112099,22.6243,516
粤B678ZD,114.112099,22.6243,518
粤B678ZD,114.112099,22.6243,519
粤B678ZD,114.112099,22.6243,519
粤B678ZD,114.112099,22.6243,520
粤B678ZD,114.113403,22.624701,521
粤B678ZD,114.112801,22.625799,522
粤B678ZD,114.112999,22.625401,522
粤B678ZD,114.113197,22.625,522
粤B678ZD,114.112503,22.627199,523
粤B678ZD,114.112602,22.626699,523
粤B678ZD,114.112602,22.6262,523
粤B678ZD,114.111801,22.628401,525
粤B678ZD,114.111603,22.628901,525
粤B678ZD,114.111397,22.629101,526
粤B678ZD,114.110703,22.630501,526
粤B678ZD,114.111,22.629801,526
粤B678ZD,114.110199,22.6313,527
粤B678ZD,114.107498,22.6301,528
粤B678ZD,114.105499,22.6292,529
粤B678ZD,114.104599,22.628799,530
粤B678ZD,114.103996,22.628599,530
粤B678ZD,114.1017,22.6273,532
粤B678ZD,114.101898,22.627501,532
粤B678ZD,114.1045,22.624701,533
粤B678ZD,114.101402,22.6271,533
粤B678ZD,114.101501,22.626699,533
粤B678ZD,114.101303,22.626801,533
粤B678ZD,114.1063,22.6234,534
粤B678ZD,114.1054,22.6241,534
粤B678ZD,114.110001,22.6217,535
粤B678ZD,114.110001,22.6217,536
粤B678ZD,114.110199,22.6217,536
粤B678ZD,114.122002,22.609699,546
粤B678ZD,114.122002,22.609699,546
粤B678ZD,114.121803,22.609301,547
粤B678ZD,114.122002,22.609699,547
粤B678ZD,114.118599,22.6063,548
粤B678ZD,114.115402,22.602699,550
粤B678ZD,114.115402,22.602699,551
粤B678ZD,114.115402,22.602699,551
粤B678ZD,114.1157,22.6019,552
粤B678ZD,114.118797,22.6035,553
粤B678ZD,114.116798,22.6026,553
粤B678ZD,114.121002,22.6033,554
粤B678ZD,114.119598,22.6035,554
粤B678ZD,114.120201,22.603399,554
粤B678ZD,114.119102,22.603399,554
粤B678ZD,114.122704,22.6005,557
粤B678ZD,114.122597,22.6003,557
粤B678ZD,114.122704,22.6012,557
粤B678ZD,114.1203,22.598101,558
粤B678ZD,114.122002,22.5986,558
粤B678ZD,114.115601,22.6022,561
粤B678ZD,114.116997,22.6042,561
粤B678ZD,114.117104,22.6043,562
粤B678ZD,114.116997,22.6043,562
粤B678ZD,114.117104,22.6043,562
粤B678ZD,114.117104,22.6043,562
粤B678ZD,114.117401,22.604799,563
粤B678ZD,114.117401,22.604799,564
粤B678ZD,114.115898,22.607,565
粤B678ZD,114.115898,22.608801,565
粤B678ZD,114.119003,22.6105,566
粤B678ZD,114.117798,22.6099,566
粤B678ZD,114.120102,22.611099,566
粤B678ZD,114.122002,22.6096,568
粤B678ZD,114.123199,22.6105,568
粤B678ZD,114.1231,22.610701,569
粤B678ZD,114.1231,22.610701,569
粤B678ZD,114.1231,22.610701,570
粤B678ZD,114.122704,22.6099,572
粤B678ZD,114.123398,22.6103,572
粤B678ZD,114.121902,22.6096,573
粤B678ZD,114.121399,22.6098,573
粤B678ZD,114.120598,22.6108,574
粤B678ZD,114.119202,22.610901,575
粤B678ZD,114.118896,22.610701,575
粤B678ZD,114.115898,22.6098,576
粤B678ZD,114.118301,22.610399,576
粤B678ZD,114.1157,22.6092,576
粤B678ZD,114.115799,22.6064,577
粤B678ZD,114.115799,22.6064,577
粤B678ZD,114.115799,22.6064,577
粤B678ZD,114.1157,22.6075,577
粤B678ZD,114.117104,22.605301,579
粤B678ZD,114.117104,22.605301,579
粤B678ZD,114.117104,22.605301,579
粤B678ZD,114.119698,22.6064,580
粤B678ZD,114.117401,22.605,580
粤B678ZD,114.1213,22.6073,580
粤B678ZD,114.118202,22.6054,580
粤B678ZD,114.122597,22.607901,581
粤B678ZD,114.123299,22.607901,581
粤B678ZD,114.126503,22.6056,583
粤B678ZD,114.125999,22.603701,585
粤B678ZD,114.120903,22.6033,586
粤B678ZD,114.121696,22.6033,586
粤B678ZD,114.119598,22.603399,587
粤B678ZD,114.118797,22.6035,587
粤B678ZD,114.116997,22.602699,588
粤B678ZD,114.114502,22.601801,589
粤B678ZD,114.1129,22.600401,590
粤B678ZD,114.113503,22.600599,590
粤B678ZD,114.112602,22.601601,590
粤B678ZD,114.113098,22.6029,591
粤B678ZD,114.113403,22.6042,591
粤B678ZD,114.1119,22.6073,593
粤B678ZD,114.1119,22.6073,593
粤B678ZD,114.1119,22.6073,594
粤B678ZD,114.110901,22.6087,595
粤B678ZD,114.110802,22.6089,595
粤B678ZD,114.1091,22.6105,597
粤B678ZD,114.1091,22.6105,597
粤B678ZD,114.1091,22.6105,597
粤B678ZD,114.1091,22.6105,597
粤B678ZD,114.108498,22.611,598
粤B678ZD,114.108498,22.611,598
粤B678ZD,114.108704,22.6108,598
粤B678ZD,114.108398,22.611099,598
粤B678ZD,114.106201,22.6099,601
粤B678ZD,114.105904,22.609699,602
粤B678ZD,114.106201,22.6099,602
粤B678ZD,114.104103,22.610201,604
粤B678ZD,114.102699,22.610399,604
粤B678ZD,114.102699,22.610399,605
粤B678ZD,114.102699,22.610399,605
粤B678ZD,114.102699,22.610399,606
粤B678ZD,114.101799,22.6084,607
粤B678ZD,114.101799,22.6084,608
粤B678ZD,114.100502,22.6078,608
粤B678ZD,114.101402,22.608299,608
粤B678ZD,114.099998,22.607401,608
粤B678ZD,114.099899,22.6073,609
粤B678ZD,114.1017,22.5982,611
粤B678ZD,114.101097,22.6,611
粤B678ZD,114.101898,22.597401,611
粤B678ZD,114.102097,22.596001,612
粤B678ZD,114.102097,22.596001,617
粤B678ZD,114.102203,22.594101,621
粤B678ZD,114.102203,22.594101,621
粤B678ZD,114.102203,22.594101,621
粤B678ZD,114.102203,22.594101,622
粤B678ZD,114.102203,22.594101,622
粤B678ZD,114.102203,22.594101,624
粤B678ZD,114.102203,22.594101,625
粤B678ZD,114.102203,22.594101,625
粤B678ZD,114.102203,22.594101,625
粤B678ZD,114.102203,22.594101,628
粤B678ZD,114.102203,22.594101,628
粤B678ZD,114.102203,22.594101,629
粤B678ZD,114.102203,22.594101,631
粤B678ZD,114.102203,22.594101,631
粤B678ZD,114.102203,22.594101,631
粤B678ZD,114.102203,22.594101,631
粤B678ZD,114.102203,22.594101,632
粤B678ZD,114.102203,22.594101,632
粤B678ZD,114.102203,22.594101,634
粤B678ZD,114.102203,22.594101,634
粤B678ZD,114.102203,22.594101,635
粤B678ZD,114.102203,22.594101,636
粤B678ZD,114.102203,22.594101,636
粤B678ZD,114.102203,22.594101,637
粤B678ZD,114.102203,22.594101,638
粤B678ZD,114.102203,22.594101,638
粤B678ZD,114.102203,22.594101,638
粤B678ZD,114.102203,22.594101,639
粤B678ZD,114.102203,22.594101,639
粤B678ZD,114.102203,22.594101,641
粤B678ZD,114.102203,22.594101,641
粤B678ZD,114.102203,22.594101,642
粤B678ZD,114.102203,22.594101,643
粤B678ZD,114.102203,22.594101,644
粤B678ZD,114.102203,22.594101,644
粤B678ZD,114.102203,22.594101,644
粤B678ZD,114.102203,22.594101,645
粤B678ZD,114.102203,22.594101,645
粤B678ZD,114.102203,22.594101,647
粤B678ZD,114.102203,22.594101,647
粤B678ZD,114.102203,22.594101,648
粤B678ZD,114.102203,22.594101,648
粤B678ZD,114.102203,22.594101,649
粤B678ZD,114.102203,22.594101,649
粤B678ZD,114.102203,22.594101,649
粤B678ZD,114.102203,22.594101,651
粤B678ZD,114.102203,22.594101,652
粤B678ZD,114.102203,22.594101,652
粤B678ZD,114.102203,22.594101,652
粤B678ZD,114.102203,22.594101,653
粤B678ZD,114.102203,22.594101,654
粤B678ZD,114.102203,22.594101,654
粤B678ZD,114.102203,22.594101,654
粤B678ZD,114.102203,22.594101,655
粤B678ZD,114.102203,22.594101,655
粤B678ZD,114.102203,22.594101,656
粤B678ZD,114.102402,22.594101,657
粤B678ZD,114.102097,22.596901,658
粤B678ZD,114.102303,22.5951,658
粤B678ZD,114.102097,22.5973,659
粤B678ZD,114.101997,22.5975,659
粤B678ZD,114.102097,22.5973,659
粤B678ZD,114.107697,22.598,661
粤B678ZD,114.109299,22.598499,662
粤B678ZD,114.110901,22.598499,664
粤B678ZD,114.110802,22.598499,664
粤B678ZD,114.110703,22.598499,664
粤B678ZD,114.110603,22.598499,665
粤B678ZD,114.110901,22.598499,665
粤B678ZD,114.109497,22.5984,666
粤B678ZD,114.103996,22.5977,668
粤B678ZD,114.105797,22.5977,668
粤B678ZD,114.102898,22.597601,669
粤B678ZD,114.102402,22.597601,669
粤B678ZD,114.101097,22.6005,670
粤B678ZD,114.099503,22.605,671
粤B678ZD,114.099503,22.605,672
粤B678ZD,114.099503,22.605,672
粤B678ZD,114.099503,22.605,673
粤B678ZD,114.099503,22.6054,673
粤B678ZD,114.099503,22.605,673
粤B678ZD,114.1017,22.6084,674
粤B678ZD,114.102798,22.6089,675
粤B678ZD,114.102402,22.608801,675
粤B678ZD,114.101898,22.6085,675
粤B678ZD,114.1036,22.6092,676
粤B678ZD,114.103104,22.608999,676
粤B678ZD,114.104301,22.609301,677
粤B678ZD,114.1036,22.6103,678
粤B678ZD,114.104698,22.6094,678
粤B678ZD,114.101097,22.611401,679
粤B678ZD,114.102798,22.610399,679
粤B678ZD,114.101501,22.6113,679
粤B678ZD,114.102097,22.610901,679
粤B678ZD,114.100998,22.611601,680
粤B678ZD,114.101196,22.616899,682
粤B678ZD,114.099899,22.6164,682
粤B678ZD,114.101196,22.616899,683
粤B678ZD,114.100304,22.616699,683
粤B678ZD,114.101196,22.616899,683
粤B678ZD,114.100502,22.614599,684
粤B678ZD,114.1007,22.613701,684
粤B678ZD,114.101196,22.6122,685
粤B678ZD,114.101196,22.612301,685
粤B678ZD,114.100899,22.613199,685
粤B678ZD,114.1017,22.611099,686
粤B678ZD,114.102097,22.610901,688
粤B678ZD,114.102097,22.610901,688
粤B678ZD,114.102097,22.610901,689
粤B678ZD,114.102097,22.610901,689
粤B678ZD,114.102097,22.610901,690
粤B678ZD,114.102097,22.610901,691
粤B678ZD,114.102097,22.610901,692
粤B678ZD,114.102097,22.610901,693
粤B678ZD,114.102097,22.610901,693
粤B678ZD,114.102097,22.610901,696
粤B678ZD,114.102097,22.610901,696
粤B678ZD,114.102097,22.610901,696
粤B678ZD,114.102097,22.610901,696
粤B678ZD,114.102097,22.610901,698
粤B678ZD,114.102097,22.610901,699
粤B678ZD,114.102097,22.610901,700
粤B678ZD,114.102097,22.610901,702
粤B678ZD,114.102097,22.610901,702
粤B678ZD,114.102097,22.610901,702
粤B678ZD,114.102097,22.610901,704
粤B678ZD,114.102097,22.610901,706
粤B678ZD,114.102097,22.610901,706
粤B678ZD,114.102097,22.610901,706
粤B678ZD,114.105301,22.609501,708
粤B678ZD,114.105904,22.609699,709
粤B678ZD,114.106697,22.610201,709
粤B678ZD,114.107201,22.6106,709
粤B678ZD,114.106903,22.610399,709
粤B678ZD,114.107201,22.6106,710
粤B678ZD,114.101898,22.6085,712
粤B678ZD,114.103104,22.608999,712
粤B678ZD,114.105003,22.609501,712
粤B678ZD,114.099998,22.607401,713
粤B678ZD,114.100304,22.601601,715
粤B678ZD,114.100899,22.601,716
粤B678ZD,114.101303,22.599001,716
粤B678ZD,114.101898,22.597799,716
粤B678ZD,114.103104,22.5977,717
粤B678ZD,114.106598,22.5977,718
粤B678ZD,114.107697,22.598101,719
粤B678ZD,114.107101,22.5977,719
粤B678ZD,114.107498,22.5977,719
粤B678ZD,114.107697,22.5984,719
粤B678ZD,114.107697,22.598499,720
粤B678ZD,114.102997,22.600599,721
粤B678ZD,114.115501,22.5996,725
粤B678ZD,114.115196,22.5991,725
粤B678ZD,114.112198,22.6054,725
粤B678ZD,114.116997,22.597401,725
粤B678ZD,114.112198,22.6054,726
粤B678ZD,114.112198,22.6054,726
粤B678ZD,114.112198,22.6054,726
粤B678ZD,114.111702,22.607401,728
粤B678ZD,114.112,22.607,728
粤B678ZD,114.112396,22.6064,728
粤B678ZD,114.111397,22.608101,729
粤B678ZD,114.111298,22.608101,729
粤B678ZD,114.111397,22.608101,729
粤B678ZD,114.110603,22.6092,730
粤B678ZD,114.106499,22.614901,732
粤B678ZD,114.106499,22.614901,732
粤B678ZD,114.1063,22.615299,733
粤B678ZD,114.105904,22.616501,733
粤B678ZD,114.104401,22.622601,735
粤B678ZD,114.104401,22.622601,735
粤B678ZD,114.104202,22.622801,736
粤B678ZD,114.103203,22.623699,736
粤B678ZD,114.1026,22.6243,736
粤B678ZD,114.102501,22.624399,737
粤B678ZD,114.101898,22.625401,737
粤B678ZD,114.101501,22.626499,738
粤B678ZD,114.101601,22.627001,739
粤B678ZD,114.100899,22.6278,739
粤B678ZD,114.098,22.630699,740
粤B678ZD,114.096603,22.632799,740
粤B678ZD,114.096603,22.632799,740
粤B678ZD,114.0896,22.6406,742
粤B678ZD,114.0933,22.638599,742
粤B678ZD,114.091599,22.6399,742
粤B678ZD,114.085602,22.6397,743
粤B678ZD,114.0839,22.640499,743
粤B678ZD,114.084,22.6404,743
粤B678ZD,114.083,22.6411,745
粤B678ZD,114.083,22.6411,746
粤B678ZD,114.082901,22.641199,746
粤B678ZD,114.082901,22.641199,746
粤B678ZD,114.079697,22.643101,747
粤B678ZD,114.077202,22.6481,749
粤B678ZD,114.075996,22.6507,750
粤B678ZD,114.074097,22.652599,750
粤B678ZD,114.073799,22.6532,751
粤B678ZD,114.073303,22.653799,751
粤B678ZD,114.072502,22.654499,753
粤B678ZD,114.072502,22.654499,753
粤B678ZD,114.072502,22.654499,753
粤B678ZD,114.072502,22.654499,754
粤B678ZD,114.072502,22.654499,754
粤B678ZD,114.071198,22.6553,756
粤B678ZD,114.068604,22.659201,757
粤B678ZD,114.068802,22.6584,757
粤B678ZD,114.066299,22.660999,758
粤B678ZD,114.067101,22.660601,758
粤B678ZD,114.064003,22.6614,759
粤B678ZD,114.061798,22.661301,760
粤B678ZD,114.058098,22.6632,761
粤B678ZD,114.059303,22.662001,761
粤B678ZD,114.058197,22.663,761
粤B678ZD,114.058098,22.6632,763
粤B678ZD,114.058098,22.6632,763
粤B678ZD,114.058098,22.6632,763
粤B678ZD,114.058098,22.6632,764
粤B678ZD,114.058098,22.6632,764
粤B678ZD,114.058098,22.6632,765
粤B678ZD,114.058098,22.6632,766
粤B678ZD,114.058098,22.6632,767
粤B678ZD,114.058098,22.6632,767
粤B678ZD,114.058098,22.6632,767
粤B678ZD,114.058098,22.6632,768
粤B678ZD,114.058098,22.6632,768
粤B678ZD,114.058098,22.6632,768
粤B678ZD,114.058098,22.6632,770
粤B678ZD,114.057999,22.6633,770
粤B678ZD,114.057999,22.6633,770
粤B678ZD,114.058601,22.6625,771
粤B678ZD,114.064903,22.658001,774
粤B678ZD,114.065903,22.6591,774
粤B678ZD,114.066299,22.6609,774
粤B678ZD,114.066803,22.660101,774
粤B678ZD,114.063499,22.656099,775
粤B678ZD,114.064201,22.657,775
粤B678ZD,114.064201,22.657,775
粤B678ZD,114.062302,22.653299,777
粤B678ZD,114.060898,22.6534,777
粤B678ZD,114.061501,22.653299,777
粤B678ZD,114.060799,22.6535,777
粤B678ZD,114.059196,22.6539,778
粤B678ZD,114.059898,22.6537,778
粤B678ZD,114.0606,22.659901,780
粤B678ZD,114.060699,22.659201,780
粤B678ZD,114.061699,22.6609,781
粤B678ZD,114.061699,22.6609,781
粤B678ZD,114.061699,22.6609,781
粤B678ZD,114.061699,22.6609,781
粤B678ZD,114.061699,22.6609,781
粤B678ZD,114.061699,22.6609,782
粤B678ZD,114.056396,22.6633,784
粤B678ZD,114.056297,22.663099,784
粤B678ZD,114.056503,22.663401,784
粤B678ZD,114.056198,22.662901,784
粤B678ZD,114.056099,22.6626,785
粤B678ZD,114.055801,22.661501,785
粤B678ZD,114.055702,22.6614,785
粤B678ZD,114.055702,22.6609,786
粤B678ZD,114.055199,22.6541,787
粤B678ZD,114.054604,22.654499,787
粤B678ZD,114.056099,22.654499,787
粤B678ZD,114.0532,22.653999,788
粤B678ZD,114.053902,22.653999,788
粤B678ZD,114.054398,22.654301,788
粤B678ZD,114.0532,22.653999,789
粤B678ZD,114.0532,22.653999,789
粤B678ZD,114.053802,22.6469,791
粤B678ZD,114.053398,22.6492,791
粤B678ZD,114.053802,22.6467,792
粤B678ZD,114.054298,22.645201,793
粤B678ZD,114.054497,22.644501,794
粤B678ZD,114.054298,22.645201,794
粤B678ZD,114.056702,22.6443,795
粤B678ZD,114.058098,22.6443,795
粤B678ZD,114.059601,22.6443,795
粤B678ZD,114.055496,22.6444,795
粤B678ZD,114.0606,22.644199,798
粤B678ZD,114.0616,22.644199,799
粤B678ZD,114.064796,22.6444,799
粤B678ZD,114.064796,22.6444,799
粤B678ZD,114.0653,22.6446,801
粤B678ZD,114.061302,22.644199,802
粤B678ZD,114.0616,22.6443,802
粤B678ZD,114.061302,22.644199,802
粤B678ZD,114.061302,22.644199,803
粤B678ZD,114.061302,22.644199,803
粤B678ZD,114.061302,22.644199,803
粤B678ZD,114.061302,22.644199,803
粤B678ZD,114.061302,22.644199,804
粤B678ZD,114.0606,22.638901,805
粤B678ZD,114.062302,22.639099,805
粤B678ZD,114.056503,22.6367,806
粤B678ZD,114.057602,22.6373,806
粤B678ZD,114.053802,22.6364,808
粤B678ZD,114.046799,22.638399,809
粤B678ZD,114.048599,22.638,809
粤B678ZD,114.043404,22.650499,812
粤B678ZD,114.045502,22.649099,812
粤B678ZD,114.044701,22.649799,812
粤B678ZD,114.045502,22.649099,812
粤B678ZD,114.043404,22.650499,813
粤B678ZD,114.0429,22.6507,813
粤B678ZD,114.035896,22.6548,814
粤B678ZD,114.036499,22.656401,815
粤B678ZD,114.037003,22.657499,815
粤B678ZD,114.037003,22.657499,815
粤B678ZD,114.037498,22.658701,816
粤B678ZD,114.037102,22.6576,816
粤B678ZD,114.039398,22.6731,818
粤B678ZD,114.039902,22.674101,819
粤B678ZD,114.039597,22.6737,819
粤B678ZD,114.039902,22.674101,820
粤B678ZD,114.039902,22.674101,820
粤B678ZD,114.039902,22.674101,821
粤B678ZD,114.038902,22.6747,822
粤B678ZD,114.039902,22.674299,822
粤B678ZD,114.0373,22.675301,822
粤B678ZD,114.032501,22.6777,823
粤B678ZD,114.033699,22.6772,823
粤B678ZD,114.032402,22.6777,824
粤B678ZD,114.032402,22.6777,825
粤B678ZD,114.032402,22.6777,825
粤B678ZD,114.032402,22.6777,825
粤B678ZD,114.032402,22.6777,825
粤B678ZD,114.0317,22.678101,826
粤B678ZD,114.032303,22.6777,826
粤B678ZD,114.032799,22.6805,827
粤B678ZD,114.033699,22.6824,827
粤B678ZD,114.035004,22.688,828
粤B678ZD,114.035004,22.688,829
粤B678ZD,114.0355,22.690201,829
粤B678ZD,114.035896,22.691799,830
粤B678ZD,114.036003,22.6936,830
粤B678ZD,114.044296,22.689699,833
粤B678ZD,114.044197,22.686199,834
粤B678ZD,114.044197,22.6877,834
粤B678ZD,114.044197,22.688499,834
粤B678ZD,114.043999,22.6838,835
粤B678ZD,114.044098,22.6852,835
粤B678ZD,114.043999,22.6824,835
粤B678ZD,114.0438,22.6803,836
粤B678ZD,114.034599,22.652201,844
粤B678ZD,114.030899,22.6478,844
粤B678ZD,114.033302,22.6504,844
粤B678ZD,114.028297,22.645599,845
粤B678ZD,114.028,22.645399,847
粤B678ZD,114.0271,22.6437,847
粤B678ZD,114.027496,22.6448,847
粤B678ZD,114.026001,22.6408,848
粤B678ZD,114.025597,22.6397,848
粤B678ZD,114.025101,22.6385,849
粤B678ZD,114.025398,22.6313,850
粤B678ZD,114.025299,22.631599,850
粤B678ZD,114.025398,22.6313,851
粤B678ZD,114.025398,22.6313,851
粤B678ZD,114.025398,22.6313,852
粤B678ZD,114.025398,22.6313,852
粤B678ZD,114.025398,22.6313,852
粤B678ZD,114.028,22.622499,854
粤B678ZD,114.028397,22.621201,854
粤B678ZD,114.0289,22.619699,854
粤B678ZD,114.029198,22.618999,855
粤B678ZD,114.026802,22.617201,856
粤B678ZD,114.026802,22.617201,856
粤B678ZD,114.0289,22.6129,857
粤B678ZD,114.028503,22.612101,858
粤B678ZD,114.028,22.612301,858
粤B678ZD,114.027298,22.6131,858
粤B678ZD,114.026604,22.6129,859
粤B678ZD,114.026497,22.6126,859
粤B678ZD,114.026901,22.6127,859
粤B678ZD,114.027,22.612801,861
粤B678ZD,114.027,22.612801,861
粤B678ZD,114.027,22.612801,862
粤B678ZD,114.027,22.612801,864
粤B678ZD,114.027,22.612801,865
粤B678ZD,114.027,22.612801,865
粤B678ZD,114.027,22.612801,866
粤B678ZD,114.027,22.612801,866
粤B678ZD,114.027,22.612801,867
粤B678ZD,114.027,22.612801,867
粤B678ZD,114.027,22.612801,868
粤B678ZD,114.027,22.612801,869
粤B678ZD,114.027,22.612801,869
粤B678ZD,114.027,22.612801,871
粤B678ZD,114.027,22.612801,871
粤B678ZD,114.027,22.612801,871
粤B678ZD,114.027,22.612801,873
粤B678ZD,114.028297,22.6113,874
粤B678ZD,114.027702,22.613001,874
粤B678ZD,114.027702,22.613001,875
粤B678ZD,114.027702,22.613001,875
粤B678ZD,114.027702,22.613001,875
粤B678ZD,114.027702,22.613001,875
粤B678ZD,114.027702,22.613001,876
粤B678ZD,114.027702,22.613001,876
粤B678ZD,114.027702,22.613001,876
粤B678ZD,114.027702,22.613001,878
粤B678ZD,114.027702,22.613001,878
粤B678ZD,114.027702,22.613001,878
粤B678ZD,114.027702,22.613001,879
粤B678ZD,114.027702,22.613001,879
粤B678ZD,114.027702,22.613001,880
粤B678ZD,114.027702,22.613001,881
粤B678ZD,114.027702,22.613001,881
粤B678ZD,114.027702,22.613001,881
粤B678ZD,114.027702,22.613001,882
粤B678ZD,114.024498,22.609699,882
粤B678ZD,114.0271,22.6113,882
粤B678ZD,114.026199,22.610701,882
粤B678ZD,114.023102,22.6089,883
粤B678ZD,114.029999,22.611099,885
粤B678ZD,114.034798,22.610399,886
粤B678ZD,114.031799,22.6089,886
粤B678ZD,114.037102,22.6091,887
粤B678ZD,114.041496,22.6038,888
粤B678ZD,114.041496,22.6038,889
粤B678ZD,114.041496,22.6038,889
粤B678ZD,114.043503,22.603201,890
粤B678ZD,114.042397,22.6029,890
粤B678ZD,114.047203,22.601801,892
粤B678ZD,114.044502,22.601601,893
粤B678ZD,114.045303,22.600599,893
粤B678ZD,114.045303,22.600599,894
粤B678ZD,114.045303,22.600599,894
粤B678ZD,114.045403,22.600201,895
粤B678ZD,114.044403,22.601601,896
粤B678ZD,114.0448,22.601299,896
粤B678ZD,114.045197,22.6008,896
粤B678ZD,114.044899,22.6017,897
粤B678ZD,114.046898,22.601801,897
粤B678ZD,114.045898,22.601801,897
粤B678ZD,114.047096,22.6043,899
粤B678ZD,114.047501,22.6038,899
粤B678ZD,114.047203,22.6043,899
粤B678ZD,114.026802,22.6127,911
粤B678ZD,114.026802,22.6127,911
粤B678ZD,114.026802,22.6127,911
粤B678ZD,114.026802,22.6127,912
粤B678ZD,114.026802,22.6127,913
粤B678ZD,114.026802,22.6127,914
粤B678ZD,114.026802,22.6127,915
粤B678ZD,114.026802,22.6127,915
粤B678ZD,114.026802,22.6127,915
粤B678ZD,114.026802,22.6127,915
粤B678ZD,114.027298,22.6124,917
粤B678ZD,114.027397,22.6124,917
粤B678ZD,114.027397,22.6124,917
粤B678ZD,114.026802,22.6127,917
粤B678ZD,114.027397,22.612801,918
粤B678ZD,114.027496,22.613001,918
粤B678ZD,114.027397,22.612801,918
粤B678ZD,114.027397,22.612801,918
粤B678ZD,114.027397,22.612801,919
粤B678ZD,114.027802,22.6129,920
粤B678ZD,114.027802,22.6129,921
粤B678ZD,114.027603,22.612499,921
粤B678ZD,114.027496,22.6127,921
粤B678ZD,114.027901,22.6129,921
粤B678ZD,114.027496,22.6127,921
粤B678ZD,114.027901,22.6129,921
粤B678ZD,114.027199,22.6124,922
粤B678ZD,114.027199,22.6124,922
粤B678ZD,114.027199,22.6124,922
粤B678ZD,114.027199,22.6124,923
粤B678ZD,114.027397,22.6129,923
粤B678ZD,114.027199,22.6124,923
粤B678ZD,114.027397,22.6129,923
粤B678ZD,114.027496,22.6129,924
粤B678ZD,114.027397,22.613199,925
粤B678ZD,114.027496,22.6129,925
粤B678ZD,114.027397,22.6131,925
粤B678ZD,114.027496,22.6129,925
粤B678ZD,114.027397,22.6131,925
粤B678ZD,114.027496,22.6129,925
粤B678ZD,114.027397,22.6131,926
粤B678ZD,114.027397,22.6131,928
粤B678ZD,114.027397,22.6131,929
粤B678ZD,114.027397,22.6131,931
粤B678ZD,114.027397,22.6131,931
粤B678ZD,114.027397,22.6131,932
粤B678ZD,114.027397,22.6131,932
粤B678ZD,114.027397,22.6131,932
粤B678ZD,114.027397,22.6131,933
粤B678ZD,114.027397,22.6131,933
粤B678ZD,114.025497,22.6103,935
粤B678ZD,114.023003,22.608801,936
粤B678ZD,114.0233,22.608999,936
粤B678ZD,114.023499,22.6091,936
粤B678ZD,114.023804,22.609301,936
粤B678ZD,114.023003,22.608801,937
粤B678ZD,114.0233,22.608601,938
粤B678ZD,114.024803,22.609501,938
粤B678ZD,114.028397,22.6117,939
粤B678ZD,114.029503,22.6119,939
粤B678ZD,114.026703,22.610701,939
粤B678ZD,114.033096,22.608999,940
粤B678ZD,114.0317,22.608999,940
粤B678ZD,114.034599,22.610201,940
粤B678ZD,114.0383,22.6077,942
粤B678ZD,114.0383,22.6077,943
粤B678ZD,114.041603,22.603701,944
粤B678ZD,114.045898,22.603901,945
粤B678ZD,114.046501,22.604,945
粤B678ZD,114.044197,22.6035,945
粤B678ZD,114.047203,22.604,946
粤B678ZD,114.047203,22.604,946
粤B678ZD,114.047203,22.604,946
粤B678ZD,114.047203,22.604,946
粤B678ZD,114.047203,22.604,947
粤B678ZD,114.047203,22.6043,948
粤B678ZD,114.042603,22.603001,949
粤B678ZD,114.042603,22.603001,949
粤B678ZD,114.042603,22.603001,949
粤B678ZD,114.042397,22.602699,950
粤B678ZD,114.042603,22.602301,951
粤B678ZD,114.043297,22.601299,951
粤B678ZD,114.042503,22.6024,951
粤B678ZD,114.043701,22.6003,952
粤B678ZD,114.044403,22.5977,953
粤B678ZD,114.044701,22.5972,953
粤B678ZD,114.046501,22.5952,956
粤B678ZD,114.046799,22.5938,956
粤B678ZD,114.046097,22.592899,957
粤B678ZD,114.0467,22.5935,957
粤B678ZD,114.0466,22.5933,957
粤B678ZD,114.042702,22.592699,959
粤B678ZD,114.041,22.593,960
粤B678ZD,114.039299,22.5933,960
粤B678ZD,114.0373,22.5938,960
粤B678ZD,114.032204,22.5949,961
粤B678ZD,114.029602,22.594999,961
粤B678ZD,114.027199,22.5949,961
粤B678ZD,114.024696,22.5944,962
粤B678ZD,114.010902,22.593201,963
粤B678ZD,114.011299,22.5917,963
粤B678ZD,114.011002,22.5949,964
粤B678ZD,114.011002,22.5949,964
粤B678ZD,114.011803,22.602301,965
粤B678ZD,114.011002,22.5949,969
粤B678ZD,113.993202,22.654699,971
粤B678ZD,113.994904,22.6527,971
粤B678ZD,113.986397,22.6625,972
粤B678ZD,113.9842,22.6644,972
粤B678ZD,113.973,22.682199,974
粤B678ZD,113.975502,22.679001,974
粤B678ZD,113.974197,22.6805,974
粤B678ZD,113.971703,22.683701,975
粤B678ZD,113.962196,22.6852,976
粤B678ZD,113.959801,22.6868,978
粤B678ZD,113.959801,22.6868,979
粤B678ZD,113.959801,22.6868,979
粤B678ZD,113.959801,22.6868,980
粤B678ZD,113.959801,22.6868,980
粤B678ZD,113.956497,22.6866,981
粤B678ZD,113.954102,22.687901,982
粤B678ZD,113.9533,22.688801,983
粤B678ZD,113.953102,22.6889,984
粤B678ZD,113.953102,22.6889,984
粤B678ZD,113.953102,22.6889,984
粤B678ZD,113.951302,22.6894,985
粤B678ZD,113.950104,22.6891,986
粤B678ZD,113.950104,22.6891,986
粤B678ZD,113.950203,22.6891,986
粤B678ZD,113.950897,22.6894,986
粤B678ZD,113.950104,22.6891,987
粤B678ZD,113.946297,22.6863,989
粤B678ZD,113.940903,22.686501,990
粤B678ZD,113.944702,22.686399,990
粤B678ZD,113.935898,22.691099,993
粤B678ZD,113.935898,22.691099,994
粤B678ZD,113.934303,22.691999,994
粤B678ZD,113.934303,22.691999,995
粤B678ZD,113.934303,22.691999,995
粤B678ZD,113.932999,22.692699,997
粤B678ZD,113.932999,22.692699,997
粤B678ZD,113.932999,22.692699,997
粤B678ZD,113.930702,22.693501,998
粤B678ZD,113.928902,22.6933,998
粤B678ZD,113.925201,22.694,1000
粤B678ZD,113.921097,22.694901,1001
粤B678ZD,113.921204,22.694799,1001
粤B678ZD,113.918999,22.6971,1002
粤B678ZD,113.918701,22.697399,1002
粤B678ZD,113.918503,22.6975,1002
粤B678ZD,113.913902,22.7034,1003
粤B678ZD,113.909302,22.707899,1004
粤B678ZD,113.905296,22.710501,1005
粤B678ZD,113.905296,22.710501,1005
粤B678ZD,113.9021,22.7169,1007
粤B678ZD,113.902298,22.7185,1007
粤B678ZD,113.902496,22.7199,1007
粤B678ZD,113.903801,22.720501,1008
粤B678ZD,113.906197,22.7206,1008
粤B678ZD,113.907997,22.721201,1009
粤B678ZD,113.911301,22.720699,1011
粤B678ZD,113.911301,22.720699,1011
粤B678ZD,113.9123,22.7208,1012
粤B678ZD,113.911301,22.720699,1012
粤B678ZD,113.9105,22.7209,1014
粤B678ZD,113.9104,22.7209,1015
粤B678ZD,113.9104,22.7209,1015
粤B678ZD,113.909798,22.721001,1016
粤B678ZD,113.909103,22.721201,1016
粤B678ZD,113.9039,22.7206,1018
粤B678ZD,113.9049,22.720501,1018
粤B678ZD,113.9039,22.7206,1018
粤B678ZD,113.904099,22.7334,1028
粤B678ZD,113.902802,22.733101,1028
粤B678ZD,113.9058,22.7334,1029
粤B678ZD,113.9133,22.7304,1031
粤B678ZD,113.913002,22.731199,1031
粤B678ZD,113.913902,22.7283,1032
粤B678ZD,113.913498,22.7295,1032
粤B678ZD,113.914299,22.7272,1033
粤B678ZD,113.914299,22.7272,1033
粤B678ZD,113.916603,22.7269,1034
粤B678ZD,113.918999,22.7272,1034
粤B678ZD,113.922203,22.727501,1036
粤B678ZD,113.922203,22.727501,1036
粤B678ZD,113.922302,22.727501,1036
粤B678ZD,113.923698,22.727699,1037
粤B678ZD,113.925697,22.7279,1037
粤B678ZD,113.926003,22.7279,1037
粤B678ZD,113.930801,22.728399,1038
粤B678ZD,113.927696,22.7281,1038
粤B678ZD,113.930801,22.728399,1038
粤B678ZD,113.930801,22.728399,1039
粤B678ZD,113.934402,22.7288,1039
粤B678ZD,113.936302,22.729,1040
粤B678ZD,113.9366,22.729,1041
粤B678ZD,113.937698,22.729401,1041
粤B678ZD,113.941002,22.7314,1041
粤B678ZD,113.943199,22.734301,1042
粤B678ZD,113.941902,22.732401,1042
粤B678ZD,113.943199,22.734301,1043
粤B678ZD,113.943604,22.7365,1043
粤B678ZD,113.943703,22.737301,1045
粤B678ZD,113.943703,22.737301,1045
粤B678ZD,113.943901,22.740499,1046
粤B678ZD,113.943802,22.738701,1046
粤B678ZD,113.943901,22.740999,1047
粤B678ZD,113.943901,22.741501,1047
粤B678ZD,113.944702,22.749399,1048
粤B678ZD,113.945396,22.753,1049
粤B678ZD,113.945,22.750999,1049
粤B678ZD,113.946098,22.7596,1050
粤B678ZD,113.945602,22.7547,1050
粤B678ZD,113.945999,22.756599,1050
粤B678ZD,113.946198,22.7605,1052
粤B678ZD,113.946198,22.7605,1052
粤B678ZD,113.946198,22.7605,1053
粤B678ZD,113.946198,22.7605,1053
粤B678ZD,113.945602,22.7617,1054
粤B678ZD,113.945,22.7623,1054
粤B678ZD,113.943604,22.7635,1056
粤B678ZD,113.944298,22.763,1056
粤B678ZD,113.942902,22.763901,1056
粤B678ZD,113.945,22.762199,1057
粤B678ZD,113.945396,22.761801,1057
粤B678ZD,113.945396,22.761801,1057
粤B678ZD,113.945396,22.7617,1058
粤B678ZD,113.945099,22.752399,1060
粤B678ZD,113.945297,22.7535,1060
粤B678ZD,113.945297,22.7535,1060
粤B678ZD,113.945297,22.7535,1060
粤B678ZD,113.944504,22.7488,1061
粤B678ZD,113.944397,22.748699,1061
粤B678ZD,113.944397,22.748699,1061
粤B678ZD,113.944801,22.7505,1061
粤B678ZD,113.943703,22.742201,1063
粤B678ZD,113.943703,22.740601,1064
粤B678ZD,113.943703,22.742201,1064
粤B678ZD,113.943604,22.739,1064
粤B678ZD,113.943497,22.7383,1065
粤B678ZD,113.943398,22.7372,1065
粤B678ZD,113.930099,22.7286,1069
粤B678ZD,113.932899,22.7288,1069
粤B678ZD,113.9282,22.728399,1069
粤B678ZD,113.918503,22.7274,1072
粤B678ZD,113.916901,22.7272,1072
粤B678ZD,113.912804,22.7321,1073
粤B678ZD,113.9142,22.7276,1073
粤B678ZD,113.9133,22.7306,1073
粤B678ZD,113.913803,22.729099,1073
粤B678ZD,113.912498,22.7328,1074
粤B678ZD,113.912498,22.733101,1074
粤B678ZD,113.912498,22.733101,1076
粤B678ZD,113.912498,22.733101,1077
粤B678ZD,113.912498,22.733101,1077
粤B678ZD,113.912498,22.733101,1078
粤B678ZD,113.912498,22.733101,1078
粤B678ZD,113.9123,22.7335,1079
粤B678ZD,113.9114,22.7337,1080
粤B678ZD,113.908897,22.7335,1080
粤B678ZD,113.9076,22.7334,1081
粤B678ZD,113.908699,22.7335,1081
粤B678ZD,113.908699,22.7335,1081
粤B678ZD,113.902397,22.7321,1083
粤B678ZD,113.902496,22.728701,1084
粤B678ZD,113.902496,22.731701,1084
粤B678ZD,113.902496,22.727699,1085
粤B678ZD,113.902496,22.728701,1085
粤B678ZD,113.902603,22.726101,1085
粤B678ZD,113.903,22.720501,1087
粤B678ZD,113.902397,22.7206,1087
粤B678ZD,113.9039,22.720501,1087
粤B678ZD,113.9058,22.720501,1088
粤B678ZD,113.9049,22.7204,1088
粤B678ZD,113.9077,22.7211,1089
粤B678ZD,113.909599,22.7211,1090
粤B678ZD,113.909599,22.7211,1091
粤B678ZD,113.909599,22.7211,1091
粤B678ZD,113.909599,22.7211,1092
粤B678ZD,113.9095,22.7211,1094
粤B678ZD,113.906898,22.7208,1095
粤B678ZD,113.905998,22.720501,1095
粤B678ZD,113.9048,22.720501,1096
粤B678ZD,113.905296,22.725,1097
粤B678ZD,113.903503,22.724701,1097
粤B678ZD,113.902802,22.723801,1097
粤B678ZD,113.913101,22.7265,1098
粤B678ZD,113.911201,22.726299,1098
粤B678ZD,113.913902,22.726601,1099
粤B678ZD,113.9151,22.7267,1099
粤B678ZD,113.922096,22.727501,1100
粤B678ZD,113.921303,22.7274,1100
粤B678ZD,113.922096,22.727501,1101
粤B678ZD,113.922096,22.727501,1101
粤B678ZD,113.926003,22.7279,1102
粤B678ZD,113.923203,22.7276,1102
粤B678ZD,113.925003,22.7278,1102
粤B678ZD,113.927399,22.7281,1103
粤B678ZD,113.929298,22.7283,1103
粤B678ZD,113.936501,22.729,1104
粤B678ZD,113.913902,22.726601,1104
粤B678ZD,113.937798,22.729401,1105
粤B678ZD,113.939499,22.7302,1105
粤B678ZD,113.940498,22.7309,1105
粤B678ZD,113.940498,22.7309,1105
粤B678ZD,113.940498,22.7309,1105
粤B678ZD,113.940498,22.7309,1106
粤B678ZD,113.942802,22.733601,1106
粤B678ZD,113.943703,22.7369,1108
粤B678ZD,113.943703,22.7362,1108
粤B678ZD,113.943703,22.7369,1109
粤B678ZD,113.943901,22.7391,1109
粤B678ZD,113.9533,22.7379,1112
粤B678ZD,113.952499,22.7383,1112
粤B678ZD,113.953598,22.7377,1112
粤B678ZD,113.956001,22.7365,1113
粤B678ZD,113.964203,22.7339,1114
粤B678ZD,113.9646,22.7339,1115
粤B678ZD,113.968597,22.734699,1115
粤B678ZD,113.973801,22.7335,1116
粤B678ZD,113.970398,22.7348,1116
粤B678ZD,113.972397,22.734301,1116
粤B678ZD,113.9767,22.732401,1118
粤B678ZD,113.976898,22.732401,1118
粤B678ZD,113.9767,22.732401,1118
粤B678ZD,113.977798,22.7323,1119
粤B678ZD,113.978897,22.732401,1119
粤B678ZD,113.978104,22.732401,1119
粤B678ZD,113.979797,22.732599,1120
粤B678ZD,113.980301,22.7328,1120
粤B678ZD,113.9813,22.7332,1121
粤B678ZD,113.982803,22.7339,1122
粤B678ZD,113.983498,22.7341,1122
粤B678ZD,113.984001,22.734301,1123
粤B678ZD,113.983498,22.7341,1123
粤B678ZD,113.983498,22.7341,1123
粤B678ZD,113.987602,22.7349,1125
粤B678ZD,113.989197,22.7351,1125
粤B678ZD,113.986504,22.7348,1125
粤B678ZD,113.992599,22.735399,1126
粤B678ZD,113.9944,22.7355,1126
粤B678ZD,113.997398,22.735201,1127
粤B678ZD,114.002296,22.734501,1128
粤B678ZD,114.002296,22.734501,1129
粤B678ZD,114.002701,22.734501,1129
粤B678ZD,114.004402,22.734501,1130
粤B678ZD,114.003998,22.7344,1130
粤B678ZD,114.007896,22.7353,1132
粤B678ZD,114.007896,22.7353,1132
粤B678ZD,114.007896,22.7353,1132
粤B678ZD,114.007896,22.7353,1132
粤B678ZD,114.007896,22.7353,1132
粤B678ZD,114.007896,22.7353,1133
粤B678ZD,114.009903,22.735201,1133
粤B678ZD,114.008598,22.7353,1133
粤B678ZD,114.010002,22.734301,1134
粤B678ZD,114.007401,22.732901,1135
粤B678ZD,114.007896,22.733,1135
粤B678ZD,114.004997,22.731501,1141
粤B678ZD,114.004997,22.731501,1142
粤B678ZD,114.004997,22.731501,1142
粤B678ZD,114.004997,22.731501,1146
粤B678ZD,114.004997,22.731501,1146
粤B678ZD,114.004997,22.731501,1146
粤B678ZD,114.004997,22.731501,1147
粤B678ZD,114.004997,22.731501,1147
粤B678ZD,114.004997,22.731501,1148
粤B678ZD,114.004997,22.731501,1149
粤B678ZD,114.004997,22.731501,1150
粤B678ZD,114.004997,22.731501,1150
粤B678ZD,114.004997,22.731501,1151
粤B678ZD,114.004997,22.731501,1151
粤B678ZD,114.004997,22.731501,1151
粤B678ZD,114.004997,22.731501,1153
粤B678ZD,114.004997,22.731501,1153
粤B678ZD,114.004997,22.731501,1153
粤B678ZD,114.004997,22.731501,1154
粤B678ZD,114.004997,22.731501,1154
粤B678ZD,114.004997,22.731501,1155
粤B678ZD,114.004997,22.731501,1155
粤B678ZD,114.004997,22.731501,1157
粤B678ZD,114.004997,22.731501,1157
粤B678ZD,114.004997,22.731501,1157
粤B678ZD,114.004997,22.731501,1158
粤B678ZD,114.004997,22.731501,1158
粤B678ZD,114.004997,22.731501,1158
粤B678ZD,114.004997,22.731501,1158
粤B678ZD,114.004997,22.731501,1159
粤B678ZD,114.004997,22.731501,1160
粤B678ZD,114.004997,22.731501,1161
粤B678ZD,114.004997,22.731501,1161
粤B678ZD,114.004997,22.731501,1161
粤B678ZD,114.004997,22.731501,1162
粤B678ZD,114.004997,22.731501,1163
粤B678ZD,114.004997,22.731501,1164
粤B678ZD,114.004997,22.731501,1165
粤B678ZD,114.004997,22.731501,1165
粤B678ZD,114.004997,22.731501,1165
粤B678ZD,114.004997,22.731501,1165
粤B678ZD,114.004997,22.731501,1166
粤B678ZD,114.004997,22.731501,1166
粤B678ZD,114.004997,22.731501,1166
粤B678ZD,114.004997,22.731501,1167
粤B678ZD,114.004997,22.731501,1167
粤B678ZD,114.004997,22.731501,1170
粤B678ZD,114.004997,22.731501,1170
粤B678ZD,114.004997,22.731501,1171
粤B678ZD,114.004997,22.731501,1171
粤B678ZD,114.004997,22.731501,1171
粤B678ZD,114.004997,22.731501,1172
粤B678ZD,114.004997,22.731501,1174
粤B678ZD,114.004997,22.731501,1174
粤B678ZD,114.004997,22.731501,1175
粤B678ZD,114.004997,22.731501,1176
粤B678ZD,114.004997,22.731501,1177
粤B678ZD,114.004997,22.731501,1177
粤B678ZD,114.004997,22.731501,1178
粤B678ZD,114.004997,22.731501,1178
粤B678ZD,114.004997,22.731501,1179
粤B678ZD,114.006897,22.732599,1181
粤B678ZD,114.006897,22.732599,1181
粤B678ZD,114.006897,22.732599,1181
粤B678ZD,114.006897,22.732599,1182
粤B678ZD,114.006897,22.732599,1182
粤B678ZD,114.006897,22.732599,1183
粤B678ZD,114.006897,22.732599,1184
粤B678ZD,114.006897,22.732599,1185
粤B678ZD,114.006897,22.732599,1185
粤B678ZD,114.006897,22.732599,1185
粤B678ZD,114.006897,22.732599,1186
粤B678ZD,114.007103,22.7327,1186
粤B678ZD,114.006897,22.732599,1186
粤B678ZD,114.006897,22.732599,1186
粤B678ZD,114.014,22.7337,1189
粤B678ZD,114.014603,22.733801,1190
粤B678ZD,114.018097,22.732901,1191
粤B678ZD,114.0214,22.7316,1193
粤B678ZD,114.0196,22.735701,1194
粤B678ZD,114.020401,22.7348,1194
粤B678ZD,114.017601,22.7381,1195
粤B678ZD,114.016998,22.741501,1195
粤B678ZD,114.014801,22.7477,1197
粤B678ZD,114.0187,22.746901,1198
粤B678ZD,114.016502,22.7484,1198
粤B678ZD,114.017502,22.7488,1198
粤B678ZD,114.023399,22.7332,1202
粤B678ZD,114.026199,22.731199,1203
粤B678ZD,114.027,22.729401,1203
粤B678ZD,114.027496,22.730301,1203
粤B678ZD,114.026901,22.7292,1204
粤B678ZD,114.026901,22.7292,1205
粤B678ZD,114.026901,22.7292,1205
粤B678ZD,114.030701,22.7271,1206
粤B678ZD,114.028801,22.727699,1206
粤B678ZD,114.027199,22.728399,1206
粤B678ZD,114.032501,22.7271,1207
粤B678ZD,114.033501,22.727301,1207
粤B678ZD,114.034599,22.723801,1208
粤B678ZD,114.034599,22.723801,1209
粤B678ZD,114.034798,22.723101,1209
粤B678ZD,114.036697,22.7153,1212
粤B678ZD,114.036697,22.7153,1212
粤B678ZD,114.036697,22.7153,1212
粤B678ZD,114.036598,22.7129,1213
粤B678ZD,114.037003,22.7143,1213
粤B678ZD,114.036697,22.7113,1214
粤B678ZD,114.037697,22.7068,1215
粤B678ZD,114.037804,22.7071,1215
粤B678ZD,114.0439,22.7038,1217
粤B678ZD,114.044502,22.6952,1221
粤B678ZD,114.044502,22.6952,1221
粤B678ZD,114.044502,22.695,1221
粤B678ZD,114.044502,22.6945,1222
粤B678ZD,114.044502,22.6945,1222
粤B678ZD,114.044502,22.6945,1222
粤B678ZD,114.044502,22.6945,1224
粤B678ZD,114.044502,22.6945,1224
粤B678ZD,114.044296,22.689899,1225
粤B678ZD,114.044403,22.6929,1225
粤B678ZD,114.044296,22.6884,1226
粤B678ZD,114.0438,22.6805,1227
粤B678ZD,114.0438,22.680401,1228
粤B678ZD,114.0438,22.680401,1228
粤B678ZD,114.0438,22.680401,1228
粤B678ZD,114.0438,22.680201,1228
粤B678ZD,114.042702,22.6784,1229
粤B678ZD,114.041702,22.677099,1229
粤B678ZD,114.043602,22.679501,1229
粤B678ZD,114.0438,22.680201,1229
粤B678ZD,114.038597,22.671301,1231
粤B678ZD,114.039001,22.6726,1231
粤B678ZD,114.038002,22.669901,1232
粤B678ZD,114.038399,22.670799,1232
粤B678ZD,114.038498,22.671,1232
粤B678ZD,114.0373,22.6677,1233
粤B678ZD,114.037598,22.668699,1233
粤B678ZD,114.0364,22.6626,1234
粤B678ZD,114.033897,22.661301,1235
粤B678ZD,114.033897,22.661301,1235
粤B678ZD,114.034103,22.6614,1235
粤B678ZD,114.033897,22.661301,1236
粤B678ZD,114.033699,22.6611,1236
粤B678ZD,114.027901,22.661501,1238
粤B678ZD,114.027901,22.661501,1238
粤B678ZD,114.027901,22.661501,1239
粤B678ZD,114.027298,22.661699,1239
粤B678ZD,114.026001,22.660801,1239
粤B678ZD,114.025002,22.660101,1240
粤B678ZD,114.017998,22.655001,1242
粤B678ZD,114.017403,22.6548,1243
粤B678ZD,114.017403,22.6548,1243
粤B678ZD,114.017403,22.6548,1243
粤B678ZD,114.016502,22.653799,1245
粤B678ZD,114.018303,22.6549,1246
粤B678ZD,114.019096,22.654699,1246
粤B678ZD,114.020798,22.6528,1247
粤B678ZD,114.0233,22.648199,1248
粤B678ZD,114.0224,22.650801,1248
粤B678ZD,114.0242,22.6462,1249
粤B678ZD,114.025597,22.6457,1249
粤B678ZD,114.027,22.6451,1250
粤B678ZD,114.0336,22.6429,1252
粤B678ZD,114.032997,22.643101,1252
粤B678ZD,114.032997,22.643101,1252
粤B678ZD,114.039101,22.6413,1255
粤B678ZD,114.042801,22.6392,1256
粤B678ZD,114.044098,22.6387,1256
粤B678ZD,114.045502,22.638399,1257
粤B678ZD,114.053802,22.6362,1260
粤B678ZD,114.054901,22.6359,1261
粤B678ZD,114.054901,22.6359,1261
粤B678ZD,114.054901,22.6359,1262
粤B678ZD,114.057999,22.6374,1263
粤B678ZD,114.058296,22.6376,1263
粤B678ZD,114.059799,22.6385,1264
粤B678ZD,114.061401,22.6388,1264
粤B678ZD,114.058701,22.637899,1264
粤B678ZD,114.063904,22.6357,1265
粤B678ZD,114.076698,22.629,1268
粤B678ZD,114.075699,22.6292,1268
粤B678ZD,114.074501,22.6294,1268
粤B678ZD,114.091003,22.6313,1271
粤B678ZD,114.097801,22.630699,1271
粤B678ZD,114.104301,22.6248,1272
粤B678ZD,114.099403,22.629101,1272
粤B678ZD,114.108299,22.622299,1274
粤B678ZD,114.105904,22.623699,1274
粤B678ZD,114.106903,22.6231,1274
粤B678ZD,114.1129,22.6215,1275
粤B678ZD,114.114197,22.6213,1276
粤B678ZD,114.111099,22.6224,1278
粤B678ZD,114.111099,22.6224,1278
粤B678ZD,114.111099,22.6224,1278
粤B678ZD,114.111099,22.6224,1278
粤B678ZD,114.111099,22.6224,1279
粤B678ZD,114.111099,22.6224,1281
粤B678ZD,114.111099,22.6224,1281
粤B678ZD,114.111099,22.6224,1282
粤B678ZD,114.111099,22.6224,1283
粤B678ZD,114.111099,22.6224,1285
粤B678ZD,114.111099,22.6224,1285
粤B678ZD,114.111099,22.6224,1285
粤B678ZD,114.111099,22.6224,1287
粤B678ZD,114.111099,22.6224,1288
粤B678ZD,114.111099,22.6224,1288
粤B678ZD,114.111099,22.6224,1289
粤B678ZD,114.111099,22.6224,1289
粤B678ZD,114.111099,22.6224,1291
粤B678ZD,114.111099,22.6224,1291
粤B678ZD,114.111099,22.6224,1291
粤B678ZD,114.111099,22.6224,1292
粤B678ZD,114.111099,22.6224,1292
粤B678ZD,114.111099,22.6224,1292
粤B678ZD,114.111099,22.6224,1292
粤B678ZD,114.111099,22.6224,1294
粤B678ZD,114.111099,22.6224,1295
粤B678ZD,114.111099,22.6224,1296
粤B678ZD,114.111099,22.6224,1296
粤B678ZD,114.111099,22.6224,1298
粤B678ZD,114.111099,22.6224,1298
粤B678ZD,114.111099,22.6224,1298
粤B678ZD,114.111099,22.6224,1299
粤B678ZD,114.111099,22.6224,1303
粤B678ZD,114.111099,22.6224,1309
粤B678ZD,114.111099,22.6224,1309
粤B678ZD,114.111099,22.6224,1310
粤B678ZD,114.111099,22.6224,1310
粤B678ZD,114.111099,22.6224,1310
粤B678ZD,114.111099,22.6224,1311
粤B678ZD,114.111099,22.6224,1311
粤B678ZD,114.111099,22.6224,1313
粤B678ZD,114.111099,22.6224,1313
粤B678ZD,114.111099,22.6224,1314
粤B678ZD,114.111099,22.6224,1314
粤B678ZD,114.111099,22.6224,1315
粤B678ZD,114.111099,22.6224,1317
粤B678ZD,114.111099,22.6224,1317
粤B678ZD,114.111099,22.6224,1317
粤B678ZD,114.111099,22.6224,1318
粤B678ZD,114.111099,22.6224,1324
粤B678ZD,114.111099,22.6224,1326
粤B678ZD,114.111099,22.6224,1326
粤B678ZD,114.111099,22.6224,1327
粤B678ZD,114.111099,22.6224,1330
粤B678ZD,114.111099,22.6224,1330
粤B678ZD,114.111099,22.6224,1331
粤B678ZD,114.111099,22.6224,1332
粤B678ZD,114.111099,22.6224,1332
粤B678ZD,114.111099,22.6224,1333
粤B678ZD,114.111099,22.6224,1333
粤B678ZD,114.111099,22.6224,1334
粤B678ZD,114.111099,22.6224,1335
粤B678ZD,114.111099,22.6224,1335
粤B678ZD,114.111099,22.6224,1335
粤B678ZD,114.111099,22.6224,1337
粤B678ZD,114.111099,22.6224,1337
粤B678ZD,114.111099,22.6224,1337
粤B678ZD,114.111099,22.6224,1338
粤B678ZD,114.111099,22.6224,1338
粤B678ZD,114.111099,22.6224,1338
粤B678ZD,114.111099,22.6224,1338
粤B678ZD,114.111099,22.6224,1340
粤B678ZD,114.111099,22.6224,1341
粤B678ZD,114.111099,22.6224,1341
粤B678ZD,114.111099,22.6224,1341
粤B678ZD,114.111099,22.6224,1341
粤B678ZD,114.111099,22.6224,1342
粤B678ZD,114.111099,22.6224,1344
粤B678ZD,114.111099,22.6224,1344
粤B678ZD,114.111099,22.6224,1344
粤B678ZD,114.111099,22.6224,1345
粤B678ZD,114.111099,22.6224,1346
粤B678ZD,114.111099,22.6224,1346
粤B678ZD,114.111099,22.6224,1348
粤B678ZD,114.111099,22.6224,1348
粤B678ZD,114.111099,22.6224,1348
粤B678ZD,114.111099,22.6224,1348
粤B678ZD,114.111099,22.6224,1349
粤B678ZD,114.111099,22.6224,1349
粤B678ZD,114.111099,22.6224,1349
粤B678ZD,114.111099,22.6224,1349
粤B678ZD,114.111099,22.6224,1350
粤B678ZD,114.111099,22.6224,1351
粤B678ZD,114.111099,22.6224,1351
粤B678ZD,114.111099,22.6224,1352
粤B678ZD,114.111099,22.6224,1352
粤B678ZD,114.111099,22.6224,1353
粤B678ZD,114.111099,22.6224,1358
粤B678ZD,114.111099,22.6224,1360
粤B678ZD,114.111099,22.6224,1360
粤B678ZD,114.111099,22.6224,1365
粤B678ZD,114.111099,22.6224,1365
粤B678ZD,114.111099,22.6224,1365
粤B678ZD,114.111099,22.6224,1365
粤B678ZD,114.111099,22.6224,1366
粤B678ZD,114.111099,22.6224,1368
粤B678ZD,114.111099,22.6224,1368
粤B678ZD,114.111099,22.6224,1369
粤B678ZD,114.111099,22.6224,1369
粤B678ZD,114.111099,22.6224,1371
粤B678ZD,114.111099,22.6224,1372
粤B678ZD,114.111099,22.6224,1372
粤B678ZD,114.111099,22.6224,1372
粤B678ZD,114.111099,22.6224,1376
粤B678ZD,114.111099,22.6224,1377
粤B678ZD,114.111099,22.6224,1378
粤B678ZD,114.111099,22.6224,1378
粤B678ZD,114.111099,22.6224,1380
粤B678ZD,114.111099,22.6224,1381
粤B678ZD,114.111099,22.6224,1381
粤B678ZD,114.111099,22.6224,1383
粤B678ZD,114.111099,22.6224,1383
粤B678ZD,114.111099,22.6224,1383
粤B678ZD,114.111099,22.6224,1384
粤B678ZD,114.111099,22.6224,1384
粤B678ZD,114.111099,22.6224,1384
粤B678ZD,114.111099,22.6224,1385
粤B678ZD,114.111099,22.6224,1387
粤B678ZD,114.111099,22.6224,1387
粤B678ZD,114.111099,22.6224,1387
粤B678ZD,114.111099,22.6224,1388
粤B678ZD,114.111099,22.6224,1388
粤B678ZD,114.111099,22.6224,1390
粤B678ZD,114.111099,22.6224,1390
粤B678ZD,114.111099,22.6224,1391
粤B678ZD,114.111099,22.6224,1391
粤B678ZD,114.111099,22.6224,1391
粤B678ZD,114.111099,22.6224,1391
粤B678ZD,114.111099,22.6224,1392
粤B678ZD,114.111099,22.6224,1393
粤B678ZD,114.111099,22.6224,1394
粤B678ZD,114.111099,22.6224,1394
粤B678ZD,114.111099,22.6224,1395
粤B678ZD,114.111099,22.6224,1397
粤B678ZD,114.111099,22.6224,1397
粤B678ZD,114.111099,22.6224,1397
粤B678ZD,114.111099,22.6224,1398
粤B678ZD,114.111099,22.6224,1399
粤B678ZD,114.111099,22.6224,1400
粤B678ZD,114.111099,22.6224,1401
粤B678ZD,114.111099,22.6224,1401
粤B678ZD,114.111099,22.6224,1402
粤B678ZD,114.111099,22.6224,1404
粤B678ZD,114.111099,22.6224,1404
粤B678ZD,114.111099,22.6224,1405
粤B678ZD,114.111099,22.6224,1405
粤B678ZD,114.111099,22.6224,1405
粤B678ZD,114.111099,22.6224,1406
粤B678ZD,114.111099,22.6224,1410
粤B678ZD,114.111099,22.6224,1411
粤B678ZD,114.111099,22.6224,1411
粤B678ZD,114.111099,22.6224,1413
粤B678ZD,114.111099,22.6224,1414
粤B678ZD,114.111099,22.6224,1414
粤B678ZD,114.111099,22.6224,1414
粤B678ZD,114.111099,22.6224,1415
粤B678ZD,114.111099,22.6224,1415
粤B678ZD,114.111099,22.6224,1415
粤B678ZD,114.111099,22.6224,1417
粤B678ZD,114.111099,22.6224,1418
粤B678ZD,114.111099,22.6224,1418
粤B678ZD,114.111099,22.6224,1418
粤B678ZD,114.111099,22.6224,1419
粤B678ZD,114.111099,22.6224,1419
粤B678ZD,114.111099,22.6224,1420
粤B678ZD,114.111099,22.6224,1422
粤B678ZD,114.111099,22.6224,1422
粤B678ZD,114.111099,22.6224,1423
粤B678ZD,114.111099,22.6224,1423
粤B678ZD,114.111099,22.6224,1423
粤B678ZD,114.111099,22.6224,1424
粤B678ZD,114.111099,22.6224,1425
粤B678ZD,114.111099,22.6224,1426
粤B678ZD,114.111099,22.6224,1427
粤B678ZD,114.111099,22.6224,1429
粤B678ZD,114.111099,22.6224,1429
粤B678ZD,114.111099,22.6224,1430
粤B678ZD,114.111099,22.6224,1430
粤B678ZD,114.111099,22.6224,1432
粤B678ZD,114.111099,22.6224,1432
粤B678ZD,114.111099,22.6224,1433
粤B678ZD,114.111099,22.6224,1433
粤B678ZD,114.111099,22.6224,1433
粤B678ZD,114.111099,22.6224,1433
粤B678ZD,114.111099,22.6224,1434
