粤BL5082,114.355003,22.679701,7
粤BL5082,114.355003,22.679701,7
粤BL5082,114.355003,22.679701,8
粤BL5082,114.355003,22.679701,9
粤BL5082,114.355003,22.679701,10
粤BL5082,114.355003,22.679701,10
粤BL5082,114.355003,22.679701,10
粤BL5082,114.355003,22.679701,11
粤BL5082,114.355003,22.679701,14
粤BL5082,114.355003,22.679701,14
粤BL5082,114.355003,22.679701,17
粤BL5082,114.355003,22.679701,18
粤BL5082,114.355003,22.679701,18
粤BL5082,114.355003,22.679701,20
粤BL5082,114.355003,22.679701,20
粤BL5082,114.355003,22.679701,22
粤BL5082,114.355003,22.679701,23
粤BL5082,114.355003,22.679701,24
粤BL5082,114.355003,22.679701,24
粤BL5082,114.355003,22.679701,25
粤BL5082,114.355003,22.679701,25
粤BL5082,114.3526,22.677999,27
粤BL5082,114.352501,22.677999,27
粤BL5082,114.351997,22.679001,27
粤BL5082,114.351303,22.6814,28
粤BL5082,114.347504,22.688101,31
粤BL5082,114.345901,22.6875,32
粤BL5082,114.3433,22.6873,32
粤BL5082,114.341003,22.6884,32
粤BL5082,114.3386,22.6896,33
粤BL5082,114.341103,22.6982,34
粤BL5082,114.3395,22.6957,36
粤BL5082,114.340797,22.698,36
粤BL5082,114.331398,22.6987,38
粤BL5082,114.329102,22.7001,38
粤BL5082,114.326698,22.7013,38
粤BL5082,114.322701,22.702299,39
粤BL5082,114.3246,22.701599,39
粤BL5082,114.320602,22.703699,39
粤BL5082,114.318398,22.7052,40
粤BL5082,114.317497,22.705601,41
粤BL5082,114.321701,22.7027,42
粤BL5082,114.319603,22.704201,42
粤BL5082,114.322502,22.7022,43
粤BL5082,114.332497,22.697901,45
粤BL5082,114.332397,22.697901,45
粤BL5082,114.332397,22.697901,45
粤BL5082,114.336502,22.6952,46
粤BL5082,114.334396,22.6966,46
粤BL5082,114.336899,22.690399,48
粤BL5082,114.336998,22.690599,48
粤BL5082,114.338402,22.689501,49
粤BL5082,114.3377,22.6901,50
粤BL5082,114.348198,22.7017,53
粤BL5082,114.3442,22.7038,53
粤BL5082,114.349899,22.703199,54
粤BL5082,114.351799,22.7043,55
粤BL5082,114.351799,22.7043,56
粤BL5082,114.351799,22.7043,56
粤BL5082,114.351799,22.7043,57
粤BL5082,114.351799,22.7043,57
粤BL5082,114.351799,22.7043,57
粤BL5082,114.351799,22.7043,59
粤BL5082,114.351799,22.7043,59
粤BL5082,114.351799,22.7043,60
粤BL5082,114.351799,22.7043,60
粤BL5082,114.351799,22.7043,61
粤BL5082,114.351799,22.7043,61
粤BL5082,114.351799,22.7043,63
粤BL5082,114.351799,22.7043,63
粤BL5082,114.351799,22.7043,64
粤BL5082,114.351799,22.7043,64
粤BL5082,114.351799,22.7043,66
粤BL5082,114.351799,22.7043,68
粤BL5082,114.351799,22.7043,68
粤BL5082,114.351898,22.7043,71
粤BL5082,114.351898,22.7043,72
粤BL5082,114.350403,22.7045,73
粤BL5082,114.345299,22.703501,74
粤BL5082,114.348297,22.7059,74
粤BL5082,114.347099,22.703699,74
粤BL5082,114.344498,22.704,75
粤BL5082,114.336601,22.6952,77
粤BL5082,114.333702,22.6971,77
粤BL5082,114.3312,22.698799,78
粤BL5082,114.322502,22.7024,79
粤BL5082,114.316597,22.7064,80
粤BL5082,114.3172,22.705999,80
粤BL5082,114.308899,22.711399,81
粤BL5082,114.303703,22.7155,82
粤BL5082,114.305901,22.7127,82
粤BL5082,114.2957,22.7227,84
粤BL5082,114.302002,22.718399,84
粤BL5082,114.293404,22.7236,85
粤BL5082,114.290802,22.724701,85
粤BL5082,114.290703,22.7248,85
粤BL5082,114.281502,22.7283,88
粤BL5082,114.282204,22.728001,88
粤BL5082,114.275002,22.7328,89
粤BL5082,114.278397,22.7304,89
粤BL5082,114.259499,22.724001,92
粤BL5082,114.261497,22.725,92
粤BL5082,114.262604,22.7232,93
粤BL5082,114.265198,22.7225,94
粤BL5082,114.265198,22.7225,95
粤BL5082,114.266197,22.724199,95
粤BL5082,114.265701,22.7251,96
粤BL5082,114.265198,22.7264,96
粤BL5082,114.265198,22.7262,96
粤BL5082,114.2696,22.73,98
粤BL5082,114.271698,22.731001,98
粤BL5082,114.274696,22.7325,99
粤BL5082,114.273102,22.7316,99
粤BL5082,114.273102,22.7316,99
粤BL5082,114.278503,22.730101,100
粤BL5082,114.285301,22.7269,102
粤BL5082,114.287498,22.726101,102
粤BL5082,114.289497,22.7251,103
粤BL5082,114.290199,22.7248,103
粤BL5082,114.295799,22.7222,106
粤BL5082,114.295799,22.7222,106
粤BL5082,114.295799,22.7222,107
粤BL5082,114.296204,22.722,107
粤BL5082,114.304298,22.7141,109
粤BL5082,114.3069,22.712,109
粤BL5082,114.306297,22.710199,110
粤BL5082,114.309097,22.708,110
粤BL5082,114.3078,22.709299,110
粤BL5082,114.308197,22.7048,111
粤BL5082,114.310303,22.6961,112
粤BL5082,114.310303,22.6961,113
粤BL5082,114.310303,22.6961,113
粤BL5082,114.316299,22.6922,114
粤BL5082,114.311096,22.695601,114
粤BL5082,114.313797,22.693899,114
粤BL5082,114.313202,22.684401,116
粤BL5082,114.308502,22.6826,117
粤BL5082,114.307602,22.681999,118
粤BL5082,114.307602,22.681999,118
粤BL5082,114.314598,22.685101,120
粤BL5082,114.312599,22.684,120
粤BL5082,114.316704,22.686001,120
粤BL5082,114.319901,22.687099,121
粤BL5082,114.319901,22.687099,122
粤BL5082,114.328796,22.6912,123
粤BL5082,114.333298,22.693199,124
粤BL5082,114.332703,22.6952,125
粤BL5082,114.332397,22.697201,125
粤BL5082,114.336403,22.6954,127
粤BL5082,114.336403,22.6954,127
粤BL5082,114.336403,22.6954,128
粤BL5082,114.336403,22.6954,128
粤BL5082,114.336403,22.6954,129
粤BL5082,114.336403,22.6954,131
粤BL5082,114.336403,22.6954,131
粤BL5082,114.336403,22.6954,132
粤BL5082,114.336403,22.6954,132
粤BL5082,114.336403,22.6954,133
粤BL5082,114.336403,22.6954,134
粤BL5082,114.336403,22.6954,135
粤BL5082,114.336403,22.6954,135
粤BL5082,114.336403,22.6954,136
粤BL5082,114.336403,22.6954,136
粤BL5082,114.336403,22.6954,138
粤BL5082,114.336403,22.6954,139
粤BL5082,114.336403,22.6954,139
粤BL5082,114.338303,22.694099,140
粤BL5082,114.3367,22.695101,140
粤BL5082,114.336998,22.690599,142
粤BL5082,114.336998,22.690599,143
粤BL5082,114.338303,22.689699,143
粤BL5082,114.336998,22.690599,143
粤BL5082,114.344398,22.687201,144
粤BL5082,114.3424,22.687599,144
粤BL5082,114.3405,22.688601,144
粤BL5082,114.344902,22.687201,147
粤BL5082,114.344902,22.687201,147
粤BL5082,114.344902,22.687201,150
粤BL5082,114.344902,22.687201,150
粤BL5082,114.344902,22.687201,151
粤BL5082,114.344902,22.687201,151
粤BL5082,114.344902,22.687201,152
粤BL5082,114.344902,22.687201,154
粤BL5082,114.344902,22.687201,154
粤BL5082,114.344902,22.687201,155
粤BL5082,114.344902,22.687201,155
粤BL5082,114.342499,22.680099,158
粤BL5082,114.342499,22.680099,158
粤BL5082,114.342499,22.680099,161
粤BL5082,114.342499,22.680099,161
粤BL5082,114.3452,22.680201,162
粤BL5082,114.343002,22.680201,162
粤BL5082,114.342102,22.6805,163
粤BL5082,114.334396,22.6866,165
粤BL5082,114.334396,22.6866,165
粤BL5082,114.333801,22.6847,167
粤BL5082,114.333603,22.6863,169
粤BL5082,114.333801,22.6866,169
粤BL5082,114.333801,22.6866,169
粤BL5082,114.333801,22.6866,170
粤BL5082,114.333801,22.6866,171
粤BL5082,114.333801,22.6866,173
粤BL5082,114.333801,22.6866,173
粤BL5082,114.335297,22.6884,174
粤BL5082,114.333801,22.6866,174
粤BL5082,114.339203,22.689199,175
粤BL5082,114.347801,22.688101,176
粤BL5082,114.350098,22.688601,177
粤BL5082,114.350098,22.688601,177
粤BL5082,114.358704,22.6891,178
粤BL5082,114.373497,22.692301,180
粤BL5082,114.373497,22.692301,181
粤BL5082,114.373299,22.693001,181
粤BL5082,114.3713,22.694799,181
粤BL5082,114.372498,22.6957,182
粤BL5082,114.350304,22.687799,191
粤BL5082,114.350304,22.687799,192
粤BL5082,114.350304,22.687799,192
粤BL5082,114.350304,22.687799,192
粤BL5082,114.350304,22.687799,195
粤BL5082,114.350304,22.687799,195
粤BL5082,114.350304,22.687799,196
粤BL5082,114.350304,22.687799,197
粤BL5082,114.350304,22.687799,198
粤BL5082,114.350304,22.687799,199
粤BL5082,114.350304,22.687799,200
粤BL5082,114.350304,22.687799,200
粤BL5082,114.350304,22.687799,202
粤BL5082,114.350304,22.687799,203
粤BL5082,114.350304,22.687799,203
粤BL5082,114.350304,22.687799,203
粤BL5082,114.350304,22.687799,206
粤BL5082,114.350304,22.687799,206
粤BL5082,114.350304,22.687799,207
粤BL5082,114.350304,22.687799,208
粤BL5082,114.350304,22.687799,208
粤BL5082,114.350502,22.6873,211
粤BL5082,114.350899,22.683599,212
粤BL5082,114.351097,22.6819,212
粤BL5082,114.354897,22.680099,213
粤BL5082,114.355202,22.679899,214
粤BL5082,114.355202,22.679899,214
粤BL5082,114.355499,22.68,214
粤BL5082,114.355103,22.6796,215
粤BL5082,114.355103,22.6796,217
粤BL5082,114.355103,22.6796,218
粤BL5082,114.355103,22.6796,218
粤BL5082,114.355103,22.6796,219
粤BL5082,114.355103,22.6796,219
粤BL5082,114.355103,22.6796,221
粤BL5082,114.355103,22.6796,222
粤BL5082,114.355103,22.6796,222
粤BL5082,114.355103,22.6796,222
粤BL5082,114.355103,22.6796,223
粤BL5082,114.355003,22.679501,223
粤BL5082,114.355003,22.679501,225
粤BL5082,114.355003,22.679501,225
粤BL5082,114.355003,22.679501,226
粤BL5082,114.355003,22.679501,226
粤BL5082,114.355003,22.679501,226
粤BL5082,114.355003,22.679501,227
粤BL5082,114.355003,22.679501,229
粤BL5082,114.355003,22.679501,229
粤BL5082,114.355003,22.679501,230
粤BL5082,114.355003,22.679501,230
粤BL5082,114.355003,22.679501,233
粤BL5082,114.355003,22.679501,233
粤BL5082,114.355003,22.679501,234
粤BL5082,114.355003,22.679501,234
粤BL5082,114.355003,22.679501,236
粤BL5082,114.355003,22.679501,237
粤BL5082,114.355003,22.679501,237
粤BL5082,114.355003,22.679501,238
粤BL5082,114.355003,22.679501,238
粤BL5082,114.355003,22.679501,240
粤BL5082,114.355003,22.679501,241
粤BL5082,114.355003,22.679501,242
粤BL5082,114.355003,22.679501,242
粤BL5082,114.355003,22.679501,244
粤BL5082,114.355003,22.679501,247
粤BL5082,114.355003,22.679501,248
粤BL5082,114.355003,22.679501,248
粤BL5082,114.355003,22.679501,249
粤BL5082,114.355003,22.679501,249
粤BL5082,114.355003,22.679501,251
粤BL5082,114.355003,22.679501,252
粤BL5082,114.355003,22.679501,252
粤BL5082,114.355003,22.679501,253
粤BL5082,114.355003,22.679501,255
粤BL5082,114.355003,22.679501,255
粤BL5082,114.355003,22.679501,255
粤BL5082,114.355003,22.679501,256
粤BL5082,114.355003,22.679501,256
粤BL5082,114.355003,22.679501,256
粤BL5082,114.355003,22.679501,259
粤BL5082,114.355003,22.679501,259
粤BL5082,114.355003,22.679501,259
粤BL5082,114.355003,22.679501,260
粤BL5082,114.355003,22.679501,260
粤BL5082,114.355003,22.679501,260
粤BL5082,114.355003,22.679501,262
粤BL5082,114.355003,22.679501,262
粤BL5082,114.355301,22.6796,263
粤BL5082,114.355003,22.679501,263
粤BL5082,114.355202,22.679501,264
粤BL5082,114.355202,22.679501,264
粤BL5082,114.3554,22.679399,266
粤BL5082,114.3554,22.679399,267
粤BL5082,114.3554,22.679399,267
粤BL5082,114.3554,22.679399,268
粤BL5082,114.3554,22.679399,270
粤BL5082,114.3554,22.679399,271
粤BL5082,114.3554,22.679399,271
粤BL5082,114.3554,22.679399,272
粤BL5082,114.3554,22.679399,274
粤BL5082,114.3554,22.679399,274
粤BL5082,114.355202,22.6793,275
粤BL5082,114.355202,22.6793,275
粤BL5082,114.355202,22.6793,276
粤BL5082,114.3554,22.679501,278
粤BL5082,114.3554,22.679501,278
粤BL5082,114.3554,22.679501,281
粤BL5082,114.3554,22.679501,282
粤BL5082,114.3554,22.679501,282
粤BL5082,114.3554,22.679501,282
粤BL5082,114.355202,22.6793,285
粤BL5082,114.355202,22.6793,285
粤BL5082,114.355003,22.679399,286
粤BL5082,114.355202,22.679399,286
粤BL5082,114.355202,22.679399,286
粤BL5082,114.355499,22.6793,290
粤BL5082,114.3554,22.679399,290
粤BL5082,114.355499,22.6793,291
粤BL5082,114.355103,22.679399,293
粤BL5082,114.355499,22.679199,293
粤BL5082,114.355499,22.679199,294
粤BL5082,114.355499,22.679199,294
粤BL5082,114.355499,22.679199,295
粤BL5082,114.355499,22.679199,297
粤BL5082,114.355499,22.679199,297
粤BL5082,114.355499,22.679199,297
粤BL5082,114.355301,22.6793,299
粤BL5082,114.355103,22.6793,299
粤BL5082,114.355797,22.679199,301
粤BL5082,114.355797,22.679199,301
粤BL5082,114.355797,22.679199,301
粤BL5082,114.355797,22.679199,302
粤BL5082,114.355202,22.679501,302
粤BL5082,114.355797,22.679199,302
粤BL5082,114.355202,22.679501,303
粤BL5082,114.355202,22.679501,305
粤BL5082,114.355202,22.679501,306
粤BL5082,114.355202,22.679501,307
粤BL5082,114.355103,22.679501,308
粤BL5082,114.355103,22.679501,309
粤BL5082,114.355103,22.679501,309
粤BL5082,114.354897,22.6796,310
粤BL5082,114.355301,22.679399,313
粤BL5082,114.355301,22.679399,313
粤BL5082,114.355301,22.679399,313
粤BL5082,114.355301,22.679399,314
粤BL5082,114.355301,22.679399,314
粤BL5082,114.355301,22.679399,314
粤BL5082,114.355301,22.679399,316
粤BL5082,114.355301,22.679399,316
粤BL5082,114.355301,22.679399,317
粤BL5082,114.355301,22.679399,320
粤BL5082,114.355301,22.679399,320
粤BL5082,114.355301,22.679399,321
粤BL5082,114.355301,22.679399,321
粤BL5082,114.355202,22.6796,325
粤BL5082,114.355202,22.6796,325
粤BL5082,114.355301,22.679399,327
粤BL5082,114.355301,22.679399,327
粤BL5082,114.355301,22.679399,328
粤BL5082,114.355301,22.679399,328
粤BL5082,114.355003,22.6796,329
粤BL5082,114.355301,22.679501,331
粤BL5082,114.355301,22.679501,331
粤BL5082,114.3554,22.679399,332
粤BL5082,114.3554,22.679399,332
粤BL5082,114.3554,22.679399,334
粤BL5082,114.3554,22.679399,335
粤BL5082,114.3554,22.679399,335
粤BL5082,114.3554,22.679399,336
粤BL5082,114.3554,22.679399,336
粤BL5082,114.3554,22.679399,338
粤BL5082,114.355202,22.679501,340
粤BL5082,114.355202,22.679501,340
粤BL5082,114.355103,22.68,344
粤BL5082,114.355103,22.68,346
粤BL5082,114.355103,22.68,346
粤BL5082,114.355103,22.68,347
粤BL5082,114.355103,22.68,347
粤BL5082,114.355103,22.68,347
粤BL5082,114.355103,22.68,348
粤BL5082,114.355103,22.68,348
粤BL5082,114.352997,22.6782,350
粤BL5082,114.352097,22.6784,351
粤BL5082,114.352501,22.677999,351
粤BL5082,114.351601,22.680099,352
粤BL5082,114.364899,22.6847,354
粤BL5082,114.369202,22.6861,354
粤BL5082,114.380402,22.689699,356
粤BL5082,114.367401,22.686399,358
粤BL5082,114.366798,22.687401,359
粤BL5082,114.366798,22.687401,359
粤BL5082,114.366798,22.687401,359
粤BL5082,114.366798,22.687401,360
粤BL5082,114.366798,22.687401,360
粤BL5082,114.366798,22.687401,360
粤BL5082,114.366798,22.687401,362
粤BL5082,114.3666,22.687599,363
粤BL5082,114.365196,22.6896,364
粤BL5082,114.362297,22.689301,364
粤BL5082,114.356499,22.6891,366
粤BL5082,114.353401,22.688999,367
粤BL5082,114.351898,22.6889,367
粤BL5082,114.355003,22.6891,367
粤BL5082,114.341499,22.6882,370
粤BL5082,114.341301,22.688299,370
粤BL5082,114.339203,22.689301,371
粤BL5082,114.337097,22.6905,372
粤BL5082,114.3395,22.6954,374
粤BL5082,114.340302,22.6968,374
粤BL5082,114.338898,22.6943,374
粤BL5082,114.341103,22.6982,375
粤BL5082,114.341698,22.699301,375
粤BL5082,114.3424,22.700399,375
粤BL5082,114.3424,22.7005,376
粤BL5082,114.335602,22.6959,378
粤BL5082,114.330498,22.699301,379
粤BL5082,114.332603,22.697901,379
粤BL5082,114.324699,22.701599,380
粤BL5082,114.319702,22.707701,381
粤BL5082,114.32,22.7078,382
粤BL5082,114.322304,22.7083,383
粤BL5082,114.323097,22.708401,383
粤BL5082,114.338898,22.708799,385
粤BL5082,114.338203,22.711201,385
粤BL5082,114.339104,22.708,386
粤BL5082,114.343002,22.704599,386
粤BL5082,114.351402,22.7038,390
粤BL5082,114.351799,22.704201,390
粤BL5082,114.3507,22.703501,390
粤BL5082,114.3508,22.7038,391
粤BL5082,114.3526,22.7047,391
粤BL5082,114.365097,22.707001,393
粤BL5082,114.365097,22.707001,393
粤BL5082,114.3666,22.7066,394
粤BL5082,114.366898,22.7073,394
粤BL5082,114.366402,22.706499,395
粤BL5082,114.373497,22.708599,397
粤BL5082,114.373497,22.708599,398
粤BL5082,114.375397,22.709101,398
粤BL5082,114.378799,22.7101,398
粤BL5082,114.381897,22.710899,399
粤BL5082,114.386101,22.711599,401
粤BL5082,114.388298,22.711399,402
粤BL5082,114.390602,22.7117,402
粤BL5082,114.386101,22.7115,402
粤BL5082,114.395699,22.7136,404
粤BL5082,114.393799,22.712999,404
粤BL5082,114.391098,22.711901,405
粤BL5082,114.393799,22.712999,405
粤BL5082,114.392097,22.712299,405
粤BL5082,114.391098,22.711901,406
粤BL5082,114.391098,22.711901,406
粤BL5082,114.383202,22.7113,408
粤BL5082,114.385201,22.711399,408
粤BL5082,114.383202,22.7113,409
粤BL5082,114.383202,22.7113,409
粤BL5082,114.383202,22.7113,409
粤BL5082,114.381599,22.711,410
粤BL5082,114.360298,22.706301,412
粤BL5082,114.362999,22.7068,412
粤BL5082,114.336502,22.6901,416
粤BL5082,114.332703,22.6856,417
粤BL5082,114.332802,22.685801,417
粤BL5082,114.331299,22.684401,418
粤BL5082,114.329498,22.6833,418
粤BL5082,114.3172,22.678301,420
粤BL5082,114.316002,22.677799,420
粤BL5082,114.320801,22.679899,420
粤BL5082,114.316002,22.677799,421
粤BL5082,114.316002,22.677799,421
粤BL5082,114.3153,22.6775,421
粤BL5082,114.312798,22.676399,422
粤BL5082,114.288002,22.6625,424
粤BL5082,114.2827,22.6614,425
粤BL5082,114.279297,22.6621,425
粤BL5082,114.275703,22.6633,426
粤BL5082,114.2631,22.6646,428
粤BL5082,114.266502,22.6649,428
粤BL5082,114.262299,22.6644,428
粤BL5082,114.266502,22.6649,428
粤BL5082,114.253998,22.6621,429
粤BL5082,114.249496,22.6619,429
粤BL5082,114.258202,22.663,429
粤BL5082,114.2425,22.6633,431
粤BL5082,114.243301,22.663099,431
粤BL5082,114.231201,22.664801,432
粤BL5082,114.235497,22.665001,432
粤BL5082,114.239502,22.664301,432
粤BL5082,114.222198,22.6644,433
粤BL5082,114.226799,22.6646,433
粤BL5082,114.198601,22.664801,435
粤BL5082,114.203201,22.666201,435
粤BL5082,114.199997,22.666599,435
粤BL5082,114.156502,22.6465,439
粤BL5082,114.147003,22.642,439
粤BL5082,114.151604,22.644501,439
粤BL5082,114.134399,22.6359,440
粤BL5082,114.139,22.636801,440
粤BL5082,114.116302,22.643,442
粤BL5082,114.111603,22.642599,442
粤BL5082,114.103798,22.6373,443
粤BL5082,114.101097,22.635401,443
粤BL5082,114.100197,22.635,443
粤BL5082,114.086502,22.6299,446
粤BL5082,114.090103,22.6311,446
粤BL5082,114.082802,22.629101,446
粤BL5082,114.080101,22.6269,447
粤BL5082,114.078903,22.6234,447
粤BL5082,114.077499,22.620001,447
粤BL5082,114.074699,22.617701,448
粤BL5082,114.070602,22.6117,449
粤BL5082,114.070396,22.6113,449
粤BL5082,114.069397,22.6099,450
粤BL5082,114.070099,22.6108,450
粤BL5082,114.068298,22.608999,450
粤BL5082,114.0653,22.607201,451
粤BL5082,114.056503,22.5956,453
粤BL5082,114.055901,22.594601,453
粤BL5082,114.046799,22.5923,454
粤BL5082,114.039902,22.5931,454
粤BL5082,114.042801,22.5924,454
粤BL5082,114.024101,22.596201,457
粤BL5082,114.024101,22.5944,457
粤BL5082,114.023598,22.6049,458
粤BL5082,114.025703,22.6022,458
粤BL5082,114.023102,22.6101,460
粤BL5082,114.023102,22.6101,461
粤BL5082,114.023102,22.6101,461
粤BL5082,114.023102,22.6101,461
粤BL5082,114.023102,22.6101,462
粤BL5082,114.023102,22.6101,464
粤BL5082,114.023102,22.6101,464
粤BL5082,114.0243,22.607,467
粤BL5082,114.025597,22.6068,468
粤BL5082,114.026604,22.6066,468
粤BL5082,114.027199,22.6063,469
粤BL5082,114.027199,22.6063,475
粤BL5082,114.036102,22.6101,475
粤BL5082,114.036102,22.6101,475
粤BL5082,114.038002,22.607901,476
粤BL5082,114.036797,22.6094,476
粤BL5082,114.034698,22.606701,478
粤BL5082,114.033699,22.607599,478
粤BL5082,114.034698,22.606701,478
粤BL5082,114.032402,22.6087,479
粤BL5082,114.033302,22.608999,480
粤BL5082,114.036102,22.610201,482
粤BL5082,114.037598,22.6084,482
粤BL5082,114.042397,22.6029,485
粤BL5082,114.046898,22.604,486
粤BL5082,114.046997,22.604,486
粤BL5082,114.0476,22.604099,487
粤BL5082,114.046997,22.604,487
粤BL5082,114.054497,22.609301,489
粤BL5082,114.055099,22.611601,490
粤BL5082,114.055,22.611099,490
粤BL5082,114.055099,22.611601,490
粤BL5082,114.055099,22.611601,491
粤BL5082,114.055901,22.621,494
粤BL5082,114.055801,22.625601,495
粤BL5082,114.055702,22.626101,495
粤BL5082,114.055702,22.626499,496
粤BL5082,114.055603,22.6311,497
粤BL5082,114.055496,22.633101,498
粤BL5082,114.055496,22.6325,498
粤BL5082,114.055298,22.639099,501
粤BL5082,114.054703,22.6434,502
粤BL5082,114.057198,22.645901,504
粤BL5082,114.057899,22.648899,505
粤BL5082,114.057198,22.648899,505
粤BL5082,114.058701,22.648899,505
粤BL5082,114.058701,22.648899,506
粤BL5082,114.058701,22.648899,506
粤BL5082,114.058701,22.648899,507
粤BL5082,114.061096,22.6486,508
粤BL5082,114.060997,22.6462,508
粤BL5082,114.060997,22.6462,509
粤BL5082,114.060997,22.6448,511
粤BL5082,114.060997,22.6448,512
粤BL5082,114.060997,22.6448,512
粤BL5082,114.062202,22.6397,514
粤BL5082,114.062103,22.6399,514
粤BL5082,114.062698,22.638599,515
粤BL5082,114.063499,22.6369,515
粤BL5082,114.064499,22.6343,516
粤BL5082,114.064796,22.6334,516
粤BL5082,114.065498,22.6308,518
粤BL5082,114.065498,22.6308,518
粤BL5082,114.065498,22.6308,519
粤BL5082,114.065498,22.6308,520
粤BL5082,114.067802,22.6304,521
粤BL5082,114.075897,22.629101,522
粤BL5082,114.091698,22.6318,525
粤BL5082,114.100304,22.6346,526
粤BL5082,114.101601,22.6355,526
粤BL5082,114.098396,22.634199,526
粤BL5082,114.1278,22.638201,528
粤BL5082,114.137199,22.6359,529
粤BL5082,114.141502,22.638201,529
粤BL5082,114.132401,22.636299,529
粤BL5082,114.149597,22.643299,530
粤BL5082,114.145401,22.6408,530
粤BL5082,114.172302,22.6509,532
粤BL5082,114.181,22.6558,532
粤BL5082,114.176804,22.6534,532
粤BL5082,114.185501,22.658199,533
粤BL5082,114.190102,22.6604,533
粤BL5082,114.1996,22.6649,534
粤BL5082,114.204399,22.681,535
粤BL5082,114.204399,22.681101,536
粤BL5082,114.204597,22.684,536
粤BL5082,114.240601,22.719801,544
粤BL5082,114.238701,22.723,547
粤BL5082,114.237999,22.7218,547
粤BL5082,114.240501,22.724701,550
粤BL5082,114.241302,22.725401,551
粤BL5082,114.240501,22.724701,551
粤BL5082,114.245697,22.7244,553
粤BL5082,114.246803,22.725401,553
粤BL5082,114.247101,22.7257,554
粤BL5082,114.247803,22.726299,554
粤BL5082,114.249496,22.7281,555
粤BL5082,114.249496,22.7281,555
粤BL5082,114.247398,22.732599,557
粤BL5082,114.247498,22.7337,559
粤BL5082,114.243103,22.735701,560
粤BL5082,114.243202,22.733801,561
粤BL5082,114.243202,22.735399,561
粤BL5082,114.242599,22.7328,562
粤BL5082,114.242599,22.7328,562
粤BL5082,114.243202,22.733101,562
粤BL5082,114.239304,22.7321,564
粤BL5082,114.239601,22.732201,564
粤BL5082,114.238899,22.7304,565
粤BL5082,114.238899,22.731199,565
粤BL5082,114.245697,22.73,568
粤BL5082,114.247597,22.7271,569
粤BL5082,114.247597,22.7272,569
粤BL5082,114.247498,22.7267,570
粤BL5082,114.247498,22.7234,573
粤BL5082,114.247597,22.720501,575
粤BL5082,114.247597,22.720501,575
粤BL5082,114.247597,22.720501,576
粤BL5082,114.247597,22.720501,577
粤BL5082,114.254097,22.721201,579
粤BL5082,114.251404,22.719999,579
粤BL5082,114.261299,22.724899,580
粤BL5082,114.261299,22.724899,581
粤BL5082,114.264702,22.726801,582
粤BL5082,114.263702,22.7248,583
粤BL5082,114.263702,22.7248,584
粤BL5082,114.263702,22.7248,584
粤BL5082,114.262802,22.724199,584
粤BL5082,114.2677,22.728901,586
粤BL5082,114.268997,22.7297,587
粤BL5082,114.268997,22.7297,587
粤BL5082,114.272102,22.731199,588
粤BL5082,114.278503,22.73,589
粤BL5082,114.280098,22.728701,590
粤BL5082,114.283501,22.727501,591
粤BL5082,114.281898,22.728001,591
粤BL5082,114.291199,22.7243,593
粤BL5082,114.294502,22.722799,595
粤BL5082,114.2966,22.722,596
粤BL5082,114.303596,22.7153,597
粤BL5082,114.301903,22.718201,597
粤BL5082,114.3041,22.7108,598
粤BL5082,114.304901,22.7132,598
粤BL5082,114.3032,22.7082,601
粤BL5082,114.3032,22.7082,602
粤BL5082,114.3032,22.7082,602
粤BL5082,114.3032,22.7082,604
粤BL5082,114.3032,22.7082,604
粤BL5082,114.3032,22.7082,604
粤BL5082,114.3032,22.7082,605
粤BL5082,114.3032,22.7082,606
粤BL5082,114.3032,22.7082,607
粤BL5082,114.3032,22.7082,608
粤BL5082,114.3032,22.7082,609
粤BL5082,114.3032,22.7082,609
粤BL5082,114.3032,22.7082,611
粤BL5082,114.3032,22.7082,611
粤BL5082,114.3032,22.7082,611
粤BL5082,114.3032,22.7082,612
粤BL5082,114.3032,22.7082,613
粤BL5082,114.3032,22.7082,614
粤BL5082,114.3032,22.7082,615
粤BL5082,114.3032,22.7082,615
粤BL5082,114.3032,22.7082,615
粤BL5082,114.3032,22.7082,616
粤BL5082,114.3032,22.7082,616
粤BL5082,114.3032,22.7082,617
粤BL5082,114.3032,22.7082,619
粤BL5082,114.3032,22.7082,621
粤BL5082,114.3032,22.7082,621
粤BL5082,114.3032,22.7082,622
粤BL5082,114.3032,22.7082,623
粤BL5082,114.3032,22.7082,624
粤BL5082,114.3032,22.7082,626
粤BL5082,114.3032,22.7082,627
粤BL5082,114.3032,22.7082,629
粤BL5082,114.3032,22.7087,629
粤BL5082,114.315102,22.7052,632
粤BL5082,114.3153,22.705099,633
粤BL5082,114.321503,22.702999,634
粤BL5082,114.319298,22.7045,634
粤BL5082,114.3218,22.7029,635
粤BL5082,114.319199,22.704599,635
粤BL5082,114.307404,22.712,637
粤BL5082,114.304298,22.711201,638
粤BL5082,114.303101,22.7089,639
粤BL5082,114.303101,22.708799,639
粤BL5082,114.303596,22.7101,639
粤BL5082,114.303902,22.710501,641
粤BL5082,114.303902,22.710501,641
粤BL5082,114.303902,22.710501,642
粤BL5082,114.303902,22.710501,643
粤BL5082,114.303596,22.712099,645
粤BL5082,114.300697,22.715401,646
粤BL5082,114.301003,22.7166,646
粤BL5082,114.301498,22.7176,648
粤BL5082,114.301498,22.7176,648
粤BL5082,114.301498,22.7176,649
粤BL5082,114.301498,22.7176,649
粤BL5082,114.291397,22.724501,652
粤BL5082,114.282097,22.7281,654
粤BL5082,114.283203,22.7278,654
粤BL5082,114.276398,22.7339,655
粤BL5082,114.276398,22.7341,655
粤BL5082,114.276901,22.731899,655
粤BL5082,114.276703,22.735901,658
粤BL5082,114.276703,22.735701,658
粤BL5082,114.276901,22.7365,659
粤BL5082,114.276901,22.7365,659
粤BL5082,114.277,22.738001,661
粤BL5082,114.2771,22.7386,661
粤BL5082,114.277496,22.740999,662
粤BL5082,114.277603,22.741501,664
粤BL5082,114.272598,22.750601,669
粤BL5082,114.270401,22.7505,669
粤BL5082,114.2742,22.750799,669
粤BL5082,114.268204,22.750401,670
粤BL5082,114.251801,22.746799,672
粤BL5082,114.251801,22.746799,673
粤BL5082,114.251801,22.746799,673
粤BL5082,114.248901,22.743299,675
粤BL5082,114.236,22.7411,676
粤BL5082,114.229897,22.747299,678
粤BL5082,114.229897,22.749399,679
粤BL5082,114.229897,22.7484,679
粤BL5082,114.229897,22.747601,679
粤BL5082,114.2276,22.749701,681
粤BL5082,114.227501,22.749599,682
粤BL5082,114.227501,22.749599,683
粤BL5082,114.227501,22.749599,685
粤BL5082,114.227501,22.749599,685
粤BL5082,114.227501,22.749599,686
粤BL5082,114.227501,22.749599,686
粤BL5082,114.227501,22.749599,687
粤BL5082,114.227501,22.749599,688
粤BL5082,114.227501,22.749599,689
粤BL5082,114.227501,22.749001,690
粤BL5082,114.230003,22.7437,692
粤BL5082,114.229897,22.745399,692
粤BL5082,114.230003,22.736799,693
粤BL5082,114.230003,22.736799,693
粤BL5082,114.234901,22.736401,695
粤BL5082,114.238403,22.7365,696
粤BL5082,114.239197,22.7365,696
粤BL5082,114.250099,22.7351,699
粤BL5082,114.252602,22.735901,700
粤BL5082,114.252602,22.735901,702
粤BL5082,114.253403,22.736099,702
粤BL5082,114.253799,22.7362,702
粤BL5082,114.254204,22.7363,703
粤BL5082,114.254204,22.7363,704
粤BL5082,114.255699,22.7362,705
粤BL5082,114.255699,22.7362,706
粤BL5082,114.255699,22.7362,706
粤BL5082,114.262001,22.7337,709
粤BL5082,114.265602,22.7325,709
粤BL5082,114.2668,22.7323,710
粤BL5082,114.2677,22.732401,710
粤BL5082,114.269302,22.7309,713
粤BL5082,114.2705,22.730499,714
粤BL5082,114.276901,22.731899,715
粤BL5082,114.279198,22.729401,716
粤BL5082,114.289597,22.725201,719
粤BL5082,114.289597,22.725201,719
粤BL5082,114.290497,22.7248,719
粤BL5082,114.291496,22.726101,720
粤BL5082,114.291496,22.726101,721
粤BL5082,114.293198,22.723499,725
粤BL5082,114.306999,22.712,728
粤BL5082,114.306999,22.712,729
粤BL5082,114.310204,22.7108,729
粤BL5082,114.313904,22.7082,730
粤BL5082,114.317497,22.705299,731
粤BL5082,114.317497,22.705299,732
粤BL5082,114.322403,22.702299,733
粤BL5082,114.334099,22.691999,735
粤BL5082,114.335602,22.691099,735
粤BL5082,114.3358,22.691,736
粤BL5082,114.335602,22.691099,736
粤BL5082,114.336403,22.6901,736
粤BL5082,114.332901,22.685801,737
粤BL5082,114.335098,22.683701,739
粤BL5082,114.338203,22.682199,739
粤BL5082,114.347198,22.680599,740
粤BL5082,114.341499,22.6805,740
粤BL5082,114.352501,22.6775,742
粤BL5082,114.352501,22.6775,743
粤BL5082,114.352501,22.6775,743
粤BL5082,114.352501,22.6775,744
粤BL5082,114.352501,22.6775,744
粤BL5082,114.353897,22.6786,746
粤BL5082,114.352501,22.678101,746
粤BL5082,114.354599,22.6796,747
粤BL5082,114.3554,22.6798,748
粤BL5082,114.3554,22.6798,749
粤BL5082,114.3554,22.6798,750
粤BL5082,114.3554,22.6798,751
粤BL5082,114.3554,22.6798,751
粤BL5082,114.3554,22.6798,753
粤BL5082,114.3554,22.6798,754
粤BL5082,114.3554,22.6798,754
粤BL5082,114.3554,22.6798,754
粤BL5082,114.3554,22.6798,755
粤BL5082,114.3554,22.6798,756
粤BL5082,114.3554,22.6798,757
粤BL5082,114.3554,22.6798,758
粤BL5082,114.3554,22.6798,759
粤BL5082,114.3554,22.6798,760
粤BL5082,114.3554,22.6798,760
粤BL5082,114.3554,22.6798,761
粤BL5082,114.3554,22.6798,761
粤BL5082,114.3554,22.6798,761
粤BL5082,114.3554,22.6798,763
粤BL5082,114.3554,22.6798,764
粤BL5082,114.3554,22.6798,764
粤BL5082,114.355202,22.679701,766
粤BL5082,114.355202,22.679701,767
粤BL5082,114.355202,22.679701,767
粤BL5082,114.355301,22.6796,768
粤BL5082,114.355301,22.6796,770
粤BL5082,114.355301,22.6796,770
粤BL5082,114.355301,22.6796,771
粤BL5082,114.355301,22.6796,772
粤BL5082,114.355301,22.6796,772
粤BL5082,114.3554,22.6796,774
粤BL5082,114.3554,22.6796,775
粤BL5082,114.3554,22.6796,775
粤BL5082,114.3554,22.6796,777
粤BL5082,114.3554,22.6796,777
粤BL5082,114.3554,22.6796,778
粤BL5082,114.3554,22.6796,778
粤BL5082,114.3554,22.6796,778
粤BL5082,114.3554,22.6796,779
粤BL5082,114.3554,22.6796,780
粤BL5082,114.3554,22.6796,781
粤BL5082,114.3554,22.6796,782
粤BL5082,114.3554,22.679701,784
粤BL5082,114.3554,22.6796,785
粤BL5082,114.3554,22.6796,785
粤BL5082,114.3554,22.6796,785
粤BL5082,114.3554,22.6796,786
粤BL5082,114.3554,22.6796,788
粤BL5082,114.3554,22.6796,788
粤BL5082,114.3554,22.6796,788
粤BL5082,114.3554,22.6796,789
粤BL5082,114.3554,22.6796,792
粤BL5082,114.3554,22.6796,792
粤BL5082,114.3554,22.6796,792
粤BL5082,114.3554,22.6796,793
粤BL5082,114.3554,22.6796,794
粤BL5082,114.3554,22.6796,794
粤BL5082,114.3554,22.6796,795
粤BL5082,114.3554,22.6796,796
粤BL5082,114.3554,22.6796,796
粤BL5082,114.355103,22.6798,798
粤BL5082,114.355103,22.6798,798
粤BL5082,114.355103,22.6798,799
粤BL5082,114.355103,22.6798,800
粤BL5082,114.355103,22.6798,801
粤BL5082,114.355103,22.6798,802
粤BL5082,114.355103,22.6798,802
粤BL5082,114.355103,22.6798,803
粤BL5082,114.355103,22.6798,804
粤BL5082,114.355103,22.6798,805
粤BL5082,114.355103,22.6798,805
粤BL5082,114.355103,22.6798,806
粤BL5082,114.355103,22.6798,808
粤BL5082,114.355103,22.6798,808
粤BL5082,114.355103,22.6798,809
粤BL5082,114.355103,22.6798,809
粤BL5082,114.355103,22.6798,810
粤BL5082,114.355103,22.6798,812
粤BL5082,114.354103,22.681999,815
粤BL5082,114.354103,22.681999,815
粤BL5082,114.359299,22.6835,816
粤BL5082,114.361702,22.684,817
粤BL5082,114.357399,22.683201,818
粤BL5082,114.353203,22.6821,819
粤BL5082,114.355301,22.682501,820
粤BL5082,114.363098,22.684299,822
粤BL5082,114.365196,22.684799,822
粤BL5082,114.369499,22.686199,823
粤BL5082,114.367699,22.6854,823
粤BL5082,114.356499,22.682899,825
粤BL5082,114.354202,22.6824,825
粤BL5082,114.350502,22.686199,827
粤BL5082,114.350304,22.688299,828
粤BL5082,114.3479,22.6882,829
粤BL5082,114.349403,22.688601,829
粤BL5082,114.347,22.688,830
粤BL5082,114.342903,22.692499,833
粤BL5082,114.3414,22.6933,834
粤BL5082,114.341599,22.693199,834
粤BL5082,114.340401,22.693399,835
粤BL5082,114.340698,22.697399,843
粤BL5082,114.341599,22.6992,843
粤BL5082,114.344498,22.7045,844
粤BL5082,114.342697,22.701099,844
粤BL5082,114.343597,22.702801,844
粤BL5082,114.347,22.710501,845
粤BL5082,114.346497,22.7092,845
粤BL5082,114.348297,22.7155,847
粤BL5082,114.350098,22.718399,847
粤BL5082,114.351402,22.724199,848
粤BL5082,114.352097,22.727301,848
粤BL5082,114.3526,22.728399,848
粤BL5082,114.352699,22.728701,849
粤BL5082,114.363602,22.747101,851
粤BL5082,114.364098,22.7472,852
粤BL5082,114.363998,22.7472,852
粤BL5082,114.363197,22.750099,854
粤BL5082,114.362503,22.751499,854
粤BL5082,114.361198,22.755699,855
粤BL5082,114.360901,22.754999,855
粤BL5082,114.361397,22.754,855
粤BL5082,114.366699,22.756701,856
粤BL5082,114.366699,22.758301,858
粤BL5082,114.3666,22.7582,858
粤BL5082,114.369904,22.757,859
粤BL5082,114.370796,22.750601,861
粤BL5082,114.368698,22.749001,861
粤BL5082,114.366402,22.748199,862
粤BL5082,114.363899,22.747299,862
粤BL5082,114.355103,22.7395,864
粤BL5082,114.357002,22.7416,864
粤BL5082,114.353104,22.7306,865
粤BL5082,114.353699,22.733101,865
粤BL5082,114.352402,22.7281,866
粤BL5082,114.349701,22.7181,867
粤BL5082,114.351097,22.7204,867
粤BL5082,114.348297,22.715799,867
粤BL5082,114.347099,22.7117,868
粤BL5082,114.347099,22.7117,868
粤BL5082,114.343803,22.7034,871
粤BL5082,114.344398,22.7047,871
粤BL5082,114.337303,22.694901,874
粤BL5082,114.337997,22.694401,874
粤BL5082,114.337997,22.6943,875
粤BL5082,114.336502,22.695299,875
粤BL5082,114.338203,22.6933,876
粤BL5082,114.332703,22.685499,878
粤BL5082,114.333199,22.686199,878
粤BL5082,114.334999,22.6882,878
粤BL5082,114.333504,22.6845,879
粤BL5082,114.334503,22.684,879
粤BL5082,114.334602,22.684,880
粤BL5082,114.339996,22.681299,882
粤BL5082,114.338501,22.6821,882
粤BL5082,114.334099,22.684401,883
粤BL5082,114.332802,22.684999,885
粤BL5082,114.332703,22.685101,885
粤BL5082,114.337898,22.6824,886
粤BL5082,114.3368,22.682899,886
粤BL5082,114.3386,22.681999,886
粤BL5082,114.343399,22.680099,887
粤BL5082,114.341103,22.6807,887
粤BL5082,114.3507,22.681499,889
粤BL5082,114.358299,22.6833,890
粤BL5082,114.369202,22.6861,892
粤BL5082,114.375397,22.689199,892
粤BL5082,114.371902,22.687401,892
粤BL5082,114.376999,22.691099,894
粤BL5082,114.376198,22.6903,894
粤BL5082,114.382301,22.6952,896
粤BL5082,114.3927,22.6945,897
粤BL5082,114.389702,22.6945,897
粤BL5082,114.397003,22.6952,899
粤BL5082,114.398499,22.6954,899
粤BL5082,114.375198,22.6933,910
粤BL5082,114.374901,22.6931,911
粤BL5082,114.371902,22.6917,914
粤BL5082,114.369102,22.690901,914
粤BL5082,114.3666,22.690001,915
粤BL5082,114.366096,22.6852,917
粤BL5082,114.361397,22.684099,918
粤BL5082,114.352898,22.6821,919
粤BL5082,114.353897,22.682199,921
粤BL5082,114.353897,22.682199,922
粤BL5082,114.353897,22.682199,923
粤BL5082,114.353897,22.682199,924
粤BL5082,114.353897,22.682199,925
粤BL5082,114.353996,22.6817,928
粤BL5082,114.353897,22.6819,928
粤BL5082,114.354103,22.681601,929
粤BL5082,114.354103,22.681601,930
粤BL5082,114.354103,22.681601,930
粤BL5082,114.354103,22.681801,931
粤BL5082,114.354103,22.682199,932
粤BL5082,114.359497,22.6835,933
粤BL5082,114.361702,22.684,933
粤BL5082,114.364601,22.684601,935
粤BL5082,114.366402,22.684999,935
粤BL5082,114.377998,22.690001,936
粤BL5082,114.374496,22.6887,936
粤BL5082,114.380699,22.689699,937
粤BL5082,114.377701,22.6924,938
粤BL5082,114.378502,22.6947,939
粤BL5082,114.376999,22.694,939
粤BL5082,114.3806,22.7005,940
粤BL5082,114.3806,22.698299,940
粤BL5082,114.3806,22.700899,940
粤BL5082,114.382202,22.7111,942
粤BL5082,114.382004,22.7111,942
粤BL5082,114.381401,22.7134,943
粤BL5082,114.378502,22.717501,945
粤BL5082,114.375801,22.723,946
粤BL5082,114.377403,22.7309,949
粤BL5082,114.379402,22.7327,949
粤BL5082,114.3778,22.7313,949
粤BL5082,114.3815,22.734699,950
粤BL5082,114.381897,22.7351,950
粤BL5082,114.378998,22.7323,952
粤BL5082,114.375298,22.729,953
粤BL5082,114.378304,22.7316,953
粤BL5082,114.373802,22.727501,954
粤BL5082,114.373596,22.727301,954
粤BL5082,114.373802,22.727501,954
粤BL5082,114.375504,22.7171,956
粤BL5082,114.377701,22.7178,956
粤BL5082,114.369102,22.7152,957
粤BL5082,114.369202,22.7108,958
粤BL5082,114.365601,22.7064,960
粤BL5082,114.368401,22.698299,961
粤BL5082,114.367104,22.701799,961
粤BL5082,114.366402,22.688,963
粤BL5082,114.364998,22.687201,964
粤BL5082,114.364601,22.6863,964
粤BL5082,114.364502,22.684799,964
粤BL5082,114.364502,22.684799,969
粤BL5082,114.355202,22.680099,972
粤BL5082,114.355202,22.680099,972
粤BL5082,114.355202,22.680099,974
粤BL5082,114.3554,22.679501,976
粤BL5082,114.3554,22.679501,978
粤BL5082,114.3554,22.679501,979
粤BL5082,114.3554,22.679501,982
粤BL5082,114.3554,22.679501,983
粤BL5082,114.3554,22.679501,983
粤BL5082,114.3554,22.679501,983
粤BL5082,114.3554,22.679501,984
粤BL5082,114.354401,22.680799,986
粤BL5082,114.354599,22.680201,986
粤BL5082,114.354797,22.6814,987
粤BL5082,114.354797,22.6814,987
粤BL5082,114.354698,22.681299,990
粤BL5082,114.354698,22.681299,991
粤BL5082,114.354698,22.681299,994
粤BL5082,114.354698,22.681299,994
粤BL5082,114.354698,22.681299,995
粤BL5082,114.354698,22.681299,995
粤BL5082,114.354698,22.681299,995
粤BL5082,114.354698,22.681801,997
粤BL5082,114.354698,22.681299,997
粤BL5082,114.354103,22.681801,997
粤BL5082,114.355499,22.6826,998
粤BL5082,114.354103,22.682199,998
粤BL5082,114.360199,22.683701,999
粤BL5082,114.356102,22.682899,1000
粤BL5082,114.358803,22.6835,1000
粤BL5082,114.353401,22.682199,1001
粤BL5082,114.350197,22.681499,1001
粤BL5082,114.347702,22.680799,1002
粤BL5082,114.349403,22.681299,1002
粤BL5082,114.344597,22.680201,1004
粤BL5082,114.344704,22.680201,1004
粤BL5082,114.344597,22.680201,1004
粤BL5082,114.344597,22.680201,1005
粤BL5082,114.339897,22.681499,1007
粤BL5082,114.342003,22.6805,1007
粤BL5082,114.337799,22.682501,1008
粤BL5082,114.335701,22.683599,1009
粤BL5082,114.333801,22.684601,1009
粤BL5082,114.336403,22.6898,1012
粤BL5082,114.336403,22.6898,1012
粤BL5082,114.3368,22.6905,1013
粤BL5082,114.332802,22.6943,1014
粤BL5082,114.332497,22.696301,1015
粤BL5082,114.332497,22.698099,1015
粤BL5082,114.323402,22.7019,1016
粤BL5082,114.326599,22.7013,1016
粤BL5082,114.309196,22.7115,1019
粤BL5082,114.3022,22.7183,1024
粤BL5082,114.299103,22.721001,1025
粤BL5082,114.298401,22.721399,1025
粤BL5082,114.2976,22.721701,1025
粤BL5082,114.297501,22.7218,1026
粤BL5082,114.297501,22.7218,1026
粤BL5082,114.295601,22.722601,1028
粤BL5082,114.295601,22.722601,1028
粤BL5082,114.295601,22.722601,1029
粤BL5082,114.295601,22.722601,1029
粤BL5082,114.295601,22.722601,1029
粤BL5082,114.295601,22.7209,1032
粤BL5082,114.2957,22.718399,1032
粤BL5082,114.292702,22.716299,1033
粤BL5082,114.2938,22.7171,1033
粤BL5082,114.284599,22.711399,1035
粤BL5082,114.286903,22.7125,1035
粤BL5082,114.281898,22.710501,1035
粤BL5082,114.263702,22.7097,1038
粤BL5082,114.265602,22.7097,1038
粤BL5082,114.261299,22.7097,1039
粤BL5082,114.258797,22.7096,1039
粤BL5082,114.252998,22.709499,1040
粤BL5082,114.242203,22.6994,1042
粤BL5082,114.2416,22.698299,1042
粤BL5082,114.240196,22.6964,1043
粤BL5082,114.237503,22.6938,1044
粤BL5082,114.2286,22.686501,1045
粤BL5082,114.2267,22.6849,1046
粤BL5082,114.224197,22.683701,1046
粤BL5082,114.191399,22.6716,1049
粤BL5082,114.185204,22.6644,1050
粤BL5082,114.153198,22.6609,1052
粤BL5082,114.149002,22.661699,1053
粤BL5082,114.144699,22.661501,1053
粤BL5082,114.140701,22.6612,1053
粤BL5082,114.132599,22.6616,1054
粤BL5082,114.126198,22.6639,1055
粤BL5082,114.107002,22.664801,1056
粤BL5082,114.110603,22.665001,1056
粤BL5082,114.094704,22.665701,1057
粤BL5082,114.050003,22.683201,1061
粤BL5082,114.058098,22.681299,1061
粤BL5082,114.0494,22.6833,1062
粤BL5082,114.0467,22.683599,1063
粤BL5082,114.042198,22.684,1064
粤BL5082,114.041,22.684099,1065
粤BL5082,114.031799,22.683901,1068
粤BL5082,114.031799,22.683901,1069
粤BL5082,114.031502,22.683901,1070
粤BL5082,114.029404,22.684,1072
粤BL5082,114.0261,22.684401,1073
粤BL5082,114.0271,22.684299,1073
粤BL5082,114.0243,22.684799,1074
粤BL5082,114.017097,22.6863,1076
粤BL5082,114.012901,22.6866,1077
粤BL5082,114.012604,22.6866,1078
粤BL5082,114.012299,22.6866,1078
粤BL5082,114.012604,22.6866,1078
粤BL5082,114.011299,22.6866,1080
粤BL5082,114.011299,22.6866,1080
粤BL5082,114.0112,22.6866,1080
粤BL5082,114.011101,22.6866,1081
粤BL5082,114.008904,22.6866,1083
粤BL5082,114.008698,22.6866,1084
粤BL5082,114.007896,22.686701,1084
粤BL5082,114.007599,22.686701,1085
粤BL5082,114.003304,22.687901,1087
粤BL5082,114.003304,22.687901,1087
粤BL5082,114.003304,22.687901,1088
粤BL5082,114.002998,22.688101,1088
粤BL5082,114.001701,22.6887,1088
粤BL5082,114.000099,22.6894,1089
粤BL5082,114.000801,22.6891,1089
粤BL5082,113.998703,22.690001,1090
粤BL5082,113.998703,22.690001,1091
粤BL5082,113.998398,22.6901,1091
粤BL5082,113.997398,22.690399,1092
粤BL5082,113.997803,22.6903,1092
粤BL5082,113.996696,22.690599,1092
粤BL5082,113.994003,22.691099,1094
粤BL5082,113.991402,22.6912,1095
粤BL5082,113.992699,22.6912,1095
粤BL5082,113.9879,22.690901,1097
粤BL5082,113.985199,22.690201,1099
粤BL5082,113.980003,22.6882,1102
粤BL5082,113.980003,22.6882,1102
粤BL5082,113.979797,22.688101,1103
粤BL5082,113.9786,22.687799,1104
粤BL5082,113.978699,22.687799,1104
粤BL5082,113.977699,22.6875,1106
粤BL5082,113.977402,22.687401,1106
粤BL5082,113.977303,22.687401,1106
粤BL5082,113.9757,22.687201,1108
粤BL5082,113.973396,22.687099,1109
粤BL5082,113.973701,22.687099,1109
粤BL5082,113.974503,22.687099,1109
粤BL5082,113.972298,22.687099,1110
粤BL5082,113.972603,22.687099,1110
粤BL5082,113.957001,22.683599,1111
粤BL5082,113.947197,22.678699,1112
粤BL5082,113.938499,22.6724,1113
粤BL5082,113.9114,22.659,1115
粤BL5082,113.906303,22.6591,1115
粤BL5082,113.916397,22.659,1115
粤BL5082,113.902298,22.659201,1116
粤BL5082,113.898598,22.6593,1116
粤BL5082,113.888802,22.6588,1117
粤BL5082,113.866203,22.6539,1118
粤BL5082,113.861801,22.6472,1119
粤BL5082,113.861198,22.643999,1119
粤BL5082,113.860397,22.6406,1120
粤BL5082,113.8573,22.634199,1122
粤BL5082,113.849998,22.624901,1123
粤BL5082,113.8498,22.627199,1123
粤BL5082,113.847702,22.623199,1124
粤BL5082,113.830597,22.617599,1125
粤BL5082,113.821297,22.613199,1126
粤BL5082,113.811897,22.622101,1128
粤BL5082,113.8116,22.627899,1129
粤BL5082,113.809601,22.627501,1130
粤BL5082,113.809601,22.627501,1130
粤BL5082,113.809601,22.627501,1132
粤BL5082,113.809196,22.627199,1133
粤BL5082,113.8125,22.613199,1136
粤BL5082,113.847,22.622499,1141
粤BL5082,113.847504,22.6227,1141
粤BL5082,113.848396,22.6217,1142
粤BL5082,113.8573,22.6082,1146
粤BL5082,113.858101,22.607401,1146
粤BL5082,113.859703,22.605801,1147
粤BL5082,113.860497,22.6049,1147
粤BL5082,113.865601,22.5973,1150
粤BL5082,113.8666,22.5958,1150
粤BL5082,113.868401,22.592699,1151
粤BL5082,113.869102,22.591499,1151
粤BL5082,113.873901,22.585501,1153
粤BL5082,113.879303,22.5798,1154
粤BL5082,113.875702,22.5835,1154
粤BL5082,113.877403,22.581699,1154
粤BL5082,113.880997,22.5781,1155
粤BL5082,113.884697,22.5748,1155
粤BL5082,113.896698,22.562901,1157
粤BL5082,113.901199,22.559601,1158
粤BL5082,113.903198,22.5578,1158
粤BL5082,113.907303,22.5516,1160
粤BL5082,113.9123,22.5532,1161
粤BL5082,113.910202,22.551901,1161
粤BL5082,113.908798,22.5502,1161
粤BL5082,113.922699,22.5555,1162
粤BL5082,113.915398,22.555,1162
粤BL5082,113.926399,22.5553,1163
粤BL5082,113.944504,22.555099,1164
粤BL5082,113.955101,22.5564,1165
粤BL5082,113.948303,22.555799,1165
粤BL5082,113.951797,22.5562,1165
粤BL5082,113.962502,22.556801,1166
粤BL5082,113.966003,22.557501,1166
粤BL5082,113.969498,22.5574,1167
粤BL5082,113.973701,22.556499,1167
粤BL5082,113.971901,22.556801,1167
粤BL5082,113.984299,22.563801,1170
粤BL5082,113.986397,22.5653,1170
粤BL5082,113.987396,22.569799,1171
粤BL5082,113.9879,22.567301,1171
粤BL5082,113.987503,22.569401,1171
粤BL5082,113.987396,22.569799,1171
粤BL5082,113.987396,22.569799,1172
粤BL5082,113.987801,22.5865,1174
粤BL5082,113.990402,22.587,1174
粤BL5082,113.999802,22.590599,1175
粤BL5082,113.996101,22.589199,1175
粤BL5082,114.008598,22.590099,1176
粤BL5082,114.011703,22.590099,1177
粤BL5082,114.014702,22.5909,1178
粤BL5082,114.012299,22.5902,1178
粤BL5082,114.013298,22.5905,1178
粤BL5082,114.018204,22.5921,1179
粤BL5082,114.016403,22.591499,1179
粤BL5082,114.019402,22.592501,1179
粤BL5082,114.026299,22.594601,1181
粤BL5082,114.028702,22.5949,1182
粤BL5082,114.027397,22.594801,1182
粤BL5082,114.031601,22.594801,1183
粤BL5082,114.033302,22.594601,1183
粤BL5082,114.042397,22.5924,1185
粤BL5082,114.042801,22.5923,1185
粤BL5082,114.043098,22.5923,1185
粤BL5082,114.052299,22.5926,1190
粤BL5082,114.052299,22.5926,1190
粤BL5082,114.057701,22.5984,1192
粤BL5082,114.064003,22.6061,1193
粤BL5082,114.064003,22.6061,1193
粤BL5082,114.062897,22.605499,1193
粤BL5082,114.066902,22.607599,1194
粤BL5082,114.065804,22.606899,1194
粤BL5082,114.069298,22.609301,1195
粤BL5082,114.079498,22.624901,1197
粤BL5082,114.080299,22.627001,1197
粤BL5082,114.082397,22.628799,1198
粤BL5082,114.088501,22.630199,1198
粤BL5082,114.085403,22.629601,1198
粤BL5082,114.093803,22.6325,1199
粤BL5082,114.091003,22.6315,1199
粤BL5082,114.126099,22.638901,1203
粤BL5082,114.121399,22.6409,1203
粤BL5082,114.1409,22.637699,1204
粤BL5082,114.144897,22.6404,1204
粤BL5082,114.149101,22.6429,1205
粤BL5082,114.172302,22.650801,1206
粤BL5082,114.162903,22.647301,1206
粤BL5082,114.167999,22.6486,1206
粤BL5082,114.185501,22.6581,1207
粤BL5082,114.181,22.655701,1207
粤BL5082,114.201897,22.665899,1209
粤BL5082,114.204102,22.665701,1209
粤BL5082,114.204201,22.665701,1210
粤BL5082,114.2229,22.6644,1212
粤BL5082,114.229698,22.6647,1213
粤BL5082,114.247704,22.6618,1215
粤BL5082,114.251701,22.6619,1215
粤BL5082,114.264702,22.6647,1216
粤BL5082,114.2593,22.6633,1216
粤BL5082,114.264702,22.6647,1217
粤BL5082,114.267601,22.6647,1217
粤BL5082,114.270103,22.6644,1217
粤BL5082,114.285797,22.6731,1221
粤BL5082,114.284302,22.672501,1221
粤BL5082,114.287498,22.6738,1221
粤BL5082,114.291397,22.6754,1222
粤BL5082,114.294998,22.6768,1223
粤BL5082,114.307999,22.682199,1225
粤BL5082,114.322304,22.682301,1228
粤BL5082,114.322899,22.6812,1229
粤BL5082,114.323402,22.680901,1229
粤BL5082,114.322899,22.6812,1229
粤BL5082,114.335403,22.683599,1231
粤BL5082,114.338097,22.682199,1232
粤BL5082,114.340897,22.680799,1232
粤BL5082,114.343697,22.68,1233
粤BL5082,114.3433,22.68,1233
粤BL5082,114.350304,22.6814,1234
粤BL5082,114.350304,22.681299,1235
粤BL5082,114.350304,22.681299,1236
粤BL5082,114.350304,22.681299,1238
粤BL5082,114.350304,22.681299,1239
粤BL5082,114.350304,22.681299,1239
粤BL5082,114.350304,22.681299,1240
粤BL5082,114.350304,22.681299,1240
粤BL5082,114.3507,22.681601,1241
粤BL5082,114.350998,22.6817,1242
粤BL5082,114.347801,22.680901,1242
粤BL5082,114.3423,22.6803,1243
粤BL5082,114.3433,22.68,1245
粤BL5082,114.343597,22.679701,1245
粤BL5082,114.343597,22.679701,1246
粤BL5082,114.343597,22.679701,1246
粤BL5082,114.343597,22.679701,1246
粤BL5082,114.343597,22.679701,1248
粤BL5082,114.348,22.680799,1249
粤BL5082,114.345001,22.680099,1249
粤BL5082,114.350304,22.6814,1250
粤BL5082,114.346603,22.680599,1252
粤BL5082,114.346603,22.680599,1253
粤BL5082,114.346603,22.680599,1253
粤BL5082,114.343597,22.6796,1255
粤BL5082,114.343597,22.6796,1256
粤BL5082,114.343597,22.6796,1256
粤BL5082,114.343597,22.6796,1257
粤BL5082,114.343597,22.6796,1257
粤BL5082,114.3508,22.6814,1260
粤BL5082,114.353996,22.681999,1261
粤BL5082,114.353996,22.6817,1261
粤BL5082,114.355103,22.6803,1262
粤BL5082,114.355202,22.6798,1264
粤BL5082,114.355202,22.6798,1264
粤BL5082,114.355202,22.6798,1265
粤BL5082,114.355202,22.6798,1265
粤BL5082,114.355202,22.6798,1267
粤BL5082,114.355202,22.6798,1268
粤BL5082,114.355202,22.6798,1268
粤BL5082,114.355202,22.6798,1268
粤BL5082,114.355202,22.6798,1269
粤BL5082,114.355202,22.6798,1271
粤BL5082,114.355202,22.6798,1271
粤BL5082,114.355202,22.6798,1271
粤BL5082,114.355202,22.6798,1272
粤BL5082,114.355202,22.6798,1272
粤BL5082,114.355202,22.6798,1272
粤BL5082,114.355202,22.6798,1274
粤BL5082,114.355202,22.6798,1274
粤BL5082,114.355202,22.6798,1275
粤BL5082,114.355202,22.6798,1276
粤BL5082,114.355202,22.6798,1276
粤BL5082,114.355202,22.6798,1278
粤BL5082,114.355202,22.6798,1278
粤BL5082,114.355202,22.6798,1278
粤BL5082,114.355202,22.6798,1279
粤BL5082,114.355202,22.6798,1279
粤BL5082,114.355202,22.6798,1281
粤BL5082,114.355202,22.6798,1281
粤BL5082,114.355202,22.6798,1282
粤BL5082,114.355202,22.6798,1282
粤BL5082,114.355202,22.6798,1283
粤BL5082,114.355202,22.6798,1285
粤BL5082,114.355202,22.6798,1285
粤BL5082,114.355202,22.6798,1286
粤BL5082,114.355202,22.6798,1287
粤BL5082,114.355202,22.6798,1288
粤BL5082,114.355202,22.6798,1288
粤BL5082,114.355202,22.6798,1289
粤BL5082,114.355202,22.6798,1289
粤BL5082,114.355202,22.6798,1292
粤BL5082,114.355202,22.6798,1292
粤BL5082,114.355202,22.6798,1293
粤BL5082,114.355202,22.6798,1294
粤BL5082,114.355202,22.6798,1295
粤BL5082,114.355202,22.6798,1295
粤BL5082,114.355202,22.6798,1296
粤BL5082,114.355202,22.6798,1296
粤BL5082,114.355202,22.6798,1296
粤BL5082,114.352699,22.678101,1298
粤BL5082,114.3535,22.6784,1298
粤BL5082,114.351898,22.6793,1299
粤BL5082,114.352303,22.677999,1299
粤BL5082,114.350304,22.688101,1302
粤BL5082,114.350601,22.686001,1302
粤BL5082,114.350304,22.6882,1303
粤BL5082,114.350601,22.686001,1308
粤BL5082,114.339203,22.693701,1309
粤BL5082,114.338898,22.6938,1310
粤BL5082,114.340302,22.696899,1310
粤BL5082,114.341904,22.6996,1311
粤BL5082,114.342102,22.700399,1313
粤BL5082,114.342102,22.700399,1314
粤BL5082,114.342102,22.700399,1315
粤BL5082,114.342102,22.700399,1317
粤BL5082,114.342102,22.700399,1317
粤BL5082,114.342102,22.700399,1318
粤BL5082,114.342102,22.700399,1318
粤BL5082,114.342102,22.700399,1318
粤BL5082,114.3414,22.6992,1324
粤BL5082,114.339699,22.6959,1325
粤BL5082,114.338699,22.694401,1325
粤BL5082,114.332397,22.698099,1326
粤BL5082,114.330498,22.699301,1327
粤BL5082,114.333199,22.6931,1330
粤BL5082,114.336403,22.690701,1331
粤BL5082,114.336899,22.6905,1331
粤BL5082,114.338997,22.694401,1334
粤BL5082,114.340401,22.697001,1335
粤BL5082,114.3396,22.6957,1335
粤BL5082,114.340698,22.697701,1337
粤BL5082,114.337402,22.691601,1338
粤BL5082,114.336998,22.690599,1338
粤BL5082,114.338501,22.6938,1338
粤BL5082,114.338799,22.6894,1339
粤BL5082,114.340103,22.6887,1340
粤BL5082,114.345901,22.688,1342
粤BL5082,114.343803,22.6915,1345
粤BL5082,114.343803,22.691601,1345
粤BL5082,114.341103,22.6933,1346
粤BL5082,114.342903,22.701599,1348
粤BL5082,114.344101,22.703699,1348
粤BL5082,114.350601,22.7036,1349
粤BL5082,114.348503,22.7019,1349
粤BL5082,114.350601,22.7038,1350
粤BL5082,114.341698,22.7054,1351
粤BL5082,114.338997,22.7087,1352
粤BL5082,114.338997,22.7087,1352
粤BL5082,114.338997,22.7087,1353
粤BL5082,114.3414,22.698,1358
粤BL5082,114.338997,22.7087,1358
粤BL5082,114.341797,22.698099,1359
粤BL5082,114.341797,22.698099,1364
粤BL5082,114.341797,22.698099,1364
粤BL5082,114.341797,22.698099,1364
粤BL5082,114.341797,22.698099,1365
粤BL5082,114.341797,22.698099,1365
粤BL5082,114.341797,22.698099,1366
粤BL5082,114.3414,22.698099,1368
粤BL5082,114.341301,22.698099,1368
粤BL5082,114.341301,22.698099,1368
粤BL5082,114.343002,22.701799,1369
粤BL5082,114.341797,22.6994,1369
粤BL5082,114.340599,22.6975,1370
粤BL5082,114.340698,22.693899,1372
粤BL5082,114.340698,22.693899,1372
粤BL5082,114.340797,22.6933,1373
粤BL5082,114.341103,22.693001,1373
粤BL5082,114.341103,22.693001,1373
粤BL5082,114.338097,22.6929,1377
粤BL5082,114.338501,22.693701,1377
粤BL5082,114.338501,22.693701,1378
粤BL5082,114.339302,22.694799,1380
粤BL5082,114.339302,22.694799,1382
粤BL5082,114.339302,22.694799,1383
粤BL5082,114.339302,22.694799,1384
粤BL5082,114.339302,22.694799,1384
粤BL5082,114.339302,22.694799,1385
粤BL5082,114.339302,22.694799,1386
粤BL5082,114.339302,22.694799,1387
粤BL5082,114.339302,22.694799,1387
粤BL5082,114.3405,22.6971,1388
粤BL5082,114.340202,22.6968,1390
粤BL5082,114.332497,22.698,1392
粤BL5082,114.325104,22.7013,1393
粤BL5082,114.330498,22.6991,1394
粤BL5082,114.332298,22.6978,1395
粤BL5082,114.332397,22.696301,1395
粤BL5082,114.336601,22.6905,1397
粤BL5082,114.336601,22.6905,1397
粤BL5082,114.338501,22.6896,1398
粤BL5082,114.342598,22.687599,1399
粤BL5082,114.344101,22.691401,1401
粤BL5082,114.3452,22.689699,1401
粤BL5082,114.344597,22.690901,1401
粤BL5082,114.342003,22.6931,1402
粤BL5082,114.343002,22.6924,1402
粤BL5082,114.339699,22.6957,1404
粤BL5082,114.3405,22.6973,1404
粤BL5082,114.343002,22.7017,1405
粤BL5082,114.345299,22.7034,1406
粤BL5082,114.343903,22.7034,1406
粤BL5082,114.345299,22.7034,1411
粤BL5082,114.3713,22.7115,1411
粤BL5082,114.369003,22.710699,1411
粤BL5082,114.378601,22.7178,1413
粤BL5082,114.382004,22.717899,1414
粤BL5082,114.383301,22.718201,1416
粤BL5082,114.383102,22.7183,1418
粤BL5082,114.382797,22.7188,1418
粤BL5082,114.383102,22.7183,1418
粤BL5082,114.383102,22.7183,1419
粤BL5082,114.384003,22.7162,1419
粤BL5082,114.383102,22.7181,1419
粤BL5082,114.375801,22.723,1422
粤BL5082,114.378197,22.718,1422
粤BL5082,114.375504,22.7257,1424
粤BL5082,114.372002,22.7307,1426
粤BL5082,114.368797,22.7327,1426
粤BL5082,114.370598,22.733601,1426
粤BL5082,114.362297,22.7283,1427
粤BL5082,114.351303,22.7204,1429
粤BL5082,114.351402,22.7204,1429
粤BL5082,114.347099,22.711399,1430
粤BL5082,114.348198,22.7153,1430
粤BL5082,114.344299,22.704599,1431
粤BL5082,114.342796,22.701799,1432
粤BL5082,114.342796,22.701799,1432
粤BL5082,114.342796,22.701799,1433
粤BL5082,114.342796,22.701799,1433
粤BL5082,114.342796,22.7017,1433
粤BL5082,114.3424,22.7008,1434
