粤B8BA76,113.922401,22.547001,7
粤B8BA76,113.922401,22.547001,8
粤B8BA76,113.922401,22.547001,10
粤B8BA76,113.922401,22.547001,10
粤B8BA76,113.922401,22.547001,11
粤B8BA76,113.922401,22.547001,14
粤B8BA76,113.922401,22.547001,14
粤B8BA76,113.922401,22.547001,17
粤B8BA76,113.922401,22.547001,17
粤B8BA76,113.922401,22.547001,18
粤B8BA76,113.922401,22.547001,18
粤B8BA76,113.922401,22.547001,20
粤B8BA76,113.922401,22.547001,20
粤B8BA76,113.922401,22.547001,23
粤B8BA76,113.922401,22.547001,24
粤B8BA76,113.922401,22.547001,24
粤B8BA76,113.922401,22.547001,24
粤B8BA76,113.922401,22.547001,25
粤B8BA76,113.922401,22.547001,25
粤B8BA76,113.922401,22.547001,25
粤B8BA76,113.922401,22.547001,27
粤B8BA76,113.922401,22.547001,28
粤B8BA76,113.922401,22.547001,29
粤B8BA76,113.922401,22.547001,31
粤B8BA76,113.922401,22.547001,31
粤B8BA76,113.922401,22.547001,32
粤B8BA76,113.922401,22.547001,32
粤B8BA76,113.922401,22.547001,33
粤B8BA76,113.922401,22.547001,34
粤B8BA76,113.922401,22.547001,35
粤B8BA76,113.922401,22.547001,35
粤B8BA76,113.922401,22.547001,35
粤B8BA76,113.922401,22.547001,36
粤B8BA76,113.922401,22.547001,38
粤B8BA76,113.922401,22.547001,39
粤B8BA76,113.922401,22.547001,39
粤B8BA76,113.922401,22.547001,45
粤B8BA76,113.922401,22.547001,45
粤B8BA76,113.922401,22.547001,45
粤B8BA76,113.922401,22.547001,46
粤B8BA76,113.922401,22.547001,46
粤B8BA76,113.922401,22.547001,46
粤B8BA76,113.922401,22.547001,49
粤B8BA76,113.922401,22.547001,50
粤B8BA76,113.922401,22.547001,52
粤B8BA76,113.922401,22.547001,53
粤B8BA76,113.922401,22.547001,54
粤B8BA76,113.922401,22.547001,55
粤B8BA76,113.922401,22.547001,56
粤B8BA76,113.922401,22.547001,56
粤B8BA76,113.922401,22.547001,57
粤B8BA76,113.922401,22.547001,57
粤B8BA76,113.922401,22.547001,58
粤B8BA76,113.922401,22.547001,60
粤B8BA76,113.922401,22.547001,60
粤B8BA76,113.922401,22.547001,61
粤B8BA76,113.922401,22.547001,63
粤B8BA76,113.922401,22.547001,63
粤B8BA76,113.922401,22.547001,65
粤B8BA76,113.922401,22.547001,65
粤B8BA76,113.922401,22.547001,66
粤B8BA76,113.922401,22.547001,67
粤B8BA76,113.922401,22.547001,67
粤B8BA76,113.922401,22.547001,67
粤B8BA76,113.922401,22.547001,68
粤B8BA76,113.922401,22.547001,68
粤B8BA76,113.922401,22.547001,68
粤B8BA76,113.922401,22.547001,69
粤B8BA76,113.922401,22.547001,70
粤B8BA76,113.922401,22.547001,71
粤B8BA76,113.922401,22.547001,71
粤B8BA76,113.922401,22.547001,72
粤B8BA76,113.922401,22.547001,74
粤B8BA76,113.922401,22.547001,75
粤B8BA76,113.922401,22.547001,75
粤B8BA76,113.922401,22.547001,75
粤B8BA76,113.922401,22.547001,77
粤B8BA76,113.922401,22.547001,77
粤B8BA76,113.922401,22.547001,79
粤B8BA76,113.922401,22.547001,81
粤B8BA76,113.922401,22.547001,84
粤B8BA76,113.922401,22.547001,84
粤B8BA76,113.922401,22.547001,84
粤B8BA76,113.922401,22.547001,85
粤B8BA76,113.922401,22.547001,85
粤B8BA76,113.922401,22.547001,85
粤B8BA76,113.922401,22.547001,88
粤B8BA76,113.922401,22.547001,88
粤B8BA76,113.922401,22.547001,88
粤B8BA76,113.922401,22.547001,91
粤B8BA76,113.922401,22.547001,92
粤B8BA76,113.922401,22.547001,93
粤B8BA76,113.922401,22.547001,93
粤B8BA76,113.922401,22.547001,95
粤B8BA76,113.922401,22.547001,95
粤B8BA76,113.922401,22.547001,96
粤B8BA76,113.922401,22.547001,96
粤B8BA76,113.922401,22.547001,97
粤B8BA76,113.922401,22.547001,98
粤B8BA76,113.922401,22.547001,99
粤B8BA76,113.922401,22.547001,100
粤B8BA76,113.922401,22.547001,103
粤B8BA76,113.922401,22.547001,103
粤B8BA76,113.922401,22.547001,104
粤B8BA76,113.922401,22.547001,106
粤B8BA76,113.922401,22.547001,106
粤B8BA76,113.922401,22.547001,106
粤B8BA76,113.922401,22.547001,107
粤B8BA76,113.922401,22.547001,107
粤B8BA76,113.922401,22.547001,107
粤B8BA76,113.922401,22.547001,109
粤B8BA76,113.922401,22.547001,109
粤B8BA76,113.922401,22.547001,110
粤B8BA76,113.922401,22.547001,111
粤B8BA76,113.922401,22.547001,113
粤B8BA76,113.922401,22.547001,113
粤B8BA76,113.922401,22.547001,114
粤B8BA76,113.922401,22.547001,117
粤B8BA76,113.922401,22.547001,117
粤B8BA76,113.922401,22.547001,118
粤B8BA76,113.922401,22.547001,120
粤B8BA76,113.922401,22.547001,120
粤B8BA76,113.922401,22.547001,121
粤B8BA76,113.922401,22.547001,122
粤B8BA76,113.922401,22.547001,124
粤B8BA76,113.922401,22.547001,124
粤B8BA76,113.922401,22.547001,124
粤B8BA76,113.922401,22.547001,125
粤B8BA76,113.922401,22.547001,125
粤B8BA76,113.922401,22.547001,127
粤B8BA76,113.922401,22.547001,127
粤B8BA76,113.922401,22.547001,128
粤B8BA76,113.922401,22.547001,129
粤B8BA76,113.922401,22.547001,131
粤B8BA76,113.922401,22.547001,132
粤B8BA76,113.922401,22.547001,135
粤B8BA76,113.922401,22.547001,136
粤B8BA76,113.922401,22.547001,136
粤B8BA76,113.922401,22.547001,138
粤B8BA76,113.922401,22.547001,139
粤B8BA76,113.922401,22.547001,139
粤B8BA76,113.922401,22.547001,139
粤B8BA76,113.922401,22.547001,140
粤B8BA76,113.922401,22.547001,142
粤B8BA76,113.922401,22.547001,143
粤B8BA76,113.922401,22.547001,143
粤B8BA76,113.922401,22.547001,143
粤B8BA76,113.922401,22.547001,144
粤B8BA76,113.922401,22.547001,144
粤B8BA76,113.922401,22.547001,144
粤B8BA76,113.922401,22.547001,147
粤B8BA76,113.922401,22.547001,147
粤B8BA76,113.922401,22.547001,148
粤B8BA76,113.922401,22.547001,150
粤B8BA76,113.922401,22.547001,151
粤B8BA76,113.922401,22.547001,152
粤B8BA76,113.922401,22.547001,154
粤B8BA76,113.922401,22.547001,154
粤B8BA76,113.922401,22.547001,155
粤B8BA76,113.922401,22.547001,156
粤B8BA76,113.922401,22.547001,157
粤B8BA76,113.922401,22.547001,158
粤B8BA76,113.922401,22.547001,158
粤B8BA76,113.922401,22.547001,158
粤B8BA76,113.922401,22.547001,159
粤B8BA76,113.922401,22.547001,159
粤B8BA76,113.922401,22.547001,161
粤B8BA76,113.922401,22.547001,161
粤B8BA76,113.922401,22.547001,162
粤B8BA76,113.922401,22.547001,162
粤B8BA76,113.922401,22.547001,162
粤B8BA76,113.922401,22.547001,163
粤B8BA76,113.922401,22.547001,163
粤B8BA76,113.922401,22.547001,165
粤B8BA76,113.922401,22.547001,165
粤B8BA76,113.922401,22.547001,166
粤B8BA76,113.922401,22.547001,169
粤B8BA76,113.922401,22.547001,169
粤B8BA76,113.922401,22.547001,170
粤B8BA76,113.922401,22.547001,171
粤B8BA76,113.922401,22.547001,172
粤B8BA76,113.922401,22.547001,173
粤B8BA76,113.922401,22.547001,174
粤B8BA76,113.922401,22.547001,174
粤B8BA76,113.922401,22.547001,175
粤B8BA76,113.922401,22.547001,176
粤B8BA76,113.922401,22.547001,181
粤B8BA76,113.922401,22.547001,181
粤B8BA76,113.922401,22.547001,192
粤B8BA76,113.922401,22.547001,193
粤B8BA76,113.922401,22.547001,193
粤B8BA76,113.922401,22.547001,193
粤B8BA76,113.922401,22.547001,196
粤B8BA76,113.922401,22.547001,197
粤B8BA76,113.922401,22.547001,199
粤B8BA76,113.922401,22.547001,199
粤B8BA76,113.922401,22.547001,200
粤B8BA76,113.922401,22.547001,200
粤B8BA76,113.922401,22.547001,200
粤B8BA76,113.922401,22.547001,202
粤B8BA76,113.922401,22.547001,204
粤B8BA76,113.922401,22.547001,204
粤B8BA76,113.922401,22.547001,204
粤B8BA76,113.922401,22.547001,206
粤B8BA76,113.922401,22.547001,207
粤B8BA76,113.922401,22.547001,208
粤B8BA76,113.922401,22.547001,208
粤B8BA76,113.922401,22.547001,210
粤B8BA76,113.922401,22.547001,210
粤B8BA76,113.922401,22.547001,211
粤B8BA76,113.922401,22.547001,211
粤B8BA76,113.922401,22.547001,211
粤B8BA76,113.922401,22.547001,212
粤B8BA76,113.922401,22.547001,212
粤B8BA76,113.922401,22.547001,214
粤B8BA76,113.922401,22.547001,217
粤B8BA76,113.922401,22.547001,218
粤B8BA76,113.922401,22.547001,218
粤B8BA76,113.922401,22.547001,218
粤B8BA76,113.922401,22.547001,219
粤B8BA76,113.922401,22.547001,219
粤B8BA76,113.922401,22.547001,221
粤B8BA76,113.922401,22.547001,223
粤B8BA76,113.922401,22.547001,223
粤B8BA76,113.922401,22.547001,225
粤B8BA76,113.922401,22.547001,225
粤B8BA76,113.922401,22.547001,225
粤B8BA76,113.922401,22.547001,226
粤B8BA76,113.922401,22.547001,226
粤B8BA76,113.922401,22.547001,226
粤B8BA76,113.922401,22.547001,228
粤B8BA76,113.922401,22.547001,229
粤B8BA76,113.922401,22.547001,229
粤B8BA76,113.922401,22.547001,230
粤B8BA76,113.922401,22.547001,230
粤B8BA76,113.922401,22.547001,231
粤B8BA76,113.922401,22.547001,232
粤B8BA76,113.922401,22.547001,233
粤B8BA76,113.922401,22.547001,233
粤B8BA76,113.922401,22.547001,234
粤B8BA76,113.922401,22.547001,234
粤B8BA76,113.922401,22.547001,236
粤B8BA76,113.922401,22.547001,236
粤B8BA76,113.922401,22.547001,237
粤B8BA76,113.922401,22.547001,237
粤B8BA76,113.922401,22.547001,238
粤B8BA76,113.922401,22.547001,238
粤B8BA76,113.922401,22.547001,240
粤B8BA76,113.922401,22.547001,240
粤B8BA76,113.922401,22.547001,241
粤B8BA76,113.922401,22.547001,241
粤B8BA76,113.922401,22.547001,241
粤B8BA76,113.922401,22.547001,242
粤B8BA76,113.922401,22.547001,242
粤B8BA76,113.922401,22.547001,244
粤B8BA76,113.922401,22.547001,244
粤B8BA76,113.922401,22.547001,245
粤B8BA76,113.922401,22.547001,245
粤B8BA76,113.922401,22.547001,247
粤B8BA76,113.922401,22.547001,248
粤B8BA76,113.922401,22.547001,248
粤B8BA76,113.922401,22.547001,249
粤B8BA76,113.922401,22.547001,249
粤B8BA76,113.922401,22.547001,251
粤B8BA76,113.922401,22.547001,253
粤B8BA76,113.922401,22.547001,253
粤B8BA76,113.922401,22.547001,255
粤B8BA76,113.922401,22.547001,255
粤B8BA76,113.922401,22.547001,256
粤B8BA76,113.922401,22.547001,256
粤B8BA76,113.922401,22.547001,257
粤B8BA76,113.922401,22.547001,258
粤B8BA76,113.922401,22.547001,259
粤B8BA76,113.922401,22.547001,259
粤B8BA76,113.922401,22.547001,260
粤B8BA76,113.922401,22.547001,262
粤B8BA76,113.922401,22.547001,262
粤B8BA76,113.922401,22.547001,263
粤B8BA76,113.922401,22.547001,263
粤B8BA76,113.922401,22.547001,264
粤B8BA76,113.922401,22.547001,266
粤B8BA76,113.922401,22.547001,266
粤B8BA76,113.922401,22.547001,267
粤B8BA76,113.922401,22.547001,267
粤B8BA76,113.922401,22.547001,268
粤B8BA76,113.922401,22.547001,268
粤B8BA76,113.922401,22.547001,270
粤B8BA76,113.922401,22.547001,270
粤B8BA76,113.922401,22.547001,270
粤B8BA76,113.922401,22.547001,271
粤B8BA76,113.922401,22.547001,271
粤B8BA76,113.922401,22.547001,271
粤B8BA76,113.922401,22.547001,273
粤B8BA76,113.922401,22.547001,274
粤B8BA76,113.922401,22.547001,274
粤B8BA76,113.922401,22.547001,275
粤B8BA76,113.922401,22.547001,276
粤B8BA76,113.922401,22.547001,277
粤B8BA76,113.922401,22.547001,278
粤B8BA76,113.922401,22.547001,279
粤B8BA76,113.922401,22.547001,279
粤B8BA76,113.922401,22.547001,279
粤B8BA76,113.922401,22.547001,282
粤B8BA76,113.922401,22.547001,282
粤B8BA76,113.922401,22.547001,282
粤B8BA76,113.922401,22.547001,286
粤B8BA76,113.922401,22.547001,286
粤B8BA76,113.922401,22.547001,286
粤B8BA76,113.922401,22.547001,289
粤B8BA76,113.922401,22.547001,290
粤B8BA76,113.922401,22.547001,290
粤B8BA76,113.922401,22.547001,290
粤B8BA76,113.922401,22.547001,291
粤B8BA76,113.922401,22.547001,292
粤B8BA76,113.922401,22.547001,293
粤B8BA76,113.922401,22.547001,293
粤B8BA76,113.922401,22.547001,293
粤B8BA76,113.922401,22.547001,294
粤B8BA76,113.922401,22.547001,294
粤B8BA76,113.922401,22.547001,294
粤B8BA76,113.922401,22.547001,295
粤B8BA76,113.922401,22.547001,297
粤B8BA76,113.922401,22.547001,301
粤B8BA76,113.922401,22.547001,301
粤B8BA76,113.922401,22.547001,302
粤B8BA76,113.922401,22.547001,302
粤B8BA76,113.922401,22.547001,302
粤B8BA76,113.922401,22.547001,303
粤B8BA76,113.922401,22.547001,305
粤B8BA76,113.922401,22.547001,306
粤B8BA76,113.922401,22.547001,307
粤B8BA76,113.922401,22.547001,308
粤B8BA76,113.922401,22.547001,309
粤B8BA76,113.922401,22.547001,309
粤B8BA76,113.922401,22.547001,310
粤B8BA76,113.922401,22.547001,310
粤B8BA76,113.922401,22.547001,312
粤B8BA76,113.922401,22.547001,313
粤B8BA76,113.922401,22.547001,314
粤B8BA76,113.922401,22.547001,314
粤B8BA76,113.922401,22.547001,314
粤B8BA76,113.922401,22.547001,316
粤B8BA76,113.922401,22.547001,317
粤B8BA76,113.922401,22.547001,317
粤B8BA76,113.922401,22.547001,317
粤B8BA76,113.922401,22.547001,319
粤B8BA76,113.922401,22.547001,320
粤B8BA76,113.922401,22.547001,320
粤B8BA76,113.922401,22.547001,320
粤B8BA76,113.922401,22.547001,321
粤B8BA76,113.922401,22.547001,321
粤B8BA76,113.922401,22.547001,321
粤B8BA76,113.922401,22.547001,322
粤B8BA76,113.922401,22.547001,324
粤B8BA76,113.922401,22.547001,324
粤B8BA76,113.922401,22.547001,325
粤B8BA76,113.922401,22.547001,325
粤B8BA76,113.922401,22.547001,325
粤B8BA76,113.922401,22.547001,327
粤B8BA76,113.922401,22.547001,328
粤B8BA76,113.922401,22.547001,328
粤B8BA76,113.922401,22.547001,329
粤B8BA76,113.922401,22.547001,332
粤B8BA76,113.922401,22.547001,333
粤B8BA76,113.922401,22.547001,334
粤B8BA76,113.922401,22.547001,335
粤B8BA76,113.922401,22.547001,336
粤B8BA76,113.922401,22.547001,336
粤B8BA76,113.922401,22.547001,338
粤B8BA76,113.922401,22.547001,339
粤B8BA76,113.922401,22.547001,339
粤B8BA76,113.922401,22.547001,340
粤B8BA76,113.922401,22.547001,340
粤B8BA76,113.922401,22.547001,342
粤B8BA76,113.922401,22.547001,343
粤B8BA76,113.922401,22.547001,344
粤B8BA76,113.922401,22.547001,344
粤B8BA76,113.922401,22.547001,344
粤B8BA76,113.922401,22.547001,346
粤B8BA76,113.922401,22.547001,346
粤B8BA76,113.922401,22.547001,347
粤B8BA76,113.922401,22.547001,347
粤B8BA76,113.922401,22.547001,348
粤B8BA76,113.922401,22.547001,348
粤B8BA76,113.922401,22.547001,348
粤B8BA76,113.922401,22.547001,350
粤B8BA76,113.922401,22.547001,351
粤B8BA76,113.922401,22.547001,352
粤B8BA76,113.922401,22.547001,354
粤B8BA76,113.922401,22.547001,354
粤B8BA76,113.922401,22.547001,354
粤B8BA76,113.922401,22.547001,355
粤B8BA76,113.922401,22.547001,355
粤B8BA76,113.922401,22.547001,355
粤B8BA76,113.922401,22.547001,356
粤B8BA76,113.922401,22.547001,356
粤B8BA76,113.922401,22.547001,358
粤B8BA76,113.922401,22.547001,358
粤B8BA76,113.922401,22.547001,359
粤B8BA76,113.922401,22.547001,359
粤B8BA76,113.922401,22.547001,359
粤B8BA76,113.922401,22.547001,360
粤B8BA76,113.922401,22.547001,360
粤B8BA76,113.922401,22.547001,362
粤B8BA76,113.922401,22.547001,364
粤B8BA76,113.922401,22.547001,364
粤B8BA76,113.922401,22.547001,366
粤B8BA76,113.922401,22.547001,366
粤B8BA76,113.922401,22.547001,367
粤B8BA76,113.922401,22.547001,368
粤B8BA76,113.922401,22.547001,368
粤B8BA76,113.922401,22.547001,370
粤B8BA76,113.922401,22.547001,370
粤B8BA76,113.922401,22.547001,370
粤B8BA76,113.922401,22.547001,371
粤B8BA76,113.922401,22.547001,371
粤B8BA76,113.922401,22.547001,372
粤B8BA76,113.922401,22.547001,374
粤B8BA76,113.922401,22.547001,374
粤B8BA76,113.922401,22.547001,375
粤B8BA76,113.922401,22.547001,375
粤B8BA76,113.922401,22.547001,378
粤B8BA76,113.922401,22.547001,380
粤B8BA76,113.922401,22.547001,381
粤B8BA76,113.922401,22.547001,382
粤B8BA76,113.922401,22.547001,383
粤B8BA76,113.922401,22.547001,385
粤B8BA76,113.922401,22.547001,385
粤B8BA76,113.922401,22.547001,386
粤B8BA76,113.922401,22.547001,386
粤B8BA76,113.922401,22.547001,387
粤B8BA76,113.922401,22.547001,389
粤B8BA76,113.922401,22.547001,389
粤B8BA76,113.922401,22.547001,390
粤B8BA76,113.922401,22.547001,390
粤B8BA76,113.922401,22.547001,390
粤B8BA76,113.922401,22.547001,391
粤B8BA76,113.922401,22.547001,393
粤B8BA76,113.922401,22.547001,394
粤B8BA76,113.922401,22.547001,394
粤B8BA76,113.922401,22.547001,395
粤B8BA76,113.922401,22.547001,398
粤B8BA76,113.922401,22.547001,401
粤B8BA76,113.922401,22.547001,401
粤B8BA76,113.922401,22.547001,401
粤B8BA76,113.922401,22.547001,402
粤B8BA76,113.922401,22.547001,402
粤B8BA76,113.922401,22.547001,404
粤B8BA76,113.922401,22.547001,404
粤B8BA76,113.922401,22.547001,405
粤B8BA76,113.922401,22.547001,406
粤B8BA76,113.922401,22.547001,408
粤B8BA76,113.922401,22.547001,408
粤B8BA76,113.922401,22.547001,408
粤B8BA76,113.922401,22.547001,409
粤B8BA76,113.922401,22.547001,409
粤B8BA76,113.922401,22.547001,410
粤B8BA76,113.922401,22.547001,411
粤B8BA76,113.922401,22.547001,412
粤B8BA76,113.922401,22.547001,412
粤B8BA76,113.922401,22.547001,413
粤B8BA76,113.922401,22.547001,413
粤B8BA76,113.922401,22.547001,416
粤B8BA76,113.922401,22.547001,416
粤B8BA76,113.922401,22.547001,417
粤B8BA76,113.922401,22.547001,417
粤B8BA76,113.922401,22.547001,420
粤B8BA76,113.922401,22.547001,420
粤B8BA76,113.922401,22.547001,421
粤B8BA76,113.922401,22.547001,421
粤B8BA76,113.922401,22.547001,424
粤B8BA76,113.922401,22.547001,424
粤B8BA76,113.922401,22.547001,425
粤B8BA76,113.922401,22.547001,426
粤B8BA76,113.922401,22.547001,427
粤B8BA76,113.922401,22.547001,428
粤B8BA76,113.922401,22.547001,428
粤B8BA76,113.922401,22.547001,429
粤B8BA76,113.922401,22.547001,429
粤B8BA76,113.922401,22.547001,431
粤B8BA76,113.922401,22.547001,431
粤B8BA76,113.922401,22.547001,432
粤B8BA76,113.922401,22.547001,432
粤B8BA76,113.922401,22.547001,435
粤B8BA76,113.922401,22.547001,435
粤B8BA76,113.922401,22.547001,439
粤B8BA76,113.922401,22.547001,439
粤B8BA76,113.922401,22.547001,440
粤B8BA76,113.922401,22.547001,440
粤B8BA76,113.922401,22.547001,442
粤B8BA76,113.922401,22.547001,443
粤B8BA76,113.922401,22.547001,443
粤B8BA76,113.922401,22.547001,444
粤B8BA76,113.922401,22.547001,444
粤B8BA76,113.922401,22.547001,446
粤B8BA76,113.922401,22.547001,446
粤B8BA76,113.922401,22.547001,446
粤B8BA76,113.922401,22.547001,447
粤B8BA76,113.922401,22.547001,449
粤B8BA76,113.922401,22.547001,450
粤B8BA76,113.922401,22.547001,450
粤B8BA76,113.922401,22.547001,451
粤B8BA76,113.922401,22.547001,451
粤B8BA76,113.922401,22.547001,453
粤B8BA76,113.922401,22.547001,453
粤B8BA76,113.922401,22.547001,454
粤B8BA76,113.922401,22.547001,454
粤B8BA76,113.922401,22.547001,455
粤B8BA76,113.922401,22.547001,455
粤B8BA76,113.922401,22.547001,456
粤B8BA76,113.922401,22.547001,458
粤B8BA76,113.922401,22.547001,458
粤B8BA76,113.922401,22.547001,459
粤B8BA76,113.922401,22.547001,460
粤B8BA76,113.922401,22.547001,461
粤B8BA76,113.922401,22.547001,461
粤B8BA76,113.922401,22.547001,462
粤B8BA76,113.922401,22.547001,464
粤B8BA76,113.922401,22.547001,464
粤B8BA76,113.922401,22.547001,465
粤B8BA76,113.922401,22.547001,465
粤B8BA76,113.922401,22.547001,466
粤B8BA76,113.922401,22.547001,466
粤B8BA76,113.922401,22.547001,467
粤B8BA76,113.922401,22.547001,468
粤B8BA76,113.922401,22.547001,468
粤B8BA76,113.922401,22.547001,468
粤B8BA76,113.922401,22.547001,469
粤B8BA76,113.922401,22.547001,469
粤B8BA76,113.922401,22.547001,469
粤B8BA76,113.922401,22.547001,471
粤B8BA76,113.922401,22.547001,472
粤B8BA76,113.922401,22.547001,473
粤B8BA76,113.922401,22.547001,474
粤B8BA76,113.922401,22.547001,475
粤B8BA76,113.922401,22.547001,475
粤B8BA76,113.922401,22.547001,479
粤B8BA76,113.922401,22.547001,479
粤B8BA76,113.922401,22.547001,479
粤B8BA76,113.922401,22.547001,480
粤B8BA76,113.922401,22.547001,480
粤B8BA76,113.922401,22.547001,482
粤B8BA76,113.922401,22.547001,483
粤B8BA76,113.922401,22.547001,486
粤B8BA76,113.922401,22.547001,487
粤B8BA76,113.922401,22.547001,487
粤B8BA76,113.922401,22.547001,487
粤B8BA76,113.922401,22.547001,488
粤B8BA76,113.922401,22.547001,489
粤B8BA76,113.922401,22.547001,490
粤B8BA76,113.922401,22.547001,490
粤B8BA76,113.922401,22.547001,491
粤B8BA76,113.922401,22.547001,491
粤B8BA76,113.922401,22.547001,491
粤B8BA76,113.922401,22.547001,494
粤B8BA76,113.922401,22.547001,495
粤B8BA76,113.922401,22.547001,496
粤B8BA76,113.922401,22.547001,497
粤B8BA76,113.922401,22.547001,498
粤B8BA76,113.922401,22.547001,502
粤B8BA76,113.922401,22.547001,504
粤B8BA76,113.922401,22.547001,505
粤B8BA76,113.922401,22.547001,505
粤B8BA76,113.922401,22.547001,505
粤B8BA76,113.922401,22.547001,506
粤B8BA76,113.922401,22.547001,506
粤B8BA76,113.922401,22.547001,506
粤B8BA76,113.922401,22.547001,507
粤B8BA76,113.922401,22.547001,507
粤B8BA76,113.922401,22.547001,508
粤B8BA76,113.922401,22.547001,509
粤B8BA76,113.922401,22.547001,511
粤B8BA76,113.922401,22.547001,511
粤B8BA76,113.922401,22.547001,511
粤B8BA76,113.922401,22.547001,512
粤B8BA76,113.922401,22.547001,512
粤B8BA76,113.922401,22.547001,513
粤B8BA76,113.922401,22.547001,514
粤B8BA76,113.922401,22.547001,515
粤B8BA76,113.922401,22.547001,515
粤B8BA76,113.922401,22.547001,516
粤B8BA76,113.922401,22.547001,516
粤B8BA76,113.922401,22.547001,516
粤B8BA76,113.922401,22.547001,519
粤B8BA76,113.922401,22.547001,520
粤B8BA76,113.922401,22.547001,522
粤B8BA76,113.922401,22.547001,522
粤B8BA76,113.922401,22.547001,523
粤B8BA76,113.922401,22.547001,523
粤B8BA76,113.922401,22.547001,525
粤B8BA76,113.922401,22.547001,525
粤B8BA76,113.922401,22.547001,526
粤B8BA76,113.922401,22.547001,526
粤B8BA76,113.922401,22.547001,527
粤B8BA76,113.922401,22.547001,528
粤B8BA76,113.922401,22.547001,529
粤B8BA76,113.922401,22.547001,529
粤B8BA76,113.922401,22.547001,529
粤B8BA76,113.922401,22.547001,530
粤B8BA76,113.922401,22.547001,532
粤B8BA76,113.922401,22.547001,532
粤B8BA76,113.922401,22.547001,533
粤B8BA76,113.922401,22.547001,534
粤B8BA76,113.922401,22.547001,535
粤B8BA76,113.922401,22.547001,536
粤B8BA76,113.922401,22.547001,536
粤B8BA76,113.922401,22.547001,545
粤B8BA76,113.922401,22.547001,547
粤B8BA76,113.922401,22.547001,547
粤B8BA76,113.922401,22.547001,547
粤B8BA76,113.922401,22.547001,548
粤B8BA76,113.922401,22.547001,548
粤B8BA76,113.922401,22.547001,550
粤B8BA76,113.922401,22.547001,550
粤B8BA76,113.922401,22.547001,551
粤B8BA76,113.922401,22.547001,551
粤B8BA76,113.922401,22.547001,552
粤B8BA76,113.922401,22.547001,553
粤B8BA76,113.922401,22.547001,554
粤B8BA76,113.922401,22.547001,554
粤B8BA76,113.922401,22.547001,555
粤B8BA76,113.922401,22.547001,558
粤B8BA76,113.922401,22.547001,558
粤B8BA76,113.922401,22.547001,558
粤B8BA76,113.922401,22.547001,561
粤B8BA76,113.922401,22.547001,561
粤B8BA76,113.922401,22.547001,562
粤B8BA76,113.922401,22.547001,562
粤B8BA76,113.922401,22.547001,562
粤B8BA76,113.922401,22.547001,563
粤B8BA76,113.922401,22.547001,564
粤B8BA76,113.922401,22.547001,565
粤B8BA76,113.922401,22.547001,566
粤B8BA76,113.922401,22.547001,566
粤B8BA76,113.922401,22.547001,568
粤B8BA76,113.922401,22.547001,569
粤B8BA76,113.922401,22.547001,570
粤B8BA76,113.922401,22.547001,570
粤B8BA76,113.922401,22.547001,573
粤B8BA76,113.922401,22.547001,573
粤B8BA76,113.922401,22.547001,573
粤B8BA76,113.922401,22.547001,575
粤B8BA76,113.922401,22.547001,577
粤B8BA76,113.922401,22.547001,579
粤B8BA76,113.922401,22.547001,580
粤B8BA76,113.922401,22.547001,580
粤B8BA76,113.922401,22.547001,580
粤B8BA76,113.922401,22.547001,581
粤B8BA76,113.922401,22.547001,583
粤B8BA76,113.922401,22.547001,583
粤B8BA76,113.922401,22.547001,584
粤B8BA76,113.922401,22.547001,584
粤B8BA76,113.922401,22.547001,584
粤B8BA76,113.922401,22.547001,585
粤B8BA76,113.922401,22.547001,586
粤B8BA76,113.922401,22.547001,587
粤B8BA76,113.922401,22.547001,588
粤B8BA76,113.922401,22.547001,588
粤B8BA76,113.922401,22.547001,590
粤B8BA76,113.922401,22.547001,590
粤B8BA76,113.922401,22.547001,591
粤B8BA76,113.922401,22.547001,591
粤B8BA76,113.922401,22.547001,591
粤B8BA76,113.922401,22.547001,593
粤B8BA76,113.922401,22.547001,594
粤B8BA76,113.922401,22.547001,594
粤B8BA76,113.922401,22.547001,595
粤B8BA76,113.922401,22.547001,597
粤B8BA76,113.922401,22.547001,597
粤B8BA76,113.922401,22.547001,597
粤B8BA76,113.922401,22.547001,598
粤B8BA76,113.922401,22.547001,598
粤B8BA76,113.922401,22.547001,599
粤B8BA76,113.919998,22.5432,601
粤B8BA76,113.920799,22.543501,601
粤B8BA76,113.915001,22.5406,607
粤B8BA76,113.919998,22.5432,607
粤B8BA76,113.915001,22.5406,608
粤B8BA76,113.915001,22.5406,612
粤B8BA76,113.915001,22.5406,613
粤B8BA76,113.914902,22.5392,613
粤B8BA76,113.910698,22.535299,614
粤B8BA76,113.905197,22.5352,619
粤B8BA76,113.904503,22.531601,620
粤B8BA76,113.904701,22.531099,620
粤B8BA76,113.910698,22.535299,620
粤B8BA76,113.903503,22.5312,620
粤B8BA76,113.907997,22.5312,621
粤B8BA76,113.911903,22.5313,626
粤B8BA76,113.9235,22.526501,627
粤B8BA76,113.919197,22.530701,627
粤B8BA76,113.907997,22.5312,627
粤B8BA76,113.929298,22.5249,632
粤B8BA76,113.919197,22.530701,632
粤B8BA76,113.932198,22.520901,633
粤B8BA76,113.932701,22.523399,633
粤B8BA76,113.9235,22.526501,633
粤B8BA76,113.931297,22.5173,634
粤B8BA76,113.931602,22.5187,634
粤B8BA76,113.933197,22.518801,639
粤B8BA76,113.933197,22.518801,639
粤B8BA76,113.933197,22.518801,639
粤B8BA76,113.933197,22.518801,646
粤B8BA76,113.933197,22.518801,646
粤B8BA76,113.933197,22.518801,647
粤B8BA76,113.933197,22.518801,652
粤B8BA76,113.933197,22.518801,653
粤B8BA76,113.933197,22.518801,653
粤B8BA76,113.933197,22.518801,653
粤B8BA76,113.9217,22.5214,660
粤B8BA76,113.922401,22.524099,660
粤B8BA76,113.935303,22.524799,666
粤B8BA76,113.9487,22.523899,666
粤B8BA76,113.975304,22.522699,667
粤B8BA76,113.961601,22.522699,667
粤B8BA76,113.994102,22.527599,672
粤B8BA76,113.9487,22.523899,672
粤B8BA76,114.002899,22.535801,673
粤B8BA76,113.975304,22.522699,673
粤B8BA76,113.993401,22.532,673
粤B8BA76,114.0047,22.5362,674
粤B8BA76,114.013702,22.5378,679
粤B8BA76,114.012199,22.5375,679
粤B8BA76,114.013496,22.539301,679
粤B8BA76,114.013603,22.543301,680
粤B8BA76,114.016197,22.5401,685
粤B8BA76,114.013603,22.543301,692
粤B8BA76,114.0103,22.5301,693
粤B8BA76,113.999802,22.535299,699
粤B8BA76,113.999802,22.535299,705
粤B8BA76,114.015701,22.5399,705
粤B8BA76,114.003502,22.536301,706
粤B8BA76,113.990997,22.5355,707
粤B8BA76,114.000298,22.5357,707
粤B8BA76,114.015701,22.5399,711
粤B8BA76,114.003502,22.536301,712
粤B8BA76,113.972,22.539,712
粤B8BA76,113.961403,22.5427,713
粤B8BA76,113.963699,22.5424,713
粤B8BA76,113.990997,22.5355,713
粤B8BA76,113.961403,22.5427,719
粤B8BA76,113.990196,22.535601,719
粤B8BA76,114.002998,22.535801,720
粤B8BA76,114.002701,22.5359,720
粤B8BA76,114.002701,22.5371,725
粤B8BA76,114.002998,22.535801,726
粤B8BA76,114.002701,22.5371,727
粤B8BA76,114.002701,22.5371,727
粤B8BA76,114.002701,22.5371,729
粤B8BA76,114.002701,22.5371,729
粤B8BA76,114.002701,22.5371,729
粤B8BA76,114.002701,22.5371,730
粤B8BA76,114.002701,22.5371,731
粤B8BA76,114.002701,22.5371,731
粤B8BA76,114.002701,22.5371,732
粤B8BA76,114.002701,22.5371,732
粤B8BA76,114.002701,22.5371,732
粤B8BA76,114.002701,22.5371,733
粤B8BA76,114.002701,22.5371,733
粤B8BA76,114.002701,22.5371,735
粤B8BA76,114.002701,22.5371,737
粤B8BA76,114.002701,22.5371,739
粤B8BA76,114.002701,22.5371,740
粤B8BA76,114.002701,22.5371,742
粤B8BA76,114.002701,22.5371,742
粤B8BA76,114.002701,22.5371,742
粤B8BA76,114.002701,22.5371,743
粤B8BA76,114.002701,22.5371,743
粤B8BA76,114.002701,22.5371,744
粤B8BA76,114.002701,22.5371,746
粤B8BA76,114.002701,22.5371,747
粤B8BA76,114.002701,22.5371,747
粤B8BA76,114.002701,22.5371,747
粤B8BA76,114.002701,22.5371,748
粤B8BA76,114.002701,22.5371,749
粤B8BA76,114.002701,22.5371,750
粤B8BA76,114.002899,22.537201,753
粤B8BA76,114.002899,22.537201,753
粤B8BA76,114.007202,22.5375,757
粤B8BA76,114.003098,22.5375,757
粤B8BA76,114.006104,22.537901,757
粤B8BA76,114.007202,22.5375,758
粤B8BA76,114.007202,22.5375,758
粤B8BA76,114.007202,22.5375,763
粤B8BA76,114.005402,22.5366,764
粤B8BA76,114.013496,22.5394,770
粤B8BA76,114.009499,22.537399,771
粤B8BA76,113.968498,22.540501,778
粤B8BA76,113.974602,22.5541,790
粤B8BA76,113.974098,22.5536,791
粤B8BA76,113.9646,22.541901,797
粤B8BA76,113.960503,22.543301,797
粤B8BA76,113.956802,22.543501,798
粤B8BA76,113.952202,22.5383,804
粤B8BA76,113.958099,22.5432,804
粤B8BA76,113.961998,22.5361,805
粤B8BA76,113.959602,22.538601,810
粤B8BA76,113.961998,22.5361,811
粤B8BA76,113.956497,22.5637,811
粤B8BA76,113.959602,22.538601,816
粤B8BA76,114.008698,22.622101,827
粤B8BA76,113.956497,22.5637,829
粤B8BA76,114.007797,22.6441,831
粤B8BA76,114.010696,22.6402,831
粤B8BA76,114.008698,22.622101,832
粤B8BA76,114.022598,22.6367,843
粤B8BA76,114.025398,22.6311,845
粤B8BA76,114.031898,22.615499,850
粤B8BA76,114.025398,22.6311,850
粤B8BA76,114.035301,22.6164,851
粤B8BA76,114.032402,22.6299,857
粤B8BA76,114.035301,22.6164,857
粤B8BA76,114.032303,22.633699,858
粤B8BA76,114.032303,22.633699,862
粤B8BA76,114.033401,22.6429,863
粤B8BA76,114.033798,22.6436,864
粤B8BA76,114.035599,22.647499,864
粤B8BA76,114.029602,22.6504,869
粤B8BA76,114.0327,22.648399,869
粤B8BA76,114.0252,22.6553,870
粤B8BA76,114.024803,22.655701,870
粤B8BA76,114.0252,22.6553,870
粤B8BA76,114.035599,22.647499,870
粤B8BA76,114.023003,22.657499,871
粤B8BA76,114.018997,22.6556,876
粤B8BA76,114.018997,22.6556,876
粤B8BA76,114.020699,22.656799,876
粤B8BA76,114.016502,22.6539,877
粤B8BA76,114.016098,22.653601,882
粤B8BA76,114.016098,22.653601,882
粤B8BA76,114.015404,22.653099,883
粤B8BA76,114.011902,22.6506,884
粤B8BA76,114.011902,22.6506,889
粤B8BA76,114.002197,22.644501,890
粤B8BA76,113.983597,22.5825,909
粤B8BA76,113.986298,22.565399,910
粤B8BA76,113.983597,22.5825,910
粤B8BA76,113.968597,22.557699,911
粤B8BA76,113.964401,22.5574,915
粤B8BA76,113.942299,22.555201,916
粤B8BA76,113.958702,22.556601,916
粤B8BA76,113.930801,22.5553,917
粤B8BA76,113.917801,22.5557,917
粤B8BA76,113.904602,22.5404,922
粤B8BA76,113.906303,22.5501,922
粤B8BA76,113.914497,22.5364,929
粤B8BA76,113.914001,22.5355,929
粤B8BA76,113.914497,22.5364,930
粤B8BA76,113.914497,22.5364,930
粤B8BA76,113.914497,22.5364,935
粤B8BA76,113.914597,22.537399,936
粤B8BA76,113.914497,22.5364,936
粤B8BA76,113.914398,22.536301,937
粤B8BA76,113.914398,22.536301,943
粤B8BA76,113.914398,22.536301,950
粤B8BA76,113.924202,22.5429,957
粤B8BA76,113.932297,22.5424,957
粤B8BA76,113.945801,22.5418,963
粤B8BA76,113.932297,22.5424,963
粤B8BA76,113.945801,22.5418,969
粤B8BA76,113.949402,22.5268,969
粤B8BA76,113.949699,22.5306,969
粤B8BA76,113.915298,22.487301,984
粤B8BA76,113.9114,22.4825,989
粤B8BA76,113.915298,22.487301,989
粤B8BA76,113.9114,22.4825,989
粤B8BA76,113.9189,22.488501,995
粤B8BA76,113.925499,22.4865,996
粤B8BA76,113.936302,22.487,996
粤B8BA76,113.935699,22.5042,1002
粤B8BA76,113.936996,22.510799,1003
粤B8BA76,113.937103,22.5151,1003
粤B8BA76,113.9366,22.508301,1003
粤B8BA76,113.9366,22.508301,1008
粤B8BA76,113.937897,22.5168,1009
粤B8BA76,113.937103,22.5151,1010
粤B8BA76,113.935699,22.520901,1010
粤B8BA76,113.937798,22.517401,1010
粤B8BA76,113.941704,22.5273,1016
粤B8BA76,113.941704,22.5273,1016
粤B8BA76,113.935699,22.520901,1016
粤B8BA76,113.941704,22.5273,1026
粤B8BA76,113.941704,22.5273,1027
粤B8BA76,113.941704,22.5273,1027
粤B8BA76,113.941704,22.5273,1027
粤B8BA76,113.941704,22.5273,1028
粤B8BA76,113.941704,22.5273,1028
粤B8BA76,113.941704,22.5273,1033
粤B8BA76,113.941704,22.5273,1033
粤B8BA76,113.941704,22.5273,1034
粤B8BA76,113.941597,22.526899,1038
粤B8BA76,113.941597,22.526899,1038
粤B8BA76,113.941597,22.526899,1038
粤B8BA76,113.941597,22.526899,1040
粤B8BA76,113.941597,22.526899,1041
粤B8BA76,113.941597,22.526899,1042
粤B8BA76,113.941597,22.526899,1042
粤B8BA76,113.941597,22.526899,1043
粤B8BA76,113.941597,22.526899,1043
粤B8BA76,113.941597,22.526899,1046
粤B8BA76,113.941597,22.526899,1046
粤B8BA76,113.941597,22.526899,1047
粤B8BA76,113.941597,22.526899,1050
粤B8BA76,113.941597,22.526899,1050
粤B8BA76,113.941597,22.526899,1051
粤B8BA76,113.941597,22.526899,1053
粤B8BA76,113.941597,22.526899,1053
粤B8BA76,113.941597,22.526899,1054
粤B8BA76,113.941597,22.526899,1054
粤B8BA76,113.941597,22.526899,1056
粤B8BA76,113.941597,22.526899,1057
粤B8BA76,113.941597,22.526899,1058
粤B8BA76,113.941597,22.526899,1058
粤B8BA76,113.941597,22.526899,1060
粤B8BA76,113.931,22.5249,1101
粤B8BA76,113.917801,22.5275,1111
粤B8BA76,113.912498,22.5266,1118
粤B8BA76,113.912498,22.5266,1119
粤B8BA76,113.912498,22.5266,1119
粤B8BA76,113.912498,22.5266,1122
粤B8BA76,113.912498,22.5266,1122
粤B8BA76,113.912498,22.5266,1123
粤B8BA76,113.912498,22.5266,1123
粤B8BA76,113.912498,22.5266,1124
粤B8BA76,113.912498,22.5266,1126
粤B8BA76,113.912498,22.5266,1126
粤B8BA76,113.912498,22.5266,1127
粤B8BA76,113.912498,22.5266,1129
粤B8BA76,113.912498,22.5266,1129
粤B8BA76,113.912498,22.5266,1130
粤B8BA76,113.912498,22.5266,1130
粤B8BA76,113.912498,22.5266,1132
粤B8BA76,113.912498,22.5266,1133
粤B8BA76,113.912498,22.5266,1134
粤B8BA76,113.912498,22.5266,1135
粤B8BA76,113.912498,22.5266,1136
粤B8BA76,113.912498,22.5266,1136
粤B8BA76,113.912498,22.5266,1136
粤B8BA76,113.912498,22.5266,1141
粤B8BA76,113.912498,22.5266,1141
粤B8BA76,113.912498,22.5266,1142
粤B8BA76,113.912498,22.5266,1146
粤B8BA76,113.912498,22.5266,1147
粤B8BA76,113.912498,22.5266,1147
粤B8BA76,113.912498,22.5266,1148
粤B8BA76,113.912498,22.5266,1150
粤B8BA76,113.912498,22.5266,1150
粤B8BA76,113.912498,22.5266,1150
粤B8BA76,113.912498,22.5266,1151
粤B8BA76,113.912498,22.5266,1151
粤B8BA76,113.912498,22.5266,1152
粤B8BA76,113.912498,22.5266,1153
粤B8BA76,113.912498,22.5266,1154
粤B8BA76,113.912498,22.5266,1155
粤B8BA76,113.912498,22.5266,1155
粤B8BA76,113.912498,22.5266,1155
粤B8BA76,113.912498,22.5266,1157
粤B8BA76,113.912498,22.5266,1157
粤B8BA76,113.912498,22.5266,1158
粤B8BA76,113.912498,22.5266,1158
粤B8BA76,113.912498,22.5266,1159
粤B8BA76,113.912498,22.5266,1160
粤B8BA76,113.912498,22.5266,1161
粤B8BA76,113.912498,22.5266,1161
粤B8BA76,113.912498,22.5266,1162
粤B8BA76,113.912498,22.5266,1162
粤B8BA76,113.912498,22.5266,1162
粤B8BA76,113.912498,22.5266,1163
粤B8BA76,113.912498,22.5266,1164
粤B8BA76,113.912498,22.5266,1165
粤B8BA76,113.912498,22.5266,1165
粤B8BA76,113.912498,22.5266,1166
粤B8BA76,113.912498,22.5266,1167
粤B8BA76,113.912498,22.5266,1167
粤B8BA76,113.912498,22.5266,1170
粤B8BA76,113.912498,22.5266,1170
粤B8BA76,113.912498,22.5266,1171
粤B8BA76,113.912498,22.5266,1172
粤B8BA76,113.912498,22.5266,1174
粤B8BA76,113.912498,22.5266,1175
粤B8BA76,113.912498,22.5266,1177
粤B8BA76,113.912498,22.5266,1178
粤B8BA76,113.912498,22.5266,1178
粤B8BA76,113.912498,22.5266,1179
粤B8BA76,113.912498,22.5266,1179
粤B8BA76,113.912498,22.5266,1181
粤B8BA76,113.912498,22.5266,1181
粤B8BA76,113.912498,22.5266,1181
粤B8BA76,113.912498,22.5266,1182
粤B8BA76,113.912498,22.5266,1183
粤B8BA76,113.912498,22.5266,1184
粤B8BA76,113.912498,22.5266,1185
粤B8BA76,113.912498,22.5266,1185
粤B8BA76,113.912498,22.5266,1185
粤B8BA76,113.912498,22.5266,1190
粤B8BA76,113.912498,22.5266,1190
粤B8BA76,113.912498,22.5266,1191
粤B8BA76,113.912498,22.5266,1192
粤B8BA76,113.912498,22.5266,1195
粤B8BA76,113.912498,22.5266,1196
粤B8BA76,113.912498,22.5266,1196
粤B8BA76,113.912498,22.5266,1202
粤B8BA76,113.912498,22.5266,1203
粤B8BA76,113.912498,22.5266,1203
粤B8BA76,113.912498,22.5266,1204
粤B8BA76,113.912498,22.5266,1205
粤B8BA76,113.912498,22.5266,1206
粤B8BA76,113.912498,22.5266,1207
粤B8BA76,113.912498,22.5266,1207
粤B8BA76,113.912498,22.5266,1209
粤B8BA76,113.912498,22.5266,1209
粤B8BA76,113.912498,22.5266,1210
粤B8BA76,113.912498,22.5266,1210
粤B8BA76,113.912498,22.5266,1213
粤B8BA76,113.912498,22.5266,1214
粤B8BA76,113.912498,22.5266,1215
粤B8BA76,113.912498,22.5266,1215
粤B8BA76,113.912498,22.5266,1215
粤B8BA76,113.9104,22.525999,1218
粤B8BA76,113.910202,22.5277,1218
粤B8BA76,113.9104,22.5334,1219
粤B8BA76,113.910301,22.530001,1219
粤B8BA76,113.9076,22.5509,1225
粤B8BA76,113.9104,22.5334,1225
粤B8BA76,113.885696,22.580799,1252
粤B8BA76,113.883598,22.5758,1258
粤B8BA76,113.906601,22.5536,1259
粤B8BA76,113.900101,22.5604,1259
粤B8BA76,113.906601,22.5536,1265
粤B8BA76,113.918701,22.542999,1265
粤B8BA76,113.935997,22.522499,1272
粤B8BA76,113.939499,22.507999,1277
粤B8BA76,113.9244,22.530001,1299
粤B8BA76,113.9244,22.530001,1310
粤B8BA76,113.918999,22.5387,1311
粤B8BA76,113.915001,22.5389,1311
粤B8BA76,113.910301,22.539801,1312
粤B8BA76,113.9188,22.5462,1324
粤B8BA76,113.9188,22.5462,1325
粤B8BA76,113.9188,22.5462,1325
粤B8BA76,113.9188,22.5462,1326
粤B8BA76,113.9188,22.5462,1327
粤B8BA76,113.9188,22.5462,1327
粤B8BA76,113.9188,22.5462,1331
粤B8BA76,113.9188,22.5462,1331
粤B8BA76,113.9188,22.5462,1332
粤B8BA76,113.9188,22.5462,1334
粤B8BA76,113.9188,22.5462,1334
粤B8BA76,113.9188,22.5462,1334
粤B8BA76,113.9188,22.5462,1335
粤B8BA76,113.9188,22.5462,1335
粤B8BA76,113.9188,22.5462,1335
粤B8BA76,113.9188,22.5462,1337
粤B8BA76,113.9188,22.5462,1338
粤B8BA76,113.9188,22.5462,1339
粤B8BA76,113.9188,22.5462,1340
粤B8BA76,113.9188,22.5462,1341
粤B8BA76,113.9188,22.5462,1342
粤B8BA76,113.9188,22.5462,1342
粤B8BA76,113.9188,22.5462,1343
粤B8BA76,113.9188,22.5462,1343
粤B8BA76,113.9188,22.5462,1344
粤B8BA76,113.9188,22.5462,1344
粤B8BA76,113.9188,22.5462,1344
粤B8BA76,113.9188,22.5462,1345
粤B8BA76,113.9188,22.5462,1345
粤B8BA76,113.9188,22.5462,1346
粤B8BA76,113.9188,22.5462,1346
粤B8BA76,113.9188,22.5462,1348
粤B8BA76,113.9188,22.5462,1349
粤B8BA76,113.9188,22.5462,1352
粤B8BA76,113.9188,22.5462,1353
粤B8BA76,113.9188,22.5462,1358
粤B8BA76,113.9188,22.5462,1358
粤B8BA76,113.9188,22.5462,1359
粤B8BA76,113.9188,22.5462,1359
粤B8BA76,113.9188,22.5462,1360
粤B8BA76,113.9188,22.5462,1360
粤B8BA76,113.9188,22.5462,1365
粤B8BA76,113.9188,22.5462,1366
粤B8BA76,113.9188,22.5462,1366
粤B8BA76,113.9188,22.5462,1368
粤B8BA76,113.9188,22.5462,1368
粤B8BA76,113.9188,22.5462,1369
粤B8BA76,113.9188,22.5462,1369
粤B8BA76,113.9188,22.5462,1373
粤B8BA76,113.9188,22.5462,1373
粤B8BA76,113.9188,22.5462,1373
粤B8BA76,113.9188,22.5462,1377
粤B8BA76,113.9188,22.5462,1378
粤B8BA76,113.9188,22.5462,1380
粤B8BA76,113.9188,22.5462,1380
粤B8BA76,113.9188,22.5462,1381
粤B8BA76,113.9188,22.5462,1383
粤B8BA76,113.9188,22.5462,1384
粤B8BA76,113.9188,22.5462,1384
粤B8BA76,113.9188,22.5462,1386
粤B8BA76,113.9188,22.5462,1386
粤B8BA76,113.9188,22.5462,1387
粤B8BA76,113.9188,22.5462,1387
粤B8BA76,113.9188,22.5462,1388
粤B8BA76,113.9188,22.5462,1388
粤B8BA76,113.9188,22.5462,1390
粤B8BA76,113.9188,22.5462,1390
粤B8BA76,113.9188,22.5462,1391
粤B8BA76,113.9188,22.5462,1391
粤B8BA76,113.9188,22.5462,1393
粤B8BA76,113.9188,22.5462,1393
粤B8BA76,113.9188,22.5462,1394
粤B8BA76,113.9188,22.5462,1394
粤B8BA76,113.9188,22.5462,1394
粤B8BA76,113.9188,22.5462,1395
粤B8BA76,113.9188,22.5462,1395
粤B8BA76,113.9188,22.5462,1397
粤B8BA76,113.9188,22.5462,1397
粤B8BA76,113.9188,22.5462,1398
粤B8BA76,113.9188,22.5462,1399
粤B8BA76,113.9188,22.5462,1401
粤B8BA76,113.9188,22.5462,1401
粤B8BA76,113.9188,22.5462,1401
粤B8BA76,113.9188,22.5462,1402
粤B8BA76,113.9188,22.5462,1402
粤B8BA76,113.9188,22.5462,1404
粤B8BA76,113.9188,22.5462,1404
粤B8BA76,113.9188,22.5462,1405
粤B8BA76,113.9188,22.5462,1405
粤B8BA76,113.9188,22.5462,1405
粤B8BA76,113.9188,22.5462,1406
粤B8BA76,113.9188,22.5462,1406
粤B8BA76,113.9188,22.5462,1410
粤B8BA76,113.9188,22.5462,1410
粤B8BA76,113.9188,22.5462,1410
粤B8BA76,113.9188,22.5462,1411
粤B8BA76,113.9188,22.5462,1413
粤B8BA76,113.9188,22.5462,1414
粤B8BA76,113.9188,22.5462,1414
粤B8BA76,113.9188,22.5462,1415
粤B8BA76,113.9188,22.5462,1415
粤B8BA76,113.9188,22.5462,1416
粤B8BA76,113.9188,22.5462,1416
粤B8BA76,113.9188,22.5462,1417
粤B8BA76,113.9188,22.5462,1418
粤B8BA76,113.9188,22.5462,1418
粤B8BA76,113.9188,22.5462,1419
粤B8BA76,113.9188,22.5462,1419
粤B8BA76,113.9188,22.5462,1422
粤B8BA76,113.9188,22.5462,1422
粤B8BA76,113.9188,22.5462,1423
粤B8BA76,113.9188,22.5462,1423
粤B8BA76,113.9188,22.5462,1424
粤B8BA76,113.9188,22.5462,1425
粤B8BA76,113.9188,22.5462,1426
粤B8BA76,113.9188,22.5462,1426
粤B8BA76,113.9188,22.5462,1427
粤B8BA76,113.9188,22.5462,1427
粤B8BA76,113.9188,22.5462,1430
粤B8BA76,113.9188,22.5462,1431
粤B8BA76,113.9188,22.5462,1432
粤B8BA76,113.9188,22.5462,1432
粤B8BA76,113.9188,22.5462,1433
