粤B5HS46,113.813187,22.62405,8
粤B5HS46,113.813187,22.62405,9
粤B5HS46,113.813187,22.62405,9
粤B5HS46,113.813187,22.62405,10
粤B5HS46,113.813187,22.62405,11
粤B5HS46,113.813187,22.62405,12
粤B5HS46,113.813187,22.62405,13
粤B5HS46,113.813187,22.62405,14
粤B5HS46,113.813187,22.62405,15
粤B5HS46,113.813187,22.62405,16
粤B5HS46,113.813187,22.62405,17
粤B5HS46,113.813187,22.62405,18
粤B5HS46,113.813187,22.62405,19
粤B5HS46,113.813187,22.62405,20
粤B5HS46,113.813187,22.62405,20
粤B5HS46,113.813187,22.62405,21
粤B5HS46,113.813187,22.62405,22
粤B5HS46,113.813187,22.62405,23
粤B5HS46,113.813232,22.624268,24
粤B5HS46,113.813232,22.624268,25
粤B5HS46,113.813232,22.624268,26
粤B5HS46,113.813232,22.624268,27
粤B5HS46,113.813232,22.624268,28
粤B5HS46,113.813232,22.624268,29
粤B5HS46,113.813232,22.624268,30
粤B5HS46,113.813232,22.624268,31
粤B5HS46,113.813248,22.625282,31
粤B5HS46,113.813049,22.625668,33
粤B5HS46,113.813049,22.625668,33
粤B5HS46,113.813049,22.625668,34
粤B5HS46,113.813049,22.625668,34
粤B5HS46,113.813049,22.625668,35
粤B5HS46,113.813049,22.625668,36
粤B5HS46,113.813049,22.625668,37
粤B5HS46,113.813049,22.625668,38
粤B5HS46,113.813049,22.625668,39
粤B5HS46,113.813049,22.625668,40
粤B5HS46,113.813049,22.625668,41
粤B5HS46,113.813049,22.625668,42
粤B5HS46,113.811996,22.627567,43
粤B5HS46,113.810867,22.6278,44
粤B5HS46,113.810867,22.6278,45
粤B5HS46,113.810867,22.6278,45
粤B5HS46,113.810867,22.6278,46
粤B5HS46,113.810448,22.627701,47
粤B5HS46,113.809967,22.627466,48
粤B5HS46,113.809967,22.627466,49
粤B5HS46,113.809883,22.62715,50
粤B5HS46,113.809883,22.62715,51
粤B5HS46,113.810066,22.626734,52
粤B5HS46,113.810066,22.626734,52
粤B5HS46,113.806664,22.6236,53
粤B5HS46,113.810814,22.616383,54
粤B5HS46,113.817383,22.609966,55
粤B5HS46,113.825279,22.614967,56
粤B5HS46,113.835251,22.619499,57
粤B5HS46,113.844704,22.622017,58
粤B5HS46,113.852837,22.625116,59
粤B5HS46,113.856003,22.6327,60
粤B5HS46,113.859749,22.638483,60
粤B5HS46,113.863098,22.650267,61
粤B5HS46,113.874252,22.656517,62
粤B5HS46,113.887566,22.658533,63
粤B5HS46,113.900864,22.659134,64
粤B5HS46,113.913315,22.658899,65
粤B5HS46,113.925217,22.662832,66
粤B5HS46,113.934517,22.670732,67
粤B5HS46,113.946236,22.677883,68
粤B5HS46,113.957382,22.683683,69
粤B5HS46,113.969482,22.686783,70
粤B5HS46,113.993401,22.69105,71
粤B5HS46,113.981514,22.688633,71
粤B5HS46,114.006401,22.6868,72
粤B5HS46,114.019249,22.685801,73
粤B5HS46,114.031898,22.6838,74
粤B5HS46,114.043198,22.683666,75
粤B5HS46,114.048737,22.680866,76
粤B5HS46,114.050316,22.684366,77
粤B5HS46,114.050316,22.684366,78
粤B5HS46,114.049652,22.690451,79
粤B5HS46,114.049599,22.701834,80
粤B5HS46,114.045685,22.712883,81
粤B5HS46,114.039902,22.728817,82
粤B5HS46,114.041084,22.721634,82
粤B5HS46,114.040421,22.733566,83
粤B5HS46,114.03952,22.731783,84
粤B5HS46,114.038185,22.727818,85
粤B5HS46,114.039581,22.7237,86
粤B5HS46,114.044197,22.715384,87
粤B5HS46,114.04837,22.704901,88
粤B5HS46,114.049934,22.69355,89
粤B5HS46,114.048431,22.6821,90
粤B5HS46,114.048653,22.6714,91
粤B5HS46,114.049133,22.6621,92
粤B5HS46,114.049118,22.643566,93
粤B5HS46,114.049583,22.6528,93
粤B5HS46,114.044952,22.636049,94
粤B5HS46,114.04332,22.632168,95
粤B5HS46,114.04332,22.632168,96
粤B5HS46,114.04332,22.632168,97
粤B5HS46,114.04332,22.632168,98
粤B5HS46,114.04332,22.632168,99
粤B5HS46,114.04332,22.632168,100
粤B5HS46,114.04332,22.632168,101
粤B5HS46,114.04332,22.632168,102
粤B5HS46,114.04332,22.632168,103
粤B5HS46,114.044235,22.617884,104
粤B5HS46,114.042702,22.627234,104
粤B5HS46,114.044403,22.608633,105
粤B5HS46,114.043747,22.604183,106
粤B5HS46,114.043419,22.601017,107
粤B5HS46,114.043419,22.601017,108
粤B5HS46,114.043419,22.601017,109
粤B5HS46,114.043816,22.599882,110
粤B5HS46,114.046051,22.595699,111
粤B5HS46,114.051399,22.592251,112
粤B5HS46,114.057503,22.597584,113
粤B5HS46,114.060234,22.603567,114
粤B5HS46,114.068069,22.608183,115
粤B5HS46,114.072182,22.614683,115
粤B5HS46,114.078003,22.620434,116
粤B5HS46,114.080833,22.6271,117
粤B5HS46,114.087769,22.628,118
粤B5HS46,114.086533,22.632267,119
粤B5HS46,114.088982,22.633368,120
粤B5HS46,114.089371,22.641632,121
粤B5HS46,114.092651,22.651333,122
粤B5HS46,114.091217,22.662382,123
粤B5HS46,114.095619,22.672716,124
粤B5HS46,114.099419,22.683767,125
粤B5HS46,114.097664,22.703068,126
粤B5HS46,114.096931,22.6933,126
粤B5HS46,114.098785,22.708883,127
粤B5HS46,114.098785,22.708883,128
粤B5HS46,114.097603,22.712482,129
粤B5HS46,114.097603,22.712482,129
粤B5HS46,114.097282,22.715933,130
粤B5HS46,114.098236,22.720467,131
粤B5HS46,114.098816,22.720633,132
粤B5HS46,114.098816,22.720633,133
粤B5HS46,114.097397,22.721382,134
粤B5HS46,114.09742,22.722033,134
粤B5HS46,114.097153,22.720516,135
粤B5HS46,114.09697,22.71385,136
粤B5HS46,114.098053,22.709017,137
粤B5HS46,114.0979,22.704067,138
粤B5HS46,114.096016,22.694851,139
粤B5HS46,114.098213,22.678717,140
粤B5HS46,114.099365,22.6868,140
粤B5HS46,114.093864,22.670933,141
粤B5HS46,114.08783,22.667482,142
粤B5HS46,114.079102,22.672617,143
粤B5HS46,114.0681,22.675417,144
粤B5HS46,114.057686,22.681482,145
粤B5HS46,114.046036,22.683567,146
粤B5HS46,114.03595,22.684067,147
粤B5HS46,114.02832,22.685183,148
粤B5HS46,114.030632,22.681433,149
粤B5HS46,114.031418,22.678183,150
粤B5HS46,114.024834,22.67165,151
粤B5HS46,114.029434,22.674982,151
粤B5HS46,114.019753,22.667801,152
粤B5HS46,114.016701,22.666201,153
粤B5HS46,114.0158,22.665983,154
粤B5HS46,114.009804,22.662416,155
粤B5HS46,114.008347,22.661533,156
粤B5HS46,114.008347,22.661533,157
粤B5HS46,114.006767,22.660999,158
粤B5HS46,114.000465,22.6618,159
粤B5HS46,113.99453,22.665216,160
粤B5HS46,113.994331,22.6654,161
粤B5HS46,113.977852,22.676884,162
粤B5HS46,113.987419,22.6707,162
粤B5HS46,113.971764,22.683666,163
粤B5HS46,113.962631,22.684917,164
粤B5HS46,113.962952,22.684784,164
粤B5HS46,113.95565,22.686567,165
粤B5HS46,113.951332,22.6894,166
粤B5HS46,113.947685,22.685583,167
粤B5HS46,113.947685,22.685583,168
粤B5HS46,113.947685,22.685583,169
粤B5HS46,113.947685,22.685583,170
粤B5HS46,113.947685,22.685583,171
粤B5HS46,113.947685,22.685583,172
粤B5HS46,113.947685,22.685583,173
粤B5HS46,113.947685,22.685583,174
粤B5HS46,113.947685,22.685583,174
粤B5HS46,113.947685,22.685583,175
粤B5HS46,113.947685,22.685583,176
粤B5HS46,113.947685,22.685583,177
粤B5HS46,113.947685,22.685583,178
粤B5HS46,113.947685,22.685583,179
粤B5HS46,113.947685,22.685583,180
粤B5HS46,113.947685,22.685583,181
粤B5HS46,113.947685,22.685583,182
粤B5HS46,113.947685,22.685583,183
粤B5HS46,113.947685,22.685583,192
粤B5HS46,113.947685,22.685583,193
粤B5HS46,113.947868,22.685917,194
粤B5HS46,113.944031,22.686399,195
粤B5HS46,113.941353,22.686518,196
粤B5HS46,113.939285,22.68675,196
粤B5HS46,113.939964,22.686399,197
粤B5HS46,113.939964,22.686399,198
粤B5HS46,113.939964,22.686399,199
粤B5HS46,113.939964,22.686399,200
粤B5HS46,113.939964,22.686399,201
粤B5HS46,113.939964,22.686399,202
粤B5HS46,113.939964,22.686399,203
粤B5HS46,113.939964,22.686399,204
粤B5HS46,113.939964,22.686399,205
粤B5HS46,113.939964,22.686399,206
粤B5HS46,113.939964,22.686399,207
粤B5HS46,113.939964,22.686399,207
粤B5HS46,113.939964,22.686399,208
粤B5HS46,113.939964,22.686399,209
粤B5HS46,113.939964,22.686399,210
粤B5HS46,113.939964,22.686399,211
粤B5HS46,113.939964,22.686399,212
粤B5HS46,113.939964,22.686399,213
粤B5HS46,113.939964,22.686399,214
粤B5HS46,113.939964,22.686399,215
粤B5HS46,113.939964,22.686399,216
粤B5HS46,113.939964,22.686399,217
粤B5HS46,113.939964,22.686399,218
粤B5HS46,113.939964,22.686399,218
粤B5HS46,113.939964,22.686399,219
粤B5HS46,113.939964,22.686399,220
粤B5HS46,113.939964,22.686399,221
粤B5HS46,113.939964,22.686399,222
粤B5HS46,113.939964,22.686399,223
粤B5HS46,113.939964,22.686399,224
粤B5HS46,113.939964,22.686399,225
粤B5HS46,113.939964,22.686399,226
粤B5HS46,113.939964,22.686399,227
粤B5HS46,113.939964,22.686399,228
粤B5HS46,113.939964,22.686399,229
粤B5HS46,113.939964,22.686399,229
粤B5HS46,113.939964,22.686399,230
粤B5HS46,113.939964,22.686399,231
粤B5HS46,113.939964,22.686399,232
粤B5HS46,113.939964,22.686399,233
粤B5HS46,113.939964,22.686399,234
粤B5HS46,113.939964,22.686399,238
粤B5HS46,113.939964,22.686399,239
粤B5HS46,113.939964,22.686399,240
粤B5HS46,113.939964,22.686399,240
粤B5HS46,113.939964,22.686399,241
粤B5HS46,113.939964,22.686399,242
粤B5HS46,113.939964,22.686399,243
粤B5HS46,113.939964,22.686399,245
粤B5HS46,113.939964,22.686399,246
粤B5HS46,113.939964,22.686399,247
粤B5HS46,113.939964,22.686399,248
粤B5HS46,113.939964,22.686399,249
粤B5HS46,113.939964,22.686399,250
粤B5HS46,113.939964,22.686399,251
粤B5HS46,113.939964,22.686399,251
粤B5HS46,113.939964,22.686399,252
粤B5HS46,113.939964,22.686399,253
粤B5HS46,113.939964,22.686399,254
粤B5HS46,113.939964,22.686399,255
粤B5HS46,113.939964,22.686399,256
粤B5HS46,113.939964,22.686399,257
粤B5HS46,113.939964,22.686399,258
粤B5HS46,113.939964,22.686399,259
粤B5HS46,113.939964,22.686399,260
粤B5HS46,113.939964,22.686399,261
粤B5HS46,113.939964,22.686399,262
粤B5HS46,113.939964,22.686399,262
粤B5HS46,113.939964,22.686399,263
粤B5HS46,113.939964,22.686399,264
粤B5HS46,113.939964,22.686399,265
粤B5HS46,113.939964,22.686399,266
粤B5HS46,113.939964,22.686399,267
粤B5HS46,113.939964,22.686399,268
粤B5HS46,113.939964,22.686399,269
粤B5HS46,113.939964,22.686399,270
粤B5HS46,113.939964,22.686399,271
粤B5HS46,113.939964,22.686399,272
粤B5HS46,113.939964,22.686399,273
粤B5HS46,113.939964,22.686399,273
粤B5HS46,113.939964,22.686399,274
粤B5HS46,113.939964,22.686399,275
粤B5HS46,113.939964,22.686399,276
粤B5HS46,113.939964,22.686399,277
粤B5HS46,113.939964,22.686399,278
粤B5HS46,113.939964,22.686399,279
粤B5HS46,113.939964,22.686399,280
粤B5HS46,113.939964,22.686399,281
粤B5HS46,113.939964,22.686399,282
粤B5HS46,113.939964,22.686399,283
粤B5HS46,113.939964,22.686399,284
粤B5HS46,113.939964,22.686399,284
粤B5HS46,113.939964,22.686399,285
粤B5HS46,113.939964,22.686399,286
粤B5HS46,113.939964,22.686399,287
粤B5HS46,113.939964,22.686399,288
粤B5HS46,113.939964,22.686399,289
粤B5HS46,113.939964,22.686399,290
粤B5HS46,113.939964,22.686399,291
粤B5HS46,113.939964,22.686399,292
粤B5HS46,113.939964,22.686399,293
粤B5HS46,113.939964,22.686399,294
粤B5HS46,113.939964,22.686399,295
粤B5HS46,113.939964,22.686399,295
粤B5HS46,113.939964,22.686399,296
粤B5HS46,113.939964,22.686399,297
粤B5HS46,113.939964,22.686399,298
粤B5HS46,113.939964,22.686399,299
粤B5HS46,113.939964,22.686399,300
粤B5HS46,113.939964,22.686399,301
粤B5HS46,113.939964,22.686399,302
粤B5HS46,113.939964,22.686399,303
粤B5HS46,113.939964,22.686399,306
粤B5HS46,113.939964,22.686399,306
粤B5HS46,113.939964,22.686399,307
粤B5HS46,113.939964,22.686399,308
粤B5HS46,113.939964,22.686399,309
粤B5HS46,113.939964,22.686399,310
粤B5HS46,113.939964,22.686399,311
粤B5HS46,113.939964,22.686399,312
粤B5HS46,113.939964,22.686399,313
粤B5HS46,113.939964,22.686399,314
粤B5HS46,113.939964,22.686399,315
粤B5HS46,113.939964,22.686399,316
粤B5HS46,113.939964,22.686399,317
粤B5HS46,113.939964,22.686399,317
粤B5HS46,113.939964,22.686399,318
粤B5HS46,113.939964,22.686399,319
粤B5HS46,113.939964,22.686399,320
粤B5HS46,113.939964,22.686399,321
粤B5HS46,113.939964,22.686399,322
粤B5HS46,113.939964,22.686399,323
粤B5HS46,113.939964,22.686399,324
粤B5HS46,113.939964,22.686399,325
粤B5HS46,113.939964,22.686399,326
粤B5HS46,113.939964,22.686399,327
粤B5HS46,113.939964,22.686399,328
粤B5HS46,113.939964,22.686399,328
粤B5HS46,113.939964,22.686399,329
粤B5HS46,113.939964,22.686399,330
粤B5HS46,113.939964,22.686399,331
粤B5HS46,113.939964,22.686399,332
粤B5HS46,113.939964,22.686399,333
粤B5HS46,113.939964,22.686399,334
粤B5HS46,113.939964,22.686399,335
粤B5HS46,113.939964,22.686399,336
粤B5HS46,113.939964,22.686399,337
粤B5HS46,113.939964,22.686399,338
粤B5HS46,113.939964,22.686399,339
粤B5HS46,113.939964,22.686399,339
粤B5HS46,113.939964,22.686399,340
粤B5HS46,113.939964,22.686399,341
粤B5HS46,113.939964,22.686399,342
粤B5HS46,113.939964,22.686399,343
粤B5HS46,113.939964,22.686399,344
粤B5HS46,113.939964,22.686399,345
粤B5HS46,113.939964,22.686399,346
粤B5HS46,113.939964,22.686399,347
粤B5HS46,113.939964,22.686399,348
粤B5HS46,113.939964,22.686399,349
粤B5HS46,113.939964,22.686399,350
粤B5HS46,113.939964,22.686399,350
粤B5HS46,113.939964,22.686399,351
粤B5HS46,113.939964,22.686399,352
粤B5HS46,113.939964,22.686399,353
粤B5HS46,113.939964,22.686399,354
粤B5HS46,113.939964,22.686399,355
粤B5HS46,113.939964,22.686399,356
粤B5HS46,113.939964,22.686399,357
粤B5HS46,113.939964,22.686399,358
粤B5HS46,113.939964,22.686399,359
粤B5HS46,113.939964,22.686399,360
粤B5HS46,113.939964,22.686399,361
粤B5HS46,113.939964,22.686399,361
粤B5HS46,113.939964,22.686399,362
粤B5HS46,113.939964,22.686399,363
粤B5HS46,113.939964,22.686399,364
粤B5HS46,113.939964,22.686399,365
粤B5HS46,113.939964,22.686399,366
粤B5HS46,113.939964,22.686399,367
粤B5HS46,113.939964,22.686399,368
粤B5HS46,113.939964,22.686399,369
粤B5HS46,113.939964,22.686399,370
粤B5HS46,113.939964,22.686399,371
粤B5HS46,113.939964,22.686399,372
粤B5HS46,113.939964,22.686399,372
粤B5HS46,113.939964,22.686399,373
粤B5HS46,113.939964,22.686399,374
粤B5HS46,113.939964,22.686399,375
粤B5HS46,113.939964,22.686399,376
粤B5HS46,113.939964,22.686399,377
粤B5HS46,113.939964,22.686399,378
粤B5HS46,113.939964,22.686399,379
粤B5HS46,113.943481,22.686199,380
粤B5HS46,113.946831,22.686083,381
粤B5HS46,113.944565,22.68375,382
粤B5HS46,113.943817,22.6761,383
粤B5HS46,113.946915,22.679632,383
粤B5HS46,113.931931,22.669399,384
粤B5HS46,113.921532,22.660418,385
粤B5HS46,113.907333,22.659067,386
粤B5HS46,113.907066,22.659067,386
粤B5HS46,113.892448,22.659149,387
粤B5HS46,113.877884,22.657118,388
粤B5HS46,113.864487,22.652416,389
粤B5HS46,113.860153,22.639732,390
粤B5HS46,113.85865,22.636717,391
粤B5HS46,113.85865,22.636717,392
粤B5HS46,113.855682,22.63245,393
粤B5HS46,113.844185,22.622,394
粤B5HS46,113.84977,22.627083,394
粤B5HS46,113.841835,22.621401,395
粤B5HS46,113.837982,22.620167,396
粤B5HS46,113.83905,22.619316,396
粤B5HS46,113.841217,22.616034,397
粤B5HS46,113.842148,22.614733,398
粤B5HS46,113.842148,22.614733,399
粤B5HS46,113.842148,22.614733,400
粤B5HS46,113.842148,22.614733,401
粤B5HS46,113.843864,22.612383,402
粤B5HS46,113.847984,22.614134,403
粤B5HS46,113.850815,22.614134,404
粤B5HS46,113.85347,22.613684,405
粤B5HS46,113.857933,22.607367,406
粤B5HS46,113.863632,22.600283,407
粤B5HS46,113.86898,22.59145,407
粤B5HS46,113.868584,22.5851,408
粤B5HS46,113.865051,22.5825,409
粤B5HS46,113.863403,22.580683,410
粤B5HS46,113.859863,22.576918,411
粤B5HS46,113.859947,22.576468,412
粤B5HS46,113.862633,22.57435,413
粤B5HS46,113.863197,22.573868,414
粤B5HS46,113.864082,22.573351,415
粤B5HS46,113.864319,22.573282,416
粤B5HS46,113.864319,22.573282,417
粤B5HS46,113.864319,22.573282,418
粤B5HS46,113.864319,22.573282,418
粤B5HS46,113.863953,22.573418,419
粤B5HS46,113.86203,22.5749,420
粤B5HS46,113.861084,22.575733,421
粤B5HS46,113.862335,22.579184,422
粤B5HS46,113.865585,22.578617,423
粤B5HS46,113.868614,22.576332,424
粤B5HS46,113.872818,22.573483,425
粤B5HS46,113.874733,22.5721,426
粤B5HS46,113.876335,22.570732,427
粤B5HS46,113.879669,22.56605,428
粤B5HS46,113.876549,22.563467,429
粤B5HS46,113.875931,22.563801,429
粤B5HS46,113.874336,22.565184,430
粤B5HS46,113.871567,22.56735,431
粤B5HS46,113.87468,22.5709,432
粤B5HS46,113.877502,22.573618,433
粤B5HS46,113.88047,22.572617,434
粤B5HS46,113.881134,22.569866,435
粤B5HS46,113.88073,22.569567,436
粤B5HS46,113.882034,22.570633,437
粤B5HS46,113.883163,22.571768,438
粤B5HS46,113.885231,22.571518,439
粤B5HS46,113.886353,22.570732,440
粤B5HS46,113.888069,22.568933,440
粤B5HS46,113.890381,22.566767,441
粤B5HS46,113.890579,22.566532,442
粤B5HS46,113.890579,22.566532,443
粤B5HS46,113.890579,22.566532,444
粤B5HS46,113.890579,22.566532,445
粤B5HS46,113.890579,22.566532,446
粤B5HS46,113.890579,22.566532,447
粤B5HS46,113.890579,22.566532,448
粤B5HS46,113.88887,22.568083,449
粤B5HS46,113.886436,22.570482,450
粤B5HS46,113.883904,22.572468,451
粤B5HS46,113.881615,22.571518,451
粤B5HS46,113.878899,22.574232,452
粤B5HS46,113.876801,22.573099,453
粤B5HS46,113.876236,22.572599,454
粤B5HS46,113.87355,22.5734,455
粤B5HS46,113.869835,22.575933,456
粤B5HS46,113.869247,22.576349,457
粤B5HS46,113.868965,22.5765,458
粤B5HS46,113.865402,22.579233,459
粤B5HS46,113.864487,22.580099,460
粤B5HS46,113.864868,22.581818,461
粤B5HS46,113.864868,22.581818,461
粤B5HS46,113.865349,22.582333,462
粤B5HS46,113.865601,22.582582,463
粤B5HS46,113.870003,22.585983,463
粤B5HS46,113.874519,22.589367,464
粤B5HS46,113.874763,22.589582,465
粤B5HS46,113.874763,22.589582,466
粤B5HS46,113.875618,22.59025,467
粤B5HS46,113.876297,22.590782,468
粤B5HS46,113.876297,22.590782,469
粤B5HS46,113.878334,22.592051,470
粤B5HS46,113.881134,22.592649,471
粤B5HS46,113.881584,22.592699,471
粤B5HS46,113.885269,22.592934,472
粤B5HS46,113.886719,22.591682,473
粤B5HS46,113.887184,22.590668,474
粤B5HS46,113.887764,22.589333,475
粤B5HS46,113.887764,22.589333,476
粤B5HS46,113.885452,22.587633,477
粤B5HS46,113.884781,22.587067,478
粤B5HS46,113.881119,22.590117,479
粤B5HS46,113.880165,22.589916,480
粤B5HS46,113.878769,22.587049,481
粤B5HS46,113.883102,22.582117,482
粤B5HS46,113.881699,22.583817,482
粤B5HS46,113.883102,22.582117,483
粤B5HS46,113.887733,22.578234,488
粤B5HS46,113.887733,22.578234,489
粤B5HS46,113.889549,22.576349,490
粤B5HS46,113.891884,22.574017,491
粤B5HS46,113.892532,22.573351,492
粤B5HS46,113.894966,22.571033,493
粤B5HS46,113.895897,22.570032,494
粤B5HS46,113.898567,22.567368,495
粤B5HS46,113.90065,22.56535,496
粤B5HS46,113.901764,22.564182,497
粤B5HS46,113.904884,22.562733,498
粤B5HS46,113.906616,22.564182,499
粤B5HS46,113.906036,22.563667,499
粤B5HS46,113.908684,22.562317,500
粤B5HS46,113.908134,22.5618,501
粤B5HS46,113.908546,22.5623,501
粤B5HS46,113.908546,22.5623,502
粤B5HS46,113.908501,22.562851,503
粤B5HS46,113.904518,22.566799,504
粤B5HS46,113.9002,22.571133,505
粤B5HS46,113.900352,22.572866,506
粤B5HS46,113.901787,22.574133,506
粤B5HS46,113.902534,22.574883,507
粤B5HS46,113.900948,22.573532,508
粤B5HS46,113.898064,22.571117,509
粤B5HS46,113.8955,22.570482,510
粤B5HS46,113.893204,22.572634,511
粤B5HS46,113.893204,22.572634,511
粤B5HS46,113.89138,22.571449,512
粤B5HS46,113.887634,22.574066,513
粤B5HS46,113.885284,22.57655,514
粤B5HS46,113.885284,22.57655,514
粤B5HS46,113.884102,22.577682,515
粤B5HS46,113.885071,22.580168,516
粤B5HS46,113.885071,22.580168,517
粤B5HS46,113.885071,22.580168,518
粤B5HS46,113.88092,22.576633,519
粤B5HS46,113.880318,22.576099,520
粤B5HS46,113.87957,22.575451,521
粤B5HS46,113.878685,22.574699,521
粤B5HS46,113.877869,22.573999,522
粤B5HS46,113.877716,22.573851,523
粤B5HS46,113.877716,22.573851,524
粤B5HS46,113.876083,22.572533,525
粤B5HS46,113.87442,22.572651,526
粤B5HS46,113.86908,22.576166,527
粤B5HS46,113.86908,22.576166,528
粤B5HS46,113.86853,22.575817,529
粤B5HS46,113.865799,22.572184,530
粤B5HS46,113.865799,22.572184,531
粤B5HS46,113.865349,22.571533,532
粤B5HS46,113.864487,22.570383,532
粤B5HS46,113.864487,22.570383,533
粤B5HS46,113.864487,22.570383,534
粤B5HS46,113.86425,22.570049,535
粤B5HS46,113.86425,22.570049,536
粤B5HS46,113.862267,22.567568,537
粤B5HS46,113.865517,22.5723,547
粤B5HS46,113.865517,22.5723,547
粤B5HS46,113.865517,22.5723,548
粤B5HS46,113.865517,22.5723,549
粤B5HS46,113.865517,22.5723,550
粤B5HS46,113.865517,22.5723,551
粤B5HS46,113.865517,22.5723,552
粤B5HS46,113.865517,22.5723,553
粤B5HS46,113.865517,22.5723,554
粤B5HS46,113.865517,22.5723,555
粤B5HS46,113.865517,22.5723,556
粤B5HS46,113.865517,22.5723,557
粤B5HS46,113.865517,22.5723,558
粤B5HS46,113.865517,22.5723,558
粤B5HS46,113.865517,22.572132,559
粤B5HS46,113.86557,22.572083,560
粤B5HS46,113.866386,22.572718,561
粤B5HS46,113.872185,22.57395,562
粤B5HS46,113.875237,22.571716,563
粤B5HS46,113.881416,22.566401,564
粤B5HS46,113.88195,22.565866,565
粤B5HS46,113.883385,22.564449,566
粤B5HS46,113.885216,22.562717,567
粤B5HS46,113.885216,22.562717,568
粤B5HS46,113.885216,22.562717,568
粤B5HS46,113.886002,22.562033,569
粤B5HS46,113.886002,22.562033,570
粤B5HS46,113.88678,22.561234,571
粤B5HS46,113.890579,22.5576,572
粤B5HS46,113.893867,22.554367,573
粤B5HS46,113.894531,22.553818,574
粤B5HS46,113.898399,22.55645,575
粤B5HS46,113.901367,22.554132,576
粤B5HS46,113.902901,22.554483,577
粤B5HS46,113.902901,22.554483,577
粤B5HS46,113.89975,22.555401,578
粤B5HS46,113.899246,22.55575,579
粤B5HS46,113.899246,22.55575,580
粤B5HS46,113.899246,22.55575,581
粤B5HS46,113.899246,22.55575,582
粤B5HS46,113.899246,22.55575,582
粤B5HS46,113.899246,22.55575,583
粤B5HS46,113.899246,22.55575,584
粤B5HS46,113.899246,22.55575,585
粤B5HS46,113.899246,22.55575,586
粤B5HS46,113.899246,22.55575,587
粤B5HS46,113.899246,22.55575,588
粤B5HS46,113.899246,22.55575,589
粤B5HS46,113.899246,22.55575,590
粤B5HS46,113.899246,22.55575,591
粤B5HS46,113.899246,22.55575,592
粤B5HS46,113.899246,22.55575,593
粤B5HS46,113.899246,22.55575,593
粤B5HS46,113.899246,22.55575,594
粤B5HS46,113.899246,22.55575,595
粤B5HS46,113.899246,22.55575,596
粤B5HS46,113.899246,22.55575,597
粤B5HS46,113.899246,22.55575,598
粤B5HS46,113.899246,22.55575,599
粤B5HS46,113.899246,22.55575,600
粤B5HS46,113.899246,22.55575,604
粤B5HS46,113.899246,22.55575,604
粤B5HS46,113.899246,22.55575,605
粤B5HS46,113.899246,22.55575,606
粤B5HS46,113.899246,22.55575,607
粤B5HS46,113.898247,22.556618,608
粤B5HS46,113.898247,22.556618,609
粤B5HS46,113.895836,22.558399,610
粤B5HS46,113.8927,22.560818,611
粤B5HS46,113.891899,22.561666,612
粤B5HS46,113.891266,22.565216,613
粤B5HS46,113.898186,22.567867,614
粤B5HS46,113.894531,22.567917,614
粤B5HS46,113.898186,22.567867,615
粤B5HS46,113.89682,22.56925,616
粤B5HS46,113.896431,22.569532,617
粤B5HS46,113.89563,22.569166,618
粤B5HS46,113.894447,22.567966,619
粤B5HS46,113.89122,22.568983,620
粤B5HS46,113.89122,22.568983,621
粤B5HS46,113.887817,22.572317,623
粤B5HS46,113.891083,22.56905,623
粤B5HS46,113.88343,22.576332,624
粤B5HS46,113.878502,22.5809,625
粤B5HS46,113.87365,22.58625,626
粤B5HS46,113.873283,22.586634,627
粤B5HS46,113.868736,22.592501,628
粤B5HS46,113.870537,22.589533,628
粤B5HS46,113.865417,22.59795,629
粤B5HS46,113.863014,22.601717,630
粤B5HS46,113.86203,22.603251,631
粤B5HS46,113.86042,22.603767,632
粤B5HS46,113.859314,22.604183,633
粤B5HS46,113.859314,22.604183,634
粤B5HS46,113.859314,22.604183,635
粤B5HS46,113.857964,22.60425,636
粤B5HS46,113.857964,22.60425,637
粤B5HS46,113.857964,22.60425,638
粤B5HS46,113.857048,22.604,639
粤B5HS46,113.857048,22.604,639
粤B5HS46,113.857048,22.604,640
粤B5HS46,113.857048,22.604,641
粤B5HS46,113.857048,22.604,642
粤B5HS46,113.857048,22.604,643
粤B5HS46,113.857101,22.604082,644
粤B5HS46,113.858032,22.604334,645
粤B5HS46,113.858032,22.604334,646
粤B5HS46,113.858032,22.604334,647
粤B5HS46,113.858032,22.604334,648
粤B5HS46,113.858032,22.604334,648
粤B5HS46,113.858032,22.604334,649
粤B5HS46,113.858032,22.604334,650
粤B5HS46,113.858032,22.604334,651
粤B5HS46,113.858032,22.604334,652
粤B5HS46,113.858032,22.604334,653
粤B5HS46,113.858032,22.604334,654
粤B5HS46,113.858032,22.604334,655
粤B5HS46,113.858032,22.604334,656
粤B5HS46,113.858032,22.604334,657
粤B5HS46,113.858032,22.604334,658
粤B5HS46,113.858032,22.604334,659
粤B5HS46,113.858032,22.604334,659
粤B5HS46,113.858032,22.604334,660
粤B5HS46,113.858032,22.604334,661
粤B5HS46,113.858032,22.604334,662
粤B5HS46,113.858032,22.604334,663
粤B5HS46,113.858032,22.604334,664
粤B5HS46,113.858032,22.604334,665
粤B5HS46,113.858032,22.604334,666
粤B5HS46,113.858032,22.604334,667
粤B5HS46,113.858032,22.604334,668
粤B5HS46,113.858032,22.604334,669
粤B5HS46,113.858032,22.604334,670
粤B5HS46,113.858032,22.604334,670
粤B5HS46,113.86013,22.603832,671
粤B5HS46,113.862381,22.601883,672
粤B5HS46,113.865135,22.59775,673
粤B5HS46,113.868629,22.592167,674
粤B5HS46,113.873665,22.585733,675
粤B5HS46,113.876251,22.582767,676
粤B5HS46,113.878899,22.58005,677
粤B5HS46,113.879021,22.579884,678
粤B5HS46,113.879021,22.579884,679
粤B5HS46,113.879021,22.579884,680
粤B5HS46,113.879997,22.578983,681
粤B5HS46,113.879021,22.579884,681
粤B5HS46,113.88002,22.578951,682
粤B5HS46,113.88002,22.578951,683
粤B5HS46,113.879364,22.575333,684
粤B5HS46,113.882248,22.577682,685
粤B5HS46,113.884102,22.5793,686
粤B5HS46,113.884552,22.5797,687
粤B5HS46,113.885498,22.580482,688
粤B5HS46,113.890099,22.581034,689
粤B5HS46,113.888481,22.582617,689
粤B5HS46,113.894249,22.576866,690
粤B5HS46,113.894997,22.574699,691
粤B5HS46,113.893204,22.573116,692
粤B5HS46,113.891617,22.571667,693
粤B5HS46,113.893379,22.568466,694
粤B5HS46,113.894897,22.566999,695
粤B5HS46,113.895164,22.566732,696
粤B5HS46,113.895164,22.566732,697
粤B5HS46,113.895164,22.566732,697
粤B5HS46,113.896004,22.565916,698
粤B5HS46,113.898033,22.563784,699
粤B5HS46,113.896233,22.565617,700
粤B5HS46,113.894783,22.567051,701
粤B5HS46,113.891647,22.568451,702
粤B5HS46,113.889183,22.570999,703
粤B5HS46,113.885635,22.574284,704
粤B5HS46,113.882835,22.578234,705
粤B5HS46,113.88488,22.57995,706
粤B5HS46,113.88488,22.57995,707
粤B5HS46,113.885231,22.580517,707
粤B5HS46,113.879829,22.575783,708
粤B5HS46,113.877403,22.573633,709
粤B5HS46,113.876167,22.572634,710
粤B5HS46,113.876167,22.572634,711
粤B5HS46,113.875618,22.572149,712
粤B5HS46,113.871185,22.568533,713
粤B5HS46,113.869102,22.569317,714
粤B5HS46,113.869102,22.569317,714
粤B5HS46,113.868385,22.569851,715
粤B5HS46,113.865982,22.571899,716
粤B5HS46,113.868767,22.575951,717
粤B5HS46,113.868767,22.575951,718
粤B5HS46,113.866547,22.578167,719
粤B5HS46,113.865036,22.58205,720
粤B5HS46,113.865952,22.583017,720
粤B5HS46,113.871483,22.587133,721
粤B5HS46,113.878098,22.591932,722
粤B5HS46,113.879021,22.589001,723
粤B5HS46,113.87928,22.586468,724
粤B5HS46,113.87928,22.586468,725
粤B5HS46,113.876366,22.586817,726
粤B5HS46,113.876785,22.584984,726
粤B5HS46,113.876801,22.584967,727
粤B5HS46,113.876801,22.584967,728
粤B5HS46,113.876801,22.584967,729
粤B5HS46,113.876801,22.584967,730
粤B5HS46,113.876801,22.584967,731
粤B5HS46,113.876801,22.584967,732
粤B5HS46,113.876801,22.584967,733
粤B5HS46,113.87603,22.583834,734
粤B5HS46,113.873901,22.586018,735
粤B5HS46,113.873383,22.586517,736
粤B5HS46,113.866783,22.596067,737
粤B5HS46,113.869301,22.591433,737
粤B5HS46,113.863083,22.601749,738
粤B5HS46,113.859886,22.606068,739
粤B5HS46,113.855797,22.610867,740
粤B5HS46,113.855499,22.611433,740
粤B5HS46,113.85392,22.614567,741
粤B5HS46,113.848732,22.62215,742
粤B5HS46,113.845184,22.627083,743
粤B5HS46,113.843513,22.630266,744
粤B5HS46,113.8414,22.632999,745
粤B5HS46,113.83757,22.637251,746
粤B5HS46,113.832802,22.64185,747
粤B5HS46,113.830315,22.645,748
粤B5HS46,113.822304,22.656967,749
粤B5HS46,113.825264,22.651117,749
粤B5HS46,113.823769,22.665567,750
粤B5HS46,113.823936,22.672533,751
粤B5HS46,113.823952,22.673866,752
粤B5HS46,113.823952,22.673866,753
粤B5HS46,113.823952,22.673866,754
粤B5HS46,113.823952,22.673866,755
粤B5HS46,113.823952,22.673866,756
粤B5HS46,113.823952,22.673866,757
粤B5HS46,113.823952,22.673866,758
粤B5HS46,113.823952,22.673866,759
粤B5HS46,113.823952,22.67395,760
粤B5HS46,113.823952,22.67395,760
粤B5HS46,113.823952,22.67395,761
粤B5HS46,113.823952,22.67395,762
粤B5HS46,113.823952,22.67395,763
粤B5HS46,113.823952,22.67395,764
粤B5HS46,113.823952,22.67395,765
粤B5HS46,113.823952,22.67395,766
粤B5HS46,113.823952,22.67395,767
粤B5HS46,113.823952,22.67395,768
粤B5HS46,113.823952,22.67395,769
粤B5HS46,113.823952,22.67395,770
粤B5HS46,113.823952,22.67395,771
粤B5HS46,113.823952,22.67395,771
粤B5HS46,113.823952,22.67395,772
粤B5HS46,113.823952,22.67395,773
粤B5HS46,113.823952,22.67395,774
粤B5HS46,113.823952,22.67395,775
粤B5HS46,113.823952,22.67395,776
粤B5HS46,113.823952,22.67395,777
粤B5HS46,113.823952,22.67395,778
粤B5HS46,113.823952,22.67395,779
粤B5HS46,113.823952,22.67395,780
粤B5HS46,113.823952,22.67395,781
粤B5HS46,113.823952,22.67395,782
粤B5HS46,113.823952,22.67395,782
粤B5HS46,113.823952,22.67395,783
粤B5HS46,113.823952,22.67395,784
粤B5HS46,113.823952,22.67395,785
粤B5HS46,113.823952,22.67395,786
粤B5HS46,113.823952,22.67395,787
粤B5HS46,113.823952,22.67395,788
粤B5HS46,113.823952,22.67395,789
粤B5HS46,113.823952,22.67395,790
粤B5HS46,113.823883,22.6761,791
粤B5HS46,113.823364,22.6737,792
粤B5HS46,113.823433,22.669018,793
粤B5HS46,113.823364,22.673599,793
粤B5HS46,113.82338,22.668182,794
粤B5HS46,113.82338,22.668182,795
粤B5HS46,113.82338,22.668182,796
粤B5HS46,113.82338,22.668182,797
粤B5HS46,113.82338,22.668182,798
粤B5HS46,113.82338,22.668182,799
粤B5HS46,113.823402,22.667299,800
粤B5HS46,113.822014,22.6588,801
粤B5HS46,113.822685,22.653482,802
粤B5HS46,113.828667,22.646851,803
粤B5HS46,113.832664,22.641283,804
粤B5HS46,113.836433,22.637583,804
粤B5HS46,113.841583,22.631933,805
粤B5HS46,113.8442,22.628067,806
粤B5HS46,113.845718,22.625084,807
粤B5HS46,113.843002,22.6217,808
粤B5HS46,113.831215,22.617916,809
粤B5HS46,113.819565,22.612383,810
粤B5HS46,113.820267,22.612717,810
粤B5HS46,113.815552,22.615517,811
粤B5HS46,113.812019,22.622334,812
粤B5HS46,113.813103,22.623699,813
粤B5HS46,113.813103,22.623699,814
粤B5HS46,113.813103,22.623699,815
粤B5HS46,113.813103,22.623699,816
粤B5HS46,113.813103,22.623699,816
粤B5HS46,113.813103,22.623699,817
粤B5HS46,113.813103,22.623699,818
粤B5HS46,113.813103,22.623699,819
粤B5HS46,113.813103,22.623699,820
粤B5HS46,113.813103,22.623699,821
粤B5HS46,113.813103,22.623699,822
粤B5HS46,113.813103,22.623699,823
粤B5HS46,113.813103,22.623699,824
粤B5HS46,113.813103,22.623699,825
粤B5HS46,113.813103,22.623699,826
粤B5HS46,113.813103,22.623699,827
粤B5HS46,113.813103,22.623699,827
粤B5HS46,113.813103,22.623699,828
粤B5HS46,113.813103,22.623699,829
粤B5HS46,113.813103,22.623699,830
粤B5HS46,113.813103,22.623699,831
粤B5HS46,113.813103,22.623699,832
粤B5HS46,113.813103,22.623699,833
粤B5HS46,113.813103,22.623699,834
粤B5HS46,113.813103,22.623699,835
粤B5HS46,113.813103,22.623699,836
粤B5HS46,113.813103,22.623699,837
粤B5HS46,113.81337,22.624384,844
粤B5HS46,113.81337,22.624384,845
粤B5HS46,113.81337,22.624384,846
粤B5HS46,113.81337,22.624384,847
粤B5HS46,113.81337,22.624384,848
粤B5HS46,113.81337,22.624384,849
粤B5HS46,113.81337,22.624384,849
粤B5HS46,113.81337,22.624384,850
粤B5HS46,113.81337,22.624384,851
粤B5HS46,113.81337,22.624384,852
粤B5HS46,113.81337,22.624384,853
粤B5HS46,113.81337,22.624384,854
粤B5HS46,113.81337,22.624384,855
粤B5HS46,113.81337,22.624384,856
粤B5HS46,113.81337,22.624384,857
粤B5HS46,113.81337,22.624384,858
粤B5HS46,113.81337,22.624384,859
粤B5HS46,113.81337,22.624384,860
粤B5HS46,113.81337,22.624384,860
粤B5HS46,113.81337,22.624384,861
粤B5HS46,113.81337,22.624384,862
粤B5HS46,113.81337,22.624384,863
粤B5HS46,113.81337,22.624384,864
粤B5HS46,113.81337,22.624384,865
粤B5HS46,113.81295,22.6259,866
粤B5HS46,113.812614,22.626499,867
粤B5HS46,113.812614,22.626499,868
粤B5HS46,113.812614,22.626499,869
粤B5HS46,113.812614,22.626499,870
粤B5HS46,113.812614,22.626499,871
粤B5HS46,113.812614,22.626499,871
粤B5HS46,113.812614,22.626499,872
粤B5HS46,113.812614,22.626499,873
粤B5HS46,113.812614,22.626499,874
粤B5HS46,113.812614,22.626499,875
粤B5HS46,113.8106,22.627666,876
粤B5HS46,113.8106,22.627666,877
粤B5HS46,113.8106,22.627666,878
粤B5HS46,113.8106,22.627666,879
粤B5HS46,113.8106,22.627666,880
粤B5HS46,113.810165,22.627567,881
粤B5HS46,113.809753,22.627234,882
粤B5HS46,113.810165,22.627567,882
粤B5HS46,113.809753,22.627234,883
粤B5HS46,113.809753,22.627234,884
粤B5HS46,113.809753,22.627234,885
粤B5HS46,113.809753,22.627234,886
粤B5HS46,113.809753,22.627234,887
粤B5HS46,113.809753,22.627234,888
粤B5HS46,113.81015,22.626383,889
粤B5HS46,113.81015,22.626383,889
粤B5HS46,113.806953,22.623034,890
粤B5HS46,113.812263,22.613716,891
粤B5HS46,113.820114,22.612417,892
粤B5HS46,113.831284,22.617783,893
粤B5HS46,113.842697,22.621517,894
粤B5HS46,113.850464,22.6248,894
粤B5HS46,113.852448,22.625032,895
粤B5HS46,113.853836,22.626083,896
粤B5HS46,113.85408,22.628017,897
粤B5HS46,113.853981,22.630217,898
粤B5HS46,113.855766,22.632351,899
粤B5HS46,113.882286,22.72665,911
粤B5HS46,113.882698,22.738466,912
粤B5HS46,113.880219,22.741301,913
粤B5HS46,113.880882,22.740383,914
粤B5HS46,113.887383,22.738583,915
粤B5HS46,113.897697,22.73975,916
粤B5HS46,113.909485,22.74015,916
粤B5HS46,113.910583,22.74025,917
粤B5HS46,113.917999,22.740967,918
粤B5HS46,113.91983,22.743334,919
粤B5HS46,113.92025,22.742382,920
粤B5HS46,113.912498,22.740517,921
粤B5HS46,113.911514,22.740433,922
粤B5HS46,113.911102,22.740351,923
粤B5HS46,113.917969,22.740566,924
粤B5HS46,113.918236,22.739233,925
粤B5HS46,113.918236,22.739233,925
粤B5HS46,113.918236,22.739233,926
粤B5HS46,113.918236,22.739233,927
粤B5HS46,113.918236,22.739233,928
粤B5HS46,113.918236,22.739233,929
粤B5HS46,113.919235,22.741266,930
粤B5HS46,113.918854,22.741367,930
粤B5HS46,113.911186,22.740517,931
粤B5HS46,113.911186,22.740517,932
粤B5HS46,113.90403,22.739933,933
粤B5HS46,113.902634,22.740133,934
粤B5HS46,113.902634,22.740133,935
粤B5HS46,113.902336,22.738132,936
粤B5HS46,113.90242,22.734432,937
粤B5HS46,113.90242,22.730368,938
粤B5HS46,113.902397,22.730267,939
粤B5HS46,113.902397,22.730267,940
粤B5HS46,113.902397,22.730267,940
粤B5HS46,113.902397,22.730267,941
粤B5HS46,113.902565,22.727583,942
粤B5HS46,113.902229,22.720867,943
粤B5HS46,113.90197,22.7188,944
粤B5HS46,113.90007,22.718933,945
粤B5HS46,113.895065,22.720182,946
粤B5HS46,113.891747,22.719967,947
粤B5HS46,113.88945,22.718634,948
粤B5HS46,113.888298,22.717899,949
粤B5HS46,113.886299,22.716017,950
粤B5HS46,113.885666,22.703833,951
粤B5HS46,113.884186,22.710751,951
粤B5HS46,113.888084,22.696033,952
粤B5HS46,113.886086,22.686951,953
粤B5HS46,113.887817,22.679501,954
粤B5HS46,113.888046,22.678534,954
粤B5HS46,113.888046,22.674833,955
粤B5HS46,113.888046,22.674833,956
粤B5HS46,113.888046,22.674833,957
粤B5HS46,113.888046,22.674833,958
粤B5HS46,113.886665,22.673433,959
粤B5HS46,113.88588,22.673018,960
粤B5HS46,113.88588,22.673018,961
粤B5HS46,113.88588,22.673018,962
粤B5HS46,113.885048,22.672617,963
粤B5HS46,113.876152,22.670668,964
粤B5HS46,113.88205,22.671583,964
粤B5HS46,113.873337,22.670233,965
粤B5HS46,113.864983,22.668034,966
粤B5HS46,113.86245,22.664284,967
粤B5HS46,113.86055,22.661417,968
粤B5HS46,113.85997,22.660534,969
粤B5HS46,113.858932,22.658751,970
粤B5HS46,113.858551,22.657433,971
粤B5HS46,113.858536,22.656067,972
粤B5HS46,113.859734,22.651033,973
粤B5HS46,113.859886,22.644917,974
粤B5HS46,113.859764,22.6432,975
粤B5HS46,113.859619,22.641899,975
粤B5HS46,113.859619,22.641899,976
粤B5HS46,113.859634,22.641184,977
粤B5HS46,113.860153,22.636667,978
粤B5HS46,113.859749,22.633368,979
粤B5HS46,113.858253,22.631567,980
粤B5HS46,113.856583,22.6299,981
粤B5HS46,113.856087,22.628218,982
粤B5HS46,113.856171,22.628366,982
粤B5HS46,113.855698,22.627466,983
粤B5HS46,113.857201,22.625784,984
粤B5HS46,113.855881,22.621866,985
粤B5HS46,113.855003,22.621033,986
粤B5HS46,113.856064,22.617367,987
粤B5HS46,113.856285,22.616768,988
粤B5HS46,113.856087,22.617033,988
粤B5HS46,113.855881,22.618483,989
粤B5HS46,113.85527,22.620216,990
粤B5HS46,113.851067,22.619717,991
粤B5HS46,113.847954,22.622999,992
粤B5HS46,113.845154,22.627216,993
粤B5HS46,113.843132,22.630882,993
粤B5HS46,113.842796,22.631317,994
粤B5HS46,113.842796,22.631317,995
粤B5HS46,113.842796,22.631317,996
粤B5HS46,113.842796,22.631317,997
粤B5HS46,113.842796,22.631317,998
粤B5HS46,113.842796,22.631317,999
粤B5HS46,113.842796,22.631317,1000
粤B5HS46,113.842796,22.631317,1001
粤B5HS46,113.842796,22.631317,1002
粤B5HS46,113.842796,22.631317,1003
粤B5HS46,113.842796,22.631317,1004
粤B5HS46,113.842796,22.631317,1004
粤B5HS46,113.841614,22.632683,1005
粤B5HS46,113.838234,22.6355,1006
粤B5HS46,113.841217,22.632383,1007
粤B5HS46,113.843765,22.628883,1008
粤B5HS46,113.845779,22.625282,1009
粤B5HS46,113.851463,22.618366,1010
粤B5HS46,113.855469,22.610767,1011
粤B5HS46,113.862503,22.601534,1012
粤B5HS46,113.861397,22.603617,1012
粤B5HS46,113.862366,22.601282,1013
粤B5HS46,113.862366,22.601282,1014
粤B5HS46,113.862953,22.601049,1015
粤B5HS46,113.866066,22.596466,1016
粤B5HS46,113.8694,22.590733,1017
粤B5HS46,113.868767,22.585266,1018
粤B5HS46,113.865646,22.582817,1019
粤B5HS46,113.866501,22.58205,1019
粤B5HS46,113.869232,22.577467,1030
粤B5HS46,113.869232,22.577467,1030
粤B5HS46,113.869232,22.577467,1031
粤B5HS46,113.869232,22.577467,1032
粤B5HS46,113.869232,22.577467,1033
粤B5HS46,113.869232,22.577467,1034
粤B5HS46,113.869232,22.577467,1035
粤B5HS46,113.869232,22.577467,1036
粤B5HS46,113.869232,22.577467,1037
粤B5HS46,113.869232,22.577467,1038
粤B5HS46,113.869232,22.577467,1039
粤B5HS46,113.869232,22.577467,1040
粤B5HS46,113.869232,22.577467,1041
粤B5HS46,113.869232,22.577467,1041
粤B5HS46,113.869232,22.577467,1042
粤B5HS46,113.869232,22.577467,1043
粤B5HS46,113.869232,22.577467,1044
粤B5HS46,113.869232,22.577467,1045
粤B5HS46,113.869232,22.577467,1046
粤B5HS46,113.869232,22.577467,1047
粤B5HS46,113.869232,22.577467,1048
粤B5HS46,113.869232,22.577467,1049
粤B5HS46,113.869232,22.577467,1050
粤B5HS46,113.869232,22.577467,1051
粤B5HS46,113.869232,22.577467,1052
粤B5HS46,113.869232,22.577467,1052
粤B5HS46,113.869232,22.577467,1053
粤B5HS46,113.869232,22.577467,1054
粤B5HS46,113.869232,22.577467,1055
粤B5HS46,113.869232,22.577467,1056
粤B5HS46,113.869232,22.577467,1057
粤B5HS46,113.869003,22.576668,1058
粤B5HS46,113.869003,22.576668,1059
粤B5HS46,113.867203,22.573982,1060
粤B5HS46,113.863419,22.573833,1061
粤B5HS46,113.86132,22.575583,1062
粤B5HS46,113.86132,22.575583,1063
粤B5HS46,113.86132,22.575583,1063
粤B5HS46,113.86132,22.575583,1064
粤B5HS46,113.86132,22.575583,1065
粤B5HS46,113.86132,22.575583,1066
粤B5HS46,113.86132,22.575583,1067
粤B5HS46,113.86132,22.575583,1068
粤B5HS46,113.86132,22.575583,1069
粤B5HS46,113.86132,22.575583,1070
粤B5HS46,113.860031,22.576532,1071
粤B5HS46,113.860031,22.576532,1072
粤B5HS46,113.860031,22.576532,1073
粤B5HS46,113.854752,22.581083,1074
粤B5HS46,113.856979,22.579082,1074
粤B5HS46,113.85453,22.581301,1075
粤B5HS46,113.849098,22.580099,1076
粤B5HS46,113.84182,22.585432,1077
粤B5HS46,113.833733,22.590967,1078
粤B5HS46,113.830551,22.5951,1079
粤B5HS46,113.829147,22.602283,1080
粤B5HS46,113.827133,22.607883,1081
粤B5HS46,113.833199,22.61035,1082
粤B5HS46,113.837502,22.612101,1083
粤B5HS46,113.837502,22.612101,1084
粤B5HS46,113.837433,22.614183,1085
粤B5HS46,113.837502,22.612101,1085
粤B5HS46,113.835831,22.617582,1086
粤B5HS46,113.837166,22.61985,1087
粤B5HS46,113.845154,22.62195,1088
粤B5HS46,113.846748,22.6224,1089
粤B5HS46,113.848213,22.622017,1090
粤B5HS46,113.848213,22.622017,1091
粤B5HS46,113.848831,22.621283,1092
粤B5HS46,113.849419,22.620649,1093
粤B5HS46,113.85038,22.619467,1094
粤B5HS46,113.855331,22.619583,1095
粤B5HS46,113.852531,22.61865,1095
粤B5HS46,113.856033,22.617468,1096
粤B5HS46,113.856934,22.614967,1097
粤B5HS46,113.857384,22.614332,1098
粤B5HS46,113.857101,22.615133,1099
粤B5HS46,113.8573,22.614599,1099
粤B5HS46,113.856529,22.6168,1100
粤B5HS46,113.856529,22.6168,1100
粤B5HS46,113.857018,22.614651,1101
粤B5HS46,113.86013,22.611,1102
粤B5HS46,113.864967,22.606167,1103
粤B5HS46,113.865685,22.60545,1104
粤B5HS46,113.870399,22.6007,1105
粤B5HS46,113.873199,22.5979,1105
粤B5HS46,113.873199,22.5979,1106
粤B5HS46,113.873199,22.5979,1107
粤B5HS46,113.87603,22.595066,1108
粤B5HS46,113.877068,22.593967,1109
粤B5HS46,113.8778,22.593283,1110
粤B5HS46,113.875534,22.590401,1111
粤B5HS46,113.874367,22.589483,1111
粤B5HS46,113.871368,22.588066,1112
粤B5HS46,113.874496,22.584833,1113
粤B5HS46,113.879753,22.579367,1114
粤B5HS46,113.885918,22.573732,1115
粤B5HS46,113.89183,22.567932,1116
粤B5HS46,113.896751,22.562767,1117
粤B5HS46,113.897751,22.561068,1118
粤B5HS46,113.897751,22.561068,1118
粤B5HS46,113.897751,22.561068,1119
粤B5HS46,113.897751,22.561068,1120
粤B5HS46,113.897751,22.561068,1121
粤B5HS46,113.895935,22.559183,1122
粤B5HS46,113.893021,22.560534,1123
粤B5HS46,113.891296,22.562117,1123
粤B5HS46,113.889801,22.563583,1124
粤B5HS46,113.893967,22.56695,1125
粤B5HS46,113.895699,22.56885,1126
粤B5HS46,113.897034,22.568916,1127
粤B5HS46,113.89743,22.570351,1128
粤B5HS46,113.901932,22.569166,1129
粤B5HS46,113.900932,22.570232,1129
粤B5HS46,113.901665,22.568716,1130
粤B5HS46,113.901985,22.568899,1131
粤B5HS46,113.900352,22.572884,1132
粤B5HS46,113.904266,22.576267,1133
粤B5HS46,113.905113,22.578432,1134
粤B5HS46,113.902664,22.580732,1135
粤B5HS46,113.903152,22.580351,1135
粤B5HS46,113.902664,22.580732,1135
粤B5HS46,113.900833,22.582582,1136
粤B5HS46,113.899734,22.583733,1137
粤B5HS46,113.881065,22.593018,1144
粤B5HS46,113.88047,22.592916,1145
粤B5HS46,113.87915,22.592684,1146
粤B5HS46,113.87915,22.592684,1147
粤B5HS46,113.87915,22.592684,1148
粤B5HS46,113.873848,22.589149,1149
粤B5HS46,113.86853,22.592817,1150
粤B5HS46,113.86422,22.599632,1150
粤B5HS46,113.855316,22.611433,1152
粤B5HS46,113.849831,22.62055,1153
粤B5HS46,113.854416,22.61335,1153
粤B5HS46,113.844398,22.628384,1154
粤B5HS46,113.839783,22.634768,1155
粤B5HS46,113.836601,22.638332,1156
粤B5HS46,113.836601,22.638332,1157
粤B5HS46,113.833382,22.641083,1158
粤B5HS46,113.833549,22.640917,1158
粤B5HS46,113.830132,22.645201,1159
粤B5HS46,113.826401,22.650717,1160
粤B5HS46,113.826035,22.649967,1161
粤B5HS46,113.830185,22.64465,1162
粤B5HS46,113.836418,22.637768,1163
粤B5HS46,113.84182,22.631767,1164
粤B5HS46,113.845863,22.624817,1165
粤B5HS46,113.844215,22.628283,1165
粤B5HS46,113.842216,22.62145,1166
粤B5HS46,113.830719,22.617634,1167
粤B5HS46,113.821098,22.613132,1168
粤B5HS46,113.814865,22.616833,1169
粤B5HS46,113.812798,22.623133,1170
粤B5HS46,113.813301,22.624184,1171
粤B5HS46,113.813301,22.624184,1172
粤B5HS46,113.813301,22.624184,1173
粤B5HS46,113.813301,22.624184,1174
粤B5HS46,113.813301,22.624184,1175
粤B5HS46,113.813301,22.624184,1176
粤B5HS46,113.813301,22.624184,1176
粤B5HS46,113.813301,22.624184,1177
粤B5HS46,113.813301,22.624184,1178
粤B5HS46,113.813301,22.624184,1179
粤B5HS46,113.813301,22.624184,1180
粤B5HS46,113.813301,22.624184,1181
粤B5HS46,113.813301,22.624184,1182
粤B5HS46,113.813301,22.624184,1183
粤B5HS46,113.813301,22.624184,1184
粤B5HS46,113.813301,22.624184,1185
粤B5HS46,113.813301,22.624184,1186
粤B5HS46,113.813301,22.624184,1187
粤B5HS46,113.813301,22.624184,1187
粤B5HS46,113.813301,22.624184,1188
粤B5HS46,113.813301,22.624184,1189
粤B5HS46,113.813301,22.624184,1190
粤B5HS46,113.813301,22.624184,1191
粤B5HS46,113.813301,22.624184,1192
粤B5HS46,113.813301,22.624184,1193
粤B5HS46,113.813301,22.624184,1194
粤B5HS46,113.813301,22.624184,1195
粤B5HS46,113.813301,22.624184,1196
粤B5HS46,113.813301,22.624184,1197
粤B5HS46,113.813301,22.624184,1198
粤B5HS46,113.813301,22.624184,1198
粤B5HS46,113.813301,22.624184,1199
粤B5HS46,113.813301,22.624184,1200
粤B5HS46,113.813301,22.624184,1201
粤B5HS46,113.813301,22.624184,1204
粤B5HS46,113.813301,22.624184,1205
粤B5HS46,113.813301,22.624184,1206
粤B5HS46,113.813301,22.624184,1207
粤B5HS46,113.813301,22.624184,1208
粤B5HS46,113.813301,22.624184,1209
粤B5HS46,113.813301,22.624184,1209
粤B5HS46,113.813301,22.624184,1210
粤B5HS46,113.813301,22.624184,1211
粤B5HS46,113.813301,22.624184,1212
粤B5HS46,113.813301,22.624184,1213
粤B5HS46,113.813301,22.624184,1214
粤B5HS46,113.813301,22.624184,1215
粤B5HS46,113.813301,22.624184,1216
粤B5HS46,113.813301,22.624184,1217
粤B5HS46,113.813301,22.624184,1218
粤B5HS46,113.813301,22.624184,1219
粤B5HS46,113.813301,22.624184,1220
粤B5HS46,113.813301,22.624184,1220
粤B5HS46,113.813301,22.624184,1221
粤B5HS46,113.813301,22.624184,1222
粤B5HS46,113.813301,22.624184,1223
粤B5HS46,113.813301,22.624184,1224
粤B5HS46,113.813301,22.624184,1225
粤B5HS46,113.813301,22.624184,1226
粤B5HS46,113.813301,22.624184,1227
粤B5HS46,113.813301,22.624184,1228
粤B5HS46,113.813301,22.624184,1229
粤B5HS46,113.813301,22.624184,1230
粤B5HS46,113.813301,22.624184,1231
粤B5HS46,113.813301,22.624184,1231
粤B5HS46,113.813301,22.624184,1232
粤B5HS46,113.813301,22.624184,1233
粤B5HS46,113.813301,22.624184,1234
粤B5HS46,113.813301,22.624184,1235
粤B5HS46,113.813232,22.625366,1236
粤B5HS46,113.813034,22.62575,1237
粤B5HS46,113.813034,22.62575,1238
粤B5HS46,113.813034,22.62575,1239
粤B5HS46,113.813034,22.62575,1240
粤B5HS46,113.813034,22.62575,1241
粤B5HS46,113.813034,22.62575,1242
粤B5HS46,113.813034,22.62575,1242
粤B5HS46,113.813034,22.62575,1243
粤B5HS46,113.813034,22.62575,1244
粤B5HS46,113.813034,22.62575,1245
粤B5HS46,113.813034,22.62575,1246
粤B5HS46,113.813034,22.62575,1247
粤B5HS46,113.812149,22.627382,1248
粤B5HS46,113.812149,22.627382,1249
粤B5HS46,113.812149,22.627382,1250
粤B5HS46,113.812149,22.627382,1251
粤B5HS46,113.812149,22.627382,1252
粤B5HS46,113.812149,22.627382,1253
粤B5HS46,113.812149,22.627382,1253
粤B5HS46,113.812149,22.627382,1254
粤B5HS46,113.810783,22.627783,1255
粤B5HS46,113.810501,22.627666,1256
粤B5HS46,113.809982,22.627451,1257
粤B5HS46,113.809982,22.627451,1258
粤B5HS46,113.809982,22.627451,1259
粤B5HS46,113.809982,22.627451,1260
粤B5HS46,113.809982,22.627451,1261
粤B5HS46,113.809883,22.626833,1262
粤B5HS46,113.807701,22.624468,1263
粤B5HS46,113.809547,22.61865,1264
粤B5HS46,113.814102,22.6108,1265
粤B5HS46,113.819298,22.611616,1266
粤B5HS46,113.827614,22.616051,1267
粤B5HS46,113.837631,22.620167,1268
粤B5HS46,113.84613,22.622368,1269
粤B5HS46,113.852051,22.624983,1270
粤B5HS46,113.855614,22.63225,1271
粤B5HS46,113.858734,22.635933,1272
粤B5HS46,113.859154,22.6366,1272
粤B5HS46,113.86158,22.645166,1273
粤B5HS46,113.869385,22.655582,1274
粤B5HS46,113.883751,22.657984,1275
粤B5HS46,113.896919,22.659218,1276
粤B5HS46,113.909752,22.658983,1277
粤B5HS46,113.922485,22.660833,1278
粤B5HS46,113.930382,22.668217,1279
粤B5HS46,113.950432,22.680733,1280
粤B5HS46,113.940948,22.673683,1280
粤B5HS46,113.961418,22.684717,1281
粤B5HS46,113.97345,22.687067,1282
粤B5HS46,113.98275,22.6891,1283
粤B5HS46,113.98597,22.690268,1284
粤B5HS46,113.988731,22.690849,1285
粤B5HS46,114.000084,22.689333,1286
粤B5HS46,114.012779,22.686533,1287
粤B5HS46,114.025253,22.684401,1288
粤B5HS46,114.03717,22.683916,1289
粤B5HS46,114.045937,22.683451,1290
粤B5HS46,114.065086,22.676701,1291
粤B5HS46,114.056236,22.681883,1291
粤B5HS46,114.075584,22.67375,1292
粤B5HS46,114.085983,22.667883,1293
粤B5HS46,114.097748,22.665016,1294
粤B5HS46,114.111549,22.664917,1295
粤B5HS46,114.125298,22.664034,1296
粤B5HS46,114.135834,22.660868,1297
粤B5HS46,114.147636,22.661568,1298
粤B5HS46,114.160187,22.658533,1299
粤B5HS46,114.173447,22.656384,1300
粤B5HS46,114.184235,22.663401,1301
粤B5HS46,114.19297,22.673134,1302
粤B5HS46,114.20237,22.677483,1302
粤B5HS46,114.205582,22.681,1303
粤B5HS46,114.205582,22.681,1304
粤B5HS46,114.20768,22.68815,1305
粤B5HS46,114.2127,22.6933,1306
粤B5HS46,114.213715,22.694366,1307
粤B5HS46,114.21492,22.695601,1308
粤B5HS46,114.217567,22.696533,1309
粤B5HS46,114.219147,22.695267,1310
粤B5HS46,114.223282,22.691851,1311
粤B5HS46,114.22303,22.688383,1312
粤B5HS46,114.222984,22.688032,1313
粤B5HS46,114.222984,22.688032,1313
粤B5HS46,114.222435,22.687767,1314
粤B5HS46,114.222435,22.687767,1315
粤B5HS46,114.222435,22.687767,1316
粤B5HS46,114.222,22.684799,1317
粤B5HS46,114.222519,22.687599,1317
粤B5HS46,114.219971,22.682751,1318
粤B5HS46,114.214218,22.681049,1319
粤B5HS46,114.20507,22.678017,1320
粤B5HS46,114.20282,22.677851,1320
粤B5HS46,114.19175,22.67205,1321
粤B5HS46,114.183151,22.662518,1322
粤B5HS46,114.172935,22.656401,1323
粤B5HS46,114.160484,22.658501,1324
粤B5HS46,114.148582,22.66165,1325
粤B5HS46,114.1353,22.660982,1326
粤B5HS46,114.122849,22.664717,1327
粤B5HS46,114.109016,22.664883,1328
粤B5HS46,114.095703,22.665501,1329
粤B5HS46,114.082764,22.669832,1330
粤B5HS46,114.070786,22.674633,1330
粤B5HS46,114.059082,22.680799,1331
粤B5HS46,114.047134,22.683434,1332
粤B5HS46,114.034515,22.683968,1333
粤B5HS46,114.021683,22.685333,1334
粤B5HS46,114.009087,22.686649,1335
粤B5HS46,113.997536,22.690317,1336
粤B5HS46,113.98687,22.690617,1337
粤B5HS46,113.977386,22.687416,1338
粤B5HS46,113.964813,22.685734,1339
粤B5HS46,113.951698,22.681482,1340
粤B5HS46,113.940063,22.673218,1341
粤B5HS46,113.929337,22.66745,1341
粤B5HS46,113.919014,22.659483,1342
粤B5HS46,113.906487,22.6591,1343
粤B5HS46,113.904266,22.659149,1343
粤B5HS46,113.8918,22.6591,1344
粤B5HS46,113.877518,22.657066,1345
粤B5HS46,113.865265,22.653168,1346
粤B5HS46,113.860397,22.640533,1347
粤B5HS46,113.858437,22.636534,1348
粤B5HS46,113.858383,22.636566,1349
粤B5HS46,113.851967,22.629667,1350
粤B5HS46,113.849701,22.624567,1351
粤B5HS46,113.839867,22.620832,1352
粤B5HS46,113.8246,22.614733,1353
粤B5HS46,113.828964,22.6168,1353
粤B5HS46,113.816681,22.613333,1354
粤B5HS46,113.812218,22.621866,1355
粤B5HS46,113.81308,22.623417,1356
粤B5HS46,113.81308,22.623417,1357
粤B5HS46,113.81308,22.623417,1358
粤B5HS46,113.81308,22.623417,1358
粤B5HS46,113.81308,22.623417,1359
粤B5HS46,113.81308,22.623417,1360
粤B5HS46,113.81308,22.623417,1361
粤B5HS46,113.81308,22.623417,1362
粤B5HS46,113.81308,22.623417,1363
粤B5HS46,113.81308,22.623417,1364
粤B5HS46,113.81308,22.623417,1365
粤B5HS46,113.81308,22.623417,1366
粤B5HS46,113.81308,22.623417,1367
粤B5HS46,113.81308,22.623417,1368
粤B5HS46,113.81308,22.623417,1369
粤B5HS46,113.81308,22.623417,1369
粤B5HS46,113.81308,22.623417,1370
粤B5HS46,113.81308,22.623417,1371
粤B5HS46,113.81308,22.623417,1372
粤B5HS46,113.81308,22.623417,1373
粤B5HS46,113.81308,22.623417,1374
粤B5HS46,113.81308,22.623417,1375
粤B5HS46,113.81308,22.623417,1376
粤B5HS46,113.81308,22.623417,1377
粤B5HS46,113.81308,22.623417,1378
粤B5HS46,113.81308,22.623417,1379
粤B5HS46,113.81308,22.623417,1380
粤B5HS46,113.81308,22.623417,1380
粤B5HS46,113.81308,22.623417,1381
粤B5HS46,113.81308,22.623417,1382
粤B5HS46,113.81308,22.623417,1383
粤B5HS46,113.81308,22.623417,1384
粤B5HS46,113.81308,22.623417,1385
粤B5HS46,113.81308,22.623417,1386
粤B5HS46,113.81308,22.623417,1387
粤B5HS46,113.81308,22.623417,1388
粤B5HS46,113.81308,22.623417,1389
粤B5HS46,113.81308,22.623417,1390
粤B5HS46,113.81308,22.623417,1391
粤B5HS46,113.81308,22.623417,1391
粤B5HS46,113.81308,22.623417,1392
粤B5HS46,113.81308,22.623417,1393
粤B5HS46,113.81308,22.623417,1394
粤B5HS46,113.81308,22.623417,1395
粤B5HS46,113.81308,22.623417,1396
粤B5HS46,113.81308,22.623417,1397
粤B5HS46,113.81308,22.623417,1398
粤B5HS46,113.81308,22.623417,1399
粤B5HS46,113.813103,22.6236,1400
粤B5HS46,113.813133,22.623684,1401
粤B5HS46,113.813133,22.623684,1402
粤B5HS46,113.813271,22.624083,1402
粤B5HS46,113.813271,22.624083,1403
粤B5HS46,113.813271,22.624083,1404
粤B5HS46,113.813271,22.624083,1405
粤B5HS46,113.813271,22.624083,1406
粤B5HS46,113.813271,22.624083,1407
粤B5HS46,113.813271,22.624083,1408
粤B5HS46,113.813271,22.624083,1409
粤B5HS46,113.813271,22.624083,1410
粤B5HS46,113.813271,22.624083,1411
粤B5HS46,113.813271,22.624083,1412
粤B5HS46,113.813271,22.624083,1413
粤B5HS46,113.813271,22.624083,1413
粤B5HS46,113.813271,22.624083,1414
粤B5HS46,113.813271,22.624083,1415
粤B5HS46,113.813248,22.625299,1416
粤B5HS46,113.813248,22.625299,1417
粤B5HS46,113.813248,22.625299,1418
粤B5HS46,113.813248,22.625299,1419
粤B5HS46,113.813148,22.6255,1420
粤B5HS46,113.812386,22.626932,1421
粤B5HS46,113.812386,22.626932,1422
粤B5HS46,113.812386,22.626932,1423
粤B5HS46,113.812386,22.626932,1424
粤B5HS46,113.812386,22.626932,1424
粤B5HS46,113.812386,22.626932,1425
粤B5HS46,113.812386,22.626932,1426
粤B5HS46,113.812119,22.627501,1427
粤B5HS46,113.81102,22.62785,1428
粤B5HS46,113.810951,22.627832,1429
粤B5HS46,113.810951,22.627832,1430
粤B5HS46,113.810364,22.627617,1431
粤B5HS46,113.809982,22.627451,1432
粤B5HS46,113.809982,22.627451,1433
粤B5HS46,113.809982,22.627451,1434
粤B5HS46,113.809982,22.627451,1435
粤B5HS46,113.809982,22.627451,1435
粤B5HS46,113.809853,22.626883,1436
粤B5HS46,113.809853,22.626883,1437
粤B5HS46,113.809853,22.626883,1437
粤B5HS46,113.807053,22.624166,1438
粤B5HS46,113.8088,22.619932,1439
