粤BH1K24,114.0466,22.594601,7
粤BH1K24,114.0466,22.594601,7
粤BH1K24,114.0466,22.594601,7
粤BH1K24,114.0466,22.594601,10
粤BH1K24,114.0466,22.594601,10
粤BH1K24,114.0466,22.594601,11
粤BH1K24,114.0466,22.594601,11
粤BH1K24,114.0466,22.594601,11
粤BH1K24,114.0466,22.594601,13
粤BH1K24,114.0466,22.594601,13
粤BH1K24,114.0466,22.594601,13
粤BH1K24,114.0466,22.594601,14
粤BH1K24,114.0466,22.594601,14
粤BH1K24,114.0466,22.594601,14
粤BH1K24,114.0466,22.594601,15
粤BH1K24,114.0466,22.594601,17
粤BH1K24,114.0466,22.594601,17
粤BH1K24,114.0466,22.594601,18
粤BH1K24,114.0466,22.594601,20
粤BH1K24,114.0466,22.594601,20
粤BH1K24,114.0466,22.594601,20
粤BH1K24,114.0466,22.594601,21
粤BH1K24,114.0466,22.594601,22
粤BH1K24,114.0466,22.594601,23
粤BH1K24,114.0466,22.594601,24
粤BH1K24,114.0466,22.594601,25
粤BH1K24,114.0466,22.594601,25
粤BH1K24,114.0466,22.594601,27
粤BH1K24,114.0466,22.594601,27
粤BH1K24,114.0466,22.594601,27
粤BH1K24,114.0466,22.594601,28
粤BH1K24,114.0466,22.594601,28
粤BH1K24,114.0466,22.594601,31
粤BH1K24,114.0466,22.594601,32
粤BH1K24,114.0466,22.594601,32
粤BH1K24,114.0466,22.594601,32
粤BH1K24,114.0466,22.594601,34
粤BH1K24,114.0466,22.594601,35
粤BH1K24,114.0466,22.594601,35
粤BH1K24,114.0466,22.594601,35
粤BH1K24,114.0466,22.594601,36
粤BH1K24,114.0466,22.594601,38
粤BH1K24,114.0466,22.594601,38
粤BH1K24,114.0466,22.594601,39
粤BH1K24,114.0466,22.594601,39
粤BH1K24,114.0466,22.594601,40
粤BH1K24,114.0466,22.594601,41
粤BH1K24,114.0466,22.594601,42
粤BH1K24,114.0466,22.594601,43
粤BH1K24,114.0466,22.594601,46
粤BH1K24,114.0466,22.594601,46
粤BH1K24,114.0466,22.594601,48
粤BH1K24,114.0466,22.594601,49
粤BH1K24,114.0466,22.594601,50
粤BH1K24,114.0466,22.594601,53
粤BH1K24,114.0466,22.594601,53
粤BH1K24,114.0466,22.594601,54
粤BH1K24,114.0466,22.594601,55
粤BH1K24,114.0466,22.594601,56
粤BH1K24,114.0466,22.594601,56
粤BH1K24,114.0466,22.594601,57
粤BH1K24,114.0466,22.594601,57
粤BH1K24,114.0466,22.594601,57
粤BH1K24,114.0466,22.594601,59
粤BH1K24,114.0466,22.594601,60
粤BH1K24,114.0466,22.594601,60
粤BH1K24,114.0466,22.594601,61
粤BH1K24,114.0466,22.594601,61
粤BH1K24,114.0466,22.594601,63
粤BH1K24,114.0466,22.594601,64
粤BH1K24,114.0466,22.594601,64
粤BH1K24,114.0466,22.594601,65
粤BH1K24,114.0466,22.594601,66
粤BH1K24,114.0466,22.594601,67
粤BH1K24,114.0466,22.594601,67
粤BH1K24,114.0466,22.594601,68
粤BH1K24,114.0466,22.594601,71
粤BH1K24,114.0466,22.594601,71
粤BH1K24,114.0466,22.594601,75
粤BH1K24,114.0466,22.594601,77
粤BH1K24,114.0466,22.594601,78
粤BH1K24,114.0466,22.594601,78
粤BH1K24,114.0466,22.594601,78
粤BH1K24,114.0466,22.594601,80
粤BH1K24,114.0466,22.594601,80
粤BH1K24,114.0466,22.594601,81
粤BH1K24,114.0466,22.594601,82
粤BH1K24,114.0466,22.594601,84
粤BH1K24,114.0466,22.594601,84
粤BH1K24,114.0466,22.594601,84
粤BH1K24,114.0466,22.594601,85
粤BH1K24,114.0466,22.594601,85
粤BH1K24,114.0466,22.594601,86
粤BH1K24,114.0466,22.594601,87
粤BH1K24,114.0466,22.594601,89
粤BH1K24,114.0466,22.594601,89
粤BH1K24,114.0466,22.594601,91
粤BH1K24,114.0466,22.594601,91
粤BH1K24,114.0466,22.594601,92
粤BH1K24,114.0466,22.594601,93
粤BH1K24,114.0466,22.594601,93
粤BH1K24,114.0466,22.594601,95
粤BH1K24,114.0466,22.594601,95
粤BH1K24,114.0466,22.594601,95
粤BH1K24,114.0466,22.594601,96
粤BH1K24,114.0466,22.594601,98
粤BH1K24,114.0466,22.594601,99
粤BH1K24,114.0466,22.594601,99
粤BH1K24,114.0466,22.594601,100
粤BH1K24,114.0466,22.594601,103
粤BH1K24,114.0466,22.594601,103
粤BH1K24,114.0466,22.594601,106
粤BH1K24,114.0466,22.594601,107
粤BH1K24,114.0466,22.594601,109
粤BH1K24,114.0466,22.594601,110
粤BH1K24,114.0466,22.594601,110
粤BH1K24,114.0466,22.594601,111
粤BH1K24,114.0466,22.594601,113
粤BH1K24,114.0466,22.594601,113
粤BH1K24,114.0466,22.594601,114
粤BH1K24,114.0466,22.594601,114
粤BH1K24,114.0466,22.594601,114
粤BH1K24,114.0466,22.594601,116
粤BH1K24,114.0466,22.594601,116
粤BH1K24,114.0466,22.594601,117
粤BH1K24,114.0466,22.594601,118
粤BH1K24,114.0466,22.594601,118
粤BH1K24,114.0466,22.594601,120
粤BH1K24,114.0466,22.594601,120
粤BH1K24,114.0466,22.594601,120
粤BH1K24,114.0466,22.594601,121
粤BH1K24,114.0466,22.594601,123
粤BH1K24,114.0466,22.594601,124
粤BH1K24,114.0466,22.594601,125
粤BH1K24,114.0466,22.594601,125
粤BH1K24,114.0466,22.594601,127
粤BH1K24,114.0466,22.594601,127
粤BH1K24,114.0466,22.594601,128
粤BH1K24,114.0466,22.594601,128
粤BH1K24,114.0466,22.594601,128
粤BH1K24,114.0466,22.594601,131
粤BH1K24,114.0466,22.594601,131
粤BH1K24,114.0466,22.594601,131
粤BH1K24,114.0466,22.594601,132
粤BH1K24,114.0466,22.594601,132
粤BH1K24,114.0466,22.594601,133
粤BH1K24,114.0466,22.594601,135
粤BH1K24,114.0466,22.594601,136
粤BH1K24,114.0466,22.594601,136
粤BH1K24,114.0466,22.594601,138
粤BH1K24,114.0466,22.594601,139
粤BH1K24,114.0466,22.594601,139
粤BH1K24,114.0466,22.594601,139
粤BH1K24,114.0466,22.594601,140
粤BH1K24,114.0466,22.594601,140
粤BH1K24,114.0466,22.594601,142
粤BH1K24,114.0466,22.594601,142
粤BH1K24,114.0466,22.594601,143
粤BH1K24,114.0466,22.594601,143
粤BH1K24,114.0466,22.594601,143
粤BH1K24,114.0466,22.594601,144
粤BH1K24,114.0466,22.594601,144
粤BH1K24,114.0466,22.594601,146
粤BH1K24,114.0466,22.594601,146
粤BH1K24,114.0466,22.594601,147
粤BH1K24,114.0466,22.594601,150
粤BH1K24,114.0466,22.594601,150
粤BH1K24,114.0466,22.594601,150
粤BH1K24,114.0466,22.594601,151
粤BH1K24,114.0466,22.594601,151
粤BH1K24,114.0466,22.594601,152
粤BH1K24,114.0466,22.594601,154
粤BH1K24,114.0466,22.594601,154
粤BH1K24,114.0466,22.594601,155
粤BH1K24,114.0466,22.594601,155
粤BH1K24,114.0466,22.594601,158
粤BH1K24,114.0466,22.594601,158
粤BH1K24,114.0467,22.594601,162
粤BH1K24,114.0467,22.594601,163
粤BH1K24,114.0467,22.594601,165
粤BH1K24,114.0467,22.594601,166
粤BH1K24,114.0467,22.594601,166
粤BH1K24,114.0467,22.594601,167
粤BH1K24,114.0467,22.594601,168
粤BH1K24,114.0467,22.594601,169
粤BH1K24,114.0467,22.594601,169
粤BH1K24,114.0467,22.594601,170
粤BH1K24,114.0467,22.594601,173
粤BH1K24,114.0467,22.594601,173
粤BH1K24,114.0467,22.594601,173
粤BH1K24,114.0467,22.594601,174
粤BH1K24,114.0467,22.594601,176
粤BH1K24,114.0467,22.594601,177
粤BH1K24,114.0467,22.594601,177
粤BH1K24,114.0467,22.594601,177
粤BH1K24,114.0467,22.594601,178
粤BH1K24,114.0467,22.594601,180
粤BH1K24,114.0467,22.594601,180
粤BH1K24,114.0467,22.594601,181
粤BH1K24,114.0467,22.594601,181
粤BH1K24,114.0467,22.594601,181
粤BH1K24,114.0467,22.594601,191
粤BH1K24,114.0467,22.594601,192
粤BH1K24,114.0467,22.594601,192
粤BH1K24,114.0467,22.594601,192
粤BH1K24,114.0467,22.594601,193
粤BH1K24,114.0467,22.594601,193
粤BH1K24,114.0467,22.594601,196
粤BH1K24,114.0467,22.594601,198
粤BH1K24,114.0467,22.594601,199
粤BH1K24,114.0467,22.594601,199
粤BH1K24,114.0467,22.594601,200
粤BH1K24,114.0467,22.594601,200
粤BH1K24,114.0467,22.594601,200
粤BH1K24,114.0467,22.594601,202
粤BH1K24,114.0467,22.594601,203
粤BH1K24,114.0467,22.594601,203
粤BH1K24,114.0467,22.594601,204
粤BH1K24,114.0467,22.594601,206
粤BH1K24,114.0467,22.594601,207
粤BH1K24,114.0467,22.594601,207
粤BH1K24,114.0467,22.594601,207
粤BH1K24,114.0467,22.594601,208
粤BH1K24,114.0467,22.594601,210
粤BH1K24,114.0467,22.594601,210
粤BH1K24,114.0467,22.594601,211
粤BH1K24,114.0467,22.594601,211
粤BH1K24,114.0467,22.594601,211
粤BH1K24,114.0467,22.594601,212
粤BH1K24,114.0467,22.594601,213
粤BH1K24,114.0467,22.594601,214
粤BH1K24,114.0467,22.594601,214
粤BH1K24,114.0467,22.594601,214
粤BH1K24,114.0467,22.594601,215
粤BH1K24,114.0467,22.594601,217
粤BH1K24,114.0467,22.594601,217
粤BH1K24,114.0467,22.594601,218
粤BH1K24,114.0467,22.594601,218
粤BH1K24,114.0467,22.594601,221
粤BH1K24,114.0467,22.594601,221
粤BH1K24,114.0467,22.594601,221
粤BH1K24,114.0467,22.594601,222
粤BH1K24,114.0467,22.594601,222
粤BH1K24,114.0467,22.594601,222
粤BH1K24,114.0467,22.594601,223
粤BH1K24,114.0467,22.594601,223
粤BH1K24,114.0467,22.594601,225
粤BH1K24,114.0467,22.594601,225
粤BH1K24,114.0467,22.594601,225
粤BH1K24,114.0467,22.594601,226
粤BH1K24,114.0467,22.594601,227
粤BH1K24,114.0467,22.594601,228
粤BH1K24,114.0467,22.594601,229
粤BH1K24,114.0467,22.594601,229
粤BH1K24,114.0467,22.594601,229
粤BH1K24,114.0467,22.594601,230
粤BH1K24,114.0467,22.594601,230
粤BH1K24,114.0467,22.594601,230
粤BH1K24,114.0467,22.594601,232
粤BH1K24,114.0467,22.594601,233
粤BH1K24,114.0467,22.594601,233
粤BH1K24,114.0467,22.594601,233
粤BH1K24,114.0467,22.594601,234
粤BH1K24,114.0467,22.594601,234
粤BH1K24,114.0467,22.594601,236
粤BH1K24,114.0467,22.594601,237
粤BH1K24,114.0467,22.594601,237
粤BH1K24,114.0467,22.594601,238
粤BH1K24,114.0467,22.594601,238
粤BH1K24,114.0467,22.594601,240
粤BH1K24,114.0467,22.594601,241
粤BH1K24,114.0467,22.594601,242
粤BH1K24,114.0467,22.594601,242
粤BH1K24,114.0467,22.594601,244
粤BH1K24,114.0467,22.594601,245
粤BH1K24,114.0467,22.594601,248
粤BH1K24,114.0467,22.594601,249
粤BH1K24,114.0467,22.594601,249
粤BH1K24,114.0467,22.594601,249
粤BH1K24,114.0467,22.594601,252
粤BH1K24,114.0467,22.594601,252
粤BH1K24,114.0467,22.594601,253
粤BH1K24,114.0467,22.594601,256
粤BH1K24,114.0467,22.594601,256
粤BH1K24,114.0467,22.594601,257
粤BH1K24,114.0467,22.594601,259
粤BH1K24,114.0467,22.594601,259
粤BH1K24,114.0467,22.594601,259
粤BH1K24,114.0467,22.594601,260
粤BH1K24,114.0467,22.594601,262
粤BH1K24,114.0467,22.594601,263
粤BH1K24,114.0467,22.594601,263
粤BH1K24,114.0467,22.594601,266
粤BH1K24,114.0467,22.594601,267
粤BH1K24,114.0467,22.594601,270
粤BH1K24,114.0467,22.594601,271
粤BH1K24,114.0467,22.594601,271
粤BH1K24,114.0467,22.594601,272
粤BH1K24,114.0467,22.594601,273
粤BH1K24,114.0467,22.594601,274
粤BH1K24,114.0467,22.594601,274
粤BH1K24,114.0467,22.594601,275
粤BH1K24,114.0467,22.594601,275
粤BH1K24,114.0467,22.594601,275
粤BH1K24,114.0467,22.594601,276
粤BH1K24,114.0467,22.594601,278
粤BH1K24,114.0467,22.594601,278
粤BH1K24,114.0467,22.594601,278
粤BH1K24,114.0467,22.594601,279
粤BH1K24,114.0467,22.594601,279
粤BH1K24,114.0467,22.594601,279
粤BH1K24,114.0467,22.594601,282
粤BH1K24,114.0467,22.594601,282
粤BH1K24,114.0467,22.594601,283
粤BH1K24,114.0467,22.594601,283
粤BH1K24,114.0467,22.594601,283
粤BH1K24,114.0467,22.594601,285
粤BH1K24,114.0467,22.594601,286
粤BH1K24,114.0467,22.594601,289
粤BH1K24,114.0467,22.594601,289
粤BH1K24,114.0467,22.594601,289
粤BH1K24,114.0467,22.594601,290
粤BH1K24,114.0467,22.594601,290
粤BH1K24,114.0467,22.594601,290
粤BH1K24,114.0467,22.594601,292
粤BH1K24,114.0467,22.594601,293
粤BH1K24,114.0467,22.594601,293
粤BH1K24,114.0467,22.594601,294
粤BH1K24,114.0467,22.594601,294
粤BH1K24,114.0467,22.594601,295
粤BH1K24,114.0467,22.594601,297
粤BH1K24,114.0467,22.594601,298
粤BH1K24,114.0467,22.594601,298
粤BH1K24,114.0467,22.594601,298
粤BH1K24,114.0467,22.594601,299
粤BH1K24,114.0467,22.594601,301
粤BH1K24,114.0467,22.594601,301
粤BH1K24,114.0467,22.594601,301
粤BH1K24,114.0467,22.594601,302
粤BH1K24,114.0467,22.594601,302
粤BH1K24,114.0467,22.594601,303
粤BH1K24,114.0467,22.594601,304
粤BH1K24,114.0467,22.594601,305
粤BH1K24,114.0467,22.594601,305
粤BH1K24,114.0467,22.594601,305
粤BH1K24,114.0467,22.594601,306
粤BH1K24,114.0467,22.594601,306
粤BH1K24,114.0467,22.594601,306
粤BH1K24,114.0467,22.594601,307
粤BH1K24,114.0467,22.594601,309
粤BH1K24,114.0467,22.594601,309
粤BH1K24,114.0467,22.594601,310
粤BH1K24,114.0467,22.594601,310
粤BH1K24,114.0467,22.594601,310
粤BH1K24,114.0467,22.594601,312
粤BH1K24,114.0467,22.594601,313
粤BH1K24,114.0467,22.594601,313
粤BH1K24,114.0467,22.594601,314
粤BH1K24,114.0467,22.594601,314
粤BH1K24,114.0467,22.594601,316
粤BH1K24,114.0467,22.594601,316
粤BH1K24,114.0467,22.594601,317
粤BH1K24,114.0467,22.594601,317
粤BH1K24,114.0467,22.594601,319
粤BH1K24,114.0467,22.594601,320
粤BH1K24,114.0467,22.594601,320
粤BH1K24,114.0467,22.594601,320
粤BH1K24,114.0467,22.594601,321
粤BH1K24,114.0467,22.594601,321
粤BH1K24,114.0467,22.594601,321
粤BH1K24,114.0467,22.594601,322
粤BH1K24,114.0467,22.594601,324
粤BH1K24,114.0467,22.594601,324
粤BH1K24,114.0467,22.594601,325
粤BH1K24,114.0467,22.594601,325
粤BH1K24,114.0467,22.594601,325
粤BH1K24,114.0467,22.594601,327
粤BH1K24,114.0467,22.594601,328
粤BH1K24,114.0467,22.594601,329
粤BH1K24,114.0467,22.594601,329
粤BH1K24,114.0467,22.594601,331
粤BH1K24,114.0467,22.594601,331
粤BH1K24,114.0467,22.594601,332
粤BH1K24,114.0467,22.594601,332
粤BH1K24,114.0467,22.594601,332
粤BH1K24,114.0467,22.594601,334
粤BH1K24,114.0467,22.594601,335
粤BH1K24,114.0467,22.594601,335
粤BH1K24,114.0467,22.594601,335
粤BH1K24,114.0467,22.594601,338
粤BH1K24,114.0467,22.594601,342
粤BH1K24,114.0467,22.594601,343
粤BH1K24,114.0467,22.594601,343
粤BH1K24,114.0467,22.594601,344
粤BH1K24,114.0467,22.594601,346
粤BH1K24,114.0467,22.594601,347
粤BH1K24,114.0467,22.594601,347
粤BH1K24,114.0467,22.594601,348
粤BH1K24,114.0467,22.594601,348
粤BH1K24,114.0467,22.594601,350
粤BH1K24,114.0467,22.594601,351
粤BH1K24,114.0467,22.594601,352
粤BH1K24,114.0467,22.594601,352
粤BH1K24,114.0467,22.594601,353
粤BH1K24,114.0467,22.594601,354
粤BH1K24,114.0467,22.594601,354
粤BH1K24,114.0467,22.594601,355
粤BH1K24,114.0467,22.594601,355
粤BH1K24,114.0467,22.594601,356
粤BH1K24,114.0467,22.594601,358
粤BH1K24,114.0467,22.594601,358
粤BH1K24,114.0467,22.594601,359
粤BH1K24,114.0467,22.594601,360
粤BH1K24,114.0467,22.594601,360
粤BH1K24,114.0467,22.594601,362
粤BH1K24,114.0467,22.594601,362
粤BH1K24,114.0467,22.594601,364
粤BH1K24,114.0467,22.594601,364
粤BH1K24,114.0467,22.594601,366
粤BH1K24,114.0467,22.594601,366
粤BH1K24,114.0467,22.594601,367
粤BH1K24,114.0467,22.594601,367
粤BH1K24,114.0467,22.594601,368
粤BH1K24,114.0467,22.594601,370
粤BH1K24,114.0467,22.594601,370
粤BH1K24,114.0467,22.594601,371
粤BH1K24,114.0467,22.594601,371
粤BH1K24,114.0467,22.594601,371
粤BH1K24,114.0467,22.594601,374
粤BH1K24,114.0467,22.594601,374
粤BH1K24,114.0467,22.594601,374
粤BH1K24,114.0467,22.594601,375
粤BH1K24,114.0467,22.594601,375
粤BH1K24,114.0467,22.594601,376
粤BH1K24,114.0467,22.594601,378
粤BH1K24,114.0467,22.594601,378
粤BH1K24,114.0467,22.594601,379
粤BH1K24,114.0467,22.594601,379
粤BH1K24,114.0467,22.594601,380
粤BH1K24,114.0467,22.594601,381
粤BH1K24,114.0467,22.594601,382
粤BH1K24,114.0467,22.594601,382
粤BH1K24,114.0467,22.594601,382
粤BH1K24,114.0467,22.594601,383
粤BH1K24,114.0467,22.594601,385
粤BH1K24,114.0467,22.594601,385
粤BH1K24,114.0467,22.594601,386
粤BH1K24,114.0467,22.594601,386
粤BH1K24,114.0467,22.594601,387
粤BH1K24,114.0467,22.594601,389
粤BH1K24,114.0467,22.594601,390
粤BH1K24,114.0467,22.594601,390
粤BH1K24,114.0467,22.594601,390
粤BH1K24,114.0467,22.594601,391
粤BH1K24,114.0467,22.594601,391
粤BH1K24,114.0467,22.594601,393
粤BH1K24,114.0467,22.594601,393
粤BH1K24,114.0467,22.594601,394
粤BH1K24,114.0467,22.594601,394
粤BH1K24,114.0467,22.594601,395
粤BH1K24,114.0467,22.594601,397
粤BH1K24,114.0467,22.594601,397
粤BH1K24,114.0467,22.594601,397
粤BH1K24,114.0467,22.594601,398
粤BH1K24,114.0467,22.594601,400
粤BH1K24,114.0467,22.594601,401
粤BH1K24,114.0467,22.594601,401
粤BH1K24,114.0467,22.594601,402
粤BH1K24,114.0467,22.594601,402
粤BH1K24,114.0467,22.594601,402
粤BH1K24,114.0467,22.594601,404
粤BH1K24,114.0467,22.594601,404
粤BH1K24,114.0467,22.594601,405
粤BH1K24,114.0467,22.594601,405
粤BH1K24,114.0467,22.594601,405
粤BH1K24,114.0467,22.594601,406
粤BH1K24,114.0467,22.594601,406
粤BH1K24,114.0467,22.594601,408
粤BH1K24,114.0467,22.594601,408
粤BH1K24,114.0467,22.594601,409
粤BH1K24,114.0467,22.594601,409
粤BH1K24,114.0467,22.594601,410
粤BH1K24,114.0467,22.594601,412
粤BH1K24,114.0467,22.594601,412
粤BH1K24,114.0467,22.594601,412
粤BH1K24,114.0467,22.594601,413
粤BH1K24,114.0467,22.594601,414
粤BH1K24,114.0467,22.594601,416
粤BH1K24,114.0467,22.594601,417
粤BH1K24,114.0467,22.594601,417
粤BH1K24,114.0467,22.594601,418
粤BH1K24,114.0467,22.594601,418
粤BH1K24,114.0467,22.594601,420
粤BH1K24,114.0467,22.594601,420
粤BH1K24,114.0467,22.594601,420
粤BH1K24,114.0467,22.594601,421
粤BH1K24,114.0467,22.594601,421
粤BH1K24,114.0467,22.594601,422
粤BH1K24,114.0467,22.594601,424
粤BH1K24,114.0467,22.594601,424
粤BH1K24,114.0467,22.594601,425
粤BH1K24,114.0467,22.594601,426
粤BH1K24,114.0467,22.594601,428
粤BH1K24,114.0467,22.594601,428
粤BH1K24,114.0467,22.594601,428
粤BH1K24,114.0467,22.594601,429
粤BH1K24,114.0467,22.594601,429
粤BH1K24,114.0467,22.594601,431
粤BH1K24,114.0467,22.594601,432
粤BH1K24,114.0467,22.594601,432
粤BH1K24,114.0467,22.594601,435
粤BH1K24,114.0467,22.594601,436
粤BH1K24,114.0467,22.594601,436
粤BH1K24,114.0467,22.594601,437
粤BH1K24,114.0467,22.594601,438
粤BH1K24,114.0467,22.594601,439
粤BH1K24,114.0467,22.594601,439
粤BH1K24,114.0467,22.594601,439
粤BH1K24,114.0467,22.594601,440
粤BH1K24,114.0467,22.594601,442
粤BH1K24,114.0467,22.594601,442
粤BH1K24,114.0467,22.594601,443
粤BH1K24,114.0467,22.594601,444
粤BH1K24,114.0467,22.594601,446
粤BH1K24,114.0467,22.594601,446
粤BH1K24,114.0467,22.594601,447
粤BH1K24,114.0467,22.594601,449
粤BH1K24,114.0467,22.594601,449
粤BH1K24,114.0467,22.594601,450
粤BH1K24,114.0467,22.594601,450
粤BH1K24,114.0467,22.594601,450
粤BH1K24,114.0467,22.594601,451
粤BH1K24,114.0467,22.594601,453
粤BH1K24,114.0467,22.594601,454
粤BH1K24,114.0467,22.594601,454
粤BH1K24,114.0467,22.594601,454
粤BH1K24,114.0467,22.594601,457
粤BH1K24,114.0467,22.594601,457
粤BH1K24,114.0467,22.594601,458
粤BH1K24,114.0467,22.594601,458
粤BH1K24,114.0467,22.594601,458
粤BH1K24,114.045898,22.5937,460
粤BH1K24,114.0382,22.5987,461
粤BH1K24,114.040497,22.597,461
粤BH1K24,114.038399,22.598499,461
粤BH1K24,114.038902,22.602699,464
粤BH1K24,114.039398,22.6017,464
粤BH1K24,114.039803,22.6012,465
粤BH1K24,114.039803,22.6012,465
粤BH1K24,114.039803,22.6012,466
粤BH1K24,114.042198,22.602699,467
粤BH1K24,114.042198,22.602699,467
粤BH1K24,114.038902,22.607,471
粤BH1K24,114.039299,22.6042,473
粤BH1K24,114.038498,22.6036,474
粤BH1K24,114.038803,22.602699,475
粤BH1K24,114.038803,22.602699,475
粤BH1K24,114.038803,22.602699,476
粤BH1K24,114.038803,22.602699,478
粤BH1K24,114.038803,22.602699,478
粤BH1K24,114.038803,22.602699,479
粤BH1K24,114.038597,22.602301,479
粤BH1K24,114.038597,22.602301,480
粤BH1K24,114.038597,22.602301,480
粤BH1K24,114.038597,22.602301,482
粤BH1K24,114.038597,22.602301,482
粤BH1K24,114.038597,22.602301,485
粤BH1K24,114.038597,22.602301,486
粤BH1K24,114.038597,22.602301,486
粤BH1K24,114.038597,22.602301,486
粤BH1K24,114.038597,22.602301,487
粤BH1K24,114.038597,22.602301,487
粤BH1K24,114.038597,22.602301,489
粤BH1K24,114.038597,22.602301,490
粤BH1K24,114.038597,22.602301,491
粤BH1K24,114.038597,22.602301,491
粤BH1K24,114.038597,22.602301,493
粤BH1K24,114.038597,22.602301,494
粤BH1K24,114.038597,22.602301,494
粤BH1K24,114.038597,22.602301,494
粤BH1K24,114.038597,22.602301,495
粤BH1K24,114.038597,22.602301,495
粤BH1K24,114.038597,22.602301,497
粤BH1K24,114.038597,22.602301,497
粤BH1K24,114.038696,22.6022,498
粤BH1K24,114.038696,22.6022,499
粤BH1K24,114.038696,22.6022,499
粤BH1K24,114.041901,22.5975,502
粤BH1K24,114.042503,22.5965,502
粤BH1K24,114.042999,22.5963,503
粤BH1K24,114.044197,22.594999,504
粤BH1K24,114.045303,22.5933,505
粤BH1K24,114.045898,22.592699,505
粤BH1K24,114.046402,22.591999,505
粤BH1K24,114.047302,22.590401,506
粤BH1K24,114.047302,22.590401,507
粤BH1K24,114.047302,22.590401,507
粤BH1K24,114.047302,22.590401,508
粤BH1K24,114.059402,22.578899,508
粤BH1K24,114.058899,22.5798,508
粤BH1K24,114.060402,22.577,509
粤BH1K24,114.060898,22.5748,511
粤BH1K24,114.060799,22.5751,511
粤BH1K24,114.060997,22.574301,512
粤BH1K24,114.061203,22.573299,512
粤BH1K24,114.0616,22.5714,513
粤BH1K24,114.062202,22.5653,514
粤BH1K24,114.062103,22.5639,514
粤BH1K24,114.062202,22.5618,515
粤BH1K24,114.0625,22.5569,518
粤BH1K24,114.0625,22.557699,518
粤BH1K24,114.0625,22.554501,519
粤BH1K24,114.0625,22.5548,519
粤BH1K24,114.053398,22.5513,521
粤BH1K24,114.051498,22.5513,522
粤BH1K24,114.051498,22.5513,523
粤BH1K24,114.0513,22.5513,523
粤BH1K24,114.051003,22.549801,525
粤BH1K24,114.051003,22.549801,525
粤BH1K24,114.051003,22.546301,526
粤BH1K24,114.051003,22.549101,526
粤BH1K24,114.049698,22.539499,528
粤BH1K24,114.048302,22.539499,529
粤BH1K24,114.048897,22.539499,529
粤BH1K24,114.048302,22.539499,529
粤BH1K24,114.046997,22.5392,530
粤BH1K24,114.046799,22.541901,532
粤BH1K24,114.0476,22.5418,533
粤BH1K24,114.047897,22.540199,533
粤BH1K24,114.047798,22.541,533
粤BH1K24,114.047897,22.539301,534
粤BH1K24,114.044197,22.535299,535
粤BH1K24,114.044502,22.533001,536
粤BH1K24,114.044403,22.534401,536
粤BH1K24,114.035004,22.5278,544
粤BH1K24,114.029503,22.528,546
粤BH1K24,114.027199,22.5294,546
粤BH1K24,114.018898,22.532,547
粤BH1K24,114.024902,22.531601,547
粤BH1K24,114.0168,22.531601,548
粤BH1K24,114.012802,22.536501,549
粤BH1K24,114.010399,22.5396,550
粤BH1K24,114.010399,22.5396,550
粤BH1K24,114.008904,22.540899,551
粤BH1K24,113.9804,22.5539,553
粤BH1K24,113.975998,22.5574,553
粤BH1K24,113.954498,22.5637,554
粤BH1K24,113.960098,22.5625,554
粤BH1K24,113.965401,22.5613,554
粤BH1K24,113.943001,22.5651,555
粤BH1K24,113.921501,22.573601,557
粤BH1K24,113.921997,22.571199,557
粤BH1K24,113.9132,22.5784,558
粤BH1K24,113.918198,22.573299,558
粤BH1K24,113.916199,22.5751,558
粤BH1K24,113.892097,22.5989,560
粤BH1K24,113.888603,22.6014,561
粤BH1K24,113.882301,22.6077,561
粤BH1K24,113.885201,22.6043,561
粤BH1K24,113.879898,22.611401,562
粤BH1K24,113.877502,22.6147,562
粤BH1K24,113.853897,22.628,564
粤BH1K24,113.849998,22.6273,565
粤BH1K24,113.850098,22.625,566
粤BH1K24,113.825897,22.6154,568
粤BH1K24,113.822403,22.6138,568
粤BH1K24,113.815697,22.615101,569
粤BH1K24,113.813698,22.618601,569
粤BH1K24,113.811897,22.622,570
粤BH1K24,113.808998,22.6271,572
粤BH1K24,113.806297,22.625799,573
粤BH1K24,113.8134,22.6236,576
粤BH1K24,113.8134,22.6236,576
粤BH1K24,113.8134,22.6236,576
粤BH1K24,113.8134,22.6236,577
粤BH1K24,113.8134,22.6236,579
粤BH1K24,113.8134,22.6236,579
粤BH1K24,113.8134,22.6236,580
粤BH1K24,113.8134,22.6236,580
粤BH1K24,113.8134,22.6236,581
粤BH1K24,113.8134,22.6236,583
粤BH1K24,113.8134,22.6236,583
粤BH1K24,113.8134,22.6236,584
粤BH1K24,113.8134,22.6236,584
粤BH1K24,113.8134,22.6236,586
粤BH1K24,113.8134,22.6236,586
粤BH1K24,113.8134,22.6236,587
粤BH1K24,113.8134,22.6236,588
粤BH1K24,113.8134,22.6236,590
粤BH1K24,113.8134,22.6236,590
粤BH1K24,113.8134,22.6236,591
粤BH1K24,113.8134,22.6236,591
粤BH1K24,113.8134,22.6236,591
粤BH1K24,113.8134,22.6236,593
粤BH1K24,113.8134,22.6236,593
粤BH1K24,113.8134,22.6236,594
粤BH1K24,113.8134,22.6236,594
粤BH1K24,113.8134,22.6236,597
粤BH1K24,113.8134,22.6236,597
粤BH1K24,113.8134,22.6236,597
粤BH1K24,113.8134,22.6236,598
粤BH1K24,113.8134,22.6236,598
粤BH1K24,113.8134,22.6236,598
粤BH1K24,113.8134,22.6236,599
粤BH1K24,113.8134,22.6236,601
粤BH1K24,113.8134,22.6236,602
粤BH1K24,113.8134,22.6236,604
粤BH1K24,113.8134,22.6236,604
粤BH1K24,113.8134,22.6236,604
粤BH1K24,113.8134,22.6236,605
粤BH1K24,113.8134,22.6236,605
粤BH1K24,113.8134,22.6236,606
粤BH1K24,113.8134,22.6236,607
粤BH1K24,113.8134,22.6236,610
粤BH1K24,113.8134,22.6236,611
粤BH1K24,113.8134,22.6236,611
粤BH1K24,113.8134,22.6236,612
粤BH1K24,113.8134,22.6236,612
粤BH1K24,113.8134,22.6236,614
粤BH1K24,113.8134,22.6236,615
粤BH1K24,113.8134,22.6236,616
粤BH1K24,113.8134,22.6236,616
粤BH1K24,113.8134,22.6236,617
粤BH1K24,113.8134,22.6236,618
粤BH1K24,113.8134,22.6236,618
粤BH1K24,113.8134,22.6236,619
粤BH1K24,113.8134,22.6236,621
粤BH1K24,113.8134,22.6236,622
粤BH1K24,113.8134,22.6236,623
粤BH1K24,113.8134,22.6236,624
粤BH1K24,113.8134,22.6236,625
粤BH1K24,113.8134,22.6236,627
粤BH1K24,113.8134,22.6236,628
粤BH1K24,113.8134,22.6236,628
粤BH1K24,113.8134,22.6236,631
粤BH1K24,113.8134,22.6236,632
粤BH1K24,113.8134,22.6236,634
粤BH1K24,113.8134,22.6236,635
粤BH1K24,113.8134,22.6236,635
粤BH1K24,113.8134,22.6236,635
粤BH1K24,113.8134,22.6236,636
粤BH1K24,113.8134,22.6236,638
粤BH1K24,113.8134,22.6236,638
粤BH1K24,113.8134,22.6236,639
粤BH1K24,113.8134,22.6236,639
粤BH1K24,113.8134,22.6236,639
粤BH1K24,113.8134,22.6236,641
粤BH1K24,113.8134,22.6236,642
粤BH1K24,113.8134,22.6236,642
粤BH1K24,113.8134,22.6236,642
粤BH1K24,113.813599,22.6241,643
粤BH1K24,113.813599,22.624201,644
粤BH1K24,113.813599,22.624201,645
粤BH1K24,113.813599,22.624201,646
粤BH1K24,113.813599,22.624201,646
粤BH1K24,113.813599,22.624201,648
粤BH1K24,113.813599,22.624201,648
粤BH1K24,113.813599,22.624201,649
粤BH1K24,113.813599,22.624201,649
粤BH1K24,113.813599,22.624201,649
粤BH1K24,113.813599,22.624201,651
粤BH1K24,113.813599,22.624201,651
粤BH1K24,113.813599,22.624201,652
粤BH1K24,113.813599,22.624201,652
粤BH1K24,113.813599,22.624201,653
粤BH1K24,113.813698,22.624701,654
粤BH1K24,113.813698,22.624701,655
粤BH1K24,113.813698,22.624701,655
粤BH1K24,113.813599,22.624901,656
粤BH1K24,113.8125,22.626801,657
粤BH1K24,113.8125,22.626801,658
粤BH1K24,113.812202,22.6273,658
粤BH1K24,113.812202,22.6273,659
粤BH1K24,113.811501,22.628099,661
粤BH1K24,113.811203,22.627899,661
粤BH1K24,113.8106,22.6276,662
粤BH1K24,113.8106,22.6276,662
粤BH1K24,113.809898,22.627501,665
粤BH1K24,113.809898,22.627501,665
粤BH1K24,113.809601,22.6273,666
粤BH1K24,113.8097,22.625601,669
粤BH1K24,113.8097,22.625601,669
粤BH1K24,113.807899,22.624599,669
粤BH1K24,113.808601,22.625,669
粤BH1K24,113.816704,22.6101,671
粤BH1K24,113.818901,22.610901,671
粤BH1K24,113.823402,22.6141,672
粤BH1K24,113.826897,22.6157,672
粤BH1K24,113.830498,22.6175,673
粤BH1K24,113.848503,22.623501,674
粤BH1K24,113.852402,22.625,675
粤BH1K24,113.857903,22.635,676
粤BH1K24,113.8545,22.630899,676
粤BH1K24,113.858101,22.635201,677
粤BH1K24,113.860603,22.6411,678
粤BH1K24,113.861603,22.6455,678
粤BH1K24,113.865997,22.6537,679
粤BH1K24,113.880096,22.6574,680
粤BH1K24,113.906403,22.6434,682
粤BH1K24,113.902199,22.6527,682
粤BH1K24,113.9095,22.632799,683
粤BH1K24,113.912399,22.6285,683
粤BH1K24,113.9272,22.603901,685
粤BH1K24,113.9272,22.6024,686
粤BH1K24,113.9272,22.6022,686
粤BH1K24,113.926697,22.5993,686
粤BH1K24,113.926102,22.595699,687
粤BH1K24,113.926598,22.574699,688
粤BH1K24,113.935501,22.565599,689
粤BH1K24,113.944702,22.565399,690
粤BH1K24,113.940002,22.565599,690
粤BH1K24,113.966599,22.5734,692
粤BH1K24,113.966599,22.5734,693
粤BH1K24,113.966698,22.5795,693
粤BH1K24,113.9702,22.5849,693
粤BH1K24,113.9673,22.581499,693
粤BH1K24,113.974503,22.5861,694
粤BH1K24,113.994904,22.588699,695
粤BH1K24,114.010498,22.59,697
粤BH1K24,114.024101,22.5963,698
粤BH1K24,114.026604,22.5993,699
粤BH1K24,114.023598,22.6049,699
粤BH1K24,114.025497,22.602501,699
粤BH1K24,114.022102,22.607,700
粤BH1K24,114.027603,22.6113,700
粤BH1K24,114.0242,22.6094,700
粤BH1K24,114.026802,22.6129,702
粤BH1K24,114.028099,22.611799,703
粤BH1K24,114.0336,22.6071,705
粤BH1K24,114.034302,22.6066,706
粤BH1K24,114.034897,22.607401,706
粤BH1K24,114.034698,22.6073,707
粤BH1K24,114.034698,22.6073,707
粤BH1K24,114.034698,22.6073,709
粤BH1K24,114.034698,22.6073,709
粤BH1K24,114.034698,22.6073,710
粤BH1K24,114.034698,22.6073,710
粤BH1K24,114.034698,22.6073,712
粤BH1K24,114.034698,22.6073,712
粤BH1K24,114.034698,22.6073,712
粤BH1K24,114.0345,22.607,713
粤BH1K24,114.034698,22.6073,713
粤BH1K24,114.036903,22.6045,715
粤BH1K24,114.039803,22.6014,716
粤BH1K24,114.040298,22.601299,717
粤BH1K24,114.0466,22.5945,719
粤BH1K24,114.045998,22.595301,719
粤BH1K24,114.0466,22.5945,719
粤BH1K24,114.008499,22.547701,860
粤BH1K24,114.0084,22.547899,861
粤BH1K24,114.0084,22.547899,861
粤BH1K24,114.0084,22.547899,862
粤BH1K24,114.0084,22.547899,862
粤BH1K24,114.0084,22.547899,862
粤BH1K24,114.008598,22.548401,864
粤BH1K24,114.009201,22.552799,865
粤BH1K24,114.007202,22.5499,865
粤BH1K24,114.015099,22.5555,867
粤BH1K24,114.015099,22.5555,868
粤BH1K24,114.015099,22.5555,868
粤BH1K24,114.0158,22.5569,869
粤BH1K24,114.011497,22.5697,870
粤BH1K24,114.011497,22.5697,871
粤BH1K24,114.011497,22.5697,871
粤BH1K24,114.011497,22.5697,871
粤BH1K24,114.011497,22.5697,872
粤BH1K24,114.011497,22.5697,872
粤BH1K24,114.011497,22.5697,872
粤BH1K24,114.011497,22.5697,873
粤BH1K24,114.015297,22.591,874
粤BH1K24,114.0159,22.591299,874
粤BH1K24,114.023003,22.592699,875
粤BH1K24,114.017601,22.591801,875
粤BH1K24,114.024002,22.5961,876
粤BH1K24,114.025497,22.6024,876
粤BH1K24,114.022301,22.607201,878
粤BH1K24,114.023102,22.610399,881
粤BH1K24,114.023102,22.610399,881
粤BH1K24,114.023003,22.610399,881
粤BH1K24,114.023003,22.610399,882
粤BH1K24,114.023003,22.610399,882
粤BH1K24,114.023003,22.610399,883
粤BH1K24,114.023003,22.610399,883
粤BH1K24,114.023003,22.610399,883
粤BH1K24,114.023003,22.610399,885
粤BH1K24,114.023003,22.610399,885
粤BH1K24,114.023003,22.610399,886
粤BH1K24,114.023003,22.610399,886
粤BH1K24,114.023003,22.610399,886
粤BH1K24,114.022202,22.6119,887
粤BH1K24,114.022003,22.611799,887
粤BH1K24,114.021896,22.611,888
粤BH1K24,114.021797,22.610901,889
粤BH1K24,114.021797,22.610901,889
粤BH1K24,114.021797,22.6103,890
粤BH1K24,114.019699,22.613001,892
粤BH1K24,114.022202,22.6143,892
粤BH1K24,114.026604,22.616301,893
粤BH1K24,114.025497,22.616199,893
粤BH1K24,114.027397,22.6152,894
粤BH1K24,114.027397,22.6152,894
粤BH1K24,114.026901,22.6113,895
粤BH1K24,114.029503,22.6071,897
粤BH1K24,114.0308,22.605801,897
粤BH1K24,114.032097,22.604401,898
粤BH1K24,114.040802,22.5968,899
粤BH1K24,114.090103,22.567101,911
粤BH1K24,114.088799,22.566799,911
粤BH1K24,114.103699,22.5728,914
粤BH1K24,114.1073,22.5749,914
粤BH1K24,114.106102,22.5742,914
粤BH1K24,114.109299,22.576099,915
粤BH1K24,114.115303,22.576599,915
粤BH1K24,114.112099,22.5765,915
粤BH1K24,114.133698,22.576799,917
粤BH1K24,114.130302,22.5777,917
粤BH1K24,114.137398,22.5695,918
粤BH1K24,114.138199,22.572599,918
粤BH1K24,114.139603,22.563601,919
粤BH1K24,114.140701,22.561399,919
粤BH1K24,114.140602,22.555799,921
粤BH1K24,114.1483,22.5557,922
粤BH1K24,114.153397,22.5578,923
粤BH1K24,114.167198,22.562799,924
粤BH1K24,114.174698,22.562099,925
粤BH1K24,114.182503,22.556601,926
粤BH1K24,114.179497,22.558701,926
粤BH1K24,114.193298,22.556601,928
粤BH1K24,114.193298,22.556601,928
粤BH1K24,114.193298,22.556601,930
粤BH1K24,114.218498,22.557199,931
粤BH1K24,114.221497,22.554399,932
粤BH1K24,114.219704,22.5562,932
粤BH1K24,114.225197,22.550699,933
粤BH1K24,114.223999,22.552099,933
粤BH1K24,114.2267,22.5488,935
粤BH1K24,114.2267,22.5488,935
粤BH1K24,114.2267,22.549,936
粤BH1K24,114.2267,22.548901,939
粤BH1K24,114.2267,22.548901,939
粤BH1K24,114.2267,22.548901,939
粤BH1K24,114.221199,22.554701,942
粤BH1K24,114.223099,22.552999,942
粤BH1K24,114.219597,22.5562,942
粤BH1K24,114.219498,22.556299,943
粤BH1K24,114.2173,22.5571,943
粤BH1K24,114.216599,22.557301,944
粤BH1K24,114.216599,22.557301,944
粤BH1K24,114.215698,22.557301,945
粤BH1K24,114.215401,22.5569,946
粤BH1K24,114.215401,22.5569,946
粤BH1K24,114.215401,22.5569,949
粤BH1K24,114.215401,22.5569,949
粤BH1K24,114.215401,22.5569,949
粤BH1K24,114.215401,22.5569,951
粤BH1K24,114.215401,22.5569,952
粤BH1K24,114.215401,22.5569,952
粤BH1K24,114.215401,22.5569,953
粤BH1K24,114.215401,22.5569,953
粤BH1K24,114.215401,22.5569,954
粤BH1K24,114.191498,22.5562,956
粤BH1K24,114.1875,22.555901,957
粤BH1K24,114.1903,22.555901,957
粤BH1K24,114.189301,22.555799,957
粤BH1K24,114.185204,22.556101,958
粤BH1K24,114.187103,22.555901,958
粤BH1K24,114.176697,22.561001,959
粤BH1K24,114.1707,22.562901,960
粤BH1K24,114.157898,22.561399,961
粤BH1K24,114.141296,22.556,963
粤BH1K24,114.138496,22.553301,964
粤BH1K24,114.138199,22.555401,964
粤BH1K24,114.1306,22.5448,965
粤BH1K24,114.089104,22.5378,971
粤BH1K24,114.087997,22.5376,971
粤BH1K24,114.086998,22.5375,972
粤BH1K24,114.078499,22.534201,975
粤BH1K24,114.0774,22.5324,976
粤BH1K24,114.0616,22.5317,978
粤BH1K24,114.054802,22.531601,979
粤BH1K24,114.043098,22.5313,980
粤BH1K24,114.027,22.5312,982
粤BH1K24,114.028801,22.530701,982
粤BH1K24,114.023804,22.538401,983
粤BH1K24,114.024399,22.5357,983
粤BH1K24,114.023003,22.541401,984
粤BH1K24,114.022202,22.5446,984
粤BH1K24,114.021698,22.5452,985
粤BH1K24,114.017899,22.544399,986
粤BH1K24,114.019203,22.5446,986
粤BH1K24,114.017899,22.544399,987
粤BH1K24,114.015099,22.5439,988
粤BH1K24,114.012398,22.543301,990
粤BH1K24,114.012398,22.543301,990
粤BH1K24,114.012001,22.5438,990
粤BH1K24,114.009804,22.547501,991
粤BH1K24,114.011299,22.5455,991
粤BH1K24,114.008797,22.5476,991
粤BH1K24,114.008499,22.547899,993
粤BH1K24,114.008499,22.547899,994
粤BH1K24,114.008499,22.547899,995
粤BH1K24,114.008499,22.547899,996
粤BH1K24,114.008102,22.5481,997
粤BH1K24,114.008102,22.5481,997
粤BH1K24,114.008102,22.5481,998
粤BH1K24,114.008003,22.548599,999
粤BH1K24,114.015099,22.543699,1001
粤BH1K24,114.0168,22.544001,1001
粤BH1K24,114.0224,22.5424,1003
粤BH1K24,114.024399,22.534901,1004
粤BH1K24,114.0233,22.5397,1004
粤BH1K24,114.0289,22.5303,1005
粤BH1K24,114.024902,22.5324,1005
粤BH1K24,114.026299,22.530899,1005
粤BH1K24,114.037598,22.5306,1007
粤BH1K24,114.043602,22.5312,1007
粤BH1K24,114.0401,22.5308,1007
粤BH1K24,114.047401,22.5313,1008
粤BH1K24,114.054398,22.5315,1008
粤BH1K24,114.078201,22.5334,1011
粤BH1K24,114.077301,22.532101,1011
粤BH1K24,114.079201,22.535101,1011
粤BH1K24,114.081802,22.5401,1013
粤BH1K24,114.081802,22.5401,1013
粤BH1K24,114.085403,22.543301,1015
粤BH1K24,114.081802,22.5429,1015
粤BH1K24,114.083099,22.5432,1015
粤BH1K24,114.086998,22.5434,1016
粤BH1K24,114.086998,22.543301,1016
粤BH1K24,114.088203,22.543301,1016
粤BH1K24,114.0896,22.543501,1018
粤BH1K24,114.081001,22.557699,1028
粤BH1K24,114.086098,22.565001,1029
粤BH1K24,114.097397,22.5693,1032
粤BH1K24,114.098999,22.572599,1033
粤BH1K24,114.098801,22.5751,1033
粤BH1K24,114.098297,22.5924,1035
粤BH1K24,114.098297,22.5924,1035
粤BH1K24,114.098099,22.6017,1036
粤BH1K24,114.090797,22.620001,1038
粤BH1K24,114.091003,22.6194,1038
粤BH1K24,114.0914,22.617701,1038
粤BH1K24,114.089996,22.6224,1039
粤BH1K24,114.091698,22.6315,1040
粤BH1K24,114.094803,22.6325,1040
粤BH1K24,114.111198,22.6422,1042
粤BH1K24,114.119598,22.6411,1042
粤BH1K24,114.115898,22.642799,1042
粤BH1K24,114.123299,22.641701,1043
粤BH1K24,114.123299,22.641701,1043
粤BH1K24,114.1231,22.645599,1045
粤BH1K24,114.122101,22.646601,1046
粤BH1K24,114.121498,22.6472,1047
粤BH1K24,114.122597,22.645901,1049
粤BH1K24,114.123299,22.645201,1049
粤BH1K24,114.125198,22.638201,1053
粤BH1K24,114.125198,22.638201,1054
粤BH1K24,114.125198,22.638201,1055
粤BH1K24,114.125198,22.638201,1057
粤BH1K24,114.125198,22.638201,1058
粤BH1K24,114.125198,22.638201,1060
粤BH1K24,114.125397,22.6374,1060
粤BH1K24,114.125298,22.638,1060
粤BH1K24,114.125603,22.636499,1061
粤BH1K24,114.125702,22.6362,1061
粤BH1K24,114.125702,22.6362,1062
粤BH1K24,114.125801,22.636,1063
粤BH1K24,114.125801,22.636,1063
粤BH1K24,114.1259,22.635599,1064
粤BH1K24,114.1269,22.6343,1065
粤BH1K24,114.119598,22.628901,1068
粤BH1K24,114.117897,22.6285,1069
粤BH1K24,114.115601,22.6269,1069
粤BH1K24,114.113602,22.6245,1070
粤BH1K24,114.113998,22.625401,1070
粤BH1K24,114.108902,22.6222,1073
粤BH1K24,114.106598,22.6234,1073
粤BH1K24,114.106903,22.623199,1073
粤BH1K24,114.1064,22.6217,1076
粤BH1K24,114.107002,22.6206,1077
粤BH1K24,114.106903,22.621201,1077
粤BH1K24,114.106903,22.620399,1078
粤BH1K24,114.106903,22.620501,1079
粤BH1K24,114.107002,22.621,1080
粤BH1K24,114.107002,22.621,1080
粤BH1K24,114.107002,22.621099,1081
粤BH1K24,114.107002,22.621099,1083
粤BH1K24,114.107002,22.621099,1084
粤BH1K24,114.107002,22.621099,1084
粤BH1K24,114.107002,22.621099,1085
粤BH1K24,114.107002,22.621099,1085
粤BH1K24,114.107002,22.621099,1087
粤BH1K24,114.107002,22.621099,1087
粤BH1K24,114.107002,22.621099,1088
粤BH1K24,114.107002,22.621099,1090
粤BH1K24,114.107002,22.621099,1091
粤BH1K24,114.1063,22.621599,1091
粤BH1K24,114.106201,22.6217,1092
粤BH1K24,114.101501,22.626499,1094
粤BH1K24,114.101501,22.626499,1095
粤BH1K24,114.101501,22.626499,1095
粤BH1K24,114.101601,22.6269,1096
粤BH1K24,114.094398,22.632601,1097
粤BH1K24,114.097397,22.6311,1097
粤BH1K24,114.0896,22.6311,1098
粤BH1K24,114.086998,22.6306,1098
粤BH1K24,114.083504,22.629801,1099
粤BH1K24,114.075203,22.6294,1101
粤BH1K24,114.074799,22.6285,1102
粤BH1K24,114.068199,22.6185,1104
粤BH1K24,114.068199,22.6185,1104
粤BH1K24,114.068199,22.6185,1105
粤BH1K24,114.068199,22.6185,1105
粤BH1K24,114.062798,22.614901,1107
粤BH1K24,114.062103,22.614401,1108
粤BH1K24,114.061096,22.6138,1108
粤BH1K24,114.0625,22.615,1108
粤BH1K24,114.060097,22.613701,1109
粤BH1K24,114.055199,22.6082,1112
粤BH1K24,114.055603,22.6082,1112
粤BH1K24,114.054497,22.608299,1112
粤BH1K24,114.054497,22.608299,1113
粤BH1K24,114.051498,22.605301,1114
粤BH1K24,114.050301,22.604799,1115
粤BH1K24,114.044403,22.6047,1116
粤BH1K24,114.0466,22.6042,1116
粤BH1K24,114.0466,22.5945,1119
粤BH1K24,114.0466,22.5945,1119
粤BH1K24,114.0466,22.5945,1120
粤BH1K24,114.0466,22.5945,1120
粤BH1K24,114.0466,22.5945,1121
粤BH1K24,114.0466,22.5945,1122
粤BH1K24,114.0466,22.5945,1122
粤BH1K24,114.0466,22.5945,1123
粤BH1K24,114.0466,22.5945,1125
粤BH1K24,114.0466,22.5945,1125
粤BH1K24,114.0466,22.5945,1125
粤BH1K24,114.0466,22.5945,1126
粤BH1K24,114.0466,22.5945,1126
粤BH1K24,114.0466,22.5945,1126
粤BH1K24,114.0466,22.5945,1129
粤BH1K24,114.0466,22.5945,1129
粤BH1K24,114.0466,22.5945,1129
粤BH1K24,114.0466,22.5945,1130
粤BH1K24,114.0466,22.5945,1130
粤BH1K24,114.0466,22.5945,1132
粤BH1K24,114.0466,22.5945,1133
粤BH1K24,114.0466,22.5945,1133
粤BH1K24,114.0466,22.5945,1134
粤BH1K24,114.0466,22.5945,1135
粤BH1K24,114.0466,22.5945,1135
粤BH1K24,114.0466,22.5945,1136
粤BH1K24,114.0466,22.5945,1136
粤BH1K24,114.0466,22.5945,1141
粤BH1K24,114.0466,22.5945,1142
粤BH1K24,114.0466,22.5945,1142
粤BH1K24,114.0466,22.5945,1146
粤BH1K24,114.0466,22.5945,1146
粤BH1K24,114.0466,22.5945,1146
粤BH1K24,114.0466,22.5945,1147
粤BH1K24,114.0466,22.5945,1147
粤BH1K24,114.0466,22.5945,1149
粤BH1K24,114.0466,22.5945,1150
粤BH1K24,114.0466,22.5945,1150
粤BH1K24,114.0466,22.5945,1151
粤BH1K24,114.0466,22.5945,1153
粤BH1K24,114.0466,22.5945,1154
粤BH1K24,114.0466,22.5945,1154
粤BH1K24,114.0466,22.5945,1155
粤BH1K24,114.0466,22.5945,1157
粤BH1K24,114.0466,22.5945,1157
粤BH1K24,114.0466,22.5945,1157
粤BH1K24,114.0466,22.5945,1158
粤BH1K24,114.0466,22.5945,1158
粤BH1K24,114.0466,22.5945,1159
粤BH1K24,114.0466,22.5945,1160
粤BH1K24,114.0466,22.5945,1161
粤BH1K24,114.0466,22.5945,1162
粤BH1K24,114.0466,22.5945,1162
粤BH1K24,114.0466,22.5945,1162
粤BH1K24,114.0466,22.5945,1164
粤BH1K24,114.0466,22.5945,1164
粤BH1K24,114.0466,22.5945,1165
粤BH1K24,114.0466,22.5945,1165
粤BH1K24,114.0466,22.5945,1167
粤BH1K24,114.0466,22.5945,1167
粤BH1K24,114.0466,22.5945,1170
粤BH1K24,114.0466,22.5945,1171
粤BH1K24,114.0466,22.5945,1171
粤BH1K24,114.0466,22.5945,1171
粤BH1K24,114.0466,22.5945,1172
粤BH1K24,114.0466,22.5945,1172
粤BH1K24,114.0466,22.5945,1174
粤BH1K24,114.0466,22.5945,1175
粤BH1K24,114.0466,22.5945,1175
粤BH1K24,114.0466,22.5945,1176
粤BH1K24,114.0466,22.5945,1177
粤BH1K24,114.0466,22.5945,1178
粤BH1K24,114.0466,22.5945,1178
粤BH1K24,114.0466,22.5945,1178
粤BH1K24,114.0466,22.5945,1181
粤BH1K24,114.0466,22.5945,1181
粤BH1K24,114.0466,22.5945,1182
粤BH1K24,114.0466,22.5945,1182
粤BH1K24,114.0466,22.5945,1183
粤BH1K24,114.0466,22.5945,1184
粤BH1K24,114.0466,22.5945,1185
粤BH1K24,114.0466,22.5945,1185
粤BH1K24,114.0466,22.5945,1186
粤BH1K24,114.0466,22.5945,1186
粤BH1K24,114.0466,22.5945,1190
粤BH1K24,114.0466,22.5945,1191
粤BH1K24,114.0466,22.5945,1191
粤BH1K24,114.0466,22.5945,1191
粤BH1K24,114.0466,22.5945,1193
粤BH1K24,114.0466,22.5945,1197
粤BH1K24,114.0466,22.5945,1197
粤BH1K24,114.0466,22.5945,1198
粤BH1K24,114.0466,22.5945,1198
粤BH1K24,114.0466,22.5945,1199
粤BH1K24,114.0466,22.5945,1203
粤BH1K24,114.0466,22.5945,1203
粤BH1K24,114.0466,22.5945,1204
粤BH1K24,114.0466,22.5945,1206
粤BH1K24,114.0466,22.5945,1207
粤BH1K24,114.0466,22.5945,1208
粤BH1K24,114.0466,22.5945,1209
粤BH1K24,114.0466,22.5945,1210
粤BH1K24,114.0466,22.5945,1210
粤BH1K24,114.0466,22.5945,1212
粤BH1K24,114.0466,22.5945,1212
粤BH1K24,114.0466,22.5945,1212
粤BH1K24,114.0466,22.5945,1213
粤BH1K24,114.0466,22.5945,1215
粤BH1K24,114.0466,22.5945,1216
粤BH1K24,114.0466,22.5945,1217
粤BH1K24,114.0466,22.5945,1221
粤BH1K24,114.0466,22.5945,1224
粤BH1K24,114.0466,22.5945,1225
粤BH1K24,114.0466,22.5945,1225
粤BH1K24,114.0466,22.5945,1226
粤BH1K24,114.0466,22.5945,1226
粤BH1K24,114.0466,22.5945,1227
粤BH1K24,114.0466,22.5945,1228
粤BH1K24,114.0466,22.5945,1228
粤BH1K24,114.0466,22.5945,1228
粤BH1K24,114.0466,22.5945,1229
粤BH1K24,114.0466,22.5945,1229
粤BH1K24,114.0466,22.5945,1231
粤BH1K24,114.0466,22.5945,1231
粤BH1K24,114.0466,22.5945,1232
粤BH1K24,114.0466,22.5945,1232
粤BH1K24,114.0466,22.5945,1232
粤BH1K24,114.0466,22.5945,1233
粤BH1K24,114.0466,22.5945,1233
粤BH1K24,114.0466,22.5945,1234
粤BH1K24,114.0466,22.5945,1235
粤BH1K24,114.0466,22.5945,1235
粤BH1K24,114.0466,22.5945,1236
粤BH1K24,114.0466,22.5945,1238
粤BH1K24,114.0466,22.5945,1238
粤BH1K24,114.0466,22.5945,1238
粤BH1K24,114.0466,22.5945,1239
粤BH1K24,114.0466,22.5945,1239
粤BH1K24,114.0466,22.5945,1239
粤BH1K24,114.0466,22.5945,1242
粤BH1K24,114.0466,22.5945,1243
粤BH1K24,114.0466,22.5945,1243
粤BH1K24,114.0466,22.5945,1245
粤BH1K24,114.0466,22.5945,1245
粤BH1K24,114.0466,22.5945,1246
粤BH1K24,114.0466,22.5945,1247
粤BH1K24,114.0466,22.5945,1248
粤BH1K24,114.0466,22.5945,1250
粤BH1K24,114.0466,22.5945,1252
粤BH1K24,114.0466,22.5945,1252
粤BH1K24,114.0466,22.5945,1253
粤BH1K24,114.0466,22.5945,1253
粤BH1K24,114.0466,22.5945,1255
粤BH1K24,114.0466,22.5945,1255
粤BH1K24,114.0466,22.5945,1256
粤BH1K24,114.0466,22.5945,1256
粤BH1K24,114.0466,22.5945,1257
粤BH1K24,114.0466,22.5945,1257
粤BH1K24,114.0466,22.5945,1260
粤BH1K24,114.0466,22.5945,1260
粤BH1K24,114.0466,22.5945,1261
粤BH1K24,114.0466,22.5945,1262
粤BH1K24,114.0466,22.5945,1262
粤BH1K24,114.0466,22.5945,1263
粤BH1K24,114.0466,22.5945,1264
粤BH1K24,114.0466,22.5945,1265
粤BH1K24,114.0466,22.5945,1267
粤BH1K24,114.0466,22.5945,1267
粤BH1K24,114.0466,22.5945,1268
粤BH1K24,114.0466,22.5945,1268
粤BH1K24,114.0466,22.5945,1268
粤BH1K24,114.0466,22.5945,1269
粤BH1K24,114.0466,22.5945,1271
粤BH1K24,114.0466,22.5945,1272
粤BH1K24,114.0466,22.5945,1272
粤BH1K24,114.0466,22.5945,1273
粤BH1K24,114.0466,22.5945,1274
粤BH1K24,114.0466,22.5945,1275
粤BH1K24,114.0466,22.5945,1275
粤BH1K24,114.0466,22.5945,1276
粤BH1K24,114.0466,22.5945,1276
粤BH1K24,114.0466,22.5945,1277
粤BH1K24,114.0466,22.5945,1278
粤BH1K24,114.0466,22.5945,1278
粤BH1K24,114.0466,22.5945,1278
粤BH1K24,114.0466,22.5945,1279
粤BH1K24,114.0466,22.5945,1282
粤BH1K24,114.0466,22.5945,1282
粤BH1K24,114.0466,22.5945,1283
粤BH1K24,114.0466,22.5945,1285
粤BH1K24,114.0466,22.5945,1285
粤BH1K24,114.0466,22.5945,1285
粤BH1K24,114.0466,22.5945,1286
粤BH1K24,114.0466,22.5945,1289
粤BH1K24,114.0466,22.5945,1292
粤BH1K24,114.0466,22.5945,1292
粤BH1K24,114.0466,22.5945,1292
粤BH1K24,114.0466,22.5945,1293
粤BH1K24,114.0466,22.5945,1294
粤BH1K24,114.0466,22.5945,1295
粤BH1K24,114.0466,22.5945,1298
粤BH1K24,114.0466,22.5945,1298
粤BH1K24,114.0466,22.5945,1299
粤BH1K24,114.0466,22.5945,1303
粤BH1K24,114.0466,22.5945,1303
粤BH1K24,114.0466,22.5945,1308
粤BH1K24,114.0466,22.5945,1310
粤BH1K24,114.0466,22.5945,1310
粤BH1K24,114.0466,22.5945,1311
粤BH1K24,114.0466,22.5945,1311
粤BH1K24,114.0466,22.5945,1314
粤BH1K24,114.0466,22.5945,1314
粤BH1K24,114.0466,22.5945,1315
粤BH1K24,114.0466,22.5945,1327
粤BH1K24,114.0466,22.5945,1331
粤BH1K24,114.0466,22.5945,1332
粤BH1K24,114.0466,22.594601,1332
粤BH1K24,114.0466,22.594601,1333
粤BH1K24,114.0466,22.594601,1333
粤BH1K24,114.0466,22.594601,1334
粤BH1K24,114.0466,22.594601,1334
粤BH1K24,114.0466,22.594601,1335
粤BH1K24,114.0466,22.594601,1335
粤BH1K24,114.0466,22.594601,1337
粤BH1K24,114.0466,22.594601,1338
粤BH1K24,114.0466,22.594601,1339
粤BH1K24,114.0466,22.594601,1340
粤BH1K24,114.0466,22.594601,1341
粤BH1K24,114.0466,22.594601,1341
粤BH1K24,114.0466,22.594601,1341
粤BH1K24,114.0466,22.594601,1342
粤BH1K24,114.0466,22.594601,1342
粤BH1K24,114.0466,22.594601,1344
粤BH1K24,114.0466,22.594601,1344
粤BH1K24,114.0466,22.594601,1344
粤BH1K24,114.0466,22.594601,1345
粤BH1K24,114.0466,22.594601,1345
粤BH1K24,114.0466,22.594601,1345
粤BH1K24,114.0466,22.594601,1346
粤BH1K24,114.0466,22.594601,1347
粤BH1K24,114.0466,22.594601,1348
粤BH1K24,114.0466,22.594601,1349
粤BH1K24,114.0466,22.594601,1349
粤BH1K24,114.0466,22.594601,1350
粤BH1K24,114.0466,22.594601,1351
粤BH1K24,114.0466,22.594601,1352
粤BH1K24,114.0466,22.594601,1352
粤BH1K24,114.0466,22.594601,1356
粤BH1K24,114.0466,22.594601,1358
粤BH1K24,114.0466,22.594601,1359
粤BH1K24,114.0466,22.594601,1364
粤BH1K24,114.0466,22.594601,1364
粤BH1K24,114.0466,22.594601,1365
粤BH1K24,114.0466,22.594601,1365
粤BH1K24,114.0466,22.594601,1366
粤BH1K24,114.0466,22.594601,1366
粤BH1K24,114.0466,22.594601,1369
粤BH1K24,114.0466,22.594601,1372
粤BH1K24,114.0466,22.594601,1372
粤BH1K24,114.0466,22.594601,1373
粤BH1K24,114.0466,22.594601,1377
粤BH1K24,114.0467,22.594601,1378
粤BH1K24,114.0466,22.594601,1378
粤BH1K24,114.0467,22.594601,1380
粤BH1K24,114.0467,22.594601,1381
粤BH1K24,114.0467,22.594601,1381
粤BH1K24,114.0467,22.594601,1382
粤BH1K24,114.0467,22.594601,1383
粤BH1K24,114.0467,22.594601,1383
粤BH1K24,114.0467,22.594601,1384
粤BH1K24,114.0467,22.594601,1384
粤BH1K24,114.0467,22.594601,1386
粤BH1K24,114.0467,22.594601,1386
粤BH1K24,114.0467,22.594601,1387
粤BH1K24,114.0467,22.594601,1387
粤BH1K24,114.0467,22.594601,1388
粤BH1K24,114.0467,22.594601,1390
粤BH1K24,114.0467,22.594601,1390
粤BH1K24,114.0467,22.594601,1391
粤BH1K24,114.0467,22.594601,1393
粤BH1K24,114.0467,22.594601,1393
粤BH1K24,114.0467,22.594601,1394
粤BH1K24,114.0467,22.594601,1394
粤BH1K24,114.0467,22.594601,1394
粤BH1K24,114.0467,22.594601,1395
粤BH1K24,114.0467,22.594601,1397
粤BH1K24,114.0467,22.594601,1398
粤BH1K24,114.0467,22.594601,1398
粤BH1K24,114.0467,22.594601,1398
粤BH1K24,114.0467,22.594601,1399
粤BH1K24,114.0467,22.594601,1400
粤BH1K24,114.0467,22.594601,1401
粤BH1K24,114.0467,22.594601,1401
粤BH1K24,114.0467,22.594601,1401
粤BH1K24,114.0467,22.594601,1402
粤BH1K24,114.0467,22.594601,1402
粤BH1K24,114.0467,22.594601,1404
粤BH1K24,114.0467,22.594601,1405
粤BH1K24,114.0467,22.594601,1406
粤BH1K24,114.0467,22.594601,1410
粤BH1K24,114.0467,22.594601,1411
粤BH1K24,114.0467,22.594601,1411
粤BH1K24,114.0467,22.594601,1412
粤BH1K24,114.0467,22.594601,1413
粤BH1K24,114.0467,22.594601,1414
粤BH1K24,114.0467,22.594601,1414
粤BH1K24,114.0467,22.594601,1415
粤BH1K24,114.0467,22.594601,1415
粤BH1K24,114.0467,22.594601,1416
粤BH1K24,114.0467,22.594601,1418
粤BH1K24,114.0467,22.594601,1418
粤BH1K24,114.0467,22.594601,1419
粤BH1K24,114.0467,22.594601,1419
粤BH1K24,114.0467,22.594601,1419
粤BH1K24,114.0467,22.594601,1422
粤BH1K24,114.0467,22.594601,1422
粤BH1K24,114.0467,22.594601,1423
粤BH1K24,114.0467,22.594601,1423
粤BH1K24,114.0467,22.594601,1423
粤BH1K24,114.0467,22.594601,1426
粤BH1K24,114.0467,22.594601,1426
粤BH1K24,114.0467,22.594601,1427
粤BH1K24,114.0467,22.594601,1427
粤BH1K24,114.0467,22.594601,1429
粤BH1K24,114.0467,22.594601,1429
粤BH1K24,114.0467,22.594601,1430
粤BH1K24,114.0467,22.594601,1431
粤BH1K24,114.0467,22.594601,1432
粤BH1K24,114.0467,22.594601,1432
粤BH1K24,114.0467,22.594601,1433
粤BH1K24,114.0467,22.594601,1433
粤BH1K24,114.0467,22.594601,1434
