粤BX0X95,114.123924,22.543484,4
粤BX0X95,114.123924,22.543484,13
粤BX0X95,114.123924,22.543484,19
粤BX0X95,114.123924,22.543484,19
粤BX0X95,114.123924,22.543484,25
粤BX0X95,114.123924,22.543484,31
粤BX0X95,114.123924,22.543484,35
粤BX0X95,114.123924,22.543484,37
粤BX0X95,114.123924,22.543484,43
粤BX0X95,114.123924,22.543484,49
粤BX0X95,114.123924,22.543484,51
粤BX0X95,114.123924,22.543484,55
粤BX0X95,114.123924,22.543484,61
粤BX0X95,114.123924,22.543484,67
粤BX0X95,114.123924,22.543484,67
粤BX0X95,114.123924,22.543484,72
粤BX0X95,114.123924,22.543484,78
粤BX0X95,114.123924,22.543484,82
粤BX0X95,114.123924,22.543484,84
粤BX0X95,114.123924,22.543484,90
粤BX0X95,114.123924,22.543484,96
粤BX0X95,114.123924,22.543484,98
粤BX0X95,114.123924,22.543484,102
粤BX0X95,114.123924,22.543484,108
粤BX0X95,114.123924,22.543484,114
粤BX0X95,114.123924,22.543484,114
粤BX0X95,114.123924,22.543484,120
粤BX0X95,114.123924,22.543484,126
粤BX0X95,114.123924,22.543484,129
粤BX0X95,114.123924,22.543484,132
粤BX0X95,114.123924,22.543484,138
粤BX0X95,114.123924,22.543484,144
粤BX0X95,114.123924,22.543484,145
粤BX0X95,114.123924,22.543484,150
粤BX0X95,114.123924,22.543484,156
粤BX0X95,114.123924,22.543484,161
粤BX0X95,114.123924,22.543484,162
粤BX0X95,114.123924,22.543484,168
粤BX0X95,114.123924,22.543484,174
粤BX0X95,114.123924,22.543484,180
粤BX0X95,114.123924,22.543484,192
粤BX0X95,114.123924,22.543484,192
粤BX0X95,114.123924,22.543484,198
粤BX0X95,114.123924,22.543484,204
粤BX0X95,114.123924,22.543484,208
粤BX0X95,114.123924,22.543484,210
粤BX0X95,114.123924,22.543484,216
粤BX0X95,114.123924,22.543484,222
粤BX0X95,114.123924,22.543484,224
粤BX0X95,114.123924,22.543484,228
粤BX0X95,114.123924,22.543484,233
粤BX0X95,114.123924,22.543484,239
粤BX0X95,114.123924,22.543484,240
粤BX0X95,114.123924,22.543484,245
粤BX0X95,114.123924,22.543484,251
粤BX0X95,114.123924,22.543484,255
粤BX0X95,114.123924,22.543484,257
粤BX0X95,114.123924,22.543484,263
粤BX0X95,114.123924,22.543484,269
粤BX0X95,114.123924,22.543484,271
粤BX0X95,114.123924,22.543484,275
粤BX0X95,114.123924,22.543484,281
粤BX0X95,114.123924,22.543484,287
粤BX0X95,114.123924,22.543484,287
粤BX0X95,114.123924,22.543484,293
粤BX0X95,114.123924,22.543484,299
粤BX0X95,114.123924,22.543484,303
粤BX0X95,114.123924,22.543484,305
粤BX0X95,114.123924,22.543484,311
粤BX0X95,114.123924,22.543484,317
粤BX0X95,114.123924,22.543484,318
粤BX0X95,114.123924,22.543484,323
粤BX0X95,114.123924,22.543484,329
粤BX0X95,114.123924,22.543484,334
粤BX0X95,114.123924,22.543484,335
粤BX0X95,114.123924,22.543484,341
粤BX0X95,114.123924,22.543484,347
粤BX0X95,114.123924,22.543484,350
粤BX0X95,114.123924,22.543484,353
粤BX0X95,114.123924,22.543484,358
粤BX0X95,114.123924,22.543484,364
粤BX0X95,114.123924,22.543484,366
粤BX0X95,114.123924,22.543484,370
粤BX0X95,114.123924,22.543484,376
粤BX0X95,114.123924,22.543484,381
粤BX0X95,114.123924,22.543484,382
粤BX0X95,114.123924,22.543484,388
粤BX0X95,114.123924,22.543484,394
粤BX0X95,114.123924,22.543484,397
粤BX0X95,114.123924,22.543484,400
粤BX0X95,114.123924,22.543484,406
粤BX0X95,114.123924,22.543484,412
粤BX0X95,114.123924,22.543484,413
粤BX0X95,114.123924,22.543484,418
粤BX0X95,114.123924,22.543484,424
粤BX0X95,114.123924,22.543484,429
粤BX0X95,114.123924,22.543484,430
粤BX0X95,114.123924,22.543484,436
粤BX0X95,114.123924,22.543484,442
粤BX0X95,114.123924,22.543484,444
粤BX0X95,114.123924,22.543484,448
粤BX0X95,114.123924,22.543484,454
粤BX0X95,114.042038,22.521839,481
粤BX0X95,114.041214,22.520439,482
粤BX0X95,114.038261,22.516108,483
粤BX0X95,114.038261,22.516108,483
粤BX0X95,114.030861,22.523497,488
粤BX0X95,114.030891,22.523462,489
粤BX0X95,114.030891,22.523462,489
粤BX0X95,114.035027,22.524813,490
粤BX0X95,114.037201,22.523575,491
粤BX0X95,114.039429,22.522305,492
粤BX0X95,114.047653,22.539724,492
粤BX0X95,114.041496,22.52121,493
粤BX0X95,114.041527,22.521225,494
粤BX0X95,114.042053,22.521368,495
粤BX0X95,114.042053,22.521368,495
粤BX0X95,114.043709,22.524216,496
粤BX0X95,114.044052,22.52483,497
粤BX0X95,114.044945,22.528696,498
粤BX0X95,114.044525,22.538799,499
粤BX0X95,114.046585,22.539394,500
粤BX0X95,114.047653,22.539724,502
粤BX0X95,114.04911,22.541624,503
粤BX0X95,114.05265,22.542168,505
粤BX0X95,114.061241,22.542522,506
粤BX0X95,114.065964,22.542292,507
粤BX0X95,114.065964,22.542292,507
粤BX0X95,114.092949,22.550709,508
粤BX0X95,114.068085,22.54578,508
粤BX0X95,114.071594,22.548042,509
粤BX0X95,114.075554,22.547014,510
粤BX0X95,114.077332,22.547127,511
粤BX0X95,114.081078,22.546867,512
粤BX0X95,114.084015,22.546965,513
粤BX0X95,114.084015,22.546965,513
粤BX0X95,114.088791,22.547199,514
粤BX0X95,114.090752,22.547197,515
粤BX0X95,114.091873,22.549078,516
粤BX0X95,114.092949,22.550709,517
粤BX0X95,114.09906,22.551582,519
粤BX0X95,114.09906,22.551582,519
粤BX0X95,114.099396,22.55228,520
粤BX0X95,114.099258,22.557627,522
粤BX0X95,114.09549,22.558544,523
粤BX0X95,114.09507,22.5599,523
粤BX0X95,114.09507,22.5599,524
粤BX0X95,114.095444,22.559872,525
粤BX0X95,114.096031,22.559456,539
粤BX0X95,114.096031,22.559456,549
粤BX0X95,114.096031,22.559456,554
粤BX0X95,114.096031,22.559456,555
粤BX0X95,114.096031,22.559456,561
粤BX0X95,114.096031,22.559456,567
粤BX0X95,114.099442,22.553804,570
粤BX0X95,114.096031,22.559456,573
粤BX0X95,114.096054,22.559439,576
粤BX0X95,114.096161,22.559803,577
粤BX0X95,114.098236,22.560102,578
粤BX0X95,114.098236,22.560102,579
粤BX0X95,114.099243,22.558647,579
粤BX0X95,114.099442,22.553804,580
粤BX0X95,114.099686,22.552393,581
粤BX0X95,114.099586,22.544018,584
粤BX0X95,114.103043,22.543964,585
粤BX0X95,114.099586,22.544018,585
粤BX0X95,114.115852,22.535202,586
粤BX0X95,114.106346,22.542747,587
粤BX0X95,114.106384,22.542767,588
粤BX0X95,114.106232,22.541292,589
粤BX0X95,114.108025,22.54163,591
粤BX0X95,114.106232,22.541292,591
粤BX0X95,114.10939,22.541649,592
粤BX0X95,114.110428,22.540861,593
粤BX0X95,114.11084,22.536577,594
粤BX0X95,114.111801,22.531713,595
粤BX0X95,114.115852,22.535202,596
粤BX0X95,114.115852,22.535202,597
粤BX0X95,114.117943,22.537226,597
粤BX0X95,114.122993,22.540295,598
粤BX0X95,114.127136,22.54278,599
粤BX0X95,114.134476,22.546886,600
粤BX0X95,114.126549,22.549587,602
粤BX0X95,114.143234,22.550667,603
粤BX0X95,114.14315,22.551359,604
粤BX0X95,114.140694,22.549927,605
粤BX0X95,114.136375,22.549603,606
粤BX0X95,114.131615,22.548985,607
粤BX0X95,114.128532,22.550446,608
粤BX0X95,114.126549,22.549587,609
粤BX0X95,114.128532,22.550446,609
粤BX0X95,114.126373,22.549561,610
粤BX0X95,114.126373,22.549559,611
粤BX0X95,114.124046,22.547663,612
粤BX0X95,114.118149,22.546829,613
粤BX0X95,114.117561,22.544214,614
粤BX0X95,114.117897,22.543789,615
粤BX0X95,114.117561,22.544214,615
粤BX0X95,114.117615,22.541548,616
粤BX0X95,114.114792,22.5462,617
粤BX0X95,114.115967,22.542528,618
粤BX0X95,114.115746,22.542763,619
粤BX0X95,114.115257,22.545763,620
粤BX0X95,114.114815,22.546053,621
粤BX0X95,114.115013,22.545933,621
粤BX0X95,114.114792,22.5462,622
粤BX0X95,114.114792,22.5462,625
粤BX0X95,114.114792,22.5462,627
粤BX0X95,114.114792,22.5462,633
粤BX0X95,114.114792,22.5462,641
粤BX0X95,114.114792,22.5462,643
粤BX0X95,114.114792,22.5462,649
粤BX0X95,114.115181,22.546003,655
粤BX0X95,114.115181,22.546003,661
粤BX0X95,114.115181,22.546003,667
粤BX0X95,114.115181,22.546003,673
粤BX0X95,114.109856,22.553167,673
粤BX0X95,114.115471,22.54476,678
粤BX0X95,114.113693,22.545025,679
粤BX0X95,114.115471,22.54476,679
粤BX0X95,114.11142,22.545717,680
粤BX0X95,114.110497,22.547396,681
粤BX0X95,114.109856,22.553167,682
粤BX0X95,114.104614,22.558706,684
粤BX0X95,114.103889,22.558701,685
粤BX0X95,114.104614,22.558706,685
粤BX0X95,114.097641,22.558613,686
粤BX0X95,114.091728,22.558575,687
粤BX0X95,114.04496,22.558043,688
粤BX0X95,114.091667,22.55858,688
粤BX0X95,114.090012,22.558546,689
粤BX0X95,114.080116,22.558346,690
粤BX0X95,114.080116,22.558346,691
粤BX0X95,114.069679,22.558323,691
粤BX0X95,114.061745,22.558874,692
粤BX0X95,114.055405,22.562569,693
粤BX0X95,114.049896,22.562412,694
粤BX0X95,114.04847,22.560732,695
粤BX0X95,114.045746,22.558437,696
粤BX0X95,114.045334,22.55826,697
粤BX0X95,114.045746,22.558437,697
粤BX0X95,114.04496,22.558043,698
粤BX0X95,114.044884,22.557928,699
粤BX0X95,114.04409,22.55707,700
粤BX0X95,114.044075,22.55707,701
粤BX0X95,114.046898,22.559324,702
粤BX0X95,114.04882,22.560812,703
粤BX0X95,114.046898,22.559324,703
粤BX0X95,114.057259,22.562569,704
粤BX0X95,114.053566,22.562326,704
粤BX0X95,114.055168,22.562551,705
粤BX0X95,114.052017,22.562712,706
粤BX0X95,114.048439,22.56077,707
粤BX0X95,114.045486,22.558456,708
粤BX0X95,114.045341,22.558264,709
粤BX0X95,114.045486,22.558456,709
粤BX0X95,114.045044,22.558077,710
粤BX0X95,114.044334,22.55732,711
粤BX0X95,114.044327,22.557297,712
粤BX0X95,114.047043,22.559381,713
粤BX0X95,114.053566,22.562326,714
粤BX0X95,114.053566,22.562326,715
粤BX0X95,114.057541,22.562279,715
粤BX0X95,114.069763,22.558147,717
粤BX0X95,114.079132,22.558252,718
粤BX0X95,114.08831,22.558327,719
粤BX0X95,114.090866,22.558147,720
粤BX0X95,114.10083,22.552143,720
粤BX0X95,114.102959,22.553007,720
粤BX0X95,114.090897,22.554529,721
粤BX0X95,114.090866,22.558147,721
粤BX0X95,114.090874,22.552116,722
粤BX0X95,114.090904,22.552118,723
粤BX0X95,114.090919,22.552122,724
粤BX0X95,114.093437,22.551838,725
粤BX0X95,114.093437,22.551838,727
粤BX0X95,114.099022,22.551764,727
粤BX0X95,114.098976,22.551636,728
粤BX0X95,114.10083,22.552143,729
粤BX0X95,114.102959,22.553007,730
粤BX0X95,114.100334,22.552078,731
粤BX0X95,114.098167,22.551888,732
粤BX0X95,114.097054,22.554382,733
粤BX0X95,114.098167,22.551888,733
粤BX0X95,114.094673,22.556267,735
粤BX0X95,114.094673,22.556269,736
粤BX0X95,114.094673,22.556267,736
粤BX0X95,114.094673,22.556267,739
粤BX0X95,114.094673,22.556267,745
粤BX0X95,114.094673,22.556267,751
粤BX0X95,114.094673,22.556267,751
粤BX0X95,114.094673,22.556267,757
粤BX0X95,114.094673,22.556267,762
粤BX0X95,114.094673,22.556267,767
粤BX0X95,114.094673,22.556267,768
粤BX0X95,114.094673,22.556267,774
粤BX0X95,114.094673,22.556267,780
粤BX0X95,114.094673,22.556267,783
粤BX0X95,114.094673,22.556267,786
粤BX0X95,114.094673,22.556267,792
粤BX0X95,114.094673,22.556267,798
粤BX0X95,114.094673,22.556267,798
粤BX0X95,114.094673,22.556267,804
粤BX0X95,114.094673,22.556267,810
粤BX0X95,114.09478,22.555094,813
粤BX0X95,114.096672,22.554993,814
粤BX0X95,114.107605,22.569693,814
粤BX0X95,114.107666,22.56801,814
粤BX0X95,114.099319,22.556952,815
粤BX0X95,114.105293,22.55862,816
粤BX0X95,114.099319,22.556952,816
粤BX0X95,114.107269,22.566319,819
粤BX0X95,114.1073,22.566446,820
粤BX0X95,114.107582,22.567207,821
粤BX0X95,114.10759,22.56743,822
粤BX0X95,114.10759,22.56743,822
粤BX0X95,114.107605,22.569693,823
粤BX0X95,114.107666,22.56801,824
粤BX0X95,114.10553,22.565752,825
粤BX0X95,114.104317,22.565048,826
粤BX0X95,114.10244,22.56332,827
粤BX0X95,114.101746,22.56263,828
粤BX0X95,114.101746,22.56263,828
粤BX0X95,114.10173,22.561947,829
粤BX0X95,114.102592,22.56168,830
粤BX0X95,114.103615,22.56172,831
粤BX0X95,114.103683,22.561752,832
粤BX0X95,114.104012,22.56089,833
粤BX0X95,114.104195,22.556273,834
粤BX0X95,114.104149,22.554213,835
粤BX0X95,114.104195,22.556273,835
粤BX0X95,114.104607,22.552408,836
粤BX0X95,114.115227,22.545982,843
粤BX0X95,114.118309,22.546131,844
粤BX0X95,114.109932,22.537798,845
粤BX0X95,114.119675,22.546377,845
粤BX0X95,114.119972,22.545797,846
粤BX0X95,114.119972,22.545797,846
粤BX0X95,114.120087,22.545193,847
粤BX0X95,114.119652,22.544838,848
粤BX0X95,114.119141,22.54446,848
粤BX0X95,114.118645,22.543814,849
粤BX0X95,114.118576,22.543713,850
粤BX0X95,114.119736,22.541059,851
粤BX0X95,114.116356,22.539343,852
粤BX0X95,114.116356,22.539343,852
粤BX0X95,114.109932,22.537798,853
粤BX0X95,114.080444,22.536621,856
粤BX0X95,114.075783,22.531919,857
粤BX0X95,114.075783,22.531919,858
粤BX0X95,114.068214,22.531763,858
粤BX0X95,114.049301,22.531412,860
粤BX0X95,114.043816,22.530954,861
粤BX0X95,114.038628,22.523893,861
粤BX0X95,114.044968,22.528183,862
粤BX0X95,114.044563,22.526314,863
粤BX0X95,114.043961,22.525072,864
粤BX0X95,114.043961,22.525072,864
粤BX0X95,114.042549,22.523336,865
粤BX0X95,114.043022,22.523874,866
粤BX0X95,114.04274,22.523607,867
粤BX0X95,114.040771,22.523443,868
粤BX0X95,114.038811,22.524008,869
粤BX0X95,114.038811,22.524014,869
粤BX0X95,114.038811,22.524008,870
粤BX0X95,114.038628,22.523893,871
粤BX0X95,114.038788,22.524055,871
粤BX0X95,114.037933,22.523769,875
粤BX0X95,114.037857,22.523342,876
粤BX0X95,114.037933,22.523769,876
粤BX0X95,114.041267,22.521309,877
粤BX0X95,114.056648,22.522659,877
粤BX0X95,114.048141,22.518463,878
粤BX0X95,114.051231,22.518171,879
粤BX0X95,114.058571,22.519693,880
粤BX0X95,114.058159,22.519636,881
粤BX0X95,114.058159,22.519636,882
粤BX0X95,114.056458,22.520315,882
粤BX0X95,114.056198,22.520678,883
粤BX0X95,114.056648,22.522659,887
粤BX0X95,114.058449,22.523424,888
粤BX0X95,114.058449,22.523424,888
粤BX0X95,114.058968,22.521698,889
粤BX0X95,114.058945,22.520678,890
粤BX0X95,114.061333,22.520735,891
粤BX0X95,114.060814,22.518934,892
粤BX0X95,114.055626,22.515631,893
粤BX0X95,114.054413,22.515169,894
粤BX0X95,114.054413,22.515169,894
粤BX0X95,114.055237,22.5147,895
粤BX0X95,114.057281,22.514818,896
粤BX0X95,114.057297,22.514933,897
粤BX0X95,114.057014,22.514477,898
粤BX0X95,114.057022,22.514465,898
粤BX0X95,114.078377,22.534245,908
粤BX0X95,114.08606,22.537382,909
粤BX0X95,114.060799,22.523058,912
粤BX0X95,114.061356,22.520878,912
粤BX0X95,114.059479,22.525942,913
粤BX0X95,114.059563,22.52684,914
粤BX0X95,114.07457,22.531837,917
粤BX0X95,114.078377,22.534245,918
粤BX0X95,114.078377,22.534245,918
粤BX0X95,114.08606,22.537382,919
粤BX0X95,114.102325,22.537817,922
粤BX0X95,114.106308,22.536886,923
粤BX0X95,114.110336,22.547215,924
粤BX0X95,114.111145,22.534948,925
粤BX0X95,114.114922,22.533068,927
粤BX0X95,114.114098,22.535572,928
粤BX0X95,114.112717,22.538702,932
粤BX0X95,114.110992,22.541616,933
粤BX0X95,114.110336,22.547215,934
粤BX0X95,114.110168,22.549892,935
粤BX0X95,114.110168,22.549892,936
粤BX0X95,114.109779,22.55394,936
粤BX0X95,114.119705,22.558464,938
粤BX0X95,114.121635,22.569111,940
粤BX0X95,114.12632,22.570745,941
粤BX0X95,114.12632,22.570745,942
粤BX0X95,114.113625,22.546301,969
粤BX0X95,114.115929,22.542933,971
粤BX0X95,114.115799,22.542522,971
粤BX0X95,114.104965,22.55879,972
粤BX0X95,114.115799,22.542522,972
粤BX0X95,114.104965,22.55879,982
粤BX0X95,114.1045,22.55862,983
粤BX0X95,114.1045,22.55862,984
粤BX0X95,114.102081,22.558413,984
粤BX0X95,114.099609,22.558647,985
粤BX0X95,114.099747,22.558605,986
粤BX0X95,114.098915,22.558786,987
粤BX0X95,114.09124,22.558567,988
粤BX0X95,114.091095,22.558384,989
粤BX0X95,114.086609,22.558485,990
粤BX0X95,114.091095,22.558384,990
粤BX0X95,114.075241,22.558041,991
粤BX0X95,114.068123,22.558249,993
粤BX0X95,114.067612,22.558254,994
粤BX0X95,114.058716,22.561832,995
粤BX0X95,114.058716,22.561832,996
粤BX0X95,114.057167,22.562828,996
粤BX0X95,114.049263,22.562073,997
粤BX0X95,114.044243,22.556952,1003
粤BX0X95,114.0448,22.557867,1006
粤BX0X95,114.044945,22.558002,1007
粤BX0X95,114.044945,22.558002,1008
粤BX0X95,114.044853,22.55781,1010
粤BX0X95,114.044151,22.556992,1011
粤BX0X95,114.044357,22.556784,1012
粤BX0X95,114.044243,22.556952,1013
粤BX0X95,114.044243,22.556952,1014
粤BX0X95,114.043991,22.555597,1014
粤BX0X95,114.04406,22.5511,1015
粤BX0X95,114.043983,22.548948,1017
粤BX0X95,114.0439,22.540789,1018
粤BX0X95,114.050316,22.542498,1019
粤BX0X95,114.060448,22.534418,1019
粤BX0X95,114.050316,22.542498,1020
粤BX0X95,114.058212,22.540945,1020
粤BX0X95,114.059586,22.533451,1030
粤BX0X95,114.058617,22.53508,1032
粤BX0X95,114.057907,22.534727,1033
粤BX0X95,114.051224,22.536503,1034
粤BX0X95,114.055672,22.535418,1034
粤BX0X95,114.053574,22.535254,1035
粤BX0X95,114.053246,22.535854,1036
粤BX0X95,114.053665,22.537411,1037
粤BX0X95,114.053215,22.539427,1038
粤BX0X95,114.053665,22.537411,1038
粤BX0X95,114.04982,22.54023,1040
粤BX0X95,114.04985,22.540295,1040
粤BX0X95,114.051308,22.540104,1041
粤BX0X95,114.051407,22.537262,1042
粤BX0X95,114.051285,22.537647,1043
粤BX0X95,114.051224,22.536503,1044
粤BX0X95,114.051285,22.537647,1044
粤BX0X95,114.051254,22.533344,1045
粤BX0X95,114.05294,22.531637,1046
粤BX0X95,114.070335,22.530897,1048
粤BX0X95,114.078239,22.533169,1049
粤BX0X95,114.078239,22.533169,1050
粤BX0X95,114.084801,22.537365,1050
粤BX0X95,114.092667,22.537119,1051
粤BX0X95,114.098572,22.537842,1052
粤BX0X95,114.100021,22.537718,1053
粤BX0X95,114.105438,22.537273,1055
粤BX0X95,114.105438,22.537273,1056
粤BX0X95,114.110107,22.537617,1056
粤BX0X95,114.111618,22.533932,1057
粤BX0X95,114.119896,22.537962,1061
粤BX0X95,114.119713,22.53808,1062
粤BX0X95,114.119514,22.537983,1063
粤BX0X95,114.116722,22.536583,1064
粤BX0X95,114.111755,22.534992,1065
粤BX0X95,114.116013,22.541822,1066
粤BX0X95,114.11377,22.540092,1067
粤BX0X95,114.113556,22.540388,1068
粤BX0X95,114.113632,22.540586,1069
粤BX0X95,114.113678,22.540373,1070
粤BX0X95,114.113716,22.540442,1070
粤BX0X95,114.113747,22.540611,1071
粤BX0X95,114.113541,22.541986,1072
粤BX0X95,114.113564,22.54207,1074
粤BX0X95,114.115967,22.542421,1075
粤BX0X95,114.116013,22.541822,1076
粤BX0X95,114.115852,22.541006,1077
粤BX0X95,114.11647,22.540291,1078
粤BX0X95,114.111824,22.538822,1079
粤BX0X95,114.111824,22.538822,1080
粤BX0X95,114.092987,22.538263,1081
粤BX0X95,114.083687,22.537893,1082
粤BX0X95,114.074333,22.531839,1084
粤BX0X95,114.069756,22.531973,1085
粤BX0X95,114.069756,22.531973,1086
粤BX0X95,114.067726,22.532244,1087
粤BX0X95,114.06694,22.532001,1088
粤BX0X95,114.06636,22.531918,1089
粤BX0X95,114.058609,22.531967,1091
粤BX0X95,114.058609,22.531967,1092
粤BX0X95,114.051231,22.534409,1093
粤BX0X95,114.050461,22.536655,1094
粤BX0X95,114.050575,22.536652,1095
粤BX0X95,114.050514,22.537148,1096
粤BX0X95,114.051437,22.538876,1097
粤BX0X95,114.051437,22.538876,1098
粤BX0X95,114.051521,22.539007,1098
粤BX0X95,114.051552,22.539055,1099
粤BX0X95,114.051498,22.539335,1099
粤BX0X95,114.04258,22.531523,1107
粤BX0X95,114.035004,22.530643,1108
粤BX0X95,114.02494,22.531742,1109
粤BX0X95,114.018471,22.531862,1110
粤BX0X95,114.035004,22.530643,1110
粤BX0X95,114.011368,22.530155,1111
粤BX0X95,114.00103,22.546192,1113
粤BX0X95,113.993179,22.533161,1114
粤BX0X95,113.992622,22.537201,1115
粤BX0X95,113.993179,22.533161,1116
粤BX0X95,113.992363,22.539795,1116
粤BX0X95,113.996979,22.539869,1117
粤BX0X95,113.991615,22.543486,1120
粤BX0X95,113.993904,22.543722,1121
粤BX0X95,113.993904,22.543722,1122
粤BX0X95,114.00103,22.546192,1122
粤BX0X95,114.010689,22.546162,1124
粤BX0X95,114.01313,22.540083,1126
粤BX0X95,114.015846,22.539709,1127
粤BX0X95,114.01725,22.539774,1128
粤BX0X95,114.01313,22.540083,1128
粤BX0X95,114.017876,22.539953,1128
粤BX0X95,114.018044,22.539925,1129
粤BX0X95,114.01786,22.540012,1130
粤BX0X95,114.017967,22.539789,1131
粤BX0X95,114.01783,22.539976,1131
粤BX0X95,114.018105,22.53981,1132
粤BX0X95,114.017586,22.54262,1133
粤BX0X95,114.017586,22.54262,1134
粤BX0X95,114.02388,22.545195,1134
粤BX0X95,114.029121,22.546482,1135
粤BX0X95,114.033768,22.547773,1136
粤BX0X95,114.034828,22.547863,1137
粤BX0X95,114.057953,22.551163,1144
粤BX0X95,114.05777,22.547585,1145
粤BX0X95,114.05777,22.547585,1145
粤BX0X95,114.058449,22.54574,1146
粤BX0X95,114.060593,22.545107,1148
粤BX0X95,114.061325,22.544178,1149
粤BX0X95,114.060989,22.544189,1149
