粤BL6E43,114.116997,22.584217,12
粤BL6E43,114.116997,22.584217,23
粤BL6E43,114.116997,22.584217,33
粤BL6E43,114.116997,22.584217,44
粤BL6E43,114.116997,22.584217,55
粤BL6E43,114.116997,22.584217,65
粤BL6E43,114.116997,22.584217,76
粤BL6E43,114.116997,22.584217,86
粤BL6E43,114.116997,22.584217,97
粤BL6E43,114.116997,22.584217,107
粤BL6E43,114.116997,22.584217,118
粤BL6E43,114.116997,22.584217,129
粤BL6E43,114.116997,22.584217,139
粤BL6E43,114.116997,22.584217,150
粤BL6E43,114.116997,22.584217,160
粤BL6E43,114.116997,22.584217,171
粤BL6E43,114.116997,22.584217,193
粤BL6E43,114.116997,22.584217,203
粤BL6E43,114.116997,22.584217,214
粤BL6E43,114.116997,22.584217,225
粤BL6E43,114.116997,22.584217,235
粤BL6E43,114.116997,22.584217,246
粤BL6E43,114.116997,22.584217,256
粤BL6E43,114.116997,22.584217,267
粤BL6E43,114.116997,22.584217,277
粤BL6E43,114.116997,22.584217,288
粤BL6E43,114.116997,22.584217,299
粤BL6E43,114.116997,22.584217,309
粤BL6E43,114.116997,22.584217,320
粤BL6E43,114.116997,22.584217,330
粤BL6E43,114.116997,22.584217,341
粤BL6E43,114.116997,22.584217,352
粤BL6E43,114.116997,22.584217,362
粤BL6E43,114.116997,22.584217,373
粤BL6E43,114.116997,22.584217,383
粤BL6E43,114.116997,22.584217,394
粤BL6E43,114.116997,22.584217,404
粤BL6E43,114.116997,22.584217,415
粤BL6E43,114.116997,22.584217,426
粤BL6E43,114.116997,22.584217,436
粤BL6E43,114.116997,22.584217,447
粤BL6E43,114.116997,22.584217,457
粤BL6E43,114.116997,22.584217,468
粤BL6E43,114.116997,22.584217,479
粤BL6E43,114.116997,22.584217,489
粤BL6E43,114.116997,22.584217,500
粤BL6E43,114.116997,22.584217,510
粤BL6E43,114.116997,22.584217,521
粤BL6E43,114.116997,22.584217,531
粤BL6E43,114.116997,22.584217,553
粤BL6E43,114.116997,22.584217,563
粤BL6E43,114.116997,22.584217,574
粤BL6E43,114.116997,22.584217,584
粤BL6E43,114.116997,22.584217,595
粤BL6E43,114.116997,22.584217,606
粤BL6E43,114.116997,22.584217,616
粤BL6E43,114.116997,22.584217,627
粤BL6E43,114.116997,22.584217,637
粤BL6E43,114.116997,22.584217,648
粤BL6E43,114.116997,22.584217,658
粤BL6E43,114.116997,22.584217,669
粤BL6E43,114.116997,22.584217,680
粤BL6E43,114.116997,22.584217,690
粤BL6E43,114.116997,22.584217,701
粤BL6E43,114.116997,22.584217,711
粤BL6E43,114.116997,22.584217,722
粤BL6E43,114.116997,22.584217,733
粤BL6E43,114.116997,22.584217,743
粤BL6E43,114.116997,22.584217,754
粤BL6E43,114.116997,22.584217,764
粤BL6E43,114.116997,22.584217,775
粤BL6E43,114.116997,22.584217,785
粤BL6E43,114.116997,22.584217,796
粤BL6E43,114.116997,22.584217,807
粤BL6E43,114.116997,22.584217,817
粤BL6E43,114.116997,22.584217,828
粤BL6E43,114.116997,22.584217,849
粤BL6E43,114.116997,22.584217,860
粤BL6E43,114.116997,22.584217,870
粤BL6E43,114.116997,22.584217,881
粤BL6E43,114.116997,22.584217,891
粤BL6E43,114.116997,22.584217,912
粤BL6E43,114.116997,22.584217,923
粤BL6E43,114.116997,22.584217,934
粤BL6E43,114.116997,22.584217,944
粤BL6E43,114.116997,22.584217,955
粤BL6E43,114.116997,22.584217,965
粤BL6E43,114.116997,22.584217,976
粤BL6E43,114.116997,22.584217,987
粤BL6E43,114.116997,22.584217,997
粤BL6E43,114.116997,22.584217,1008
粤BL6E43,114.116997,22.584217,1018
粤BL6E43,114.116997,22.584217,1029
粤BL6E43,114.116997,22.584217,1039
粤BL6E43,114.116997,22.584217,1050
粤BL6E43,114.116997,22.584217,1061
粤BL6E43,114.116997,22.584217,1071
粤BL6E43,114.116997,22.584217,1082
粤BL6E43,114.116997,22.584217,1092
粤BL6E43,114.116997,22.584217,1103
粤BL6E43,114.116997,22.584217,1114
粤BL6E43,114.116997,22.584217,1124
粤BL6E43,114.116997,22.584217,1135
粤BL6E43,114.116997,22.584217,1145
粤BL6E43,114.116997,22.584217,1156
粤BL6E43,114.116997,22.584217,1166
粤BL6E43,114.116997,22.584217,1177
粤BL6E43,114.116997,22.584217,1188
粤BL6E43,114.116997,22.584217,1198
粤BL6E43,114.116997,22.584217,1209
粤BL6E43,114.116997,22.584217,1219
粤BL6E43,114.116997,22.584217,1230
粤BL6E43,114.116997,22.584217,1241
粤BL6E43,114.116997,22.584217,1251
粤BL6E43,114.116997,22.584217,1262
粤BL6E43,114.116997,22.584217,1272
粤BL6E43,114.116997,22.584217,1283
粤BL6E43,114.116997,22.584217,1293
粤BL6E43,114.116997,22.584217,1304
粤BL6E43,114.116997,22.584217,1315
粤BL6E43,114.116997,22.584217,1325
粤BL6E43,114.116997,22.584217,1336
粤BL6E43,114.116997,22.584217,1346
粤BL6E43,114.116997,22.584217,1357
粤BL6E43,114.116997,22.584217,1367
粤BL6E43,114.116997,22.584217,1378
粤BL6E43,114.116997,22.584217,1389
粤BL6E43,114.116997,22.584217,1399
粤BL6E43,114.116997,22.584217,1410
粤BL6E43,114.116997,22.584217,1420
粤BL6E43,114.116997,22.584217,1431
