粤B4BB62,114.100197,22.5793,8
粤B4BB62,114.101601,22.582399,10
粤B4BB62,114.101601,22.582399,11
粤B4BB62,114.101601,22.582399,11
粤B4BB62,114.101601,22.582399,13
粤B4BB62,114.101601,22.582399,13
粤B4BB62,114.101601,22.582399,13
粤B4BB62,114.101601,22.582399,14
粤B4BB62,114.101601,22.582399,14
粤B4BB62,114.101601,22.582399,14
粤B4BB62,114.101601,22.582399,16
粤B4BB62,114.101601,22.582399,17
粤B4BB62,114.101601,22.582399,17
粤B4BB62,114.101601,22.582399,17
粤B4BB62,114.101601,22.582399,18
粤B4BB62,114.101601,22.582399,18
粤B4BB62,114.101601,22.582399,20
粤B4BB62,114.101601,22.582399,20
粤B4BB62,114.101601,22.582399,21
粤B4BB62,114.101601,22.582399,21
粤B4BB62,114.101402,22.582399,21
粤B4BB62,114.101402,22.582399,22
粤B4BB62,114.101402,22.582399,24
粤B4BB62,114.101402,22.582399,24
粤B4BB62,114.101402,22.582399,25
粤B4BB62,114.101402,22.582399,25
粤B4BB62,114.101402,22.582399,25
粤B4BB62,114.101402,22.582399,27
粤B4BB62,114.101402,22.582399,28
粤B4BB62,114.101402,22.582399,28
粤B4BB62,114.101402,22.582399,29
粤B4BB62,114.101402,22.582399,31
粤B4BB62,114.101402,22.582399,31
粤B4BB62,114.101402,22.582399,32
粤B4BB62,114.101402,22.582399,32
粤B4BB62,114.101402,22.582399,34
粤B4BB62,114.101402,22.582399,35
粤B4BB62,114.101402,22.582399,35
粤B4BB62,114.101402,22.582399,36
粤B4BB62,114.101402,22.582399,36
粤B4BB62,114.101402,22.582399,38
粤B4BB62,114.101402,22.582399,38
粤B4BB62,114.101402,22.582399,38
粤B4BB62,114.101402,22.582399,39
粤B4BB62,114.101402,22.582399,40
粤B4BB62,114.101402,22.582399,42
粤B4BB62,114.101402,22.582399,42
粤B4BB62,114.101402,22.582399,46
粤B4BB62,114.101402,22.582399,47
粤B4BB62,114.101402,22.582399,48
粤B4BB62,114.101402,22.582399,48
粤B4BB62,114.101402,22.582399,49
粤B4BB62,114.101402,22.582399,49
粤B4BB62,114.101402,22.582399,49
粤B4BB62,114.101402,22.582399,50
粤B4BB62,114.101402,22.582399,52
粤B4BB62,114.101402,22.582399,53
粤B4BB62,114.101402,22.582399,53
粤B4BB62,114.101402,22.582399,53
粤B4BB62,114.101402,22.582399,55
粤B4BB62,114.101402,22.582399,56
粤B4BB62,114.101402,22.582399,56
粤B4BB62,114.101402,22.582399,57
粤B4BB62,114.101402,22.582399,57
粤B4BB62,114.101402,22.582399,59
粤B4BB62,114.101402,22.582399,60
粤B4BB62,114.101402,22.582399,60
粤B4BB62,114.101303,22.582399,61
粤B4BB62,114.101303,22.582399,61
粤B4BB62,114.101303,22.582399,63
粤B4BB62,114.101303,22.582399,64
粤B4BB62,114.101303,22.582399,65
粤B4BB62,114.101303,22.582399,65
粤B4BB62,114.101303,22.582399,66
粤B4BB62,114.101303,22.582399,67
粤B4BB62,114.101303,22.582399,67
粤B4BB62,114.101303,22.582399,68
粤B4BB62,114.101303,22.582399,68
粤B4BB62,114.101303,22.582399,70
粤B4BB62,114.101303,22.582399,71
粤B4BB62,114.101303,22.582399,71
粤B4BB62,114.101303,22.582399,71
粤B4BB62,114.101303,22.582399,73
粤B4BB62,114.101303,22.582399,74
粤B4BB62,114.101303,22.582399,74
粤B4BB62,114.101303,22.582399,75
粤B4BB62,114.101303,22.582399,75
粤B4BB62,114.101303,22.582399,75
粤B4BB62,114.101303,22.582399,77
粤B4BB62,114.101303,22.582399,78
粤B4BB62,114.101303,22.582399,79
粤B4BB62,114.101303,22.582399,80
粤B4BB62,114.101303,22.582399,80
粤B4BB62,114.101303,22.582399,81
粤B4BB62,114.101303,22.582399,82
粤B4BB62,114.1017,22.582399,84
粤B4BB62,114.1017,22.582399,84
粤B4BB62,114.1017,22.582399,84
粤B4BB62,114.1017,22.582399,85
粤B4BB62,114.1017,22.582399,85
粤B4BB62,114.1017,22.582399,85
粤B4BB62,114.105103,22.577801,88
粤B4BB62,114.104301,22.5802,88
粤B4BB62,114.107597,22.5749,89
粤B4BB62,114.130699,22.577499,92
粤B4BB62,114.127998,22.577299,92
粤B4BB62,114.149803,22.589199,98
粤B4BB62,114.152397,22.595699,99
粤B4BB62,114.1595,22.601,100
粤B4BB62,114.1576,22.598499,100
粤B4BB62,114.158798,22.6089,102
粤B4BB62,114.158798,22.6089,102
粤B4BB62,114.158798,22.6089,103
粤B4BB62,114.158798,22.6089,103
粤B4BB62,114.158798,22.6089,104
粤B4BB62,114.158798,22.6089,106
粤B4BB62,114.158798,22.6089,106
粤B4BB62,114.158798,22.6089,106
粤B4BB62,114.158798,22.6089,107
粤B4BB62,114.158798,22.6089,107
粤B4BB62,114.158798,22.6089,109
粤B4BB62,114.158798,22.6089,109
粤B4BB62,114.158798,22.6089,110
粤B4BB62,114.158798,22.6089,110
粤B4BB62,114.158798,22.6089,110
粤B4BB62,114.158798,22.6089,111
粤B4BB62,114.163597,22.605301,113
粤B4BB62,114.161003,22.604601,113
粤B4BB62,114.168602,22.6059,114
粤B4BB62,114.169502,22.6012,116
粤B4BB62,114.169502,22.6012,117
粤B4BB62,114.169502,22.6012,118
粤B4BB62,114.169502,22.6012,118
粤B4BB62,114.169502,22.6012,120
粤B4BB62,114.169502,22.6012,120
粤B4BB62,114.169502,22.6012,121
粤B4BB62,114.169502,22.6012,121
粤B4BB62,114.169502,22.6012,122
粤B4BB62,114.169502,22.6012,123
粤B4BB62,114.169502,22.6012,124
粤B4BB62,114.169502,22.6012,124
粤B4BB62,114.169502,22.6012,125
粤B4BB62,114.169502,22.6012,125
粤B4BB62,114.169502,22.6012,128
粤B4BB62,114.169502,22.6012,128
粤B4BB62,114.169502,22.6012,128
粤B4BB62,114.169502,22.6012,129
粤B4BB62,114.169502,22.6012,131
粤B4BB62,114.169502,22.6012,131
粤B4BB62,114.169502,22.6012,132
粤B4BB62,114.169502,22.6012,132
粤B4BB62,114.169502,22.6012,133
粤B4BB62,114.169502,22.6012,134
粤B4BB62,114.169502,22.6012,135
粤B4BB62,114.169502,22.6012,135
粤B4BB62,114.169502,22.6012,135
粤B4BB62,114.169502,22.6012,136
粤B4BB62,114.169502,22.6012,136
粤B4BB62,114.169502,22.6012,138
粤B4BB62,114.169502,22.6012,138
粤B4BB62,114.169502,22.6012,139
粤B4BB62,114.169502,22.6012,139
粤B4BB62,114.169502,22.6012,140
粤B4BB62,114.169502,22.6012,142
粤B4BB62,114.169502,22.6012,142
粤B4BB62,114.169502,22.6012,143
粤B4BB62,114.169502,22.6012,143
粤B4BB62,114.169502,22.6012,143
粤B4BB62,114.169502,22.6012,144
粤B4BB62,114.169502,22.6012,144
粤B4BB62,114.169502,22.6012,146
粤B4BB62,114.169502,22.6012,146
粤B4BB62,114.169502,22.6012,147
粤B4BB62,114.169502,22.6012,147
粤B4BB62,114.169502,22.6012,148
粤B4BB62,114.169502,22.6012,148
粤B4BB62,114.169502,22.6012,150
粤B4BB62,114.169502,22.6012,150
粤B4BB62,114.169502,22.6012,151
粤B4BB62,114.169502,22.6012,152
粤B4BB62,114.169502,22.6012,153
粤B4BB62,114.169502,22.6012,154
粤B4BB62,114.169502,22.6012,154
粤B4BB62,114.169502,22.6012,154
粤B4BB62,114.169502,22.6012,155
粤B4BB62,114.169502,22.6012,155
粤B4BB62,114.169502,22.6012,157
粤B4BB62,114.169502,22.6012,157
粤B4BB62,114.169502,22.6012,158
粤B4BB62,114.169502,22.6012,158
粤B4BB62,114.169502,22.6012,159
粤B4BB62,114.169502,22.6012,159
粤B4BB62,114.169502,22.6012,161
粤B4BB62,114.169502,22.6012,161
粤B4BB62,114.169502,22.6012,162
粤B4BB62,114.169502,22.6012,162
粤B4BB62,114.169502,22.6012,163
粤B4BB62,114.169502,22.6012,163
粤B4BB62,114.169502,22.6012,165
粤B4BB62,114.169502,22.6012,165
粤B4BB62,114.169502,22.6012,166
粤B4BB62,114.169502,22.6012,166
粤B4BB62,114.169502,22.6012,168
粤B4BB62,114.169502,22.6012,169
粤B4BB62,114.169502,22.6012,169
粤B4BB62,114.169502,22.6012,170
粤B4BB62,114.169502,22.6012,170
粤B4BB62,114.169502,22.6012,172
粤B4BB62,114.169502,22.6012,173
粤B4BB62,114.169502,22.6012,173
粤B4BB62,114.169502,22.6012,174
粤B4BB62,114.169502,22.6012,176
粤B4BB62,114.169502,22.6012,177
粤B4BB62,114.169502,22.6012,177
粤B4BB62,114.169502,22.6012,178
粤B4BB62,114.169502,22.6012,178
粤B4BB62,114.169502,22.6012,181
粤B4BB62,114.169502,22.6012,181
粤B4BB62,114.169502,22.6012,182
粤B4BB62,114.169502,22.6012,192
粤B4BB62,114.169502,22.6012,193
粤B4BB62,114.169502,22.6012,193
粤B4BB62,114.169502,22.6012,195
粤B4BB62,114.169502,22.6012,196
粤B4BB62,114.169502,22.6012,196
粤B4BB62,114.169502,22.6012,196
粤B4BB62,114.169502,22.6012,197
粤B4BB62,114.169502,22.6012,198
粤B4BB62,114.169502,22.6012,199
粤B4BB62,114.169502,22.6012,199
粤B4BB62,114.169502,22.6012,200
粤B4BB62,114.169502,22.6012,200
粤B4BB62,114.169502,22.6012,203
粤B4BB62,114.169502,22.6012,203
粤B4BB62,114.169502,22.6012,203
粤B4BB62,114.169502,22.6012,204
粤B4BB62,114.169502,22.6012,204
粤B4BB62,114.169502,22.6012,206
粤B4BB62,114.169502,22.6012,207
粤B4BB62,114.169502,22.6012,207
粤B4BB62,114.169502,22.6012,207
粤B4BB62,114.169502,22.6012,208
粤B4BB62,114.169502,22.6012,208
粤B4BB62,114.169502,22.6012,210
粤B4BB62,114.169502,22.6012,210
粤B4BB62,114.169502,22.6012,210
粤B4BB62,114.169502,22.6012,211
粤B4BB62,114.169502,22.6012,212
粤B4BB62,114.169502,22.6012,213
粤B4BB62,114.169502,22.6012,214
粤B4BB62,114.169502,22.6012,214
粤B4BB62,114.169502,22.6012,214
粤B4BB62,114.169502,22.6012,215
粤B4BB62,114.169502,22.6012,215
粤B4BB62,114.169502,22.6012,217
粤B4BB62,114.169502,22.6012,218
粤B4BB62,114.169502,22.6012,219
粤B4BB62,114.169502,22.6012,219
粤B4BB62,114.169502,22.6012,221
粤B4BB62,114.169502,22.6012,222
粤B4BB62,114.169502,22.6012,222
粤B4BB62,114.169502,22.6012,223
粤B4BB62,114.169502,22.6012,223
粤B4BB62,114.169502,22.6012,224
粤B4BB62,114.169502,22.6012,225
粤B4BB62,114.169502,22.6012,225
粤B4BB62,114.169502,22.6012,225
粤B4BB62,114.169502,22.6012,226
粤B4BB62,114.169502,22.6012,229
粤B4BB62,114.169502,22.6012,230
粤B4BB62,114.169502,22.6012,232
粤B4BB62,114.169502,22.6012,233
粤B4BB62,114.169502,22.6012,233
粤B4BB62,114.169502,22.6012,234
粤B4BB62,114.169502,22.6012,234
粤B4BB62,114.169502,22.6012,236
粤B4BB62,114.169502,22.6012,237
粤B4BB62,114.169502,22.6012,237
粤B4BB62,114.169502,22.6012,238
粤B4BB62,114.169502,22.6012,238
粤B4BB62,114.169502,22.6012,240
粤B4BB62,114.169502,22.6012,240
粤B4BB62,114.169502,22.6012,241
粤B4BB62,114.169502,22.6012,241
粤B4BB62,114.169502,22.6012,241
粤B4BB62,114.169502,22.6012,243
粤B4BB62,114.169502,22.6012,244
粤B4BB62,114.169502,22.6012,245
粤B4BB62,114.169502,22.6012,247
粤B4BB62,114.169502,22.6012,249
粤B4BB62,114.169502,22.6012,249
粤B4BB62,114.169502,22.6012,251
粤B4BB62,114.169502,22.6012,251
粤B4BB62,114.169502,22.6012,252
粤B4BB62,114.169502,22.6012,252
粤B4BB62,114.169502,22.6012,253
粤B4BB62,114.169502,22.6012,254
粤B4BB62,114.169502,22.6012,255
粤B4BB62,114.169502,22.6012,256
粤B4BB62,114.169502,22.6012,256
粤B4BB62,114.169502,22.6012,257
粤B4BB62,114.169502,22.6012,259
粤B4BB62,114.169502,22.6012,259
粤B4BB62,114.169502,22.6012,260
粤B4BB62,114.169502,22.6012,262
粤B4BB62,114.169502,22.6012,263
粤B4BB62,114.169502,22.6012,263
粤B4BB62,114.169502,22.6012,264
粤B4BB62,114.169502,22.6012,264
粤B4BB62,114.169502,22.6012,266
粤B4BB62,114.169502,22.6012,267
粤B4BB62,114.169502,22.6012,267
粤B4BB62,114.169502,22.6012,268
粤B4BB62,114.169502,22.6012,270
粤B4BB62,114.169502,22.6012,271
粤B4BB62,114.169502,22.6012,271
粤B4BB62,114.169502,22.6012,272
粤B4BB62,114.169502,22.6012,272
粤B4BB62,114.169502,22.6012,274
粤B4BB62,114.169502,22.6012,275
粤B4BB62,114.169502,22.6012,275
粤B4BB62,114.169502,22.6012,276
粤B4BB62,114.169502,22.6012,277
粤B4BB62,114.169502,22.6012,278
粤B4BB62,114.169502,22.6012,278
粤B4BB62,114.169502,22.6012,279
粤B4BB62,114.169502,22.6012,279
粤B4BB62,114.169502,22.6012,283
粤B4BB62,114.169502,22.6012,283
粤B4BB62,114.169502,22.6012,283
粤B4BB62,114.169502,22.6012,286
粤B4BB62,114.169502,22.6012,287
粤B4BB62,114.169502,22.6012,287
粤B4BB62,114.169502,22.6012,289
粤B4BB62,114.169502,22.6012,289
粤B4BB62,114.169502,22.6012,290
粤B4BB62,114.169502,22.6012,291
粤B4BB62,114.169502,22.6012,291
粤B4BB62,114.169502,22.6012,293
粤B4BB62,114.169502,22.6012,293
粤B4BB62,114.169502,22.6012,293
粤B4BB62,114.169502,22.6012,294
粤B4BB62,114.169502,22.6012,294
粤B4BB62,114.169502,22.6012,294
粤B4BB62,114.169502,22.6012,295
粤B4BB62,114.169502,22.6012,297
粤B4BB62,114.169502,22.6012,297
粤B4BB62,114.169502,22.6012,298
粤B4BB62,114.169502,22.6012,298
粤B4BB62,114.169502,22.6012,299
粤B4BB62,114.169502,22.6012,299
粤B4BB62,114.169502,22.6012,301
粤B4BB62,114.169502,22.6012,301
粤B4BB62,114.169502,22.6012,302
粤B4BB62,114.169502,22.6012,302
粤B4BB62,114.169502,22.6012,302
粤B4BB62,114.169502,22.6012,303
粤B4BB62,114.169502,22.6012,305
粤B4BB62,114.169502,22.6012,306
粤B4BB62,114.169502,22.6012,306
粤B4BB62,114.169502,22.6012,307
粤B4BB62,114.169502,22.6012,309
粤B4BB62,114.169502,22.6012,309
粤B4BB62,114.169502,22.6012,309
粤B4BB62,114.169502,22.6012,310
粤B4BB62,114.169502,22.6012,311
粤B4BB62,114.169502,22.6012,313
粤B4BB62,114.169502,22.6012,313
粤B4BB62,114.169502,22.6012,316
粤B4BB62,114.169502,22.6012,316
粤B4BB62,114.169502,22.6012,317
粤B4BB62,114.169502,22.6012,318
粤B4BB62,114.169502,22.6012,318
粤B4BB62,114.169502,22.6012,320
粤B4BB62,114.169502,22.6012,320
粤B4BB62,114.169502,22.6012,320
粤B4BB62,114.169502,22.6012,321
粤B4BB62,114.169502,22.6012,322
粤B4BB62,114.169502,22.6012,323
粤B4BB62,114.169502,22.6012,324
粤B4BB62,114.169502,22.6012,325
粤B4BB62,114.169502,22.6012,325
粤B4BB62,114.169502,22.6012,325
粤B4BB62,114.169502,22.6012,326
粤B4BB62,114.169502,22.6012,327
粤B4BB62,114.169502,22.6012,328
粤B4BB62,114.169502,22.6012,329
粤B4BB62,114.169502,22.6012,329
粤B4BB62,114.169502,22.6012,331
粤B4BB62,114.169502,22.6012,331
粤B4BB62,114.169502,22.6012,332
粤B4BB62,114.169502,22.6012,332
粤B4BB62,114.169502,22.6012,333
粤B4BB62,114.169502,22.6012,333
粤B4BB62,114.169502,22.6012,334
粤B4BB62,114.169502,22.6012,335
粤B4BB62,114.169502,22.6012,335
粤B4BB62,114.169502,22.6012,335
粤B4BB62,114.169502,22.6012,336
粤B4BB62,114.169502,22.6012,336
粤B4BB62,114.169502,22.6012,337
粤B4BB62,114.169502,22.6012,338
粤B4BB62,114.169502,22.6012,339
粤B4BB62,114.169502,22.6012,340
粤B4BB62,114.169502,22.6012,340
粤B4BB62,114.169502,22.6012,340
粤B4BB62,114.169502,22.6012,343
粤B4BB62,114.169502,22.6012,343
粤B4BB62,114.169502,22.6012,344
粤B4BB62,114.169502,22.6012,344
粤B4BB62,114.169502,22.6012,345
粤B4BB62,114.169502,22.6012,346
粤B4BB62,114.169502,22.6012,347
粤B4BB62,114.169502,22.6012,348
粤B4BB62,114.169502,22.6012,348
粤B4BB62,114.169502,22.6012,350
粤B4BB62,114.169502,22.6012,350
粤B4BB62,114.169502,22.6012,351
粤B4BB62,114.169502,22.6012,352
粤B4BB62,114.169502,22.6012,352
粤B4BB62,114.169502,22.6012,354
粤B4BB62,114.169502,22.6012,354
粤B4BB62,114.169502,22.6012,354
粤B4BB62,114.169502,22.6012,355
粤B4BB62,114.169502,22.6012,356
粤B4BB62,114.169502,22.6012,356
粤B4BB62,114.169502,22.6012,358
粤B4BB62,114.169502,22.6012,359
粤B4BB62,114.169502,22.6012,359
粤B4BB62,114.169502,22.6012,364
粤B4BB62,114.169502,22.6012,366
粤B4BB62,114.169502,22.6012,366
粤B4BB62,114.169502,22.6012,367
粤B4BB62,114.169502,22.6012,367
粤B4BB62,114.169502,22.6012,367
粤B4BB62,114.169502,22.6012,368
粤B4BB62,114.169502,22.6012,368
粤B4BB62,114.169502,22.6012,370
粤B4BB62,114.169502,22.6012,370
粤B4BB62,114.169502,22.6012,371
粤B4BB62,114.169502,22.6012,371
粤B4BB62,114.169502,22.6012,372
粤B4BB62,114.169502,22.6012,374
粤B4BB62,114.169502,22.6012,374
粤B4BB62,114.169502,22.6012,375
粤B4BB62,114.169502,22.6012,375
粤B4BB62,114.169502,22.6012,376
粤B4BB62,114.169502,22.6012,378
粤B4BB62,114.169502,22.6012,379
粤B4BB62,114.169502,22.6012,379
粤B4BB62,114.169502,22.6012,380
粤B4BB62,114.169502,22.6012,382
粤B4BB62,114.169502,22.6012,382
粤B4BB62,114.169502,22.6012,382
粤B4BB62,114.169502,22.6012,383
粤B4BB62,114.169502,22.6012,383
粤B4BB62,114.169502,22.6012,383
粤B4BB62,114.169502,22.6012,385
粤B4BB62,114.169502,22.6012,386
粤B4BB62,114.169502,22.6012,386
粤B4BB62,114.169502,22.6012,386
粤B4BB62,114.169502,22.6012,387
粤B4BB62,114.169502,22.6012,387
粤B4BB62,114.169502,22.6012,387
粤B4BB62,114.169502,22.6012,389
粤B4BB62,114.169502,22.6012,390
粤B4BB62,114.169502,22.6012,391
粤B4BB62,114.169502,22.6012,393
粤B4BB62,114.169502,22.6012,393
粤B4BB62,114.169502,22.6012,394
粤B4BB62,114.169502,22.6012,394
粤B4BB62,114.169502,22.6012,395
粤B4BB62,114.169502,22.6012,395
粤B4BB62,114.169502,22.6012,397
粤B4BB62,114.169502,22.6012,397
粤B4BB62,114.169502,22.6012,398
粤B4BB62,114.169502,22.6012,401
粤B4BB62,114.169502,22.6012,401
粤B4BB62,114.169502,22.6012,401
粤B4BB62,114.169502,22.6012,402
粤B4BB62,114.169502,22.6012,402
粤B4BB62,114.169502,22.6012,404
粤B4BB62,114.169502,22.6012,405
粤B4BB62,114.169502,22.6012,405
粤B4BB62,114.169502,22.6012,405
粤B4BB62,114.169502,22.6012,408
粤B4BB62,114.169502,22.6012,408
粤B4BB62,114.169502,22.6012,409
粤B4BB62,114.169502,22.6012,410
粤B4BB62,114.169502,22.6012,412
粤B4BB62,114.169502,22.6012,412
粤B4BB62,114.169502,22.6012,412
粤B4BB62,114.169502,22.6012,413
粤B4BB62,114.169502,22.6012,416
粤B4BB62,114.169502,22.6012,416
粤B4BB62,114.169502,22.6012,417
粤B4BB62,114.169502,22.6012,417
粤B4BB62,114.169502,22.6012,420
粤B4BB62,114.169502,22.6012,420
粤B4BB62,114.169502,22.6012,421
粤B4BB62,114.169502,22.6012,421
粤B4BB62,114.169502,22.6012,424
粤B4BB62,114.169502,22.6012,425
粤B4BB62,114.169502,22.6012,425
粤B4BB62,114.169502,22.6012,427
粤B4BB62,114.169502,22.6012,428
粤B4BB62,114.169502,22.6012,428
粤B4BB62,114.169502,22.6012,429
粤B4BB62,114.169502,22.6012,429
粤B4BB62,114.169502,22.6012,432
粤B4BB62,114.169502,22.6012,432
粤B4BB62,114.169502,22.6012,433
粤B4BB62,114.169502,22.6012,435
粤B4BB62,114.169502,22.6012,436
粤B4BB62,114.169502,22.6012,436
粤B4BB62,114.169502,22.6012,438
粤B4BB62,114.169502,22.6012,439
粤B4BB62,114.169502,22.6012,439
粤B4BB62,114.169502,22.6012,439
粤B4BB62,114.169502,22.6012,440
粤B4BB62,114.169502,22.6012,440
粤B4BB62,114.169502,22.6012,440
粤B4BB62,114.169502,22.6012,441
粤B4BB62,114.169502,22.6012,442
粤B4BB62,114.169502,22.6012,443
粤B4BB62,114.169502,22.6012,444
粤B4BB62,114.169502,22.6012,446
粤B4BB62,114.169502,22.6012,446
粤B4BB62,114.169502,22.6012,447
粤B4BB62,114.169502,22.6012,448
粤B4BB62,114.169502,22.6012,449
粤B4BB62,114.169502,22.6012,450
粤B4BB62,114.169502,22.6012,450
粤B4BB62,114.169502,22.6012,450
粤B4BB62,114.169502,22.6012,451
粤B4BB62,114.169502,22.6012,451
粤B4BB62,114.169502,22.6012,451
粤B4BB62,114.169502,22.6012,453
粤B4BB62,114.169502,22.6012,454
粤B4BB62,114.169502,22.6012,454
粤B4BB62,114.169502,22.6012,454
粤B4BB62,114.169502,22.6012,456
粤B4BB62,114.169502,22.6012,457
粤B4BB62,114.169502,22.6012,457
粤B4BB62,114.169502,22.6012,458
粤B4BB62,114.169502,22.6012,458
粤B4BB62,114.169502,22.6012,460
粤B4BB62,114.169502,22.6012,461
粤B4BB62,114.169502,22.6012,461
粤B4BB62,114.169502,22.6012,462
粤B4BB62,114.169502,22.6012,462
粤B4BB62,114.169502,22.6012,464
粤B4BB62,114.169502,22.6012,464
粤B4BB62,114.169502,22.6012,464
粤B4BB62,114.169502,22.6012,465
粤B4BB62,114.169502,22.6012,465
粤B4BB62,114.169502,22.6012,467
粤B4BB62,114.169502,22.6012,468
粤B4BB62,114.169502,22.6012,468
粤B4BB62,114.169502,22.6012,469
粤B4BB62,114.169502,22.6012,471
粤B4BB62,114.169502,22.6012,471
粤B4BB62,114.169502,22.6012,473
粤B4BB62,114.169502,22.6012,473
粤B4BB62,114.169502,22.6012,474
粤B4BB62,114.169502,22.6012,475
粤B4BB62,114.169502,22.6012,475
粤B4BB62,114.169502,22.6012,476
粤B4BB62,114.169502,22.6012,476
粤B4BB62,114.169502,22.6012,478
粤B4BB62,114.169502,22.6012,479
粤B4BB62,114.169502,22.6012,479
粤B4BB62,114.169502,22.6012,479
粤B4BB62,114.169502,22.6012,480
粤B4BB62,114.169502,22.6012,480
粤B4BB62,114.169502,22.6012,482
粤B4BB62,114.169502,22.6012,487
粤B4BB62,114.169502,22.6012,487
粤B4BB62,114.169502,22.6012,487
粤B4BB62,114.169502,22.6012,489
粤B4BB62,114.169502,22.6012,490
粤B4BB62,114.169502,22.6012,491
粤B4BB62,114.169502,22.6012,491
粤B4BB62,114.169502,22.6012,494
粤B4BB62,114.169502,22.6012,494
粤B4BB62,114.169502,22.6012,495
粤B4BB62,114.169502,22.6012,497
粤B4BB62,114.169502,22.6012,497
粤B4BB62,114.169502,22.6012,498
粤B4BB62,114.169502,22.6012,498
粤B4BB62,114.169502,22.6012,499
粤B4BB62,114.169502,22.6012,499
粤B4BB62,114.169502,22.6012,501
粤B4BB62,114.169502,22.6012,501
粤B4BB62,114.169502,22.6012,502
粤B4BB62,114.169502,22.6012,502
粤B4BB62,114.169502,22.6012,504
粤B4BB62,114.169502,22.6012,504
粤B4BB62,114.169502,22.6012,505
粤B4BB62,114.169502,22.6012,505
粤B4BB62,114.169502,22.6012,506
粤B4BB62,114.169502,22.6012,507
粤B4BB62,114.169502,22.6012,507
粤B4BB62,114.169502,22.6012,508
粤B4BB62,114.169502,22.6012,508
粤B4BB62,114.169502,22.6012,509
粤B4BB62,114.169502,22.6012,509
粤B4BB62,114.169502,22.6012,511
粤B4BB62,114.169502,22.6012,512
粤B4BB62,114.169502,22.6012,512
粤B4BB62,114.169502,22.6012,512
粤B4BB62,114.169502,22.6012,513
粤B4BB62,114.169502,22.6012,515
粤B4BB62,114.169502,22.6012,515
粤B4BB62,114.169502,22.6012,518
粤B4BB62,114.169502,22.6012,518
粤B4BB62,114.169502,22.6012,519
粤B4BB62,114.169502,22.6012,522
粤B4BB62,114.169502,22.6012,522
粤B4BB62,114.169502,22.6012,523
粤B4BB62,114.169502,22.6012,523
粤B4BB62,114.169502,22.6012,525
粤B4BB62,114.169502,22.6012,526
粤B4BB62,114.169502,22.6012,528
粤B4BB62,114.169502,22.6012,529
粤B4BB62,114.169502,22.6012,529
粤B4BB62,114.169502,22.6012,530
粤B4BB62,114.169502,22.6012,530
粤B4BB62,114.169502,22.6012,534
粤B4BB62,114.169502,22.6012,534
粤B4BB62,114.169502,22.6012,536
粤B4BB62,114.169502,22.6012,546
粤B4BB62,114.169502,22.6012,547
粤B4BB62,114.169502,22.6012,547
粤B4BB62,114.169502,22.6012,548
粤B4BB62,114.169502,22.6012,548
粤B4BB62,114.169502,22.6012,550
粤B4BB62,114.169502,22.6012,551
粤B4BB62,114.169502,22.6012,551
粤B4BB62,114.169502,22.6012,553
粤B4BB62,114.169502,22.6012,554
粤B4BB62,114.169502,22.6012,554
粤B4BB62,114.169502,22.6012,555
粤B4BB62,114.169502,22.6012,557
粤B4BB62,114.169502,22.6012,557
粤B4BB62,114.169502,22.6012,558
粤B4BB62,114.169502,22.6012,559
粤B4BB62,114.169502,22.6012,561
粤B4BB62,114.169502,22.6012,564
粤B4BB62,114.169502,22.6012,565
粤B4BB62,114.169502,22.6012,566
粤B4BB62,114.169502,22.6012,568
粤B4BB62,114.169502,22.6012,568
粤B4BB62,114.169502,22.6012,570
粤B4BB62,114.169502,22.6012,570
粤B4BB62,114.169502,22.6012,571
粤B4BB62,114.169502,22.6012,572
粤B4BB62,114.169502,22.6012,573
粤B4BB62,114.169502,22.6012,575
粤B4BB62,114.169502,22.6012,576
粤B4BB62,114.169502,22.6012,576
粤B4BB62,114.169502,22.6012,577
粤B4BB62,114.169502,22.6012,579
粤B4BB62,114.169502,22.6012,579
粤B4BB62,114.169502,22.6012,580
粤B4BB62,114.169502,22.6012,581
粤B4BB62,114.169502,22.6012,582
粤B4BB62,114.169502,22.6012,583
粤B4BB62,114.169502,22.6012,584
粤B4BB62,114.169502,22.6012,586
粤B4BB62,114.169502,22.6012,586
粤B4BB62,114.169502,22.6012,587
粤B4BB62,114.169502,22.6012,588
粤B4BB62,114.169502,22.6012,588
粤B4BB62,114.169502,22.6012,590
粤B4BB62,114.169502,22.6012,590
粤B4BB62,114.169502,22.6012,591
粤B4BB62,114.169502,22.6012,591
粤B4BB62,114.169502,22.6012,593
粤B4BB62,114.169502,22.6012,593
粤B4BB62,114.169502,22.6012,594
粤B4BB62,114.169502,22.6012,595
粤B4BB62,114.169502,22.6012,595
粤B4BB62,114.169502,22.6012,596
粤B4BB62,114.169502,22.6012,597
粤B4BB62,114.169502,22.6012,597
粤B4BB62,114.169502,22.6012,598
粤B4BB62,114.169502,22.6012,598
粤B4BB62,114.169502,22.6012,601
粤B4BB62,114.169502,22.6012,602
粤B4BB62,114.169502,22.6012,603
粤B4BB62,114.169502,22.6012,604
粤B4BB62,114.169502,22.6012,605
粤B4BB62,114.169502,22.6012,605
粤B4BB62,114.169502,22.6012,605
粤B4BB62,114.169502,22.6012,607
粤B4BB62,114.169502,22.6012,608
粤B4BB62,114.169502,22.6012,608
粤B4BB62,114.169502,22.6012,608
粤B4BB62,114.169502,22.6012,609
粤B4BB62,114.169502,22.6012,611
粤B4BB62,114.169502,22.6012,611
粤B4BB62,114.169502,22.6012,611
粤B4BB62,114.169502,22.6012,612
粤B4BB62,114.169502,22.6012,612
粤B4BB62,114.169502,22.6012,612
粤B4BB62,114.169502,22.6012,613
粤B4BB62,114.169502,22.6012,615
粤B4BB62,114.169502,22.6012,616
粤B4BB62,114.169502,22.6012,617
粤B4BB62,114.169502,22.6012,621
粤B4BB62,114.169502,22.6012,623
粤B4BB62,114.169502,22.6012,624
粤B4BB62,114.169502,22.6012,625
粤B4BB62,114.169502,22.6012,626
粤B4BB62,114.169502,22.6012,628
粤B4BB62,114.169502,22.6012,628
粤B4BB62,114.169502,22.6012,629
粤B4BB62,114.169502,22.6012,629
粤B4BB62,114.169502,22.6012,631
粤B4BB62,114.169502,22.6012,632
粤B4BB62,114.169502,22.6012,632
粤B4BB62,114.169502,22.6012,632
粤B4BB62,114.169502,22.6012,634
粤B4BB62,114.169502,22.6012,636
粤B4BB62,114.169502,22.6012,637
粤B4BB62,114.169502,22.6012,638
粤B4BB62,114.169502,22.6012,638
粤B4BB62,114.169502,22.6012,638
粤B4BB62,114.169502,22.6012,639
粤B4BB62,114.169502,22.6012,639
粤B4BB62,114.169502,22.6012,641
粤B4BB62,114.169502,22.6012,641
粤B4BB62,114.169502,22.6012,642
粤B4BB62,114.169502,22.6012,643
粤B4BB62,114.169502,22.6012,644
粤B4BB62,114.169502,22.6012,644
粤B4BB62,114.169502,22.6012,644
粤B4BB62,114.169502,22.6012,645
粤B4BB62,114.169502,22.6012,645
粤B4BB62,114.169502,22.6012,646
粤B4BB62,114.169502,22.6012,647
粤B4BB62,114.169502,22.6012,648
粤B4BB62,114.169502,22.6012,651
粤B4BB62,114.169502,22.6012,651
粤B4BB62,114.169502,22.6012,652
粤B4BB62,114.169502,22.6012,652
粤B4BB62,114.169502,22.6012,652
粤B4BB62,114.169502,22.6012,654
粤B4BB62,114.169502,22.6012,654
粤B4BB62,114.169502,22.6012,655
粤B4BB62,114.169502,22.6012,655
粤B4BB62,114.169502,22.6012,656
粤B4BB62,114.169502,22.6012,657
粤B4BB62,114.169502,22.6012,658
粤B4BB62,114.169502,22.6012,658
粤B4BB62,114.169502,22.6012,661
粤B4BB62,114.169502,22.6012,662
粤B4BB62,114.169502,22.6012,664
粤B4BB62,114.169502,22.6012,665
粤B4BB62,114.169502,22.6012,665
粤B4BB62,114.169502,22.6012,666
粤B4BB62,114.169502,22.6012,668
粤B4BB62,114.169502,22.6012,668
粤B4BB62,114.169502,22.6012,669
粤B4BB62,114.169502,22.6012,669
粤B4BB62,114.169502,22.6012,672
粤B4BB62,114.169502,22.6012,673
粤B4BB62,114.169502,22.6012,675
粤B4BB62,114.169502,22.6012,676
粤B4BB62,114.169502,22.6012,676
粤B4BB62,114.169502,22.6012,678
粤B4BB62,114.169502,22.6012,678
粤B4BB62,114.169502,22.6012,679
粤B4BB62,114.169502,22.6012,679
粤B4BB62,114.169502,22.6012,680
粤B4BB62,114.169502,22.6012,681
粤B4BB62,114.169502,22.6012,682
粤B4BB62,114.169502,22.6012,683
粤B4BB62,114.169502,22.6012,683
粤B4BB62,114.169502,22.6012,684
粤B4BB62,114.169502,22.6012,685
粤B4BB62,114.169502,22.6012,685
粤B4BB62,114.169502,22.6012,686
粤B4BB62,114.169502,22.6012,688
粤B4BB62,114.169502,22.6012,688
粤B4BB62,114.169502,22.6012,690
粤B4BB62,114.169502,22.6012,692
粤B4BB62,114.169502,22.6012,692
粤B4BB62,114.169502,22.6012,693
粤B4BB62,114.170197,22.604401,695
粤B4BB62,114.170303,22.605499,696
粤B4BB62,114.169098,22.6059,696
粤B4BB62,114.164001,22.6052,697
粤B4BB62,114.159798,22.6077,698
粤B4BB62,114.158897,22.6092,699
粤B4BB62,114.158401,22.611601,699
粤B4BB62,114.158997,22.610201,699
粤B4BB62,114.150299,22.608,702
粤B4BB62,114.152603,22.6082,702
粤B4BB62,114.145699,22.6098,705
粤B4BB62,114.150002,22.608101,707
粤B4BB62,114.149696,22.6082,707
粤B4BB62,114.152702,22.608,708
粤B4BB62,114.155602,22.608999,709
粤B4BB62,114.1605,22.6056,710
粤B4BB62,114.160698,22.603701,710
粤B4BB62,114.150299,22.590599,712
粤B4BB62,114.1521,22.594999,712
粤B4BB62,114.147102,22.5879,713
粤B4BB62,114.149597,22.5891,713
粤B4BB62,114.137901,22.580099,716
粤B4BB62,114.139099,22.5795,716
粤B4BB62,114.138199,22.579901,716
粤B4BB62,114.1371,22.580299,717
粤B4BB62,114.132797,22.579599,719
粤B4BB62,114.132797,22.579599,719
粤B4BB62,114.132401,22.577999,720
粤B4BB62,114.130699,22.577801,720
粤B4BB62,114.132797,22.579599,720
粤B4BB62,114.124496,22.577,721
粤B4BB62,114.116699,22.5767,722
粤B4BB62,114.102303,22.572399,725
粤B4BB62,114.102699,22.572599,725
粤B4BB62,114.102303,22.572399,726
粤B4BB62,114.100304,22.5714,728
粤B4BB62,114.098999,22.570499,729
粤B4BB62,114.098701,22.5648,730
粤B4BB62,114.094704,22.564501,731
粤B4BB62,114.094597,22.562099,732
粤B4BB62,114.094597,22.5618,733
粤B4BB62,114.097397,22.559999,735
粤B4BB62,114.096703,22.559999,735
粤B4BB62,114.097801,22.560101,736
粤B4BB62,114.098999,22.559999,736
粤B4BB62,114.099403,22.559601,737
粤B4BB62,114.099197,22.5599,737
粤B4BB62,114.107101,22.558599,739
粤B4BB62,114.104103,22.558599,739
粤B4BB62,114.110497,22.558599,740
粤B4BB62,114.109802,22.5553,740
粤B4BB62,114.109703,22.5536,741
粤B4BB62,114.109703,22.5466,742
粤B4BB62,114.110199,22.547701,742
粤B4BB62,114.110001,22.5448,743
粤B4BB62,114.110497,22.5413,744
粤B4BB62,114.110298,22.5425,744
粤B4BB62,114.112999,22.5317,746
粤B4BB62,114.113998,22.531799,747
粤B4BB62,114.113998,22.531799,747
粤B4BB62,114.113998,22.531799,747
粤B4BB62,114.113998,22.531799,748
粤B4BB62,114.113701,22.537901,749
粤B4BB62,114.113701,22.537901,750
粤B4BB62,114.113701,22.537901,750
粤B4BB62,114.113701,22.537901,750
粤B4BB62,114.113701,22.537901,751
粤B4BB62,114.113503,22.540501,753
粤B4BB62,114.113602,22.5413,753
粤B4BB62,114.113503,22.5401,753
粤B4BB62,114.1138,22.5453,754
粤B4BB62,114.113701,22.543301,754
粤B4BB62,114.114304,22.546301,754
粤B4BB62,114.125397,22.5478,756
粤B4BB62,114.125702,22.547899,757
粤B4BB62,114.126099,22.548901,757
粤B4BB62,114.126503,22.5497,758
粤B4BB62,114.127602,22.5501,758
粤B4BB62,114.1278,22.5501,758
粤B4BB62,114.1287,22.5494,759
粤B4BB62,114.128799,22.5487,760
粤B4BB62,114.127602,22.548201,760
粤B4BB62,114.1269,22.548,761
粤B4BB62,114.1269,22.548,761
粤B4BB62,114.129601,22.547501,763
粤B4BB62,114.129501,22.547199,764
粤B4BB62,114.128197,22.5455,764
粤B4BB62,114.129601,22.546,764
粤B4BB62,114.122803,22.545099,767
粤B4BB62,114.1213,22.5438,768
粤B4BB62,114.119797,22.544399,768
粤B4BB62,114.120903,22.5439,768
粤B4BB62,114.1203,22.5441,769
粤B4BB62,114.121002,22.5413,770
粤B4BB62,114.122597,22.540899,770
粤B4BB62,114.122597,22.540899,771
粤B4BB62,114.122597,22.540899,771
粤B4BB62,114.1362,22.5506,773
粤B4BB62,114.138702,22.5536,774
粤B4BB62,114.139503,22.5604,774
粤B4BB62,114.1399,22.5571,774
粤B4BB62,114.138702,22.561501,775
粤B4BB62,114.138702,22.561501,775
粤B4BB62,114.138702,22.561501,775
粤B4BB62,114.136398,22.565701,776
粤B4BB62,114.136902,22.5648,776
粤B4BB62,114.136597,22.5667,777
粤B4BB62,114.137001,22.567801,777
粤B4BB62,114.137703,22.568501,778
粤B4BB62,114.138199,22.5735,779
粤B4BB62,114.137398,22.5711,779
粤B4BB62,114.137901,22.569599,779
粤B4BB62,114.140297,22.5786,780
粤B4BB62,114.139702,22.577299,780
粤B4BB62,114.140297,22.5786,780
粤B4BB62,114.138802,22.575399,780
粤B4BB62,114.140297,22.5786,781
粤B4BB62,114.140297,22.5786,781
粤B4BB62,114.140297,22.5786,781
粤B4BB62,114.146599,22.594,782
粤B4BB62,114.140297,22.5786,782
粤B4BB62,114.155502,22.6103,784
粤B4BB62,114.153603,22.608601,784
粤B4BB62,114.155098,22.6089,785
粤B4BB62,114.154701,22.608299,786
粤B4BB62,114.155403,22.608999,787
粤B4BB62,114.157997,22.6091,787
粤B4BB62,114.156898,22.6092,788
粤B4BB62,114.153999,22.6087,788
粤B4BB62,114.150497,22.6085,789
粤B4BB62,114.145897,22.6098,791
粤B4BB62,114.145897,22.6098,791
粤B4BB62,114.145897,22.6098,791
粤B4BB62,114.145599,22.6096,792
粤B4BB62,114.145599,22.609699,792
粤B4BB62,114.147499,22.609301,793
粤B4BB62,114.150902,22.6106,794
粤B4BB62,114.152397,22.6147,795
粤B4BB62,114.151299,22.6143,795
粤B4BB62,114.152802,22.6152,795
粤B4BB62,114.153198,22.6161,796
粤B4BB62,114.153603,22.616899,796
粤B4BB62,114.153297,22.617901,797
粤B4BB62,114.152802,22.6152,798
粤B4BB62,114.153397,22.616699,798
粤B4BB62,114.152,22.6145,799
粤B4BB62,114.150299,22.6087,801
粤B4BB62,114.150398,22.608999,801
粤B4BB62,114.1502,22.608299,802
粤B4BB62,114.153503,22.608299,803
粤B4BB62,114.1483,22.5987,804
粤B4BB62,114.1483,22.5987,804
粤B4BB62,114.144302,22.590799,805
粤B4BB62,114.145302,22.5926,805
粤B4BB62,114.1483,22.5987,805
粤B4BB62,114.1483,22.5987,805
粤B4BB62,114.144302,22.590799,806
粤B4BB62,114.144302,22.590799,806
粤B4BB62,114.144302,22.590799,808
粤B4BB62,114.144302,22.590799,809
粤B4BB62,114.144302,22.590799,809
粤B4BB62,114.144302,22.590799,810
粤B4BB62,114.1399,22.577801,812
粤B4BB62,114.139702,22.577499,813
粤B4BB62,114.139603,22.5772,813
粤B4BB62,114.139297,22.576799,814
粤B4BB62,114.1381,22.5734,815
粤B4BB62,114.137604,22.570999,815
粤B4BB62,114.138901,22.5756,815
粤B4BB62,114.137802,22.5686,816
粤B4BB62,114.137901,22.569799,816
粤B4BB62,114.137703,22.570801,816
粤B4BB62,114.137299,22.567801,817
粤B4BB62,114.137299,22.567801,817
粤B4BB62,114.120201,22.5387,824
粤B4BB62,114.1064,22.537001,825
粤B4BB62,114.1129,22.538099,825
粤B4BB62,114.137703,22.570801,825
粤B4BB62,114.1035,22.5382,826
粤B4BB62,114.088997,22.537701,827
粤B4BB62,114.078201,22.5338,828
粤B4BB62,114.071404,22.5319,829
粤B4BB62,114.073303,22.5319,829
粤B4BB62,114.067398,22.532,830
粤B4BB62,114.0681,22.5214,833
粤B4BB62,114.0681,22.5215,834
粤B4BB62,114.066902,22.5224,834
粤B4BB62,114.068199,22.521799,834
粤B4BB62,114.068298,22.5236,835
粤B4BB62,114.065102,22.5235,835
粤B4BB62,114.066803,22.532,842
粤B4BB62,114.058296,22.5333,843
粤B4BB62,114.0578,22.537001,845
粤B4BB62,114.0578,22.537001,845
粤B4BB62,114.0578,22.537001,845
粤B4BB62,114.056198,22.5368,847
粤B4BB62,114.054901,22.5371,847
粤B4BB62,114.0541,22.5376,848
粤B4BB62,114.053497,22.5376,848
粤B4BB62,114.0578,22.5369,850
粤B4BB62,114.058998,22.528299,851
粤B4BB62,114.058098,22.533701,851
粤B4BB62,114.058502,22.530399,851
粤B4BB62,114.059196,22.527901,852
粤B4BB62,114.060898,22.5215,854
粤B4BB62,114.060898,22.5215,854
粤B4BB62,114.060898,22.5215,855
粤B4BB62,114.060997,22.521299,855
粤B4BB62,114.0616,22.520599,856
粤B4BB62,114.061203,22.5193,856
粤B4BB62,114.055,22.5152,858
粤B4BB62,114.055298,22.5145,858
粤B4BB62,114.055298,22.514601,858
粤B4BB62,114.055298,22.5145,859
粤B4BB62,114.051903,22.5098,861
粤B4BB62,114.052399,22.510099,861
粤B4BB62,114.052101,22.509899,863
粤B4BB62,114.055801,22.5133,865
粤B4BB62,114.055199,22.514601,865
粤B4BB62,114.050797,22.517401,867
粤B4BB62,114.050797,22.517401,867
粤B4BB62,114.050499,22.518299,868
粤B4BB62,114.047501,22.518801,868
粤B4BB62,114.042099,22.521299,869
粤B4BB62,114.044899,22.5287,871
粤B4BB62,114.044601,22.5354,871
粤B4BB62,114.045601,22.5394,872
粤B4BB62,114.046898,22.5394,872
粤B4BB62,114.047798,22.539499,873
粤B4BB62,114.0476,22.540199,874
粤B4BB62,114.049004,22.541,875
粤B4BB62,114.049599,22.539301,876
粤B4BB62,114.0495,22.5394,876
粤B4BB62,114.049698,22.538601,876
粤B4BB62,114.048203,22.537399,878
粤B4BB62,114.048203,22.537399,878
粤B4BB62,114.0495,22.5373,879
粤B4BB62,114.049698,22.536501,880
粤B4BB62,114.048401,22.5317,882
粤B4BB62,114.050201,22.532101,882
粤B4BB62,114.043297,22.531799,883
粤B4BB62,114.044502,22.531099,883
粤B4BB62,114.042297,22.530001,885
粤B4BB62,114.042297,22.530001,886
粤B4BB62,114.042297,22.530001,886
粤B4BB62,114.045303,22.5312,887
粤B4BB62,114.0485,22.525801,889
粤B4BB62,114.050201,22.525801,889
粤B4BB62,114.0494,22.525801,889
粤B4BB62,114.047699,22.525801,890
粤B4BB62,114.044601,22.534901,892
粤B4BB62,114.045097,22.5371,892
粤B4BB62,114.044701,22.531601,892
粤B4BB62,114.045197,22.537201,893
粤B4BB62,114.045898,22.5373,894
粤B4BB62,114.049797,22.5368,896
粤B4BB62,114.0504,22.533701,897
粤B4BB62,114.051102,22.533501,897
粤B4BB62,114.051498,22.529301,899
粤B4BB62,114.081703,22.5422,911
粤B4BB62,114.081703,22.542101,911
粤B4BB62,114.081703,22.5422,912
粤B4BB62,114.081703,22.5422,912
粤B4BB62,114.082199,22.5431,913
粤B4BB62,114.082703,22.5432,914
粤B4BB62,114.085602,22.543501,915
粤B4BB62,114.086502,22.5434,915
粤B4BB62,114.087799,22.5434,916
粤B4BB62,114.0952,22.542999,917
粤B4BB62,114.0942,22.543301,917
粤B4BB62,114.0951,22.5424,918
粤B4BB62,114.096603,22.5403,919
粤B4BB62,114.096901,22.540501,919
粤B4BB62,114.0998,22.541201,921
粤B4BB62,114.101997,22.542601,922
粤B4BB62,114.102699,22.5431,922
粤B4BB62,114.102699,22.5431,923
粤B4BB62,114.104897,22.5434,924
粤B4BB62,114.1054,22.543501,925
粤B4BB62,114.1054,22.543501,926
粤B4BB62,114.1054,22.543501,926
粤B4BB62,114.106796,22.5417,928
粤B4BB62,114.107597,22.5417,929
粤B4BB62,114.107597,22.541901,930
粤B4BB62,114.1092,22.5418,932
粤B4BB62,114.110603,22.542101,932
粤B4BB62,114.110703,22.542101,933
粤B4BB62,114.113098,22.5459,935
粤B4BB62,114.113098,22.5459,936
粤B4BB62,114.113098,22.5459,936
粤B4BB62,114.113098,22.5459,936
粤B4BB62,114.113297,22.546,937
粤B4BB62,114.114197,22.547001,939
粤B4BB62,114.114304,22.5469,940
粤B4BB62,114.111099,22.5478,942
粤B4BB62,114.111198,22.547899,942
粤B4BB62,114.111198,22.547899,943
粤B4BB62,114.110802,22.5478,943
粤B4BB62,114.110199,22.5431,946
粤B4BB62,114.110603,22.539499,947
粤B4BB62,114.110703,22.538099,947
粤B4BB62,114.101303,22.5382,948
粤B4BB62,114.095497,22.5382,949
粤B4BB62,114.093803,22.5382,949
粤B4BB62,114.091301,22.5382,950
粤B4BB62,114.090401,22.538099,950
粤B4BB62,114.084702,22.5375,952
粤B4BB62,114.083603,22.5375,953
粤B4BB62,114.082703,22.5375,953
粤B4BB62,114.080498,22.5368,954
粤B4BB62,114.081703,22.5373,954
粤B4BB62,114.079903,22.536301,954
粤B4BB62,114.074097,22.5319,956
粤B4BB62,114.0728,22.531799,956
粤B4BB62,114.070801,22.5319,956
粤B4BB62,114.063103,22.534901,958
粤B4BB62,114.062698,22.547199,959
粤B4BB62,114.064499,22.5476,960
粤B4BB62,114.0644,22.5476,960
粤B4BB62,114.064499,22.5476,961
粤B4BB62,114.0653,22.547701,962
粤B4BB62,114.067497,22.544001,963
粤B4BB62,114.067802,22.5413,963
粤B4BB62,114.067902,22.5392,964
粤B4BB62,114.066597,22.538601,964
粤B4BB62,114.066597,22.538601,965
粤B4BB62,114.066597,22.538601,970
粤B4BB62,114.065697,22.5546,971
粤B4BB62,114.065697,22.5546,971
粤B4BB62,114.067802,22.551399,974
粤B4BB62,114.067802,22.551399,974
粤B4BB62,114.080902,22.5541,978
粤B4BB62,114.082603,22.5541,979
粤B4BB62,114.081299,22.5541,979
粤B4BB62,114.081596,22.5581,982
粤B4BB62,114.081902,22.559401,982
粤B4BB62,114.080498,22.5574,983
粤B4BB62,114.0811,22.557501,983
粤B4BB62,114.0839,22.562,984
粤B4BB62,114.0905,22.567101,986
粤B4BB62,114.088402,22.566601,986
粤B4BB62,114.097801,22.5693,987
粤B4BB62,114.099197,22.569,989
粤B4BB62,114.098999,22.5718,990
粤B4BB62,114.100899,22.581301,991
粤B4BB62,114.101898,22.5825,993
粤B4BB62,114.101898,22.5825,994
粤B4BB62,114.101898,22.5825,994
粤B4BB62,114.101898,22.5825,994
粤B4BB62,114.101898,22.5825,995
粤B4BB62,114.101898,22.5825,997
粤B4BB62,114.101898,22.5825,997
粤B4BB62,114.101898,22.5825,998
粤B4BB62,114.101898,22.5825,998
粤B4BB62,114.101898,22.5825,999
粤B4BB62,114.101898,22.5825,1001
粤B4BB62,114.101898,22.5825,1001
粤B4BB62,114.101898,22.5825,1002
粤B4BB62,114.101799,22.582399,1002
粤B4BB62,114.101799,22.582399,1003
粤B4BB62,114.101799,22.582399,1004
粤B4BB62,114.101799,22.582399,1005
粤B4BB62,114.101799,22.582399,1005
粤B4BB62,114.101799,22.582399,1007
粤B4BB62,114.101799,22.582399,1008
粤B4BB62,114.101799,22.582399,1009
粤B4BB62,114.101799,22.582399,1009
粤B4BB62,114.101799,22.582399,1011
粤B4BB62,114.101799,22.582399,1011
粤B4BB62,114.101799,22.582399,1012
粤B4BB62,114.101799,22.582399,1012
粤B4BB62,114.101799,22.582399,1013
粤B4BB62,114.101799,22.582399,1015
粤B4BB62,114.101799,22.582399,1015
粤B4BB62,114.101799,22.582399,1018
粤B4BB62,114.101601,22.5825,1028
粤B4BB62,114.101601,22.5825,1029
粤B4BB62,114.101601,22.5825,1031
粤B4BB62,114.101601,22.5825,1032
粤B4BB62,114.101601,22.5825,1032
粤B4BB62,114.101601,22.5825,1033
粤B4BB62,114.101601,22.5825,1034
粤B4BB62,114.101601,22.5825,1035
粤B4BB62,114.101601,22.5825,1036
粤B4BB62,114.101601,22.5825,1036
粤B4BB62,114.101601,22.5825,1038
粤B4BB62,114.101601,22.5825,1038
粤B4BB62,114.101601,22.5825,1038
粤B4BB62,114.101601,22.5825,1039
粤B4BB62,114.101601,22.5825,1039
粤B4BB62,114.101601,22.5825,1040
粤B4BB62,114.1017,22.5823,1040
粤B4BB62,114.1017,22.5823,1042
粤B4BB62,114.1017,22.5823,1042
粤B4BB62,114.1017,22.5823,1042
粤B4BB62,114.1017,22.5823,1043
粤B4BB62,114.1017,22.5823,1043
粤B4BB62,114.1017,22.5823,1045
粤B4BB62,114.1017,22.5823,1045
粤B4BB62,114.1017,22.5823,1046
粤B4BB62,114.1017,22.5823,1046
粤B4BB62,114.1017,22.5823,1047
粤B4BB62,114.1017,22.5823,1047
粤B4BB62,114.101898,22.5821,1049
粤B4BB62,114.101501,22.581499,1049
粤B4BB62,114.101601,22.582199,1049
粤B4BB62,114.100403,22.58,1050
粤B4BB62,114.099098,22.577999,1050
粤B4BB62,114.098801,22.5765,1051
粤B4BB62,114.096802,22.5695,1052
粤B4BB62,114.0951,22.568701,1053
粤B4BB62,114.091698,22.567801,1054
粤B4BB62,114.090103,22.567301,1054
粤B4BB62,114.089203,22.561701,1056
粤B4BB62,114.089203,22.561701,1056
粤B4BB62,114.091698,22.561501,1058
粤B4BB62,114.091003,22.561501,1058
粤B4BB62,114.087997,22.564199,1059
粤B4BB62,114.087502,22.565399,1060
粤B4BB62,114.0867,22.5674,1061
粤B4BB62,114.087097,22.5665,1061
粤B4BB62,114.083397,22.571699,1063
粤B4BB62,114.084602,22.5707,1063
粤B4BB62,114.0821,22.5723,1064
粤B4BB62,114.078102,22.572901,1064
粤B4BB62,114.075897,22.5723,1065
粤B4BB62,114.064598,22.5772,1069
粤B4BB62,114.036903,22.599899,1076
粤B4BB62,114.034798,22.6019,1077
粤B4BB62,114.034798,22.6019,1077
粤B4BB62,114.034798,22.6019,1078
粤B4BB62,114.029701,22.6073,1079
粤B4BB62,114.027901,22.609699,1080
粤B4BB62,114.027,22.610701,1080
粤B4BB62,114.027,22.610701,1080
粤B4BB62,114.027,22.610701,1081
粤B4BB62,114.020897,22.6166,1081
粤B4BB62,114.0187,22.618401,1081
粤B4BB62,114.012703,22.629,1083
粤B4BB62,114.013901,22.629801,1083
粤B4BB62,114.012497,22.627001,1083
粤B4BB62,114.0168,22.6315,1084
粤B4BB62,114.013901,22.629801,1084
粤B4BB62,114.018799,22.633101,1085
粤B4BB62,114.021202,22.638201,1088
粤B4BB62,114.0215,22.6395,1088
粤B4BB62,114.021599,22.639601,1088
粤B4BB62,114.021103,22.6381,1089
粤B4BB62,114.021896,22.6369,1091
粤B4BB62,114.021896,22.6369,1091
粤B4BB62,114.0233,22.636499,1092
粤B4BB62,114.023003,22.6366,1092
粤B4BB62,114.0233,22.636499,1094
粤B4BB62,114.025101,22.6327,1095
粤B4BB62,114.025101,22.6327,1095
粤B4BB62,114.0252,22.632099,1096
粤B4BB62,114.025299,22.631399,1097
粤B4BB62,114.025299,22.631399,1097
粤B4BB62,114.025803,22.6292,1099
粤B4BB62,114.028801,22.618099,1101
粤B4BB62,114.029198,22.618999,1101
粤B4BB62,114.027,22.617201,1101
粤B4BB62,114.027702,22.615,1102
粤B4BB62,114.026703,22.6164,1102
粤B4BB62,114.026497,22.6127,1104
粤B4BB62,114.026497,22.6127,1104
粤B4BB62,114.028,22.6136,1105
粤B4BB62,114.028099,22.6136,1105
粤B4BB62,114.028,22.6136,1105
粤B4BB62,114.026497,22.6127,1105
粤B4BB62,114.028,22.6136,1109
粤B4BB62,114.028,22.6136,1109
粤B4BB62,114.028,22.6136,1109
粤B4BB62,114.028,22.6136,1109
粤B4BB62,114.027603,22.613199,1111
粤B4BB62,114.027603,22.613199,1111
粤B4BB62,114.027603,22.613199,1112
粤B4BB62,114.027603,22.613199,1112
粤B4BB62,114.027397,22.613199,1114
粤B4BB62,114.027397,22.613199,1114
粤B4BB62,114.027397,22.613199,1115
粤B4BB62,114.027397,22.613199,1115
粤B4BB62,114.027397,22.613199,1115
粤B4BB62,114.027397,22.613199,1115
粤B4BB62,114.027298,22.6131,1116
粤B4BB62,114.027298,22.6131,1116
粤B4BB62,114.027496,22.613199,1118
粤B4BB62,114.027298,22.613501,1119
粤B4BB62,114.027298,22.613501,1119
粤B4BB62,114.027298,22.613501,1119
粤B4BB62,114.027496,22.613199,1119
粤B4BB62,114.027298,22.613501,1120
粤B4BB62,114.027298,22.613501,1120
粤B4BB62,114.025803,22.6103,1121
粤B4BB62,114.027298,22.613501,1121
粤B4BB62,114.022697,22.6085,1122
粤B4BB62,114.023697,22.604601,1122
粤B4BB62,114.023697,22.608999,1122
粤B4BB62,114.022102,22.606701,1122
粤B4BB62,114.024803,22.6033,1123
粤B4BB62,114.024101,22.6042,1123
粤B4BB62,114.026199,22.6008,1124
粤B4BB62,114.0243,22.594,1125
粤B4BB62,114.022301,22.5933,1125
粤B4BB62,114.027199,22.5947,1126
粤B4BB62,114.029297,22.594801,1126
粤B4BB62,114.030602,22.594801,1127
粤B4BB62,114.039001,22.593201,1128
粤B4BB62,114.041298,22.5926,1129
粤B4BB62,114.044197,22.591999,1129
粤B4BB62,114.048103,22.591801,1129
粤B4BB62,114.051804,22.588301,1130
粤B4BB62,114.050003,22.589701,1130
粤B4BB62,114.053101,22.5854,1130
粤B4BB62,114.055298,22.580099,1132
粤B4BB62,114.055496,22.5798,1132
粤B4BB62,114.056999,22.5786,1133
粤B4BB62,114.056297,22.579,1133
粤B4BB62,114.059998,22.5774,1135
粤B4BB62,114.060402,22.576599,1136
粤B4BB62,114.039101,22.543699,1167
粤B4BB62,114.041298,22.544399,1170
粤B4BB62,114.041298,22.544399,1170
粤B4BB62,114.043701,22.5445,1171
粤B4BB62,114.0439,22.544399,1171
粤B4BB62,114.042099,22.5445,1171
粤B4BB62,114.043503,22.543301,1172
粤B4BB62,114.044899,22.5271,1174
粤B4BB62,114.042603,22.5224,1175
粤B4BB62,114.043404,22.5236,1175
粤B4BB62,114.043999,22.524799,1175
粤B4BB62,114.040298,22.5187,1176
粤B4BB62,114.041496,22.5207,1176
粤B4BB62,114.034798,22.517599,1178
粤B4BB62,114.030197,22.52,1178
粤B4BB62,114.029099,22.5207,1179
粤B4BB62,114.025101,22.5231,1181
粤B4BB62,114.0214,22.5252,1182
粤B4BB62,114.019203,22.5266,1183
粤B4BB62,114.020798,22.5254,1183
粤B4BB62,114.0187,22.5287,1184
粤B4BB62,114.019997,22.529301,1185
粤B4BB62,114.018898,22.5291,1185
粤B4BB62,114.020599,22.5294,1186
粤B4BB62,114.020798,22.5294,1186
粤B4BB62,114.022797,22.5317,1190
粤B4BB62,114.021797,22.531799,1190
粤B4BB62,114.026604,22.5294,1191
粤B4BB62,114.0289,22.5282,1192
粤B4BB62,114.024002,22.5319,1193
粤B4BB62,114.014397,22.530899,1194
粤B4BB62,114.003403,22.530199,1195
粤B4BB62,114.010902,22.5301,1195
粤B4BB62,113.992996,22.5338,1197
粤B4BB62,113.992897,22.534201,1198
粤B4BB62,113.992897,22.534201,1198
粤B4BB62,113.992897,22.534201,1198
粤B4BB62,113.996399,22.534599,1202
粤B4BB62,113.996399,22.534599,1202
粤B4BB62,114.004997,22.5361,1203
粤B4BB62,114.002899,22.535801,1203
粤B4BB62,114.007599,22.536501,1204
粤B4BB62,114.013397,22.5375,1206
粤B4BB62,114.015099,22.5378,1206
粤B4BB62,114.019203,22.537201,1207
粤B4BB62,114.018997,22.538,1207
粤B4BB62,114.018997,22.5378,1209
粤B4BB62,114.019302,22.536699,1209
粤B4BB62,114.019699,22.5385,1210
粤B4BB62,114.024101,22.5394,1210
粤B4BB62,114.033997,22.541201,1212
粤B4BB62,114.035004,22.541401,1212
粤B4BB62,114.0354,22.5432,1213
粤B4BB62,114.035599,22.5415,1213
粤B4BB62,114.039703,22.5443,1215
粤B4BB62,114.0401,22.544399,1216
粤B4BB62,114.040298,22.5445,1217
粤B4BB62,114.047798,22.541201,1221
粤B4BB62,114.046799,22.5418,1221
粤B4BB62,114.047699,22.5396,1224
粤B4BB62,114.047897,22.538099,1224
粤B4BB62,114.047798,22.5394,1224
粤B4BB62,114.043503,22.527599,1227
粤B4BB62,114.042603,22.527399,1228
粤B4BB62,114.037102,22.5268,1232
粤B4BB62,114.037102,22.5268,1232
粤B4BB62,114.037201,22.526699,1233
粤B4BB62,114.037102,22.5268,1233
粤B4BB62,114.040298,22.527201,1234
粤B4BB62,114.040703,22.527201,1235
粤B4BB62,114.041397,22.5275,1235
粤B4BB62,114.040901,22.527201,1235
粤B4BB62,114.040901,22.5294,1236
粤B4BB62,114.041,22.5285,1236
粤B4BB62,114.0457,22.531099,1238
粤B4BB62,114.0439,22.531099,1238
粤B4BB62,114.045097,22.5394,1240
粤B4BB62,114.051804,22.537399,1243
粤B4BB62,114.051201,22.537399,1243
粤B4BB62,114.051804,22.537399,1243
粤B4BB62,114.051804,22.537399,1245
粤B4BB62,114.051804,22.537399,1245
粤B4BB62,114.051804,22.537399,1245
粤B4BB62,114.051804,22.537399,1246
粤B4BB62,114.051804,22.537399,1246
粤B4BB62,114.051804,22.537399,1247
粤B4BB62,114.051498,22.5376,1248
粤B4BB62,114.050697,22.5375,1248
粤B4BB62,114.048698,22.5375,1249
粤B4BB62,114.044403,22.5448,1250
粤B4BB62,114.044403,22.541,1250
粤B4BB62,114.044296,22.5513,1252
粤B4BB62,114.044296,22.553699,1253
粤B4BB62,114.044098,22.556299,1253
粤B4BB62,114.045799,22.5676,1257
粤B4BB62,114.045403,22.5676,1257
粤B4BB62,114.054199,22.5672,1260
粤B4BB62,114.055,22.567699,1261
粤B4BB62,114.058701,22.569201,1262
粤B4BB62,114.061897,22.569799,1263
粤B4BB62,114.062401,22.5623,1264
粤B4BB62,114.062302,22.567499,1264
粤B4BB62,114.062302,22.5532,1265
粤B4BB62,114.062698,22.546499,1267
粤B4BB62,114.062599,22.547701,1267
粤B4BB62,114.062897,22.539,1269
粤B4BB62,114.063004,22.5406,1269
粤B4BB62,114.070801,22.542801,1271
粤B4BB62,114.0756,22.542999,1271
粤B4BB62,114.075798,22.542999,1272
粤B4BB62,114.076103,22.542999,1272
粤B4BB62,114.088303,22.543501,1274
粤B4BB62,114.090797,22.543501,1275
粤B4BB62,114.094597,22.5434,1276
粤B4BB62,114.105904,22.544701,1278
粤B4BB62,114.102699,22.544001,1278
粤B4BB62,114.104698,22.544399,1278
粤B4BB62,114.105904,22.544701,1279
粤B4BB62,114.105904,22.544701,1279
粤B4BB62,114.109299,22.5446,1281
粤B4BB62,114.110901,22.545401,1282
粤B4BB62,114.108597,22.544901,1282
粤B4BB62,114.108498,22.544701,1282
粤B4BB62,114.113701,22.5418,1284
粤B4BB62,114.114601,22.540899,1285
粤B4BB62,114.114601,22.540899,1285
粤B4BB62,114.116203,22.5413,1286
粤B4BB62,114.115601,22.539301,1287
粤B4BB62,114.114304,22.539,1287
粤B4BB62,114.114197,22.539,1288
粤B4BB62,114.114197,22.539,1288
粤B4BB62,114.114197,22.539,1288
粤B4BB62,114.113503,22.5389,1289
粤B4BB62,114.111801,22.539301,1289
粤B4BB62,114.112396,22.5387,1289
粤B4BB62,114.112801,22.542299,1291
粤B4BB62,114.112801,22.542299,1291
粤B4BB62,114.114098,22.5425,1292
粤B4BB62,114.114304,22.5425,1292
粤B4BB62,114.114304,22.5425,1293
粤B4BB62,114.117104,22.5432,1294
粤B4BB62,114.117897,22.543699,1295
粤B4BB62,114.1194,22.5422,1295
粤B4BB62,114.121696,22.541201,1296
粤B4BB62,114.120003,22.5418,1296
粤B4BB62,114.134003,22.5464,1298
粤B4BB62,114.130501,22.544399,1298
粤B4BB62,114.138199,22.5522,1299
粤B4BB62,114.136703,22.5501,1299
粤B4BB62,114.135597,22.548401,1299
粤B4BB62,114.163597,22.5627,1302
粤B4BB62,114.156403,22.560101,1302
粤B4BB62,114.182999,22.556499,1310
粤B4BB62,114.1782,22.559601,1310
粤B4BB62,114.184097,22.5562,1311
粤B4BB62,114.184898,22.556101,1311
粤B4BB62,114.187798,22.555901,1312
粤B4BB62,114.193298,22.556601,1314
粤B4BB62,114.193298,22.556601,1314
粤B4BB62,114.193298,22.556601,1314
粤B4BB62,114.193298,22.556601,1315
粤B4BB62,114.193298,22.556601,1315
粤B4BB62,114.220703,22.555099,1317
粤B4BB62,114.219704,22.556101,1317
粤B4BB62,114.218498,22.556999,1317
粤B4BB62,114.220703,22.555099,1318
粤B4BB62,114.184097,22.5562,1325
粤B4BB62,114.184799,22.5562,1325
粤B4BB62,114.178398,22.5597,1326
粤B4BB62,114.154602,22.559,1330
粤B4BB62,114.152199,22.556999,1331
粤B4BB62,114.148903,22.556,1331
粤B4BB62,114.148102,22.555901,1331
粤B4BB62,114.145897,22.5555,1332
粤B4BB62,114.138901,22.5648,1334
粤B4BB62,114.139702,22.5639,1334
粤B4BB62,114.137604,22.5662,1335
粤B4BB62,114.137802,22.565901,1335
粤B4BB62,114.1381,22.565599,1335
粤B4BB62,114.137001,22.5667,1337
粤B4BB62,114.137901,22.5688,1338
粤B4BB62,114.138,22.569799,1338
粤B4BB62,114.137901,22.572701,1339
粤B4BB62,114.137901,22.570499,1339
粤B4BB62,114.140297,22.578699,1341
粤B4BB62,114.140297,22.578699,1341
粤B4BB62,114.146103,22.593201,1342
粤B4BB62,114.146896,22.5947,1342
粤B4BB62,114.151299,22.6029,1343
粤B4BB62,114.155403,22.613899,1344
粤B4BB62,114.156898,22.6152,1345
粤B4BB62,114.158401,22.611401,1346
粤B4BB62,114.158997,22.610399,1348
粤B4BB62,114.158997,22.610399,1348
粤B4BB62,114.158997,22.610399,1349
粤B4BB62,114.158997,22.610399,1349
粤B4BB62,114.158997,22.610399,1349
粤B4BB62,114.158997,22.610399,1351
粤B4BB62,114.158997,22.610399,1352
粤B4BB62,114.158997,22.610399,1353
粤B4BB62,114.158997,22.610399,1353
粤B4BB62,114.158997,22.610399,1353
粤B4BB62,114.158997,22.6103,1358
粤B4BB62,114.158997,22.610399,1358
粤B4BB62,114.159103,22.6087,1359
粤B4BB62,114.158997,22.6099,1359
粤B4BB62,114.160698,22.6035,1360
粤B4BB62,114.159103,22.6087,1364
粤B4BB62,114.140099,22.578699,1365
粤B4BB62,114.1381,22.5734,1366
粤B4BB62,114.137604,22.5711,1366
粤B4BB62,114.137398,22.5681,1368
粤B4BB62,114.134499,22.5651,1369
粤B4BB62,114.132103,22.5623,1370
粤B4BB62,114.1241,22.552299,1372
粤B4BB62,114.126503,22.5539,1372
粤B4BB62,114.122902,22.552099,1373
粤B4BB62,114.123802,22.552401,1373
粤B4BB62,114.1213,22.547899,1377
粤B4BB62,114.1185,22.547899,1378
粤B4BB62,114.118698,22.547899,1378
粤B4BB62,114.1185,22.547899,1380
粤B4BB62,114.1185,22.547899,1381
粤B4BB62,114.1185,22.547899,1382
粤B4BB62,114.1185,22.547899,1383
粤B4BB62,114.1185,22.547899,1384
粤B4BB62,114.1185,22.547899,1384
粤B4BB62,114.119202,22.5478,1384
粤B4BB62,114.120796,22.547701,1385
粤B4BB62,114.1259,22.5483,1386
粤B4BB62,114.128899,22.5483,1387
粤B4BB62,114.128197,22.548201,1387
粤B4BB62,114.128899,22.5483,1388
粤B4BB62,114.136299,22.5488,1390
粤B4BB62,114.138702,22.553101,1390
粤B4BB62,114.150902,22.556299,1392
粤B4BB62,114.1688,22.562799,1393
粤B4BB62,114.172401,22.562799,1394
粤B4BB62,114.173401,22.5658,1397
粤B4BB62,114.173401,22.5658,1397
粤B4BB62,114.173698,22.566,1398
粤B4BB62,114.173798,22.566099,1398
粤B4BB62,114.172401,22.566601,1399
粤B4BB62,114.172699,22.5655,1399
粤B4BB62,114.167297,22.571699,1401
粤B4BB62,114.165398,22.570801,1402
粤B4BB62,114.167099,22.569901,1402
粤B4BB62,114.167,22.571501,1402
粤B4BB62,114.163399,22.5655,1404
粤B4BB62,114.161499,22.565201,1404
粤B4BB62,114.1614,22.5646,1405
粤B4BB62,114.159401,22.564199,1405
粤B4BB62,114.160896,22.564301,1405
粤B4BB62,114.159401,22.564199,1405
粤B4BB62,114.1576,22.564199,1406
粤B4BB62,114.1576,22.564199,1406
粤B4BB62,114.138496,22.5651,1410
粤B4BB62,114.140297,22.563101,1410
粤B4BB62,114.136902,22.5667,1411
粤B4BB62,114.136902,22.5667,1411
粤B4BB62,114.137199,22.567801,1412
粤B4BB62,114.137901,22.569099,1414
粤B4BB62,114.134903,22.570499,1415
粤B4BB62,114.133003,22.573999,1416
粤B4BB62,114.134499,22.573,1416
粤B4BB62,114.131897,22.5758,1417
粤B4BB62,114.132599,22.5769,1418
粤B4BB62,114.134903,22.576099,1418
粤B4BB62,114.136703,22.5755,1418
粤B4BB62,114.137299,22.5758,1419
粤B4BB62,114.137901,22.575199,1419
粤B4BB62,114.135597,22.576401,1419
粤B4BB62,114.133003,22.5842,1422
粤B4BB62,114.1334,22.5863,1423
粤B4BB62,114.132797,22.585501,1423
粤B4BB62,114.132301,22.586599,1426
粤B4BB62,114.134201,22.5858,1427
粤B4BB62,114.147301,22.5881,1429
粤B4BB62,114.149597,22.589001,1430
粤B4BB62,114.152298,22.595699,1431
粤B4BB62,114.1605,22.6024,1432
粤B4BB62,114.160797,22.604799,1432
粤B4BB62,114.159798,22.607901,1433
粤B4BB62,114.160202,22.6068,1433
