粤B9VU48,114.100861,22.546593,0
粤B9VU48,114.075249,22.571815,7
粤B9VU48,114.067657,22.569983,8
粤B9VU48,114.05928,22.579811,9
粤B9VU48,114.066315,22.575804,9
粤B9VU48,114.047028,22.591513,11
粤B9VU48,114.040131,22.597103,12
粤B9VU48,114.040131,22.597103,13
粤B9VU48,114.036194,22.600681,13
粤B9VU48,114.03186,22.605129,14
粤B9VU48,114.030746,22.60634,14
粤B9VU48,114.030556,22.606518,14
粤B9VU48,114.05928,22.579811,15
粤B9VU48,114.031647,22.608572,15
粤B9VU48,114.031898,22.60861,16
粤B9VU48,114.03315,22.608927,17
粤B9VU48,114.03315,22.608927,18
粤B9VU48,114.035622,22.610718,19
粤B9VU48,114.038765,22.606951,20
粤B9VU48,114.040916,22.604263,21
粤B9VU48,114.031647,22.608572,21
粤B9VU48,114.040916,22.604263,23
粤B9VU48,114.041924,22.603107,25
粤B9VU48,114.04026,22.601089,26
粤B9VU48,114.038765,22.606951,26
粤B9VU48,114.041138,22.600121,27
粤B9VU48,114.041122,22.600134,27
粤B9VU48,114.041122,22.600134,28
粤B9VU48,114.041023,22.600273,29
粤B9VU48,114.047417,22.603937,30
粤B9VU48,114.042229,22.60272,30
粤B9VU48,114.041924,22.603107,31
粤B9VU48,114.047676,22.601843,31
粤B9VU48,114.048302,22.600437,32
粤B9VU48,114.048264,22.59951,33
粤B9VU48,114.048279,22.599501,33
粤B9VU48,114.048279,22.599501,33
粤B9VU48,114.048218,22.599495,34
粤B9VU48,114.048218,22.599495,34
粤B9VU48,114.048065,22.601803,35
粤B9VU48,114.048096,22.600027,35
粤B9VU48,114.047501,22.603195,36
粤B9VU48,114.047417,22.603937,36
粤B9VU48,114.047501,22.603064,36
粤B9VU48,114.049614,22.604425,37
粤B9VU48,114.053932,22.607718,38
粤B9VU48,114.053932,22.607718,38
粤B9VU48,114.055038,22.611774,39
粤B9VU48,114.055786,22.621613,40
粤B9VU48,114.055862,22.616934,40
粤B9VU48,114.055885,22.624649,41
粤B9VU48,114.048065,22.601803,41
粤B9VU48,114.055885,22.624653,41
粤B9VU48,114.058929,22.624601,42
粤B9VU48,114.058105,22.624958,43
粤B9VU48,114.056023,22.625071,44
粤B9VU48,114.058105,22.624958,44
粤B9VU48,114.055984,22.625063,45
粤B9VU48,114.054077,22.625322,45
粤B9VU48,114.054214,22.625202,46
粤B9VU48,114.055786,22.621613,46
粤B9VU48,114.05394,22.625282,47
粤B9VU48,114.050781,22.625303,48
粤B9VU48,114.050362,22.623343,49
粤B9VU48,114.050781,22.625303,49
粤B9VU48,114.050362,22.623343,49
粤B9VU48,114.048172,22.621742,50
粤B9VU48,114.042114,22.619947,50
粤B9VU48,114.037331,22.617481,51
粤B9VU48,114.037415,22.61647,52
粤B9VU48,114.054077,22.625322,52
粤B9VU48,114.037422,22.616438,53
粤B9VU48,114.037422,22.616438,54
粤B9VU48,114.042114,22.619947,57
粤B9VU48,114.037422,22.616438,59
粤B9VU48,114.037422,22.616438,62
粤B9VU48,114.037422,22.616438,64
粤B9VU48,114.037422,22.616438,64
粤B9VU48,114.037422,22.616438,67
粤B9VU48,114.037422,22.616438,69
粤B9VU48,114.037422,22.616438,72
粤B9VU48,114.037422,22.616438,75
粤B9VU48,114.037422,22.616438,77
粤B9VU48,114.037422,22.616438,79
粤B9VU48,114.038559,22.614368,80
粤B9VU48,114.038986,22.613628,81
粤B9VU48,114.040634,22.609419,82
粤B9VU48,114.038773,22.606987,83
粤B9VU48,114.037422,22.616438,83
粤B9VU48,114.040939,22.604353,84
粤B9VU48,114.041229,22.602091,85
粤B9VU48,114.041229,22.602091,85
粤B9VU48,114.040382,22.601393,85
粤B9VU48,114.041306,22.600159,86
粤B9VU48,114.04129,22.600153,86
粤B9VU48,114.040634,22.609419,88
粤B9VU48,114.040443,22.60104,89
粤B9VU48,114.040443,22.60104,90
粤B9VU48,114.034882,22.602089,91
粤B9VU48,114.030937,22.605997,92
粤B9VU48,114.031471,22.608536,92
粤B9VU48,114.041306,22.600159,93
粤B9VU48,114.03334,22.60751,93
粤B9VU48,114.033104,22.607428,94
粤B9VU48,114.033089,22.607422,95
粤B9VU48,114.033089,22.607422,95
粤B9VU48,114.033104,22.607428,95
粤B9VU48,114.031471,22.608536,97
粤B9VU48,114.033089,22.607422,100
粤B9VU48,114.033089,22.607422,102
粤B9VU48,114.033089,22.607422,105
粤B9VU48,114.033089,22.607422,107
粤B9VU48,114.033089,22.607422,110
粤B9VU48,114.033089,22.607422,111
粤B9VU48,114.033089,22.607422,112
粤B9VU48,114.033089,22.607422,116
粤B9VU48,114.033089,22.607422,118
粤B9VU48,114.033089,22.607422,121
粤B9VU48,114.033089,22.607422,123
粤B9VU48,114.033089,22.607422,125
粤B9VU48,114.033089,22.607422,126
粤B9VU48,114.033089,22.607422,128
粤B9VU48,114.033089,22.607422,131
粤B9VU48,114.033089,22.607422,133
粤B9VU48,114.033089,22.607422,136
粤B9VU48,114.033089,22.607422,138
粤B9VU48,114.033089,22.607422,140
粤B9VU48,114.033089,22.607422,142
粤B9VU48,114.033089,22.607422,143
粤B9VU48,114.033089,22.607422,147
粤B9VU48,114.033089,22.607422,149
粤B9VU48,114.033089,22.607422,152
粤B9VU48,114.033089,22.607422,154
粤B9VU48,114.033089,22.607422,155
粤B9VU48,114.033089,22.607422,157
粤B9VU48,114.033089,22.607422,159
粤B9VU48,114.033089,22.607422,162
粤B9VU48,114.033089,22.607422,164
粤B9VU48,114.033089,22.607422,167
粤B9VU48,114.033089,22.607422,169
粤B9VU48,114.033089,22.607422,173
粤B9VU48,114.033089,22.607422,174
粤B9VU48,114.033089,22.607422,178
粤B9VU48,114.033089,22.607422,180
粤B9VU48,114.033089,22.607422,183
粤B9VU48,114.033089,22.607422,185
粤B9VU48,114.033089,22.607422,193
粤B9VU48,114.033089,22.607422,198
粤B9VU48,114.033089,22.607422,200
粤B9VU48,114.033089,22.607422,201
粤B9VU48,114.033089,22.607422,203
粤B9VU48,114.033089,22.607422,209
粤B9VU48,114.033089,22.607422,214
粤B9VU48,114.033089,22.607422,216
粤B9VU48,114.033089,22.607422,219
粤B9VU48,114.033089,22.607422,224
粤B9VU48,114.033089,22.607422,226
粤B9VU48,114.033089,22.607422,229
粤B9VU48,114.033089,22.607422,231
粤B9VU48,114.033089,22.607422,231
粤B9VU48,114.033089,22.607422,234
粤B9VU48,114.033089,22.607422,236
粤B9VU48,114.033089,22.607422,240
粤B9VU48,114.033089,22.607422,241
粤B9VU48,114.033089,22.607422,245
粤B9VU48,114.033089,22.607422,246
粤B9VU48,114.033089,22.607422,247
粤B9VU48,114.033089,22.607422,250
粤B9VU48,114.033089,22.607422,252
粤B9VU48,114.033089,22.607422,255
粤B9VU48,114.033089,22.607422,257
粤B9VU48,114.033089,22.607422,260
粤B9VU48,114.033089,22.607422,261
粤B9VU48,114.033089,22.607422,262
粤B9VU48,114.034744,22.602468,267
粤B9VU48,114.033089,22.607422,267
粤B9VU48,114.036423,22.600174,268
粤B9VU48,114.03862,22.597986,268
粤B9VU48,114.04406,22.595331,269
粤B9VU48,114.034744,22.602468,272
粤B9VU48,114.060875,22.57468,272
粤B9VU48,114.06208,22.567068,273
粤B9VU48,114.066422,22.568752,273
粤B9VU48,114.075005,22.571413,274
粤B9VU48,114.08403,22.570906,275
粤B9VU48,114.08403,22.570906,276
粤B9VU48,114.089432,22.566959,276
粤B9VU48,114.097336,22.569061,277
粤B9VU48,114.089432,22.566959,277
粤B9VU48,114.103943,22.572664,278
粤B9VU48,114.06208,22.567068,278
粤B9VU48,114.11058,22.576199,278
粤B9VU48,114.116577,22.575209,279
粤B9VU48,114.117744,22.568539,280
粤B9VU48,114.119148,22.561523,281
粤B9VU48,114.117744,22.568539,281
粤B9VU48,114.123276,22.555445,282
粤B9VU48,114.103943,22.572664,283
粤B9VU48,114.12574,22.550179,283
粤B9VU48,114.125801,22.548122,283
粤B9VU48,114.125816,22.548134,284
粤B9VU48,114.12587,22.545082,285
粤B9VU48,114.125694,22.542992,286
粤B9VU48,114.125694,22.542992,286
粤B9VU48,114.12558,22.542986,287
粤B9VU48,114.12558,22.542995,288
粤B9VU48,114.12574,22.550179,288
粤B9VU48,114.125603,22.54298,288
粤B9VU48,114.12561,22.542982,289
粤B9VU48,114.125542,22.542877,290
粤B9VU48,114.125534,22.542883,290
粤B9VU48,114.125542,22.542877,291
粤B9VU48,114.125542,22.542877,292
粤B9VU48,114.125603,22.54298,293
粤B9VU48,114.128639,22.543407,296
粤B9VU48,114.135262,22.547941,297
粤B9VU48,114.125542,22.542877,298
粤B9VU48,114.140396,22.555002,298
粤B9VU48,114.148323,22.555647,299
粤B9VU48,114.149277,22.548801,300
粤B9VU48,114.151367,22.553623,300
粤B9VU48,114.148018,22.544161,301
粤B9VU48,114.148018,22.544161,301
粤B9VU48,114.144661,22.544317,302
粤B9VU48,114.144508,22.544283,303
粤B9VU48,114.140396,22.555002,303
粤B9VU48,114.144508,22.544283,307
粤B9VU48,114.144508,22.544283,307
粤B9VU48,114.144539,22.544262,308
粤B9VU48,114.144516,22.544298,308
粤B9VU48,114.144508,22.544283,309
粤B9VU48,114.144539,22.544262,314
粤B9VU48,114.144539,22.544262,317
粤B9VU48,114.144539,22.544262,319
粤B9VU48,114.144539,22.544262,322
粤B9VU48,114.144539,22.544262,322
粤B9VU48,114.144539,22.544262,324
粤B9VU48,114.144539,22.544262,327
粤B9VU48,114.144539,22.544262,329
粤B9VU48,114.144539,22.544262,332
粤B9VU48,114.144539,22.544262,334
粤B9VU48,114.144539,22.544262,337
粤B9VU48,114.144539,22.544262,338
粤B9VU48,114.144539,22.544262,340
粤B9VU48,114.144539,22.544262,343
粤B9VU48,114.144493,22.54425,345
粤B9VU48,114.144539,22.544262,345
粤B9VU48,114.144478,22.544262,346
粤B9VU48,114.142921,22.544218,347
粤B9VU48,114.139061,22.543827,348
粤B9VU48,114.142921,22.544218,348
粤B9VU48,114.138557,22.545193,349
粤B9VU48,114.138908,22.545483,350
粤B9VU48,114.138779,22.545374,350
粤B9VU48,114.144539,22.544262,350
粤B9VU48,114.139503,22.545799,351
粤B9VU48,114.140221,22.546232,352
粤B9VU48,114.140221,22.546232,352
粤B9VU48,114.141861,22.548388,353
粤B9VU48,114.141861,22.548388,353
粤B9VU48,114.140755,22.550051,354
粤B9VU48,114.137276,22.550888,355
粤B9VU48,114.138557,22.545193,355
粤B9VU48,114.137024,22.55121,356
粤B9VU48,114.132263,22.549047,357
粤B9VU48,114.131035,22.548838,358
粤B9VU48,114.131035,22.548838,358
粤B9VU48,114.128761,22.549574,359
粤B9VU48,114.127815,22.552498,360
粤B9VU48,114.128334,22.550537,360
粤B9VU48,114.137276,22.550888,360
粤B9VU48,114.126755,22.554317,361
粤B9VU48,114.127792,22.555668,362
粤B9VU48,114.129967,22.554857,363
粤B9VU48,114.129967,22.554857,363
粤B9VU48,114.130157,22.554062,364
粤B9VU48,114.130196,22.554108,365
粤B9VU48,114.130188,22.554136,365
粤B9VU48,114.128334,22.550537,365
粤B9VU48,114.130226,22.553909,366
粤B9VU48,114.129585,22.551554,367
粤B9VU48,114.129585,22.551554,367
粤B9VU48,114.128593,22.55047,368
粤B9VU48,114.128593,22.55047,368
粤B9VU48,114.127045,22.549875,369
粤B9VU48,114.123688,22.547731,370
粤B9VU48,114.124313,22.54862,370
粤B9VU48,114.122696,22.549856,371
粤B9VU48,114.122276,22.551891,372
粤B9VU48,114.122162,22.551849,373
粤B9VU48,114.1222,22.551689,374
粤B9VU48,114.122162,22.551849,374
粤B9VU48,114.122307,22.551516,375
粤B9VU48,114.122208,22.55155,375
粤B9VU48,114.122292,22.551508,376
粤B9VU48,114.124313,22.54862,376
粤B9VU48,114.122139,22.551519,377
粤B9VU48,114.122101,22.551525,378
粤B9VU48,114.122086,22.551481,379
粤B9VU48,114.122101,22.551525,379
粤B9VU48,114.122215,22.551508,380
粤B9VU48,114.122154,22.551495,380
粤B9VU48,114.122208,22.551813,381
粤B9VU48,114.122208,22.55155,381
粤B9VU48,114.121002,22.552088,382
粤B9VU48,114.121971,22.551964,382
粤B9VU48,114.121002,22.552088,383
粤B9VU48,114.118477,22.551682,383
粤B9VU48,114.117615,22.551268,384
粤B9VU48,114.117615,22.551268,384
粤B9VU48,114.11657,22.550253,385
粤B9VU48,114.114548,22.546207,385
粤B9VU48,114.108635,22.54632,386
粤B9VU48,114.122215,22.551508,386
粤B9VU48,114.109993,22.543776,387
粤B9VU48,114.110184,22.542221,388
粤B9VU48,114.110275,22.541363,389
粤B9VU48,114.110275,22.541363,389
粤B9VU48,114.110886,22.536062,390
粤B9VU48,114.110962,22.534742,390
粤B9VU48,114.114548,22.546207,391
粤B9VU48,114.112411,22.531542,391
粤B9VU48,114.112984,22.531618,392
粤B9VU48,114.113792,22.531713,393
粤B9VU48,114.110962,22.534742,395
粤B9VU48,114.118179,22.53694,395
粤B9VU48,114.115623,22.53499,395
粤B9VU48,114.119667,22.537842,396
粤B9VU48,114.118896,22.540367,397
粤B9VU48,114.118896,22.540367,398
粤B9VU48,114.117836,22.541294,398
粤B9VU48,114.118217,22.541779,399
粤B9VU48,114.118217,22.541779,399
粤B9VU48,114.11779,22.541245,400
粤B9VU48,114.117836,22.541189,400
粤B9VU48,114.118179,22.53694,400
粤B9VU48,114.117867,22.541121,401
粤B9VU48,114.117722,22.540989,402
粤B9VU48,114.117874,22.541193,403
粤B9VU48,114.117691,22.541201,404
粤B9VU48,114.117744,22.54109,405
粤B9VU48,114.117691,22.541201,405
粤B9VU48,114.117722,22.541115,405
粤B9VU48,114.117859,22.541159,406
粤B9VU48,114.117836,22.541189,406
粤B9VU48,114.11776,22.541189,407
粤B9VU48,114.117775,22.541212,408
粤B9VU48,114.117714,22.54113,409
粤B9VU48,114.11779,22.541159,410
粤B9VU48,114.11779,22.541159,410
粤B9VU48,114.117836,22.541113,410
粤B9VU48,114.117744,22.54109,411
粤B9VU48,114.117844,22.5411,411
粤B9VU48,114.117874,22.541149,412
粤B9VU48,114.117874,22.541149,413
粤B9VU48,114.117882,22.541153,413
粤B9VU48,114.11795,22.541189,414
粤B9VU48,114.117928,22.541227,415
粤B9VU48,114.117989,22.541271,415
粤B9VU48,114.117943,22.541235,416
粤B9VU48,114.117844,22.5411,416
粤B9VU48,114.11792,22.54121,417
粤B9VU48,114.117897,22.541212,418
粤B9VU48,114.11792,22.541309,419
粤B9VU48,114.117966,22.541304,420
粤B9VU48,114.11795,22.541275,420
粤B9VU48,114.117973,22.541243,421
粤B9VU48,114.117943,22.541235,421
粤B9VU48,114.117928,22.541193,422
粤B9VU48,114.117981,22.541286,423
粤B9VU48,114.117905,22.541262,424
粤B9VU48,114.11792,22.541265,425
粤B9VU48,114.117973,22.541323,425
粤B9VU48,114.117973,22.541323,425
粤B9VU48,114.117973,22.541243,426
粤B9VU48,114.117966,22.541325,426
粤B9VU48,114.117981,22.541313,427
粤B9VU48,114.117981,22.541313,428
粤B9VU48,114.117981,22.541313,430
粤B9VU48,114.117981,22.541313,431
粤B9VU48,114.117905,22.541348,432
粤B9VU48,114.117905,22.541348,436
粤B9VU48,114.117905,22.541348,436
粤B9VU48,114.117905,22.541348,441
粤B9VU48,114.117554,22.541189,442
粤B9VU48,114.117905,22.541348,442
粤B9VU48,114.115929,22.542215,443
粤B9VU48,114.115929,22.542215,443
粤B9VU48,114.115509,22.544432,444
粤B9VU48,114.116508,22.546303,445
粤B9VU48,114.117134,22.550989,446
粤B9VU48,114.116791,22.549812,446
粤B9VU48,114.116791,22.549812,446
粤B9VU48,114.118706,22.5536,447
粤B9VU48,114.120926,22.55798,448
粤B9VU48,114.118271,22.565256,449
粤B9VU48,114.117836,22.572241,450
粤B9VU48,114.114777,22.581242,451
粤B9VU48,114.116959,22.576372,451
粤B9VU48,114.116959,22.576372,451
粤B9VU48,114.118706,22.5536,452
粤B9VU48,114.111984,22.586515,452
粤B9VU48,114.110039,22.593924,453
粤B9VU48,114.113899,22.600595,454
粤B9VU48,114.118568,22.605949,455
粤B9VU48,114.128738,22.612722,456
粤B9VU48,114.125572,22.609732,456
粤B9VU48,114.125572,22.609732,456
粤B9VU48,114.126305,22.610882,457
粤B9VU48,114.111984,22.586515,457
粤B9VU48,114.123047,22.613003,458
粤B9VU48,114.128738,22.612722,458
粤B9VU48,114.122688,22.613195,459
粤B9VU48,114.121834,22.612759,460
粤B9VU48,114.121834,22.612759,460
粤B9VU48,114.12175,22.612667,461
粤B9VU48,114.12133,22.609837,461
粤B9VU48,114.12175,22.612667,461
粤B9VU48,114.123383,22.610102,462
粤B9VU48,114.128738,22.612722,462
粤B9VU48,114.126183,22.610872,463
粤B9VU48,114.125114,22.609795,464
粤B9VU48,114.124901,22.609627,464
粤B9VU48,114.117577,22.605188,465
粤B9VU48,114.112183,22.598312,466
粤B9VU48,114.112183,22.598312,466
粤B9VU48,114.109734,22.593704,467
粤B9VU48,114.123383,22.610102,467
粤B9VU48,114.10923,22.592535,468
粤B9VU48,114.110466,22.587873,469
粤B9VU48,114.112,22.585602,470
粤B9VU48,114.113297,22.583799,471
粤B9VU48,114.11264,22.584684,471
粤B9VU48,114.113297,22.583799,472
粤B9VU48,114.11396,22.58284,472
粤B9VU48,114.109734,22.593704,473
粤B9VU48,114.11425,22.582348,473
粤B9VU48,114.11425,22.582348,474
粤B9VU48,114.114479,22.581448,474
粤B9VU48,114.114754,22.580364,475
粤B9VU48,114.116447,22.577124,476
粤B9VU48,114.117729,22.570578,476
粤B9VU48,114.117531,22.568398,477
粤B9VU48,114.117729,22.570578,477
粤B9VU48,114.11525,22.564608,478
粤B9VU48,114.114792,22.56016,479
粤B9VU48,114.111961,22.558813,480
粤B9VU48,114.111633,22.558287,481
粤B9VU48,114.11142,22.557859,481
粤B9VU48,114.11142,22.557859,482
粤B9VU48,114.110092,22.556084,482
粤B9VU48,114.109802,22.555244,483
粤B9VU48,114.110222,22.549557,486
粤B9VU48,114.110222,22.549557,487
粤B9VU48,114.110291,22.548773,487
粤B9VU48,114.109802,22.555244,488
粤B9VU48,114.110252,22.547724,488
粤B9VU48,114.110252,22.547724,489
粤B9VU48,114.110054,22.543659,489
粤B9VU48,114.110207,22.542524,490
粤B9VU48,114.110657,22.538778,491
粤B9VU48,114.110146,22.542444,491
粤B9VU48,114.10807,22.537663,492
粤B9VU48,114.110657,22.538778,492
粤B9VU48,114.101265,22.538359,493
粤B9VU48,114.110252,22.547724,493
粤B9VU48,114.093521,22.538338,494
粤B9VU48,114.085159,22.53767,495
粤B9VU48,114.074699,22.532091,496
粤B9VU48,114.078896,22.535124,496
粤B9VU48,114.071007,22.532024,497
粤B9VU48,114.071007,22.532024,497
粤B9VU48,114.069603,22.531975,498
粤B9VU48,114.101265,22.538359,498
粤B9VU48,114.068436,22.531967,499
粤B9VU48,114.068077,22.532124,500
粤B9VU48,114.0681,22.521795,501
粤B9VU48,114.065857,22.524723,501
粤B9VU48,114.068024,22.521441,502
粤B9VU48,114.068024,22.521427,502
粤B9VU48,114.066727,22.522436,503
粤B9VU48,114.0681,22.521795,503
粤B9VU48,114.0681,22.521795,504
粤B9VU48,114.066177,22.524166,504
粤B9VU48,114.069603,22.531975,504
粤B9VU48,114.068535,22.524708,505
粤B9VU48,114.071945,22.528145,506
粤B9VU48,114.071075,22.526007,506
粤B9VU48,114.072189,22.530659,507
粤B9VU48,114.072189,22.530659,508
粤B9VU48,114.071884,22.530361,508
粤B9VU48,114.0681,22.521795,509
粤B9VU48,114.071968,22.530182,509
粤B9VU48,114.071976,22.530176,509
粤B9VU48,114.071983,22.531347,510
粤B9VU48,114.066536,22.526791,511
粤B9VU48,114.069366,22.530163,511
粤B9VU48,114.066505,22.529709,512
粤B9VU48,114.063103,22.532442,513
粤B9VU48,114.066505,22.529709,513
粤B9VU48,114.063133,22.533966,514
粤B9VU48,114.063133,22.533981,514
粤B9VU48,114.071976,22.530176,514
粤B9VU48,114.063271,22.536707,515
粤B9VU48,114.065033,22.537727,516
粤B9VU48,114.06543,22.537876,517
粤B9VU48,114.065475,22.537893,517
粤B9VU48,114.065582,22.537928,518
粤B9VU48,114.065475,22.537893,518
粤B9VU48,114.063133,22.533981,519
粤B9VU48,114.065567,22.537931,519
粤B9VU48,114.065567,22.537931,519
粤B9VU48,114.065575,22.53796,520
粤B9VU48,114.065552,22.537943,521
粤B9VU48,114.066139,22.538145,521
粤B9VU48,114.065742,22.538023,521
粤B9VU48,114.065651,22.538147,522
粤B9VU48,114.063904,22.537712,523
粤B9VU48,114.063904,22.537712,523
粤B9VU48,114.062904,22.537682,524
粤B9VU48,114.065567,22.537931,524
粤B9VU48,114.060974,22.537607,525
粤B9VU48,114.058647,22.53756,526
粤B9VU48,114.058678,22.537582,526
粤B9VU48,114.058647,22.537571,527
粤B9VU48,114.058632,22.537567,528
粤B9VU48,114.058632,22.537567,528
粤B9VU48,114.062904,22.537682,529
粤B9VU48,114.056236,22.537441,529
粤B9VU48,114.053856,22.53743,530
粤B9VU48,114.051552,22.537434,531
粤B9VU48,114.05307,22.537418,531
粤B9VU48,114.049583,22.537498,532
粤B9VU48,114.049431,22.539236,533
粤B9VU48,114.048157,22.539465,534
粤B9VU48,114.049431,22.539236,534
粤B9VU48,114.048157,22.539465,534
粤B9VU48,114.04673,22.539312,535
粤B9VU48,114.056236,22.537441,535
粤B9VU48,114.046181,22.539181,535
粤B9VU48,114.044701,22.539297,536
粤B9VU48,114.044182,22.540714,536
粤B9VU48,114.04673,22.539312,540
粤B9VU48,114.044617,22.525694,546
粤B9VU48,114.048416,22.525732,547
粤B9VU48,114.050804,22.525753,548
粤B9VU48,114.053734,22.525818,549
粤B9VU48,114.053734,22.525818,549
粤B9VU48,114.053734,22.525818,549
粤B9VU48,114.058311,22.525215,550
粤B9VU48,114.058533,22.523687,551
粤B9VU48,114.058517,22.523687,551
粤B9VU48,114.057381,22.523636,551
粤B9VU48,114.056847,22.523663,552
粤B9VU48,114.057365,22.523561,552
粤B9VU48,114.051491,22.518192,554
粤B9VU48,114.051491,22.518192,554
粤B9VU48,114.058311,22.525215,555
粤B9VU48,114.051498,22.518183,555
粤B9VU48,114.051109,22.51325,556
粤B9VU48,114.051476,22.518236,556
粤B9VU48,114.049751,22.510876,557
粤B9VU48,114.047325,22.510611,558
粤B9VU48,114.047302,22.510048,559
粤B9VU48,114.047302,22.510048,559
粤B9VU48,114.048256,22.50942,560
粤B9VU48,114.051498,22.518183,560
粤B9VU48,114.047333,22.509388,560
粤B9VU48,114.051559,22.509878,561
粤B9VU48,114.048256,22.509428,561
粤B9VU48,114.05452,22.510559,562
粤B9VU48,114.056152,22.512415,563
粤B9VU48,114.055679,22.513487,564
粤B9VU48,114.055611,22.513779,564
粤B9VU48,114.055611,22.513779,564
粤B9VU48,114.055611,22.513779,565
粤B9VU48,114.055626,22.513802,565
粤B9VU48,114.055061,22.513807,566
粤B9VU48,114.048256,22.50942,566
粤B9VU48,114.049438,22.512512,566
粤B9VU48,114.044685,22.512474,567
粤B9VU48,114.040665,22.513294,568
粤B9VU48,114.039795,22.513542,569
粤B9VU48,114.0373,22.511717,570
粤B9VU48,114.039795,22.513542,570
粤B9VU48,114.040581,22.510263,571
粤B9VU48,114.055626,22.513802,571
粤B9VU48,114.042595,22.509768,571
粤B9VU48,114.042595,22.509764,572
粤B9VU48,114.045876,22.509457,572
粤B9VU48,114.047035,22.509434,573
粤B9VU48,114.046059,22.509518,574
粤B9VU48,114.046059,22.509518,575
粤B9VU48,114.047012,22.509394,575
粤B9VU48,114.049751,22.509558,576
粤B9VU48,114.051315,22.50975,576
粤B9VU48,114.052757,22.510044,576
粤B9VU48,114.040581,22.510263,576
粤B9VU48,114.054596,22.510492,577
粤B9VU48,114.055634,22.511929,578
粤B9VU48,114.055748,22.513298,579
粤B9VU48,114.055031,22.51512,580
粤B9VU48,114.055031,22.51512,580
粤B9VU48,114.055748,22.513298,580
粤B9VU48,114.049751,22.509558,581
粤B9VU48,114.055595,22.516779,581
粤B9VU48,114.05835,22.519487,581
粤B9VU48,114.060715,22.520899,582
粤B9VU48,114.060715,22.520901,583
粤B9VU48,114.060966,22.521175,584
粤B9VU48,114.060562,22.522911,585
粤B9VU48,114.060562,22.522911,585
粤B9VU48,114.055595,22.516779,586
粤B9VU48,114.059547,22.526669,586
粤B9VU48,114.059929,22.525293,586
粤B9VU48,114.059425,22.527195,587
粤B9VU48,114.058281,22.533247,588
粤B9VU48,114.058075,22.53764,589
粤B9VU48,114.057983,22.543543,590
粤B9VU48,114.057983,22.543543,590
粤B9VU48,114.057762,22.545115,591
粤B9VU48,114.057533,22.5452,591
粤B9VU48,114.059929,22.525293,591
粤B9VU48,114.055763,22.545544,592
粤B9VU48,114.05471,22.545509,593
粤B9VU48,114.054703,22.545506,593
粤B9VU48,114.054031,22.545504,594
粤B9VU48,114.056923,22.545444,595
粤B9VU48,114.056923,22.545444,595
粤B9VU48,114.056923,22.545444,595
粤B9VU48,114.05809,22.540092,596
粤B9VU48,114.057976,22.540363,596
粤B9VU48,114.057762,22.545115,596
粤B9VU48,114.06118,22.542103,597
粤B9VU48,114.062805,22.538849,598
粤B9VU48,114.06295,22.538347,599
粤B9VU48,114.06279,22.537901,600
粤B9VU48,114.065811,22.538067,602
粤B9VU48,114.057976,22.540363,602
粤B9VU48,114.068008,22.537493,603
粤B9VU48,114.068077,22.536585,604
粤B9VU48,114.068108,22.533346,605
粤B9VU48,114.069603,22.531544,606
粤B9VU48,114.067154,22.531422,606
粤B9VU48,114.067154,22.531422,606
粤B9VU48,114.071815,22.530371,607
粤B9VU48,114.071449,22.530399,608
粤B9VU48,114.070557,22.530407,608
粤B9VU48,114.066299,22.526188,609
粤B9VU48,114.066414,22.529757,610
粤B9VU48,114.066414,22.529757,610
粤B9VU48,114.063156,22.537069,611
粤B9VU48,114.063225,22.530331,611
粤B9VU48,114.063225,22.530331,611
粤B9VU48,114.064812,22.537712,612
粤B9VU48,114.064217,22.537573,612
粤B9VU48,114.069603,22.531544,612
粤B9VU48,114.067581,22.538357,613
粤B9VU48,114.067978,22.530891,614
粤B9VU48,114.070251,22.531584,615
粤B9VU48,114.071724,22.530396,616
粤B9VU48,114.071739,22.530376,616
粤B9VU48,114.071739,22.530376,616
粤B9VU48,114.071754,22.530388,617
粤B9VU48,114.063156,22.537069,617
粤B9VU48,114.071793,22.530397,618
粤B9VU48,114.071899,22.530375,619
粤B9VU48,114.071785,22.530413,619
粤B9VU48,114.072693,22.531626,620
粤B9VU48,114.07782,22.532627,621
粤B9VU48,114.081795,22.536551,621
粤B9VU48,114.07782,22.532627,621
粤B9VU48,114.081764,22.538145,622
粤B9VU48,114.071724,22.530396,622
粤B9VU48,114.081757,22.539183,623
粤B9VU48,114.081688,22.539831,624
粤B9VU48,114.081703,22.540403,625
粤B9VU48,114.081703,22.540403,625
粤B9VU48,114.081711,22.540401,626
粤B9VU48,114.081711,22.540401,626
粤B9VU48,114.081688,22.540413,626
粤B9VU48,114.081688,22.541817,627
粤B9VU48,114.081795,22.536551,627
粤B9VU48,114.081718,22.542128,628
粤B9VU48,114.081749,22.542107,629
粤B9VU48,114.081619,22.542791,630
粤B9VU48,114.081604,22.542805,631
粤B9VU48,114.081612,22.542795,631
粤B9VU48,114.081604,22.542805,632
粤B9VU48,114.079376,22.544407,632
粤B9VU48,114.0793,22.544535,633
粤B9VU48,114.079269,22.544752,633
粤B9VU48,114.081688,22.540413,633
粤B9VU48,114.077965,22.543327,634
粤B9VU48,114.076248,22.544678,635
粤B9VU48,114.076248,22.546364,636
粤B9VU48,114.076218,22.545006,636
粤B9VU48,114.076164,22.549458,637
粤B9VU48,114.076248,22.546364,637
粤B9VU48,114.078354,22.551529,638
粤B9VU48,114.079376,22.544407,638
粤B9VU48,114.079201,22.551638,639
粤B9VU48,114.078201,22.553883,640
粤B9VU48,114.078201,22.553883,640
粤B9VU48,114.081367,22.555443,641
粤B9VU48,114.081345,22.554333,641
粤B9VU48,114.080605,22.55398,641
粤B9VU48,114.082909,22.560087,642
粤B9VU48,114.081367,22.555443,642
粤B9VU48,114.086113,22.565163,643
粤B9VU48,114.076164,22.549458,643
粤B9VU48,114.083755,22.571297,644
粤B9VU48,114.077309,22.572756,645
粤B9VU48,114.067337,22.574007,646
粤B9VU48,114.071129,22.570932,646
粤B9VU48,114.067337,22.574007,647
粤B9VU48,114.059502,22.578287,647
粤B9VU48,114.053429,22.584347,648
粤B9VU48,114.082909,22.560087,648
粤B9VU48,114.048386,22.592527,649
粤B9VU48,114.043655,22.601301,650
粤B9VU48,114.042747,22.603125,651
粤B9VU48,114.039764,22.606075,651
粤B9VU48,114.039764,22.606075,652
粤B9VU48,114.038979,22.607027,652
粤B9VU48,114.059502,22.578287,653
粤B9VU48,114.034714,22.612278,653
粤B9VU48,114.032654,22.614811,654
粤B9VU48,114.032654,22.614803,655
粤B9VU48,114.0298,22.618376,656
粤B9VU48,114.028389,22.621727,656
粤B9VU48,114.032654,22.614803,656
粤B9VU48,114.028389,22.621727,657
粤B9VU48,114.026459,22.627953,658
粤B9VU48,114.038979,22.607027,658
粤B9VU48,114.02459,22.630812,659
粤B9VU48,114.02462,22.630867,659
粤B9VU48,114.022324,22.630777,660
粤B9VU48,114.020844,22.636837,661
粤B9VU48,114.019646,22.633245,661
粤B9VU48,114.020851,22.636877,662
粤B9VU48,114.020851,22.636877,662
粤B9VU48,114.021545,22.63969,663
粤B9VU48,114.021004,22.638084,664
粤B9VU48,114.021484,22.639492,664
粤B9VU48,114.026459,22.627953,664
粤B9VU48,114.024017,22.636223,665
粤B9VU48,114.025345,22.630924,666
粤B9VU48,114.02536,22.630922,666
粤B9VU48,114.025375,22.63088,667
粤B9VU48,114.025375,22.63088,668
粤B9VU48,114.027779,22.623043,668
粤B9VU48,114.029388,22.618671,669
粤B9VU48,114.031853,22.615467,670
粤B9VU48,114.035248,22.611229,671
粤B9VU48,114.033417,22.613527,671
粤B9VU48,114.033417,22.613527,671
粤B9VU48,114.036278,22.610004,672
粤B9VU48,114.036278,22.610004,673
粤B9VU48,114.038422,22.607527,673
粤B9VU48,114.027779,22.623043,674
粤B9VU48,114.041321,22.604004,674
粤B9VU48,114.043022,22.601898,675
粤B9VU48,114.046753,22.594976,676
粤B9VU48,114.043671,22.600155,676
粤B9VU48,114.051834,22.588282,677
粤B9VU48,114.051834,22.588282,678
粤B9VU48,114.053917,22.582767,678
粤B9VU48,114.058029,22.578358,679
粤B9VU48,114.038422,22.607527,679
粤B9VU48,114.060898,22.574118,680
粤B9VU48,114.061752,22.57003,681
粤B9VU48,114.058891,22.567266,681
粤B9VU48,114.052193,22.565348,682
粤B9VU48,114.045914,22.565598,683
粤B9VU48,114.052193,22.565348,683
粤B9VU48,114.038933,22.565878,684
粤B9VU48,114.053917,22.582767,684
粤B9VU48,114.036003,22.567139,685
粤B9VU48,114.035995,22.567137,685
粤B9VU48,114.037025,22.568523,686
粤B9VU48,114.038391,22.569098,686
粤B9VU48,114.035995,22.567137,686
粤B9VU48,114.036377,22.568342,687
粤B9VU48,114.034485,22.569008,688
粤B9VU48,114.034485,22.569008,688
粤B9VU48,114.032791,22.570892,689
粤B9VU48,114.045914,22.565598,689
粤B9VU48,114.032784,22.570883,690
粤B9VU48,114.032913,22.570755,690
粤B9VU48,114.03672,22.565666,691
粤B9VU48,114.034721,22.568558,691
粤B9VU48,114.041145,22.561462,692
粤B9VU48,114.044067,22.554417,693
粤B9VU48,114.034485,22.569008,693
粤B9VU48,114.044067,22.554417,693
粤B9VU48,114.04409,22.551119,694
粤B9VU48,114.044128,22.55102,695
粤B9VU48,114.044312,22.542885,696
粤B9VU48,114.044113,22.551027,696
粤B9VU48,114.043266,22.537062,697
粤B9VU48,114.043739,22.534609,698
粤B9VU48,114.043732,22.534607,698
粤B9VU48,114.043732,22.534607,699
粤B9VU48,114.04409,22.551119,699
粤B9VU48,114.042976,22.534365,699
粤B9VU48,114.040398,22.533182,700
粤B9VU48,114.038551,22.532036,701
粤B9VU48,114.037781,22.531588,701
粤B9VU48,114.037781,22.531588,701
粤B9VU48,114.039139,22.532362,702
粤B9VU48,114.040924,22.5334,702
粤B9VU48,114.043884,22.533579,703
粤B9VU48,114.044579,22.534073,704
粤B9VU48,114.042976,22.534365,704
粤B9VU48,114.043884,22.533579,704
粤B9VU48,114.047905,22.536121,705
粤B9VU48,114.047882,22.536278,705
粤B9VU48,114.047882,22.536818,706
粤B9VU48,114.047913,22.539179,706
粤B9VU48,114.045731,22.539248,707
粤B9VU48,114.046135,22.540964,708
粤B9VU48,114.046509,22.540726,709
粤B9VU48,114.044579,22.534073,709
粤B9VU48,114.046165,22.540413,709
粤B9VU48,114.046509,22.540726,709
粤B9VU48,114.048599,22.541822,711
粤B9VU48,114.050995,22.540972,712
粤B9VU48,114.051048,22.539873,713
粤B9VU48,114.051109,22.539824,714
粤B9VU48,114.046165,22.540413,714
粤B9VU48,114.051109,22.539824,714
粤B9VU48,114.051224,22.537743,715
粤B9VU48,114.051193,22.537735,716
粤B9VU48,114.051933,22.537441,716
粤B9VU48,114.051193,22.537735,716
粤B9VU48,114.053062,22.536375,717
粤B9VU48,114.053116,22.536373,718
粤B9VU48,114.053139,22.536369,718
粤B9VU48,114.0532,22.535513,719
粤B9VU48,114.051109,22.539824,719
粤B9VU48,114.0532,22.535513,719
粤B9VU48,114.051643,22.535397,720
粤B9VU48,114.051971,22.535391,720
粤B9VU48,114.051414,22.52619,721
粤B9VU48,114.051315,22.5303,721
粤B9VU48,114.052429,22.525768,722
粤B9VU48,114.05658,22.52585,723
粤B9VU48,114.057053,22.525873,724
粤B9VU48,114.05732,22.525892,724
粤B9VU48,114.051971,22.535391,724
粤B9VU48,114.05732,22.525892,724
粤B9VU48,114.057861,22.525833,725
粤B9VU48,114.05793,22.525837,725
粤B9VU48,114.05954,22.526052,726
粤B9VU48,114.057968,22.525867,726
粤B9VU48,114.058815,22.529242,727
粤B9VU48,114.06427,22.531487,728
粤B9VU48,114.05732,22.525892,729
粤B9VU48,114.074455,22.531757,729
粤B9VU48,114.074455,22.531757,730
粤B9VU48,114.079659,22.535812,730
粤B9VU48,114.089188,22.537638,731
粤B9VU48,114.089188,22.537638,731
粤B9VU48,114.099281,22.538059,731
粤B9VU48,114.102814,22.538023,732
粤B9VU48,114.10453,22.537443,733
粤B9VU48,114.107635,22.541403,734
粤B9VU48,114.111259,22.541883,735
粤B9VU48,114.079659,22.535812,735
粤B9VU48,114.107635,22.541403,735
粤B9VU48,114.112267,22.54212,736
粤B9VU48,114.11219,22.542156,736
粤B9VU48,114.112373,22.542063,737
粤B9VU48,114.112305,22.542088,737
粤B9VU48,114.111961,22.542,738
粤B9VU48,114.112556,22.542191,738
粤B9VU48,114.111168,22.542761,739
粤B9VU48,114.110291,22.542789,740
粤B9VU48,114.111259,22.541883,740
粤B9VU48,114.110291,22.542789,740
粤B9VU48,114.110603,22.539377,741
粤B9VU48,114.110237,22.542534,741
粤B9VU48,114.107651,22.53738,742
粤B9VU48,114.098648,22.538239,743
粤B9VU48,114.089233,22.537853,744
粤B9VU48,114.110291,22.542789,745
粤B9VU48,114.080055,22.536484,745
粤B9VU48,114.080055,22.536484,745
粤B9VU48,114.067299,22.532038,746
粤B9VU48,114.074173,22.531908,746
粤B9VU48,114.074173,22.531908,746
粤B9VU48,114.06752,22.527815,747
粤B9VU48,114.065918,22.522694,748
粤B9VU48,114.068169,22.521643,749
粤B9VU48,114.067993,22.521387,749
粤B9VU48,114.067993,22.521387,750
粤B9VU48,114.080055,22.536484,750
粤B9VU48,114.068161,22.521667,750
粤B9VU48,114.065773,22.522818,751
粤B9VU48,114.068428,22.523848,751
粤B9VU48,114.067741,22.524521,752
粤B9VU48,114.068916,22.530252,753
粤B9VU48,114.071938,22.530329,754
粤B9VU48,114.073166,22.531652,755
粤B9VU48,114.072212,22.531521,755
粤B9VU48,114.068169,22.521643,755
粤B9VU48,114.073166,22.531652,755
粤B9VU48,114.076431,22.531733,756
粤B9VU48,114.080231,22.536293,756
粤B9VU48,114.081741,22.539658,757
粤B9VU48,114.081726,22.542356,758
粤B9VU48,114.084358,22.543068,759
粤B9VU48,114.084328,22.543102,759
粤B9VU48,114.085976,22.543104,760
粤B9VU48,114.076431,22.531733,760
粤B9VU48,114.085976,22.543104,760
粤B9VU48,114.088692,22.542133,761
粤B9VU48,114.087952,22.543285,761
粤B9VU48,114.088692,22.542133,762
粤B9VU48,114.089409,22.540924,762
粤B9VU48,114.089447,22.538925,763
粤B9VU48,114.087044,22.537745,764
粤B9VU48,114.086761,22.539957,765
粤B9VU48,114.086761,22.539957,766
粤B9VU48,114.087074,22.54081,766
粤B9VU48,114.087952,22.543285,766
粤B9VU48,114.088417,22.54133,766
粤B9VU48,114.088577,22.542576,767
粤B9VU48,114.091209,22.543383,768
粤B9VU48,114.091011,22.549383,769
粤B9VU48,114.090836,22.551126,770
粤B9VU48,114.087074,22.54081,771
粤B9VU48,114.091148,22.553501,771
粤B9VU48,114.091141,22.553463,771
粤B9VU48,114.091141,22.553463,771
粤B9VU48,114.091072,22.556646,772
粤B9VU48,114.089485,22.56155,773
粤B9VU48,114.087189,22.566221,774
粤B9VU48,114.084213,22.571299,775
粤B9VU48,114.08519,22.570168,775
粤B9VU48,114.091141,22.553463,776
粤B9VU48,114.083824,22.571606,776
粤B9VU48,114.084221,22.571299,776
粤B9VU48,114.084221,22.571299,776
粤B9VU48,114.083153,22.573427,777
粤B9VU48,114.081184,22.571768,778
粤B9VU48,114.085289,22.569082,779
粤B9VU48,114.087906,22.566618,780
粤B9VU48,114.094933,22.568302,781
粤B9VU48,114.083824,22.571606,781
粤B9VU48,114.094933,22.568302,781
粤B9VU48,114.103157,22.572392,781
粤B9VU48,114.10952,22.576075,782
粤B9VU48,114.113937,22.574236,783
粤B9VU48,114.112389,22.566179,784
粤B9VU48,114.111511,22.558043,785
粤B9VU48,114.094933,22.568302,786
粤B9VU48,114.110069,22.550327,786
粤B9VU48,114.110069,22.550327,786
粤B9VU48,114.110191,22.547981,786
粤B9VU48,114.110085,22.544397,787
粤B9VU48,114.110283,22.542599,788
粤B9VU48,114.110641,22.539171,789
粤B9VU48,114.114006,22.532013,791
粤B9VU48,114.110641,22.539171,791
粤B9VU48,114.114372,22.531876,791
粤B9VU48,114.110191,22.547981,791
粤B9VU48,114.114372,22.531876,792
粤B9VU48,114.117317,22.536631,792
粤B9VU48,114.117752,22.537024,793
粤B9VU48,114.110596,22.537815,794
粤B9VU48,114.100578,22.538248,795
粤B9VU48,114.08123,22.537252,796
粤B9VU48,114.091637,22.538221,796
粤B9VU48,114.08123,22.537252,797
粤B9VU48,114.110641,22.539171,797
粤B9VU48,114.078079,22.534714,797
粤B9VU48,114.077736,22.534952,798
粤B9VU48,114.077354,22.535223,799
粤B9VU48,114.076576,22.535872,800
粤B9VU48,114.074806,22.537367,801
粤B9VU48,114.074226,22.5376,801
粤B9VU48,114.073952,22.5376,802
粤B9VU48,114.074226,22.5376,802
粤B9VU48,114.08123,22.537252,802
粤B9VU48,114.075661,22.536654,803
粤B9VU48,114.077316,22.536354,804
粤B9VU48,114.07753,22.538645,805
粤B9VU48,114.081238,22.536526,806
粤B9VU48,114.080414,22.538755,806
粤B9VU48,114.081238,22.536526,807
粤B9VU48,114.074226,22.5376,807
粤B9VU48,114.081238,22.536526,807
粤B9VU48,114.082108,22.534086,807
粤B9VU48,114.081184,22.533716,808
粤B9VU48,114.079796,22.532576,809
粤B9VU48,114.079811,22.532581,809
粤B9VU48,114.079636,22.532413,810
粤B9VU48,114.081329,22.533661,811
粤B9VU48,114.082016,22.53392,811
粤B9VU48,114.082016,22.53392,812
粤B9VU48,114.08213,22.534939,812
粤B9VU48,114.081238,22.536526,812
粤B9VU48,114.085251,22.53713,813
粤B9VU48,114.092155,22.537857,814
粤B9VU48,114.099335,22.537943,815
粤B9VU48,114.10656,22.536283,816
粤B9VU48,114.105309,22.537115,816
粤B9VU48,114.106682,22.536331,817
粤B9VU48,114.082016,22.53392,817
粤B9VU48,114.10656,22.536283,817
粤B9VU48,114.106697,22.536438,818
粤B9VU48,114.106689,22.536489,819
粤B9VU48,114.106689,22.536489,822
粤B9VU48,114.106682,22.536331,822
粤B9VU48,114.106689,22.536489,822
粤B9VU48,114.106689,22.536489,828
粤B9VU48,114.106689,22.536489,828
粤B9VU48,114.106689,22.536489,833
粤B9VU48,114.106689,22.536489,833
粤B9VU48,114.106689,22.536489,838
粤B9VU48,114.109123,22.53742,843
粤B9VU48,114.10849,22.536873,844
粤B9VU48,114.107651,22.536598,845
粤B9VU48,114.107994,22.536688,845
粤B9VU48,114.109985,22.537485,846
粤B9VU48,114.110672,22.538296,847
粤B9VU48,114.110245,22.541145,848
粤B9VU48,114.110245,22.541145,848
粤B9VU48,114.110748,22.541883,848
粤B9VU48,114.110909,22.544571,849
粤B9VU48,114.112694,22.545761,850
粤B9VU48,114.113274,22.546101,851
粤B9VU48,114.113098,22.546442,852
粤B9VU48,114.113091,22.546377,852
粤B9VU48,114.114006,22.546408,853
粤B9VU48,114.110245,22.541145,853
粤B9VU48,114.11412,22.54668,853
粤B9VU48,114.113091,22.546377,853
粤B9VU48,114.113106,22.546309,854
粤B9VU48,114.111099,22.545538,855
粤B9VU48,114.109764,22.545732,857
粤B9VU48,114.106079,22.545572,858
粤B9VU48,114.105873,22.546267,858
粤B9VU48,114.105873,22.546267,858
粤B9VU48,114.103249,22.545048,859
粤B9VU48,114.11412,22.54668,859
粤B9VU48,114.102127,22.544403,860
粤B9VU48,114.10276,22.544727,860
粤B9VU48,114.100098,22.543556,861
粤B9VU48,114.099564,22.543114,862
粤B9VU48,114.099533,22.542423,863
粤B9VU48,114.099571,22.541582,863
粤B9VU48,114.099571,22.541582,864
粤B9VU48,114.099594,22.539913,864
粤B9VU48,114.105873,22.546267,864
粤B9VU48,114.095879,22.538282,865
粤B9VU48,114.088615,22.537727,866
粤B9VU48,114.080551,22.536789,867
粤B9VU48,114.07209,22.531857,868
粤B9VU48,114.076874,22.532106,868
粤B9VU48,114.076874,22.532106,868
粤B9VU48,114.099571,22.541582,869
粤B9VU48,114.06459,22.531813,869
粤B9VU48,114.07209,22.531857,869
粤B9VU48,114.059914,22.531837,870
粤B9VU48,114.056953,22.531805,871
粤B9VU48,114.053017,22.535551,873
粤B9VU48,114.053368,22.536081,873
粤B9VU48,114.07209,22.531857,874
粤B9VU48,114.053421,22.536062,874
粤B9VU48,114.053421,22.536062,874
粤B9VU48,114.053474,22.536001,874
粤B9VU48,114.053406,22.535582,875
粤B9VU48,114.053978,22.535202,876
粤B9VU48,114.054352,22.535257,877
粤B9VU48,114.054588,22.535236,877
粤B9VU48,114.055939,22.534176,878
粤B9VU48,114.051224,22.531733,878
粤B9VU48,114.053421,22.536062,879
粤B9VU48,114.045212,22.532284,879
粤B9VU48,114.051224,22.531733,879
粤B9VU48,114.044502,22.54015,880
粤B9VU48,114.046051,22.547253,881
粤B9VU48,114.046707,22.545572,882
粤B9VU48,114.046768,22.543705,883
粤B9VU48,114.046776,22.543915,883
粤B9VU48,114.046715,22.543913,883
粤B9VU48,114.046715,22.543913,883
粤B9VU48,114.051224,22.531733,884
粤B9VU48,114.047661,22.545309,884
粤B9VU48,114.046776,22.543915,884
粤B9VU48,114.05117,22.545343,885
粤B9VU48,114.054169,22.545418,886
粤B9VU48,114.057297,22.545427,887
粤B9VU48,114.057037,22.545408,887
粤B9VU48,114.04686,22.542566,888
粤B9VU48,114.0569,22.542892,888
粤B9VU48,114.043709,22.543259,889
粤B9VU48,114.043709,22.543259,889
粤B9VU48,114.047661,22.545309,890
粤B9VU48,114.044434,22.537039,890
粤B9VU48,114.044777,22.528837,891
粤B9VU48,114.043694,22.530107,892
粤B9VU48,114.042175,22.530005,892
粤B9VU48,114.04258,22.528023,893
粤B9VU48,114.04213,22.530012,893
粤B9VU48,114.04213,22.529747,893
粤B9VU48,114.041122,22.527155,894
粤B9VU48,114.038879,22.527351,895
粤B9VU48,114.041122,22.527155,895
粤B9VU48,114.043709,22.543259,895
粤B9VU48,114.038712,22.524733,896
粤B9VU48,114.038734,22.524593,896
粤B9VU48,114.038628,22.524263,897
粤B9VU48,114.038551,22.524059,898
粤B9VU48,114.038551,22.524059,898
粤B9VU48,114.038826,22.524382,898
粤B9VU48,114.038803,22.524384,899
粤B9VU48,114.038803,22.524384,900
粤B9VU48,114.041122,22.527155,900
粤B9VU48,114.038803,22.524384,905
粤B9VU48,114.05851,22.523296,911
粤B9VU48,114.058792,22.522055,912
粤B9VU48,114.058975,22.522385,913
粤B9VU48,114.058952,22.520632,913
粤B9VU48,114.058983,22.520897,913
粤B9VU48,114.058983,22.520897,913
粤B9VU48,114.058617,22.523777,914
粤B9VU48,114.05854,22.525507,915
粤B9VU48,114.05854,22.525507,915
粤B9VU48,114.059486,22.527008,916
粤B9VU48,114.058846,22.531307,917
粤B9VU48,114.066193,22.531431,918
粤B9VU48,114.065445,22.524073,918
粤B9VU48,114.067894,22.521233,919
粤B9VU48,114.065445,22.524073,920
粤B9VU48,114.068146,22.521839,920
粤B9VU48,114.05854,22.525507,920
粤B9VU48,114.06749,22.522284,920
粤B9VU48,114.066895,22.524015,921
粤B9VU48,114.069336,22.526386,922
粤B9VU48,114.071442,22.526751,923
粤B9VU48,114.072205,22.53006,923
粤B9VU48,114.072174,22.530994,924
粤B9VU48,114.071808,22.530361,925
粤B9VU48,114.071892,22.530354,926
粤B9VU48,114.071899,22.530327,926
粤B9VU48,114.072174,22.530994,926
粤B9VU48,114.065445,22.524073,926
粤B9VU48,114.071892,22.530855,927
粤B9VU48,114.067101,22.52791,928
粤B9VU48,114.067101,22.52791,928
粤B9VU48,114.066818,22.52747,929
粤B9VU48,114.065651,22.529823,930
粤B9VU48,114.063614,22.529722,931
粤B9VU48,114.072174,22.530994,931
粤B9VU48,114.063148,22.529867,931
粤B9VU48,114.063614,22.529722,931
粤B9VU48,114.062065,22.527723,932
粤B9VU48,114.06189,22.527662,933
粤B9VU48,114.061974,22.52762,933
粤B9VU48,114.062775,22.527693,934
粤B9VU48,114.063324,22.52669,935
粤B9VU48,114.063385,22.531015,936
粤B9VU48,114.066154,22.531473,936
粤B9VU48,114.063385,22.531015,936
粤B9VU48,114.063614,22.529722,936
粤B9VU48,114.070625,22.531609,937
粤B9VU48,114.071861,22.530563,938
粤B9VU48,114.07222,22.531227,939
粤B9VU48,114.072182,22.530457,939
粤B9VU48,114.070175,22.530413,940
粤B9VU48,114.066345,22.52619,941
粤B9VU48,114.063385,22.531015,941
粤B9VU48,114.066345,22.52619,941
粤B9VU48,114.066589,22.529902,941
粤B9VU48,114.063217,22.530567,942
粤B9VU48,114.062965,22.534937,943
粤B9VU48,114.063164,22.538013,944
粤B9VU48,114.062965,22.534937,944
粤B9VU48,114.062973,22.544128,946
粤B9VU48,114.066345,22.52619,946
粤B9VU48,114.062752,22.539888,946
粤B9VU48,114.062752,22.539888,946
粤B9VU48,114.062881,22.543072,947
粤B9VU48,114.061455,22.537897,948
粤B9VU48,114.058678,22.537685,949
粤B9VU48,114.057465,22.537813,950
粤B9VU48,114.055962,22.535994,951
粤B9VU48,114.053825,22.535421,951
粤B9VU48,114.062752,22.539888,951
粤B9VU48,114.055962,22.535994,951
粤B9VU48,114.052269,22.535215,952
粤B9VU48,114.053185,22.535192,953
粤B9VU48,114.053185,22.535192,953
粤B9VU48,114.05442,22.53528,954
粤B9VU48,114.055565,22.535358,955
粤B9VU48,114.055794,22.535357,955
粤B9VU48,114.057716,22.535402,956
粤B9VU48,114.057709,22.535406,956
粤B9VU48,114.057709,22.535406,956
粤B9VU48,114.055962,22.535994,957
粤B9VU48,114.057716,22.535416,957
粤B9VU48,114.05822,22.536839,958
粤B9VU48,114.05822,22.536839,959
粤B9VU48,114.058029,22.539379,959
粤B9VU48,114.06163,22.542282,960
粤B9VU48,114.071617,22.542892,961
粤B9VU48,114.075859,22.54303,961
粤B9VU48,114.075859,22.54303,962
粤B9VU48,114.057716,22.535402,962
粤B9VU48,114.081299,22.543171,962
粤B9VU48,114.084442,22.543228,963
粤B9VU48,114.087677,22.543257,964
粤B9VU48,114.091324,22.545073,965
粤B9VU48,114.090904,22.550962,966
粤B9VU48,114.094292,22.551775,966
粤B9VU48,114.075859,22.54303,967
粤B9VU48,114.09446,22.551773,967
粤B9VU48,114.094498,22.551785,967
粤B9VU48,114.094292,22.551775,967
粤B9VU48,114.098366,22.551859,968
粤B9VU48,114.099373,22.551937,969
粤B9VU48,114.102425,22.552544,970
粤B9VU48,114.104073,22.552917,971
粤B9VU48,114.103554,22.552998,971
粤B9VU48,114.104012,22.552946,971
粤B9VU48,114.104073,22.552917,972
粤B9VU48,114.094292,22.551775,972
粤B9VU48,114.104828,22.549433,972
粤B9VU48,114.10392,22.549273,973
粤B9VU48,114.10392,22.549273,974
粤B9VU48,114.101883,22.548147,974
粤B9VU48,114.099716,22.548731,975
粤B9VU48,114.099586,22.551607,976
粤B9VU48,114.099365,22.558226,976
粤B9VU48,114.094673,22.558823,977
粤B9VU48,114.104073,22.552917,977
粤B9VU48,114.099365,22.558226,977
粤B9VU48,114.09465,22.560328,978
粤B9VU48,114.094635,22.561089,979
粤B9VU48,114.094627,22.561764,980
粤B9VU48,114.096092,22.564564,981
粤B9VU48,114.097916,22.564623,981
粤B9VU48,114.096062,22.564528,981
粤B9VU48,114.099365,22.558226,982
粤B9VU48,114.095528,22.564777,982
粤B9VU48,114.097916,22.564623,982
粤B9VU48,114.094872,22.564711,983
粤B9VU48,114.09256,22.564701,984
粤B9VU48,114.090714,22.564014,985
粤B9VU48,114.090714,22.563215,986
粤B9VU48,114.090118,22.562719,986
粤B9VU48,114.08934,22.56423,987
粤B9VU48,114.08934,22.56423,987
粤B9VU48,114.089462,22.564585,988
粤B9VU48,114.097916,22.564623,988
粤B9VU48,114.086128,22.565441,989
粤B9VU48,114.086128,22.565441,989
粤B9VU48,114.083,22.560932,990
粤B9VU48,114.081268,22.558838,991
粤B9VU48,114.080849,22.557384,991
粤B9VU48,114.081429,22.558981,992
粤B9VU48,114.081276,22.558792,992
粤B9VU48,114.090118,22.562719,992
粤B9VU48,114.076904,22.558252,993
粤B9VU48,114.070641,22.558228,994
粤B9VU48,114.06826,22.558247,995
粤B9VU48,114.067612,22.566681,996
粤B9VU48,114.067604,22.567713,997
粤B9VU48,114.081429,22.558981,997
粤B9VU48,114.067596,22.568451,998
粤B9VU48,114.067604,22.567713,998
粤B9VU48,114.067429,22.569851,999
粤B9VU48,114.06636,22.570011,1000
粤B9VU48,114.062546,22.568529,1001
粤B9VU48,114.065674,22.569386,1001
粤B9VU48,114.067604,22.567713,1002
粤B9VU48,114.05481,22.565554,1002
粤B9VU48,114.05481,22.565554,1003
粤B9VU48,114.047401,22.56551,1003
粤B9VU48,114.0438,22.566097,1004
粤B9VU48,114.0438,22.56609,1004
粤B9VU48,114.0438,22.566097,1004
粤B9VU48,114.036255,22.566395,1006
粤B9VU48,114.039841,22.564989,1006
粤B9VU48,114.05481,22.565554,1007
粤B9VU48,114.03672,22.565659,1007
粤B9VU48,114.040665,22.562208,1008
粤B9VU48,114.03672,22.565659,1008
粤B9VU48,114.043358,22.557615,1009
粤B9VU48,114.043716,22.557213,1010
粤B9VU48,114.042152,22.560083,1011
粤B9VU48,114.042244,22.559832,1011
粤B9VU48,114.03672,22.565659,1012
粤B9VU48,114.042168,22.560106,1012
粤B9VU48,114.042168,22.560106,1013
粤B9VU48,114.042168,22.560106,1013
粤B9VU48,114.04216,22.560102,1014
粤B9VU48,114.04216,22.560106,1015
粤B9VU48,114.04216,22.560106,1016
粤B9VU48,114.041931,22.56345,1016
粤B9VU48,114.042168,22.560106,1017
粤B9VU48,114.04599,22.564499,1017
粤B9VU48,114.04599,22.564499,1018
粤B9VU48,114.049606,22.562519,1019
粤B9VU48,114.049606,22.562519,1019
粤B9VU48,114.049065,22.564203,1020
粤B9VU48,114.04599,22.564499,1023
粤B9VU48,114.07608,22.545818,1029
粤B9VU48,114.07769,22.545532,1030
粤B9VU48,114.078957,22.544596,1031
粤B9VU48,114.078987,22.544601,1031
粤B9VU48,114.079002,22.544519,1031
粤B9VU48,114.079102,22.544559,1032
粤B9VU48,114.078613,22.543341,1033
粤B9VU48,114.078438,22.543329,1033
粤B9VU48,114.073463,22.543158,1034
粤B9VU48,114.078438,22.543329,1034
粤B9VU48,114.073463,22.543158,1035
粤B9VU48,114.068314,22.543739,1035
粤B9VU48,114.068024,22.537214,1036
粤B9VU48,114.067619,22.531488,1036
粤B9VU48,114.071861,22.530993,1037
粤B9VU48,114.071838,22.530367,1038
粤B9VU48,114.078438,22.543329,1038
粤B9VU48,114.071823,22.530348,1038
粤B9VU48,114.072647,22.531614,1039
粤B9VU48,114.072647,22.531614,1039
粤B9VU48,114.077187,22.531855,1040
粤B9VU48,114.078552,22.533751,1041
粤B9VU48,114.079636,22.535627,1041
粤B9VU48,114.081779,22.537977,1042
粤B9VU48,114.071823,22.530348,1043
粤B9VU48,114.081696,22.541142,1043
粤B9VU48,114.081696,22.541142,1044
粤B9VU48,114.082008,22.543036,1044
粤B9VU48,114.083511,22.543144,1045
粤B9VU48,114.083969,22.543158,1045
粤B9VU48,114.090721,22.543301,1046
粤B9VU48,114.087784,22.543207,1046
粤B9VU48,114.091187,22.548443,1047
粤B9VU48,114.081696,22.541142,1048
粤B9VU48,114.093033,22.551767,1048
粤B9VU48,114.09893,22.55187,1049
粤B9VU48,114.09893,22.55187,1049
粤B9VU48,114.09893,22.55187,1050
粤B9VU48,114.103394,22.552967,1050
粤B9VU48,114.103867,22.553022,1051
粤B9VU48,114.104782,22.549723,1051
粤B9VU48,114.103691,22.549229,1052
粤B9VU48,114.104797,22.549719,1052
粤B9VU48,114.102165,22.548414,1053
粤B9VU48,114.101135,22.547421,1054
粤B9VU48,114.093033,22.551767,1054
粤B9VU48,114.101135,22.547421,1054
粤B9VU48,114.101067,22.546545,1055
粤B9VU48,114.101463,22.547722,1056
粤B9VU48,114.10112,22.547462,1056
粤B9VU48,114.10144,22.547745,1057
粤B9VU48,114.10154,22.547836,1057
粤B9VU48,114.103127,22.549112,1058
粤B9VU48,114.101135,22.547421,1059
粤B9VU48,114.105148,22.55126,1059
粤B9VU48,114.107079,22.55151,1060
粤B9VU48,114.107033,22.551502,1060
粤B9VU48,114.105148,22.55126,1060
粤B9VU48,114.107582,22.549328,1061
粤B9VU48,114.107834,22.547714,1061
粤B9VU48,114.10804,22.547005,1062
粤B9VU48,114.10965,22.546633,1063
粤B9VU48,114.105148,22.55126,1064
粤B9VU48,114.110176,22.542297,1064
粤B9VU48,114.110146,22.542267,1065
粤B9VU48,114.110146,22.542267,1065
粤B9VU48,114.110176,22.542297,1065
粤B9VU48,114.110664,22.538448,1066
粤B9VU48,114.110184,22.541727,1066
粤B9VU48,114.111023,22.535744,1067
粤B9VU48,114.111435,22.533318,1068
粤B9VU48,114.113785,22.531853,1069
粤B9VU48,114.110176,22.542297,1069
粤B9VU48,114.114479,22.534817,1070
粤B9VU48,114.114479,22.534817,1070
粤B9VU48,114.113853,22.537563,1071
粤B9VU48,114.117432,22.539183,1071
粤B9VU48,114.118675,22.540195,1072
粤B9VU48,114.119591,22.540728,1073
粤B9VU48,114.12146,22.54039,1074
粤B9VU48,114.113785,22.531853,1074
粤B9VU48,114.120247,22.538837,1075
粤B9VU48,114.120247,22.538837,1075
粤B9VU48,114.119041,22.540134,1076
粤B9VU48,114.119827,22.540846,1076
粤B9VU48,114.120026,22.54159,1077
粤B9VU48,114.120049,22.541412,1077
粤B9VU48,114.120018,22.541613,1078
粤B9VU48,114.12146,22.54039,1079
粤B9VU48,114.120049,22.541822,1079
粤B9VU48,114.118645,22.54298,1080
粤B9VU48,114.118645,22.54298,1080
粤B9VU48,114.118645,22.54298,1080
粤B9VU48,114.117065,22.546755,1081
粤B9VU48,114.117241,22.546003,1081
粤B9VU48,114.118645,22.54298,1085
粤B9VU48,114.123505,22.548695,1085
粤B9VU48,114.123505,22.548695,1085
粤B9VU48,114.125679,22.548668,1086
粤B9VU48,114.12487,22.549063,1086
粤B9VU48,114.125732,22.548658,1087
粤B9VU48,114.125824,22.545551,1088
粤B9VU48,114.125793,22.545553,1089
粤B9VU48,114.123505,22.548695,1090
粤B9VU48,114.125839,22.544485,1090
粤B9VU48,114.12661,22.542513,1091
粤B9VU48,114.131874,22.545122,1091
粤B9VU48,114.125839,22.544485,1091
粤B9VU48,114.13517,22.545824,1092
粤B9VU48,114.1371,22.546747,1093
粤B9VU48,114.138908,22.547132,1094
粤B9VU48,114.125839,22.544485,1095
粤B9VU48,114.141556,22.54912,1095
粤B9VU48,114.141556,22.54912,1095
粤B9VU48,114.139381,22.545715,1096
粤B9VU48,114.142464,22.549244,1096
粤B9VU48,114.142464,22.549244,1096
粤B9VU48,114.138206,22.544094,1097
粤B9VU48,114.142349,22.543873,1098
粤B9VU48,114.144966,22.544197,1099
粤B9VU48,114.145462,22.544111,1100
粤B9VU48,114.141556,22.54912,1100
粤B9VU48,114.145447,22.544106,1101
粤B9VU48,114.14547,22.544123,1101
粤B9VU48,114.14547,22.544123,1101
粤B9VU48,114.14547,22.544102,1102
粤B9VU48,114.145531,22.544111,1103
粤B9VU48,114.145523,22.544107,1104
粤B9VU48,114.1455,22.544083,1105
粤B9VU48,114.145462,22.544111,1105
粤B9VU48,114.145493,22.544121,1106
粤B9VU48,114.145493,22.544117,1106
粤B9VU48,114.145493,22.544117,1106
粤B9VU48,114.145477,22.544102,1107
粤B9VU48,114.1455,22.544083,1110
粤B9VU48,114.145477,22.544102,1110
粤B9VU48,114.145477,22.544102,1111
粤B9VU48,114.149101,22.545094,1115
粤B9VU48,114.147148,22.543827,1115
粤B9VU48,114.149307,22.548292,1116
粤B9VU48,114.145477,22.544102,1116
粤B9VU48,114.149307,22.548292,1116
粤B9VU48,114.151276,22.551697,1117
粤B9VU48,114.150833,22.555779,1118
粤B9VU48,114.149139,22.559408,1119
粤B9VU48,114.146568,22.557375,1120
粤B9VU48,114.146301,22.555267,1120
粤B9VU48,114.143997,22.555046,1121
粤B9VU48,114.149101,22.545094,1121
粤B9VU48,114.143509,22.552973,1122
粤B9VU48,114.143997,22.555046,1122
粤B9VU48,114.143433,22.552523,1123
粤B9VU48,114.14473,22.551165,1124
粤B9VU48,114.14183,22.550159,1125
粤B9VU48,114.144547,22.550528,1125
粤B9VU48,114.144669,22.550549,1125
粤B9VU48,114.14183,22.550159,1125
粤B9VU48,114.139908,22.549862,1126
粤B9VU48,114.146301,22.555267,1126
粤B9VU48,114.139908,22.549862,1127
粤B9VU48,114.13456,22.549314,1127
粤B9VU48,114.130249,22.548641,1128
粤B9VU48,114.129837,22.548573,1129
粤B9VU48,114.129539,22.546207,1130
粤B9VU48,114.129837,22.548574,1130
粤B9VU48,114.14183,22.550159,1131
粤B9VU48,114.130379,22.54385,1131
粤B9VU48,114.130653,22.543934,1132
粤B9VU48,114.130653,22.543934,1132
粤B9VU48,114.130959,22.54409,1132
粤B9VU48,114.132042,22.544811,1133
粤B9VU48,114.131874,22.545109,1134
粤B9VU48,114.131516,22.544462,1135
粤B9VU48,114.129791,22.544123,1135
粤B9VU48,114.130379,22.54385,1136
粤B9VU48,114.127647,22.543941,1136
粤B9VU48,114.127647,22.543941,1137
粤B9VU48,114.126266,22.543377,1137
粤B9VU48,114.127647,22.543941,1141
粤B9VU48,114.129601,22.546757,1146
粤B9VU48,114.129601,22.546207,1146
粤B9VU48,114.127136,22.545313,1147
粤B9VU48,114.127136,22.545313,1147
粤B9VU48,114.126595,22.545208,1148
粤B9VU48,114.126549,22.545185,1148
粤B9VU48,114.123756,22.545086,1149
粤B9VU48,114.122002,22.546604,1150
粤B9VU48,114.121964,22.546707,1151
粤B9VU48,114.122002,22.546524,1151
粤B9VU48,114.122009,22.546629,1151
粤B9VU48,114.125153,22.545021,1152
粤B9VU48,114.129601,22.546207,1152
粤B9VU48,114.125153,22.545021,1152
粤B9VU48,114.123177,22.54059,1153
粤B9VU48,114.123177,22.54059,1156
粤B9VU48,114.084724,22.537502,1157
粤B9VU48,114.122002,22.546524,1157
粤B9VU48,114.081726,22.540264,1158
粤B9VU48,114.084724,22.537502,1158
粤B9VU48,114.081726,22.540297,1158
粤B9VU48,114.080727,22.540583,1159
粤B9VU48,114.078842,22.541487,1160
粤B9VU48,114.078835,22.541477,1160
粤B9VU48,114.078873,22.542913,1161
粤B9VU48,114.084724,22.537502,1162
粤B9VU48,114.081696,22.541336,1162
粤B9VU48,114.081696,22.5408,1163
粤B9VU48,114.081696,22.5408,1163
粤B9VU48,114.081711,22.540777,1163
粤B9VU48,114.08168,22.538975,1164
粤B9VU48,114.082405,22.537195,1165
粤B9VU48,114.0877,22.537252,1166
粤B9VU48,114.081696,22.541336,1167
粤B9VU48,114.094391,22.537844,1167
粤B9VU48,114.099731,22.539883,1168
粤B9VU48,114.101242,22.53791,1168
粤B9VU48,114.101242,22.53791,1168
粤B9VU48,114.101746,22.541145,1169
粤B9VU48,114.102875,22.542784,1170
粤B9VU48,114.1045,22.543173,1171
粤B9VU48,114.1045,22.543173,1171
粤B9VU48,114.106621,22.541464,1172
粤B9VU48,114.094391,22.537844,1172
粤B9VU48,114.106651,22.541464,1173
粤B9VU48,114.106667,22.541477,1173
粤B9VU48,114.106651,22.541464,1173
粤B9VU48,114.109627,22.541599,1174
粤B9VU48,114.109779,22.541498,1175
粤B9VU48,114.111153,22.542419,1176
粤B9VU48,114.110474,22.54693,1177
粤B9VU48,114.106621,22.541464,1177
粤B9VU48,114.110497,22.547241,1178
粤B9VU48,114.110222,22.550142,1178
粤B9VU48,114.110497,22.547241,1178
粤B9VU48,114.109863,22.555019,1179
粤B9VU48,114.112053,22.559813,1180
粤B9VU48,114.112511,22.566839,1181
粤B9VU48,114.111809,22.564247,1182
粤B9VU48,114.111732,22.563192,1182
粤B9VU48,114.11174,22.563171,1183
粤B9VU48,114.110474,22.54693,1183
粤B9VU48,114.11174,22.563171,1183
粤B9VU48,114.111549,22.561028,1183
粤B9VU48,114.108475,22.558729,1184
粤B9VU48,114.104362,22.558748,1185
粤B9VU48,114.103058,22.55871,1186
粤B9VU48,114.103058,22.55871,1186
粤B9VU48,114.101761,22.559177,1187
粤B9VU48,114.103554,22.561497,1188
粤B9VU48,114.103996,22.560209,1188
粤B9VU48,114.103905,22.561502,1188
粤B9VU48,114.111732,22.563192,1188
粤B9VU48,114.103996,22.560209,1189
粤B9VU48,114.10405,22.556543,1189
粤B9VU48,114.104034,22.553772,1190
粤B9VU48,114.103325,22.553007,1191
粤B9VU48,114.101364,22.552214,1192
粤B9VU48,114.101456,22.552265,1192
粤B9VU48,114.101143,22.553171,1193
粤B9VU48,114.103554,22.561497,1193
粤B9VU48,114.10083,22.554478,1193
粤B9VU48,114.101357,22.555229,1194
粤B9VU48,114.10083,22.554478,1194
粤B9VU48,114.10083,22.554689,1194
粤B9VU48,114.102287,22.556353,1195
粤B9VU48,114.102776,22.558475,1196
粤B9VU48,114.105232,22.558598,1197
粤B9VU48,114.119728,22.558641,1198
粤B9VU48,114.113159,22.558725,1198
粤B9VU48,114.101143,22.553171,1198
粤B9VU48,114.122978,22.557808,1199
粤B9VU48,114.119728,22.558641,1199
粤B9VU48,114.124245,22.558567,1200
粤B9VU48,114.128372,22.560959,1201
粤B9VU48,114.128372,22.560959,1201
粤B9VU48,114.131325,22.561983,1202
粤B9VU48,114.113159,22.558725,1203
粤B9VU48,114.135628,22.566195,1203
粤B9VU48,114.132011,22.562075,1203
粤B9VU48,114.137421,22.56797,1204
粤B9VU48,114.135628,22.566195,1204
粤B9VU48,114.137474,22.568031,1205
粤B9VU48,114.137947,22.569899,1206
粤B9VU48,114.138252,22.573633,1207
粤B9VU48,114.139442,22.576723,1208
粤B9VU48,114.132011,22.562075,1208
粤B9VU48,114.14518,22.591221,1209
粤B9VU48,114.155434,22.613935,1212
粤B9VU48,114.158112,22.612019,1213
粤B9VU48,114.157043,22.614927,1213
粤B9VU48,114.158943,22.610128,1214
粤B9VU48,114.158943,22.61013,1214
粤B9VU48,114.158943,22.61013,1214
粤B9VU48,114.139442,22.576723,1214
粤B9VU48,114.158958,22.610067,1215
粤B9VU48,114.158943,22.610113,1216
粤B9VU48,114.158943,22.610113,1216
粤B9VU48,114.158928,22.610117,1217
粤B9VU48,114.159523,22.608028,1218
粤B9VU48,114.158821,22.609457,1218
粤B9VU48,114.160316,22.605965,1219
粤B9VU48,114.158112,22.612019,1219
粤B9VU48,114.159897,22.601482,1220
粤B9VU48,114.160316,22.605965,1220
粤B9VU48,114.155334,22.597057,1221
粤B9VU48,114.151405,22.593475,1222
粤B9VU48,114.149178,22.588976,1223
粤B9VU48,114.145294,22.585302,1223
粤B9VU48,114.141479,22.586391,1224
粤B9VU48,114.159523,22.608028,1224
粤B9VU48,114.138161,22.586805,1225
粤B9VU48,114.141479,22.586391,1225
粤B9VU48,114.134254,22.585777,1226
粤B9VU48,114.132912,22.585316,1227
粤B9VU48,114.132889,22.584021,1228
粤B9VU48,114.132942,22.582497,1228
粤B9VU48,114.132843,22.581337,1229
粤B9VU48,114.132881,22.581488,1229
粤B9VU48,114.145294,22.585302,1229
粤B9VU48,114.132416,22.577932,1230
粤B9VU48,114.132843,22.581337,1230
粤B9VU48,114.126541,22.577267,1231
粤B9VU48,114.118019,22.576723,1232
粤B9VU48,114.126541,22.577267,1232
粤B9VU48,114.117729,22.570755,1233
粤B9VU48,114.116653,22.576637,1233
粤B9VU48,114.132942,22.582497,1234
粤B9VU48,114.118744,22.562729,1234
粤B9VU48,114.122047,22.55731,1235
粤B9VU48,114.118744,22.562729,1235
粤B9VU48,114.124466,22.55875,1236
粤B9VU48,114.124504,22.558765,1237
粤B9VU48,114.12233,22.557861,1238
粤B9VU48,114.122826,22.558052,1238
粤B9VU48,114.121857,22.55757,1238
粤B9VU48,114.120628,22.558352,1239
粤B9VU48,114.117729,22.570755,1239
粤B9VU48,114.120628,22.558352,1240
粤B9VU48,114.120613,22.558378,1241
粤B9VU48,114.123863,22.554899,1242
粤B9VU48,114.125206,22.553181,1243
粤B9VU48,114.125671,22.550678,1243
粤B9VU48,114.125656,22.550442,1244
粤B9VU48,114.125648,22.550419,1245
粤B9VU48,114.121857,22.55757,1245
粤B9VU48,114.125656,22.550421,1245
粤B9VU48,114.125656,22.550421,1245
粤B9VU48,114.125694,22.550325,1246
粤B9VU48,114.125931,22.552162,1246
粤B9VU48,114.125931,22.552162,1247
粤B9VU48,114.128113,22.556166,1247
粤B9VU48,114.129356,22.558096,1248
粤B9VU48,114.131729,22.561678,1249
粤B9VU48,114.13662,22.567377,1250
粤B9VU48,114.133621,22.563963,1250
粤B9VU48,114.125656,22.550442,1250
粤B9VU48,114.13662,22.567377,1250
粤B9VU48,114.13736,22.567896,1251
粤B9VU48,114.137535,22.568153,1252
粤B9VU48,114.137993,22.569546,1253
粤B9VU48,114.137726,22.571278,1254
粤B9VU48,114.131729,22.561678,1255
粤B9VU48,114.137688,22.57193,1255
粤B9VU48,114.138008,22.572819,1255
粤B9VU48,114.138008,22.572819,1256
粤B9VU48,114.138641,22.574673,1256
粤B9VU48,114.139809,22.57696,1257
粤B9VU48,114.13829,22.580048,1258
粤B9VU48,114.138496,22.579935,1258
粤B9VU48,114.138176,22.58009,1259
粤B9VU48,114.135887,22.579388,1260
粤B9VU48,114.135612,22.579296,1260
粤B9VU48,114.135681,22.579336,1260
粤B9VU48,114.137688,22.57193,1260
粤B9VU48,114.135681,22.579336,1261
粤B9VU48,114.13781,22.580256,1261
粤B9VU48,114.13781,22.580256,1262
粤B9VU48,114.137825,22.580254,1262
粤B9VU48,114.13784,22.580196,1263
粤B9VU48,114.137894,22.580149,1264
粤B9VU48,114.137657,22.580509,1265
粤B9VU48,114.135887,22.579388,1265
粤B9VU48,114.135605,22.579338,1265
粤B9VU48,114.135429,22.579283,1266
粤B9VU48,114.135429,22.579283,1266
粤B9VU48,114.132919,22.579622,1266
粤B9VU48,114.131134,22.579617,1267
粤B9VU48,114.130592,22.580112,1268
粤B9VU48,114.130547,22.583363,1269
粤B9VU48,114.137657,22.580509,1270
粤B9VU48,114.125847,22.588978,1270
粤B9VU48,114.128235,22.586176,1270
粤B9VU48,114.125847,22.588978,1271
粤B9VU48,114.124352,22.591993,1271
粤B9VU48,114.126778,22.593332,1272
粤B9VU48,114.129875,22.594538,1273
粤B9VU48,114.132088,22.596933,1274
粤B9VU48,114.133514,22.59827,1275
粤B9VU48,114.131432,22.600119,1275
粤B9VU48,114.128235,22.586176,1276
粤B9VU48,114.132187,22.600632,1276
粤B9VU48,114.131432,22.600119,1276
粤B9VU48,114.132133,22.60218,1277
粤B9VU48,114.132187,22.600632,1277
粤B9VU48,114.132095,22.604008,1278
粤B9VU48,114.132133,22.605572,1279
粤B9VU48,114.130547,22.609285,1280
粤B9VU48,114.130608,22.607027,1280
粤B9VU48,114.133514,22.59827,1281
粤B9VU48,114.132858,22.610226,1281
粤B9VU48,114.132858,22.610226,1281
粤B9VU48,114.132866,22.610237,1281
粤B9VU48,114.134079,22.610041,1282
粤B9VU48,114.134071,22.610046,1283
粤B9VU48,114.134567,22.610165,1284
粤B9VU48,114.13549,22.612537,1285
粤B9VU48,114.135635,22.61462,1285
粤B9VU48,114.134613,22.61705,1286
粤B9VU48,114.130608,22.607027,1286
粤B9VU48,114.134232,22.617292,1287
粤B9VU48,114.134613,22.61705,1287
粤B9VU48,114.134216,22.617308,1288
粤B9VU48,114.134201,22.617308,1289
粤B9VU48,114.131233,22.614777,1290
粤B9VU48,114.13549,22.612537,1290
粤B9VU48,114.127464,22.612286,1290
粤B9VU48,114.124657,22.610682,1291
粤B9VU48,114.131233,22.614777,1292
粤B9VU48,114.121414,22.609842,1292
粤B9VU48,114.131233,22.614777,1292
粤B9VU48,114.120193,22.611298,1293
粤B9VU48,114.117638,22.6101,1294
粤B9VU48,114.131233,22.614777,1295
粤B9VU48,114.115784,22.609682,1295
粤B9VU48,114.116943,22.605263,1295
粤B9VU48,114.115425,22.602739,1296
粤B9VU48,114.115372,22.602659,1297
粤B9VU48,114.115425,22.602739,1297
粤B9VU48,114.116859,22.600733,1298
粤B9VU48,114.118919,22.598183,1299
粤B9VU48,114.119682,22.596397,1300
粤B9VU48,114.116943,22.605263,1300
粤B9VU48,114.119797,22.592793,1300
粤B9VU48,114.119781,22.591278,1301
粤B9VU48,114.119781,22.591278,1302
粤B9VU48,114.124199,22.591185,1302
粤B9VU48,114.127541,22.586788,1303
粤B9VU48,114.129044,22.588224,1304
粤B9VU48,114.128998,22.588165,1304
粤B9VU48,114.119797,22.592793,1305
粤B9VU48,114.128952,22.588215,1305
粤B9VU48,114.129044,22.588224,1305
粤B9VU48,114.129036,22.588261,1305
粤B9VU48,114.12796,22.587109,1306
粤B9VU48,114.128548,22.587862,1306
粤B9VU48,114.125092,22.590275,1307
粤B9VU48,114.125092,22.590275,1307
粤B9VU48,114.124619,22.594269,1308
粤B9VU48,114.122253,22.596262,1309
粤B9VU48,114.120781,22.598675,1310
粤B9VU48,114.119553,22.602093,1310
粤B9VU48,114.128548,22.587862,1311
粤B9VU48,114.119057,22.603273,1311
粤B9VU48,114.119072,22.603277,1311
粤B9VU48,114.119476,22.603338,1312
粤B9VU48,114.122231,22.603191,1313
粤B9VU48,114.125999,22.603701,1314
粤B9VU48,114.129906,22.599981,1315
粤B9VU48,114.127541,22.600027,1315
粤B9VU48,114.119553,22.602093,1316
粤B9VU48,114.132484,22.598648,1316
粤B9VU48,114.135742,22.599981,1317
粤B9VU48,114.135742,22.599981,1318
粤B9VU48,114.137917,22.603102,1318
粤B9VU48,114.138184,22.605707,1319
粤B9VU48,114.138237,22.60841,1320
粤B9VU48,114.143173,22.609497,1320
粤B9VU48,114.138237,22.60841,1320
粤B9VU48,114.147102,22.609413,1321
粤B9VU48,114.132484,22.598648,1321
粤B9VU48,114.152206,22.607847,1322
粤B9VU48,114.147102,22.609413,1323
粤B9VU48,114.158707,22.609137,1323
粤B9VU48,114.158859,22.610781,1324
粤B9VU48,114.157959,22.612568,1325
粤B9VU48,114.157738,22.613052,1325
粤B9VU48,114.157669,22.613274,1325
粤B9VU48,114.158897,22.610443,1326
粤B9VU48,114.147102,22.609413,1326
粤B9VU48,114.158836,22.609438,1327
粤B9VU48,114.160454,22.605532,1328
粤B9VU48,114.158836,22.609438,1328
粤B9VU48,114.158684,22.600031,1329
粤B9VU48,114.152969,22.596636,1330
粤B9VU48,114.154213,22.596813,1330
粤B9VU48,114.158897,22.610443,1331
粤B9VU48,114.151497,22.593508,1332
粤B9VU48,114.151497,22.593508,1333
粤B9VU48,114.150307,22.590511,1333
粤B9VU48,114.146965,22.587883,1334
粤B9VU48,114.142952,22.585526,1335
粤B9VU48,114.142952,22.585526,1335
粤B9VU48,114.13839,22.587255,1336
粤B9VU48,114.132935,22.585598,1337
粤B9VU48,114.134544,22.585569,1337
粤B9VU48,114.132866,22.584562,1338
粤B9VU48,114.132935,22.585598,1338
粤B9VU48,114.135841,22.584007,1339
粤B9VU48,114.136505,22.582796,1340
粤B9VU48,114.136337,22.583302,1340
粤B9VU48,114.134544,22.585569,1341
粤B9VU48,114.132126,22.58441,1341
粤B9VU48,114.124947,22.590544,1342
粤B9VU48,114.128326,22.586006,1342
粤B9VU48,114.120064,22.591221,1343
粤B9VU48,114.124947,22.590544,1343
粤B9VU48,114.119759,22.593536,1344
粤B9VU48,114.1194,22.59775,1345
粤B9VU48,114.119347,22.597832,1346
粤B9VU48,114.128326,22.586006,1347
粤B9VU48,114.116158,22.603262,1347
粤B9VU48,114.117767,22.599957,1347
粤B9VU48,114.117218,22.604679,1348
粤B9VU48,114.117218,22.604679,1348
粤B9VU48,114.11602,22.606474,1349
粤B9VU48,114.115746,22.610043,1350
粤B9VU48,114.115593,22.612219,1352
粤B9VU48,114.115616,22.612217,1352
粤B9VU48,114.115616,22.611544,1352
粤B9VU48,114.117767,22.599957,1352
粤B9VU48,114.115631,22.609545,1353
粤B9VU48,114.115631,22.609545,1354
粤B9VU48,114.116013,22.606163,1354
粤B9VU48,114.116951,22.604637,1355
粤B9VU48,114.112907,22.599598,1356
粤B9VU48,114.115593,22.612219,1357
粤B9VU48,114.110962,22.586967,1357
粤B9VU48,114.109352,22.592957,1357
粤B9VU48,114.111984,22.585592,1358
粤B9VU48,114.111984,22.585592,1359
粤B9VU48,114.113281,22.583883,1359
粤B9VU48,114.116272,22.577295,1360
粤B9VU48,114.11676,22.576326,1361
粤B9VU48,114.122482,22.576414,1362
粤B9VU48,114.122742,22.573927,1362
粤B9VU48,114.109352,22.592957,1362
粤B9VU48,114.121559,22.576307,1363
粤B9VU48,114.121559,22.576307,1364
粤B9VU48,114.127823,22.577124,1364
粤B9VU48,114.128471,22.57724,1364
粤B9VU48,114.130524,22.577488,1365
粤B9VU48,114.130524,22.577488,1365
粤B9VU48,114.131828,22.574657,1366
粤B9VU48,114.122742,22.573927,1367
粤B9VU48,114.134262,22.572956,1367
粤B9VU48,114.134811,22.570644,1367
粤B9VU48,114.134315,22.569633,1368
粤B9VU48,114.134476,22.567785,1369
粤B9VU48,114.134476,22.567785,1369
粤B9VU48,114.133865,22.566692,1370
粤B9VU48,114.132889,22.56776,1371
粤B9VU48,114.132736,22.565788,1372
粤B9VU48,114.134811,22.570644,1372
粤B9VU48,114.132362,22.566051,1372
粤B9VU48,114.134285,22.56546,1373
粤B9VU48,114.134697,22.565323,1374
粤B9VU48,114.134697,22.565323,1374
粤B9VU48,114.132133,22.562298,1375
粤B9VU48,114.129868,22.559139,1376
粤B9VU48,114.129868,22.559137,1376
粤B9VU48,114.132736,22.565788,1378
粤B9VU48,114.127838,22.560553,1380
粤B9VU48,114.126846,22.557745,1380
粤B9VU48,114.126846,22.557745,1380
粤B9VU48,114.129532,22.559671,1381
粤B9VU48,114.134079,22.557312,1383
粤B9VU48,114.129868,22.559137,1383
粤B9VU48,114.130531,22.554375,1384
粤B9VU48,114.129768,22.551773,1385
粤B9VU48,114.130531,22.554375,1385
粤B9VU48,114.128487,22.550472,1385
粤B9VU48,114.128166,22.55138,1386
粤B9VU48,114.127823,22.551903,1387
粤B9VU48,114.134079,22.557312,1388
粤B9VU48,114.128204,22.550406,1388
粤B9VU48,114.127029,22.549704,1389
粤B9VU48,114.127235,22.549803,1389
粤B9VU48,114.126083,22.552004,1390
粤B9VU48,114.128265,22.55633,1390
粤B9VU48,114.126083,22.552004,1390
粤B9VU48,114.12825,22.55632,1391
粤B9VU48,114.130493,22.559772,1392
粤B9VU48,114.13343,22.56365,1393
粤B9VU48,114.128204,22.550406,1393
粤B9VU48,114.136154,22.56686,1394
粤B9VU48,114.136139,22.566874,1395
粤B9VU48,114.136139,22.566874,1395
粤B9VU48,114.13681,22.567572,1395
粤B9VU48,114.13681,22.567572,1396
粤B9VU48,114.137627,22.57139,1396
粤B9VU48,114.139565,22.576616,1397
粤B9VU48,114.13343,22.56365,1398
粤B9VU48,114.13797,22.580166,1398
粤B9VU48,114.137375,22.580637,1399
粤B9VU48,114.136673,22.582533,1400
粤B9VU48,114.136673,22.582533,1400
粤B9VU48,114.135666,22.584127,1400
粤B9VU48,114.136673,22.582533,1400
粤B9VU48,114.13298,22.583395,1401
粤B9VU48,114.132881,22.581556,1402
粤B9VU48,114.13797,22.580166,1403
粤B9VU48,114.132675,22.579912,1403
粤B9VU48,114.13118,22.579542,1404
粤B9VU48,114.12648,22.579582,1405
粤B9VU48,114.12326,22.579403,1405
粤B9VU48,114.12648,22.579582,1405
粤B9VU48,114.122795,22.57947,1406
粤B9VU48,114.123894,22.574171,1407
粤B9VU48,114.121872,22.572231,1408
粤B9VU48,114.132675,22.579912,1409
粤B9VU48,114.120285,22.570044,1409
粤B9VU48,114.11689,22.568863,1410
粤B9VU48,114.11689,22.568863,1410
粤B9VU48,114.118073,22.565632,1410
粤B9VU48,114.119431,22.559809,1411
粤B9VU48,114.118073,22.565632,1411
粤B9VU48,114.124023,22.554647,1412
粤B9VU48,114.124466,22.554146,1412
粤B9VU48,114.121872,22.572231,1414
粤B9VU48,114.124466,22.554146,1415
粤B9VU48,114.124466,22.554146,1419
粤B9VU48,114.124466,22.554146,1421
粤B9VU48,114.124466,22.554146,1424
粤B9VU48,114.124466,22.554146,1426
粤B9VU48,114.124466,22.554146,1426
粤B9VU48,114.125389,22.553198,1427
粤B9VU48,114.12545,22.553171,1427
粤B9VU48,114.124466,22.554146,1429
粤B9VU48,114.125389,22.553198,1431
粤B9VU48,114.125389,22.553198,1434
粤B9VU48,114.125168,22.553337,1434
粤B9VU48,114.124306,22.554482,1435
粤B9VU48,114.118896,22.559217,1436
粤B9VU48,114.118896,22.559217,1436
粤B9VU48,114.112083,22.560074,1437
粤B9VU48,114.112488,22.566914,1437
粤B9VU48,114.113136,22.569908,1438
粤B9VU48,114.114349,22.576777,1439
