粤B6WK82,114.264648,22.71945,7
粤B6WK82,114.264648,22.71945,8
粤B6WK82,114.264648,22.71945,8
粤B6WK82,114.264648,22.71945,8
粤B6WK82,114.264648,22.71945,8
粤B6WK82,114.264648,22.71945,9
粤B6WK82,114.264648,22.71945,9
粤B6WK82,114.264648,22.71945,9
粤B6WK82,114.264648,22.71945,9
粤B6WK82,114.264648,22.71945,10
粤B6WK82,114.264648,22.71945,10
粤B6WK82,114.264648,22.71945,10
粤B6WK82,114.264648,22.71945,10
粤B6WK82,114.264648,22.71945,11
粤B6WK82,114.264648,22.71945,11
粤B6WK82,114.264648,22.71945,11
粤B6WK82,114.264648,22.71945,11
粤B6WK82,114.264648,22.71945,12
粤B6WK82,114.264618,22.719316,16
粤B6WK82,114.264618,22.719316,16
粤B6WK82,114.264618,22.719316,16
粤B6WK82,114.264618,22.719316,18
粤B6WK82,114.264618,22.719316,18
粤B6WK82,114.264816,22.719433,18
粤B6WK82,114.264816,22.719433,18
粤B6WK82,114.264816,22.719433,19
粤B6WK82,114.264816,22.719433,19
粤B6WK82,114.264816,22.719433,20
粤B6WK82,114.264816,22.719433,20
粤B6WK82,114.264816,22.719433,20
粤B6WK82,114.264816,22.719433,20
粤B6WK82,114.264816,22.719433,21
粤B6WK82,114.264816,22.719433,21
粤B6WK82,114.264816,22.719433,21
粤B6WK82,114.264816,22.719433,21
粤B6WK82,114.264816,22.719433,22
粤B6WK82,114.264816,22.719433,22
粤B6WK82,114.264816,22.719433,22
粤B6WK82,114.264816,22.719433,22
粤B6WK82,114.264816,22.719433,23
粤B6WK82,114.264816,22.719433,23
粤B6WK82,114.264816,22.719433,23
粤B6WK82,114.264816,22.719433,23
粤B6WK82,114.264816,22.719433,24
粤B6WK82,114.264816,22.719433,24
粤B6WK82,114.264816,22.719433,24
粤B6WK82,114.264816,22.719433,24
粤B6WK82,114.264816,22.719433,25
粤B6WK82,114.264816,22.719433,25
粤B6WK82,114.264816,22.719433,25
粤B6WK82,114.264816,22.719433,25
粤B6WK82,114.264816,22.719433,26
粤B6WK82,114.264816,22.719433,26
粤B6WK82,114.264816,22.719433,26
粤B6WK82,114.264816,22.719433,26
粤B6WK82,114.264816,22.719433,27
粤B6WK82,114.264816,22.719433,27
粤B6WK82,114.264816,22.719433,27
粤B6WK82,114.264816,22.719433,27
粤B6WK82,114.264816,22.719433,28
粤B6WK82,114.264816,22.719433,28
粤B6WK82,114.264816,22.719433,28
粤B6WK82,114.264816,22.719433,28
粤B6WK82,114.264816,22.719433,29
粤B6WK82,114.264816,22.719433,29
粤B6WK82,114.264816,22.719433,29
粤B6WK82,114.264816,22.719433,29
粤B6WK82,114.264816,22.719433,30
粤B6WK82,114.264816,22.719433,30
粤B6WK82,114.264816,22.719433,30
粤B6WK82,114.264816,22.719433,30
粤B6WK82,114.264816,22.719433,31
粤B6WK82,114.264816,22.719433,31
粤B6WK82,114.264816,22.719433,31
粤B6WK82,114.264816,22.719433,31
粤B6WK82,114.264816,22.719433,32
粤B6WK82,114.264816,22.719433,32
粤B6WK82,114.264816,22.719433,32
粤B6WK82,114.264816,22.719433,32
粤B6WK82,114.264816,22.719433,33
粤B6WK82,114.264816,22.719433,33
粤B6WK82,114.264816,22.719433,33
粤B6WK82,114.264816,22.719433,33
粤B6WK82,114.264816,22.719433,34
粤B6WK82,114.264816,22.719433,34
粤B6WK82,114.264816,22.719433,34
粤B6WK82,114.264816,22.719433,34
粤B6WK82,114.264816,22.719433,35
粤B6WK82,114.264816,22.719433,35
粤B6WK82,114.264816,22.719433,35
粤B6WK82,114.264816,22.719433,35
粤B6WK82,114.264732,22.719299,36
粤B6WK82,114.264816,22.719433,36
粤B6WK82,114.264816,22.719433,36
粤B6WK82,114.264816,22.719433,36
粤B6WK82,114.264732,22.719299,37
粤B6WK82,114.264732,22.719299,37
粤B6WK82,114.264732,22.719299,37
粤B6WK82,114.264732,22.719299,37
粤B6WK82,114.264732,22.719299,38
粤B6WK82,114.264732,22.719299,38
粤B6WK82,114.264732,22.719299,38
粤B6WK82,114.264732,22.719299,38
粤B6WK82,114.264732,22.719299,39
粤B6WK82,114.264603,22.719482,39
粤B6WK82,114.264732,22.719299,39
粤B6WK82,114.264732,22.719299,39
粤B6WK82,114.264603,22.7195,40
粤B6WK82,114.264603,22.7195,40
粤B6WK82,114.264603,22.7195,40
粤B6WK82,114.264603,22.7195,40
粤B6WK82,114.264603,22.7195,41
粤B6WK82,114.264603,22.7195,41
粤B6WK82,114.264603,22.7195,41
粤B6WK82,114.264603,22.7195,41
粤B6WK82,114.264603,22.7195,42
粤B6WK82,114.264603,22.7195,42
粤B6WK82,114.264603,22.7195,42
粤B6WK82,114.264603,22.7195,42
粤B6WK82,114.264915,22.719334,43
粤B6WK82,114.264915,22.719334,43
粤B6WK82,114.264915,22.719351,43
粤B6WK82,114.264603,22.7195,43
粤B6WK82,114.264915,22.719334,44
粤B6WK82,114.264915,22.719334,44
粤B6WK82,114.264915,22.719334,44
粤B6WK82,114.264915,22.719334,44
粤B6WK82,114.264915,22.719334,45
粤B6WK82,114.264847,22.719351,45
粤B6WK82,114.264915,22.719334,45
粤B6WK82,114.264915,22.719334,45
粤B6WK82,114.264847,22.719351,46
粤B6WK82,114.264847,22.719351,46
粤B6WK82,114.264847,22.719351,46
粤B6WK82,114.264847,22.719351,46
粤B6WK82,114.264847,22.719351,47
粤B6WK82,114.264847,22.719351,47
粤B6WK82,114.264847,22.719351,47
粤B6WK82,114.264847,22.719351,47
粤B6WK82,114.264847,22.719351,48
粤B6WK82,114.264847,22.719351,48
粤B6WK82,114.264847,22.719351,48
粤B6WK82,114.264847,22.719351,48
粤B6WK82,114.264717,22.719351,49
粤B6WK82,114.264717,22.719351,49
粤B6WK82,114.264717,22.719351,49
粤B6WK82,114.264717,22.719351,49
粤B6WK82,114.264717,22.719351,50
粤B6WK82,114.264717,22.719351,50
粤B6WK82,114.264717,22.719351,50
粤B6WK82,114.264717,22.719351,50
粤B6WK82,114.264717,22.719351,51
粤B6WK82,114.264786,22.719534,51
粤B6WK82,114.264717,22.719351,51
粤B6WK82,114.264717,22.719351,51
粤B6WK82,114.264771,22.719549,52
粤B6WK82,114.264771,22.719549,52
粤B6WK82,114.264771,22.719549,52
粤B6WK82,114.264771,22.719549,52
粤B6WK82,114.264771,22.719549,53
粤B6WK82,114.264786,22.719418,53
粤B6WK82,114.264786,22.719418,53
粤B6WK82,114.264786,22.719418,53
粤B6WK82,114.264786,22.719418,54
粤B6WK82,114.264786,22.719418,54
粤B6WK82,114.264786,22.719418,54
粤B6WK82,114.264786,22.719418,54
粤B6WK82,114.264786,22.719418,55
粤B6WK82,114.264786,22.719418,55
粤B6WK82,114.264786,22.719418,55
粤B6WK82,114.264786,22.719418,55
粤B6WK82,114.264786,22.719418,56
粤B6WK82,114.264786,22.719418,56
粤B6WK82,114.264786,22.719418,56
粤B6WK82,114.264786,22.719418,56
粤B6WK82,114.264786,22.719418,57
粤B6WK82,114.264786,22.719418,57
粤B6WK82,114.264786,22.719418,57
粤B6WK82,114.264786,22.719418,57
粤B6WK82,114.264786,22.719418,58
粤B6WK82,114.264786,22.719418,58
粤B6WK82,114.264786,22.719418,58
粤B6WK82,114.264786,22.719418,58
粤B6WK82,114.264786,22.719418,59
粤B6WK82,114.264786,22.719418,59
粤B6WK82,114.264786,22.719418,59
粤B6WK82,114.264786,22.719418,59
粤B6WK82,114.264786,22.719418,60
粤B6WK82,114.264786,22.719418,60
粤B6WK82,114.264786,22.719418,60
粤B6WK82,114.264786,22.719418,60
粤B6WK82,114.264786,22.719418,61
粤B6WK82,114.264717,22.719517,61
粤B6WK82,114.264717,22.719517,61
粤B6WK82,114.264717,22.719517,61
粤B6WK82,114.264717,22.719517,62
粤B6WK82,114.264648,22.719351,62
粤B6WK82,114.264687,22.719433,62
粤B6WK82,114.264633,22.719351,62
粤B6WK82,114.264648,22.719366,63
粤B6WK82,114.264648,22.719366,63
粤B6WK82,114.264648,22.719366,63
粤B6WK82,114.264648,22.719366,63
粤B6WK82,114.264648,22.719366,64
粤B6WK82,114.264648,22.719366,65
粤B6WK82,114.264648,22.719366,65
粤B6WK82,114.264648,22.719366,65
粤B6WK82,114.264648,22.719366,66
粤B6WK82,114.264648,22.719366,66
粤B6WK82,114.264648,22.719366,66
粤B6WK82,114.264648,22.719366,66
粤B6WK82,114.264648,22.719366,67
粤B6WK82,114.264648,22.719366,67
粤B6WK82,114.264648,22.719366,67
粤B6WK82,114.264648,22.719366,67
粤B6WK82,114.264648,22.719366,68
粤B6WK82,114.264648,22.719366,68
粤B6WK82,114.264648,22.719366,68
粤B6WK82,114.264648,22.719366,68
粤B6WK82,114.264648,22.719366,69
粤B6WK82,114.264648,22.719366,69
粤B6WK82,114.264648,22.719366,69
粤B6WK82,114.264648,22.719366,69
粤B6WK82,114.264648,22.719366,70
粤B6WK82,114.264648,22.719366,70
粤B6WK82,114.264648,22.719366,70
粤B6WK82,114.264648,22.719366,70
粤B6WK82,114.264648,22.719366,71
粤B6WK82,114.264648,22.719366,71
粤B6WK82,114.264648,22.719366,71
粤B6WK82,114.264648,22.719366,71
粤B6WK82,114.264648,22.719366,72
粤B6WK82,114.264648,22.719366,72
粤B6WK82,114.264648,22.719366,72
粤B6WK82,114.264648,22.719366,72
粤B6WK82,114.264648,22.719366,73
粤B6WK82,114.264648,22.719366,73
粤B6WK82,114.264648,22.719366,73
粤B6WK82,114.264648,22.719366,73
粤B6WK82,114.264648,22.719366,74
粤B6WK82,114.264648,22.719366,74
粤B6WK82,114.264648,22.719366,74
粤B6WK82,114.264648,22.719366,74
粤B6WK82,114.264648,22.719366,75
粤B6WK82,114.264648,22.719366,75
粤B6WK82,114.264648,22.719366,75
粤B6WK82,114.264648,22.719366,75
粤B6WK82,114.264648,22.719366,76
粤B6WK82,114.264648,22.719366,76
粤B6WK82,114.264648,22.719366,76
粤B6WK82,114.264648,22.719366,76
粤B6WK82,114.264648,22.719366,77
粤B6WK82,114.264648,22.719366,77
粤B6WK82,114.264648,22.719366,77
粤B6WK82,114.264648,22.719366,77
粤B6WK82,114.264648,22.719366,78
粤B6WK82,114.264648,22.719366,78
粤B6WK82,114.264648,22.719366,78
粤B6WK82,114.264648,22.719366,78
粤B6WK82,114.264648,22.719366,79
粤B6WK82,114.264648,22.719366,79
粤B6WK82,114.264648,22.719366,79
粤B6WK82,114.264648,22.719366,79
粤B6WK82,114.264648,22.719366,80
粤B6WK82,114.264648,22.719366,80
粤B6WK82,114.264648,22.719366,80
粤B6WK82,114.264648,22.719366,80
粤B6WK82,114.264648,22.719366,81
粤B6WK82,114.264648,22.719366,81
粤B6WK82,114.264648,22.719366,81
粤B6WK82,114.264648,22.719366,81
粤B6WK82,114.264648,22.719366,82
粤B6WK82,114.264648,22.719366,82
粤B6WK82,114.264648,22.719366,82
粤B6WK82,114.264648,22.719366,82
粤B6WK82,114.264648,22.719366,83
粤B6WK82,114.264648,22.719366,83
粤B6WK82,114.264648,22.719366,83
粤B6WK82,114.264648,22.719366,83
粤B6WK82,114.264648,22.719366,84
粤B6WK82,114.264648,22.719366,84
粤B6WK82,114.264648,22.719366,84
粤B6WK82,114.264648,22.719366,84
粤B6WK82,114.264648,22.719366,85
粤B6WK82,114.264648,22.719366,85
粤B6WK82,114.264648,22.719366,85
粤B6WK82,114.264648,22.719366,85
粤B6WK82,114.264648,22.719366,86
粤B6WK82,114.264648,22.719366,86
粤B6WK82,114.264648,22.719366,86
粤B6WK82,114.264648,22.719366,86
粤B6WK82,114.264648,22.719366,87
粤B6WK82,114.264648,22.719366,87
粤B6WK82,114.264648,22.719366,87
粤B6WK82,114.264648,22.719366,87
粤B6WK82,114.264648,22.719366,88
粤B6WK82,114.264648,22.719366,88
粤B6WK82,114.264648,22.719366,88
粤B6WK82,114.264648,22.719366,88
粤B6WK82,114.264503,22.719267,89
粤B6WK82,114.264503,22.719267,89
粤B6WK82,114.264503,22.719267,89
粤B6WK82,114.264503,22.719267,89
粤B6WK82,114.264503,22.719267,90
粤B6WK82,114.264503,22.719267,90
粤B6WK82,114.264503,22.719267,90
粤B6WK82,114.264503,22.719267,90
粤B6WK82,114.264503,22.719267,91
粤B6WK82,114.264503,22.719267,91
粤B6WK82,114.264503,22.719267,91
粤B6WK82,114.264503,22.719267,91
粤B6WK82,114.264503,22.719267,92
粤B6WK82,114.264503,22.719267,92
粤B6WK82,114.264503,22.719267,92
粤B6WK82,114.264503,22.719267,92
粤B6WK82,114.264503,22.719267,93
粤B6WK82,114.264503,22.719267,93
粤B6WK82,114.264503,22.719267,93
粤B6WK82,114.264503,22.719267,93
粤B6WK82,114.264503,22.719267,94
粤B6WK82,114.26487,22.719133,94
粤B6WK82,114.26487,22.719133,94
粤B6WK82,114.26487,22.719133,94
粤B6WK82,114.26487,22.719133,95
粤B6WK82,114.26487,22.719133,95
粤B6WK82,114.26487,22.719133,95
粤B6WK82,114.26487,22.719133,95
粤B6WK82,114.26487,22.719133,96
粤B6WK82,114.26487,22.719133,96
粤B6WK82,114.26487,22.719133,96
粤B6WK82,114.26487,22.719133,96
粤B6WK82,114.26487,22.719133,97
粤B6WK82,114.26487,22.719133,97
粤B6WK82,114.26487,22.719133,97
粤B6WK82,114.26487,22.719133,97
粤B6WK82,114.26487,22.719133,98
粤B6WK82,114.26487,22.719133,98
粤B6WK82,114.26487,22.719133,98
粤B6WK82,114.26487,22.719133,98
粤B6WK82,114.26487,22.719133,99
粤B6WK82,114.26487,22.719133,99
粤B6WK82,114.26487,22.719133,99
粤B6WK82,114.26487,22.719133,99
粤B6WK82,114.26487,22.719133,100
粤B6WK82,114.26487,22.719133,100
粤B6WK82,114.26487,22.719133,100
粤B6WK82,114.26487,22.719133,100
粤B6WK82,114.26487,22.719133,101
粤B6WK82,114.26487,22.719133,101
粤B6WK82,114.26487,22.719133,101
粤B6WK82,114.26487,22.719133,101
粤B6WK82,114.264832,22.719433,102
粤B6WK82,114.26487,22.719133,102
粤B6WK82,114.264832,22.719433,102
粤B6WK82,114.264832,22.719433,102
粤B6WK82,114.264832,22.719433,103
粤B6WK82,114.264832,22.719433,103
粤B6WK82,114.264832,22.719433,103
粤B6WK82,114.264832,22.719433,103
粤B6WK82,114.264832,22.719433,104
粤B6WK82,114.264832,22.719433,104
粤B6WK82,114.264832,22.719433,104
粤B6WK82,114.264832,22.719433,104
粤B6WK82,114.264832,22.719433,105
粤B6WK82,114.264832,22.719433,105
粤B6WK82,114.264832,22.719433,105
粤B6WK82,114.264832,22.719433,105
粤B6WK82,114.264832,22.719433,106
粤B6WK82,114.264503,22.719299,106
粤B6WK82,114.264503,22.719299,106
粤B6WK82,114.264832,22.719433,106
粤B6WK82,114.264503,22.719299,107
粤B6WK82,114.264503,22.719299,107
粤B6WK82,114.264503,22.719299,107
粤B6WK82,114.264503,22.719299,107
粤B6WK82,114.264503,22.719299,108
粤B6WK82,114.264503,22.719299,108
粤B6WK82,114.264503,22.719299,108
粤B6WK82,114.264503,22.719299,108
粤B6WK82,114.264503,22.719299,109
粤B6WK82,114.264503,22.719299,109
粤B6WK82,114.264503,22.719299,109
粤B6WK82,114.264503,22.719299,109
粤B6WK82,114.264503,22.719299,110
粤B6WK82,114.264503,22.719299,110
粤B6WK82,114.264503,22.719299,110
粤B6WK82,114.264503,22.719299,110
粤B6WK82,114.264503,22.719299,111
粤B6WK82,114.264503,22.719299,111
粤B6WK82,114.264503,22.719299,111
粤B6WK82,114.264503,22.719299,111
粤B6WK82,114.264503,22.719299,112
粤B6WK82,114.264503,22.719299,112
粤B6WK82,114.264503,22.719299,112
粤B6WK82,114.264503,22.719299,112
粤B6WK82,114.264503,22.719299,113
粤B6WK82,114.264503,22.719299,113
粤B6WK82,114.264503,22.719299,113
粤B6WK82,114.264503,22.719299,113
粤B6WK82,114.264816,22.719267,115
粤B6WK82,114.264816,22.719267,115
粤B6WK82,114.264816,22.719267,115
粤B6WK82,114.264816,22.719267,115
粤B6WK82,114.264816,22.719267,116
粤B6WK82,114.264816,22.719267,116
粤B6WK82,114.264816,22.719267,116
粤B6WK82,114.264816,22.719267,116
粤B6WK82,114.264816,22.719267,117
粤B6WK82,114.264816,22.719267,117
粤B6WK82,114.264816,22.719267,117
粤B6WK82,114.264816,22.719267,117
粤B6WK82,114.264435,22.719299,118
粤B6WK82,114.264816,22.719267,118
粤B6WK82,114.264435,22.719299,118
粤B6WK82,114.264435,22.719299,118
粤B6WK82,114.264435,22.719299,119
粤B6WK82,114.26458,22.719151,119
粤B6WK82,114.264435,22.719299,119
粤B6WK82,114.26458,22.719151,119
粤B6WK82,114.26458,22.719151,120
粤B6WK82,114.26458,22.719151,120
粤B6WK82,114.26458,22.719151,120
粤B6WK82,114.26458,22.719151,120
粤B6WK82,114.26458,22.719151,121
粤B6WK82,114.26458,22.719151,121
粤B6WK82,114.26458,22.719151,121
粤B6WK82,114.26458,22.719151,121
粤B6WK82,114.26458,22.719151,122
粤B6WK82,114.26458,22.719151,122
粤B6WK82,114.26458,22.719151,122
粤B6WK82,114.26458,22.719151,122
粤B6WK82,114.26458,22.719151,123
粤B6WK82,114.264732,22.71945,123
粤B6WK82,114.26458,22.719151,123
粤B6WK82,114.264732,22.71945,123
粤B6WK82,114.264732,22.71945,124
粤B6WK82,114.264732,22.71945,124
粤B6WK82,114.264732,22.71945,124
粤B6WK82,114.264732,22.71945,124
粤B6WK82,114.264732,22.71945,125
粤B6WK82,114.264732,22.71945,125
粤B6WK82,114.264732,22.71945,125
粤B6WK82,114.264732,22.71945,125
粤B6WK82,114.264732,22.71945,126
粤B6WK82,114.264732,22.71945,126
粤B6WK82,114.264717,22.719183,126
粤B6WK82,114.264732,22.71945,126
粤B6WK82,114.264717,22.719183,127
粤B6WK82,114.264717,22.719183,127
粤B6WK82,114.264717,22.719183,127
粤B6WK82,114.264717,22.719183,127
粤B6WK82,114.264717,22.719183,128
粤B6WK82,114.264717,22.719183,128
粤B6WK82,114.264717,22.719183,128
粤B6WK82,114.264717,22.719183,128
粤B6WK82,114.264717,22.719183,129
粤B6WK82,114.264717,22.719183,129
粤B6WK82,114.264717,22.719183,129
粤B6WK82,114.264717,22.719183,129
粤B6WK82,114.264717,22.719183,130
粤B6WK82,114.264717,22.719183,130
粤B6WK82,114.264717,22.719183,130
粤B6WK82,114.264717,22.719183,130
粤B6WK82,114.264717,22.719183,131
粤B6WK82,114.264717,22.719183,131
粤B6WK82,114.264717,22.719183,131
粤B6WK82,114.264801,22.719351,131
粤B6WK82,114.264786,22.719366,132
粤B6WK82,114.264786,22.719366,132
粤B6WK82,114.264786,22.719366,132
粤B6WK82,114.264786,22.719366,132
粤B6WK82,114.264786,22.719366,133
粤B6WK82,114.264786,22.719366,133
粤B6WK82,114.264786,22.719366,133
粤B6WK82,114.264786,22.719366,133
粤B6WK82,114.264786,22.719366,134
粤B6WK82,114.264786,22.719366,134
粤B6WK82,114.264786,22.719366,134
粤B6WK82,114.264786,22.719366,134
粤B6WK82,114.264786,22.719366,135
粤B6WK82,114.264786,22.719366,135
粤B6WK82,114.264786,22.719366,135
粤B6WK82,114.264786,22.719366,135
粤B6WK82,114.264786,22.719366,136
粤B6WK82,114.264786,22.719366,136
粤B6WK82,114.264786,22.719366,136
粤B6WK82,114.264786,22.719366,136
粤B6WK82,114.264786,22.719366,137
粤B6WK82,114.264786,22.719366,137
粤B6WK82,114.264786,22.719366,137
粤B6WK82,114.264786,22.719366,137
粤B6WK82,114.264786,22.719366,138
粤B6WK82,114.264786,22.719366,138
粤B6WK82,114.264786,22.719366,138
粤B6WK82,114.264786,22.719366,138
粤B6WK82,114.264786,22.719366,139
粤B6WK82,114.264786,22.719366,139
粤B6WK82,114.264786,22.719366,139
粤B6WK82,114.264786,22.719366,139
粤B6WK82,114.264786,22.719366,140
粤B6WK82,114.264786,22.719366,140
粤B6WK82,114.264786,22.719366,140
粤B6WK82,114.264786,22.719366,140
粤B6WK82,114.264786,22.719366,141
粤B6WK82,114.264786,22.719366,141
粤B6WK82,114.264786,22.719366,141
粤B6WK82,114.264786,22.719366,141
粤B6WK82,114.264786,22.719366,142
粤B6WK82,114.264786,22.719366,142
粤B6WK82,114.264786,22.719366,142
粤B6WK82,114.264786,22.719366,142
粤B6WK82,114.264786,22.719366,143
粤B6WK82,114.264786,22.719366,143
粤B6WK82,114.264786,22.719366,143
粤B6WK82,114.264786,22.719366,143
粤B6WK82,114.264786,22.719366,144
粤B6WK82,114.264786,22.719366,144
粤B6WK82,114.264786,22.719366,144
粤B6WK82,114.264786,22.719366,144
粤B6WK82,114.264786,22.719366,145
粤B6WK82,114.264786,22.719366,145
粤B6WK82,114.264786,22.719366,145
粤B6WK82,114.264786,22.719366,145
粤B6WK82,114.264786,22.719366,146
粤B6WK82,114.264786,22.719366,146
粤B6WK82,114.264786,22.719366,146
粤B6WK82,114.264786,22.719366,146
粤B6WK82,114.264786,22.719366,147
粤B6WK82,114.264786,22.719366,147
粤B6WK82,114.264786,22.719366,147
粤B6WK82,114.264786,22.719366,147
粤B6WK82,114.264786,22.719366,148
粤B6WK82,114.264786,22.719366,148
粤B6WK82,114.264786,22.719366,148
粤B6WK82,114.264786,22.719366,148
粤B6WK82,114.264786,22.719366,149
粤B6WK82,114.264786,22.719366,149
粤B6WK82,114.264786,22.719366,149
粤B6WK82,114.264786,22.719366,149
粤B6WK82,114.264786,22.719366,150
粤B6WK82,114.264786,22.719366,150
粤B6WK82,114.264786,22.719366,150
粤B6WK82,114.264786,22.719366,150
粤B6WK82,114.264786,22.719366,151
粤B6WK82,114.264786,22.719366,151
粤B6WK82,114.264786,22.719366,151
粤B6WK82,114.264786,22.719366,151
粤B6WK82,114.264786,22.719366,152
粤B6WK82,114.264786,22.719366,152
粤B6WK82,114.264786,22.719366,152
粤B6WK82,114.264786,22.719366,152
粤B6WK82,114.264786,22.719366,153
粤B6WK82,114.264786,22.719366,153
粤B6WK82,114.264786,22.719366,153
粤B6WK82,114.264786,22.719366,153
粤B6WK82,114.264786,22.719366,154
粤B6WK82,114.264786,22.719366,154
粤B6WK82,114.264786,22.719366,154
粤B6WK82,114.264786,22.719366,154
粤B6WK82,114.264786,22.719366,155
粤B6WK82,114.264786,22.719366,155
粤B6WK82,114.264786,22.719366,155
粤B6WK82,114.264786,22.719366,155
粤B6WK82,114.264786,22.719366,156
粤B6WK82,114.264786,22.719366,156
粤B6WK82,114.264786,22.719366,156
粤B6WK82,114.264786,22.719366,156
粤B6WK82,114.264786,22.719366,157
粤B6WK82,114.264786,22.719366,157
粤B6WK82,114.264786,22.719366,157
粤B6WK82,114.264786,22.719366,157
粤B6WK82,114.264786,22.719366,158
粤B6WK82,114.264786,22.719366,158
粤B6WK82,114.264786,22.719366,158
粤B6WK82,114.264786,22.719366,158
粤B6WK82,114.264786,22.719366,159
粤B6WK82,114.264786,22.719366,159
粤B6WK82,114.264786,22.719366,159
粤B6WK82,114.264786,22.719366,159
粤B6WK82,114.264786,22.719366,160
粤B6WK82,114.264786,22.719366,160
粤B6WK82,114.264786,22.719366,160
粤B6WK82,114.264786,22.719366,160
粤B6WK82,114.264786,22.719366,161
粤B6WK82,114.264786,22.719366,161
粤B6WK82,114.264786,22.719366,161
粤B6WK82,114.264786,22.719366,161
粤B6WK82,114.264786,22.719366,162
粤B6WK82,114.264786,22.719366,162
粤B6WK82,114.264786,22.719366,162
粤B6WK82,114.264786,22.719366,162
粤B6WK82,114.264786,22.719366,163
粤B6WK82,114.264786,22.719366,163
粤B6WK82,114.264786,22.719366,163
粤B6WK82,114.264786,22.719366,163
粤B6WK82,114.264786,22.719366,164
粤B6WK82,114.264786,22.719366,164
粤B6WK82,114.264786,22.719366,164
粤B6WK82,114.264786,22.719366,164
粤B6WK82,114.264786,22.719366,165
粤B6WK82,114.264786,22.719366,165
粤B6WK82,114.264786,22.719366,165
粤B6WK82,114.264786,22.719366,165
粤B6WK82,114.264786,22.719366,166
粤B6WK82,114.264786,22.719366,166
粤B6WK82,114.264786,22.719366,166
粤B6WK82,114.264786,22.719366,166
粤B6WK82,114.264786,22.719366,167
粤B6WK82,114.264786,22.719366,167
粤B6WK82,114.264786,22.719366,167
粤B6WK82,114.264786,22.719366,167
粤B6WK82,114.264786,22.719366,168
粤B6WK82,114.264786,22.719366,168
粤B6WK82,114.264786,22.719366,168
粤B6WK82,114.264786,22.719366,168
粤B6WK82,114.264786,22.719366,169
粤B6WK82,114.264786,22.719366,169
粤B6WK82,114.264786,22.719366,169
粤B6WK82,114.264786,22.719366,169
粤B6WK82,114.264786,22.719366,170
粤B6WK82,114.264786,22.719366,170
粤B6WK82,114.264786,22.719366,170
粤B6WK82,114.264786,22.719366,170
粤B6WK82,114.264786,22.719366,171
粤B6WK82,114.264786,22.719366,171
粤B6WK82,114.264786,22.719366,171
粤B6WK82,114.264786,22.719366,171
粤B6WK82,114.264786,22.719366,172
粤B6WK82,114.264786,22.719366,172
粤B6WK82,114.264786,22.719366,172
粤B6WK82,114.264786,22.719366,172
粤B6WK82,114.264786,22.719366,173
粤B6WK82,114.264786,22.719366,173
粤B6WK82,114.264786,22.719366,173
粤B6WK82,114.264786,22.719366,173
粤B6WK82,114.264786,22.719366,174
粤B6WK82,114.264786,22.719366,174
粤B6WK82,114.264786,22.719366,174
粤B6WK82,114.264786,22.719366,174
粤B6WK82,114.264786,22.719366,175
粤B6WK82,114.264786,22.719366,175
粤B6WK82,114.264786,22.719366,175
粤B6WK82,114.264786,22.719366,175
粤B6WK82,114.264786,22.719366,176
粤B6WK82,114.264786,22.719366,176
粤B6WK82,114.264786,22.719366,176
粤B6WK82,114.264786,22.719366,176
粤B6WK82,114.264786,22.719366,177
粤B6WK82,114.264786,22.719366,177
粤B6WK82,114.264786,22.719366,177
粤B6WK82,114.264786,22.719366,177
粤B6WK82,114.264786,22.719366,178
粤B6WK82,114.264786,22.719366,178
粤B6WK82,114.264786,22.719366,178
粤B6WK82,114.264786,22.719366,178
粤B6WK82,114.264786,22.719366,179
粤B6WK82,114.264786,22.719366,179
粤B6WK82,114.264786,22.719366,179
粤B6WK82,114.264786,22.719366,179
粤B6WK82,114.264786,22.719366,180
粤B6WK82,114.264786,22.719366,180
粤B6WK82,114.264786,22.719366,180
粤B6WK82,114.264786,22.719366,180
粤B6WK82,114.264786,22.719366,181
粤B6WK82,114.264786,22.719366,181
粤B6WK82,114.264786,22.719366,181
粤B6WK82,114.264786,22.719366,181
粤B6WK82,114.264786,22.719366,182
粤B6WK82,114.264786,22.719366,182
粤B6WK82,114.264786,22.719366,182
粤B6WK82,114.264786,22.719366,192
粤B6WK82,114.264786,22.719366,192
粤B6WK82,114.264786,22.719366,192
粤B6WK82,114.264786,22.719366,192
粤B6WK82,114.264786,22.719366,193
粤B6WK82,114.264786,22.719366,193
粤B6WK82,114.264786,22.719366,193
粤B6WK82,114.264786,22.719366,193
粤B6WK82,114.264786,22.719366,194
粤B6WK82,114.264786,22.719366,194
粤B6WK82,114.264786,22.719366,194
粤B6WK82,114.264786,22.719366,194
粤B6WK82,114.264786,22.719366,195
粤B6WK82,114.264786,22.719366,195
粤B6WK82,114.264786,22.719366,195
粤B6WK82,114.264786,22.719366,195
粤B6WK82,114.264786,22.719366,196
粤B6WK82,114.264786,22.719366,196
粤B6WK82,114.264786,22.719366,196
粤B6WK82,114.264786,22.719366,196
粤B6WK82,114.264786,22.719366,197
粤B6WK82,114.264786,22.719366,197
粤B6WK82,114.264786,22.719366,197
粤B6WK82,114.264786,22.719366,197
粤B6WK82,114.264786,22.719366,198
粤B6WK82,114.264786,22.719366,198
粤B6WK82,114.264786,22.719366,198
粤B6WK82,114.264786,22.719366,198
粤B6WK82,114.264786,22.719366,199
粤B6WK82,114.264786,22.719366,199
粤B6WK82,114.264786,22.719366,199
粤B6WK82,114.264786,22.719366,199
粤B6WK82,114.264786,22.719366,200
粤B6WK82,114.264786,22.719366,200
粤B6WK82,114.264786,22.719366,200
粤B6WK82,114.264786,22.719366,200
粤B6WK82,114.264786,22.719366,201
粤B6WK82,114.264786,22.719366,201
粤B6WK82,114.264786,22.719366,201
粤B6WK82,114.264786,22.719366,201
粤B6WK82,114.264786,22.719366,202
粤B6WK82,114.264786,22.719366,202
粤B6WK82,114.264786,22.719366,202
粤B6WK82,114.264786,22.719366,202
粤B6WK82,114.264786,22.719366,203
粤B6WK82,114.264786,22.719366,203
粤B6WK82,114.264786,22.719366,203
粤B6WK82,114.264786,22.719366,203
粤B6WK82,114.264786,22.719366,204
粤B6WK82,114.264786,22.719366,204
粤B6WK82,114.264786,22.719366,204
粤B6WK82,114.264786,22.719366,204
粤B6WK82,114.264786,22.719366,205
粤B6WK82,114.264786,22.719366,205
粤B6WK82,114.264786,22.719366,205
粤B6WK82,114.264786,22.719366,205
粤B6WK82,114.264786,22.719366,206
粤B6WK82,114.264786,22.719366,206
粤B6WK82,114.264786,22.719366,206
粤B6WK82,114.264786,22.719366,206
粤B6WK82,114.264786,22.719366,207
粤B6WK82,114.264786,22.719366,207
粤B6WK82,114.264786,22.719366,207
粤B6WK82,114.264786,22.719366,207
粤B6WK82,114.264786,22.719366,208
粤B6WK82,114.264786,22.719366,208
粤B6WK82,114.264786,22.719366,208
粤B6WK82,114.264786,22.719366,208
粤B6WK82,114.264885,22.719366,209
粤B6WK82,114.264885,22.719366,209
粤B6WK82,114.264816,22.719433,209
粤B6WK82,114.264885,22.719366,209
粤B6WK82,114.264816,22.719433,210
粤B6WK82,114.264816,22.719433,210
粤B6WK82,114.264816,22.719433,210
粤B6WK82,114.264816,22.719433,210
粤B6WK82,114.264816,22.719433,211
粤B6WK82,114.264816,22.719433,211
粤B6WK82,114.264816,22.719433,211
粤B6WK82,114.264816,22.719433,211
粤B6WK82,114.264816,22.719433,212
粤B6WK82,114.264816,22.719433,212
粤B6WK82,114.264816,22.719433,212
粤B6WK82,114.264816,22.719433,212
粤B6WK82,114.264816,22.719433,213
粤B6WK82,114.264816,22.719433,213
粤B6WK82,114.264816,22.719433,213
粤B6WK82,114.264816,22.719433,213
粤B6WK82,114.264816,22.719433,214
粤B6WK82,114.264816,22.719433,214
粤B6WK82,114.264816,22.719433,214
粤B6WK82,114.264816,22.719433,214
粤B6WK82,114.264816,22.719433,215
粤B6WK82,114.264816,22.719433,215
粤B6WK82,114.264816,22.719433,215
粤B6WK82,114.264816,22.719433,215
粤B6WK82,114.264816,22.719433,216
粤B6WK82,114.264816,22.719433,216
粤B6WK82,114.264816,22.719433,216
粤B6WK82,114.264816,22.719433,216
粤B6WK82,114.264816,22.719433,217
粤B6WK82,114.264816,22.719433,217
粤B6WK82,114.264816,22.719433,217
粤B6WK82,114.264816,22.719433,217
粤B6WK82,114.264816,22.719433,218
粤B6WK82,114.2649,22.71925,218
粤B6WK82,114.264816,22.719433,218
粤B6WK82,114.264816,22.719433,218
粤B6WK82,114.2649,22.719267,219
粤B6WK82,114.2649,22.719267,219
粤B6WK82,114.2649,22.719267,219
粤B6WK82,114.2649,22.719267,219
粤B6WK82,114.2649,22.719267,220
粤B6WK82,114.2649,22.719267,220
粤B6WK82,114.2649,22.719267,220
粤B6WK82,114.2649,22.719267,220
粤B6WK82,114.2649,22.719267,221
粤B6WK82,114.2649,22.719267,221
粤B6WK82,114.2649,22.719267,221
粤B6WK82,114.2649,22.719267,221
粤B6WK82,114.2649,22.719267,222
粤B6WK82,114.2649,22.719267,222
粤B6WK82,114.264885,22.719383,222
粤B6WK82,114.2649,22.719267,222
粤B6WK82,114.264885,22.719383,223
粤B6WK82,114.264885,22.719383,223
粤B6WK82,114.264885,22.719383,223
粤B6WK82,114.264885,22.719383,223
粤B6WK82,114.264885,22.719383,224
粤B6WK82,114.264885,22.719383,224
粤B6WK82,114.264885,22.719383,224
粤B6WK82,114.264885,22.719383,224
粤B6WK82,114.264885,22.719366,225
粤B6WK82,114.264885,22.719383,225
粤B6WK82,114.264885,22.719366,225
粤B6WK82,114.264885,22.719366,225
粤B6WK82,114.264801,22.7194,226
粤B6WK82,114.264885,22.719366,226
粤B6WK82,114.264885,22.719366,226
粤B6WK82,114.264885,22.719366,226
粤B6WK82,114.264801,22.7194,227
粤B6WK82,114.264801,22.7194,227
粤B6WK82,114.264801,22.7194,227
粤B6WK82,114.264801,22.7194,227
粤B6WK82,114.264801,22.7194,228
粤B6WK82,114.264801,22.7194,228
粤B6WK82,114.264801,22.7194,228
粤B6WK82,114.264801,22.7194,228
粤B6WK82,114.264801,22.7194,229
粤B6WK82,114.264801,22.7194,229
粤B6WK82,114.264801,22.7194,229
粤B6WK82,114.264801,22.7194,229
粤B6WK82,114.264801,22.7194,230
粤B6WK82,114.264801,22.7194,230
粤B6WK82,114.264801,22.7194,230
粤B6WK82,114.264801,22.7194,230
粤B6WK82,114.264801,22.7194,231
粤B6WK82,114.264801,22.7194,231
粤B6WK82,114.264801,22.7194,231
粤B6WK82,114.264801,22.7194,231
粤B6WK82,114.264801,22.7194,232
粤B6WK82,114.264801,22.7194,232
粤B6WK82,114.264801,22.7194,232
粤B6WK82,114.264801,22.7194,232
粤B6WK82,114.264801,22.7194,233
粤B6WK82,114.264801,22.7194,233
粤B6WK82,114.264801,22.7194,233
粤B6WK82,114.264801,22.7194,233
粤B6WK82,114.264885,22.719267,234
粤B6WK82,114.264885,22.719267,234
粤B6WK82,114.264885,22.719267,234
粤B6WK82,114.264801,22.7194,234
粤B6WK82,114.264885,22.719267,235
粤B6WK82,114.264885,22.719267,235
粤B6WK82,114.264885,22.719267,235
粤B6WK82,114.264885,22.719267,235
粤B6WK82,114.264885,22.719334,236
粤B6WK82,114.264885,22.719334,236
粤B6WK82,114.264885,22.719334,236
粤B6WK82,114.264885,22.719334,236
粤B6WK82,114.264885,22.719334,237
粤B6WK82,114.264885,22.719334,237
粤B6WK82,114.264885,22.719334,237
粤B6WK82,114.264885,22.719334,237
粤B6WK82,114.264885,22.719334,238
粤B6WK82,114.264885,22.719334,238
粤B6WK82,114.264885,22.719334,238
粤B6WK82,114.264885,22.719334,238
粤B6WK82,114.26487,22.719316,239
粤B6WK82,114.264984,22.719217,239
粤B6WK82,114.264984,22.719217,239
粤B6WK82,114.264969,22.719217,239
粤B6WK82,114.26487,22.719316,240
粤B6WK82,114.26487,22.719316,240
粤B6WK82,114.26487,22.719316,240
粤B6WK82,114.26487,22.719316,240
粤B6WK82,114.26487,22.719316,241
粤B6WK82,114.26487,22.719316,241
粤B6WK82,114.26487,22.719316,241
粤B6WK82,114.26487,22.719316,241
粤B6WK82,114.26487,22.719316,242
粤B6WK82,114.26487,22.719316,242
粤B6WK82,114.26487,22.719316,242
粤B6WK82,114.26487,22.719316,242
粤B6WK82,114.26487,22.719316,243
粤B6WK82,114.26487,22.719316,243
粤B6WK82,114.26487,22.719316,243
粤B6WK82,114.26487,22.719316,243
粤B6WK82,114.26487,22.719316,244
粤B6WK82,114.26487,22.719316,244
粤B6WK82,114.264969,22.719183,244
粤B6WK82,114.264969,22.719183,244
粤B6WK82,114.264969,22.719334,245
粤B6WK82,114.264969,22.719183,245
粤B6WK82,114.264969,22.719183,245
粤B6WK82,114.264969,22.719334,246
粤B6WK82,114.264969,22.719334,246
粤B6WK82,114.264969,22.719334,246
粤B6WK82,114.264969,22.719334,246
粤B6WK82,114.264969,22.719334,247
粤B6WK82,114.264969,22.719334,247
粤B6WK82,114.264969,22.719334,247
粤B6WK82,114.264969,22.719334,248
粤B6WK82,114.264969,22.719334,248
粤B6WK82,114.264969,22.719334,248
粤B6WK82,114.264969,22.719334,248
粤B6WK82,114.264969,22.719334,249
粤B6WK82,114.264969,22.719334,249
粤B6WK82,114.264969,22.719334,249
粤B6WK82,114.264969,22.719334,249
粤B6WK82,114.264969,22.719334,250
粤B6WK82,114.264969,22.719334,250
粤B6WK82,114.264969,22.719334,250
粤B6WK82,114.264969,22.719334,250
粤B6WK82,114.264969,22.719334,251
粤B6WK82,114.264969,22.719334,251
粤B6WK82,114.264969,22.719334,251
粤B6WK82,114.264969,22.719334,251
粤B6WK82,114.264969,22.719334,252
粤B6WK82,114.264969,22.719334,252
粤B6WK82,114.264969,22.719334,252
粤B6WK82,114.264969,22.719334,252
粤B6WK82,114.264969,22.719334,253
粤B6WK82,114.264969,22.719334,253
粤B6WK82,114.264969,22.719334,253
粤B6WK82,114.264969,22.719334,253
粤B6WK82,114.264969,22.719334,254
粤B6WK82,114.264969,22.719334,254
粤B6WK82,114.264969,22.719334,254
粤B6WK82,114.264969,22.719334,254
粤B6WK82,114.264969,22.719334,255
粤B6WK82,114.264969,22.719334,255
粤B6WK82,114.264969,22.719334,255
粤B6WK82,114.264969,22.719334,255
粤B6WK82,114.264969,22.719334,256
粤B6WK82,114.264969,22.719334,256
粤B6WK82,114.264969,22.719334,256
粤B6WK82,114.264969,22.719334,256
粤B6WK82,114.264969,22.719334,257
粤B6WK82,114.264969,22.719334,257
粤B6WK82,114.264969,22.719334,257
粤B6WK82,114.264969,22.719334,257
粤B6WK82,114.264969,22.719334,258
粤B6WK82,114.264969,22.719334,258
粤B6WK82,114.264969,22.719334,258
粤B6WK82,114.264969,22.719334,258
粤B6WK82,114.264969,22.719334,259
粤B6WK82,114.264969,22.719334,259
粤B6WK82,114.264969,22.719334,259
粤B6WK82,114.264969,22.719334,259
粤B6WK82,114.264969,22.719334,260
粤B6WK82,114.264969,22.719334,260
粤B6WK82,114.264969,22.719334,260
粤B6WK82,114.264969,22.719334,260
粤B6WK82,114.264969,22.719334,261
粤B6WK82,114.264969,22.719334,261
粤B6WK82,114.264969,22.719334,261
粤B6WK82,114.264969,22.719334,261
粤B6WK82,114.264969,22.719334,262
粤B6WK82,114.264969,22.719334,262
粤B6WK82,114.264969,22.719334,262
粤B6WK82,114.264969,22.719334,262
粤B6WK82,114.264969,22.719334,263
粤B6WK82,114.264969,22.719334,263
粤B6WK82,114.264969,22.719334,263
粤B6WK82,114.264969,22.719334,263
粤B6WK82,114.264969,22.719334,264
粤B6WK82,114.264969,22.719334,264
粤B6WK82,114.264969,22.719334,264
粤B6WK82,114.264969,22.719334,264
粤B6WK82,114.264969,22.719334,265
粤B6WK82,114.264969,22.719334,265
粤B6WK82,114.264969,22.719334,265
粤B6WK82,114.264969,22.719334,265
粤B6WK82,114.264969,22.719334,266
粤B6WK82,114.264969,22.719334,266
粤B6WK82,114.264969,22.719334,266
粤B6WK82,114.264969,22.719334,266
粤B6WK82,114.264969,22.719334,267
粤B6WK82,114.264969,22.719334,267
粤B6WK82,114.264969,22.719334,267
粤B6WK82,114.264969,22.719334,267
粤B6WK82,114.264969,22.719334,268
粤B6WK82,114.264969,22.719334,268
粤B6WK82,114.264969,22.719334,268
粤B6WK82,114.264969,22.719334,268
粤B6WK82,114.264969,22.719334,269
粤B6WK82,114.264969,22.719334,269
粤B6WK82,114.264969,22.719334,269
粤B6WK82,114.264969,22.719334,269
粤B6WK82,114.264969,22.719334,270
粤B6WK82,114.264969,22.719334,270
粤B6WK82,114.264969,22.719334,270
粤B6WK82,114.264969,22.719334,270
粤B6WK82,114.264969,22.719334,271
粤B6WK82,114.264969,22.719334,271
粤B6WK82,114.264969,22.719334,271
粤B6WK82,114.264969,22.719334,271
粤B6WK82,114.264969,22.719334,272
粤B6WK82,114.264969,22.719334,272
粤B6WK82,114.264969,22.719334,272
粤B6WK82,114.264969,22.719334,272
粤B6WK82,114.264969,22.719334,273
粤B6WK82,114.264969,22.719334,273
粤B6WK82,114.264969,22.719334,273
粤B6WK82,114.264969,22.719334,273
粤B6WK82,114.264969,22.719334,274
粤B6WK82,114.264969,22.719334,274
粤B6WK82,114.264969,22.719334,274
粤B6WK82,114.264969,22.719334,274
粤B6WK82,114.264969,22.719334,275
粤B6WK82,114.264969,22.719334,275
粤B6WK82,114.264969,22.719334,275
粤B6WK82,114.264969,22.719334,275
粤B6WK82,114.264969,22.719334,276
粤B6WK82,114.264969,22.719334,276
粤B6WK82,114.264969,22.719334,276
粤B6WK82,114.264969,22.719334,276
粤B6WK82,114.264969,22.719334,277
粤B6WK82,114.264969,22.719334,277
粤B6WK82,114.264969,22.719334,277
粤B6WK82,114.264969,22.719334,277
粤B6WK82,114.264969,22.719334,278
粤B6WK82,114.264969,22.719334,278
粤B6WK82,114.264969,22.719334,278
粤B6WK82,114.264969,22.719334,278
粤B6WK82,114.264969,22.719334,279
粤B6WK82,114.264969,22.719334,279
粤B6WK82,114.264969,22.719334,279
粤B6WK82,114.264969,22.719334,279
粤B6WK82,114.264816,22.7195,280
粤B6WK82,114.264816,22.7195,280
粤B6WK82,114.264816,22.7195,280
粤B6WK82,114.264816,22.7195,280
粤B6WK82,114.264832,22.719351,281
粤B6WK82,114.264832,22.719351,281
粤B6WK82,114.264816,22.7195,281
粤B6WK82,114.264832,22.719351,281
粤B6WK82,114.264832,22.719351,282
粤B6WK82,114.264832,22.719351,282
粤B6WK82,114.264832,22.719351,282
粤B6WK82,114.264832,22.719351,282
粤B6WK82,114.264832,22.719351,283
粤B6WK82,114.264832,22.719351,283
粤B6WK82,114.264832,22.719351,283
粤B6WK82,114.264832,22.719351,283
粤B6WK82,114.264832,22.719351,284
粤B6WK82,114.264832,22.719351,284
粤B6WK82,114.264832,22.719351,284
粤B6WK82,114.264832,22.719351,284
粤B6WK82,114.264832,22.719351,285
粤B6WK82,114.264832,22.719351,285
粤B6WK82,114.264832,22.719351,285
粤B6WK82,114.264832,22.719351,285
粤B6WK82,114.264832,22.719351,286
粤B6WK82,114.264832,22.719351,286
粤B6WK82,114.264832,22.719351,286
粤B6WK82,114.264832,22.719351,286
粤B6WK82,114.264832,22.719351,287
粤B6WK82,114.264832,22.719351,287
粤B6WK82,114.264832,22.719351,287
粤B6WK82,114.264832,22.719351,287
粤B6WK82,114.264832,22.719351,288
粤B6WK82,114.264832,22.719351,288
粤B6WK82,114.264832,22.719351,288
粤B6WK82,114.264832,22.719351,288
粤B6WK82,114.264832,22.719351,289
粤B6WK82,114.264832,22.719351,289
粤B6WK82,114.264832,22.719351,289
粤B6WK82,114.264832,22.719351,289
粤B6WK82,114.264832,22.719351,290
粤B6WK82,114.264832,22.719351,290
粤B6WK82,114.264832,22.719351,290
粤B6WK82,114.264832,22.719351,290
粤B6WK82,114.264832,22.719351,291
粤B6WK82,114.264832,22.719351,291
粤B6WK82,114.264832,22.719351,291
粤B6WK82,114.264832,22.719351,291
粤B6WK82,114.264832,22.719351,292
粤B6WK82,114.264832,22.719351,292
粤B6WK82,114.264832,22.719351,292
粤B6WK82,114.264832,22.719351,292
粤B6WK82,114.264832,22.719351,293
粤B6WK82,114.264832,22.719351,293
粤B6WK82,114.264832,22.719351,293
粤B6WK82,114.264832,22.719351,293
粤B6WK82,114.264832,22.719351,294
粤B6WK82,114.264832,22.719351,294
粤B6WK82,114.264832,22.719351,294
粤B6WK82,114.264832,22.719351,294
粤B6WK82,114.264832,22.719351,295
粤B6WK82,114.264832,22.719351,295
粤B6WK82,114.264832,22.719351,295
粤B6WK82,114.264832,22.719351,295
粤B6WK82,114.264832,22.719351,296
粤B6WK82,114.264832,22.719351,296
粤B6WK82,114.264832,22.719351,296
粤B6WK82,114.264832,22.719351,296
粤B6WK82,114.264832,22.719351,297
粤B6WK82,114.264832,22.719351,297
粤B6WK82,114.264832,22.719351,297
粤B6WK82,114.264832,22.719351,297
粤B6WK82,114.264832,22.719351,298
粤B6WK82,114.264832,22.719351,298
粤B6WK82,114.264832,22.719351,298
粤B6WK82,114.264832,22.719351,298
粤B6WK82,114.264832,22.719351,299
粤B6WK82,114.264832,22.719351,299
粤B6WK82,114.264832,22.719351,299
粤B6WK82,114.264832,22.719351,299
粤B6WK82,114.264832,22.719351,300
粤B6WK82,114.264832,22.719351,300
粤B6WK82,114.264832,22.719351,300
粤B6WK82,114.264832,22.719351,300
粤B6WK82,114.264832,22.719351,301
粤B6WK82,114.264832,22.719351,301
粤B6WK82,114.264832,22.719351,301
粤B6WK82,114.264832,22.719351,301
粤B6WK82,114.264832,22.719351,302
粤B6WK82,114.264832,22.719351,302
粤B6WK82,114.264832,22.719351,302
粤B6WK82,114.264832,22.719351,302
粤B6WK82,114.264832,22.719351,303
粤B6WK82,114.264832,22.719351,303
粤B6WK82,114.264832,22.719351,303
粤B6WK82,114.264832,22.719351,303
粤B6WK82,114.264832,22.719351,304
粤B6WK82,114.264832,22.719351,304
粤B6WK82,114.264832,22.719351,304
粤B6WK82,114.264832,22.719351,305
粤B6WK82,114.264832,22.719351,305
粤B6WK82,114.264832,22.719351,305
粤B6WK82,114.264832,22.719351,306
粤B6WK82,114.264832,22.719351,306
粤B6WK82,114.264832,22.719351,306
粤B6WK82,114.264832,22.719351,307
粤B6WK82,114.264832,22.719351,307
粤B6WK82,114.264832,22.719351,307
粤B6WK82,114.264832,22.719351,307
粤B6WK82,114.264832,22.719351,308
粤B6WK82,114.264832,22.719351,308
粤B6WK82,114.264832,22.719351,308
粤B6WK82,114.264832,22.719351,308
粤B6WK82,114.264832,22.719351,309
粤B6WK82,114.264832,22.719351,309
粤B6WK82,114.264832,22.719351,309
粤B6WK82,114.264832,22.719351,309
粤B6WK82,114.264832,22.719351,310
粤B6WK82,114.264832,22.719351,310
粤B6WK82,114.264832,22.719351,310
粤B6WK82,114.264832,22.719351,310
粤B6WK82,114.264832,22.719351,311
粤B6WK82,114.264832,22.719351,311
粤B6WK82,114.264832,22.719351,311
粤B6WK82,114.264832,22.719351,311
粤B6WK82,114.264832,22.719351,312
粤B6WK82,114.264832,22.719351,312
粤B6WK82,114.264832,22.719351,312
粤B6WK82,114.264832,22.719351,312
粤B6WK82,114.264832,22.719351,313
粤B6WK82,114.264832,22.719351,313
粤B6WK82,114.264832,22.719351,313
粤B6WK82,114.264832,22.719351,313
粤B6WK82,114.264832,22.719351,314
粤B6WK82,114.264832,22.719351,314
粤B6WK82,114.264832,22.719351,314
粤B6WK82,114.264832,22.719351,314
粤B6WK82,114.264832,22.719351,315
粤B6WK82,114.264832,22.719351,315
粤B6WK82,114.264832,22.719351,315
粤B6WK82,114.264832,22.719351,315
粤B6WK82,114.264832,22.719351,316
粤B6WK82,114.264832,22.719351,316
粤B6WK82,114.264832,22.719351,316
粤B6WK82,114.264832,22.719351,316
粤B6WK82,114.264832,22.719351,317
粤B6WK82,114.264832,22.719351,317
粤B6WK82,114.264832,22.719351,317
粤B6WK82,114.264832,22.719351,317
粤B6WK82,114.264832,22.719351,318
粤B6WK82,114.264832,22.719351,318
粤B6WK82,114.264832,22.719351,318
粤B6WK82,114.264832,22.719351,318
粤B6WK82,114.264832,22.719351,319
粤B6WK82,114.264832,22.719351,319
粤B6WK82,114.264832,22.719351,319
粤B6WK82,114.264832,22.719351,319
粤B6WK82,114.264832,22.719351,320
粤B6WK82,114.264832,22.719351,320
粤B6WK82,114.264832,22.719351,320
粤B6WK82,114.264832,22.719351,320
粤B6WK82,114.264832,22.719351,321
粤B6WK82,114.264832,22.719351,321
粤B6WK82,114.264832,22.719351,321
粤B6WK82,114.264832,22.719351,321
粤B6WK82,114.264832,22.719351,322
粤B6WK82,114.264832,22.719351,322
粤B6WK82,114.264832,22.719351,322
粤B6WK82,114.264832,22.719351,322
粤B6WK82,114.264832,22.719351,323
粤B6WK82,114.264832,22.719351,323
粤B6WK82,114.264832,22.719351,323
粤B6WK82,114.264832,22.719351,323
粤B6WK82,114.264832,22.719351,324
粤B6WK82,114.264832,22.719351,324
粤B6WK82,114.264832,22.719351,324
粤B6WK82,114.264832,22.719351,324
粤B6WK82,114.264832,22.719351,325
粤B6WK82,114.264832,22.719351,325
粤B6WK82,114.264832,22.719351,325
粤B6WK82,114.264832,22.719351,325
粤B6WK82,114.264832,22.719351,326
粤B6WK82,114.264832,22.719351,326
粤B6WK82,114.264832,22.719351,326
粤B6WK82,114.264832,22.719351,326
粤B6WK82,114.264832,22.719351,327
粤B6WK82,114.264832,22.719351,327
粤B6WK82,114.264832,22.719351,327
粤B6WK82,114.264832,22.719351,327
粤B6WK82,114.264832,22.719351,328
粤B6WK82,114.264832,22.719351,328
粤B6WK82,114.264832,22.719351,328
粤B6WK82,114.264832,22.719351,328
粤B6WK82,114.264832,22.719351,329
粤B6WK82,114.264832,22.719351,329
粤B6WK82,114.264832,22.719351,329
粤B6WK82,114.264832,22.719351,329
粤B6WK82,114.264832,22.719351,330
粤B6WK82,114.264832,22.719351,330
粤B6WK82,114.264832,22.719351,330
粤B6WK82,114.264832,22.719351,330
粤B6WK82,114.264832,22.719351,331
粤B6WK82,114.264832,22.719351,331
粤B6WK82,114.264832,22.719351,331
粤B6WK82,114.264832,22.719351,331
粤B6WK82,114.264832,22.719351,332
粤B6WK82,114.264832,22.719351,332
粤B6WK82,114.264832,22.719351,332
粤B6WK82,114.264832,22.719351,332
粤B6WK82,114.264832,22.719351,333
粤B6WK82,114.264832,22.719351,333
粤B6WK82,114.264832,22.719351,333
粤B6WK82,114.264832,22.719351,333
粤B6WK82,114.264832,22.719351,334
粤B6WK82,114.264832,22.719351,334
粤B6WK82,114.264832,22.719351,334
粤B6WK82,114.264832,22.719351,334
粤B6WK82,114.264534,22.719299,335
粤B6WK82,114.264832,22.719351,335
粤B6WK82,114.264534,22.719299,335
粤B6WK82,114.264534,22.719299,335
粤B6WK82,114.264534,22.719299,336
粤B6WK82,114.264534,22.719299,336
粤B6WK82,114.264534,22.719299,336
粤B6WK82,114.264534,22.719299,336
粤B6WK82,114.264534,22.719299,337
粤B6WK82,114.264534,22.719299,337
粤B6WK82,114.264534,22.719299,337
粤B6WK82,114.264534,22.719299,337
粤B6WK82,114.264534,22.719299,338
粤B6WK82,114.264534,22.719299,338
粤B6WK82,114.264534,22.719299,338
粤B6WK82,114.264534,22.719299,338
粤B6WK82,114.264534,22.719299,339
粤B6WK82,114.264534,22.719299,339
粤B6WK82,114.264534,22.719299,339
粤B6WK82,114.264534,22.719299,339
粤B6WK82,114.264534,22.719299,340
粤B6WK82,114.264534,22.719299,340
粤B6WK82,114.264534,22.719299,340
粤B6WK82,114.264534,22.719299,340
粤B6WK82,114.264534,22.719299,341
粤B6WK82,114.264534,22.719299,341
粤B6WK82,114.264534,22.719299,341
粤B6WK82,114.264534,22.719299,341
粤B6WK82,114.264534,22.719299,342
粤B6WK82,114.264534,22.719299,342
粤B6WK82,114.264534,22.719299,342
粤B6WK82,114.264534,22.719299,342
粤B6WK82,114.264534,22.719299,343
粤B6WK82,114.264534,22.719299,343
粤B6WK82,114.264534,22.719299,343
粤B6WK82,114.264534,22.719299,343
粤B6WK82,114.264534,22.719299,344
粤B6WK82,114.264534,22.719299,344
粤B6WK82,114.264534,22.719299,344
粤B6WK82,114.264534,22.719299,344
粤B6WK82,114.264534,22.719299,345
粤B6WK82,114.264534,22.719299,345
粤B6WK82,114.264534,22.719299,345
粤B6WK82,114.264534,22.719299,345
粤B6WK82,114.264534,22.719299,346
粤B6WK82,114.264534,22.719299,346
粤B6WK82,114.264534,22.719299,346
粤B6WK82,114.264534,22.719299,346
粤B6WK82,114.264534,22.719299,347
粤B6WK82,114.264534,22.719299,347
粤B6WK82,114.264664,22.719418,347
粤B6WK82,114.264664,22.719418,347
粤B6WK82,114.264664,22.719418,348
粤B6WK82,114.264664,22.719418,348
粤B6WK82,114.264664,22.719418,348
粤B6WK82,114.264664,22.719418,348
粤B6WK82,114.264664,22.719418,349
粤B6WK82,114.264664,22.719418,349
粤B6WK82,114.264664,22.719418,349
粤B6WK82,114.264664,22.719418,349
粤B6WK82,114.264664,22.719418,350
粤B6WK82,114.264664,22.719418,350
粤B6WK82,114.264664,22.719418,350
粤B6WK82,114.264664,22.719418,350
粤B6WK82,114.264664,22.719418,351
粤B6WK82,114.264664,22.719418,351
粤B6WK82,114.264664,22.719418,351
粤B6WK82,114.264664,22.719418,351
粤B6WK82,114.264664,22.719418,352
粤B6WK82,114.264664,22.719418,352
粤B6WK82,114.264664,22.719418,352
粤B6WK82,114.264664,22.719418,352
粤B6WK82,114.264664,22.719418,353
粤B6WK82,114.264664,22.719418,353
粤B6WK82,114.264664,22.719418,353
粤B6WK82,114.264664,22.719418,353
粤B6WK82,114.264664,22.719418,354
粤B6WK82,114.264664,22.719418,354
粤B6WK82,114.264664,22.719418,354
粤B6WK82,114.264664,22.719418,354
粤B6WK82,114.264664,22.719418,355
粤B6WK82,114.264664,22.719418,355
粤B6WK82,114.264664,22.719418,355
粤B6WK82,114.264664,22.719418,355
粤B6WK82,114.264664,22.719418,356
粤B6WK82,114.264664,22.719418,356
粤B6WK82,114.264664,22.719418,356
粤B6WK82,114.264664,22.719418,356
粤B6WK82,114.264664,22.719418,357
粤B6WK82,114.264664,22.719418,357
粤B6WK82,114.264664,22.719418,357
粤B6WK82,114.264664,22.719418,357
粤B6WK82,114.264664,22.719418,358
粤B6WK82,114.264664,22.719418,358
粤B6WK82,114.264664,22.719418,358
粤B6WK82,114.264664,22.719418,358
粤B6WK82,114.264664,22.719418,359
粤B6WK82,114.264664,22.719418,359
粤B6WK82,114.264664,22.719418,359
粤B6WK82,114.264664,22.719418,359
粤B6WK82,114.264664,22.719418,360
粤B6WK82,114.264664,22.719418,360
粤B6WK82,114.264664,22.719418,360
粤B6WK82,114.264664,22.719418,360
粤B6WK82,114.264664,22.719418,361
粤B6WK82,114.264664,22.719418,361
粤B6WK82,114.264664,22.719418,361
粤B6WK82,114.264664,22.719418,361
粤B6WK82,114.264664,22.719418,362
粤B6WK82,114.264664,22.719418,362
粤B6WK82,114.264664,22.719418,362
粤B6WK82,114.264664,22.719418,362
粤B6WK82,114.264664,22.719418,363
粤B6WK82,114.264664,22.719418,363
粤B6WK82,114.264664,22.719418,363
粤B6WK82,114.264664,22.719418,363
粤B6WK82,114.264664,22.719418,364
粤B6WK82,114.264664,22.719418,364
粤B6WK82,114.264847,22.719366,365
粤B6WK82,114.264687,22.7194,365
粤B6WK82,114.264687,22.7194,365
粤B6WK82,114.264687,22.7194,366
粤B6WK82,114.264687,22.7194,366
粤B6WK82,114.264687,22.7194,366
粤B6WK82,114.264687,22.7194,367
粤B6WK82,114.264687,22.7194,367
粤B6WK82,114.264687,22.7194,367
粤B6WK82,114.264687,22.7194,368
粤B6WK82,114.264687,22.7194,368
粤B6WK82,114.264687,22.7194,368
粤B6WK82,114.264687,22.7194,368
粤B6WK82,114.264687,22.7194,369
粤B6WK82,114.264687,22.7194,369
粤B6WK82,114.264748,22.719534,369
粤B6WK82,114.264687,22.7194,369
粤B6WK82,114.264748,22.719549,370
粤B6WK82,114.264748,22.719549,370
粤B6WK82,114.264748,22.719549,370
粤B6WK82,114.264748,22.719549,370
粤B6WK82,114.264748,22.719549,371
粤B6WK82,114.264748,22.719549,371
粤B6WK82,114.264748,22.719549,371
粤B6WK82,114.264748,22.719549,371
粤B6WK82,114.264748,22.719549,372
粤B6WK82,114.264748,22.719549,372
粤B6WK82,114.264748,22.719549,372
粤B6WK82,114.264748,22.719549,372
粤B6WK82,114.264748,22.719549,373
粤B6WK82,114.264748,22.719549,373
粤B6WK82,114.264748,22.719549,373
粤B6WK82,114.264748,22.719549,373
粤B6WK82,114.264748,22.719549,374
粤B6WK82,114.264748,22.719549,374
粤B6WK82,114.264748,22.719549,374
粤B6WK82,114.264748,22.719549,374
粤B6WK82,114.264748,22.719549,375
粤B6WK82,114.264748,22.719549,375
粤B6WK82,114.264748,22.719549,375
粤B6WK82,114.264748,22.719549,375
粤B6WK82,114.264748,22.719549,376
粤B6WK82,114.264748,22.719549,376
粤B6WK82,114.264748,22.719549,376
粤B6WK82,114.264748,22.719549,376
粤B6WK82,114.264748,22.719549,377
粤B6WK82,114.264748,22.719549,377
粤B6WK82,114.264748,22.719549,377
粤B6WK82,114.264748,22.719549,377
粤B6WK82,114.264786,22.719418,378
粤B6WK82,114.264786,22.719418,378
粤B6WK82,114.264786,22.719418,378
粤B6WK82,114.264786,22.719418,378
粤B6WK82,114.264786,22.719418,379
粤B6WK82,114.264786,22.719418,379
粤B6WK82,114.264786,22.719418,379
粤B6WK82,114.264786,22.719418,379
粤B6WK82,114.264786,22.719418,380
粤B6WK82,114.264786,22.719418,380
粤B6WK82,114.264786,22.719418,380
粤B6WK82,114.264786,22.719418,380
粤B6WK82,114.264786,22.719418,381
粤B6WK82,114.264687,22.719566,381
粤B6WK82,114.264786,22.719418,381
粤B6WK82,114.264687,22.719566,381
粤B6WK82,114.264687,22.719566,382
粤B6WK82,114.264687,22.719566,382
粤B6WK82,114.264687,22.719566,382
粤B6WK82,114.264687,22.719566,382
粤B6WK82,114.264687,22.719566,383
粤B6WK82,114.264687,22.719566,383
粤B6WK82,114.264687,22.719566,383
粤B6WK82,114.264687,22.719566,383
粤B6WK82,114.264687,22.719566,384
粤B6WK82,114.264687,22.719566,384
粤B6WK82,114.264687,22.719566,384
粤B6WK82,114.264687,22.719566,384
粤B6WK82,114.2649,22.71945,385
粤B6WK82,114.264687,22.719566,385
粤B6WK82,114.264687,22.719566,385
粤B6WK82,114.264687,22.719566,385
粤B6WK82,114.2649,22.71945,386
粤B6WK82,114.2649,22.71945,386
粤B6WK82,114.2649,22.71945,386
粤B6WK82,114.2649,22.71945,386
粤B6WK82,114.2649,22.71945,387
粤B6WK82,114.2649,22.71945,387
粤B6WK82,114.2649,22.71945,387
粤B6WK82,114.2649,22.71945,387
粤B6WK82,114.2649,22.71945,388
粤B6WK82,114.2649,22.71945,388
粤B6WK82,114.2649,22.71945,388
粤B6WK82,114.2649,22.71945,388
粤B6WK82,114.2649,22.71945,389
粤B6WK82,114.2649,22.71945,389
粤B6WK82,114.2649,22.71945,389
粤B6WK82,114.2649,22.71945,389
粤B6WK82,114.2649,22.71945,390
粤B6WK82,114.2649,22.71945,390
粤B6WK82,114.2649,22.71945,390
粤B6WK82,114.2649,22.71945,390
粤B6WK82,114.2649,22.71945,391
粤B6WK82,114.2649,22.71945,391
粤B6WK82,114.2649,22.71945,391
粤B6WK82,114.2649,22.71945,391
粤B6WK82,114.2649,22.71945,392
粤B6WK82,114.2649,22.71945,392
粤B6WK82,114.2649,22.71945,392
粤B6WK82,114.2649,22.71945,392
粤B6WK82,114.2649,22.71945,393
粤B6WK82,114.2649,22.71945,393
粤B6WK82,114.2649,22.71945,393
粤B6WK82,114.2649,22.71945,393
粤B6WK82,114.2649,22.71945,394
粤B6WK82,114.2649,22.71945,394
粤B6WK82,114.2649,22.71945,394
粤B6WK82,114.2649,22.71945,396
粤B6WK82,114.2649,22.71945,396
粤B6WK82,114.2649,22.71945,396
粤B6WK82,114.2649,22.71945,396
粤B6WK82,114.2649,22.71945,396
粤B6WK82,114.264931,22.719618,397
粤B6WK82,114.264931,22.719618,397
粤B6WK82,114.264931,22.719618,397
粤B6WK82,114.264931,22.719618,397
粤B6WK82,114.264931,22.719618,398
粤B6WK82,114.264931,22.719618,398
粤B6WK82,114.264931,22.719618,398
粤B6WK82,114.264931,22.719618,398
粤B6WK82,114.264931,22.719618,399
粤B6WK82,114.264931,22.719618,399
粤B6WK82,114.264931,22.719618,399
粤B6WK82,114.264931,22.719618,399
粤B6WK82,114.264931,22.719618,400
粤B6WK82,114.264931,22.719618,400
粤B6WK82,114.264931,22.719618,400
粤B6WK82,114.264931,22.719618,400
粤B6WK82,114.264931,22.719618,401
粤B6WK82,114.264931,22.719618,401
粤B6WK82,114.264931,22.719618,401
粤B6WK82,114.264931,22.719618,401
粤B6WK82,114.264931,22.719618,402
粤B6WK82,114.264931,22.719618,402
粤B6WK82,114.264931,22.719618,402
粤B6WK82,114.264931,22.719618,402
粤B6WK82,114.264931,22.719618,403
粤B6WK82,114.264931,22.719618,403
粤B6WK82,114.264931,22.719618,403
粤B6WK82,114.264931,22.719618,403
粤B6WK82,114.264931,22.719618,404
粤B6WK82,114.264931,22.719618,404
粤B6WK82,114.264931,22.719618,404
粤B6WK82,114.264931,22.719618,404
粤B6WK82,114.264931,22.719618,405
粤B6WK82,114.264931,22.719618,405
粤B6WK82,114.264931,22.719618,405
粤B6WK82,114.264931,22.719618,405
粤B6WK82,114.264931,22.719618,406
粤B6WK82,114.264931,22.719618,406
粤B6WK82,114.264931,22.719618,406
粤B6WK82,114.264931,22.719618,406
粤B6WK82,114.264931,22.719618,407
粤B6WK82,114.264931,22.719618,407
粤B6WK82,114.264931,22.719618,407
粤B6WK82,114.264931,22.719618,407
粤B6WK82,114.264931,22.719618,408
粤B6WK82,114.264931,22.719618,408
粤B6WK82,114.264931,22.719618,408
粤B6WK82,114.264931,22.719618,408
粤B6WK82,114.264931,22.719618,409
粤B6WK82,114.264931,22.719618,409
粤B6WK82,114.264931,22.719618,409
粤B6WK82,114.264931,22.719618,409
粤B6WK82,114.264931,22.719618,410
粤B6WK82,114.264931,22.719618,410
粤B6WK82,114.264931,22.719618,410
粤B6WK82,114.264931,22.719618,410
粤B6WK82,114.264931,22.719618,411
粤B6WK82,114.264931,22.719618,411
粤B6WK82,114.264931,22.719618,413
粤B6WK82,114.264931,22.719618,413
粤B6WK82,114.264931,22.719618,413
粤B6WK82,114.264931,22.719618,414
粤B6WK82,114.264931,22.719618,415
粤B6WK82,114.264931,22.719618,415
粤B6WK82,114.264931,22.719618,415
粤B6WK82,114.264931,22.719618,415
粤B6WK82,114.264931,22.719618,416
粤B6WK82,114.264931,22.719618,416
粤B6WK82,114.264931,22.719618,416
粤B6WK82,114.264931,22.719618,416
粤B6WK82,114.264748,22.719467,417
粤B6WK82,114.264732,22.719566,417
粤B6WK82,114.264748,22.719467,417
粤B6WK82,114.264748,22.719467,417
粤B6WK82,114.264748,22.719467,418
粤B6WK82,114.264748,22.719467,418
粤B6WK82,114.264748,22.719467,418
粤B6WK82,114.264748,22.719467,418
粤B6WK82,114.264748,22.719467,419
粤B6WK82,114.264748,22.719467,419
粤B6WK82,114.264748,22.719467,419
粤B6WK82,114.264748,22.719467,419
粤B6WK82,114.264748,22.719467,420
粤B6WK82,114.264748,22.719467,420
粤B6WK82,114.264748,22.719467,420
粤B6WK82,114.264748,22.719467,420
粤B6WK82,114.264748,22.719467,421
粤B6WK82,114.264748,22.719467,421
粤B6WK82,114.264748,22.719467,421
粤B6WK82,114.264748,22.719467,421
粤B6WK82,114.264915,22.719351,422
粤B6WK82,114.264915,22.719351,422
粤B6WK82,114.264915,22.719351,422
粤B6WK82,114.264915,22.719351,422
粤B6WK82,114.264915,22.719351,423
粤B6WK82,114.264915,22.719351,423
粤B6WK82,114.264915,22.719351,423
粤B6WK82,114.264915,22.719351,423
粤B6WK82,114.264915,22.719351,424
粤B6WK82,114.264915,22.719351,424
粤B6WK82,114.264915,22.719351,424
粤B6WK82,114.264915,22.719351,424
粤B6WK82,114.264915,22.719351,425
粤B6WK82,114.264915,22.719351,425
粤B6WK82,114.265053,22.719133,425
粤B6WK82,114.265053,22.719133,425
粤B6WK82,114.265053,22.719133,426
粤B6WK82,114.265053,22.719133,426
粤B6WK82,114.265053,22.719133,426
粤B6WK82,114.265053,22.719133,426
粤B6WK82,114.264885,22.7194,427
粤B6WK82,114.264885,22.7194,427
粤B6WK82,114.264885,22.7194,427
粤B6WK82,114.2649,22.719383,427
粤B6WK82,114.264885,22.7194,428
粤B6WK82,114.264885,22.7194,428
粤B6WK82,114.264885,22.7194,428
粤B6WK82,114.264885,22.7194,428
粤B6WK82,114.264885,22.7194,429
粤B6WK82,114.264771,22.719517,429
粤B6WK82,114.264885,22.7194,429
粤B6WK82,114.264771,22.719517,429
粤B6WK82,114.264771,22.719517,430
粤B6WK82,114.264771,22.719517,430
粤B6WK82,114.264771,22.719517,430
粤B6WK82,114.264771,22.719517,430
粤B6WK82,114.264771,22.719517,431
粤B6WK82,114.264771,22.719517,431
粤B6WK82,114.264771,22.719517,431
粤B6WK82,114.264771,22.719517,431
粤B6WK82,114.264771,22.719517,432
粤B6WK82,114.264771,22.719517,432
粤B6WK82,114.264771,22.719517,432
粤B6WK82,114.264771,22.719517,432
粤B6WK82,114.264771,22.719517,433
粤B6WK82,114.264771,22.719517,433
粤B6WK82,114.264771,22.719517,433
粤B6WK82,114.264771,22.719517,433
粤B6WK82,114.264771,22.719517,434
粤B6WK82,114.264771,22.719517,434
粤B6WK82,114.26487,22.71925,434
粤B6WK82,114.264771,22.719517,434
粤B6WK82,114.26487,22.71925,435
粤B6WK82,114.26487,22.71925,435
粤B6WK82,114.26487,22.71925,435
粤B6WK82,114.264618,22.719151,436
粤B6WK82,114.265434,22.71945,436
粤B6WK82,114.264847,22.719049,436
粤B6WK82,114.264786,22.719032,436
粤B6WK82,114.266235,22.718918,437
粤B6WK82,114.2649,22.719032,437
粤B6WK82,114.265564,22.718918,437
粤B6WK82,114.266479,22.718817,437
粤B6WK82,114.266502,22.7188,438
粤B6WK82,114.266502,22.7188,438
粤B6WK82,114.266502,22.7188,438
粤B6WK82,114.266502,22.7188,438
粤B6WK82,114.266502,22.7188,439
粤B6WK82,114.266502,22.7188,439
粤B6WK82,114.266502,22.7188,439
粤B6WK82,114.266502,22.7188,439
粤B6WK82,114.266502,22.7188,440
粤B6WK82,114.266502,22.7188,440
粤B6WK82,114.266502,22.7188,440
粤B6WK82,114.266502,22.7188,440
粤B6WK82,114.266502,22.7188,441
粤B6WK82,114.266502,22.7188,441
粤B6WK82,114.266502,22.7188,441
粤B6WK82,114.266502,22.7188,441
粤B6WK82,114.266502,22.7188,442
粤B6WK82,114.266502,22.7188,442
粤B6WK82,114.266502,22.7188,442
粤B6WK82,114.266502,22.7188,442
粤B6WK82,114.266502,22.7188,443
粤B6WK82,114.266502,22.7188,443
粤B6WK82,114.266502,22.7188,443
粤B6WK82,114.266502,22.7188,443
粤B6WK82,114.266502,22.7188,444
粤B6WK82,114.266502,22.7188,444
粤B6WK82,114.266502,22.7188,444
粤B6WK82,114.266502,22.7188,444
粤B6WK82,114.266502,22.7188,445
粤B6WK82,114.266502,22.7188,445
粤B6WK82,114.266502,22.7188,445
粤B6WK82,114.266502,22.7188,445
粤B6WK82,114.266502,22.7188,446
粤B6WK82,114.266502,22.7188,446
粤B6WK82,114.266502,22.7188,446
粤B6WK82,114.266502,22.7188,446
粤B6WK82,114.266502,22.7188,447
粤B6WK82,114.266502,22.7188,447
粤B6WK82,114.266502,22.7188,447
粤B6WK82,114.266502,22.7188,447
粤B6WK82,114.266502,22.7188,448
粤B6WK82,114.266502,22.7188,448
粤B6WK82,114.266502,22.7188,448
粤B6WK82,114.266502,22.7188,448
粤B6WK82,114.266502,22.7188,449
粤B6WK82,114.266502,22.7188,449
粤B6WK82,114.266502,22.7188,449
粤B6WK82,114.266502,22.7188,449
粤B6WK82,114.266502,22.7188,450
粤B6WK82,114.266502,22.7188,450
粤B6WK82,114.266502,22.7188,450
粤B6WK82,114.266502,22.7188,450
粤B6WK82,114.266502,22.7188,451
粤B6WK82,114.266502,22.7188,451
粤B6WK82,114.266502,22.7188,451
粤B6WK82,114.266502,22.7188,451
粤B6WK82,114.266502,22.7188,452
粤B6WK82,114.266502,22.7188,452
粤B6WK82,114.266502,22.7188,452
粤B6WK82,114.266502,22.7188,452
粤B6WK82,114.266502,22.7188,453
粤B6WK82,114.266502,22.7188,453
粤B6WK82,114.266502,22.7188,453
粤B6WK82,114.266502,22.7188,453
粤B6WK82,114.266502,22.7188,454
粤B6WK82,114.266502,22.7188,454
粤B6WK82,114.266502,22.7188,454
粤B6WK82,114.266502,22.7188,454
粤B6WK82,114.266502,22.7188,455
粤B6WK82,114.266502,22.7188,455
粤B6WK82,114.266502,22.7188,455
粤B6WK82,114.266502,22.7188,455
粤B6WK82,114.266502,22.7188,456
粤B6WK82,114.266502,22.7188,456
粤B6WK82,114.266502,22.7188,456
粤B6WK82,114.266502,22.7188,456
粤B6WK82,114.266502,22.7188,457
粤B6WK82,114.266502,22.7188,457
粤B6WK82,114.266502,22.7188,457
粤B6WK82,114.266502,22.7188,457
粤B6WK82,114.266502,22.7188,458
粤B6WK82,114.266502,22.7188,458
粤B6WK82,114.266502,22.7188,458
粤B6WK82,114.266502,22.7188,458
粤B6WK82,114.266502,22.7188,459
粤B6WK82,114.266502,22.7188,459
粤B6WK82,114.266502,22.7188,459
粤B6WK82,114.266502,22.7188,459
粤B6WK82,114.266502,22.7188,460
粤B6WK82,114.266502,22.7188,460
粤B6WK82,114.26683,22.719032,460
粤B6WK82,114.266647,22.7187,460
粤B6WK82,114.26712,22.720217,461
粤B6WK82,114.2659,22.7197,461
粤B6WK82,114.267303,22.719749,461
粤B6WK82,114.267647,22.720182,461
粤B6WK82,114.264565,22.719217,462
粤B6WK82,114.263817,22.720118,462
粤B6WK82,114.262901,22.722733,462
粤B6WK82,114.263367,22.72155,462
粤B6WK82,114.261765,22.725018,463
粤B6WK82,114.262215,22.724234,463
粤B6WK82,114.261765,22.725018,463
粤B6WK82,114.261765,22.725018,463
粤B6WK82,114.261765,22.725018,464
粤B6WK82,114.261765,22.725018,464
粤B6WK82,114.261765,22.725018,464
粤B6WK82,114.261765,22.725018,464
粤B6WK82,114.261765,22.725018,465
粤B6WK82,114.260384,22.724733,465
粤B6WK82,114.260216,22.72485,465
粤B6WK82,114.26133,22.725149,465
粤B6WK82,114.260216,22.72485,466
粤B6WK82,114.259766,22.724934,466
粤B6WK82,114.260216,22.72485,466
粤B6WK82,114.260216,22.72485,466
粤B6WK82,114.25975,22.724934,467
粤B6WK82,114.25975,22.724934,467
粤B6WK82,114.25975,22.724934,467
粤B6WK82,114.25975,22.724934,467
粤B6WK82,114.25975,22.724934,468
粤B6WK82,114.259651,22.724983,468
粤B6WK82,114.25975,22.724934,468
粤B6WK82,114.25975,22.725033,468
粤B6WK82,114.259567,22.724934,469
粤B6WK82,114.259567,22.724934,469
粤B6WK82,114.259567,22.724934,469
粤B6WK82,114.259651,22.724983,469
粤B6WK82,114.259567,22.725082,470
粤B6WK82,114.259384,22.725033,470
粤B6WK82,114.259567,22.724934,470
粤B6WK82,114.259567,22.724934,470
粤B6WK82,114.259537,22.724983,471
粤B6WK82,114.259682,22.725117,471
粤B6WK82,114.259033,22.724882,471
粤B6WK82,114.259247,22.7248,471
粤B6WK82,114.257553,22.727833,472
粤B6WK82,114.258469,22.725883,472
粤B6WK82,114.25795,22.728649,472
粤B6WK82,114.25798,22.726917,472
粤B6WK82,114.258514,22.729099,473
粤B6WK82,114.258514,22.729099,473
粤B6WK82,114.258514,22.729099,473
粤B6WK82,114.258514,22.729099,473
粤B6WK82,114.258614,22.729134,474
粤B6WK82,114.260414,22.731333,474
粤B6WK82,114.258698,22.729218,474
粤B6WK82,114.259514,22.7302,474
粤B6WK82,114.260933,22.732433,475
粤B6WK82,114.262703,22.733433,475
粤B6WK82,114.261467,22.733667,475
粤B6WK82,114.267464,22.732401,476
粤B6WK82,114.266167,22.732267,476
粤B6WK82,114.265366,22.7325,476
粤B6WK82,114.266884,22.7323,476
粤B6WK82,114.270302,22.73045,477
粤B6WK82,114.269432,22.730717,477
粤B6WK82,114.268219,22.731882,477
粤B6WK82,114.269035,22.731068,477
粤B6WK82,114.271248,22.730766,478
粤B6WK82,114.271683,22.729584,478
粤B6WK82,114.271683,22.729584,478
粤B6WK82,114.271896,22.731016,478
粤B6WK82,114.270584,22.729033,479
粤B6WK82,114.269264,22.724133,480
粤B6WK82,114.268867,22.726749,480
粤B6WK82,114.26712,22.7232,481
粤B6WK82,114.267097,22.723183,481
粤B6WK82,114.269279,22.724033,481
粤B6WK82,114.268829,22.723734,481
粤B6WK82,114.268066,22.723482,481
粤B6WK82,114.267197,22.7202,482
粤B6WK82,114.267067,22.723183,482
粤B6WK82,114.267815,22.72085,482
粤B6WK82,114.267014,22.722418,482
粤B6WK82,114.265419,22.719566,483
粤B6WK82,114.264214,22.719183,483
粤B6WK82,114.264351,22.719217,483
粤B6WK82,114.25312,22.712883,488
粤B6WK82,114.253632,22.710983,488
粤B6WK82,114.253319,22.711967,488
粤B6WK82,114.252602,22.7153,489
粤B6WK82,114.25248,22.715782,489
粤B6WK82,114.252785,22.714451,489
粤B6WK82,114.252983,22.713484,489
粤B6WK82,114.252068,22.717449,490
粤B6WK82,114.25235,22.716333,490
粤B6WK82,114.25293,22.718834,490
粤B6WK82,114.25193,22.718533,490
粤B6WK82,114.253601,22.719017,491
粤B6WK82,114.254181,22.719217,491
粤B6WK82,114.253632,22.719032,491
粤B6WK82,114.253754,22.719067,491
粤B6WK82,114.25473,22.719383,492
粤B6WK82,114.255363,22.719566,492
粤B6WK82,114.256233,22.719749,492
粤B6WK82,114.25573,22.71965,492
粤B6WK82,114.257652,22.72035,493
粤B6WK82,114.258598,22.720633,493
粤B6WK82,114.259552,22.720766,493
粤B6WK82,114.260513,22.721149,493
粤B6WK82,114.260071,22.722317,494
粤B6WK82,114.259483,22.723749,494
粤B6WK82,114.25975,22.7241,494
粤B6WK82,114.259636,22.723217,494
粤B6WK82,114.26075,22.724617,495
粤B6WK82,114.261086,22.724733,495
粤B6WK82,114.261086,22.724733,495
粤B6WK82,114.261086,22.724733,495
粤B6WK82,114.261215,22.724783,496
粤B6WK82,114.261948,22.72525,496
粤B6WK82,114.261269,22.724833,496
粤B6WK82,114.261086,22.724733,496
粤B6WK82,114.263313,22.726084,497
粤B6WK82,114.266647,22.728018,497
粤B6WK82,114.266235,22.727882,497
粤B6WK82,114.264702,22.726982,497
粤B6WK82,114.266998,22.727516,498
粤B6WK82,114.266914,22.72765,498
粤B6WK82,114.266998,22.727516,498
粤B6WK82,114.266998,22.727516,498
粤B6WK82,114.266998,22.727516,499
粤B6WK82,114.266998,22.727516,499
粤B6WK82,114.266998,22.727516,499
粤B6WK82,114.266998,22.727516,499
粤B6WK82,114.266998,22.727516,500
粤B6WK82,114.266998,22.727516,500
粤B6WK82,114.266998,22.727516,500
粤B6WK82,114.266998,22.727516,500
粤B6WK82,114.266998,22.727516,501
粤B6WK82,114.266998,22.727516,501
粤B6WK82,114.26725,22.727617,501
粤B6WK82,114.266998,22.727516,501
粤B6WK82,114.26725,22.727617,502
粤B6WK82,114.26725,22.727617,502
粤B6WK82,114.26725,22.727617,502
粤B6WK82,114.26725,22.727617,502
粤B6WK82,114.26725,22.727617,503
粤B6WK82,114.26725,22.727617,503
粤B6WK82,114.26725,22.727617,503
粤B6WK82,114.26725,22.727617,503
粤B6WK82,114.26725,22.727617,504
粤B6WK82,114.26725,22.727617,504
粤B6WK82,114.26725,22.727617,504
粤B6WK82,114.26725,22.727617,504
粤B6WK82,114.26725,22.727617,505
粤B6WK82,114.26725,22.727617,505
粤B6WK82,114.26725,22.727617,505
粤B6WK82,114.26725,22.727617,505
粤B6WK82,114.26725,22.727617,506
粤B6WK82,114.26725,22.727617,506
粤B6WK82,114.26725,22.727617,506
粤B6WK82,114.26725,22.727617,506
粤B6WK82,114.26725,22.727617,507
粤B6WK82,114.26725,22.727617,507
粤B6WK82,114.26725,22.727617,507
粤B6WK82,114.26725,22.727617,507
粤B6WK82,114.26725,22.727617,508
粤B6WK82,114.26725,22.727617,508
粤B6WK82,114.26725,22.727617,508
粤B6WK82,114.26725,22.727617,508
粤B6WK82,114.26725,22.727617,509
粤B6WK82,114.26725,22.727617,509
粤B6WK82,114.26725,22.727617,509
粤B6WK82,114.26725,22.727617,509
粤B6WK82,114.26725,22.727617,510
粤B6WK82,114.26725,22.727617,510
粤B6WK82,114.26725,22.727617,510
粤B6WK82,114.26725,22.727617,510
粤B6WK82,114.26725,22.727617,511
粤B6WK82,114.26725,22.727617,511
粤B6WK82,114.26725,22.727617,511
粤B6WK82,114.26725,22.727617,511
粤B6WK82,114.26725,22.727617,512
粤B6WK82,114.26725,22.727617,512
粤B6WK82,114.26725,22.727617,512
粤B6WK82,114.26725,22.727617,512
粤B6WK82,114.26725,22.727617,513
粤B6WK82,114.26725,22.727617,513
粤B6WK82,114.26725,22.727617,513
粤B6WK82,114.26725,22.727617,513
粤B6WK82,114.26725,22.727617,514
粤B6WK82,114.26725,22.727617,514
粤B6WK82,114.26725,22.727617,514
粤B6WK82,114.26725,22.727617,514
粤B6WK82,114.26725,22.727617,515
粤B6WK82,114.26725,22.727617,515
粤B6WK82,114.26725,22.727617,515
粤B6WK82,114.26725,22.727617,515
粤B6WK82,114.26725,22.727617,516
粤B6WK82,114.26725,22.727617,516
粤B6WK82,114.26725,22.727617,516
粤B6WK82,114.26725,22.727617,516
粤B6WK82,114.26725,22.727617,517
粤B6WK82,114.26725,22.727617,517
粤B6WK82,114.26725,22.727617,517
粤B6WK82,114.26725,22.727617,517
粤B6WK82,114.26725,22.727617,518
粤B6WK82,114.26725,22.727617,518
粤B6WK82,114.26725,22.727617,518
粤B6WK82,114.26725,22.727617,518
粤B6WK82,114.26725,22.727617,519
粤B6WK82,114.26725,22.727617,519
粤B6WK82,114.26725,22.727617,519
粤B6WK82,114.26725,22.727617,519
粤B6WK82,114.26725,22.727617,520
粤B6WK82,114.26725,22.727617,520
粤B6WK82,114.267418,22.727283,520
粤B6WK82,114.26725,22.727617,520
粤B6WK82,114.266449,22.725901,521
粤B6WK82,114.268097,22.72665,521
粤B6WK82,114.267769,22.726351,521
粤B6WK82,114.265747,22.725668,521
粤B6WK82,114.265732,22.725651,522
粤B6WK82,114.265732,22.725651,522
粤B6WK82,114.265732,22.725651,522
粤B6WK82,114.265732,22.725651,522
粤B6WK82,114.265549,22.725866,523
粤B6WK82,114.265732,22.725651,523
粤B6WK82,114.265732,22.725651,523
粤B6WK82,114.265549,22.725866,523
粤B6WK82,114.265549,22.725866,524
粤B6WK82,114.265549,22.725866,524
粤B6WK82,114.265549,22.725866,524
粤B6WK82,114.265549,22.725866,524
粤B6WK82,114.265549,22.725866,525
粤B6WK82,114.265549,22.725866,525
粤B6WK82,114.265549,22.725866,525
粤B6WK82,114.265549,22.725866,525
粤B6WK82,114.265549,22.725866,526
粤B6WK82,114.265549,22.725866,526
粤B6WK82,114.265549,22.725866,526
粤B6WK82,114.265549,22.725866,526
粤B6WK82,114.265549,22.725866,527
粤B6WK82,114.265549,22.725866,527
粤B6WK82,114.265549,22.725866,527
粤B6WK82,114.265549,22.725866,527
粤B6WK82,114.265549,22.725866,528
粤B6WK82,114.265549,22.725866,528
粤B6WK82,114.265549,22.725866,528
粤B6WK82,114.265549,22.725866,528
粤B6WK82,114.265549,22.725866,529
粤B6WK82,114.265549,22.725866,529
粤B6WK82,114.265549,22.725866,529
粤B6WK82,114.265549,22.725866,529
粤B6WK82,114.265549,22.725866,530
粤B6WK82,114.265549,22.725866,530
粤B6WK82,114.265549,22.725866,530
粤B6WK82,114.265549,22.725866,530
粤B6WK82,114.26548,22.725933,531
粤B6WK82,114.265549,22.725866,531
粤B6WK82,114.26548,22.725933,531
粤B6WK82,114.265549,22.725866,531
粤B6WK82,114.265564,22.725782,532
粤B6WK82,114.26548,22.725933,532
粤B6WK82,114.265564,22.725782,532
粤B6WK82,114.265564,22.725782,532
粤B6WK82,114.265564,22.725782,533
粤B6WK82,114.265564,22.725782,533
粤B6WK82,114.265564,22.725782,533
粤B6WK82,114.265564,22.725782,533
粤B6WK82,114.265564,22.725782,534
粤B6WK82,114.265564,22.725782,534
粤B6WK82,114.265564,22.725782,534
粤B6WK82,114.265564,22.725782,534
粤B6WK82,114.265633,22.725634,535
粤B6WK82,114.265633,22.725634,535
粤B6WK82,114.265633,22.725634,535
粤B6WK82,114.265633,22.725634,535
粤B6WK82,114.265633,22.725634,536
粤B6WK82,114.265633,22.725634,536
粤B6WK82,114.265633,22.725634,536
粤B6WK82,114.265953,22.725332,537
粤B6WK82,114.265785,22.725468,537
粤B6WK82,114.262917,22.711184,546
粤B6WK82,114.262917,22.711184,546
粤B6WK82,114.262917,22.711184,546
粤B6WK82,114.262383,22.711082,547
粤B6WK82,114.262482,22.710167,547
粤B6WK82,114.262917,22.711184,547
粤B6WK82,114.262917,22.711184,547
粤B6WK82,114.263519,22.707117,548
粤B6WK82,114.264465,22.705999,548
粤B6WK82,114.262817,22.708517,548
粤B6WK82,114.265503,22.704967,548
粤B6WK82,114.266518,22.703917,549
粤B6WK82,114.268501,22.701834,549
粤B6WK82,114.267365,22.703033,549
粤B6WK82,114.268486,22.701851,549
粤B6WK82,114.268982,22.7013,550
粤B6WK82,114.271133,22.698668,550
粤B6WK82,114.271866,22.697533,550
粤B6WK82,114.269966,22.699932,550
粤B6WK82,114.272583,22.696217,551
粤B6WK82,114.272583,22.696217,551
粤B6WK82,114.272568,22.696251,551
粤B6WK82,114.272583,22.696217,551
粤B6WK82,114.272697,22.693466,552
粤B6WK82,114.27272,22.691616,552
粤B6WK82,114.272682,22.695566,552
粤B6WK82,114.272697,22.691668,552
粤B6WK82,114.27272,22.691616,553
粤B6WK82,114.27272,22.691616,553
粤B6WK82,114.27272,22.691616,553
粤B6WK82,114.27272,22.691616,553
粤B6WK82,114.272751,22.691067,554
粤B6WK82,114.272751,22.691366,554
粤B6WK82,114.272751,22.691067,554
粤B6WK82,114.27272,22.691616,554
粤B6WK82,114.272751,22.689783,555
粤B6WK82,114.272751,22.691067,555
粤B6WK82,114.272736,22.691067,555
粤B6WK82,114.272751,22.691067,555
粤B6WK82,114.272903,22.683533,556
粤B6WK82,114.27285,22.685833,556
粤B6WK82,114.272766,22.687767,556
粤B6WK82,114.273102,22.682432,556
粤B6WK82,114.274216,22.682501,557
粤B6WK82,114.273903,22.682467,557
粤B6WK82,114.274666,22.682516,557
粤B6WK82,114.274666,22.682516,557
粤B6WK82,114.274666,22.682516,558
粤B6WK82,114.274666,22.682516,558
粤B6WK82,114.274666,22.682516,558
粤B6WK82,114.274666,22.682516,558
粤B6WK82,114.274666,22.682516,559
粤B6WK82,114.274666,22.682516,559
粤B6WK82,114.274666,22.682516,559
粤B6WK82,114.274666,22.682516,559
粤B6WK82,114.274666,22.682516,560
粤B6WK82,114.274666,22.682516,560
粤B6WK82,114.274666,22.682516,560
粤B6WK82,114.274666,22.682516,560
粤B6WK82,114.274666,22.682516,561
粤B6WK82,114.274666,22.682516,561
粤B6WK82,114.274666,22.682516,561
粤B6WK82,114.274666,22.682516,561
粤B6WK82,114.274666,22.682516,562
粤B6WK82,114.274666,22.682516,562
粤B6WK82,114.274666,22.682516,562
粤B6WK82,114.274666,22.682516,562
粤B6WK82,114.274666,22.682516,563
粤B6WK82,114.274666,22.682516,563
粤B6WK82,114.274666,22.682516,563
粤B6WK82,114.274666,22.682516,563
粤B6WK82,114.274666,22.682516,564
粤B6WK82,114.274666,22.682516,564
粤B6WK82,114.274666,22.682516,564
粤B6WK82,114.274666,22.682516,564
粤B6WK82,114.274666,22.682516,565
粤B6WK82,114.274666,22.682516,565
粤B6WK82,114.274666,22.682516,565
粤B6WK82,114.274666,22.682516,565
粤B6WK82,114.274666,22.682516,566
粤B6WK82,114.274666,22.682516,566
粤B6WK82,114.274666,22.682516,566
粤B6WK82,114.274666,22.682516,566
粤B6WK82,114.274666,22.682516,567
粤B6WK82,114.274666,22.682516,567
粤B6WK82,114.274666,22.682516,567
粤B6WK82,114.274666,22.682516,567
粤B6WK82,114.274666,22.682516,568
粤B6WK82,114.274666,22.682516,568
粤B6WK82,114.274666,22.682516,568
粤B6WK82,114.274666,22.682516,568
粤B6WK82,114.274666,22.682516,569
粤B6WK82,114.274666,22.682516,569
粤B6WK82,114.274666,22.682516,569
粤B6WK82,114.274666,22.682516,569
粤B6WK82,114.274666,22.682516,570
粤B6WK82,114.274666,22.682516,570
粤B6WK82,114.274666,22.682516,570
粤B6WK82,114.274666,22.682516,570
粤B6WK82,114.273087,22.682533,571
粤B6WK82,114.273483,22.682583,571
粤B6WK82,114.274452,22.682617,571
粤B6WK82,114.272949,22.682501,571
粤B6WK82,114.271652,22.682133,572
粤B6WK82,114.271103,22.6821,572
粤B6WK82,114.272331,22.68235,572
粤B6WK82,114.272751,22.682449,572
粤B6WK82,114.27063,22.6824,573
粤B6WK82,114.270866,22.682234,573
粤B6WK82,114.270866,22.682234,573
粤B6WK82,114.27063,22.6824,573
粤B6WK82,114.27063,22.682768,574
粤B6WK82,114.270668,22.682667,574
粤B6WK82,114.270416,22.682882,574
粤B6WK82,114.270668,22.682716,574
粤B6WK82,114.270348,22.683216,575
粤B6WK82,114.270332,22.682934,575
粤B6WK82,114.270348,22.683968,575
粤B6WK82,114.270317,22.683468,575
粤B6WK82,114.269585,22.684134,576
粤B6WK82,114.269432,22.68405,576
粤B6WK82,114.269432,22.68405,576
粤B6WK82,114.269432,22.68405,576
粤B6WK82,114.269432,22.68405,577
粤B6WK82,114.269432,22.68405,577
粤B6WK82,114.269432,22.68405,577
粤B6WK82,114.269432,22.68405,577
粤B6WK82,114.269432,22.68405,578
粤B6WK82,114.269432,22.68405,578
粤B6WK82,114.269432,22.68405,578
粤B6WK82,114.269432,22.68405,578
粤B6WK82,114.269432,22.68405,579
粤B6WK82,114.269432,22.68405,579
粤B6WK82,114.269432,22.68405,579
粤B6WK82,114.269432,22.68405,579
粤B6WK82,114.269432,22.68405,580
粤B6WK82,114.269432,22.68405,580
粤B6WK82,114.269432,22.68405,580
粤B6WK82,114.269432,22.68405,580
粤B6WK82,114.269432,22.68405,581
粤B6WK82,114.269432,22.68405,581
粤B6WK82,114.269432,22.68405,581
粤B6WK82,114.269432,22.68405,581
粤B6WK82,114.269432,22.68405,582
粤B6WK82,114.269432,22.68405,582
粤B6WK82,114.269432,22.68405,582
粤B6WK82,114.269432,22.68405,582
粤B6WK82,114.269432,22.68405,583
粤B6WK82,114.269432,22.68405,583
粤B6WK82,114.269432,22.68405,583
粤B6WK82,114.269432,22.68405,583
粤B6WK82,114.269432,22.68405,584
粤B6WK82,114.269432,22.68405,584
粤B6WK82,114.269432,22.68405,584
粤B6WK82,114.269432,22.68405,584
粤B6WK82,114.269432,22.68405,585
粤B6WK82,114.269432,22.68405,585
粤B6WK82,114.269432,22.68405,585
粤B6WK82,114.269432,22.68405,585
粤B6WK82,114.269432,22.68405,586
粤B6WK82,114.269432,22.68405,586
粤B6WK82,114.269432,22.68405,586
粤B6WK82,114.269432,22.68405,586
粤B6WK82,114.269432,22.68405,587
粤B6WK82,114.269432,22.68405,587
粤B6WK82,114.269432,22.68405,587
粤B6WK82,114.269432,22.68405,587
粤B6WK82,114.269432,22.68405,588
粤B6WK82,114.269432,22.68405,588
粤B6WK82,114.269432,22.68405,588
粤B6WK82,114.269432,22.68405,588
粤B6WK82,114.269432,22.68405,589
粤B6WK82,114.269432,22.68405,589
粤B6WK82,114.269432,22.68405,589
粤B6WK82,114.269432,22.68405,589
粤B6WK82,114.269432,22.68405,590
粤B6WK82,114.269432,22.68405,590
粤B6WK82,114.269432,22.68405,590
粤B6WK82,114.269432,22.68405,590
粤B6WK82,114.269432,22.68405,591
粤B6WK82,114.269432,22.68405,591
粤B6WK82,114.269432,22.68405,591
粤B6WK82,114.269432,22.68405,591
粤B6WK82,114.269432,22.68405,592
粤B6WK82,114.269432,22.68405,592
粤B6WK82,114.269432,22.68405,592
粤B6WK82,114.269432,22.68405,592
粤B6WK82,114.269432,22.68405,593
粤B6WK82,114.269432,22.68405,593
粤B6WK82,114.269432,22.68405,593
粤B6WK82,114.269432,22.68405,593
粤B6WK82,114.269432,22.68405,594
粤B6WK82,114.269432,22.68405,594
粤B6WK82,114.269432,22.68405,594
粤B6WK82,114.269432,22.68405,594
粤B6WK82,114.269432,22.68405,595
粤B6WK82,114.269432,22.68405,595
粤B6WK82,114.269432,22.68405,595
粤B6WK82,114.269432,22.68405,595
粤B6WK82,114.269432,22.68405,596
粤B6WK82,114.269432,22.68405,596
粤B6WK82,114.269432,22.68405,596
粤B6WK82,114.269432,22.68405,596
粤B6WK82,114.269432,22.68405,597
粤B6WK82,114.269432,22.68405,597
粤B6WK82,114.269432,22.68405,597
粤B6WK82,114.269432,22.68405,597
粤B6WK82,114.269432,22.68405,598
粤B6WK82,114.269432,22.68405,598
粤B6WK82,114.269432,22.68405,598
粤B6WK82,114.269432,22.68405,598
粤B6WK82,114.269432,22.68405,599
粤B6WK82,114.269432,22.68405,599
粤B6WK82,114.269432,22.68405,599
粤B6WK82,114.269432,22.68405,599
粤B6WK82,114.269432,22.68405,600
粤B6WK82,114.269432,22.68405,600
粤B6WK82,114.269432,22.68405,600
粤B6WK82,114.269432,22.68405,600
粤B6WK82,114.269432,22.68405,603
粤B6WK82,114.269432,22.68405,604
粤B6WK82,114.269432,22.68405,604
粤B6WK82,114.269432,22.68405,604
粤B6WK82,114.269432,22.68405,604
粤B6WK82,114.269432,22.68405,605
粤B6WK82,114.269432,22.68405,605
粤B6WK82,114.269432,22.68405,605
粤B6WK82,114.269432,22.68405,605
粤B6WK82,114.269432,22.68405,606
粤B6WK82,114.269432,22.68405,606
粤B6WK82,114.269432,22.68405,606
粤B6WK82,114.269432,22.68405,606
粤B6WK82,114.269432,22.68405,607
粤B6WK82,114.269432,22.68405,607
粤B6WK82,114.269432,22.68405,607
粤B6WK82,114.269432,22.68405,607
粤B6WK82,114.269432,22.68405,608
粤B6WK82,114.269432,22.68405,608
粤B6WK82,114.269432,22.68405,608
粤B6WK82,114.269432,22.68405,608
粤B6WK82,114.269432,22.68405,609
粤B6WK82,114.269432,22.68405,609
粤B6WK82,114.269432,22.68405,609
粤B6WK82,114.269432,22.68405,609
粤B6WK82,114.269432,22.68405,610
粤B6WK82,114.269432,22.68405,610
粤B6WK82,114.269432,22.68405,610
粤B6WK82,114.269432,22.68405,610
粤B6WK82,114.269432,22.68405,611
粤B6WK82,114.269432,22.68405,611
粤B6WK82,114.269432,22.68405,611
粤B6WK82,114.269432,22.68405,611
粤B6WK82,114.269432,22.68405,612
粤B6WK82,114.269432,22.68405,612
粤B6WK82,114.269432,22.68405,612
粤B6WK82,114.269432,22.68405,612
粤B6WK82,114.269432,22.68405,613
粤B6WK82,114.269432,22.68405,613
粤B6WK82,114.269432,22.68405,613
粤B6WK82,114.269432,22.68405,613
粤B6WK82,114.2696,22.684383,614
粤B6WK82,114.2696,22.684383,614
粤B6WK82,114.2696,22.684383,614
粤B6WK82,114.2696,22.684383,614
粤B6WK82,114.2696,22.684383,615
粤B6WK82,114.2696,22.684383,615
粤B6WK82,114.2696,22.684383,615
粤B6WK82,114.2696,22.684383,615
粤B6WK82,114.2696,22.684383,616
粤B6WK82,114.2696,22.684383,616
粤B6WK82,114.2696,22.684383,616
粤B6WK82,114.2696,22.684383,616
粤B6WK82,114.2696,22.684383,617
粤B6WK82,114.2696,22.684383,617
粤B6WK82,114.2696,22.684383,617
粤B6WK82,114.2696,22.684383,617
粤B6WK82,114.2696,22.684383,618
粤B6WK82,114.2696,22.684383,618
粤B6WK82,114.2696,22.684383,618
粤B6WK82,114.2696,22.684383,618
粤B6WK82,114.2696,22.684383,619
粤B6WK82,114.2696,22.684383,619
粤B6WK82,114.2696,22.684383,619
粤B6WK82,114.2696,22.684383,619
粤B6WK82,114.2696,22.684383,620
粤B6WK82,114.2696,22.684383,620
粤B6WK82,114.2696,22.684383,620
粤B6WK82,114.2696,22.684383,620
粤B6WK82,114.2696,22.684383,621
粤B6WK82,114.2696,22.684383,621
粤B6WK82,114.2696,22.684383,621
粤B6WK82,114.2696,22.684383,621
粤B6WK82,114.2696,22.684383,622
粤B6WK82,114.2696,22.684383,622
粤B6WK82,114.2696,22.684383,622
粤B6WK82,114.2696,22.684383,622
粤B6WK82,114.2696,22.684383,623
粤B6WK82,114.2696,22.684383,623
粤B6WK82,114.2696,22.684383,623
粤B6WK82,114.2696,22.684383,623
粤B6WK82,114.2696,22.684383,624
粤B6WK82,114.2696,22.684383,624
粤B6WK82,114.2696,22.684383,624
粤B6WK82,114.2696,22.684383,624
粤B6WK82,114.2696,22.684383,625
粤B6WK82,114.2696,22.684383,625
粤B6WK82,114.2696,22.684383,625
粤B6WK82,114.2696,22.684383,625
粤B6WK82,114.2696,22.684383,626
粤B6WK82,114.2696,22.684383,626
粤B6WK82,114.2696,22.684383,626
粤B6WK82,114.2696,22.684383,626
粤B6WK82,114.2696,22.684383,627
粤B6WK82,114.2696,22.684383,627
粤B6WK82,114.2696,22.684383,627
粤B6WK82,114.2696,22.684383,627
粤B6WK82,114.2696,22.684383,628
粤B6WK82,114.2696,22.684383,628
粤B6WK82,114.2696,22.684383,628
粤B6WK82,114.2696,22.684383,628
粤B6WK82,114.2696,22.684383,629
粤B6WK82,114.2696,22.684383,629
粤B6WK82,114.2696,22.684383,629
粤B6WK82,114.2696,22.684383,629
粤B6WK82,114.2696,22.684383,630
粤B6WK82,114.2696,22.684383,630
粤B6WK82,114.2696,22.684383,630
粤B6WK82,114.2696,22.684383,630
粤B6WK82,114.2696,22.684383,631
粤B6WK82,114.2696,22.684383,631
粤B6WK82,114.2696,22.684383,631
粤B6WK82,114.2696,22.684383,631
粤B6WK82,114.2696,22.684383,632
粤B6WK82,114.2696,22.684383,632
粤B6WK82,114.2696,22.684383,632
粤B6WK82,114.2696,22.684383,632
粤B6WK82,114.2696,22.684383,633
粤B6WK82,114.2696,22.684383,633
粤B6WK82,114.2696,22.684383,633
粤B6WK82,114.2696,22.684383,633
粤B6WK82,114.2696,22.684383,634
粤B6WK82,114.2696,22.684383,634
粤B6WK82,114.2696,22.684383,634
粤B6WK82,114.2696,22.684383,634
粤B6WK82,114.2696,22.684383,635
粤B6WK82,114.2696,22.684383,635
粤B6WK82,114.2696,22.684383,635
粤B6WK82,114.2696,22.684383,635
粤B6WK82,114.2696,22.684383,636
粤B6WK82,114.2696,22.684383,636
粤B6WK82,114.2696,22.684383,636
粤B6WK82,114.2696,22.684383,636
粤B6WK82,114.2696,22.684383,637
粤B6WK82,114.2696,22.684383,637
粤B6WK82,114.2696,22.684383,637
粤B6WK82,114.2696,22.684383,637
粤B6WK82,114.2696,22.684383,638
粤B6WK82,114.2696,22.684383,638
粤B6WK82,114.2696,22.684383,638
粤B6WK82,114.2696,22.684383,638
粤B6WK82,114.2696,22.684383,639
粤B6WK82,114.2696,22.684383,639
粤B6WK82,114.2696,22.684383,639
粤B6WK82,114.2696,22.684383,639
粤B6WK82,114.2696,22.684383,640
粤B6WK82,114.2696,22.684383,640
粤B6WK82,114.2696,22.684383,640
粤B6WK82,114.2696,22.684383,640
粤B6WK82,114.2696,22.684383,641
粤B6WK82,114.2696,22.684383,641
粤B6WK82,114.2696,22.684383,641
粤B6WK82,114.2696,22.684383,641
粤B6WK82,114.2696,22.684383,642
粤B6WK82,114.2696,22.684383,642
粤B6WK82,114.2696,22.684383,642
粤B6WK82,114.2696,22.684383,642
粤B6WK82,114.2696,22.684383,643
粤B6WK82,114.2696,22.684383,643
粤B6WK82,114.2696,22.684383,643
粤B6WK82,114.2696,22.684383,643
粤B6WK82,114.2696,22.684383,644
粤B6WK82,114.2696,22.684383,644
粤B6WK82,114.2696,22.684383,644
粤B6WK82,114.2696,22.684383,644
粤B6WK82,114.2696,22.684383,645
粤B6WK82,114.2696,22.684383,645
粤B6WK82,114.2696,22.684383,645
粤B6WK82,114.2696,22.684383,645
粤B6WK82,114.2696,22.684383,656
粤B6WK82,114.2696,22.684383,667
粤B6WK82,114.2696,22.684383,677
粤B6WK82,114.2696,22.684383,688
粤B6WK82,114.2696,22.684383,698
粤B6WK82,114.2696,22.684383,709
粤B6WK82,114.2696,22.684383,720
粤B6WK82,114.2696,22.684383,730
粤B6WK82,114.2696,22.684383,741
粤B6WK82,114.2696,22.684383,751
粤B6WK82,114.2696,22.684383,762
粤B6WK82,114.2696,22.684383,772
粤B6WK82,114.2696,22.684383,783
粤B6WK82,114.2696,22.684383,794
粤B6WK82,114.2696,22.684383,804
粤B6WK82,114.2696,22.684383,815
粤B6WK82,114.2696,22.684383,825
粤B6WK82,114.2696,22.684383,836
粤B6WK82,114.2696,22.684383,847
粤B6WK82,114.2696,22.684383,857
粤B6WK82,114.2696,22.684383,868
粤B6WK82,114.2696,22.684383,878
粤B6WK82,114.2696,22.684383,889
粤B6WK82,114.2696,22.684383,910
粤B6WK82,114.2696,22.684383,921
粤B6WK82,114.2696,22.684383,931
粤B6WK82,114.2696,22.684383,942
粤B6WK82,114.2696,22.684383,952
粤B6WK82,114.2696,22.684383,963
粤B6WK82,114.2696,22.684383,974
粤B6WK82,114.2696,22.684383,984
粤B6WK82,114.2696,22.684383,1005
粤B6WK82,114.2696,22.684383,1016
粤B6WK82,114.2696,22.684383,1037
粤B6WK82,114.2696,22.684383,1048
粤B6WK82,114.2696,22.684383,1058
粤B6WK82,114.2696,22.684383,1069
粤B6WK82,114.2696,22.684383,1079
粤B6WK82,114.2696,22.684383,1090
粤B6WK82,114.2696,22.684383,1101
粤B6WK82,114.2696,22.684383,1111
粤B6WK82,114.2696,22.684383,1122
粤B6WK82,114.2696,22.684383,1132
粤B6WK82,114.2696,22.684383,1143
粤B6WK82,114.2696,22.684383,1153
粤B6WK82,114.2696,22.684383,1164
粤B6WK82,114.2696,22.684383,1175
粤B6WK82,114.2696,22.684383,1185
粤B6WK82,114.2696,22.684383,1196
粤B6WK82,114.2696,22.684383,1206
粤B6WK82,114.2696,22.684383,1217
粤B6WK82,114.2696,22.684383,1227
粤B6WK82,114.2696,22.684383,1238
粤B6WK82,114.2696,22.684383,1249
粤B6WK82,114.2696,22.684383,1259
粤B6WK82,114.2696,22.684383,1270
粤B6WK82,114.2696,22.684383,1280
粤B6WK82,114.2696,22.684383,1291
粤B6WK82,114.2696,22.684383,1302
粤B6WK82,114.2696,22.684383,1312
粤B6WK82,114.2696,22.684383,1323
粤B6WK82,114.2696,22.684383,1333
粤B6WK82,114.2696,22.684383,1344
粤B6WK82,114.2696,22.684383,1354
粤B6WK82,114.2696,22.684383,1365
粤B6WK82,114.2696,22.684383,1376
粤B6WK82,114.2696,22.684383,1386
粤B6WK82,114.2696,22.684383,1397
粤B6WK82,114.2696,22.684383,1407
粤B6WK82,114.2696,22.684383,1418
粤B6WK82,114.2696,22.684383,1429
