粤B6GD72,114.36499,22.69272,3
粤B6GD72,114.36499,22.69272,13
粤B6GD72,114.36499,22.69272,19
粤B6GD72,114.36499,22.69272,19
粤B6GD72,114.36499,22.69272,24
粤B6GD72,114.36499,22.69272,30
粤B6GD72,114.36499,22.69272,35
粤B6GD72,114.36499,22.69272,36
粤B6GD72,114.36499,22.69272,42
粤B6GD72,114.36499,22.69272,48
粤B6GD72,114.36499,22.69272,51
粤B6GD72,114.36499,22.69272,54
粤B6GD72,114.36499,22.69272,60
粤B6GD72,114.36499,22.69272,66
粤B6GD72,114.36499,22.69272,66
粤B6GD72,114.36499,22.69272,72
粤B6GD72,114.36499,22.69272,78
粤B6GD72,114.36499,22.69272,82
粤B6GD72,114.36499,22.69272,84
粤B6GD72,114.36499,22.69272,90
粤B6GD72,114.36499,22.69272,96
粤B6GD72,114.36499,22.69272,98
粤B6GD72,114.36499,22.69272,102
粤B6GD72,114.36499,22.69272,108
粤B6GD72,114.36499,22.69272,113
粤B6GD72,114.36499,22.69272,114
粤B6GD72,114.36499,22.69272,120
粤B6GD72,114.36499,22.69272,126
粤B6GD72,114.36499,22.69272,129
粤B6GD72,114.36499,22.69272,131
粤B6GD72,114.36499,22.69272,137
粤B6GD72,114.36499,22.69272,143
粤B6GD72,114.36499,22.69272,145
粤B6GD72,114.36499,22.69272,149
粤B6GD72,114.36499,22.69272,155
粤B6GD72,114.36499,22.69272,161
粤B6GD72,114.36499,22.69272,161
粤B6GD72,114.36499,22.69272,167
粤B6GD72,114.36499,22.69272,173
粤B6GD72,114.36499,22.69272,179
粤B6GD72,114.36499,22.69272,192
粤B6GD72,114.36499,22.69272,197
粤B6GD72,114.36499,22.69272,203
粤B6GD72,114.36499,22.69272,208
粤B6GD72,114.36499,22.69272,209
粤B6GD72,114.36499,22.69272,215
粤B6GD72,114.36499,22.69272,221
粤B6GD72,114.36499,22.69272,224
粤B6GD72,114.36499,22.69272,227
粤B6GD72,114.36499,22.69272,233
粤B6GD72,114.36499,22.69272,239
粤B6GD72,114.36499,22.69272,239
粤B6GD72,114.36499,22.69272,245
粤B6GD72,114.36499,22.69272,251
粤B6GD72,114.36499,22.69272,255
粤B6GD72,114.36499,22.69272,257
粤B6GD72,114.36499,22.69272,263
粤B6GD72,114.36499,22.69272,269
粤B6GD72,114.36499,22.69272,271
粤B6GD72,114.36499,22.69272,275
粤B6GD72,114.36499,22.69272,281
粤B6GD72,114.36499,22.69272,287
粤B6GD72,114.36499,22.69272,287
粤B6GD72,114.36499,22.69272,293
粤B6GD72,114.36499,22.69272,299
粤B6GD72,114.36499,22.69272,302
粤B6GD72,114.36499,22.69272,311
粤B6GD72,114.36499,22.69272,317
粤B6GD72,114.36499,22.69272,318
粤B6GD72,114.36499,22.69272,322
粤B6GD72,114.36499,22.69272,328
粤B6GD72,114.36499,22.69272,334
粤B6GD72,114.36499,22.69272,334
粤B6GD72,114.36499,22.69272,340
粤B6GD72,114.36499,22.69272,346
粤B6GD72,114.36499,22.69272,350
粤B6GD72,114.36499,22.69272,352
粤B6GD72,114.36499,22.69272,358
粤B6GD72,114.36499,22.69272,365
粤B6GD72,114.36499,22.69272,370
粤B6GD72,114.36499,22.69272,376
粤B6GD72,114.36499,22.69272,381
粤B6GD72,114.36499,22.69272,382
粤B6GD72,114.36499,22.69272,388
粤B6GD72,114.36499,22.69272,394
粤B6GD72,114.36499,22.69272,397
粤B6GD72,114.36499,22.69272,400
粤B6GD72,114.36499,22.69272,406
粤B6GD72,114.36499,22.69272,412
粤B6GD72,114.36499,22.69272,413
粤B6GD72,114.36499,22.69272,417
粤B6GD72,114.36499,22.69272,423
粤B6GD72,114.36499,22.69272,428
粤B6GD72,114.36499,22.69272,429
粤B6GD72,114.36499,22.69272,435
粤B6GD72,114.36499,22.69272,441
粤B6GD72,114.36499,22.69272,444
粤B6GD72,114.36499,22.69272,447
粤B6GD72,114.36499,22.69272,453
粤B6GD72,114.36499,22.69272,459
粤B6GD72,114.36499,22.69272,460
粤B6GD72,114.36499,22.69272,465
粤B6GD72,114.36499,22.69272,471
粤B6GD72,114.36499,22.69272,477
粤B6GD72,114.36499,22.69272,483
粤B6GD72,114.36499,22.69272,489
粤B6GD72,114.36499,22.69272,491
粤B6GD72,114.36499,22.69272,495
粤B6GD72,114.36499,22.69272,501
粤B6GD72,114.36499,22.69272,507
粤B6GD72,114.36499,22.69272,507
粤B6GD72,114.36499,22.69272,513
粤B6GD72,114.36499,22.69272,519
粤B6GD72,114.36499,22.69272,523
粤B6GD72,114.36499,22.69272,525
粤B6GD72,114.36499,22.69272,537
粤B6GD72,114.36499,22.69272,538
粤B6GD72,114.36499,22.69272,549
粤B6GD72,114.36499,22.69272,554
粤B6GD72,114.36499,22.69272,555
粤B6GD72,114.36499,22.69272,561
粤B6GD72,114.36499,22.69272,567
粤B6GD72,114.36499,22.69272,570
粤B6GD72,114.36499,22.69272,573
粤B6GD72,114.36499,22.69272,579
粤B6GD72,114.36499,22.69272,585
粤B6GD72,114.36499,22.69272,585
粤B6GD72,114.36499,22.69272,591
粤B6GD72,114.36499,22.69272,596
粤B6GD72,114.36499,22.69272,601
粤B6GD72,114.36499,22.69272,608
粤B6GD72,114.36499,22.69272,614
粤B6GD72,114.36499,22.69272,617
粤B6GD72,114.36499,22.69272,620
粤B6GD72,114.36499,22.69272,625
粤B6GD72,114.36499,22.69272,626
粤B6GD72,114.36499,22.69272,633
粤B6GD72,114.36499,22.69272,641
粤B6GD72,114.36499,22.69272,642
粤B6GD72,114.36499,22.69272,648
粤B6GD72,114.36499,22.69272,654
粤B6GD72,114.36499,22.69272,656
粤B6GD72,114.36499,22.69272,660
粤B6GD72,114.36499,22.69272,666
粤B6GD72,114.36499,22.69272,672
粤B6GD72,114.36499,22.69272,672
粤B6GD72,114.36499,22.69272,678
粤B6GD72,114.36499,22.69272,684
粤B6GD72,114.36499,22.69272,688
粤B6GD72,114.36499,22.69272,690
粤B6GD72,114.36499,22.69272,696
粤B6GD72,114.36499,22.69272,702
粤B6GD72,114.36499,22.69272,704
粤B6GD72,114.36499,22.69272,708
粤B6GD72,114.36499,22.69272,714
粤B6GD72,114.36499,22.69272,719
粤B6GD72,114.36499,22.69272,720
粤B6GD72,114.36499,22.69272,726
粤B6GD72,114.36499,22.69272,732
粤B6GD72,114.36499,22.69272,735
粤B6GD72,114.36499,22.69272,738
粤B6GD72,114.36499,22.69272,744
粤B6GD72,114.36499,22.69272,750
粤B6GD72,114.36499,22.69272,751
粤B6GD72,114.36499,22.69272,756
粤B6GD72,114.36499,22.69272,762
粤B6GD72,114.36499,22.69272,767
粤B6GD72,114.36499,22.69272,768
粤B6GD72,114.36499,22.69272,774
粤B6GD72,114.36499,22.69272,780
粤B6GD72,114.36499,22.69272,782
粤B6GD72,114.36499,22.69272,786
粤B6GD72,114.36499,22.69272,792
粤B6GD72,114.36499,22.69272,798
粤B6GD72,114.36499,22.69272,798
粤B6GD72,114.36499,22.69272,804
粤B6GD72,114.36499,22.69272,810
粤B6GD72,114.36499,22.69272,814
粤B6GD72,114.36499,22.69272,816
粤B6GD72,114.36499,22.69272,822
粤B6GD72,114.36499,22.69272,828
粤B6GD72,114.36499,22.69272,834
粤B6GD72,114.36499,22.69272,845
粤B6GD72,114.36499,22.69272,846
粤B6GD72,114.36499,22.69272,852
粤B6GD72,114.36499,22.69272,858
粤B6GD72,114.36499,22.69272,861
粤B6GD72,114.36499,22.69272,864
粤B6GD72,114.36499,22.69272,870
粤B6GD72,114.36499,22.69272,876
粤B6GD72,114.36499,22.69272,877
粤B6GD72,114.36499,22.69272,882
粤B6GD72,114.36499,22.69272,888
粤B6GD72,114.36499,22.69272,894
粤B6GD72,114.36499,22.69272,900
粤B6GD72,114.36499,22.69272,908
粤B6GD72,114.36499,22.69272,912
粤B6GD72,114.36499,22.69272,918
粤B6GD72,114.36499,22.69272,924
粤B6GD72,114.36499,22.69272,924
粤B6GD72,114.36499,22.69272,930
粤B6GD72,114.36499,22.69272,936
粤B6GD72,114.36499,22.69272,940
粤B6GD72,114.36499,22.69272,942
粤B6GD72,114.36499,22.69272,948
粤B6GD72,114.36499,22.69272,954
粤B6GD72,114.36499,22.69272,955
粤B6GD72,114.36499,22.69272,960
粤B6GD72,114.36499,22.69272,966
粤B6GD72,114.36499,22.69272,971
粤B6GD72,114.36499,22.69272,972
粤B6GD72,114.36499,22.69272,978
粤B6GD72,114.36499,22.69272,984
粤B6GD72,114.36499,22.69272,987
粤B6GD72,114.36499,22.69272,990
粤B6GD72,114.36499,22.69272,995
粤B6GD72,114.36499,22.69272,1001
粤B6GD72,114.36499,22.69272,1002
粤B6GD72,114.36499,22.69272,1007
粤B6GD72,114.36499,22.69272,1013
粤B6GD72,114.36499,22.69272,1019
粤B6GD72,114.36499,22.69272,1031
粤B6GD72,114.36499,22.69272,1034
粤B6GD72,114.36499,22.69272,1037
粤B6GD72,114.36499,22.69272,1043
粤B6GD72,114.36499,22.69272,1049
粤B6GD72,114.36499,22.69272,1050
粤B6GD72,114.36499,22.69272,1055
粤B6GD72,114.36499,22.69272,1061
粤B6GD72,114.36499,22.69272,1065
粤B6GD72,114.36499,22.69272,1067
粤B6GD72,114.36499,22.69272,1073
粤B6GD72,114.36499,22.69272,1079
粤B6GD72,114.36499,22.69272,1081
粤B6GD72,114.36499,22.69272,1085
粤B6GD72,114.36499,22.69272,1091
粤B6GD72,114.36499,22.69272,1097
粤B6GD72,114.36499,22.69272,1097
粤B6GD72,114.36499,22.69272,1103
粤B6GD72,114.36499,22.69272,1109
粤B6GD72,114.36499,22.69272,1113
粤B6GD72,114.36499,22.69272,1115
粤B6GD72,114.36499,22.69272,1121
粤B6GD72,114.36499,22.69272,1127
粤B6GD72,114.36499,22.69272,1133
粤B6GD72,114.36499,22.69272,1144
粤B6GD72,114.36499,22.69272,1145
粤B6GD72,114.36499,22.69272,1151
粤B6GD72,114.36499,22.69272,1157
粤B6GD72,114.36499,22.69272,1160
粤B6GD72,114.36499,22.69272,1163
粤B6GD72,114.36499,22.69272,1169
粤B6GD72,114.36499,22.69272,1175
粤B6GD72,114.36499,22.69272,1176
粤B6GD72,114.36499,22.69272,1181
粤B6GD72,114.36499,22.69272,1187
粤B6GD72,114.36499,22.69272,1191
粤B6GD72,114.36499,22.69272,1193
粤B6GD72,114.36499,22.69272,1199
粤B6GD72,114.36499,22.69272,1204
粤B6GD72,114.36499,22.69272,1207
粤B6GD72,114.36499,22.69272,1210
粤B6GD72,114.36499,22.69272,1216
粤B6GD72,114.36499,22.69272,1222
粤B6GD72,114.36499,22.69272,1223
粤B6GD72,114.36499,22.69272,1228
粤B6GD72,114.36499,22.69272,1234
粤B6GD72,114.36499,22.69272,1239
粤B6GD72,114.36499,22.69272,1240
粤B6GD72,114.36499,22.69272,1246
粤B6GD72,114.36499,22.69272,1252
粤B6GD72,114.36499,22.69272,1254
粤B6GD72,114.36499,22.69272,1258
粤B6GD72,114.36499,22.69272,1264
粤B6GD72,114.36499,22.69272,1270
粤B6GD72,114.36499,22.69272,1270
粤B6GD72,114.36499,22.69272,1276
粤B6GD72,114.36499,22.69272,1282
粤B6GD72,114.36499,22.69272,1286
粤B6GD72,114.36499,22.69272,1288
粤B6GD72,114.36499,22.69272,1294
粤B6GD72,114.36499,22.69272,1300
粤B6GD72,114.36499,22.69272,1302
粤B6GD72,114.36499,22.69272,1306
粤B6GD72,114.36499,22.69272,1312
粤B6GD72,114.36499,22.69272,1317
粤B6GD72,114.36499,22.69272,1318
粤B6GD72,114.36499,22.69272,1324
粤B6GD72,114.36499,22.69272,1329
粤B6GD72,114.36499,22.69272,1333
粤B6GD72,114.36499,22.69272,1335
粤B6GD72,114.36499,22.69272,1341
粤B6GD72,114.36499,22.69272,1347
粤B6GD72,114.36499,22.69272,1349
粤B6GD72,114.36499,22.69272,1353
粤B6GD72,114.36499,22.69272,1359
粤B6GD72,114.36499,22.69272,1365
粤B6GD72,114.36499,22.69272,1371
粤B6GD72,114.36499,22.69272,1377
粤B6GD72,114.36499,22.69272,1380
粤B6GD72,114.36499,22.69272,1383
粤B6GD72,114.36499,22.69272,1389
粤B6GD72,114.36499,22.69272,1395
粤B6GD72,114.36499,22.69272,1396
粤B6GD72,114.36499,22.69272,1401
粤B6GD72,114.36499,22.69272,1407
粤B6GD72,114.36499,22.69272,1412
粤B6GD72,114.36499,22.69272,1413
粤B6GD72,114.36499,22.69272,1419
粤B6GD72,114.36499,22.69272,1425
粤B6GD72,114.36499,22.69272,1431
粤B6GD72,114.36499,22.69272,1437
