粤B4BX37,114.1017,22.582701,6
粤B4BX37,114.1017,22.582701,7
粤B4BX37,114.1017,22.582701,7
粤B4BX37,114.1017,22.582701,7
粤B4BX37,114.1017,22.582701,10
粤B4BX37,114.1017,22.582701,11
粤B4BX37,114.1017,22.582701,13
粤B4BX37,114.1017,22.582701,13
粤B4BX37,114.1017,22.582701,14
粤B4BX37,114.1017,22.582701,14
粤B4BX37,114.1017,22.582701,16
粤B4BX37,114.1017,22.582701,17
粤B4BX37,114.1017,22.582701,17
粤B4BX37,114.1017,22.582701,18
粤B4BX37,114.1017,22.582701,18
粤B4BX37,114.1017,22.582701,20
粤B4BX37,114.1017,22.582701,20
粤B4BX37,114.1017,22.582701,20
粤B4BX37,114.1017,22.582701,21
粤B4BX37,114.1017,22.582701,21
粤B4BX37,114.1017,22.582701,22
粤B4BX37,114.1017,22.582701,24
粤B4BX37,114.1017,22.582701,24
粤B4BX37,114.1017,22.582701,27
粤B4BX37,114.1017,22.582701,28
粤B4BX37,114.1017,22.582701,31
粤B4BX37,114.1017,22.582701,32
粤B4BX37,114.1017,22.582701,34
粤B4BX37,114.1017,22.582701,35
粤B4BX37,114.1017,22.582701,38
粤B4BX37,114.1017,22.582701,39
粤B4BX37,114.1017,22.582701,39
粤B4BX37,114.1017,22.582701,41
粤B4BX37,114.1017,22.582701,42
粤B4BX37,114.1017,22.582701,43
粤B4BX37,114.1017,22.582701,43
粤B4BX37,114.1017,22.582701,45
粤B4BX37,114.1017,22.582701,45
粤B4BX37,114.1017,22.582701,45
粤B4BX37,114.1017,22.582701,46
粤B4BX37,114.1017,22.582701,46
粤B4BX37,114.1017,22.582701,48
粤B4BX37,114.1017,22.582701,48
粤B4BX37,114.1017,22.582701,49
粤B4BX37,114.1017,22.582701,49
粤B4BX37,114.1017,22.582701,50
粤B4BX37,114.1017,22.582701,50
粤B4BX37,114.1017,22.582701,52
粤B4BX37,114.1017,22.582701,52
粤B4BX37,114.1017,22.582701,52
粤B4BX37,114.1017,22.582701,53
粤B4BX37,114.1017,22.582701,53
粤B4BX37,114.1017,22.582701,55
粤B4BX37,114.1017,22.582701,56
粤B4BX37,114.1017,22.582701,56
粤B4BX37,114.1017,22.582701,56
粤B4BX37,114.1017,22.582701,59
粤B4BX37,114.1017,22.582701,60
粤B4BX37,114.1017,22.582701,60
粤B4BX37,114.1017,22.582701,60
粤B4BX37,114.1017,22.582701,61
粤B4BX37,114.1017,22.582701,61
粤B4BX37,114.1017,22.582701,63
粤B4BX37,114.1017,22.582701,65
粤B4BX37,114.1017,22.582701,67
粤B4BX37,114.1017,22.582701,67
粤B4BX37,114.1017,22.582701,70
粤B4BX37,114.1017,22.582701,71
粤B4BX37,114.1017,22.582701,71
粤B4BX37,114.1017,22.582701,73
粤B4BX37,114.1017,22.582701,74
粤B4BX37,114.1017,22.582701,74
粤B4BX37,114.1017,22.582701,75
粤B4BX37,114.1017,22.582701,75
粤B4BX37,114.1017,22.582701,77
粤B4BX37,114.1017,22.582701,77
粤B4BX37,114.1017,22.582701,78
粤B4BX37,114.1017,22.582701,78
粤B4BX37,114.1017,22.582701,79
粤B4BX37,114.1017,22.582701,80
粤B4BX37,114.1017,22.582701,80
粤B4BX37,114.1017,22.582701,81
粤B4BX37,114.1017,22.582701,81
粤B4BX37,114.1017,22.582701,81
粤B4BX37,114.1017,22.582701,82
粤B4BX37,114.1017,22.582701,82
粤B4BX37,114.1017,22.582701,84
粤B4BX37,114.1017,22.582701,84
粤B4BX37,114.1017,22.582701,85
粤B4BX37,114.1017,22.582701,85
粤B4BX37,114.1017,22.582701,87
粤B4BX37,114.1017,22.582701,87
粤B4BX37,114.1017,22.582701,87
粤B4BX37,114.1017,22.582701,88
粤B4BX37,114.1017,22.582701,88
粤B4BX37,114.1017,22.582701,89
粤B4BX37,114.1017,22.582701,89
粤B4BX37,114.1017,22.582701,89
粤B4BX37,114.1017,22.582701,91
粤B4BX37,114.1017,22.582701,91
粤B4BX37,114.1017,22.582701,92
粤B4BX37,114.1017,22.582701,93
粤B4BX37,114.1017,22.582701,94
粤B4BX37,114.1017,22.582701,95
粤B4BX37,114.1017,22.582701,96
粤B4BX37,114.1017,22.582701,96
粤B4BX37,114.1017,22.582701,96
粤B4BX37,114.090797,22.5853,98
粤B4BX37,114.102898,22.582399,98
粤B4BX37,114.063797,22.5928,99
粤B4BX37,114.087997,22.5861,99
粤B4BX37,114.063797,22.5928,99
粤B4BX37,114.063797,22.5928,100
粤B4BX37,114.063797,22.5928,102
粤B4BX37,114.063797,22.5928,102
粤B4BX37,114.063797,22.5928,102
粤B4BX37,114.063797,22.5928,103
粤B4BX37,114.063797,22.5928,106
粤B4BX37,114.101898,22.5823,106
粤B4BX37,114.101402,22.581499,107
粤B4BX37,114.098999,22.5779,109
粤B4BX37,114.098602,22.5756,110
粤B4BX37,114.098396,22.5702,110
粤B4BX37,114.098701,22.572599,110
粤B4BX37,114.0961,22.569099,111
粤B4BX37,114.0989,22.577101,113
粤B4BX37,114.063202,22.573601,114
粤B4BX37,114.070602,22.5767,114
粤B4BX37,114.059601,22.572001,115
粤B4BX37,114.042,22.565001,116
粤B4BX37,114.034897,22.562799,117
粤B4BX37,114.038597,22.5637,117
粤B4BX37,114.0233,22.560699,118
粤B4BX37,114.014503,22.5609,120
粤B4BX37,114.018303,22.5513,121
粤B4BX37,114.021698,22.545401,121
粤B4BX37,114.020401,22.548201,121
粤B4BX37,114.021698,22.545401,121
粤B4BX37,114.022301,22.543301,122
粤B4BX37,114.027496,22.5305,123
粤B4BX37,114.0326,22.529699,124
粤B4BX37,114.031998,22.5277,125
粤B4BX37,114.031998,22.5277,125
粤B4BX37,114.031998,22.5277,127
粤B4BX37,114.031998,22.5277,128
粤B4BX37,114.031998,22.5277,128
粤B4BX37,114.031998,22.5277,129
粤B4BX37,114.031998,22.5277,129
粤B4BX37,114.031998,22.5277,131
粤B4BX37,114.031998,22.5277,131
粤B4BX37,114.031998,22.5277,132
粤B4BX37,114.031998,22.5277,132
粤B4BX37,114.031998,22.5277,134
粤B4BX37,114.031998,22.5277,135
粤B4BX37,114.031998,22.5277,136
粤B4BX37,114.031998,22.5277,136
粤B4BX37,114.031998,22.5277,136
粤B4BX37,114.031998,22.5277,138
粤B4BX37,114.031998,22.5277,139
粤B4BX37,114.031998,22.5277,140
粤B4BX37,114.031998,22.5277,140
粤B4BX37,114.031998,22.5277,140
粤B4BX37,114.031998,22.5277,141
粤B4BX37,114.031998,22.5277,142
粤B4BX37,114.031998,22.5277,143
粤B4BX37,114.031998,22.5277,143
粤B4BX37,114.031998,22.5277,143
粤B4BX37,114.031998,22.5277,144
粤B4BX37,114.031998,22.5277,146
粤B4BX37,114.031998,22.5277,147
粤B4BX37,114.031998,22.5277,147
粤B4BX37,114.031998,22.5277,147
粤B4BX37,114.031998,22.5277,148
粤B4BX37,114.031998,22.5277,150
粤B4BX37,114.031998,22.5277,151
粤B4BX37,114.031998,22.5277,151
粤B4BX37,114.031998,22.5277,151
粤B4BX37,114.031998,22.5277,152
粤B4BX37,114.031998,22.5277,155
粤B4BX37,114.031998,22.5277,155
粤B4BX37,114.031998,22.5277,158
粤B4BX37,114.031998,22.5277,159
粤B4BX37,114.031998,22.5277,159
粤B4BX37,114.031998,22.5277,161
粤B4BX37,114.031998,22.5277,162
粤B4BX37,114.031998,22.5277,163
粤B4BX37,114.031998,22.5277,163
粤B4BX37,114.031998,22.5277,163
粤B4BX37,114.031998,22.5277,165
粤B4BX37,114.031998,22.5277,165
粤B4BX37,114.031998,22.5277,167
粤B4BX37,114.031998,22.5277,167
粤B4BX37,114.031998,22.5277,169
粤B4BX37,114.031998,22.5277,169
粤B4BX37,114.031998,22.5277,170
粤B4BX37,114.031998,22.5277,170
粤B4BX37,114.031998,22.5277,171
粤B4BX37,114.031998,22.5277,172
粤B4BX37,114.031998,22.5277,173
粤B4BX37,114.031998,22.5277,174
粤B4BX37,114.031998,22.5277,174
粤B4BX37,114.031998,22.5277,174
粤B4BX37,114.031998,22.5277,175
粤B4BX37,114.031998,22.5277,176
粤B4BX37,114.031998,22.5277,177
粤B4BX37,114.031998,22.5277,177
粤B4BX37,114.031998,22.5277,178
粤B4BX37,114.031998,22.5277,180
粤B4BX37,114.031998,22.5277,181
粤B4BX37,114.031998,22.5277,181
粤B4BX37,114.031998,22.5277,182
粤B4BX37,114.031998,22.5277,191
粤B4BX37,114.031998,22.5277,192
粤B4BX37,114.031998,22.5277,193
粤B4BX37,114.031998,22.5277,193
粤B4BX37,114.031998,22.5277,195
粤B4BX37,114.031998,22.5277,196
粤B4BX37,114.031998,22.5277,197
粤B4BX37,114.031998,22.5277,197
粤B4BX37,114.031998,22.5277,199
粤B4BX37,114.031998,22.5277,199
粤B4BX37,114.031998,22.5277,199
粤B4BX37,114.031998,22.5277,200
粤B4BX37,114.031998,22.5277,200
粤B4BX37,114.031998,22.5277,201
粤B4BX37,114.031998,22.5277,203
粤B4BX37,114.031998,22.5277,204
粤B4BX37,114.031998,22.5277,204
粤B4BX37,114.031998,22.5277,204
粤B4BX37,114.031998,22.5277,205
粤B4BX37,114.031998,22.5277,207
粤B4BX37,114.031998,22.5277,207
粤B4BX37,114.031998,22.5277,207
粤B4BX37,114.031998,22.5277,210
粤B4BX37,114.031998,22.5277,211
粤B4BX37,114.031998,22.5277,211
粤B4BX37,114.031998,22.5277,211
粤B4BX37,114.031998,22.5277,212
粤B4BX37,114.031998,22.5277,215
粤B4BX37,114.031998,22.5277,217
粤B4BX37,114.031998,22.5277,218
粤B4BX37,114.031998,22.5277,218
粤B4BX37,114.031998,22.5277,218
粤B4BX37,114.031998,22.5277,219
粤B4BX37,114.031998,22.5277,219
粤B4BX37,114.031998,22.5277,219
粤B4BX37,114.031998,22.5277,222
粤B4BX37,114.031998,22.5277,222
粤B4BX37,114.031998,22.5277,223
粤B4BX37,114.031998,22.5277,225
粤B4BX37,114.031998,22.5277,225
粤B4BX37,114.031998,22.5277,226
粤B4BX37,114.031998,22.5277,227
粤B4BX37,114.031998,22.5277,229
粤B4BX37,114.031998,22.5277,230
粤B4BX37,114.031998,22.5277,230
粤B4BX37,114.031998,22.5277,232
粤B4BX37,114.031998,22.5277,233
粤B4BX37,114.031998,22.5277,233
粤B4BX37,114.031998,22.5277,234
粤B4BX37,114.031998,22.5277,237
粤B4BX37,114.031998,22.5277,237
粤B4BX37,114.031998,22.5277,238
粤B4BX37,114.031998,22.5277,238
粤B4BX37,114.031998,22.5277,238
粤B4BX37,114.031998,22.5277,241
粤B4BX37,114.031998,22.5277,242
粤B4BX37,114.031998,22.5277,245
粤B4BX37,114.031998,22.5277,245
粤B4BX37,114.031998,22.5277,246
粤B4BX37,114.031998,22.5277,248
粤B4BX37,114.031998,22.5277,248
粤B4BX37,114.031998,22.5277,249
粤B4BX37,114.031998,22.5277,249
粤B4BX37,114.031998,22.5277,249
粤B4BX37,114.031998,22.5277,251
粤B4BX37,114.031998,22.5277,251
粤B4BX37,114.031998,22.5277,252
粤B4BX37,114.031998,22.5277,252
粤B4BX37,114.031998,22.5277,252
粤B4BX37,114.031998,22.5277,253
粤B4BX37,114.031998,22.5277,253
粤B4BX37,114.031998,22.5277,255
粤B4BX37,114.031998,22.5277,256
粤B4BX37,114.031998,22.5277,256
粤B4BX37,114.031998,22.5277,257
粤B4BX37,114.031998,22.5277,257
粤B4BX37,114.031998,22.5277,259
粤B4BX37,114.031998,22.5277,259
粤B4BX37,114.031998,22.5277,259
粤B4BX37,114.031998,22.5277,260
粤B4BX37,114.031998,22.5277,260
粤B4BX37,114.031998,22.5277,261
粤B4BX37,114.031998,22.5277,262
粤B4BX37,114.031998,22.5277,263
粤B4BX37,114.031998,22.5277,264
粤B4BX37,114.031998,22.5277,264
粤B4BX37,114.031998,22.5277,266
粤B4BX37,114.031998,22.5277,266
粤B4BX37,114.031998,22.5277,266
粤B4BX37,114.031998,22.5277,267
粤B4BX37,114.031998,22.5277,268
粤B4BX37,114.031998,22.5277,268
粤B4BX37,114.031998,22.5277,270
粤B4BX37,114.031998,22.5277,271
粤B4BX37,114.031998,22.5277,271
粤B4BX37,114.031998,22.5277,272
粤B4BX37,114.031998,22.5277,272
粤B4BX37,114.031998,22.5277,274
粤B4BX37,114.031998,22.5277,274
粤B4BX37,114.031998,22.5277,275
粤B4BX37,114.031998,22.5277,276
粤B4BX37,114.031998,22.5277,277
粤B4BX37,114.031998,22.5277,278
粤B4BX37,114.031998,22.5277,279
粤B4BX37,114.031998,22.5277,279
粤B4BX37,114.031998,22.5277,279
粤B4BX37,114.031998,22.5277,281
粤B4BX37,114.031998,22.5277,281
粤B4BX37,114.031998,22.5277,282
粤B4BX37,114.031998,22.5277,283
粤B4BX37,114.031998,22.5277,283
粤B4BX37,114.031998,22.5277,283
粤B4BX37,114.031998,22.5277,285
粤B4BX37,114.031998,22.5277,285
粤B4BX37,114.031998,22.5277,286
粤B4BX37,114.031998,22.5277,286
粤B4BX37,114.031998,22.5277,286
粤B4BX37,114.031998,22.5277,287
粤B4BX37,114.031998,22.5277,287
粤B4BX37,114.031998,22.5277,289
粤B4BX37,114.031998,22.5277,289
粤B4BX37,114.031998,22.5277,290
粤B4BX37,114.031998,22.5277,290
粤B4BX37,114.031998,22.5277,291
粤B4BX37,114.031998,22.5277,293
粤B4BX37,114.031998,22.5277,293
粤B4BX37,114.031998,22.5277,293
粤B4BX37,114.031998,22.5277,294
粤B4BX37,114.031998,22.5277,294
粤B4BX37,114.031998,22.5277,295
粤B4BX37,114.031998,22.5277,297
粤B4BX37,114.031998,22.5277,297
粤B4BX37,114.031998,22.5277,297
粤B4BX37,114.031998,22.5277,298
粤B4BX37,114.031998,22.5277,298
粤B4BX37,114.031998,22.5277,298
粤B4BX37,114.031998,22.5277,301
粤B4BX37,114.031998,22.5277,302
粤B4BX37,114.031998,22.5277,302
粤B4BX37,114.031998,22.5277,303
粤B4BX37,114.031998,22.5277,305
粤B4BX37,114.031998,22.5277,306
粤B4BX37,114.031998,22.5277,306
粤B4BX37,114.031998,22.5277,309
粤B4BX37,114.031998,22.5277,309
粤B4BX37,114.031998,22.5277,310
粤B4BX37,114.031998,22.5277,311
粤B4BX37,114.031998,22.5277,312
粤B4BX37,114.031998,22.5277,313
粤B4BX37,114.031998,22.5277,313
粤B4BX37,114.031998,22.5277,313
粤B4BX37,114.031998,22.5277,314
粤B4BX37,114.031998,22.5277,314
粤B4BX37,114.031998,22.5277,317
粤B4BX37,114.031998,22.5277,318
粤B4BX37,114.031998,22.5277,320
粤B4BX37,114.031998,22.5277,320
粤B4BX37,114.031998,22.5277,322
粤B4BX37,114.031998,22.5277,324
粤B4BX37,114.031998,22.5277,324
粤B4BX37,114.031998,22.5277,324
粤B4BX37,114.031998,22.5277,325
粤B4BX37,114.031998,22.5277,325
粤B4BX37,114.031998,22.5277,327
粤B4BX37,114.031998,22.5277,328
粤B4BX37,114.031998,22.5277,328
粤B4BX37,114.031998,22.5277,329
粤B4BX37,114.031998,22.5277,329
粤B4BX37,114.031998,22.5277,331
粤B4BX37,114.031998,22.5277,331
粤B4BX37,114.031998,22.5277,332
粤B4BX37,114.031998,22.5277,332
粤B4BX37,114.031998,22.5277,332
粤B4BX37,114.031998,22.5277,334
粤B4BX37,114.031998,22.5277,335
粤B4BX37,114.031998,22.5277,336
粤B4BX37,114.031998,22.5277,336
粤B4BX37,114.031998,22.5277,337
粤B4BX37,114.031998,22.5277,339
粤B4BX37,114.031998,22.5277,340
粤B4BX37,114.031998,22.5277,340
粤B4BX37,114.031998,22.5277,341
粤B4BX37,114.031998,22.5277,343
粤B4BX37,114.031998,22.5277,343
粤B4BX37,114.031998,22.5277,343
粤B4BX37,114.031998,22.5277,344
粤B4BX37,114.031998,22.5277,344
粤B4BX37,114.031998,22.5277,346
粤B4BX37,114.031998,22.5277,347
粤B4BX37,114.031998,22.5277,348
粤B4BX37,114.031998,22.5277,350
粤B4BX37,114.031998,22.5277,350
粤B4BX37,114.031998,22.5277,351
粤B4BX37,114.031998,22.5277,352
粤B4BX37,114.031998,22.5277,354
粤B4BX37,114.031998,22.5277,354
粤B4BX37,114.031998,22.5277,355
粤B4BX37,114.031998,22.5277,355
粤B4BX37,114.031998,22.5277,356
粤B4BX37,114.031998,22.5277,356
粤B4BX37,114.031998,22.5277,358
粤B4BX37,114.031998,22.5277,358
粤B4BX37,114.031998,22.5277,359
粤B4BX37,114.031998,22.5277,359
粤B4BX37,114.031998,22.5277,360
粤B4BX37,114.031998,22.5277,360
粤B4BX37,114.031998,22.5277,363
粤B4BX37,114.031998,22.5277,364
粤B4BX37,114.031998,22.5277,364
粤B4BX37,114.031998,22.5277,366
粤B4BX37,114.031998,22.5277,367
粤B4BX37,114.031998,22.5277,367
粤B4BX37,114.031998,22.5277,368
粤B4BX37,114.031998,22.5277,368
粤B4BX37,114.031998,22.5277,370
粤B4BX37,114.031998,22.5277,371
粤B4BX37,114.031998,22.5277,371
粤B4BX37,114.031998,22.5277,371
粤B4BX37,114.031998,22.5277,372
粤B4BX37,114.031998,22.5277,374
粤B4BX37,114.031998,22.5277,374
粤B4BX37,114.031998,22.5277,375
粤B4BX37,114.031998,22.5277,375
粤B4BX37,114.031998,22.5277,375
粤B4BX37,114.031998,22.5277,376
粤B4BX37,114.031998,22.5277,378
粤B4BX37,114.031998,22.5277,379
粤B4BX37,114.031998,22.5277,379
粤B4BX37,114.031998,22.5277,379
粤B4BX37,114.031998,22.5277,382
粤B4BX37,114.031998,22.5277,382
粤B4BX37,114.031998,22.5277,383
粤B4BX37,114.031998,22.5277,383
粤B4BX37,114.031998,22.5277,385
粤B4BX37,114.031998,22.5277,386
粤B4BX37,114.031998,22.5277,386
粤B4BX37,114.031998,22.5277,387
粤B4BX37,114.031998,22.5277,387
粤B4BX37,114.031998,22.5277,389
粤B4BX37,114.031998,22.5277,389
粤B4BX37,114.031998,22.5277,390
粤B4BX37,114.031998,22.5277,391
粤B4BX37,114.031998,22.5277,393
粤B4BX37,114.031998,22.5277,393
粤B4BX37,114.031998,22.5277,393
粤B4BX37,114.031998,22.5277,394
粤B4BX37,114.031998,22.5277,397
粤B4BX37,114.031998,22.5277,398
粤B4BX37,114.031998,22.5277,398
粤B4BX37,114.031998,22.5277,400
粤B4BX37,114.031998,22.5277,401
粤B4BX37,114.031998,22.5277,401
粤B4BX37,114.031998,22.5277,402
粤B4BX37,114.031998,22.5277,404
粤B4BX37,114.031998,22.5277,404
粤B4BX37,114.031998,22.5277,405
粤B4BX37,114.031998,22.5277,405
粤B4BX37,114.031998,22.5277,405
粤B4BX37,114.031998,22.5277,406
粤B4BX37,114.031998,22.5277,406
粤B4BX37,114.031998,22.5277,408
粤B4BX37,114.031998,22.5277,408
粤B4BX37,114.031998,22.5277,409
粤B4BX37,114.031998,22.5277,409
粤B4BX37,114.031998,22.5277,412
粤B4BX37,114.031998,22.5277,412
粤B4BX37,114.031998,22.5277,416
粤B4BX37,114.031998,22.5277,417
粤B4BX37,114.031998,22.5277,417
粤B4BX37,114.031998,22.5277,418
粤B4BX37,114.031998,22.5277,420
粤B4BX37,114.031998,22.5277,420
粤B4BX37,114.031998,22.5277,421
粤B4BX37,114.031998,22.5277,422
粤B4BX37,114.031998,22.5277,424
粤B4BX37,114.031998,22.5277,424
粤B4BX37,114.031998,22.5277,425
粤B4BX37,114.031998,22.5277,425
粤B4BX37,114.031998,22.5277,428
粤B4BX37,114.031998,22.5277,428
粤B4BX37,114.031998,22.5277,428
粤B4BX37,114.031998,22.5277,429
粤B4BX37,114.031998,22.5277,429
粤B4BX37,114.031998,22.5277,431
粤B4BX37,114.031998,22.5277,432
粤B4BX37,114.031998,22.5277,432
粤B4BX37,114.031998,22.5277,433
粤B4BX37,114.031998,22.5277,435
粤B4BX37,114.031998,22.5277,435
粤B4BX37,114.031998,22.5277,436
粤B4BX37,114.031998,22.5277,436
粤B4BX37,114.031998,22.5277,437
粤B4BX37,114.031998,22.5277,438
粤B4BX37,114.031998,22.5277,439
粤B4BX37,114.031998,22.5277,439
粤B4BX37,114.031998,22.5277,439
粤B4BX37,114.031998,22.5277,440
粤B4BX37,114.031998,22.5277,440
粤B4BX37,114.031998,22.5277,442
粤B4BX37,114.031998,22.5277,442
粤B4BX37,114.031998,22.5277,442
粤B4BX37,114.031998,22.5277,444
粤B4BX37,114.031998,22.5277,446
粤B4BX37,114.031998,22.5277,446
粤B4BX37,114.031998,22.5277,447
粤B4BX37,114.031998,22.5277,447
粤B4BX37,114.031998,22.5277,448
粤B4BX37,114.031998,22.5277,449
粤B4BX37,114.031998,22.5277,450
粤B4BX37,114.031998,22.5277,450
粤B4BX37,114.031998,22.5277,450
粤B4BX37,114.031998,22.5277,451
粤B4BX37,114.031998,22.5277,451
粤B4BX37,114.031998,22.5277,453
粤B4BX37,114.031998,22.5277,453
粤B4BX37,114.031998,22.5277,453
粤B4BX37,114.031998,22.5277,454
粤B4BX37,114.031998,22.5277,454
粤B4BX37,114.031998,22.5277,454
粤B4BX37,114.031998,22.5277,456
粤B4BX37,114.031998,22.5277,457
粤B4BX37,114.031998,22.5277,457
粤B4BX37,114.031998,22.5277,458
粤B4BX37,114.031998,22.5277,458
粤B4BX37,114.031998,22.5277,460
粤B4BX37,114.031998,22.5277,460
粤B4BX37,114.031998,22.5277,461
粤B4BX37,114.031998,22.5277,461
粤B4BX37,114.031998,22.5277,462
粤B4BX37,114.031998,22.5277,464
粤B4BX37,114.031998,22.5277,464
粤B4BX37,114.031998,22.5277,465
粤B4BX37,114.031998,22.5277,465
粤B4BX37,114.031998,22.5277,466
粤B4BX37,114.031998,22.5277,467
粤B4BX37,114.031998,22.5277,468
粤B4BX37,114.031998,22.5277,468
粤B4BX37,114.031998,22.5277,469
粤B4BX37,114.031998,22.5277,469
粤B4BX37,114.031998,22.5277,471
粤B4BX37,114.031998,22.5277,471
粤B4BX37,114.031998,22.5277,473
粤B4BX37,114.031998,22.5277,473
粤B4BX37,114.031998,22.5277,474
粤B4BX37,114.031998,22.5277,475
粤B4BX37,114.031998,22.5277,475
粤B4BX37,114.031998,22.5277,476
粤B4BX37,114.031998,22.5277,478
粤B4BX37,114.031998,22.5277,479
粤B4BX37,114.031998,22.5277,479
粤B4BX37,114.031998,22.5277,479
粤B4BX37,114.031998,22.5277,480
粤B4BX37,114.031998,22.5277,480
粤B4BX37,114.031998,22.5277,482
粤B4BX37,114.031998,22.5277,482
粤B4BX37,114.031998,22.5277,486
粤B4BX37,114.031998,22.5277,486
粤B4BX37,114.031998,22.5277,487
粤B4BX37,114.031998,22.5277,487
粤B4BX37,114.031998,22.5277,489
粤B4BX37,114.031998,22.5277,490
粤B4BX37,114.031998,22.5277,491
粤B4BX37,114.031998,22.5277,491
粤B4BX37,114.031998,22.5277,493
粤B4BX37,114.031998,22.5277,494
粤B4BX37,114.031998,22.5277,495
粤B4BX37,114.031998,22.5277,495
粤B4BX37,114.031998,22.5277,495
粤B4BX37,114.031998,22.5277,498
粤B4BX37,114.031998,22.5277,499
粤B4BX37,114.031998,22.5277,501
粤B4BX37,114.031998,22.5277,501
粤B4BX37,114.031998,22.5277,502
粤B4BX37,114.031998,22.5277,502
粤B4BX37,114.031998,22.5277,504
粤B4BX37,114.031998,22.5277,504
粤B4BX37,114.031998,22.5277,504
粤B4BX37,114.031998,22.5277,505
粤B4BX37,114.031998,22.5277,505
粤B4BX37,114.031998,22.5277,505
粤B4BX37,114.031998,22.5277,506
粤B4BX37,114.031998,22.5277,507
粤B4BX37,114.031998,22.5277,508
粤B4BX37,114.031998,22.5277,508
粤B4BX37,114.031998,22.5277,508
粤B4BX37,114.031998,22.5277,511
粤B4BX37,114.031998,22.5277,511
粤B4BX37,114.031998,22.5277,511
粤B4BX37,114.031998,22.5277,512
粤B4BX37,114.031998,22.5277,512
粤B4BX37,114.031998,22.5277,514
粤B4BX37,114.031998,22.5277,514
粤B4BX37,114.031998,22.5277,515
粤B4BX37,114.031998,22.5277,516
粤B4BX37,114.031998,22.5277,516
粤B4BX37,114.031998,22.5277,518
粤B4BX37,114.031998,22.5277,518
粤B4BX37,114.031998,22.5277,519
粤B4BX37,114.031998,22.5277,519
粤B4BX37,114.031998,22.5277,520
粤B4BX37,114.031998,22.5277,522
粤B4BX37,114.031998,22.5277,522
粤B4BX37,114.031998,22.5277,523
粤B4BX37,114.031998,22.5277,524
粤B4BX37,114.031998,22.5277,525
粤B4BX37,114.031998,22.5277,525
粤B4BX37,114.031998,22.5277,526
粤B4BX37,114.031998,22.5277,526
粤B4BX37,114.031998,22.5277,528
粤B4BX37,114.031998,22.5277,528
粤B4BX37,114.031998,22.5277,529
粤B4BX37,114.031998,22.5277,529
粤B4BX37,114.031998,22.5277,530
粤B4BX37,114.031998,22.5277,530
粤B4BX37,114.031998,22.5277,532
粤B4BX37,114.031998,22.5277,532
粤B4BX37,114.031998,22.5277,533
粤B4BX37,114.031998,22.5277,533
粤B4BX37,114.031998,22.5277,536
粤B4BX37,114.031998,22.5277,536
粤B4BX37,114.031998,22.5277,546
粤B4BX37,114.031998,22.5277,546
粤B4BX37,114.031998,22.5277,547
粤B4BX37,114.031998,22.5277,550
粤B4BX37,114.031998,22.5277,550
粤B4BX37,114.031998,22.5277,550
粤B4BX37,114.031998,22.5277,553
粤B4BX37,114.031998,22.5277,553
粤B4BX37,114.031998,22.5277,554
粤B4BX37,114.031998,22.5277,557
粤B4BX37,114.031998,22.5277,557
粤B4BX37,114.031998,22.5277,558
粤B4BX37,114.031998,22.5277,558
粤B4BX37,114.031998,22.5277,559
粤B4BX37,114.031998,22.5277,559
粤B4BX37,114.031998,22.5277,561
粤B4BX37,114.031998,22.5277,561
粤B4BX37,114.031998,22.5277,561
粤B4BX37,114.031998,22.5277,562
粤B4BX37,114.031998,22.5277,562
粤B4BX37,114.031998,22.5277,563
粤B4BX37,114.031998,22.5277,564
粤B4BX37,114.031998,22.5277,565
粤B4BX37,114.031998,22.5277,566
粤B4BX37,114.031998,22.5277,568
粤B4BX37,114.031998,22.5277,569
粤B4BX37,114.031998,22.5277,570
粤B4BX37,114.031998,22.5277,572
粤B4BX37,114.031998,22.5277,572
粤B4BX37,114.031998,22.5277,573
粤B4BX37,114.031998,22.5277,573
粤B4BX37,114.031998,22.5277,574
粤B4BX37,114.031998,22.5277,575
粤B4BX37,114.031998,22.5277,576
粤B4BX37,114.031998,22.5277,576
粤B4BX37,114.031998,22.5277,576
粤B4BX37,114.031998,22.5277,577
粤B4BX37,114.031998,22.5277,583
粤B4BX37,114.031998,22.5277,583
粤B4BX37,114.031998,22.5277,583
粤B4BX37,114.031998,22.5277,584
粤B4BX37,114.031998,22.5277,585
粤B4BX37,114.031998,22.5277,586
粤B4BX37,114.031998,22.5277,586
粤B4BX37,114.031998,22.5277,587
粤B4BX37,114.031998,22.5277,587
粤B4BX37,114.031998,22.5277,587
粤B4BX37,114.031998,22.5277,588
粤B4BX37,114.031998,22.5277,590
粤B4BX37,114.031998,22.5277,590
粤B4BX37,114.031998,22.5277,591
粤B4BX37,114.031998,22.5277,591
粤B4BX37,114.031998,22.5277,592
粤B4BX37,114.031998,22.5277,593
粤B4BX37,114.031998,22.5277,594
粤B4BX37,114.031998,22.5277,594
粤B4BX37,114.031998,22.5277,594
粤B4BX37,114.031998,22.5277,597
粤B4BX37,114.031998,22.5277,597
粤B4BX37,114.031998,22.5277,598
粤B4BX37,114.031998,22.5277,599
粤B4BX37,114.031998,22.5277,604
粤B4BX37,114.031998,22.5277,604
粤B4BX37,114.031998,22.5277,604
粤B4BX37,114.031998,22.5277,605
粤B4BX37,114.031998,22.5277,605
粤B4BX37,114.031998,22.5277,606
粤B4BX37,114.031998,22.5277,608
粤B4BX37,114.031998,22.5277,609
粤B4BX37,114.031998,22.5277,609
粤B4BX37,114.031998,22.5277,611
粤B4BX37,114.031998,22.5277,611
粤B4BX37,114.031998,22.5277,612
粤B4BX37,114.031998,22.5277,613
粤B4BX37,114.031998,22.5277,616
粤B4BX37,114.031998,22.5277,616
粤B4BX37,114.031998,22.5277,617
粤B4BX37,114.031998,22.5277,619
粤B4BX37,114.031998,22.5277,619
粤B4BX37,114.031998,22.5277,621
粤B4BX37,114.031998,22.5277,622
粤B4BX37,114.031998,22.5277,623
粤B4BX37,114.031998,22.5277,624
粤B4BX37,114.031998,22.5277,625
粤B4BX37,114.031998,22.5277,625
粤B4BX37,114.031998,22.5277,625
粤B4BX37,114.031998,22.5277,626
粤B4BX37,114.031998,22.5277,627
粤B4BX37,114.031998,22.5277,628
粤B4BX37,114.031998,22.5277,629
粤B4BX37,114.031998,22.5277,629
粤B4BX37,114.031998,22.5277,631
粤B4BX37,114.031998,22.5277,632
粤B4BX37,114.031998,22.5277,633
粤B4BX37,114.031998,22.5277,634
粤B4BX37,114.031998,22.5277,635
粤B4BX37,114.031998,22.5277,635
粤B4BX37,114.031998,22.5277,636
粤B4BX37,114.031998,22.5277,637
粤B4BX37,114.031998,22.5277,638
粤B4BX37,114.031998,22.5277,638
粤B4BX37,114.031998,22.5277,639
粤B4BX37,114.031998,22.5277,639
粤B4BX37,114.031998,22.5277,641
粤B4BX37,114.031998,22.5277,642
粤B4BX37,114.031998,22.5277,643
粤B4BX37,114.031998,22.5277,644
粤B4BX37,114.031998,22.5277,645
粤B4BX37,114.031998,22.5277,645
粤B4BX37,114.031998,22.5277,646
粤B4BX37,114.031998,22.5277,647
粤B4BX37,114.031998,22.5277,648
粤B4BX37,114.031998,22.5277,649
粤B4BX37,114.031998,22.5277,649
粤B4BX37,114.031998,22.5277,649
粤B4BX37,114.031998,22.5277,651
粤B4BX37,114.031998,22.5277,652
粤B4BX37,114.031998,22.5277,652
粤B4BX37,114.031998,22.5277,653
粤B4BX37,114.031998,22.5277,655
粤B4BX37,114.031998,22.5277,655
粤B4BX37,114.031998,22.5277,655
粤B4BX37,114.031998,22.5277,657
粤B4BX37,114.031998,22.5277,658
粤B4BX37,114.031998,22.5277,661
粤B4BX37,114.031998,22.5277,661
粤B4BX37,114.031998,22.5277,662
粤B4BX37,114.031998,22.5277,663
粤B4BX37,114.031998,22.5277,664
粤B4BX37,114.031998,22.5277,665
粤B4BX37,114.031998,22.5277,666
粤B4BX37,114.031998,22.5277,666
粤B4BX37,114.031998,22.5277,668
粤B4BX37,114.031998,22.5277,669
粤B4BX37,114.031998,22.5277,669
粤B4BX37,114.031998,22.5277,669
粤B4BX37,114.031998,22.5277,671
粤B4BX37,114.031998,22.5277,672
粤B4BX37,114.031998,22.5277,673
粤B4BX37,114.031998,22.5277,673
粤B4BX37,114.031998,22.5277,675
粤B4BX37,114.031998,22.5277,676
粤B4BX37,114.031998,22.5277,676
粤B4BX37,114.031998,22.5277,677
粤B4BX37,114.031998,22.5277,678
粤B4BX37,114.031998,22.5277,679
粤B4BX37,114.031998,22.5277,681
粤B4BX37,114.031998,22.5277,682
粤B4BX37,114.031998,22.5277,683
粤B4BX37,114.031998,22.5277,683
粤B4BX37,114.031998,22.5277,683
粤B4BX37,114.031998,22.5277,685
粤B4BX37,114.031998,22.5277,685
粤B4BX37,114.031998,22.5277,686
粤B4BX37,114.031998,22.5277,686
粤B4BX37,114.031998,22.5277,687
粤B4BX37,114.031998,22.5277,688
粤B4BX37,114.031998,22.5277,688
粤B4BX37,114.031998,22.5277,689
粤B4BX37,114.031998,22.5277,690
粤B4BX37,114.031998,22.5277,690
粤B4BX37,114.031998,22.5277,692
粤B4BX37,114.031998,22.5277,693
粤B4BX37,114.031998,22.5277,694
粤B4BX37,114.031998,22.5277,695
粤B4BX37,114.031998,22.5277,696
粤B4BX37,114.031998,22.5277,697
粤B4BX37,114.031998,22.5277,699
粤B4BX37,114.031998,22.5277,700
粤B4BX37,114.031998,22.5277,700
粤B4BX37,114.031998,22.5277,703
粤B4BX37,114.031998,22.5277,704
粤B4BX37,114.031998,22.5277,706
粤B4BX37,114.031998,22.5277,706
粤B4BX37,114.031998,22.5277,706
粤B4BX37,114.031998,22.5277,709
粤B4BX37,114.031998,22.5277,710
粤B4BX37,114.031998,22.5277,710
粤B4BX37,114.031998,22.5277,712
粤B4BX37,114.031998,22.5277,713
粤B4BX37,114.031998,22.5277,713
粤B4BX37,114.031998,22.5277,714
粤B4BX37,114.031998,22.5277,715
粤B4BX37,114.031998,22.5277,716
粤B4BX37,114.031998,22.5277,719
粤B4BX37,114.031998,22.5277,719
粤B4BX37,114.031998,22.5277,719
粤B4BX37,114.031998,22.5277,720
粤B4BX37,114.031998,22.5277,721
粤B4BX37,114.031998,22.5277,721
粤B4BX37,114.031998,22.5277,725
粤B4BX37,114.031998,22.5277,726
粤B4BX37,114.031998,22.5277,726
粤B4BX37,114.031998,22.5277,728
粤B4BX37,114.031998,22.5277,728
粤B4BX37,114.031998,22.5277,728
粤B4BX37,114.031998,22.5277,729
粤B4BX37,114.031998,22.5277,729
粤B4BX37,114.031998,22.5277,729
粤B4BX37,114.031998,22.5277,731
粤B4BX37,114.031998,22.5277,732
粤B4BX37,114.031998,22.5277,733
粤B4BX37,114.031998,22.5277,733
粤B4BX37,114.031998,22.5277,736
粤B4BX37,114.031998,22.5277,737
粤B4BX37,114.031998,22.5277,739
粤B4BX37,114.031998,22.5277,740
粤B4BX37,114.031998,22.5277,742
粤B4BX37,114.031998,22.5277,742
粤B4BX37,114.031998,22.5277,743
粤B4BX37,114.031998,22.5277,743
粤B4BX37,114.031998,22.5277,744
粤B4BX37,114.031998,22.5277,746
粤B4BX37,114.031998,22.5277,746
粤B4BX37,114.031998,22.5277,746
粤B4BX37,114.031998,22.5277,747
粤B4BX37,114.031998,22.5277,747
粤B4BX37,114.031998,22.5277,749
粤B4BX37,114.031998,22.5277,749
粤B4BX37,114.031998,22.5277,750
粤B4BX37,114.031998,22.5277,750
粤B4BX37,114.031998,22.5277,750
粤B4BX37,114.031998,22.5277,751
粤B4BX37,114.031998,22.5277,752
粤B4BX37,114.031998,22.5277,753
粤B4BX37,114.031998,22.5277,753
粤B4BX37,114.031998,22.5277,756
粤B4BX37,114.031998,22.5277,757
粤B4BX37,114.031998,22.5277,758
粤B4BX37,114.031998,22.5277,760
粤B4BX37,114.031998,22.5277,760
粤B4BX37,114.031998,22.5277,760
粤B4BX37,114.031998,22.5277,763
粤B4BX37,114.031998,22.5277,764
粤B4BX37,114.031998,22.5277,766
粤B4BX37,114.031998,22.5277,767
粤B4BX37,114.031998,22.5277,768
粤B4BX37,114.031998,22.5277,768
粤B4BX37,114.031998,22.5277,768
粤B4BX37,114.031998,22.5277,770
粤B4BX37,114.031998,22.5277,770
粤B4BX37,114.031998,22.5277,774
粤B4BX37,114.031998,22.5277,774
粤B4BX37,114.031998,22.5277,775
粤B4BX37,114.031998,22.5277,775
粤B4BX37,114.031998,22.5277,777
粤B4BX37,114.031998,22.5277,777
粤B4BX37,114.031998,22.5277,777
粤B4BX37,114.031998,22.5277,778
粤B4BX37,114.031998,22.5277,780
粤B4BX37,114.031998,22.5277,780
粤B4BX37,114.031998,22.5277,781
粤B4BX37,114.031998,22.5277,781
粤B4BX37,114.031998,22.5277,781
粤B4BX37,114.031998,22.5277,782
粤B4BX37,114.031998,22.5277,782
粤B4BX37,114.031998,22.5277,784
粤B4BX37,114.031998,22.5277,784
粤B4BX37,114.031998,22.5277,785
粤B4BX37,114.031998,22.5277,788
粤B4BX37,114.031998,22.5277,789
粤B4BX37,114.031998,22.5277,791
粤B4BX37,114.031998,22.5277,792
粤B4BX37,114.031998,22.5277,792
粤B4BX37,114.031998,22.5277,792
粤B4BX37,114.031998,22.5277,793
粤B4BX37,114.031998,22.5277,794
粤B4BX37,114.031998,22.5277,795
粤B4BX37,114.031998,22.5277,796
粤B4BX37,114.031998,22.5277,796
粤B4BX37,114.031998,22.5277,797
粤B4BX37,114.031998,22.5277,798
粤B4BX37,114.031998,22.5277,798
粤B4BX37,114.031998,22.5277,798
粤B4BX37,114.031998,22.5277,799
粤B4BX37,114.031998,22.5277,799
粤B4BX37,114.031998,22.5277,801
粤B4BX37,114.031998,22.5277,802
粤B4BX37,114.031998,22.5277,804
粤B4BX37,114.031998,22.5277,805
粤B4BX37,114.031998,22.5277,805
粤B4BX37,114.031998,22.5277,805
粤B4BX37,114.031998,22.5277,808
粤B4BX37,114.031998,22.5277,808
粤B4BX37,114.031998,22.5277,809
粤B4BX37,114.031998,22.5277,809
粤B4BX37,114.031998,22.5277,812
粤B4BX37,114.031998,22.5277,812
粤B4BX37,114.031998,22.5277,813
粤B4BX37,114.031998,22.5277,813
粤B4BX37,114.031998,22.5277,814
粤B4BX37,114.031998,22.5277,815
粤B4BX37,114.031998,22.5277,815
粤B4BX37,114.031998,22.5277,816
粤B4BX37,114.031998,22.5277,818
粤B4BX37,114.031998,22.5277,819
粤B4BX37,114.031998,22.5277,819
粤B4BX37,114.031998,22.5277,820
粤B4BX37,114.031998,22.5277,822
粤B4BX37,114.031998,22.5277,823
粤B4BX37,114.031998,22.5277,823
粤B4BX37,114.031998,22.5277,825
粤B4BX37,114.031998,22.5277,826
粤B4BX37,114.031998,22.5277,827
粤B4BX37,114.031998,22.5277,828
粤B4BX37,114.031998,22.5277,829
粤B4BX37,114.031998,22.5277,830
粤B4BX37,114.031998,22.5277,833
粤B4BX37,114.031998,22.5277,833
粤B4BX37,114.031998,22.5277,835
粤B4BX37,114.031998,22.5277,835
粤B4BX37,114.031998,22.5277,837
粤B4BX37,114.031998,22.5277,844
粤B4BX37,114.031998,22.5277,845
粤B4BX37,114.031998,22.5277,845
粤B4BX37,114.031998,22.5277,847
粤B4BX37,114.031998,22.5277,847
粤B4BX37,114.031998,22.5277,848
粤B4BX37,114.031998,22.5277,850
粤B4BX37,114.031998,22.5277,851
粤B4BX37,114.031998,22.5277,852
粤B4BX37,114.031998,22.5277,854
粤B4BX37,114.031998,22.5277,857
粤B4BX37,114.031998,22.5277,858
粤B4BX37,114.031998,22.5277,859
粤B4BX37,114.031998,22.5277,859
粤B4BX37,114.031998,22.5277,861
粤B4BX37,114.031998,22.5277,861
粤B4BX37,114.031998,22.5277,862
粤B4BX37,114.031998,22.5277,862
粤B4BX37,114.031998,22.5277,864
粤B4BX37,114.031998,22.5277,865
粤B4BX37,114.031998,22.5277,865
粤B4BX37,114.031998,22.5277,866
粤B4BX37,114.031998,22.5277,866
粤B4BX37,114.031998,22.5277,868
粤B4BX37,114.031998,22.5277,869
粤B4BX37,114.031998,22.5277,869
粤B4BX37,114.031998,22.5277,871
粤B4BX37,114.031998,22.5277,871
粤B4BX37,114.031998,22.5277,871
粤B4BX37,114.031998,22.5277,872
粤B4BX37,114.031998,22.5277,872
粤B4BX37,114.031998,22.5277,872
粤B4BX37,114.031998,22.5277,873
粤B4BX37,114.031998,22.5277,874
粤B4BX37,114.031998,22.5277,874
粤B4BX37,114.031998,22.5277,875
粤B4BX37,114.031998,22.5277,875
粤B4BX37,114.031998,22.5277,876
粤B4BX37,114.031998,22.5277,878
粤B4BX37,114.031998,22.5277,878
粤B4BX37,114.031998,22.5277,879
粤B4BX37,114.031998,22.5277,879
粤B4BX37,114.031998,22.5277,880
粤B4BX37,114.031998,22.5277,882
粤B4BX37,114.031998,22.5277,885
粤B4BX37,114.031998,22.5277,886
粤B4BX37,114.031998,22.5277,886
粤B4BX37,114.031998,22.5277,886
粤B4BX37,114.031998,22.5277,887
粤B4BX37,114.031998,22.5277,889
粤B4BX37,114.031998,22.5277,889
粤B4BX37,114.031998,22.5277,890
粤B4BX37,114.031998,22.5277,890
粤B4BX37,114.031998,22.5277,892
粤B4BX37,114.031998,22.5277,892
粤B4BX37,114.031998,22.5277,894
粤B4BX37,114.031998,22.5277,894
粤B4BX37,114.029999,22.528099,896
粤B4BX37,114.030296,22.527599,896
粤B4BX37,114.025299,22.533199,898
粤B4BX37,114.024902,22.536699,899
粤B4BX37,114.016296,22.5338,910
粤B4BX37,114.015297,22.534401,911
粤B4BX37,114.015701,22.533701,911
粤B4BX37,114.026299,22.5399,914
粤B4BX37,114.022598,22.539,914
粤B4BX37,114.025101,22.539499,914
粤B4BX37,114.027298,22.5399,915
粤B4BX37,114.027702,22.5375,915
粤B4BX37,114.027901,22.5382,915
粤B4BX37,114.0242,22.5368,917
粤B4BX37,114.023003,22.536699,917
粤B4BX37,114.024696,22.5368,917
粤B4BX37,114.023903,22.5368,917
粤B4BX37,114.022301,22.535299,918
粤B4BX37,114.022202,22.536501,918
粤B4BX37,114.0224,22.535101,918
粤B4BX37,114.022499,22.534901,919
粤B4BX37,114.032204,22.5264,921
粤B4BX37,114.0289,22.528099,921
粤B4BX37,114.032204,22.5264,922
粤B4BX37,114.033897,22.528299,923
粤B4BX37,114.041702,22.530899,924
粤B4BX37,114.038902,22.5306,924
粤B4BX37,114.045403,22.5306,925
粤B4BX37,114.044601,22.531099,925
粤B4BX37,114.054604,22.542101,928
粤B4BX37,114.0578,22.542601,928
粤B4BX37,114.063301,22.542601,929
粤B4BX37,114.069,22.542801,930
粤B4BX37,114.074501,22.5424,931
粤B4BX37,114.0746,22.541901,932
粤B4BX37,114.074997,22.5418,932
粤B4BX37,114.074997,22.5418,932
粤B4BX37,114.075798,22.541901,933
粤B4BX37,114.076202,22.5411,933
粤B4BX37,114.072502,22.539,936
粤B4BX37,114.071999,22.534401,938
粤B4BX37,114.070602,22.532,939
粤B4BX37,114.071999,22.5326,939
粤B4BX37,114.069603,22.532,940
粤B4BX37,114.061699,22.5319,941
粤B4BX37,114.059196,22.531799,942
粤B4BX37,114.053299,22.531601,943
粤B4BX37,114.047096,22.5315,943
粤B4BX37,114.0438,22.531401,944
粤B4BX37,114.030197,22.5305,945
粤B4BX37,114.026001,22.531601,946
粤B4BX37,114.0252,22.5334,946
粤B4BX37,114.024498,22.535801,947
粤B4BX37,114.019798,22.5494,948
粤B4BX37,114.017998,22.552,949
粤B4BX37,114.016899,22.553801,949
粤B4BX37,114.016098,22.555099,950
粤B4BX37,114.014397,22.555599,950
粤B4BX37,114.011902,22.5555,951
粤B4BX37,114.006203,22.555401,952
粤B4BX37,114.006104,22.5553,954
粤B4BX37,114.009102,22.552999,956
粤B4BX37,114.009003,22.552799,956
粤B4BX37,114.008797,22.552401,957
粤B4BX37,114.008003,22.551399,958
粤B4BX37,114.006798,22.549601,959
粤B4BX37,114.008301,22.5485,960
粤B4BX37,114.010498,22.5464,960
粤B4BX37,114.012901,22.541,961
粤B4BX37,114.006302,22.5371,963
粤B4BX37,114.0065,22.537001,963
粤B4BX37,114.006302,22.5371,964
粤B4BX37,114.006302,22.5371,964
粤B4BX37,114.006302,22.5371,964
粤B4BX37,114.006302,22.5371,969
粤B4BX37,114.006302,22.5371,969
粤B4BX37,114.002899,22.537001,970
粤B4BX37,114.006302,22.5371,970
粤B4BX37,114.003998,22.535999,971
粤B4BX37,114.007202,22.5364,971
粤B4BX37,114.0093,22.5368,972
粤B4BX37,114.018997,22.5382,973
粤B4BX37,114.018997,22.5382,974
粤B4BX37,114.018997,22.5382,975
粤B4BX37,114.018997,22.538,976
粤B4BX37,114.019203,22.537399,976
粤B4BX37,114.019203,22.537399,976
粤B4BX37,114.0354,22.541401,979
粤B4BX37,114.033401,22.5411,979
粤B4BX37,114.034599,22.5474,982
粤B4BX37,114.034203,22.549601,983
粤B4BX37,114.033798,22.5516,983
粤B4BX37,114.0345,22.548,983
粤B4BX37,114.027496,22.5581,986
粤B4BX37,114.025497,22.559799,987
粤B4BX37,114.024803,22.5625,987
粤B4BX37,114.026901,22.563,987
粤B4BX37,114.030403,22.5676,989
粤B4BX37,114.028801,22.5681,990
粤B4BX37,114.028397,22.568199,990
粤B4BX37,114.030197,22.5676,991
粤B4BX37,114.025803,22.562901,993
粤B4BX37,114.015404,22.555901,997
粤B4BX37,114.015701,22.557199,997
粤B4BX37,114.014801,22.5613,998
粤B4BX37,114.014503,22.563101,999
粤B4BX37,114.013702,22.565901,1000
粤B4BX37,114.013901,22.565399,1000
粤B4BX37,114.012802,22.567801,1001
粤B4BX37,114.013397,22.566601,1001
粤B4BX37,114.011703,22.569599,1002
粤B4BX37,114.011703,22.569599,1002
粤B4BX37,114.011703,22.569599,1004
粤B4BX37,114.011703,22.569599,1004
粤B4BX37,114.010902,22.594801,1005
粤B4BX37,114.011703,22.569599,1005
粤B4BX37,114.010597,22.5919,1005
粤B4BX37,114.011703,22.569599,1005
粤B4BX37,114.009003,22.611799,1007
粤B4BX37,114.0103,22.6091,1007
粤B4BX37,114.008301,22.6147,1008
粤B4BX37,114.0084,22.618299,1008
粤B4BX37,114.008003,22.626301,1009
粤B4BX37,113.999496,22.639299,1010
粤B4BX37,114.000801,22.636999,1010
粤B4BX37,113.999298,22.6411,1011
粤B4BX37,113.999298,22.6411,1011
粤B4BX37,113.999298,22.6423,1012
粤B4BX37,113.999298,22.6415,1012
粤B4BX37,114.003098,22.645,1013
粤B4BX37,114.006302,22.646799,1014
粤B4BX37,114.006302,22.646799,1015
粤B4BX37,114.0075,22.6476,1015
粤B4BX37,114.007301,22.647499,1015
粤B4BX37,114.0075,22.6476,1016
粤B4BX37,114.0075,22.6476,1018
粤B4BX37,114.008102,22.6434,1028
粤B4BX37,114.008202,22.643101,1029
粤B4BX37,114.007103,22.642599,1033
粤B4BX37,114.006203,22.646601,1035
粤B4BX37,114.006203,22.646601,1036
粤B4BX37,113.999901,22.643101,1038
粤B4BX37,113.999199,22.642599,1038
粤B4BX37,114.001701,22.6443,1038
粤B4BX37,113.998802,22.640301,1039
粤B4BX37,113.999298,22.638399,1039
粤B4BX37,114.000801,22.636499,1040
粤B4BX37,114.007698,22.626699,1041
粤B4BX37,114.0084,22.620899,1042
粤B4BX37,114.008301,22.6194,1043
粤B4BX37,114.008301,22.6194,1043
粤B4BX37,114.008202,22.6171,1045
粤B4BX37,114.008202,22.615999,1046
粤B4BX37,114.008102,22.6152,1046
粤B4BX37,114.008301,22.613899,1046
粤B4BX37,114.009003,22.6115,1047
粤B4BX37,114.010101,22.6092,1048
粤B4BX37,114.010399,22.6087,1049
粤B4BX37,114.010498,22.608299,1049
粤B4BX37,114.011398,22.604601,1052
粤B4BX37,114.011398,22.6043,1053
粤B4BX37,114.011497,22.6036,1054
粤B4BX37,114.011497,22.603901,1054
粤B4BX37,114.011398,22.6028,1056
粤B4BX37,114.011398,22.602501,1057
粤B4BX37,114.011299,22.6014,1059
粤B4BX37,114.0112,22.601,1060
粤B4BX37,114.0112,22.600401,1060
粤B4BX37,114.0112,22.6007,1060
粤B4BX37,114.011002,22.5993,1061
粤B4BX37,114.011101,22.599701,1061
粤B4BX37,114.010597,22.5973,1063
粤B4BX37,114.010803,22.597601,1063
粤B4BX37,114.010803,22.597099,1063
粤B4BX37,114.010597,22.5973,1064
粤B4BX37,114.009903,22.5902,1064
粤B4BX37,114.009697,22.5888,1065
粤B4BX37,114.019203,22.5499,1069
粤B4BX37,114.021103,22.547001,1069
粤B4BX37,114.021698,22.5455,1069
粤B4BX37,114.023697,22.538099,1070
粤B4BX37,114.023102,22.540199,1070
粤B4BX37,114.022202,22.5434,1070
粤B4BX37,114.0252,22.531601,1072
粤B4BX37,114.043602,22.5312,1074
粤B4BX37,114.068001,22.5294,1077
粤B4BX37,114.066101,22.531401,1077
粤B4BX37,114.066399,22.525801,1078
粤B4BX37,114.066399,22.525801,1083
粤B4BX37,114.067596,22.524099,1087
粤B4BX37,114.067902,22.524,1087
粤B4BX37,114.067902,22.524,1087
粤B4BX37,114.067902,22.523899,1088
粤B4BX37,114.067497,22.524599,1089
粤B4BX37,114.071701,22.531601,1090
粤B4BX37,114.074501,22.531601,1091
粤B4BX37,114.077301,22.5319,1091
粤B4BX37,114.078697,22.534,1091
粤B4BX37,114.079697,22.535801,1092
粤B4BX37,114.090797,22.537701,1094
粤B4BX37,114.094498,22.5378,1095
粤B4BX37,114.098503,22.537901,1095
粤B4BX37,114.0989,22.537901,1096
粤B4BX37,114.100998,22.5378,1097
粤B4BX37,114.100899,22.5378,1097
粤B4BX37,114.101501,22.5378,1098
粤B4BX37,114.103996,22.537701,1100
粤B4BX37,114.103996,22.537701,1100
粤B4BX37,114.103996,22.537701,1101
粤B4BX37,114.103996,22.537701,1102
粤B4BX37,114.103996,22.537701,1102
粤B4BX37,114.103996,22.537701,1104
粤B4BX37,114.103996,22.537701,1104
粤B4BX37,114.103996,22.537701,1107
粤B4BX37,114.103996,22.537701,1108
粤B4BX37,114.103996,22.537701,1108
粤B4BX37,114.103996,22.537701,1109
粤B4BX37,114.103996,22.537701,1109
粤B4BX37,114.103996,22.537701,1111
粤B4BX37,114.103996,22.537701,1112
粤B4BX37,114.103996,22.537701,1113
粤B4BX37,114.103996,22.537701,1115
粤B4BX37,114.103996,22.537701,1115
粤B4BX37,114.103996,22.537701,1115
粤B4BX37,114.103996,22.537701,1116
粤B4BX37,114.103996,22.537701,1116
粤B4BX37,114.103996,22.537701,1117
粤B4BX37,114.103996,22.537701,1118
粤B4BX37,114.103996,22.537701,1119
粤B4BX37,114.103996,22.537701,1120
粤B4BX37,114.102097,22.564899,1122
粤B4BX37,114.102097,22.564899,1122
粤B4BX37,114.101501,22.5648,1123
粤B4BX37,114.099297,22.565599,1123
粤B4BX37,114.099098,22.5716,1125
粤B4BX37,114.099197,22.57,1125
粤B4BX37,114.098999,22.5758,1126
粤B4BX37,114.0989,22.5741,1126
粤B4BX37,114.099297,22.5772,1128
粤B4BX37,114.096603,22.5732,1130
粤B4BX37,114.092201,22.5718,1132
粤B4BX37,114.091103,22.5716,1132
粤B4BX37,114.090202,22.571699,1132
粤B4BX37,114.0895,22.571699,1133
粤B4BX37,114.0895,22.571699,1133
粤B4BX37,114.089104,22.571699,1134
粤B4BX37,114.0839,22.573299,1135
粤B4BX37,114.084297,22.573099,1135
粤B4BX37,114.0839,22.573299,1136
粤B4BX37,114.0839,22.573299,1136
粤B4BX37,114.080498,22.572701,1142
粤B4BX37,114.067596,22.5602,1145
粤B4BX37,114.067703,22.556999,1146
粤B4BX37,114.067703,22.552,1147
粤B4BX37,114.067703,22.5546,1147
粤B4BX37,114.067802,22.5483,1149
粤B4BX37,114.067802,22.5483,1150
粤B4BX37,114.067802,22.548,1150
粤B4BX37,114.067497,22.543501,1151
粤B4BX37,114.062698,22.532,1153
粤B4BX37,114.0625,22.5327,1153
粤B4BX37,114.062897,22.529499,1154
粤B4BX37,114.063004,22.5312,1154
粤B4BX37,114.062897,22.527599,1155
粤B4BX37,114.061996,22.52,1157
粤B4BX37,114.061096,22.521299,1157
粤B4BX37,114.062897,22.519199,1158
粤B4BX37,114.062302,22.5198,1158
粤B4BX37,114.056702,22.514601,1160
粤B4BX37,114.055801,22.513,1161
粤B4BX37,114.055801,22.513,1161
粤B4BX37,114.055801,22.513,1161
粤B4BX37,114.055801,22.513,1162
粤B4BX37,114.0616,22.5179,1164
粤B4BX37,114.060303,22.516899,1164
粤B4BX37,114.062202,22.5184,1165
粤B4BX37,114.0625,22.5187,1165
粤B4BX37,114.062401,22.519199,1166
粤B4BX37,114.059998,22.518299,1167
粤B4BX37,114.058701,22.517401,1167
粤B4BX37,114.056999,22.5165,1168
粤B4BX37,114.055199,22.5156,1168
粤B4BX37,114.055397,22.515699,1168
粤B4BX37,114.054802,22.515301,1169
粤B4BX37,114.055199,22.5156,1169
粤B4BX37,114.055199,22.5156,1169
粤B4BX37,114.050797,22.5163,1170
粤B4BX37,114.052803,22.514601,1170
粤B4BX37,114.051201,22.514601,1170
粤B4BX37,114.050903,22.5177,1171
粤B4BX37,114.050903,22.5177,1171
粤B4BX37,114.050903,22.5177,1171
粤B4BX37,114.048599,22.521,1174
粤B4BX37,114.048599,22.5198,1174
粤B4BX37,114.0485,22.522301,1174
粤B4BX37,114.050797,22.5189,1177
粤B4BX37,114.050797,22.5186,1178
粤B4BX37,114.050697,22.5175,1179
粤B4BX37,114.050499,22.5156,1179
粤B4BX37,114.050102,22.5114,1181
粤B4BX37,114.050201,22.511,1181
粤B4BX37,114.054901,22.5137,1182
粤B4BX37,114.053299,22.513201,1182
粤B4BX37,114.055099,22.5138,1183
粤B4BX37,114.055,22.5151,1184
粤B4BX37,114.055298,22.514601,1184
粤B4BX37,114.055298,22.514601,1184
粤B4BX37,114.055,22.5152,1185
粤B4BX37,114.053398,22.5147,1185
粤B4BX37,114.051201,22.5145,1186
粤B4BX37,114.051598,22.518101,1186
粤B4BX37,114.050697,22.516701,1186
粤B4BX37,114.058701,22.519699,1190
粤B4BX37,114.063301,22.5259,1193
粤B4BX37,114.063301,22.525,1193
粤B4BX37,114.063301,22.5298,1194
粤B4BX37,114.063797,22.531401,1194
粤B4BX37,114.068199,22.5396,1197
粤B4BX37,114.068199,22.5376,1197
粤B4BX37,114.069,22.5427,1197
粤B4BX37,114.0681,22.546101,1198
粤B4BX37,114.067802,22.563499,1202
粤B4BX37,114.067703,22.566099,1203
粤B4BX37,114.067703,22.567801,1204
粤B4BX37,114.067596,22.5702,1205
粤B4BX37,114.067596,22.5714,1205
粤B4BX37,114.067497,22.5732,1206
粤B4BX37,114.050201,22.5898,1209
粤B4BX37,114.0522,22.587999,1209
粤B4BX37,114.044098,22.6054,1211
粤B4BX37,114.0448,22.613899,1212
粤B4BX37,114.043701,22.632601,1214
粤B4BX37,114.050102,22.644199,1215
粤B4BX37,114.048401,22.6415,1215
粤B4BX37,114.054497,22.6429,1216
粤B4BX37,114.054497,22.6429,1216
粤B4BX37,114.055397,22.636,1221
粤B4BX37,114.055496,22.633499,1222
粤B4BX37,114.055,22.6415,1224
粤B4BX37,114.055397,22.637899,1224
粤B4BX37,114.055702,22.6443,1225
粤B4BX37,114.056801,22.644199,1226
粤B4BX37,114.056999,22.6441,1226
粤B4BX37,114.057198,22.6439,1228
粤B4BX37,114.057198,22.6439,1229
粤B4BX37,114.057198,22.6439,1229
粤B4BX37,114.056198,22.6425,1231
粤B4BX37,114.054901,22.642401,1232
粤B4BX37,114.056297,22.6443,1232
粤B4BX37,114.056702,22.644199,1233
粤B4BX37,114.062401,22.6392,1236
粤B4BX37,114.064796,22.633301,1238
粤B4BX37,114.064796,22.633301,1239
粤B4BX37,114.065399,22.631201,1239
粤B4BX37,114.064796,22.6332,1239
粤B4BX37,114.065598,22.630699,1240
粤B4BX37,114.070099,22.630199,1241
粤B4BX37,114.074097,22.6294,1242
粤B4BX37,114.091904,22.631701,1245
粤B4BX37,114.097702,22.6306,1246
粤B4BX37,114.094902,22.632,1246
粤B4BX37,114.1017,22.626699,1247
粤B4BX37,114.108002,22.6224,1248
粤B4BX37,114.1063,22.623501,1248
粤B4BX37,114.112602,22.621401,1249
粤B4BX37,114.111702,22.6215,1249
粤B4BX37,114.110497,22.621599,1249
粤B4BX37,114.113998,22.6213,1250
粤B4BX37,114.124397,22.6141,1252
粤B4BX37,114.121696,22.616501,1252
粤B4BX37,114.116203,22.601299,1257
粤B4BX37,114.1091,22.591801,1260
粤B4BX37,114.111702,22.585899,1262
粤B4BX37,114.116699,22.5765,1263
粤B4BX37,114.115402,22.579,1263
粤B4BX37,114.117203,22.5697,1264
粤B4BX37,114.117699,22.570999,1264
粤B4BX37,114.115997,22.5681,1265
粤B4BX37,114.112999,22.566299,1265
粤B4BX37,114.107597,22.5667,1267
粤B4BX37,114.107597,22.5667,1267
粤B4BX37,114.104797,22.565399,1268
粤B4BX37,114.106903,22.5665,1268
粤B4BX37,114.103897,22.563801,1269
粤B4BX37,114.1017,22.558901,1271
粤B4BX37,114.100197,22.558701,1271
粤B4BX37,114.098,22.558599,1272
粤B4BX37,114.099998,22.558701,1272
粤B4BX37,114.0942,22.558599,1273
粤B4BX37,114.085701,22.569099,1275
粤B4BX37,114.0868,22.567301,1275
粤B4BX37,114.084503,22.5707,1275
粤B4BX37,114.068901,22.569401,1277
粤B4BX37,114.067596,22.5704,1278
粤B4BX37,114.0681,22.5695,1278
粤B4BX37,114.065498,22.576599,1279
粤B4BX37,114.067398,22.5737,1279
粤B4BX37,114.0457,22.598499,1282
粤B4BX37,114.0438,22.600599,1283
粤B4BX37,114.039299,22.6068,1285
粤B4BX37,114.039299,22.6068,1285
粤B4BX37,114.0392,22.6068,1286
粤B4BX37,114.038002,22.608299,1286
粤B4BX37,114.032898,22.614401,1287
粤B4BX37,114.028198,22.622499,1289
粤B4BX37,114.027802,22.623899,1289
粤B4BX37,114.028198,22.6227,1289
粤B4BX37,114.025803,22.6304,1291
粤B4BX37,114.024597,22.6357,1294
粤B4BX37,114.024597,22.6359,1295
粤B4BX37,114.024597,22.635,1296
粤B4BX37,114.025101,22.6327,1296
粤B4BX37,114.023697,22.627701,1298
粤B4BX37,114.0233,22.627701,1299
粤B4BX37,114.023697,22.627701,1299
粤B4BX37,114.024002,22.624001,1300
粤B4BX37,114.024803,22.6201,1302
粤B4BX37,114.026199,22.6171,1303
粤B4BX37,114.0233,22.627701,1305
粤B4BX37,114.024803,22.6201,1309
粤B4BX37,114.026199,22.6171,1310
粤B4BX37,114.022202,22.6092,1310
粤B4BX37,114.022499,22.6099,1310
粤B4BX37,114.023201,22.6105,1311
粤B4BX37,114.023201,22.6105,1311
粤B4BX37,114.023201,22.6105,1311
粤B4BX37,114.023201,22.6105,1311
粤B4BX37,114.021599,22.6105,1312
粤B4BX37,114.020798,22.6112,1313
粤B4BX37,114.018997,22.612499,1314
粤B4BX37,114.021301,22.6138,1314
粤B4BX37,114.026604,22.6164,1315
粤B4BX37,114.023102,22.6089,1317
粤B4BX37,114.022202,22.609301,1318
粤B4BX37,114.022499,22.608999,1318
粤B4BX37,114.023201,22.610399,1324
粤B4BX37,114.023201,22.610399,1324
粤B4BX37,114.023201,22.610399,1325
粤B4BX37,114.023201,22.610399,1325
粤B4BX37,114.023201,22.610399,1326
粤B4BX37,114.023201,22.610399,1326
粤B4BX37,114.023201,22.610399,1327
粤B4BX37,114.021797,22.6108,1330
粤B4BX37,114.021797,22.6108,1331
粤B4BX37,114.021797,22.6108,1331
粤B4BX37,114.021797,22.6108,1331
粤B4BX37,114.021797,22.6108,1332
粤B4BX37,114.021896,22.610701,1334
粤B4BX37,114.021896,22.610701,1335
粤B4BX37,114.021896,22.610701,1337
粤B4BX37,114.021896,22.610701,1338
粤B4BX37,114.021896,22.610701,1338
粤B4BX37,114.021896,22.610701,1339
粤B4BX37,114.021698,22.610201,1340
粤B4BX37,114.019501,22.612101,1341
粤B4BX37,114.022903,22.6147,1342
粤B4BX37,114.0271,22.6157,1342
粤B4BX37,114.030296,22.6105,1344
粤B4BX37,114.029099,22.6127,1344
粤B4BX37,114.0317,22.608801,1345
粤B4BX37,114.031799,22.608801,1346
粤B4BX37,114.0336,22.607201,1346
粤B4BX37,114.042099,22.603001,1349
粤B4BX37,114.041496,22.6038,1349
粤B4BX37,114.042099,22.603001,1349
粤B4BX37,114.044601,22.604601,1352
粤B4BX37,114.043404,22.601601,1353
粤B4BX37,114.043503,22.604,1353
粤B4BX37,114.042099,22.603001,1355
粤B4BX37,114.043404,22.601601,1359
粤B4BX37,114.059196,22.566999,1359
粤B4BX37,114.055397,22.565399,1359
粤B4BX37,114.055397,22.565399,1364
粤B4BX37,114.040199,22.5497,1364
粤B4BX37,114.037697,22.549101,1365
粤B4BX37,114.040199,22.5497,1365
粤B4BX37,114.038803,22.5492,1366
粤B4BX37,114.0364,22.548599,1366
粤B4BX37,114.044403,22.5366,1368
粤B4BX37,114.044296,22.5403,1368
粤B4BX37,114.042099,22.521799,1372
粤B4BX37,114.042099,22.521799,1372
粤B4BX37,114.042099,22.521799,1372
粤B4BX37,114.041801,22.5212,1373
粤B4BX37,114.040497,22.519199,1373
粤B4BX37,114.044403,22.5366,1374
粤B4BX37,114.035698,22.518499,1377
粤B4BX37,114.035301,22.5175,1377
粤B4BX37,114.033501,22.5184,1377
粤B4BX37,114.025703,22.5242,1380
粤B4BX37,114.025101,22.528,1383
粤B4BX37,114.025902,22.527901,1384
粤B4BX37,114.025703,22.528,1384
粤B4BX37,114.026901,22.526699,1385
粤B4BX37,114.030701,22.5268,1387
粤B4BX37,114.031197,22.526899,1387
粤B4BX37,114.032204,22.5264,1388
粤B4BX37,114.0327,22.5263,1388
粤B4BX37,114.041496,22.530899,1390
粤B4BX37,114.037697,22.5305,1390
粤B4BX37,114.0467,22.5313,1391
粤B4BX37,114.051003,22.531401,1391
粤B4BX37,114.065399,22.5238,1394
粤B4BX37,114.066101,22.5226,1394
粤B4BX37,114.0681,22.5212,1395
粤B4BX37,114.065002,22.5233,1398
粤B4BX37,114.066803,22.524,1401
粤B4BX37,114.066803,22.524,1401
粤B4BX37,114.067398,22.523899,1402
粤B4BX37,114.067101,22.523899,1402
粤B4BX37,114.0681,22.523701,1404
粤B4BX37,114.0681,22.523701,1405
粤B4BX37,114.068398,22.523899,1405
粤B4BX37,114.0681,22.523701,1405
粤B4BX37,114.068497,22.524099,1406
粤B4BX37,114.068398,22.524099,1406
粤B4BX37,114.068398,22.5324,1411
粤B4BX37,114.068298,22.529499,1411
粤B4BX37,114.065697,22.532,1412
粤B4BX37,114.062103,22.5341,1413
粤B4BX37,114.062103,22.534,1414
粤B4BX37,114.062103,22.5352,1414
粤B4BX37,114.062302,22.5329,1415
粤B4BX37,114.062798,22.5343,1415
粤B4BX37,114.0606,22.531799,1415
粤B4BX37,114.058502,22.535601,1418
粤B4BX37,114.058197,22.5354,1418
粤B4BX37,114.055901,22.535601,1419
粤B4BX37,114.057297,22.535299,1419
粤B4BX37,114.0513,22.534901,1421
粤B4BX37,114.051201,22.5259,1422
粤B4BX37,114.0513,22.531601,1422
粤B4BX37,114.046799,22.525801,1423
粤B4BX37,114.049301,22.525801,1423
粤B4BX37,114.046898,22.527901,1424
粤B4BX37,114.046799,22.529301,1425
粤B4BX37,114.046799,22.529301,1426
粤B4BX37,114.046898,22.5264,1427
粤B4BX37,114.044601,22.5366,1429
粤B4BX37,114.047798,22.538601,1430
粤B4BX37,114.047302,22.539301,1430
粤B4BX37,114.047897,22.537901,1431
粤B4BX37,114.044601,22.5392,1432
粤B4BX37,114.045502,22.5394,1432
粤B4BX37,114.047401,22.539499,1433
