粤B9HT37,114.136414,22.549583,8
粤B9HT37,114.1381,22.54985,8
粤B9HT37,114.131287,22.548883,9
粤B9HT37,114.130363,22.549168,9
粤B9HT37,114.13253,22.54915,9
粤B9HT37,114.130234,22.548866,10
粤B9HT37,114.128685,22.548967,11
粤B9HT37,114.1287,22.549067,11
粤B9HT37,114.128647,22.54995,11
粤B9HT37,114.128349,22.550234,12
粤B9HT37,114.126083,22.549717,12
粤B9HT37,114.128403,22.550266,12
粤B9HT37,114.126221,22.549767,13
粤B9HT37,114.126137,22.549833,13
粤B9HT37,114.126114,22.549868,13
粤B9HT37,114.126251,22.549732,14
粤B9HT37,114.126282,22.549732,14
粤B9HT37,114.125954,22.549982,14
粤B9HT37,114.125534,22.553217,15
粤B9HT37,114.12468,22.55365,20
粤B9HT37,114.124519,22.553699,25
粤B9HT37,114.124496,22.553867,30
粤B9HT37,114.124496,22.553867,32
粤B9HT37,114.124496,22.553867,32
粤B9HT37,114.124496,22.553867,32
粤B9HT37,114.124031,22.554417,33
粤B9HT37,114.125298,22.553432,34
粤B9HT37,114.124664,22.55265,35
粤B9HT37,114.124168,22.552532,35
粤B9HT37,114.123665,22.552366,35
粤B9HT37,114.12368,22.552383,35
粤B9HT37,114.122749,22.552,36
粤B9HT37,114.12323,22.552233,36
粤B9HT37,114.123665,22.552366,36
粤B9HT37,114.122353,22.551968,36
粤B9HT37,114.121819,22.552099,37
粤B9HT37,114.11927,22.552082,37
粤B9HT37,114.118568,22.551867,37
粤B9HT37,114.120697,22.552168,37
粤B9HT37,114.120468,22.556267,38
粤B9HT37,114.119034,22.553249,38
粤B9HT37,114.118317,22.551867,38
粤B9HT37,114.119568,22.554916,38
粤B9HT37,114.121185,22.556816,39
粤B9HT37,114.12072,22.559017,39
粤B9HT37,114.121284,22.557783,39
粤B9HT37,114.116417,22.558884,40
粤B9HT37,114.113434,22.558884,40
粤B9HT37,114.1119,22.560133,40
粤B9HT37,114.112221,22.5625,40
粤B9HT37,114.112663,22.568367,41
粤B9HT37,114.112747,22.566833,41
粤B9HT37,114.112701,22.564934,41
粤B9HT37,114.113899,22.572416,42
粤B9HT37,114.114067,22.576283,42
粤B9HT37,114.114037,22.574318,42
粤B9HT37,114.113335,22.570183,42
粤B9HT37,114.109184,22.576384,43
粤B9HT37,114.11113,22.57675,43
粤B9HT37,114.104965,22.573917,44
粤B9HT37,114.107185,22.57535,44
粤B9HT37,114.102997,22.5725,44
粤B9HT37,114.100098,22.57085,44
粤B9HT37,114.091766,22.56745,45
粤B9HT37,114.088669,22.5669,45
粤B9HT37,114.094666,22.56815,45
粤B9HT37,114.086235,22.566418,46
粤B9HT37,114.067299,22.573,48
粤B9HT37,114.068069,22.569651,48
粤B9HT37,114.046204,22.597267,51
粤B9HT37,114.043854,22.604082,52
粤B9HT37,114.043915,22.599951,52
粤B9HT37,114.044701,22.609751,52
粤B9HT37,114.044319,22.607166,52
粤B9HT37,114.044701,22.6154,53
粤B9HT37,114.044365,22.620033,53
粤B9HT37,114.044518,22.618366,53
粤B9HT37,114.04483,22.612682,53
粤B9HT37,114.045883,22.620867,54
粤B9HT37,114.047783,22.621468,54
粤B9HT37,114.049599,22.622066,54
粤B9HT37,114.050682,22.622618,55
粤B9HT37,114.050133,22.622183,55
粤B9HT37,114.050468,22.6222,55
粤B9HT37,114.050148,22.624483,56
粤B9HT37,114.050484,22.625334,56
粤B9HT37,114.053833,22.625418,57
粤B9HT37,114.055115,22.625168,57
粤B9HT37,114.055153,22.625233,57
粤B9HT37,114.055153,22.625233,58
粤B9HT37,114.054947,22.625032,58
粤B9HT37,114.055084,22.625183,58
粤B9HT37,114.054886,22.624767,58
粤B9HT37,114.055199,22.618483,59
粤B9HT37,114.05513,22.623249,59
粤B9HT37,114.055717,22.621651,59
粤B9HT37,114.054901,22.611099,60
粤B9HT37,114.05558,22.61495,60
粤B9HT37,114.055168,22.612984,60
粤B9HT37,114.05587,22.616632,60
粤B9HT37,114.05027,22.604767,61
粤B9HT37,114.053467,22.607117,61
粤B9HT37,114.054283,22.608732,61
粤B9HT37,114.052017,22.6057,61
粤B9HT37,114.04808,22.604317,62
粤B9HT37,114.045967,22.604168,62
粤B9HT37,114.04718,22.604183,62
粤B9HT37,114.044197,22.604834,62
粤B9HT37,114.043831,22.599899,63
粤B9HT37,114.043434,22.603483,63
粤B9HT37,114.043381,22.601667,63
粤B9HT37,114.044502,22.598034,63
粤B9HT37,114.048553,22.591867,64
粤B9HT37,114.045883,22.596083,64
粤B9HT37,114.047203,22.59425,64
粤B9HT37,114.058067,22.578318,66
粤B9HT37,114.06192,22.57785,66
粤B9HT37,114.063766,22.5774,66
粤B9HT37,114.065918,22.573816,67
粤B9HT37,114.065804,22.576166,67
粤B9HT37,114.065552,22.574667,67
粤B9HT37,114.065834,22.574932,67
粤B9HT37,114.066734,22.571133,68
粤B9HT37,114.066231,22.572582,68
粤B9HT37,114.066315,22.571251,68
粤B9HT37,114.066635,22.571117,68
粤B9HT37,114.067032,22.57115,69
粤B9HT37,114.067451,22.570017,69
粤B9HT37,114.067497,22.56785,69
粤B9HT37,114.066734,22.571133,69
粤B9HT37,114.06765,22.560017,70
粤B9HT37,114.067619,22.562532,70
粤B9HT37,114.067551,22.565468,70
粤B9HT37,114.067635,22.558283,70
粤B9HT37,114.067635,22.558283,71
粤B9HT37,114.067635,22.558283,71
粤B9HT37,114.067635,22.558283,71
粤B9HT37,114.067635,22.558283,71
粤B9HT37,114.067665,22.556717,72
粤B9HT37,114.067764,22.551634,72
粤B9HT37,114.067734,22.554399,72
粤B9HT37,114.067635,22.558283,72
粤B9HT37,114.067749,22.5513,73
粤B9HT37,114.06768,22.551332,73
粤B9HT37,114.067749,22.5513,73
粤B9HT37,114.067749,22.5513,73
粤B9HT37,114.067833,22.547667,74
粤B9HT37,114.067764,22.549683,74
粤B9HT37,114.071014,22.54805,74
粤B9HT37,114.069336,22.547817,74
粤B9HT37,114.072853,22.547768,75
粤B9HT37,114.076019,22.547033,75
粤B9HT37,114.074753,22.5473,75
粤B9HT37,114.075813,22.547016,75
粤B9HT37,114.079552,22.547016,76
粤B9HT37,114.078117,22.547001,76
粤B9HT37,114.080849,22.547033,76
粤B9HT37,114.077103,22.547016,76
粤B9HT37,114.081467,22.546949,77
粤B9HT37,114.08223,22.546949,77
粤B9HT37,114.083397,22.547016,77
粤B9HT37,114.083847,22.54705,77
粤B9HT37,114.084869,22.547068,78
粤B9HT37,114.086151,22.54715,78
粤B9HT37,114.087799,22.547199,78
粤B9HT37,114.087402,22.547199,78
粤B9HT37,114.091003,22.5471,79
粤B9HT37,114.089546,22.547167,79
粤B9HT37,114.087799,22.547199,79
粤B9HT37,114.088364,22.547182,79
粤B9HT37,114.091187,22.54565,80
粤B9HT37,114.09137,22.545349,80
粤B9HT37,114.091187,22.54565,80
粤B9HT37,114.091133,22.545717,80
粤B9HT37,114.091202,22.543583,81
粤B9HT37,114.095184,22.541483,82
粤B9HT37,114.095131,22.543118,82
粤B9HT37,114.095184,22.54125,82
粤B9HT37,114.097717,22.540083,83
粤B9HT37,114.09655,22.540068,83
粤B9HT37,114.097534,22.540117,83
粤B9HT37,114.096169,22.5401,83
粤B9HT37,114.098648,22.538383,84
粤B9HT37,114.099403,22.539101,84
粤B9HT37,114.099113,22.540167,84
粤B9HT37,114.079849,22.536333,86
粤B9HT37,114.078186,22.5336,86
粤B9HT37,114.071884,22.531851,87
粤B9HT37,114.07695,22.532066,87
粤B9HT37,114.069931,22.532183,87
粤B9HT37,114.074631,22.531866,87
粤B9HT37,114.068497,22.541117,88
粤B9HT37,114.068199,22.536051,88
粤B9HT37,114.06813,22.538733,88
粤B9HT37,114.068298,22.533934,88
粤B9HT37,114.068016,22.54735,89
粤B9HT37,114.068916,22.543617,89
粤B9HT37,114.068047,22.545782,89
粤B9HT37,114.068069,22.547199,89
粤B9HT37,114.068001,22.549067,90
粤B9HT37,114.067886,22.553667,90
粤B9HT37,114.067818,22.556133,90
粤B9HT37,114.066368,22.558149,91
粤B9HT37,114.06208,22.55875,91
粤B9HT37,114.064133,22.558132,91
粤B9HT37,114.067764,22.558001,91
粤B9HT37,114.058586,22.56185,92
粤B9HT37,114.055031,22.562532,92
粤B9HT37,114.06015,22.5604,92
粤B9HT37,114.056831,22.5625,92
粤B9HT37,114.053482,22.562717,93
粤B9HT37,114.054619,22.562567,93
粤B9HT37,114.050034,22.562267,93
粤B9HT37,114.051514,22.5627,93
粤B9HT37,114.049431,22.5634,94
粤B9HT37,114.049515,22.563232,94
粤B9HT37,114.049202,22.563368,94
粤B9HT37,114.049431,22.5634,94
粤B9HT37,114.049416,22.562683,95
粤B9HT37,114.049881,22.561951,95
粤B9HT37,114.049667,22.562166,95
粤B9HT37,114.04908,22.563433,95
粤B9HT37,114.055267,22.562267,96
粤B9HT37,114.057465,22.562283,96
粤B9HT37,114.053398,22.562416,96
粤B9HT37,114.05143,22.562468,96
粤B9HT37,114.060631,22.55965,97
粤B9HT37,114.062515,22.556,97
粤B9HT37,114.059067,22.561132,97
粤B9HT37,114.06218,22.557899,97
粤B9HT37,114.063202,22.551149,98
粤B9HT37,114.062317,22.553667,98
粤B9HT37,114.064751,22.550966,98
粤B9HT37,114.067886,22.548201,99
粤B9HT37,114.067101,22.551001,99
粤B9HT37,114.067749,22.550217,99
粤B9HT37,114.067635,22.547251,99
粤B9HT37,114.067802,22.54775,100
粤B9HT37,114.069084,22.5478,100
粤B9HT37,114.0746,22.547367,101
粤B9HT37,114.075836,22.547033,101
粤B9HT37,114.070801,22.5481,101
粤B9HT37,114.072449,22.547916,101
粤B9HT37,114.075836,22.547033,102
粤B9HT37,114.075882,22.547033,102
粤B9HT37,114.076965,22.546949,102
粤B9HT37,114.077751,22.54705,102
粤B9HT37,114.07618,22.548283,103
粤B9HT37,114.078018,22.547068,103
粤B9HT37,114.076202,22.548834,104
粤B9HT37,114.07618,22.549717,104
粤B9HT37,114.076164,22.551149,104
粤B9HT37,114.076164,22.551216,104
粤B9HT37,114.077904,22.553682,105
粤B9HT37,114.0765,22.551916,105
粤B9HT37,114.077835,22.553617,105
粤B9HT37,114.076164,22.551216,105
粤B9HT37,114.078453,22.554417,106
粤B9HT37,114.07972,22.556,106
粤B9HT37,114.082603,22.55995,107
粤B9HT37,114.084251,22.562401,107
粤B9HT37,114.085548,22.564333,107
粤B9HT37,114.081184,22.557882,107
粤B9HT37,114.086334,22.568016,108
粤B9HT37,114.083633,22.5716,108
粤B9HT37,114.085136,22.570066,108
粤B9HT37,114.086868,22.56625,108
粤B9HT37,114.080917,22.572567,109
粤B9HT37,114.069534,22.56945,110
粤B9HT37,114.049065,22.591034,113
粤B9HT37,114.046516,22.595984,113
粤B9HT37,114.046982,22.595016,113
粤B9HT37,114.043602,22.602501,114
粤B9HT37,114.045731,22.5984,114
粤B9HT37,114.044121,22.60005,114
粤B9HT37,114.04393,22.604349,114
粤B9HT37,114.0448,22.610683,115
粤B9HT37,114.04467,22.616501,115
粤B9HT37,114.044479,22.607668,115
粤B9HT37,114.044853,22.61385,115
粤B9HT37,114.045418,22.620716,116
粤B9HT37,114.047318,22.621384,116
粤B9HT37,114.04425,22.619383,116
粤B9HT37,114.04702,22.621384,116
粤B9HT37,114.04258,22.620184,117
粤B9HT37,114.044647,22.620649,117
粤B9HT37,114.040718,22.618099,117
粤B9HT37,114.040817,22.61935,117
粤B9HT37,114.040848,22.615967,118
粤B9HT37,114.040298,22.615351,118
粤B9HT37,114.040871,22.617268,118
粤B9HT37,114.040764,22.617884,118
粤B9HT37,114.038902,22.614483,119
粤B9HT37,114.039101,22.614616,119
粤B9HT37,114.038902,22.614483,119
粤B9HT37,114.038902,22.614483,119
粤B9HT37,114.038879,22.613951,120
粤B9HT37,114.040398,22.611151,120
粤B9HT37,114.039719,22.612482,120
粤B9HT37,114.038902,22.614483,120
粤B9HT37,114.038834,22.607651,121
粤B9HT37,114.040634,22.60865,121
粤B9HT37,114.039398,22.607933,121
粤B9HT37,114.040619,22.609568,121
粤B9HT37,114.038834,22.607651,122
粤B9HT37,114.038834,22.607651,122
粤B9HT37,114.038834,22.607651,122
粤B9HT37,114.038834,22.607651,122
粤B9HT37,114.038597,22.607367,123
粤B9HT37,114.042053,22.603033,123
粤B9HT37,114.039551,22.606117,123
粤B9HT37,114.041031,22.604282,123
粤B9HT37,114.043449,22.601101,124
粤B9HT37,114.044151,22.599318,124
粤B9HT37,114.042114,22.602966,124
粤B9HT37,114.042801,22.602133,124
粤B9HT37,114.046814,22.594982,125
粤B9HT37,114.048218,22.592501,125
粤B9HT37,114.0495,22.590384,125
粤B9HT37,114.045219,22.5968,125
粤B9HT37,114.060852,22.577967,127
粤B9HT37,114.06353,22.577482,127
粤B9HT37,114.067566,22.5693,128
粤B9HT37,114.067497,22.571533,128
粤B9HT37,114.067215,22.574051,128
粤B9HT37,114.06768,22.560682,129
粤B9HT37,114.067596,22.566418,129
粤B9HT37,114.067719,22.558567,129
粤B9HT37,114.067635,22.563683,129
粤B9HT37,114.067719,22.558283,130
粤B9HT37,114.067719,22.558283,130
粤B9HT37,114.067719,22.558283,130
粤B9HT37,114.067719,22.558283,130
粤B9HT37,114.067703,22.5583,131
粤B9HT37,114.071053,22.558018,131
粤B9HT37,114.07077,22.557983,131
粤B9HT37,114.068604,22.557949,131
粤B9HT37,114.071884,22.558033,132
粤B9HT37,114.076736,22.558149,132
粤B9HT37,114.074135,22.558067,132
粤B9HT37,114.079948,22.558167,132
粤B9HT37,114.088867,22.5583,133
粤B9HT37,114.090736,22.5583,133
粤B9HT37,114.082603,22.558167,133
粤B9HT37,114.085831,22.558283,133
粤B9HT37,114.090736,22.5583,134
粤B9HT37,114.090736,22.5583,134
粤B9HT37,114.090736,22.5583,134
粤B9HT37,114.090736,22.5583,134
粤B9HT37,114.0914,22.558317,135
粤B9HT37,114.098831,22.5585,135
粤B9HT37,114.09375,22.558483,135
粤B9HT37,114.096298,22.5585,135
粤B9HT37,114.09893,22.558149,136
粤B9HT37,114.099014,22.558468,136
粤B9HT37,114.099014,22.558468,136
粤B9HT37,114.09893,22.558149,136
粤B9HT37,114.103699,22.558468,137
粤B9HT37,114.10405,22.556984,137
粤B9HT37,114.09948,22.55805,137
粤B9HT37,114.101669,22.558367,137
粤B9HT37,114.104218,22.553383,138
粤B9HT37,114.104118,22.555367,138
粤B9HT37,114.104233,22.552633,138
粤B9HT37,114.105148,22.550966,138
粤B9HT37,114.104469,22.549217,139
粤B9HT37,114.104469,22.549217,139
粤B9HT37,114.104469,22.549217,140
粤B9HT37,114.104851,22.549183,140
粤B9HT37,114.105469,22.547882,140
粤B9HT37,114.105881,22.546499,140
粤B9HT37,114.106102,22.545082,142
粤B9HT37,114.107246,22.545183,142
粤B9HT37,114.106102,22.545082,142
粤B9HT37,114.114166,22.546017,143
粤B9HT37,114.117218,22.546499,144
粤B9HT37,114.122749,22.545017,145
粤B9HT37,114.121964,22.546066,145
粤B9HT37,114.12587,22.542883,146
粤B9HT37,114.125916,22.543751,146
粤B9HT37,114.125717,22.544968,146
粤B9HT37,114.1241,22.545017,146
粤B9HT37,114.125549,22.542917,147
粤B9HT37,114.125549,22.542917,147
粤B9HT37,114.125549,22.542917,147
粤B9HT37,114.125549,22.542917,147
粤B9HT37,114.125549,22.542917,148
粤B9HT37,114.125481,22.542833,148
粤B9HT37,114.125549,22.542917,148
粤B9HT37,114.12545,22.543051,153
粤B9HT37,114.125771,22.542749,153
粤B9HT37,114.12545,22.543051,153
粤B9HT37,114.12545,22.543051,153
粤B9HT37,114.128754,22.543484,154
粤B9HT37,114.127083,22.542717,154
粤B9HT37,114.130669,22.544567,154
粤B9HT37,114.125954,22.542316,154
粤B9HT37,114.13475,22.547234,155
粤B9HT37,114.132683,22.545717,155
粤B9HT37,114.153732,22.557934,157
粤B9HT37,114.151154,22.556334,157
粤B9HT37,114.15715,22.560633,158
粤B9HT37,114.15535,22.559168,158
粤B9HT37,114.161552,22.562366,158
粤B9HT37,114.159515,22.561817,158
粤B9HT37,114.168297,22.5618,159
粤B9HT37,114.163986,22.5625,159
粤B9HT37,114.168114,22.5625,159
粤B9HT37,114.166069,22.562532,159
粤B9HT37,114.168564,22.561817,160
粤B9HT37,114.168564,22.561817,160
粤B9HT37,114.168564,22.561817,160
粤B9HT37,114.168587,22.561899,165
粤B9HT37,114.168503,22.561817,170
粤B9HT37,114.168503,22.561817,175
粤B9HT37,114.168503,22.561817,180
粤B9HT37,114.168617,22.56185,195
粤B9HT37,114.168633,22.561968,200
粤B9HT37,114.168785,22.561983,205
粤B9HT37,114.168785,22.561983,210
粤B9HT37,114.168785,22.562,215
粤B9HT37,114.168854,22.561951,220
粤B9HT37,114.168854,22.561951,225
粤B9HT37,114.16893,22.561768,230
粤B9HT37,114.168716,22.561867,235
粤B9HT37,114.168831,22.561968,240
粤B9HT37,114.168831,22.561968,245
粤B9HT37,114.168831,22.561968,250
粤B9HT37,114.168732,22.561884,255
粤B9HT37,114.168732,22.561884,260
粤B9HT37,114.168732,22.561884,265
粤B9HT37,114.168732,22.561884,270
粤B9HT37,114.168732,22.561884,275
粤B9HT37,114.168732,22.561884,280
粤B9HT37,114.16893,22.561884,285
粤B9HT37,114.168549,22.56185,290
粤B9HT37,114.168549,22.56185,295
粤B9HT37,114.168549,22.56185,300
粤B9HT37,114.168549,22.56185,310
粤B9HT37,114.168549,22.56185,315
粤B9HT37,114.168549,22.56185,320
粤B9HT37,114.168282,22.561617,325
粤B9HT37,114.168282,22.561617,330
粤B9HT37,114.168221,22.561649,335
粤B9HT37,114.168266,22.5618,340
粤B9HT37,114.168282,22.561684,345
粤B9HT37,114.168282,22.561684,350
粤B9HT37,114.168518,22.561899,355
粤B9HT37,114.168518,22.562082,360
粤B9HT37,114.168602,22.562134,370
粤B9HT37,114.168602,22.562134,375
粤B9HT37,114.168602,22.562134,380
粤B9HT37,114.168602,22.562134,385
粤B9HT37,114.168716,22.561899,390
粤B9HT37,114.168686,22.562267,395
粤B9HT37,114.168633,22.562067,400
粤B9HT37,114.168701,22.562067,405
粤B9HT37,114.168686,22.562033,410
粤B9HT37,114.168686,22.562033,415
粤B9HT37,114.168633,22.562134,420
粤B9HT37,114.168518,22.562067,425
粤B9HT37,114.168884,22.562183,430
粤B9HT37,114.168915,22.562218,435
粤B9HT37,114.1688,22.561884,440
粤B9HT37,114.1688,22.561884,445
粤B9HT37,114.168831,22.56185,450
粤B9HT37,114.168831,22.56185,455
粤B9HT37,114.168831,22.56185,456
粤B9HT37,114.168831,22.56185,457
粤B9HT37,114.168831,22.56185,457
粤B9HT37,114.168831,22.56185,457
粤B9HT37,114.168831,22.56185,457
粤B9HT37,114.168831,22.56185,458
粤B9HT37,114.168831,22.56185,458
粤B9HT37,114.168831,22.56185,458
粤B9HT37,114.168831,22.56185,458
粤B9HT37,114.168831,22.56185,459
粤B9HT37,114.168831,22.56185,459
粤B9HT37,114.168831,22.56185,459
粤B9HT37,114.168831,22.56185,459
粤B9HT37,114.168831,22.56185,460
粤B9HT37,114.168831,22.56185,460
粤B9HT37,114.168831,22.56185,460
粤B9HT37,114.168831,22.56185,460
粤B9HT37,114.168831,22.56185,461
粤B9HT37,114.168831,22.56185,461
粤B9HT37,114.168831,22.56185,461
粤B9HT37,114.168831,22.56185,461
粤B9HT37,114.170937,22.562599,462
粤B9HT37,114.170898,22.563883,462
粤B9HT37,114.169479,22.5618,462
粤B9HT37,114.1707,22.5618,462
粤B9HT37,114.170914,22.565268,463
粤B9HT37,114.170952,22.566233,463
粤B9HT37,114.170952,22.566233,463
粤B9HT37,114.170952,22.566233,463
粤B9HT37,114.1707,22.564266,464
粤B9HT37,114.170914,22.565434,464
粤B9HT37,114.170883,22.566282,464
粤B9HT37,114.170914,22.565933,464
粤B9HT37,114.163635,22.562767,465
粤B9HT37,114.166321,22.562782,465
粤B9HT37,114.170547,22.56315,465
粤B9HT37,114.169197,22.562817,465
粤B9HT37,114.160919,22.562532,466
粤B9HT37,114.161469,22.562651,466
粤B9HT37,114.161865,22.562717,466
粤B9HT37,114.161163,22.562599,466
粤B9HT37,114.15863,22.561701,467
粤B9HT37,114.159264,22.561899,467
粤B9HT37,114.160271,22.562332,467
粤B9HT37,114.159798,22.562149,467
粤B9HT37,114.157967,22.561434,468
粤B9HT37,114.158264,22.5616,468
粤B9HT37,114.157654,22.561234,468
粤B9HT37,114.157219,22.561068,468
粤B9HT37,114.156868,22.56085,469
粤B9HT37,114.15583,22.55995,469
粤B9HT37,114.1567,22.560667,469
粤B9HT37,114.156334,22.560383,469
粤B9HT37,114.15152,22.555668,470
粤B9HT37,114.154915,22.559282,470
粤B9HT37,114.153786,22.558216,470
粤B9HT37,114.147903,22.558884,471
粤B9HT37,114.148483,22.559834,471
粤B9HT37,114.149315,22.558149,471
粤B9HT37,114.15033,22.556601,471
粤B9HT37,114.146385,22.557234,472
粤B9HT37,114.147148,22.557783,472
粤B9HT37,114.145821,22.556732,472
粤B9HT37,114.14595,22.556984,472
粤B9HT37,114.146034,22.556316,473
粤B9HT37,114.146301,22.554716,473
粤B9HT37,114.146217,22.555433,473
粤B9HT37,114.146317,22.554701,473
粤B9HT37,114.145317,22.553301,474
粤B9HT37,114.146286,22.554268,474
粤B9HT37,114.146301,22.554716,474
粤B9HT37,114.144386,22.552401,474
粤B9HT37,114.144798,22.550699,475
粤B9HT37,114.144852,22.551533,475
粤B9HT37,114.144814,22.550751,475
粤B9HT37,114.144798,22.550699,475
粤B9HT37,114.143898,22.550167,476
粤B9HT37,114.144279,22.550467,476
粤B9HT37,114.143867,22.550333,476
粤B9HT37,114.143867,22.550333,476
粤B9HT37,114.143066,22.550249,477
粤B9HT37,114.143417,22.550117,477
粤B9HT37,114.142349,22.550182,477
粤B9HT37,114.142685,22.550217,477
粤B9HT37,114.141869,22.550133,478
粤B9HT37,114.141869,22.550133,478
粤B9HT37,114.142014,22.550133,478
粤B9HT37,114.141685,22.550117,478
粤B9HT37,114.140984,22.54995,479
粤B9HT37,114.141548,22.550083,479
粤B9HT37,114.141418,22.549999,479
粤B9HT37,114.141197,22.54995,479
粤B9HT37,114.1409,22.549932,480
粤B9HT37,114.139,22.549801,480
粤B9HT37,114.140533,22.549816,480
粤B9HT37,114.139832,22.549801,480
粤B9HT37,114.138664,22.549784,481
粤B9HT37,114.13855,22.549801,481
粤B9HT37,114.13855,22.549801,481
粤B9HT37,114.13855,22.549801,481
粤B9HT37,114.13855,22.549801,482
粤B9HT37,114.13855,22.549784,482
粤B9HT37,114.13855,22.549801,482
粤B9HT37,114.13855,22.549801,482
粤B9HT37,114.138466,22.549801,483
粤B9HT37,114.13855,22.549784,483
粤B9HT37,114.13855,22.549784,483
粤B9HT37,114.13855,22.549784,483
粤B9HT37,114.156952,22.560432,488
粤B9HT37,114.155029,22.558849,488
粤B9HT37,114.158951,22.561583,488
粤B9HT37,114.161766,22.562366,488
粤B9HT37,114.166481,22.562532,489
粤B9HT37,114.167969,22.562468,489
粤B9HT37,114.165016,22.562483,489
粤B9HT37,114.163666,22.562468,489
粤B9HT37,114.169968,22.561617,490
粤B9HT37,114.168785,22.561617,490
粤B9HT37,114.170937,22.561916,490
粤B9HT37,114.168251,22.562017,490
粤B9HT37,114.170952,22.562918,491
粤B9HT37,114.170898,22.564034,491
粤B9HT37,114.170952,22.566418,491
粤B9HT37,114.170898,22.5653,491
粤B9HT37,114.172432,22.566532,492
粤B9HT37,114.171936,22.566816,492
粤B9HT37,114.171021,22.566883,492
粤B9HT37,114.17247,22.5653,492
粤B9HT37,114.172531,22.564899,493
粤B9HT37,114.17247,22.565001,493
粤B9HT37,114.17247,22.565001,493
粤B9HT37,114.172501,22.565001,493
粤B9HT37,114.172035,22.566999,494
粤B9HT37,114.17247,22.565866,494
粤B9HT37,114.172432,22.5669,494
粤B9HT37,114.172432,22.5669,494
粤B9HT37,114.171967,22.567118,495
粤B9HT37,114.172165,22.567284,495
粤B9HT37,114.171967,22.567118,495
粤B9HT37,114.172066,22.566982,495
粤B9HT37,114.17205,22.566982,496
粤B9HT37,114.170898,22.566868,496
粤B9HT37,114.170853,22.565901,496
粤B9HT37,114.171501,22.566933,496
粤B9HT37,114.170784,22.565067,497
粤B9HT37,114.170784,22.563284,497
粤B9HT37,114.170799,22.563868,497
粤B9HT37,114.15815,22.561483,498
粤B9HT37,114.163582,22.562668,498
粤B9HT37,114.155632,22.559668,499
粤B9HT37,114.154297,22.558701,499
粤B9HT37,114.150932,22.556334,500
粤B9HT37,114.146118,22.55545,500
粤B9HT37,114.14872,22.55595,500
粤B9HT37,114.153084,22.557667,500
粤B9HT37,114.141899,22.555866,501
粤B9HT37,114.140114,22.557333,501
粤B9HT37,114.144249,22.555567,501
粤B9HT37,114.140579,22.559868,501
粤B9HT37,114.13868,22.564768,502
粤B9HT37,114.140671,22.56245,502
粤B9HT37,114.137749,22.57015,502
粤B9HT37,114.133598,22.576883,503
粤B9HT37,114.136047,22.576166,503
粤B9HT37,114.125786,22.577118,504
粤B9HT37,114.128571,22.577566,504
粤B9HT37,114.123466,22.576767,504
粤B9HT37,114.130402,22.577766,504
粤B9HT37,114.119652,22.576532,505
粤B9HT37,114.120049,22.576483,505
粤B9HT37,114.120949,22.576651,505
粤B9HT37,114.121719,22.576668,505
粤B9HT37,114.117203,22.576782,506
粤B9HT37,114.118568,22.576616,506
粤B9HT37,114.117851,22.576717,506
粤B9HT37,114.118217,22.576599,506
粤B9HT37,114.116219,22.576599,507
粤B9HT37,114.115379,22.576483,507
粤B9HT37,114.113853,22.57655,507
粤B9HT37,114.114647,22.57655,507
粤B9HT37,114.10675,22.574633,508
粤B9HT37,114.112663,22.576517,508
粤B9HT37,114.108665,22.575832,508
粤B9HT37,114.110832,22.576401,508
粤B9HT37,114.101448,22.571501,509
粤B9HT37,114.100883,22.571234,509
粤B9HT37,114.102982,22.572416,509
粤B9HT37,114.104797,22.573433,509
粤B9HT37,114.099915,22.57065,510
粤B9HT37,114.098969,22.570032,510
粤B9HT37,114.100365,22.570984,510
粤B9HT37,114.099365,22.570333,510
粤B9HT37,114.096764,22.569166,511
粤B9HT37,114.098396,22.569866,511
粤B9HT37,114.097321,22.569401,511
粤B9HT37,114.097954,22.569668,511
粤B9HT37,114.094482,22.568317,512
粤B9HT37,114.095551,22.568666,512
粤B9HT37,114.095001,22.568434,512
粤B9HT37,114.096153,22.56885,512
粤B9HT37,114.093231,22.56805,513
粤B9HT37,114.090897,22.567551,513
粤B9HT37,114.089752,22.567284,513
粤B9HT37,114.092148,22.56815,513
粤B9HT37,114.086647,22.567316,514
粤B9HT37,114.085335,22.5695,514
粤B9HT37,114.088303,22.56695,514
粤B9HT37,114.084167,22.571133,514
粤B9HT37,114.082603,22.571917,515
粤B9HT37,114.079536,22.572617,515
粤B9HT37,114.07753,22.572533,515
粤B9HT37,114.081284,22.572367,515
粤B9HT37,114.073402,22.570482,516
粤B9HT37,114.07132,22.569567,516
粤B9HT37,114.075081,22.571632,516
粤B9HT37,114.069283,22.5693,516
粤B9HT37,114.060753,22.5676,517
粤B9HT37,114.063301,22.568567,517
粤B9HT37,114.065247,22.568783,517
粤B9HT37,114.0672,22.568968,517
粤B9HT37,114.052734,22.565018,518
粤B9HT37,114.050285,22.565132,518
粤B9HT37,114.055534,22.565268,518
粤B9HT37,114.057968,22.566383,518
粤B9HT37,114.04248,22.564167,519
粤B9HT37,114.045082,22.564951,519
粤B9HT37,114.040718,22.563766,519
粤B9HT37,114.040253,22.562967,520
粤B9HT37,114.03978,22.564217,520
粤B9HT37,114.039749,22.563551,520
粤B9HT37,114.038818,22.563749,520
粤B9HT37,114.040871,22.561783,521
粤B9HT37,114.041069,22.561449,521
粤B9HT37,114.040871,22.561783,521
粤B9HT37,114.040871,22.561783,521
粤B9HT37,114.042664,22.557734,522
粤B9HT37,114.04213,22.559483,522
粤B9HT37,114.041763,22.560301,522
粤B9HT37,114.042618,22.557751,523
粤B9HT37,114.042831,22.55825,523
粤B9HT37,114.042747,22.558201,523
粤B9HT37,114.043365,22.557217,523
粤B9HT37,114.040604,22.55625,524
粤B9HT37,114.039917,22.556316,524
粤B9HT37,114.042534,22.5567,524
粤B9HT37,114.039581,22.556168,524
粤B9HT37,114.040085,22.556334,525
粤B9HT37,114.040764,22.556232,525
粤B9HT37,114.041847,22.556383,525
粤B9HT37,114.040085,22.556334,525
粤B9HT37,114.04213,22.556683,526
粤B9HT37,114.042114,22.556683,526
粤B9HT37,114.042114,22.556683,526
粤B9HT37,114.042114,22.556618,526
粤B9HT37,114.04232,22.556917,527
粤B9HT37,114.042564,22.55695,527
粤B9HT37,114.0429,22.556767,527
粤B9HT37,114.04232,22.556917,527
粤B9HT37,114.043297,22.556017,528
粤B9HT37,114.043404,22.555901,528
粤B9HT37,114.043297,22.556017,528
粤B9HT37,114.043404,22.555901,528
粤B9HT37,114.043221,22.553667,529
粤B9HT37,114.043518,22.555532,529
粤B9HT37,114.043549,22.554533,529
粤B9HT37,114.043404,22.555901,529
粤B9HT37,114.041679,22.55335,530
粤B9HT37,114.041786,22.553301,530
粤B9HT37,114.041801,22.5534,530
粤B9HT37,114.04245,22.553034,530
粤B9HT37,114.041031,22.556232,531
粤B9HT37,114.040886,22.555099,531
粤B9HT37,114.040634,22.554068,531
粤B9HT37,114.041382,22.55335,531
粤B9HT37,114.043198,22.556482,532
粤B9HT37,114.043198,22.556467,532
粤B9HT37,114.044014,22.556932,532
粤B9HT37,114.042618,22.556517,532
粤B9HT37,114.045815,22.558416,533
粤B9HT37,114.04982,22.561733,533
粤B9HT37,114.047836,22.560118,533
粤B9HT37,114.057632,22.562332,534
粤B9HT37,114.057732,22.562317,534
粤B9HT37,114.05497,22.562317,534
粤B9HT37,114.057732,22.562317,534
粤B9HT37,114.057831,22.562117,535
粤B9HT37,114.057732,22.562317,535
粤B9HT37,114.057732,22.562317,535
粤B9HT37,114.059303,22.560917,535
粤B9HT37,114.063637,22.557632,536
粤B9HT37,114.061165,22.559151,536
粤B9HT37,114.066071,22.557949,536
粤B9HT37,114.088203,22.551733,546
粤B9HT37,114.087982,22.551701,546
粤B9HT37,114.089417,22.551783,547
粤B9HT37,114.08947,22.55175,547
粤B9HT37,114.089447,22.55175,547
粤B9HT37,114.088669,22.5516,547
粤B9HT37,114.089134,22.5527,548
粤B9HT37,114.089218,22.552868,548
粤B9HT37,114.08918,22.552418,548
粤B9HT37,114.089317,22.55245,549
粤B9HT37,114.090347,22.551817,549
粤B9HT37,114.090347,22.551817,549
粤B9HT37,114.090347,22.551817,549
粤B9HT37,114.090347,22.551817,550
粤B9HT37,114.090347,22.551817,550
粤B9HT37,114.090347,22.551817,550
粤B9HT37,114.090347,22.551817,550
粤B9HT37,114.090767,22.551718,551
粤B9HT37,114.090347,22.551817,551
粤B9HT37,114.092232,22.551733,551
粤B9HT37,114.090347,22.551817,551
粤B9HT37,114.095215,22.551849,552
粤B9HT37,114.096947,22.551867,552
粤B9HT37,114.093498,22.551817,552
粤B9HT37,114.100502,22.552168,553
粤B9HT37,114.101547,22.55245,554
粤B9HT37,114.103767,22.552567,554
粤B9HT37,114.1036,22.55345,555
粤B9HT37,114.103653,22.553467,555
粤B9HT37,114.103668,22.553217,555
粤B9HT37,114.106514,22.553183,557
粤B9HT37,114.11438,22.553867,559
粤B9HT37,114.114403,22.553867,559
粤B9HT37,114.114403,22.553867,559
粤B9HT37,114.114487,22.553818,560
粤B9HT37,114.120148,22.558399,562
粤B9HT37,114.122284,22.557383,562
粤B9HT37,114.122437,22.557467,562
粤B9HT37,114.123367,22.558067,563
粤B9HT37,114.12368,22.55825,563
粤B9HT37,114.124603,22.558733,563
粤B9HT37,114.123886,22.558367,563
粤B9HT37,114.130836,22.561184,564
粤B9HT37,114.126137,22.559683,564
粤B9HT37,114.131866,22.561899,565
粤B9HT37,114.13092,22.561733,565
粤B9HT37,114.136566,22.560734,566
粤B9HT37,114.139687,22.5599,567
粤B9HT37,114.139069,22.55405,568
粤B9HT37,114.139931,22.558817,568
粤B9HT37,114.136185,22.550167,569
粤B9HT37,114.137436,22.551649,569
粤B9HT37,114.130234,22.544468,570
粤B9HT37,114.132103,22.545868,570
粤B9HT37,114.134804,22.543699,577
粤B9HT37,114.134804,22.543699,582
粤B9HT37,114.134804,22.543699,587
粤B9HT37,114.134804,22.543699,592
粤B9HT37,114.134804,22.543699,593
粤B9HT37,114.134804,22.543699,593
粤B9HT37,114.135933,22.545151,594
粤B9HT37,114.135002,22.543949,594
粤B9HT37,114.13578,22.545633,594
粤B9HT37,114.135384,22.548616,595
粤B9HT37,114.138313,22.549833,596
粤B9HT37,114.138313,22.549833,597
粤B9HT37,114.138313,22.549833,597
粤B9HT37,114.138313,22.549833,597
粤B9HT37,114.138313,22.549833,597
粤B9HT37,114.138153,22.549868,598
粤B9HT37,114.138153,22.549868,598
粤B9HT37,114.138298,22.549883,598
粤B9HT37,114.138153,22.549868,598
粤B9HT37,114.137779,22.549683,599
粤B9HT37,114.130898,22.54895,600
粤B9HT37,114.132286,22.549067,600
粤B9HT37,114.13205,22.549116,600
粤B9HT37,114.108437,22.546749,604
粤B9HT37,114.108719,22.545883,604
粤B9HT37,114.109329,22.545401,604
粤B9HT37,114.110718,22.545483,604
粤B9HT37,114.109032,22.547501,605
粤B9HT37,114.10952,22.547068,605
粤B9HT37,114.109421,22.545851,605
粤B9HT37,114.109581,22.544451,605
粤B9HT37,114.109665,22.543617,606
粤B9HT37,114.109596,22.544382,606
粤B9HT37,114.10952,22.544468,607
粤B9HT37,114.110001,22.542933,608
粤B9HT37,114.109901,22.544132,608
粤B9HT37,114.11013,22.542217,609
粤B9HT37,114.109947,22.542334,609
粤B9HT37,114.107819,22.542618,610
粤B9HT37,114.107765,22.543249,611
粤B9HT37,114.107948,22.543118,611
粤B9HT37,114.107735,22.543283,611
粤B9HT37,114.107681,22.543249,611
粤B9HT37,114.108398,22.545116,612
粤B9HT37,114.1082,22.5445,612
粤B9HT37,114.10788,22.543667,612
粤B9HT37,114.111832,22.546101,613
粤B9HT37,114.112068,22.546017,613
粤B9HT37,114.112968,22.545918,613
粤B9HT37,114.112968,22.545918,613
粤B9HT37,114.115379,22.546568,614
粤B9HT37,114.113853,22.546049,614
粤B9HT37,114.119232,22.5501,615
粤B9HT37,114.117081,22.546049,615
粤B9HT37,114.11763,22.546749,615
粤B9HT37,114.119637,22.547033,615
粤B9HT37,114.122185,22.547333,616
粤B9HT37,114.124496,22.547733,616
粤B9HT37,114.120354,22.547216,616
粤B9HT37,114.120583,22.547001,616
粤B9HT37,114.12587,22.54615,617
粤B9HT37,114.125748,22.5476,617
粤B9HT37,114.125931,22.545683,618
粤B9HT37,114.129135,22.543283,619
粤B9HT37,114.1259,22.5429,619
粤B9HT37,114.12722,22.54265,619
粤B9HT37,114.125999,22.544184,619
粤B9HT37,114.129913,22.54365,620
粤B9HT37,114.129684,22.543867,620
粤B9HT37,114.129799,22.543882,620
粤B9HT37,114.129829,22.543867,620
粤B9HT37,114.129982,22.543867,621
粤B9HT37,114.130096,22.54365,621
粤B9HT37,114.13015,22.543667,621
粤B9HT37,114.130119,22.54385,621
粤B9HT37,114.129547,22.546568,622
粤B9HT37,114.129631,22.5457,622
粤B9HT37,114.129364,22.547268,623
粤B9HT37,114.129379,22.548117,623
粤B9HT37,114.129532,22.548134,624
粤B9HT37,114.129364,22.548317,624
粤B9HT37,114.131584,22.54705,625
粤B9HT37,114.131569,22.547033,625
粤B9HT37,114.131386,22.546967,625
粤B9HT37,114.131287,22.547268,626
粤B9HT37,114.13147,22.547182,626
粤B9HT37,114.13118,22.5474,626
粤B9HT37,114.131287,22.547268,626
粤B9HT37,114.131432,22.5469,627
粤B9HT37,114.1315,22.547367,627
粤B9HT37,114.1315,22.547117,627
粤B9HT37,114.131485,22.547083,627
粤B9HT37,114.131516,22.547033,628
粤B9HT37,114.1315,22.547117,628
粤B9HT37,114.1315,22.547117,628
粤B9HT37,114.1315,22.547117,628
粤B9HT37,114.129883,22.546867,629
粤B9HT37,114.131516,22.547199,629
粤B9HT37,114.130852,22.546932,629
粤B9HT37,114.131287,22.547001,629
粤B9HT37,114.129616,22.547016,630
粤B9HT37,114.129349,22.548683,630
粤B9HT37,114.129669,22.54805,630
粤B9HT37,114.12397,22.547033,632
粤B9HT37,114.124184,22.545918,632
粤B9HT37,114.11747,22.546316,634
粤B9HT37,114.115135,22.545816,635
粤B9HT37,114.116798,22.546284,635
粤B9HT37,114.117485,22.546267,635
粤B9HT37,114.117485,22.546267,635
粤B9HT37,114.114586,22.545017,636
粤B9HT37,114.112732,22.545,636
粤B9HT37,114.110786,22.545233,636
粤B9HT37,114.10952,22.545267,636
粤B9HT37,114.10833,22.54505,637
粤B9HT37,114.108116,22.546066,637
粤B9HT37,114.10733,22.552267,638
粤B9HT37,114.107384,22.55155,638
粤B9HT37,114.106285,22.554283,639
粤B9HT37,114.107216,22.55275,639
粤B9HT37,114.106285,22.554283,639
粤B9HT37,114.10672,22.55345,639
粤B9HT37,114.10527,22.553301,641
粤B9HT37,114.104179,22.553167,641
粤B9HT37,114.105415,22.553249,641
粤B9HT37,114.104218,22.554832,642
粤B9HT37,114.10408,22.558283,642
粤B9HT37,114.104034,22.555883,642
粤B9HT37,114.104034,22.556618,642
粤B9HT37,114.113182,22.55875,643
粤B9HT37,114.107414,22.558634,643
粤B9HT37,114.110046,22.558701,643
粤B9HT37,114.10498,22.558567,643
粤B9HT37,114.115669,22.558767,644
粤B9HT37,114.119385,22.558933,644
粤B9HT37,114.117966,22.558933,644
粤B9HT37,114.123703,22.55505,645
粤B9HT37,114.122581,22.550167,647
粤B9HT37,114.12262,22.550182,648
粤B9HT37,114.12262,22.550182,648
粤B9HT37,114.122971,22.549351,648
粤B9HT37,114.122719,22.5497,649
粤B9HT37,114.12233,22.551582,649
粤B9HT37,114.122353,22.5511,650
粤B9HT37,114.12262,22.550417,650
粤B9HT37,114.122581,22.549833,650
粤B9HT37,114.122902,22.548933,651
粤B9HT37,114.125114,22.549299,652
粤B9HT37,114.124016,22.54915,652
粤B9HT37,114.125786,22.5485,653
粤B9HT37,114.125732,22.548918,653
粤B9HT37,114.125282,22.541849,654
粤B9HT37,114.118515,22.540216,655
粤B9HT37,114.121864,22.5397,655
粤B9HT37,114.121063,22.5392,655
粤B9HT37,114.110817,22.537916,656
粤B9HT37,114.111115,22.537983,656
粤B9HT37,114.10582,22.537167,657
粤B9HT37,114.108231,22.537533,657
粤B9HT37,114.091835,22.538,658
粤B9HT37,114.093399,22.538218,658
粤B9HT37,114.083336,22.537701,659
粤B9HT37,114.075249,22.531866,660
粤B9HT37,114.069016,22.532,661
粤B9HT37,114.068047,22.531933,661
粤B9HT37,114.070999,22.531918,661
粤B9HT37,114.069786,22.531933,661
粤B9HT37,114.06707,22.532118,662
粤B9HT37,114.068199,22.53005,662
粤B9HT37,114.067932,22.532749,662
粤B9HT37,114.067848,22.5284,663
粤B9HT37,114.066963,22.526951,663
粤B9HT37,114.068069,22.529333,663
粤B9HT37,114.06797,22.522167,664
粤B9HT37,114.064934,22.523067,664
粤B9HT37,114.06813,22.521868,664
粤B9HT37,114.066437,22.522484,664
粤B9HT37,114.068031,22.521601,665
粤B9HT37,114.067848,22.521183,665
粤B9HT37,114.068031,22.521601,665
粤B9HT37,114.067749,22.520933,666
粤B9HT37,114.068115,22.521833,666
粤B9HT37,114.067917,22.521299,666
粤B9HT37,114.0681,22.521767,666
粤B9HT37,114.0681,22.5222,667
粤B9HT37,114.065048,22.523216,667
粤B9HT37,114.066582,22.522516,667
粤B9HT37,114.068115,22.521833,667
粤B9HT37,114.06855,22.524099,668
粤B9HT37,114.065819,22.524384,668
粤B9HT37,114.067284,22.524767,668
粤B9HT37,114.06752,22.523867,668
粤B9HT37,114.068436,22.52965,669
粤B9HT37,114.069649,22.531017,669
粤B9HT37,114.068001,22.527567,669
粤B9HT37,114.070564,22.531633,670
粤B9HT37,114.071915,22.531668,670
粤B9HT37,114.075485,22.531616,670
粤B9HT37,114.073586,22.5315,670
粤B9HT37,114.077202,22.531883,671
粤B9HT37,114.078918,22.534582,671
粤B9HT37,114.079567,22.53565,671
粤B9HT37,114.08287,22.537283,672
粤B9HT37,114.084702,22.537251,672
粤B9HT37,114.080681,22.536783,672
粤B9HT37,114.08593,22.537233,672
粤B9HT37,114.089317,22.537466,673
粤B9HT37,114.091965,22.537933,673
粤B9HT37,114.094666,22.537849,673
粤B9HT37,114.087196,22.537233,673
粤B9HT37,114.097664,22.537901,674
粤B9HT37,114.099403,22.537533,674
粤B9HT37,114.101418,22.537582,674
粤B9HT37,114.10672,22.540382,676
粤B9HT37,114.106667,22.54035,676
粤B9HT37,114.106766,22.540951,677
粤B9HT37,114.106766,22.540951,677
粤B9HT37,114.106781,22.540817,678
粤B9HT37,114.106766,22.540951,678
粤B9HT37,114.106766,22.540951,678
粤B9HT37,114.106781,22.540817,678
粤B9HT37,114.106499,22.542667,679
粤B9HT37,114.106636,22.5417,679
粤B9HT37,114.106583,22.542418,679
粤B9HT37,114.106636,22.543034,680
粤B9HT37,114.106598,22.5431,680
粤B9HT37,114.106636,22.542982,680
粤B9HT37,114.106331,22.543917,681
粤B9HT37,114.106499,22.543034,681
粤B9HT37,114.105904,22.543833,682
粤B9HT37,114.105934,22.543751,682
粤B9HT37,114.105904,22.543833,682
粤B9HT37,114.105965,22.543617,682
粤B9HT37,114.105904,22.543833,683
粤B9HT37,114.105904,22.543833,683
粤B9HT37,114.106102,22.544149,683
粤B9HT37,114.106354,22.544468,684
粤B9HT37,114.106232,22.544701,684
粤B9HT37,114.106316,22.5445,684
粤B9HT37,114.106354,22.544468,684
粤B9HT37,114.106033,22.544767,685
粤B9HT37,114.106033,22.544767,685
粤B9HT37,114.106133,22.544832,685
粤B9HT37,114.106033,22.544767,685
粤B9HT37,114.105904,22.544617,686
粤B9HT37,114.105797,22.545616,686
粤B9HT37,114.105865,22.544884,686
粤B9HT37,114.104851,22.549334,687
粤B9HT37,114.104698,22.54965,687
粤B9HT37,114.104752,22.550333,688
粤B9HT37,114.103836,22.552999,689
粤B9HT37,114.103836,22.552999,689
粤B9HT37,114.103836,22.552999,689
粤B9HT37,114.103851,22.552982,689
粤B9HT37,114.103836,22.552999,690
粤B9HT37,114.103836,22.552999,690
粤B9HT37,114.103897,22.553118,690
粤B9HT37,114.104263,22.555567,692
粤B9HT37,114.104263,22.555567,692
粤B9HT37,114.104065,22.556601,692
粤B9HT37,114.103996,22.556049,692
粤B9HT37,114.1054,22.558567,693
粤B9HT37,114.107002,22.558617,693
粤B9HT37,114.104286,22.558634,693
粤B9HT37,114.10408,22.557783,693
粤B9HT37,114.108917,22.558617,694
粤B9HT37,114.115463,22.558666,694
粤B9HT37,114.11142,22.558666,694
粤B9HT37,114.113434,22.558683,694
粤B9HT37,114.119186,22.558733,695
粤B9HT37,114.117432,22.558884,695
粤B9HT37,114.124519,22.554117,696
粤B9HT37,114.125748,22.551283,696
粤B9HT37,114.125801,22.552467,696
粤B9HT37,114.125832,22.549217,697
粤B9HT37,114.1259,22.548033,698
粤B9HT37,114.1259,22.548033,698
粤B9HT37,114.1259,22.548033,699
粤B9HT37,114.1259,22.548033,699
粤B9HT37,114.1259,22.5481,699
粤B9HT37,114.1259,22.548033,699
粤B9HT37,114.128082,22.548218,700
粤B9HT37,114.127953,22.548134,700
粤B9HT37,114.126732,22.547983,700
粤B9HT37,114.128853,22.54855,701
粤B9HT37,114.12635,22.547968,702
粤B9HT37,114.126381,22.547934,702
粤B9HT37,114.127197,22.548201,702
粤B9HT37,114.128983,22.548683,702
粤B9HT37,114.126381,22.547934,703
粤B9HT37,114.117851,22.546618,705
粤B9HT37,114.11132,22.545366,706
粤B9HT37,114.11338,22.545851,706
粤B9HT37,114.112846,22.545616,706
粤B9HT37,114.115799,22.546301,706
粤B9HT37,114.106964,22.544867,707
粤B9HT37,114.106819,22.5448,708
粤B9HT37,114.106514,22.5448,708
粤B9HT37,114.106819,22.5448,708
粤B9HT37,114.106819,22.5448,708
粤B9HT37,114.100815,22.5436,709
粤B9HT37,114.104034,22.544216,709
粤B9HT37,114.105301,22.544518,709
粤B9HT37,114.10228,22.543833,709
粤B9HT37,114.09977,22.543484,710
粤B9HT37,114.09948,22.542601,710
粤B9HT37,114.100235,22.543501,710
粤B9HT37,114.100235,22.543501,710
粤B9HT37,114.099365,22.541134,711
粤B9HT37,114.099365,22.541134,711
粤B9HT37,114.099365,22.541134,711
粤B9HT37,114.099518,22.541401,711
粤B9HT37,114.099297,22.541067,712
粤B9HT37,114.099403,22.54105,712
粤B9HT37,114.103485,22.538151,713
粤B9HT37,114.10498,22.537451,714
粤B9HT37,114.104233,22.537849,714
粤B9HT37,114.104752,22.537582,714
粤B9HT37,114.10392,22.538,714
粤B9HT37,114.10553,22.537201,714
粤B9HT37,114.10672,22.536917,715
粤B9HT37,114.11792,22.538383,716
粤B9HT37,114.11515,22.538933,716
粤B9HT37,114.125252,22.541901,717
粤B9HT37,114.128235,22.543432,718
粤B9HT37,114.129829,22.544268,718
粤B9HT37,114.132965,22.545918,718
粤B9HT37,114.146713,22.555468,720
粤B9HT37,114.14183,22.555599,720
粤B9HT37,114.144714,22.555416,720
粤B9HT37,114.148949,22.555849,720
粤B9HT37,114.155785,22.559467,721
粤B9HT37,114.15377,22.557768,721
粤B9HT37,114.151703,22.556517,721
粤B9HT37,114.157433,22.560867,721
粤B9HT37,114.164185,22.56255,722
粤B9HT37,114.159866,22.561951,722
粤B9HT37,114.162231,22.56255,722
粤B9HT37,114.169281,22.561483,723
粤B9HT37,114.170586,22.561783,724
粤B9HT37,114.170319,22.562099,724
粤B9HT37,114.170586,22.561783,724
粤B9HT37,114.170586,22.561783,724
粤B9HT37,114.170586,22.561783,729
粤B9HT37,114.170799,22.561783,734
粤B9HT37,114.170799,22.561783,739
粤B9HT37,114.170799,22.561783,744
粤B9HT37,114.170815,22.561666,749
粤B9HT37,114.170967,22.561632,754
粤B9HT37,114.170753,22.5618,759
粤B9HT37,114.171021,22.561649,764
粤B9HT37,114.171066,22.561666,769
粤B9HT37,114.170769,22.561733,774
粤B9HT37,114.171021,22.561733,777
粤B9HT37,114.170952,22.561684,777
粤B9HT37,114.170769,22.561733,777
粤B9HT37,114.171204,22.561666,780
粤B9HT37,114.171204,22.561666,780
粤B9HT37,114.171204,22.561666,780
粤B9HT37,114.171204,22.561666,780
粤B9HT37,114.171204,22.561666,781
粤B9HT37,114.172119,22.561716,781
粤B9HT37,114.171753,22.561817,781
粤B9HT37,114.171387,22.561701,781
粤B9HT37,114.17067,22.562416,782
粤B9HT37,114.170952,22.566151,782
粤B9HT37,114.170853,22.566099,782
粤B9HT37,114.171165,22.564817,783
粤B9HT37,114.167747,22.563183,784
粤B9HT37,114.167717,22.563267,784
粤B9HT37,114.167717,22.563267,785
粤B9HT37,114.167717,22.563267,785
粤B9HT37,114.167717,22.563267,785
粤B9HT37,114.167717,22.563267,786
粤B9HT37,114.167717,22.563267,786
粤B9HT37,114.167717,22.563267,786
粤B9HT37,114.167717,22.563267,786
粤B9HT37,114.167717,22.563267,787
粤B9HT37,114.167717,22.563267,787
粤B9HT37,114.167717,22.563267,787
粤B9HT37,114.167717,22.563267,787
粤B9HT37,114.167717,22.563267,788
粤B9HT37,114.167717,22.563267,788
粤B9HT37,114.167717,22.563267,788
粤B9HT37,114.167717,22.563267,788
粤B9HT37,114.16777,22.563101,789
粤B9HT37,114.167717,22.563267,789
粤B9HT37,114.16777,22.563101,791
粤B9HT37,114.16777,22.563101,791
粤B9HT37,114.16777,22.563101,791
粤B9HT37,114.16777,22.563101,792
粤B9HT37,114.16777,22.563101,792
粤B9HT37,114.16777,22.563101,792
粤B9HT37,114.16777,22.563101,792
粤B9HT37,114.167564,22.563084,793
粤B9HT37,114.16777,22.563101,793
粤B9HT37,114.167564,22.563084,793
粤B9HT37,114.16777,22.563101,793
粤B9HT37,114.167564,22.563084,794
粤B9HT37,114.167564,22.563084,794
粤B9HT37,114.167564,22.563084,794
粤B9HT37,114.167564,22.563084,794
粤B9HT37,114.167564,22.563084,795
粤B9HT37,114.167564,22.563084,795
粤B9HT37,114.167564,22.563084,795
粤B9HT37,114.167564,22.563084,795
粤B9HT37,114.167564,22.563084,796
粤B9HT37,114.167564,22.563084,796
粤B9HT37,114.167564,22.563084,796
粤B9HT37,114.167564,22.563084,796
粤B9HT37,114.167564,22.563084,797
粤B9HT37,114.167564,22.563084,802
粤B9HT37,114.167564,22.563084,804
粤B9HT37,114.167397,22.563168,804
粤B9HT37,114.164268,22.562933,805
粤B9HT37,114.15345,22.557934,806
粤B9HT37,114.15538,22.559383,806
粤B9HT37,114.14418,22.555817,807
粤B9HT37,114.146713,22.5557,807
粤B9HT37,114.148598,22.556534,807
粤B9HT37,114.137436,22.556101,808
粤B9HT37,114.142014,22.555683,808
粤B9HT37,114.135803,22.55735,808
粤B9HT37,114.13945,22.555883,808
粤B9HT37,114.135567,22.557501,809
粤B9HT37,114.135803,22.558033,809
粤B9HT37,114.135735,22.557882,809
粤B9HT37,114.134918,22.558483,810
粤B9HT37,114.135681,22.557833,810
粤B9HT37,114.135284,22.558533,810
粤B9HT37,114.134819,22.558184,811
粤B9HT37,114.135513,22.557833,816
粤B9HT37,114.135513,22.557833,817
粤B9HT37,114.136169,22.557632,817
粤B9HT37,114.135513,22.557833,817
粤B9HT37,114.135513,22.557833,817
粤B9HT37,114.138832,22.554182,818
粤B9HT37,114.13755,22.5518,818
粤B9HT37,114.138451,22.55315,818
粤B9HT37,114.136597,22.550699,819
粤B9HT37,114.127853,22.548218,820
粤B9HT37,114.126236,22.547983,821
粤B9HT37,114.125687,22.549,821
粤B9HT37,114.125916,22.547983,821
粤B9HT37,114.125832,22.549,821
粤B9HT37,114.125832,22.549,822
粤B9HT37,114.125832,22.549,822
粤B9HT37,114.125832,22.549,822
粤B9HT37,114.125832,22.549,822
粤B9HT37,114.125816,22.549299,823
粤B9HT37,114.123833,22.548834,823
粤B9HT37,114.125832,22.549,823
粤B9HT37,114.124603,22.548983,823
粤B9HT37,114.123337,22.5487,824
粤B9HT37,114.123337,22.5487,824
粤B9HT37,114.123337,22.5487,824
粤B9HT37,114.123337,22.548683,824
粤B9HT37,114.122467,22.5483,825
粤B9HT37,114.122536,22.548599,825
粤B9HT37,114.122704,22.54855,825
粤B9HT37,114.122482,22.548567,825
粤B9HT37,114.122147,22.548149,826
粤B9HT37,114.121216,22.547518,828
粤B9HT37,114.121284,22.547617,828
粤B9HT37,114.121185,22.547382,828
粤B9HT37,114.117668,22.546551,830
粤B9HT37,114.117653,22.546516,830
粤B9HT37,114.117348,22.546618,830
粤B9HT37,114.11763,22.546583,830
粤B9HT37,114.11718,22.545799,831
粤B9HT37,114.117867,22.544083,831
粤B9HT37,114.117882,22.544067,831
粤B9HT37,114.117531,22.544718,831
粤B9HT37,114.117065,22.543318,832
粤B9HT37,114.11702,22.543301,832
粤B9HT37,114.117485,22.543699,832
粤B9HT37,114.116585,22.543167,832
粤B9HT37,114.116417,22.543133,833
粤B9HT37,114.116417,22.543133,833
粤B9HT37,114.115898,22.542982,833
粤B9HT37,114.116417,22.543133,833
粤B9HT37,114.116066,22.542467,834
粤B9HT37,114.11615,22.542217,834
粤B9HT37,114.11618,22.541782,834
粤B9HT37,114.115234,22.541283,834
粤B9HT37,114.115082,22.541134,835
粤B9HT37,114.11515,22.541283,835
粤B9HT37,114.114883,22.541218,835
粤B9HT37,114.11515,22.541283,835
粤B9HT37,114.115448,22.541134,836
粤B9HT37,114.115868,22.541,836
粤B9HT37,114.115036,22.540951,836
粤B9HT37,114.115829,22.541218,836
粤B9HT37,114.115852,22.540833,837
粤B9HT37,114.116234,22.541,837
粤B9HT37,114.116486,22.548634,843
粤B9HT37,114.116585,22.548967,844
粤B9HT37,114.116486,22.548651,844
粤B9HT37,114.116531,22.550083,844
粤B9HT37,114.117554,22.5518,844
粤B9HT37,114.124718,22.559,846
粤B9HT37,114.125397,22.559467,846
粤B9HT37,114.124802,22.558867,847
粤B9HT37,114.124718,22.559,847
粤B9HT37,114.124718,22.559,847
粤B9HT37,114.124718,22.559,847
粤B9HT37,114.124718,22.559,847
粤B9HT37,114.131447,22.562017,848
粤B9HT37,114.131615,22.561934,849
粤B9HT37,114.131615,22.561934,849
粤B9HT37,114.131615,22.561934,849
粤B9HT37,114.131615,22.561934,849
粤B9HT37,114.133049,22.560682,850
粤B9HT37,114.131584,22.561884,850
粤B9HT37,114.134666,22.558968,850
粤B9HT37,114.13488,22.558817,850
粤B9HT37,114.135033,22.559032,851
粤B9HT37,114.135635,22.5597,852
粤B9HT37,114.135201,22.558916,854
粤B9HT37,114.135368,22.558132,854
粤B9HT37,114.135483,22.55805,855
粤B9HT37,114.135483,22.55805,855
粤B9HT37,114.135483,22.55805,855
粤B9HT37,114.135483,22.55805,855
粤B9HT37,114.135483,22.55805,856
粤B9HT37,114.13562,22.558149,856
粤B9HT37,114.135483,22.55805,856
粤B9HT37,114.135963,22.557716,856
粤B9HT37,114.137848,22.552383,857
粤B9HT37,114.138832,22.553783,857
粤B9HT37,114.13678,22.556868,857
粤B9HT37,114.138184,22.555267,857
粤B9HT37,114.13443,22.547283,858
粤B9HT37,114.137085,22.551367,858
粤B9HT37,114.135933,22.54945,858
粤B9HT37,114.13533,22.548616,858
粤B9HT37,114.130432,22.544884,859
粤B9HT37,114.128532,22.543283,859
粤B9HT37,114.132629,22.546083,859
粤B9HT37,114.129051,22.543533,859
粤B9HT37,114.127449,22.543417,860
粤B9HT37,114.125931,22.542534,861
粤B9HT37,114.120285,22.538517,862
粤B9HT37,114.120285,22.538567,862
粤B9HT37,114.1203,22.538517,862
粤B9HT37,114.119781,22.538317,863
粤B9HT37,114.120285,22.538517,863
粤B9HT37,114.114883,22.534866,865
粤B9HT37,114.11412,22.534616,866
粤B9HT37,114.112648,22.535868,869
粤B9HT37,114.110252,22.54995,873
粤B9HT37,114.111832,22.558849,875
粤B9HT37,114.112885,22.559099,875
粤B9HT37,114.10688,22.561899,876
粤B9HT37,114.107185,22.5599,876
粤B9HT37,114.109947,22.558767,876
粤B9HT37,114.10807,22.558832,876
粤B9HT37,114.10627,22.562117,877
粤B9HT37,114.106064,22.562267,877
粤B9HT37,114.106918,22.562134,877
粤B9HT37,114.106918,22.562134,877
粤B9HT37,114.10537,22.561951,878
粤B9HT37,114.10537,22.561951,878
粤B9HT37,114.105453,22.561968,878
粤B9HT37,114.105431,22.561968,878
粤B9HT37,114.105415,22.561968,879
粤B9HT37,114.105484,22.562067,879
粤B9HT37,114.105415,22.561968,879
粤B9HT37,114.105415,22.561968,879
粤B9HT37,114.105118,22.561884,880
粤B9HT37,114.104935,22.561701,880
粤B9HT37,114.10495,22.5618,880
粤B9HT37,114.104965,22.561684,880
粤B9HT37,114.104965,22.561684,881
粤B9HT37,114.104965,22.561684,881
粤B9HT37,114.104965,22.561684,881
粤B9HT37,114.104965,22.561684,881
粤B9HT37,114.104965,22.561684,882
粤B9HT37,114.10408,22.561483,882
粤B9HT37,114.104797,22.561832,882
粤B9HT37,114.103966,22.5618,883
粤B9HT37,114.103966,22.5618,883
粤B9HT37,114.103966,22.5618,883
粤B9HT37,114.103966,22.5618,883
粤B9HT37,114.103966,22.5618,884
粤B9HT37,114.103966,22.5618,884
粤B9HT37,114.103935,22.561617,884
粤B9HT37,114.103966,22.5618,884
粤B9HT37,114.103897,22.560699,885
粤B9HT37,114.104118,22.561501,885
粤B9HT37,114.103935,22.561617,885
粤B9HT37,114.103867,22.560432,886
粤B9HT37,114.104034,22.560766,886
粤B9HT37,114.104034,22.559134,887
粤B9HT37,114.104034,22.559134,887
粤B9HT37,114.103981,22.5597,887
粤B9HT37,114.104034,22.559134,888
粤B9HT37,114.104034,22.559134,888
粤B9HT37,114.104034,22.559134,888
粤B9HT37,114.104034,22.559134,888
粤B9HT37,114.104034,22.559134,889
粤B9HT37,114.104614,22.558567,889
粤B9HT37,114.104034,22.559134,889
粤B9HT37,114.109535,22.558634,890
粤B9HT37,114.111885,22.558483,890
粤B9HT37,114.107117,22.558582,890
粤B9HT37,114.110031,22.550682,891
粤B9HT37,114.110001,22.550833,891
粤B9HT37,114.110268,22.548834,892
粤B9HT37,114.110268,22.548983,892
粤B9HT37,114.110214,22.549618,892
粤B9HT37,114.110252,22.549383,892
粤B9HT37,114.110268,22.548834,893
粤B9HT37,114.110283,22.54875,893
粤B9HT37,114.110268,22.548834,893
粤B9HT37,114.110268,22.548834,893
粤B9HT37,114.110252,22.548033,894
粤B9HT37,114.1101,22.547583,894
粤B9HT37,114.109619,22.546883,894
粤B9HT37,114.109818,22.54545,894
粤B9HT37,114.110016,22.542967,895
粤B9HT37,114.110634,22.542433,895
粤B9HT37,114.109863,22.543966,895
粤B9HT37,114.110298,22.541718,895
粤B9HT37,114.110298,22.5413,896
粤B9HT37,114.11058,22.538168,897
粤B9HT37,114.111435,22.531733,898
粤B9HT37,114.111465,22.533068,898
粤B9HT37,114.111832,22.531467,899
粤B9HT37,114.113884,22.531733,899
粤B9HT37,114.11393,22.531767,899
粤B9HT37,114.113853,22.531782,899
粤B9HT37,114.09967,22.540083,912
粤B9HT37,114.09967,22.540083,912
粤B9HT37,114.09967,22.540083,913
粤B9HT37,114.09967,22.540083,913
粤B9HT37,114.09967,22.540083,913
粤B9HT37,114.09967,22.540083,913
粤B9HT37,114.09967,22.540083,914
粤B9HT37,114.09967,22.540934,914
粤B9HT37,114.099716,22.541599,914
粤B9HT37,114.099632,22.541233,914
粤B9HT37,114.099632,22.541233,915
粤B9HT37,114.0961,22.539883,916
粤B9HT37,114.097115,22.5411,916
粤B9HT37,114.09668,22.540016,916
粤B9HT37,114.095436,22.540051,917
粤B9HT37,114.098579,22.543432,919
粤B9HT37,114.100014,22.543484,920
粤B9HT37,114.09893,22.543449,920
粤B9HT37,114.098633,22.543432,920
粤B9HT37,114.098633,22.543432,920
粤B9HT37,114.101021,22.5436,921
粤B9HT37,114.102936,22.544399,921
粤B9HT37,114.103653,22.544901,921
粤B9HT37,114.102264,22.5438,921
粤B9HT37,114.104401,22.54475,922
粤B9HT37,114.103249,22.544718,922
粤B9HT37,114.10347,22.544617,922
粤B9HT37,114.11203,22.545467,924
粤B9HT37,114.116966,22.54735,927
粤B9HT37,114.11705,22.546917,928
粤B9HT37,114.116333,22.548233,928
粤B9HT37,114.116531,22.547632,928
粤B9HT37,114.116547,22.547701,928
粤B9HT37,114.117447,22.550516,929
粤B9HT37,114.11718,22.550734,929
粤B9HT37,114.116837,22.550318,929
粤B9HT37,114.116615,22.549316,929
粤B9HT37,114.116837,22.5509,930
粤B9HT37,114.117714,22.5522,930
粤B9HT37,114.11702,22.551083,930
粤B9HT37,114.124702,22.558968,932
粤B9HT37,114.123352,22.558718,932
粤B9HT37,114.124969,22.559067,932
粤B9HT37,114.124947,22.559067,932
粤B9HT37,114.123863,22.558384,933
粤B9HT37,114.124763,22.558933,933
粤B9HT37,114.124969,22.559067,933
粤B9HT37,114.124199,22.558718,934
粤B9HT37,114.123985,22.558767,934
粤B9HT37,114.117752,22.570183,936
粤B9HT37,114.117798,22.571484,936
粤B9HT37,114.117996,22.567316,936
粤B9HT37,114.117882,22.573168,937
粤B9HT37,114.117615,22.57515,937
粤B9HT37,114.117165,22.575951,937
粤B9HT37,114.117332,22.575666,937
粤B9HT37,114.116486,22.5772,938
粤B9HT37,114.116684,22.576834,938
粤B9HT37,114.11615,22.577732,938
粤B9HT37,114.116898,22.57645,938
粤B9HT37,114.116081,22.577932,939
粤B9HT37,114.11557,22.579082,939
粤B9HT37,114.111168,22.587717,940
粤B9HT37,114.109764,22.589849,941
粤B9HT37,114.109398,22.591133,941
粤B9HT37,114.109764,22.593267,941
粤B9HT37,114.10968,22.593683,945
粤B9HT37,114.111,22.586884,946
粤B9HT37,114.110985,22.586901,946
粤B9HT37,114.111015,22.586901,946
粤B9HT37,114.111015,22.586901,947
粤B9HT37,114.111015,22.586901,947
粤B9HT37,114.113899,22.573618,950
粤B9HT37,114.112465,22.567118,951
粤B9HT37,114.113602,22.571266,951
粤B9HT37,114.112686,22.568983,951
粤B9HT37,114.111732,22.561684,952
粤B9HT37,114.111702,22.558367,952
粤B9HT37,114.111885,22.560316,952
粤B9HT37,114.111954,22.563482,952
粤B9HT37,114.112114,22.564768,952
粤B9HT37,114.10965,22.5536,953
粤B9HT37,114.11055,22.556816,953
粤B9HT37,114.109734,22.5553,953
粤B9HT37,114.110001,22.550249,954
粤B9HT37,114.110001,22.550249,954
粤B9HT37,114.110085,22.550283,954
粤B9HT37,114.110229,22.549433,954
粤B9HT37,114.110229,22.548018,955
粤B9HT37,114.110229,22.548018,955
粤B9HT37,114.110283,22.5485,955
粤B9HT37,114.110229,22.548018,955
粤B9HT37,114.110214,22.547951,956
粤B9HT37,114.109886,22.54645,956
粤B9HT37,114.110229,22.548018,956
粤B9HT37,114.110031,22.5476,956
粤B9HT37,114.110603,22.543516,957
粤B9HT37,114.110634,22.543568,957
粤B9HT37,114.110603,22.543516,957
粤B9HT37,114.110115,22.544582,957
粤B9HT37,114.11042,22.54315,958
粤B9HT37,114.110397,22.5434,958
粤B9HT37,114.110435,22.542833,958
粤B9HT37,114.110603,22.543516,958
粤B9HT37,114.110535,22.542217,959
粤B9HT37,114.110535,22.542183,959
粤B9HT37,114.110535,22.542183,959
粤B9HT37,114.110535,22.542383,959
粤B9HT37,114.110603,22.542282,960
粤B9HT37,114.110535,22.542183,960
粤B9HT37,114.11058,22.542299,960
粤B9HT37,114.110603,22.542282,960
粤B9HT37,114.110466,22.541849,961
粤B9HT37,114.110535,22.540234,961
粤B9HT37,114.110535,22.541384,961
粤B9HT37,114.107498,22.537518,962
粤B9HT37,114.11068,22.538183,962
粤B9HT37,114.109184,22.537901,962
粤B9HT37,114.110336,22.538033,962
粤B9HT37,114.105865,22.537201,963
粤B9HT37,114.09198,22.538282,964
粤B9HT37,114.092781,22.538267,964
粤B9HT37,114.096153,22.538218,964
粤B9HT37,114.08548,22.537649,965
粤B9HT37,114.087013,22.537683,965
粤B9HT37,114.088585,22.5378,965
粤B9HT37,114.090034,22.538033,965
粤B9HT37,114.084335,22.537968,966
粤B9HT37,114.084297,22.538,966
粤B9HT37,114.084297,22.538,966
粤B9HT37,114.084648,22.537649,966
粤B9HT37,114.084251,22.538982,967
粤B9HT37,114.084267,22.5403,967
粤B9HT37,114.084183,22.538033,967
粤B9HT37,114.084198,22.539984,967
粤B9HT37,114.084267,22.5403,968
粤B9HT37,114.084267,22.5403,968
粤B9HT37,114.084267,22.5403,968
粤B9HT37,114.084267,22.5403,968
粤B9HT37,114.084251,22.540533,969
粤B9HT37,114.084251,22.540533,969
粤B9HT37,114.084251,22.540533,969
粤B9HT37,114.084251,22.540533,969
粤B9HT37,114.084167,22.540533,970
粤B9HT37,114.084152,22.539667,970
粤B9HT37,114.084251,22.540533,970
粤B9HT37,114.084251,22.540533,970
粤B9HT37,114.081932,22.5375,971
粤B9HT37,114.084251,22.537832,971
粤B9HT37,114.084251,22.538668,971
粤B9HT37,114.083466,22.537666,971
粤B9HT37,114.079453,22.5359,972
粤B9HT37,114.080536,22.53705,972
粤B9HT37,114.080132,22.536633,972
粤B9HT37,114.079933,22.536417,972
粤B9HT37,114.077614,22.532883,973
粤B9HT37,114.078369,22.534018,973
粤B9HT37,114.07663,22.532118,973
粤B9HT37,114.078865,22.534901,973
粤B9HT37,114.07457,22.532034,974
粤B9HT37,114.075249,22.532049,974
粤B9HT37,114.075798,22.532034,974
粤B9HT37,114.074165,22.532034,974
粤B9HT37,114.072853,22.532034,975
粤B9HT37,114.07338,22.532017,975
粤B9HT37,114.07312,22.532017,975
粤B9HT37,114.073753,22.532017,975
粤B9HT37,114.07225,22.532,976
粤B9HT37,114.071953,22.531967,976
粤B9HT37,114.072685,22.532017,976
粤B9HT37,114.07177,22.53195,976
粤B9HT37,114.069649,22.531982,977
粤B9HT37,114.069298,22.532,977
粤B9HT37,114.07135,22.531933,977
粤B9HT37,114.070786,22.53195,977
粤B9HT37,114.06778,22.532017,978
粤B9HT37,114.068649,22.532017,978
粤B9HT37,114.067253,22.532749,978
粤B9HT37,114.068115,22.532284,978
粤B9HT37,114.067932,22.528816,979
粤B9HT37,114.067596,22.528816,979
粤B9HT37,114.067551,22.528799,979
粤B9HT37,114.067085,22.528099,980
粤B9HT37,114.067329,22.528618,980
粤B9HT37,114.066734,22.5271,980
粤B9HT37,114.066933,22.527683,980
粤B9HT37,114.06662,22.5268,981
粤B9HT37,114.06662,22.5268,981
粤B9HT37,114.06662,22.5268,981
粤B9HT37,114.06662,22.5268,981
粤B9HT37,114.066353,22.526333,982
粤B9HT37,114.066414,22.526449,982
粤B9HT37,114.066185,22.526167,982
粤B9HT37,114.066353,22.526333,982
粤B9HT37,114.065987,22.525682,983
粤B9HT37,114.066101,22.52585,983
粤B9HT37,114.066101,22.52585,983
粤B9HT37,114.066101,22.52585,983
粤B9HT37,114.065666,22.525017,984
粤B9HT37,114.065735,22.5252,984
粤B9HT37,114.065804,22.525517,984
粤B9HT37,114.065453,22.524567,985
粤B9HT37,114.06517,22.524082,985
粤B9HT37,114.065666,22.525017,985
粤B9HT37,114.065453,22.524567,985
粤B9HT37,114.063698,22.522051,986
粤B9HT37,114.064186,22.5226,986
粤B9HT37,114.064919,22.523567,986
粤B9HT37,114.062286,22.520567,988
粤B9HT37,114.062553,22.5208,988
粤B9HT37,114.062164,22.520416,988
粤B9HT37,114.062263,22.52055,988
粤B9HT37,114.061447,22.520967,989
粤B9HT37,114.062401,22.522449,989
粤B9HT37,114.0616,22.5215,989
粤B9HT37,114.063187,22.525682,990
粤B9HT37,114.063187,22.525682,990
粤B9HT37,114.063103,22.52425,990
粤B9HT37,114.063187,22.525682,990
粤B9HT37,114.063232,22.527617,991
粤B9HT37,114.063187,22.525682,991
粤B9HT37,114.063187,22.525682,991
粤B9HT37,114.063232,22.526117,991
粤B9HT37,114.063049,22.533768,992
粤B9HT37,114.063103,22.531349,992
粤B9HT37,114.063187,22.529432,992
粤B9HT37,114.06282,22.534918,992
粤B9HT37,114.06263,22.534918,993
粤B9HT37,114.062134,22.536432,993
粤B9HT37,114.064034,22.538267,994
粤B9HT37,114.062897,22.537216,994
粤B9HT37,114.063431,22.537817,994
粤B9HT37,114.063683,22.537968,995
粤B9HT37,114.062286,22.550217,997
粤B9HT37,114.062569,22.550501,997
粤B9HT37,114.062286,22.550217,997
粤B9HT37,114.062286,22.550217,997
粤B9HT37,114.062317,22.550301,998
粤B9HT37,114.062531,22.551767,998
粤B9HT37,114.062286,22.550217,998
粤B9HT37,114.062416,22.550734,998
粤B9HT37,114.062469,22.553499,999
粤B9HT37,114.067184,22.558083,1000
粤B9HT37,114.066383,22.558033,1000
粤B9HT37,114.064651,22.557768,1000
粤B9HT37,114.058929,22.562799,1001
粤B9HT37,114.062286,22.558451,1001
粤B9HT37,114.058434,22.562117,1001
粤B9HT37,114.059433,22.561016,1001
粤B9HT37,114.060097,22.562366,1002
粤B9HT37,114.06147,22.562767,1003
粤B9HT37,114.061386,22.56275,1003
粤B9HT37,114.061798,22.56255,1003
粤B9HT37,114.061768,22.562668,1003
粤B9HT37,114.058647,22.562517,1004
粤B9HT37,114.060303,22.56225,1004
粤B9HT37,114.059433,22.562433,1004
粤B9HT37,114.059151,22.562651,1004
粤B9HT37,114.058167,22.562267,1005
粤B9HT37,114.058548,22.562468,1005
粤B9HT37,114.058548,22.562468,1005
粤B9HT37,114.058548,22.562468,1005
粤B9HT37,114.062447,22.558317,1006
粤B9HT37,114.06485,22.557899,1006
粤B9HT37,114.060654,22.55975,1006
粤B9HT37,114.058929,22.561317,1006
粤B9HT37,114.06678,22.557966,1007
粤B9HT37,114.06678,22.557966,1007
粤B9HT37,114.066734,22.557934,1007
粤B9HT37,114.066704,22.557934,1008
粤B9HT37,114.067184,22.558083,1008
粤B9HT37,114.078247,22.558216,1009
粤B9HT37,114.074471,22.558117,1009
粤B9HT37,114.076263,22.558117,1009
粤B9HT37,114.084129,22.55785,1010
粤B9HT37,114.079681,22.558167,1010
粤B9HT37,114.086685,22.55825,1010
粤B9HT37,114.090286,22.5585,1011
粤B9HT37,114.089516,22.5583,1011
粤B9HT37,114.090485,22.558483,1011
粤B9HT37,114.087982,22.558167,1011
粤B9HT37,114.089966,22.558434,1012
粤B9HT37,114.0896,22.55825,1012
粤B9HT37,114.090233,22.558268,1012
粤B9HT37,114.091721,22.558184,1012
粤B9HT37,114.097534,22.558367,1013
粤B9HT37,114.093147,22.558083,1013
粤B9HT37,114.096016,22.5583,1013
粤B9HT37,114.094521,22.558283,1013
粤B9HT37,114.099701,22.557068,1014
粤B9HT37,114.099403,22.5557,1014
粤B9HT37,114.09832,22.558332,1014
粤B9HT37,114.099686,22.558332,1014
粤B9HT37,114.099548,22.555017,1015
粤B9HT37,114.099449,22.554951,1015
粤B9HT37,114.101349,22.558083,1017
粤B9HT37,114.101448,22.557583,1017
粤B9HT37,114.101936,22.557217,1017
粤B9HT37,114.102051,22.557217,1017
粤B9HT37,114.101433,22.558434,1018
粤B9HT37,114.103447,22.558533,1018
粤B9HT37,114.102264,22.55855,1018
粤B9HT37,114.103798,22.558399,1019
粤B9HT37,114.103783,22.558483,1019
粤B9HT37,114.10553,22.558567,1020
粤B9HT37,114.103783,22.558483,1020
粤B9HT37,114.104668,22.558617,1020
粤B9HT37,114.122169,22.569283,1029
粤B9HT37,114.122169,22.569283,1029
粤B9HT37,114.121803,22.569151,1030
粤B9HT37,114.122169,22.569283,1030
粤B9HT37,114.121803,22.569151,1030
粤B9HT37,114.121117,22.568933,1030
粤B9HT37,114.117851,22.56785,1031
粤B9HT37,114.117203,22.569717,1031
粤B9HT37,114.11937,22.56855,1031
粤B9HT37,114.117104,22.568434,1031
粤B9HT37,114.118614,22.563032,1032
粤B9HT37,114.119202,22.560833,1032
粤B9HT37,114.118217,22.565567,1032
粤B9HT37,114.119667,22.55875,1032
粤B9HT37,114.121803,22.557199,1033
粤B9HT37,114.120087,22.558332,1033
粤B9HT37,114.120499,22.558033,1033
粤B9HT37,114.122566,22.556299,1033
粤B9HT37,114.124496,22.554199,1034
粤B9HT37,114.125519,22.552982,1034
粤B9HT37,114.123398,22.555401,1034
粤B9HT37,114.125786,22.552616,1034
粤B9HT37,114.126434,22.55345,1035
粤B9HT37,114.128181,22.556433,1035
粤B9HT37,114.127319,22.554968,1035
粤B9HT37,114.127815,22.555668,1035
粤B9HT37,114.12957,22.555567,1036
粤B9HT37,114.130882,22.554268,1036
粤B9HT37,114.129852,22.554934,1036
粤B9HT37,114.128998,22.555883,1036
粤B9HT37,114.129768,22.552116,1037
粤B9HT37,114.126419,22.548117,1040
粤B9HT37,114.125771,22.546633,1041
粤B9HT37,114.1259,22.547783,1041
粤B9HT37,114.121735,22.54525,1042
粤B9HT37,114.121452,22.5436,1043
粤B9HT37,114.118919,22.540083,1045
粤B9HT37,114.119164,22.539818,1046
粤B9HT37,114.118919,22.540083,1046
粤B9HT37,114.119598,22.539301,1046
粤B9HT37,114.118919,22.540083,1046
粤B9HT37,114.11937,22.539633,1047
粤B9HT37,114.119019,22.5397,1047
粤B9HT37,114.120117,22.541416,1047
粤B9HT37,114.119453,22.540533,1047
粤B9HT37,114.120285,22.541582,1048
粤B9HT37,114.120285,22.541582,1048
粤B9HT37,114.120285,22.541582,1048
粤B9HT37,114.120316,22.541599,1048
粤B9HT37,114.120781,22.542267,1049
粤B9HT37,114.120316,22.541599,1049
粤B9HT37,114.120316,22.541599,1049
粤B9HT37,114.120499,22.54175,1049
粤B9HT37,114.121101,22.542717,1050
粤B9HT37,114.121735,22.544001,1051
粤B9HT37,114.122002,22.544817,1051
粤B9HT37,114.122414,22.5452,1051
粤B9HT37,114.121902,22.544901,1051
粤B9HT37,114.125084,22.545067,1052
粤B9HT37,114.125084,22.545067,1052
粤B9HT37,114.1241,22.545134,1052
粤B9HT37,114.125084,22.545067,1052
粤B9HT37,114.125084,22.545067,1053
粤B9HT37,114.125534,22.545116,1053
粤B9HT37,114.125816,22.545483,1053
粤B9HT37,114.125069,22.545134,1053
粤B9HT37,114.125519,22.545033,1054
粤B9HT37,114.124748,22.543432,1054
粤B9HT37,114.124229,22.543833,1054
粤B9HT37,114.125618,22.54505,1054
粤B9HT37,114.125534,22.545033,1055
粤B9HT37,114.125534,22.545033,1055
粤B9HT37,114.125534,22.545033,1055
粤B9HT37,114.125534,22.545033,1055
粤B9HT37,114.125984,22.545267,1056
粤B9HT37,114.125534,22.545033,1056
粤B9HT37,114.125687,22.547434,1056
粤B9HT37,114.125816,22.5467,1056
粤B9HT37,114.125984,22.549351,1057
粤B9HT37,114.12603,22.548082,1057
粤B9HT37,114.125801,22.547268,1057
粤B9HT37,114.126015,22.547283,1057
粤B9HT37,114.125969,22.550667,1058
粤B9HT37,114.125984,22.55135,1058
粤B9HT37,114.125885,22.55195,1059
粤B9HT37,114.125931,22.552633,1059
粤B9HT37,114.125931,22.552868,1059
粤B9HT37,114.126419,22.554466,1059
粤B9HT37,114.129799,22.555201,1060
粤B9HT37,114.12883,22.556049,1060
粤B9HT37,114.129433,22.555517,1060
粤B9HT37,114.1278,22.556133,1060
粤B9HT37,114.130318,22.554167,1061
粤B9HT37,114.129799,22.555201,1061
粤B9HT37,114.13028,22.553232,1061
粤B9HT37,114.130081,22.554983,1061
粤B9HT37,114.13028,22.55315,1062
粤B9HT37,114.12957,22.551617,1062
粤B9HT37,114.129753,22.552,1062
粤B9HT37,114.130302,22.552782,1062
粤B9HT37,114.128883,22.550533,1063
粤B9HT37,114.128647,22.549868,1063
粤B9HT37,114.128647,22.5504,1063
粤B9HT37,114.129417,22.550949,1063
粤B9HT37,114.128647,22.549299,1064
粤B9HT37,114.12648,22.54825,1065
粤B9HT37,114.126633,22.54805,1065
粤B9HT37,114.126419,22.548349,1066
粤B9HT37,114.125648,22.54755,1066
粤B9HT37,114.126099,22.5483,1066
粤B9HT37,114.125771,22.545483,1066
粤B9HT37,114.125816,22.546432,1066
粤B9HT37,114.12278,22.545067,1067
粤B9HT37,114.123253,22.545082,1067
粤B9HT37,114.12278,22.545067,1067
粤B9HT37,114.125633,22.545082,1067
粤B9HT37,114.122467,22.54495,1068
粤B9HT37,114.122452,22.54495,1068
粤B9HT37,114.122383,22.545017,1068
粤B9HT37,114.123619,22.54505,1068
粤B9HT37,114.124832,22.54505,1069
粤B9HT37,114.125748,22.543699,1069
粤B9HT37,114.125816,22.54455,1069
粤B9HT37,114.125786,22.543182,1069
粤B9HT37,114.125732,22.542999,1070
粤B9HT37,114.125366,22.542883,1070
粤B9HT37,114.125336,22.542683,1072
粤B9HT37,114.125336,22.542683,1072
粤B9HT37,114.125717,22.5425,1073
粤B9HT37,114.127586,22.542883,1073
粤B9HT37,114.126663,22.542467,1073
粤B9HT37,114.126221,22.5422,1073
粤B9HT37,114.130417,22.544283,1074
粤B9HT37,114.133667,22.546066,1074
粤B9HT37,114.128983,22.543516,1074
粤B9HT37,114.132019,22.545183,1074
粤B9HT37,114.134621,22.5469,1075
粤B9HT37,114.135483,22.548134,1075
粤B9HT37,114.138733,22.553133,1076
粤B9HT37,114.138214,22.552217,1076
粤B9HT37,114.139481,22.554583,1077
粤B9HT37,114.138969,22.553967,1077
粤B9HT37,114.139015,22.55415,1077
粤B9HT37,114.142487,22.555532,1078
粤B9HT37,114.143486,22.555483,1078
粤B9HT37,114.140831,22.555201,1078
粤B9HT37,114.150002,22.556133,1079
粤B9HT37,114.144997,22.555384,1079
粤B9HT37,114.146736,22.555468,1079
粤B9HT37,114.148453,22.555799,1079
粤B9HT37,114.151886,22.556618,1080
粤B9HT37,114.15657,22.560266,1080
粤B9HT37,114.15377,22.557882,1080
粤B9HT37,114.1614,22.562317,1081
粤B9HT37,114.158485,22.561399,1081
粤B9HT37,114.163017,22.562517,1081
粤B9HT37,114.159851,22.561934,1081
粤B9HT37,114.16597,22.56255,1082
粤B9HT37,114.16745,22.562683,1082
粤B9HT37,114.169014,22.562634,1082
粤B9HT37,114.164383,22.562517,1082
粤B9HT37,114.17028,22.562683,1083
粤B9HT37,114.170815,22.562149,1083
粤B9HT37,114.170532,22.561733,1083
粤B9HT37,114.170349,22.562017,1088
粤B9HT37,114.17038,22.561951,1093
粤B9HT37,114.17038,22.561951,1098
粤B9HT37,114.17038,22.561951,1103
粤B9HT37,114.170502,22.562,1108
粤B9HT37,114.170532,22.562,1110
粤B9HT37,114.168716,22.561934,1111
粤B9HT37,114.169121,22.561399,1111
粤B9HT37,114.169701,22.56185,1111
粤B9HT37,114.170464,22.562,1111
粤B9HT37,114.168671,22.562017,1114
粤B9HT37,114.168671,22.562017,1114
粤B9HT37,114.168869,22.561916,1115
粤B9HT37,114.168869,22.561916,1115
粤B9HT37,114.168869,22.561916,1115
粤B9HT37,114.168869,22.561916,1115
粤B9HT37,114.170937,22.56245,1116
粤B9HT37,114.170883,22.56185,1116
粤B9HT37,114.170799,22.565533,1117
粤B9HT37,114.170914,22.563566,1117
粤B9HT37,114.170784,22.564583,1117
粤B9HT37,114.170815,22.566401,1117
粤B9HT37,114.170784,22.566717,1118
粤B9HT37,114.170784,22.566717,1118
粤B9HT37,114.170784,22.566717,1118
粤B9HT37,114.170799,22.566868,1118
粤B9HT37,114.168968,22.570084,1119
粤B9HT37,114.170418,22.567717,1119
粤B9HT37,114.169563,22.569267,1119
粤B9HT37,114.168266,22.571533,1119
粤B9HT37,114.165367,22.569633,1120
粤B9HT37,114.167397,22.572367,1120
粤B9HT37,114.165581,22.568466,1121
粤B9HT37,114.165764,22.567118,1121
粤B9HT37,114.161301,22.5648,1123
粤B9HT37,114.161415,22.564466,1123
粤B9HT37,114.161301,22.5648,1123
粤B9HT37,114.16172,22.562967,1124
粤B9HT37,114.15358,22.558018,1125
粤B9HT37,114.156898,22.560551,1125
粤B9HT37,114.155296,22.559317,1125
粤B9HT37,114.149635,22.55615,1126
粤B9HT37,114.147781,22.555799,1126
粤B9HT37,114.145569,22.555517,1126
粤B9HT37,114.141953,22.555767,1127
粤B9HT37,114.139847,22.555933,1127
粤B9HT37,114.137817,22.556183,1127
粤B9HT37,114.144051,22.555599,1127
粤B9HT37,114.135147,22.558582,1128
粤B9HT37,114.135201,22.558533,1128
粤B9HT37,114.135147,22.558582,1128
粤B9HT37,114.136414,22.55715,1128
粤B9HT37,114.135147,22.558582,1129
粤B9HT37,114.135147,22.558582,1129
粤B9HT37,114.135147,22.558582,1129
粤B9HT37,114.135147,22.558582,1129
粤B9HT37,114.134216,22.559566,1130
粤B9HT37,114.135147,22.558582,1130
粤B9HT37,114.133133,22.560734,1130
粤B9HT37,114.132248,22.561649,1130
粤B9HT37,114.132233,22.561666,1131
粤B9HT37,114.132233,22.561666,1131
粤B9HT37,114.132233,22.561666,1131
粤B9HT37,114.13195,22.561899,1131
粤B9HT37,114.129868,22.559282,1132
粤B9HT37,114.129684,22.558933,1132
粤B9HT37,114.131248,22.561251,1132
粤B9HT37,114.129532,22.559,1134
粤B9HT37,114.128349,22.557266,1135
粤B9HT37,114.1278,22.55685,1135
粤B9HT37,114.129234,22.55825,1135
粤B9HT37,114.125465,22.55895,1137
粤B9HT37,114.125465,22.55895,1137
粤B9HT37,114.125465,22.55895,1137
粤B9HT37,114.116547,22.548166,1144
粤B9HT37,114.116615,22.548134,1144
粤B9HT37,114.11705,22.547083,1145
粤B9HT37,114.11705,22.547083,1145
粤B9HT37,114.116852,22.547867,1145
粤B9HT37,114.11705,22.547083,1145
粤B9HT37,114.11705,22.547083,1146
粤B9HT37,114.117332,22.545851,1146
粤B9HT37,114.117569,22.544783,1146
粤B9HT37,114.117081,22.546984,1146
粤B9HT37,114.117851,22.54405,1147
粤B9HT37,114.117882,22.543966,1147
粤B9HT37,114.117882,22.543966,1147
粤B9HT37,114.117882,22.543966,1147
粤B9HT37,114.11805,22.543751,1148
粤B9HT37,114.117882,22.543966,1148
粤B9HT37,114.119652,22.542168,1148
粤B9HT37,114.118713,22.542801,1148
粤B9HT37,114.121834,22.541233,1149
粤B9HT37,114.121834,22.541233,1149
粤B9HT37,114.120598,22.5417,1149
粤B9HT37,114.121269,22.5415,1149
粤B9HT37,114.126015,22.542101,1150
粤B9HT37,114.122597,22.540951,1150
粤B9HT37,114.125099,22.541634,1150
粤B9HT37,114.123535,22.54085,1150
粤B9HT37,114.128235,22.543083,1151
粤B9HT37,114.13092,22.544666,1151
粤B9HT37,114.129684,22.543934,1151
粤B9HT37,114.1269,22.542583,1151
粤B9HT37,114.134102,22.546551,1152
粤B9HT37,114.134583,22.546917,1152
粤B9HT37,114.132614,22.545532,1152
粤B9HT37,114.133499,22.546034,1152
粤B9HT37,114.134964,22.547318,1153
粤B9HT37,114.13488,22.54715,1153
粤B9HT37,114.135216,22.547617,1153
粤B9HT37,114.135269,22.547649,1153
粤B9HT37,114.135384,22.54785,1154
粤B9HT37,114.136734,22.5501,1155
粤B9HT37,114.137016,22.550432,1155
粤B9HT37,114.13707,22.550501,1156
粤B9HT37,114.137314,22.550667,1156
粤B9HT37,114.137314,22.550949,1156
粤B9HT37,114.13765,22.55135,1156
粤B9HT37,114.138031,22.552,1157
粤B9HT37,114.13797,22.551884,1157
粤B9HT37,114.137886,22.551718,1157
粤B9HT37,114.138031,22.552,1157
粤B9HT37,114.138031,22.552,1158
粤B9HT37,114.138031,22.552,1158
粤B9HT37,114.138031,22.552,1158
粤B9HT37,114.138031,22.552,1158
粤B9HT37,114.138031,22.552,1159
粤B9HT37,114.138229,22.552116,1159
粤B9HT37,114.13913,22.551718,1160
粤B9HT37,114.138313,22.550318,1161
粤B9HT37,114.1381,22.550318,1161
粤B9HT37,114.138931,22.550983,1161
粤B9HT37,114.138496,22.550383,1161
粤B9HT37,114.137398,22.549784,1162
粤B9HT37,114.135681,22.549583,1162
粤B9HT37,114.13813,22.549816,1162
粤B9HT37,114.138115,22.549932,1162
粤B9HT37,114.13308,22.549183,1163
粤B9HT37,114.129799,22.548582,1163
粤B9HT37,114.130753,22.548817,1163
粤B9HT37,114.129799,22.548582,1163
粤B9HT37,114.126297,22.548082,1164
粤B9HT37,114.129799,22.548582,1164
粤B9HT37,114.127731,22.54825,1164
粤B9HT37,114.129646,22.548599,1164
粤B9HT37,114.12603,22.549368,1165
粤B9HT37,114.122986,22.555918,1166
粤B9HT37,114.122704,22.557583,1166
粤B9HT37,114.124298,22.55455,1166
粤B9HT37,114.123253,22.557966,1167
粤B9HT37,114.124084,22.5585,1167
粤B9HT37,114.123466,22.558149,1167
粤B9HT37,114.125198,22.559366,1167
粤B9HT37,114.124786,22.561832,1168
粤B9HT37,114.124901,22.564783,1168
粤B9HT37,114.12468,22.563133,1168
粤B9HT37,114.124985,22.560499,1168
粤B9HT37,114.12513,22.568701,1169
粤B9HT37,114.125084,22.569332,1169
粤B9HT37,114.125336,22.566917,1169
粤B9HT37,114.125214,22.570049,1169
粤B9HT37,114.128502,22.571383,1170
粤B9HT37,114.129715,22.571768,1170
粤B9HT37,114.1297,22.57185,1170
粤B9HT37,114.126831,22.570732,1170
粤B9HT37,114.129784,22.571882,1171
粤B9HT37,114.129631,22.571833,1171
粤B9HT37,114.130684,22.572117,1171
粤B9HT37,114.129631,22.571833,1171
粤B9HT37,114.131866,22.57185,1172
粤B9HT37,114.13327,22.57155,1172
粤B9HT37,114.13327,22.57155,1173
粤B9HT37,114.134933,22.570566,1175
粤B9HT37,114.135048,22.570517,1175
粤B9HT37,114.137703,22.56885,1176
粤B9HT37,114.137482,22.569532,1176
粤B9HT37,114.13768,22.568632,1177
粤B9HT37,114.136536,22.567516,1177
粤B9HT37,114.136703,22.567383,1177
粤B9HT37,114.137352,22.567966,1177
粤B9HT37,114.136185,22.567232,1178
粤B9HT37,114.135567,22.56645,1178
粤B9HT37,114.136536,22.567516,1178
粤B9HT37,114.134567,22.565582,1178
粤B9HT37,114.131554,22.562149,1179
粤B9HT37,114.13398,22.564734,1179
粤B9HT37,114.132568,22.563217,1179
粤B9HT37,114.125397,22.559317,1180
粤B9HT37,114.127319,22.56045,1180
粤B9HT37,114.129379,22.561417,1180
粤B9HT37,114.125786,22.559601,1180
粤B9HT37,114.125397,22.559317,1181
粤B9HT37,114.125084,22.559151,1181
粤B9HT37,114.125397,22.559317,1181
粤B9HT37,114.125397,22.559317,1181
粤B9HT37,114.123932,22.558517,1182
粤B9HT37,114.120468,22.556618,1182
粤B9HT37,114.119186,22.553932,1183
粤B9HT37,114.117081,22.551718,1183
粤B9HT37,114.119331,22.554068,1183
粤B9HT37,114.1166,22.550283,1184
粤B9HT37,114.116684,22.55055,1184
粤B9HT37,114.1166,22.550283,1184
粤B9HT37,114.116364,22.546316,1186
粤B9HT37,114.113998,22.5455,1186
粤B9HT37,114.114517,22.5457,1186
粤B9HT37,114.113998,22.5455,1186
粤B9HT37,114.109299,22.545168,1187
粤B9HT37,114.113449,22.545549,1187
粤B9HT37,114.111084,22.545483,1187
粤B9HT37,114.108101,22.545633,1187
粤B9HT37,114.110031,22.54355,1188
粤B9HT37,114.109619,22.547167,1188
粤B9HT37,114.109917,22.5459,1188
粤B9HT37,114.109932,22.541817,1189
粤B9HT37,114.107231,22.541332,1189
粤B9HT37,114.108864,22.541517,1189
粤B9HT37,114.110001,22.541718,1189
粤B9HT37,114.107719,22.5411,1190
粤B9HT37,114.107819,22.541183,1190
粤B9HT37,114.10743,22.541317,1190
粤B9HT37,114.107849,22.541267,1190
粤B9HT37,114.107666,22.540833,1191
粤B9HT37,114.107735,22.541,1191
粤B9HT37,114.107597,22.540583,1191
粤B9HT37,114.107597,22.540632,1191
粤B9HT37,114.107536,22.540283,1192
粤B9HT37,114.107567,22.540182,1192
粤B9HT37,114.107651,22.540133,1192
粤B9HT37,114.107635,22.54015,1192
粤B9HT37,114.107651,22.540133,1193
粤B9HT37,114.10778,22.540133,1193
粤B9HT37,114.107903,22.540318,1193
粤B9HT37,114.10788,22.540199,1193
粤B9HT37,114.106979,22.540684,1195
粤B9HT37,114.107201,22.540701,1195
粤B9HT37,114.10717,22.540716,1195
粤B9HT37,114.10672,22.540833,1196
粤B9HT37,114.10672,22.540833,1196
粤B9HT37,114.10675,22.540701,1196
粤B9HT37,114.10672,22.540833,1196
粤B9HT37,114.10672,22.540833,1197
粤B9HT37,114.106735,22.540882,1198
粤B9HT37,114.105385,22.540951,1198
粤B9HT37,114.106552,22.5413,1198
粤B9HT37,114.105186,22.5406,1198
粤B9HT37,114.102684,22.542801,1200
粤B9HT37,114.103798,22.542999,1200
粤B9HT37,114.103371,22.542767,1200
粤B9HT37,114.101982,22.542749,1201
粤B9HT37,114.101868,22.543417,1201
粤B9HT37,114.102531,22.543768,1201
粤B9HT37,114.103432,22.544149,1201
粤B9HT37,114.103432,22.544149,1202
粤B9HT37,114.103432,22.544149,1202
粤B9HT37,114.103432,22.544149,1202
粤B9HT37,114.103432,22.544149,1203
粤B9HT37,114.105499,22.544901,1203
粤B9HT37,114.103867,22.544083,1203
粤B9HT37,114.105286,22.543068,1204
粤B9HT37,114.105118,22.542967,1205
粤B9HT37,114.105164,22.54295,1205
粤B9HT37,114.104965,22.543118,1205
粤B9HT37,114.104866,22.5431,1205
粤B9HT37,114.104881,22.542933,1206
粤B9HT37,114.105064,22.542767,1206
粤B9HT37,114.10508,22.54215,1206
粤B9HT37,114.105186,22.541901,1206
粤B9HT37,114.102936,22.540466,1207
粤B9HT37,114.104965,22.541018,1207
粤B9HT37,114.105247,22.541582,1207
粤B9HT37,114.104202,22.540583,1207
粤B9HT37,114.101646,22.541166,1208
粤B9HT37,114.101501,22.541134,1208
粤B9HT37,114.102531,22.540899,1208
粤B9HT37,114.101982,22.541166,1208
粤B9HT37,114.099686,22.541683,1209
粤B9HT37,114.099701,22.543118,1209
粤B9HT37,114.099701,22.543118,1209
粤B9HT37,114.100304,22.541166,1209
粤B9HT37,114.099701,22.543118,1210
粤B9HT37,114.099701,22.543118,1210
粤B9HT37,114.099701,22.543118,1210
粤B9HT37,114.099701,22.543118,1210
粤B9HT37,114.099701,22.543118,1211
粤B9HT37,114.099701,22.543118,1211
粤B9HT37,114.099564,22.547283,1211
粤B9HT37,114.099648,22.544399,1211
粤B9HT37,114.099464,22.549067,1212
粤B9HT37,114.099518,22.550333,1212
粤B9HT37,114.099533,22.548317,1212
粤B9HT37,114.099518,22.551367,1212
粤B9HT37,114.099503,22.552366,1213
粤B9HT37,114.099449,22.55405,1213
粤B9HT37,114.099419,22.558233,1214
粤B9HT37,114.099419,22.558233,1214
粤B9HT37,114.099419,22.558233,1215
粤B9HT37,114.099419,22.558233,1215
粤B9HT37,114.099419,22.558233,1215
粤B9HT37,114.099419,22.558233,1215
粤B9HT37,114.099434,22.559616,1216
粤B9HT37,114.099335,22.558283,1216
粤B9HT37,114.09938,22.56105,1216
粤B9HT37,114.099419,22.558233,1216
粤B9HT37,114.09938,22.56105,1217
粤B9HT37,114.099365,22.56175,1217
粤B9HT37,114.09938,22.56105,1217
粤B9HT37,114.09938,22.56105,1217
粤B9HT37,114.09935,22.564432,1218
粤B9HT37,114.09935,22.564432,1218
粤B9HT37,114.099335,22.563084,1218
粤B9HT37,114.09935,22.564432,1218
粤B9HT37,114.099335,22.564466,1219
粤B9HT37,114.09935,22.564432,1219
粤B9HT37,114.099251,22.566133,1219
粤B9HT37,114.09935,22.564432,1219
粤B9HT37,114.099113,22.572968,1220
粤B9HT37,114.099182,22.568333,1220
粤B9HT37,114.099083,22.571117,1220
粤B9HT37,114.09903,22.574266,1220
粤B9HT37,114.099083,22.576099,1221
粤B9HT37,114.09935,22.5774,1221
粤B9HT37,114.099617,22.578367,1221
粤B9HT37,114.100365,22.579634,1221
粤B9HT37,114.1008,22.5809,1222
粤B9HT37,114.101021,22.581568,1222
粤B9HT37,114.100784,22.580833,1222
粤B9HT37,114.101418,22.583033,1222
粤B9HT37,114.10508,22.589399,1223
粤B9HT37,114.107803,22.592533,1224
粤B9HT37,114.107353,22.590933,1224
粤B9HT37,114.106316,22.590282,1224
粤B9HT37,114.106216,22.590282,1224
粤B9HT37,114.111832,22.599916,1227
粤B9HT37,114.112152,22.600616,1228
粤B9HT37,114.112816,22.602016,1228
粤B9HT37,114.113029,22.602949,1229
粤B9HT37,114.113365,22.603849,1229
粤B9HT37,114.112885,22.605316,1229
粤B9HT37,114.113136,22.604918,1229
粤B9HT37,114.112885,22.605316,1230
粤B9HT37,114.112885,22.605316,1230
粤B9HT37,114.112885,22.605316,1230
粤B9HT37,114.112663,22.605766,1230
粤B9HT37,114.112503,22.607117,1231
粤B9HT37,114.112564,22.60845,1231
粤B9HT37,114.112549,22.608032,1231
粤B9HT37,114.112518,22.606199,1231
粤B9HT37,114.11248,22.609467,1232
粤B9HT37,114.112549,22.609383,1232
粤B9HT37,114.112564,22.609234,1232
粤B9HT37,114.112549,22.609383,1232
粤B9HT37,114.112633,22.606068,1233
粤B9HT37,114.112602,22.607349,1233
粤B9HT37,114.112617,22.607883,1233
粤B9HT37,114.112564,22.608683,1233
粤B9HT37,114.11277,22.605417,1234
粤B9HT37,114.112732,22.60545,1234
粤B9HT37,114.11277,22.605417,1234
粤B9HT37,114.112953,22.605267,1234
粤B9HT37,114.112663,22.60405,1235
粤B9HT37,114.112999,22.604851,1235
粤B9HT37,114.112869,22.604532,1235
粤B9HT37,114.11245,22.603518,1235
粤B9HT37,114.112282,22.603451,1236
粤B9HT37,114.11245,22.603518,1236
粤B9HT37,114.112251,22.603117,1236
粤B9HT37,114.11245,22.603518,1236
粤B9HT37,114.111565,22.601633,1237
粤B9HT37,114.111748,22.602016,1237
粤B9HT37,114.112183,22.602882,1237
粤B9HT37,114.112099,22.602716,1237
粤B9HT37,114.111069,22.600967,1238
粤B9HT37,114.111252,22.601316,1238
粤B9HT37,114.111618,22.600384,1238
粤B9HT37,114.111549,22.600401,1238
粤B9HT37,114.111618,22.600384,1239
粤B9HT37,114.112617,22.600332,1239
粤B9HT37,114.111618,22.600384,1239
粤B9HT37,114.111816,22.600349,1239
粤B9HT37,114.115196,22.600233,1240
粤B9HT37,114.11657,22.600183,1240
粤B9HT37,114.117599,22.599916,1240
粤B9HT37,114.113586,22.599934,1240
粤B9HT37,114.118515,22.5987,1241
粤B9HT37,114.119553,22.596983,1241
粤B9HT37,114.119347,22.597549,1241
粤B9HT37,114.119553,22.596983,1241
粤B9HT37,114.119682,22.595234,1242
粤B9HT37,114.119568,22.596832,1242
粤B9HT37,114.119766,22.594067,1242
粤B9HT37,114.119682,22.5961,1242
粤B9HT37,114.119781,22.5912,1243
粤B9HT37,114.118919,22.590317,1243
粤B9HT37,114.11985,22.591618,1243
粤B9HT37,114.119835,22.592518,1243
粤B9HT37,114.116486,22.588682,1244
粤B9HT37,114.11805,22.589216,1244
粤B9HT37,114.115379,22.588333,1244
粤B9HT37,114.114784,22.588133,1244
粤B9HT37,114.114784,22.588133,1245
粤B9HT37,114.114784,22.588133,1245
粤B9HT37,114.11412,22.5877,1245
粤B9HT37,114.114532,22.587933,1245
粤B9HT37,114.114502,22.586866,1246
粤B9HT37,114.113983,22.587601,1246
粤B9HT37,114.114082,22.587334,1246
粤B9HT37,114.114182,22.587267,1246
粤B9HT37,114.113731,22.585318,1247
粤B9HT37,114.114967,22.586349,1247
粤B9HT37,114.114754,22.585951,1247
粤B9HT37,114.114716,22.586767,1247
粤B9HT37,114.11232,22.584417,1248
粤B9HT37,114.1138,22.583099,1248
粤B9HT37,114.111801,22.585217,1248
粤B9HT37,114.112396,22.585068,1248
粤B9HT37,114.115082,22.579468,1249
粤B9HT37,114.116936,22.57605,1249
粤B9HT37,114.114418,22.581318,1249
粤B9HT37,114.11602,22.57785,1249
粤B9HT37,114.11763,22.570683,1250
粤B9HT37,114.117699,22.572433,1250
粤B9HT37,114.117729,22.574301,1250
粤B9HT37,114.11763,22.5686,1250
粤B9HT37,114.115417,22.564716,1251
粤B9HT37,114.114037,22.563299,1251
粤B9HT37,114.116753,22.568283,1251
粤B9HT37,114.116081,22.56645,1251
粤B9HT37,114.114548,22.56135,1252
粤B9HT37,114.11557,22.557632,1252
粤B9HT37,114.115547,22.556417,1252
粤B9HT37,114.114998,22.559517,1252
粤B9HT37,114.115379,22.554567,1253
粤B9HT37,114.115532,22.555834,1253
粤B9HT37,114.115547,22.556168,1253
粤B9HT37,114.115517,22.555433,1253
粤B9HT37,114.115532,22.555834,1254
粤B9HT37,114.115646,22.557167,1254
粤B9HT37,114.115715,22.558399,1254
粤B9HT37,114.12413,22.558434,1256
粤B9HT37,114.12413,22.558434,1256
粤B9HT37,114.122986,22.557817,1256
粤B9HT37,114.12413,22.558434,1256
粤B9HT37,114.12413,22.558434,1257
粤B9HT37,114.124634,22.558683,1257
粤B9HT37,114.127113,22.560167,1257
粤B9HT37,114.12542,22.559151,1257
粤B9HT37,114.130882,22.5618,1258
粤B9HT37,114.131714,22.562,1258
粤B9HT37,114.129021,22.561083,1258
粤B9HT37,114.132584,22.562683,1258
粤B9HT37,114.134453,22.564783,1259
粤B9HT37,114.134453,22.564783,1259
粤B9HT37,114.134087,22.564333,1259
粤B9HT37,114.134453,22.564783,1259
粤B9HT37,114.136665,22.563601,1260
粤B9HT37,114.13575,22.564417,1260
粤B9HT37,114.13665,22.563601,1260
粤B9HT37,114.134903,22.565184,1260
粤B9HT37,114.137634,22.562651,1261
粤B9HT37,114.137115,22.561632,1261
粤B9HT37,114.137352,22.562033,1261
粤B9HT37,114.137253,22.563017,1261
粤B9HT37,114.136101,22.560066,1262
粤B9HT37,114.134666,22.5592,1262
粤B9HT37,114.135468,22.559317,1262
粤B9HT37,114.133369,22.560516,1263
粤B9HT37,114.13205,22.56185,1263
粤B9HT37,114.13208,22.561817,1263
粤B9HT37,114.13205,22.56185,1263
粤B9HT37,114.126534,22.559917,1264
粤B9HT37,114.128616,22.5611,1264
粤B9HT37,114.132103,22.56185,1264
粤B9HT37,114.130615,22.561783,1264
粤B9HT37,114.12487,22.5616,1265
粤B9HT37,114.125252,22.55945,1265
粤B9HT37,114.125031,22.560417,1265
粤B9HT37,114.12468,22.563183,1265
粤B9HT37,114.125252,22.566532,1266
粤B9HT37,114.125153,22.568518,1266
粤B9HT37,114.12468,22.56435,1266
粤B9HT37,114.124985,22.570101,1266
粤B9HT37,114.12458,22.572067,1267
粤B9HT37,114.124352,22.571716,1267
粤B9HT37,114.124481,22.571983,1267
粤B9HT37,114.124603,22.572083,1268
粤B9HT37,114.124603,22.572083,1268
粤B9HT37,114.12458,22.572083,1268
粤B9HT37,114.12458,22.572067,1268
粤B9HT37,114.124298,22.573183,1269
粤B9HT37,114.123817,22.574383,1269
粤B9HT37,114.123947,22.573799,1269
粤B9HT37,114.124519,22.572317,1269
粤B9HT37,114.123337,22.576332,1270
粤B9HT37,114.124031,22.574432,1270
粤B9HT37,114.123848,22.574383,1270
粤B9HT37,114.123833,22.574966,1270
粤B9HT37,114.123817,22.573851,1271
粤B9HT37,114.123131,22.575649,1271
粤B9HT37,114.122864,22.573799,1271
粤B9HT37,114.123863,22.574017,1271
粤B9HT37,114.121918,22.573851,1272
粤B9HT37,114.121902,22.572918,1272
粤B9HT37,114.122185,22.570583,1272
粤B9HT37,114.122116,22.571768,1272
粤B9HT37,114.121696,22.569134,1273
粤B9HT37,114.11982,22.568649,1273
粤B9HT37,114.122482,22.569532,1273
粤B9HT37,114.120949,22.568951,1273
粤B9HT37,114.117714,22.568617,1274
粤B9HT37,114.117386,22.568434,1274
粤B9HT37,114.11718,22.569567,1274
粤B9HT37,114.118134,22.566217,1274
粤B9HT37,114.119484,22.559017,1275
粤B9HT37,114.11927,22.561199,1275
粤B9HT37,114.118263,22.564716,1275
粤B9HT37,114.118332,22.563032,1275
粤B9HT37,114.121849,22.5569,1276
粤B9HT37,114.124603,22.553917,1276
粤B9HT37,114.120415,22.557966,1276
粤B9HT37,114.123268,22.555401,1276
粤B9HT37,114.125687,22.552782,1277
粤B9HT37,114.125969,22.551533,1277
粤B9HT37,114.125748,22.550283,1277
粤B9HT37,114.125664,22.549383,1277
粤B9HT37,114.12278,22.548567,1278
粤B9HT37,114.122932,22.548567,1279
粤B9HT37,114.122849,22.5485,1279
粤B9HT37,114.122948,22.548532,1279
粤B9HT37,114.122932,22.548651,1279
粤B9HT37,114.122818,22.548532,1279
粤B9HT37,114.122917,22.548332,1280
粤B9HT37,114.122902,22.5485,1280
粤B9HT37,114.121384,22.547182,1280
粤B9HT37,114.120049,22.547001,1281
粤B9HT37,114.117935,22.546568,1281
粤B9HT37,114.117897,22.546618,1281
粤B9HT37,114.11692,22.54315,1282
粤B9HT37,114.117447,22.545317,1282
粤B9HT37,114.117783,22.54335,1282
粤B9HT37,114.118034,22.54385,1282
粤B9HT37,114.11618,22.543051,1283
粤B9HT37,114.11618,22.543051,1283
粤B9HT37,114.1166,22.5432,1283
粤B9HT37,114.11618,22.543051,1283
粤B9HT37,114.11515,22.542816,1284
粤B9HT37,114.114334,22.5427,1284
粤B9HT37,114.11618,22.543051,1284
粤B9HT37,114.114334,22.5427,1284
粤B9HT37,114.113434,22.54195,1285
粤B9HT37,114.113831,22.539867,1285
粤B9HT37,114.11393,22.542418,1285
粤B9HT37,114.113564,22.541283,1285
粤B9HT37,114.113884,22.53945,1286
粤B9HT37,114.113831,22.537617,1286
粤B9HT37,114.113853,22.538982,1286
粤B9HT37,114.113899,22.538401,1286
粤B9HT37,114.11393,22.536783,1287
粤B9HT37,114.113503,22.535784,1287
粤B9HT37,114.112663,22.53545,1287
粤B9HT37,114.112602,22.535851,1287
粤B9HT37,114.112663,22.53545,1288
粤B9HT37,114.112663,22.53545,1288
粤B9HT37,114.112663,22.53545,1288
粤B9HT37,114.111916,22.537251,1289
粤B9HT37,114.111702,22.539932,1289
粤B9HT37,114.111816,22.538816,1289
粤B9HT37,114.11132,22.541599,1289
粤B9HT37,114.111099,22.542784,1290
粤B9HT37,114.110283,22.543449,1290
粤B9HT37,114.110115,22.541883,1291
粤B9HT37,114.110184,22.541933,1291
粤B9HT37,114.110283,22.542,1291
粤B9HT37,114.110451,22.542133,1291
粤B9HT37,114.1101,22.541849,1292
粤B9HT37,114.110916,22.541767,1292
粤B9HT37,114.110168,22.541683,1292
粤B9HT37,114.110115,22.541817,1292
粤B9HT37,114.110497,22.547268,1293
粤B9HT37,114.110466,22.546667,1293
粤B9HT37,114.110786,22.545151,1293
粤B9HT37,114.110886,22.5431,1293
粤B9HT37,114.110619,22.547533,1294
粤B9HT37,114.110619,22.547533,1294
粤B9HT37,114.11068,22.547518,1294
粤B9HT37,114.110619,22.547533,1294
粤B9HT37,114.110619,22.547533,1295
粤B9HT37,114.109886,22.553267,1295
粤B9HT37,114.110168,22.550833,1295
粤B9HT37,114.110466,22.548767,1295
粤B9HT37,114.109917,22.553467,1296
粤B9HT37,114.11068,22.554466,1296
粤B9HT37,114.109886,22.554182,1296
粤B9HT37,114.11467,22.553717,1297
粤B9HT37,114.114815,22.553682,1297
粤B9HT37,114.114815,22.553682,1297
粤B9HT37,114.114815,22.553682,1297
粤B9HT37,114.11673,22.552116,1298
粤B9HT37,114.116501,22.552032,1298
粤B9HT37,114.116585,22.552067,1298
粤B9HT37,114.115379,22.553551,1298
粤B9HT37,114.115868,22.5529,1299
粤B9HT37,114.116119,22.552851,1299
粤B9HT37,114.115868,22.5529,1299
粤B9HT37,114.115868,22.5529,1300
粤B9HT37,114.115829,22.552868,1300
粤B9HT37,114.115868,22.5529,1300
粤B9HT37,114.115829,22.552868,1300
粤B9HT37,114.114365,22.55275,1301
粤B9HT37,114.1147,22.553249,1301
粤B9HT37,114.115379,22.5536,1301
粤B9HT37,114.115501,22.553417,1301
粤B9HT37,114.113701,22.5511,1302
粤B9HT37,114.113899,22.551916,1302
粤B9HT37,114.112,22.548233,1304
粤B9HT37,114.110764,22.547817,1304
粤B9HT37,114.112152,22.548416,1304
粤B9HT37,114.110565,22.547916,1304
粤B9HT37,114.110336,22.547716,1305
粤B9HT37,114.110619,22.5476,1305
粤B9HT37,114.11068,22.547899,1305
粤B9HT37,114.110703,22.547832,1305
粤B9HT37,114.110268,22.54245,1306
粤B9HT37,114.110069,22.545233,1306
粤B9HT37,114.110214,22.543034,1306
粤B9HT37,114.110268,22.54245,1307
粤B9HT37,114.110298,22.541782,1307
粤B9HT37,114.110268,22.54245,1307
粤B9HT37,114.110817,22.537933,1308
粤B9HT37,114.111115,22.534616,1308
粤B9HT37,114.111031,22.534433,1308
粤B9HT37,114.111351,22.5322,1309
粤B9HT37,114.111069,22.533133,1309
粤B9HT37,114.111351,22.5322,1309
粤B9HT37,114.111351,22.5322,1309
粤B9HT37,114.111664,22.53265,1310
粤B9HT37,114.111519,22.532301,1310
粤B9HT37,114.111954,22.531601,1310
粤B9HT37,114.111504,22.532084,1310
粤B9HT37,114.111,22.535482,1311
粤B9HT37,114.110832,22.535267,1311
粤B9HT37,114.110931,22.534317,1311
粤B9HT37,114.111,22.535482,1311
粤B9HT37,114.111,22.535482,1312
粤B9HT37,114.111,22.535482,1312
粤B9HT37,114.111,22.535482,1312
粤B9HT37,114.111,22.535482,1312
粤B9HT37,114.111,22.535482,1313
粤B9HT37,114.111214,22.53565,1313
粤B9HT37,114.111,22.535482,1313
粤B9HT37,114.111,22.535482,1313
粤B9HT37,114.110336,22.541401,1314
粤B9HT37,114.110832,22.536699,1314
粤B9HT37,114.110535,22.538233,1314
粤B9HT37,114.110435,22.541567,1315
粤B9HT37,114.110435,22.541567,1315
粤B9HT37,114.110435,22.541567,1315
粤B9HT37,114.110435,22.541567,1315
粤B9HT37,114.108353,22.541533,1316
粤B9HT37,114.110435,22.541567,1316
粤B9HT37,114.109863,22.541718,1316
粤B9HT37,114.110435,22.541567,1316
粤B9HT37,114.106682,22.542116,1317
粤B9HT37,114.10675,22.543533,1317
粤B9HT37,114.107231,22.541517,1317
粤B9HT37,114.106468,22.544451,1318
粤B9HT37,114.108452,22.545033,1318
粤B9HT37,114.106567,22.54365,1318
粤B9HT37,114.106514,22.543667,1318
粤B9HT37,114.114464,22.545933,1319
粤B9HT37,114.116997,22.54645,1320
粤B9HT37,114.116096,22.546284,1320
粤B9HT37,114.117966,22.546534,1320
粤B9HT37,114.119118,22.546583,1320
粤B9HT37,114.121468,22.54715,1321
粤B9HT37,114.121948,22.547199,1321
粤B9HT37,114.121948,22.547199,1321
粤B9HT37,114.120399,22.547001,1321
粤B9HT37,114.121651,22.547182,1322
粤B9HT37,114.121651,22.547182,1322
粤B9HT37,114.121651,22.547182,1322
粤B9HT37,114.121597,22.546984,1322
粤B9HT37,114.121384,22.54355,1323
粤B9HT37,114.12162,22.543734,1323
粤B9HT37,114.122269,22.544916,1323
粤B9HT37,114.122269,22.545782,1323
粤B9HT37,114.120399,22.544067,1324
粤B9HT37,114.120766,22.543917,1324
粤B9HT37,114.12085,22.543716,1324
粤B9HT37,114.120667,22.543949,1324
粤B9HT37,114.120216,22.544399,1325
粤B9HT37,114.120171,22.544634,1325
粤B9HT37,114.120232,22.544317,1325
粤B9HT37,114.120216,22.544399,1325
粤B9HT37,114.120003,22.544468,1326
粤B9HT37,114.118835,22.543934,1326
粤B9HT37,114.118248,22.543783,1327
粤B9HT37,114.118248,22.543783,1327
粤B9HT37,114.118248,22.543783,1327
粤B9HT37,114.118469,22.543768,1327
粤B9HT37,114.118248,22.543783,1328
粤B9HT37,114.118248,22.543783,1328
粤B9HT37,114.118248,22.543783,1328
粤B9HT37,114.12925,22.548367,1331
粤B9HT37,114.13195,22.548933,1332
粤B9HT37,114.132286,22.549084,1332
粤B9HT37,114.134018,22.548668,1332
粤B9HT37,114.13385,22.548283,1333
粤B9HT37,114.133904,22.548233,1333
粤B9HT37,114.13382,22.548267,1333
粤B9HT37,114.133652,22.548218,1333
粤B9HT37,114.134003,22.548367,1334
粤B9HT37,114.134514,22.547483,1334
粤B9HT37,114.133667,22.546633,1335
粤B9HT37,114.131569,22.545418,1335
粤B9HT37,114.129715,22.544333,1335
粤B9HT37,114.133484,22.546482,1335
粤B9HT37,114.127968,22.54545,1336
粤B9HT37,114.126602,22.545218,1336
粤B9HT37,114.126137,22.5452,1336
粤B9HT37,114.129501,22.545633,1336
粤B9HT37,114.126297,22.547768,1337
粤B9HT37,114.126564,22.547817,1337
粤B9HT37,114.126083,22.546917,1337
粤B9HT37,114.126564,22.547817,1337
粤B9HT37,114.126564,22.547817,1338
粤B9HT37,114.126564,22.547817,1338
粤B9HT37,114.126564,22.547817,1338
粤B9HT37,114.126564,22.547817,1338
粤B9HT37,114.127434,22.547983,1339
粤B9HT37,114.128616,22.548283,1339
粤B9HT37,114.129097,22.54845,1339
粤B9HT37,114.129097,22.54845,1339
粤B9HT37,114.129097,22.54845,1340
粤B9HT37,114.129097,22.54845,1340
粤B9HT37,114.128685,22.548416,1340
粤B9HT37,114.129303,22.548416,1340
粤B9HT37,114.128632,22.550117,1341
粤B9HT37,114.128632,22.550133,1341
粤B9HT37,114.12867,22.549732,1341
粤B9HT37,114.125931,22.549982,1342
粤B9HT37,114.12825,22.550234,1342
粤B9HT37,114.12635,22.54965,1342
粤B9HT37,114.127296,22.54995,1342
粤B9HT37,114.125801,22.551167,1343
粤B9HT37,114.125748,22.550133,1343
粤B9HT37,114.126152,22.552633,1344
粤B9HT37,114.125847,22.551867,1344
粤B9HT37,114.127563,22.555082,1345
粤B9HT37,114.127831,22.555468,1345
粤B9HT37,114.127831,22.555468,1345
粤B9HT37,114.126297,22.553183,1345
粤B9HT37,114.127831,22.555468,1346
粤B9HT37,114.128067,22.555983,1346
粤B9HT37,114.128418,22.556299,1346
粤B9HT37,114.127769,22.555532,1346
粤B9HT37,114.128914,22.555933,1347
粤B9HT37,114.129448,22.555517,1347
粤B9HT37,114.130035,22.554983,1347
粤B9HT37,114.130234,22.554167,1347
粤B9HT37,114.130249,22.552933,1348
粤B9HT37,114.130264,22.552917,1348
粤B9HT37,114.130234,22.553499,1348
粤B9HT37,114.130165,22.5525,1348
粤B9HT37,114.129463,22.551216,1349
粤B9HT37,114.129753,22.552,1349
粤B9HT37,114.125,22.553734,1352
粤B9HT37,114.123596,22.555317,1352
粤B9HT37,114.120018,22.5599,1353
粤B9HT37,114.12175,22.55735,1353
粤B9HT37,114.123032,22.555933,1353
粤B9HT37,114.120903,22.558567,1353
粤B9HT37,114.119667,22.5609,1354
粤B9HT37,114.12233,22.562332,1354
粤B9HT37,114.120682,22.561184,1354
粤B9HT37,114.12233,22.562,1354
粤B9HT37,114.1241,22.561899,1355
粤B9HT37,114.12233,22.562401,1355
粤B9HT37,114.122681,22.561916,1355
粤B9HT37,114.12468,22.561716,1355
粤B9HT37,114.125,22.55975,1356
粤B9HT37,114.124947,22.559433,1356
粤B9HT37,114.125031,22.559683,1356
粤B9HT37,114.124847,22.560383,1356
粤B9HT37,114.124268,22.5588,1357
粤B9HT37,114.121498,22.557367,1357
粤B9HT37,114.123436,22.555349,1358
粤B9HT37,114.124619,22.554234,1358
粤B9HT37,114.125633,22.552433,1359
粤B9HT37,114.123184,22.55225,1359
粤B9HT37,114.124733,22.552317,1359
粤B9HT37,114.124634,22.5518,1359
粤B9HT37,114.122169,22.552017,1360
粤B9HT37,114.119484,22.55205,1361
粤B9HT37,114.120979,22.55245,1361
粤B9HT37,114.118217,22.552217,1361
粤B9HT37,114.120415,22.5522,1361
粤B9HT37,114.117699,22.551216,1362
粤B9HT37,114.117615,22.551149,1362
粤B9HT37,114.117699,22.551216,1362
粤B9HT37,114.117569,22.551167,1363
粤B9HT37,114.117569,22.551167,1363
粤B9HT37,114.117584,22.5511,1363
粤B9HT37,114.117569,22.551167,1363
粤B9HT37,114.116684,22.5518,1364
粤B9HT37,114.115364,22.55335,1364
粤B9HT37,114.115349,22.553383,1364
粤B9HT37,114.1175,22.55105,1364
粤B9HT37,114.11422,22.5539,1365
粤B9HT37,114.115349,22.553383,1365
粤B9HT37,114.115265,22.553568,1365
粤B9HT37,114.115349,22.553383,1365
粤B9HT37,114.109818,22.553699,1366
粤B9HT37,114.111534,22.55435,1366
粤B9HT37,114.107567,22.552834,1366
粤B9HT37,114.10807,22.552868,1366
粤B9HT37,114.106834,22.552883,1367
粤B9HT37,114.104233,22.553167,1368
粤B9HT37,114.104233,22.553167,1368
粤B9HT37,114.104233,22.553167,1368
粤B9HT37,114.104103,22.552683,1369
粤B9HT37,114.104836,22.549868,1369
粤B9HT37,114.105347,22.549482,1369
粤B9HT37,114.104767,22.5492,1370
粤B9HT37,114.1054,22.549351,1370
粤B9HT37,114.105347,22.549482,1370
粤B9HT37,114.105347,22.549482,1370
粤B9HT37,114.104179,22.549101,1371
粤B9HT37,114.102753,22.548866,1371
粤B9HT37,114.10305,22.549116,1371
粤B9HT37,114.102318,22.548367,1371
粤B9HT37,114.101601,22.547583,1372
粤B9HT37,114.102219,22.548183,1372
粤B9HT37,114.101685,22.547701,1372
粤B9HT37,114.101898,22.547968,1372
粤B9HT37,114.099518,22.548367,1373
粤B9HT37,114.101418,22.547367,1373
粤B9HT37,114.100235,22.547283,1373
粤B9HT37,114.099564,22.5508,1373
粤B9HT37,114.099167,22.552,1374
粤B9HT37,114.094681,22.551767,1374
粤B9HT37,114.096947,22.551884,1374
粤B9HT37,114.086601,22.551683,1376
粤B9HT37,114.08857,22.551783,1376
粤B9HT37,114.084419,22.556049,1377
粤B9HT37,114.082817,22.556116,1377
粤B9HT37,114.081665,22.556467,1378
粤B9HT37,114.082367,22.560682,1378
粤B9HT37,114.081703,22.557966,1378
粤B9HT37,114.081886,22.556351,1378
粤B9HT37,114.086517,22.56525,1379
粤B9HT37,114.083771,22.571234,1380
粤B9HT37,114.08577,22.5688,1380
粤B9HT37,114.065453,22.568733,1381
粤B9HT37,114.068787,22.569201,1381
粤B9HT37,114.057251,22.566267,1382
粤B9HT37,114.060997,22.567883,1382
粤B9HT37,114.054718,22.565599,1382
粤B9HT37,114.059998,22.567432,1382
粤B9HT37,114.05143,22.567801,1383
粤B9HT37,114.054169,22.566917,1383
粤B9HT37,114.053848,22.567083,1383
粤B9HT37,114.052269,22.567432,1384
粤B9HT37,114.049316,22.567183,1385
粤B9HT37,114.048836,22.567217,1385
粤B9HT37,114.046753,22.567133,1386
粤B9HT37,114.042618,22.569817,1387
粤B9HT37,114.042549,22.569866,1387
粤B9HT37,114.042618,22.569817,1387
粤B9HT37,114.042618,22.569817,1387
粤B9HT37,114.044914,22.570984,1388
粤B9HT37,114.043465,22.570118,1388
粤B9HT37,114.047234,22.571217,1388
粤B9HT37,114.055733,22.569384,1390
粤B9HT37,114.055733,22.569401,1390
粤B9HT37,114.061615,22.57095,1392
粤B9HT37,114.062119,22.5783,1393
粤B9HT37,114.061279,22.578217,1393
粤B9HT37,114.061066,22.577583,1393
粤B9HT37,114.059013,22.578466,1394
粤B9HT37,114.056931,22.578667,1394
粤B9HT37,114.051865,22.588449,1395
粤B9HT37,114.050552,22.589518,1395
粤B9HT37,114.053352,22.584749,1395
粤B9HT37,114.053001,22.586782,1395
粤B9HT37,114.045753,22.595833,1396
粤B9HT37,114.043716,22.605284,1397
粤B9HT37,114.044502,22.6077,1397
粤B9HT37,114.044785,22.614134,1398
粤B9HT37,114.044052,22.6199,1398
粤B9HT37,114.045769,22.620832,1399
粤B9HT37,114.047752,22.6215,1399
粤B9HT37,114.047249,22.621317,1399
粤B9HT37,114.045364,22.621033,1400
粤B9HT37,114.043854,22.620382,1400
粤B9HT37,114.046669,22.621267,1400
粤B9HT37,114.04248,22.619432,1400
粤B9HT37,114.040985,22.61845,1401
粤B9HT37,114.037216,22.617399,1401
粤B9HT37,114.035332,22.622499,1402
粤B9HT37,114.03672,22.619801,1402
粤B9HT37,114.035049,22.623301,1402
粤B9HT37,114.034882,22.623333,1403
粤B9HT37,114.034683,22.623568,1403
粤B9HT37,114.034584,22.623684,1403
粤B9HT37,114.034348,22.623833,1403
粤B9HT37,114.035049,22.623301,1404
粤B9HT37,114.035103,22.623367,1404
粤B9HT37,114.035004,22.623333,1404
粤B9HT37,114.035049,22.623301,1404
粤B9HT37,114.034966,22.623383,1405
粤B9HT37,114.035103,22.623367,1405
粤B9HT37,114.035103,22.623367,1405
粤B9HT37,114.034966,22.623383,1405
粤B9HT37,114.035034,22.62295,1406
粤B9HT37,114.034966,22.623383,1406
粤B9HT37,114.035233,22.622032,1406
粤B9HT37,114.036133,22.619217,1407
粤B9HT37,114.035553,22.620934,1407
粤B9HT37,114.036766,22.61775,1407
粤B9HT37,114.037949,22.615534,1408
粤B9HT37,114.038765,22.6141,1408
粤B9HT37,114.038696,22.614134,1408
粤B9HT37,114.0373,22.616751,1408
粤B9HT37,114.038696,22.614134,1409
粤B9HT37,114.038635,22.614134,1409
粤B9HT37,114.040314,22.611116,1409
粤B9HT37,114.039413,22.612818,1409
粤B9HT37,114.039864,22.608183,1410
粤B9HT37,114.040482,22.609867,1410
粤B9HT37,114.040848,22.608633,1410
粤B9HT37,114.038986,22.607651,1410
粤B9HT37,114.038803,22.607,1411
粤B9HT37,114.040649,22.604549,1411
粤B9HT37,114.038986,22.607599,1411
粤B9HT37,114.039932,22.605551,1411
粤B9HT37,114.040649,22.604549,1412
粤B9HT37,114.040649,22.604549,1412
粤B9HT37,114.040649,22.604549,1412
粤B9HT37,114.040649,22.604549,1412
粤B9HT37,114.040649,22.604549,1413
粤B9HT37,114.040833,22.604349,1413
粤B9HT37,114.041763,22.603268,1413
粤B9HT37,114.042465,22.6024,1413
粤B9HT37,114.044067,22.599333,1414
粤B9HT37,114.0448,22.597383,1414
粤B9HT37,114.043419,22.600901,1414
粤B9HT37,114.043137,22.601618,1414
粤B9HT37,114.050369,22.589399,1415
粤B9HT37,114.047546,22.593567,1415
粤B9HT37,114.049065,22.5909,1415
粤B9HT37,114.046204,22.595751,1415
粤B9HT37,114.053032,22.585466,1416
粤B9HT37,114.052315,22.587618,1416
粤B9HT37,114.053635,22.583134,1416
粤B9HT37,114.054749,22.581066,1416
粤B9HT37,114.060898,22.574266,1417
粤B9HT37,114.061386,22.5718,1418
粤B9HT37,114.061417,22.571117,1418
粤B9HT37,114.059586,22.571083,1418
粤B9HT37,114.058952,22.571068,1418
粤B9HT37,114.057533,22.571182,1419
粤B9HT37,114.058952,22.571068,1419
粤B9HT37,114.058952,22.571068,1419
粤B9HT37,114.058136,22.57115,1419
粤B9HT37,114.056015,22.571167,1420
粤B9HT37,114.057182,22.571117,1420
粤B9HT37,114.054565,22.571167,1420
粤B9HT37,114.054169,22.571383,1420
粤B9HT37,114.054047,22.574318,1421
粤B9HT37,114.054253,22.573133,1421
粤B9HT37,114.054253,22.572201,1421
粤B9HT37,114.053902,22.57445,1421
粤B9HT37,114.053986,22.57225,1422
粤B9HT37,114.053932,22.57365,1422
粤B9HT37,114.054169,22.571234,1422
粤B9HT37,114.054199,22.571199,1422
粤B9HT37,114.0541,22.568466,1423
粤B9HT37,114.05423,22.56715,1423
粤B9HT37,114.054131,22.56955,1423
粤B9HT37,114.054253,22.570417,1423
粤B9HT37,114.050232,22.567266,1424
粤B9HT37,114.051231,22.567266,1424
粤B9HT37,114.052834,22.56715,1424
粤B9HT37,114.04995,22.567284,1424
粤B9HT37,114.04995,22.567284,1425
粤B9HT37,114.04895,22.567333,1425
粤B9HT37,114.050316,22.567232,1425
粤B9HT37,114.052132,22.567284,1426
粤B9HT37,114.050949,22.56715,1426
粤B9HT37,114.053719,22.567118,1426
粤B9HT37,114.053749,22.567118,1426
粤B9HT37,114.057236,22.568399,1427
粤B9HT37,114.055397,22.567583,1427
粤B9HT37,114.058365,22.568951,1427
粤B9HT37,114.054031,22.567118,1427
粤B9HT37,114.058548,22.569151,1428
粤B9HT37,114.061165,22.573633,1429
粤B9HT37,114.061584,22.571051,1429
粤B9HT37,114.06102,22.574484,1429
粤B9HT37,114.060547,22.576599,1430
粤B9HT37,114.059753,22.578917,1430
粤B9HT37,114.035019,22.601868,1433
粤B9HT37,114.033447,22.603518,1433
粤B9HT37,114.029587,22.607401,1434
粤B9HT37,114.02877,22.608433,1434
粤B9HT37,114.032051,22.604868,1434
粤B9HT37,114.030167,22.606733,1434
粤B9HT37,114.027336,22.610416,1435
粤B9HT37,114.017517,22.619734,1436
粤B9HT37,114.018219,22.618933,1436
粤B9HT37,114.020447,22.616917,1436
粤B9HT37,114.01358,22.625282,1437
粤B9HT37,114.017487,22.619749,1437
粤B9HT37,114.016632,22.620899,1437
粤B9HT37,114.014915,22.623333,1437
粤B9HT37,114.013298,22.629333,1438
粤B9HT37,114.013435,22.625483,1438
粤B9HT37,114.012619,22.626766,1438
粤B9HT37,114.011887,22.628468,1438
粤B9HT37,114.01403,22.629833,1439
粤B9HT37,114.01403,22.629833,1439
粤B9HT37,114.01403,22.629833,1439
粤B9HT37,114.013985,22.629784,1439
