粤B401YP,114.043465,22.669712,4
粤B401YP,114.043465,22.669712,12
粤B401YP,114.043465,22.669712,13
粤B401YP,114.043465,22.669712,19
粤B401YP,114.043465,22.669712,19
粤B401YP,114.043465,22.669712,25
粤B401YP,114.043465,22.669712,31
粤B401YP,114.043465,22.669712,35
粤B401YP,114.043465,22.669712,37
粤B401YP,114.043465,22.669712,42
粤B401YP,114.043465,22.669712,48
粤B401YP,114.043465,22.669712,51
粤B401YP,114.043465,22.669712,54
粤B401YP,114.043465,22.669712,60
粤B401YP,114.040649,22.609777,65
粤B401YP,114.040649,22.609777,66
粤B401YP,114.023811,22.627239,67
粤B401YP,114.023811,22.627239,70
粤B401YP,114.023811,22.627239,72
粤B401YP,114.023811,22.627239,78
粤B401YP,114.023811,22.627239,82
粤B401YP,114.023811,22.627239,84
粤B401YP,114.023811,22.627239,90
粤B401YP,114.023811,22.627239,96
粤B401YP,114.023811,22.627239,98
粤B401YP,114.023811,22.627239,102
粤B401YP,114.023811,22.627239,108
粤B401YP,114.023811,22.627239,114
粤B401YP,114.023811,22.627239,114
粤B401YP,114.023811,22.627239,120
粤B401YP,114.023811,22.627239,126
粤B401YP,114.023811,22.627239,129
粤B401YP,114.023811,22.627239,132
粤B401YP,114.023811,22.627239,138
粤B401YP,114.023811,22.627239,144
粤B401YP,114.023811,22.627239,145
粤B401YP,114.023811,22.627239,150
粤B401YP,114.023811,22.627239,156
粤B401YP,114.023811,22.627239,161
粤B401YP,114.023811,22.627239,161
粤B401YP,114.023811,22.627239,167
粤B401YP,114.023811,22.627239,173
粤B401YP,114.023811,22.627239,179
粤B401YP,114.023811,22.627239,192
粤B401YP,114.023811,22.627239,197
粤B401YP,114.023811,22.627239,203
粤B401YP,114.023811,22.627239,208
粤B401YP,114.023811,22.627239,209
粤B401YP,114.023811,22.627239,215
粤B401YP,114.023811,22.627239,221
粤B401YP,114.023811,22.627239,224
粤B401YP,114.023811,22.627239,227
粤B401YP,114.023811,22.627239,233
粤B401YP,114.023811,22.627239,239
粤B401YP,114.023811,22.627239,240
粤B401YP,114.023811,22.627239,251
粤B401YP,114.023811,22.627239,255
粤B401YP,114.023811,22.627239,257
粤B401YP,114.023811,22.627239,263
粤B401YP,114.023811,22.627239,269
粤B401YP,114.023811,22.627239,271
粤B401YP,114.023811,22.627239,275
粤B401YP,114.023811,22.627239,281
粤B401YP,114.023811,22.627239,287
粤B401YP,114.023811,22.627239,287
粤B401YP,114.023811,22.627239,293
粤B401YP,114.023811,22.627239,299
粤B401YP,114.023811,22.627239,303
粤B401YP,114.023811,22.627239,305
粤B401YP,114.023811,22.627239,311
粤B401YP,114.023811,22.627239,317
粤B401YP,114.023811,22.627239,318
粤B401YP,114.023811,22.627239,323
粤B401YP,114.023811,22.627239,328
粤B401YP,114.023811,22.627239,334
粤B401YP,114.023811,22.627239,334
粤B401YP,114.023811,22.627239,340
粤B401YP,114.023811,22.627239,346
粤B401YP,114.023811,22.627239,350
粤B401YP,114.023811,22.627239,352
粤B401YP,114.023811,22.627239,358
粤B401YP,114.023811,22.627239,364
粤B401YP,114.023811,22.627239,366
粤B401YP,114.023811,22.627239,370
粤B401YP,114.023811,22.627239,376
粤B401YP,114.023811,22.627239,382
粤B401YP,114.039841,22.602629,382
粤B401YP,114.039841,22.602629,388
粤B401YP,114.039841,22.602629,394
粤B401YP,114.111252,22.532948,397
粤B401YP,114.039841,22.602629,400
粤B401YP,114.111252,22.532948,402
粤B401YP,114.111252,22.532948,406
粤B401YP,114.111252,22.532948,412
粤B401YP,114.111252,22.532948,418
粤B401YP,114.114098,22.531643,430
粤B401YP,114.124146,22.545013,435
粤B401YP,114.124146,22.545013,435
粤B401YP,114.124146,22.545013,441
粤B401YP,114.114067,22.531597,444
粤B401YP,114.114067,22.531597,446
粤B401YP,114.114067,22.531597,447
粤B401YP,114.114067,22.531597,453
粤B401YP,114.114067,22.531597,459
粤B401YP,114.114067,22.531597,465
粤B401YP,114.130539,22.547495,468
粤B401YP,114.130539,22.547495,471
粤B401YP,114.130539,22.547495,477
粤B401YP,114.104012,22.564135,481
粤B401YP,114.104012,22.564135,483
粤B401YP,114.104012,22.564135,489
粤B401YP,114.107719,22.568167,490
粤B401YP,114.107719,22.568167,495
粤B401YP,114.107719,22.568167,501
粤B401YP,114.102821,22.552692,507
粤B401YP,114.107719,22.568167,507
粤B401YP,114.102821,22.552692,513
粤B401YP,114.102821,22.552692,519
粤B401YP,114.109154,22.541637,523
粤B401YP,114.109154,22.541637,525
粤B401YP,114.11245,22.535769,527
粤B401YP,114.113914,22.534122,533
粤B401YP,114.113914,22.534122,537
粤B401YP,114.110832,22.547766,539
粤B401YP,114.110832,22.547766,549
粤B401YP,114.113953,22.534212,554
粤B401YP,114.110832,22.547766,555
粤B401YP,114.113953,22.534212,560
粤B401YP,114.113953,22.534212,561
粤B401YP,114.113953,22.534212,567
粤B401YP,114.113953,22.534212,570
粤B401YP,114.113953,22.534212,573
粤B401YP,114.113953,22.534212,579
粤B401YP,114.139854,22.62825,582
粤B401YP,114.138557,22.627092,584
粤B401YP,114.138557,22.627092,585
粤B401YP,114.138557,22.627092,591
粤B401YP,114.138557,22.627092,597
粤B401YP,114.115524,22.618757,600
粤B401YP,114.115524,22.618757,602
粤B401YP,114.115524,22.618757,609
粤B401YP,114.115524,22.618757,615
粤B401YP,114.112297,22.603371,620
粤B401YP,114.112297,22.603371,621
粤B401YP,114.128464,22.590315,625
粤B401YP,114.112297,22.603371,627
粤B401YP,114.128464,22.590315,630
粤B401YP,114.128464,22.590315,633
粤B401YP,114.128464,22.590315,642
粤B401YP,114.123863,22.558613,643
粤B401YP,114.123657,22.558493,644
粤B401YP,114.115295,22.545002,649
粤B401YP,114.123657,22.558493,649
粤B401YP,114.115532,22.544418,650
粤B401YP,114.115532,22.544418,655
粤B401YP,114.115532,22.544418,661
粤B401YP,114.115532,22.544418,667
粤B401YP,114.083412,22.549183,669
粤B401YP,114.083412,22.549183,673
粤B401YP,114.077713,22.549103,674
粤B401YP,114.077713,22.549103,679
粤B401YP,114.077713,22.549103,685
粤B401YP,114.046829,22.530117,687
粤B401YP,114.046829,22.530117,688
粤B401YP,114.049286,22.549377,688
粤B401YP,114.046829,22.530117,691
粤B401YP,114.046829,22.530117,696
粤B401YP,114.049286,22.549377,699
粤B401YP,114.049286,22.549377,702
粤B401YP,114.056427,22.5208,704
粤B401YP,114.049286,22.549377,708
粤B401YP,114.056427,22.5208,712
粤B401YP,114.056427,22.5208,714
粤B401YP,114.056427,22.5208,720
粤B401YP,114.056427,22.5208,726
粤B401YP,114.043037,22.520634,728
粤B401YP,114.043037,22.520634,732
粤B401YP,114.034805,22.568539,735
粤B401YP,114.043037,22.520634,738
粤B401YP,114.034805,22.568539,739
粤B401YP,114.034805,22.568539,744
粤B401YP,114.034805,22.568539,750
粤B401YP,114.034805,22.568539,751
粤B401YP,114.034805,22.568539,756
粤B401YP,114.034805,22.568539,762
粤B401YP,114.034805,22.568539,768
粤B401YP,114.038643,22.544125,770
粤B401YP,114.038643,22.544125,774
粤B401YP,114.05645,22.547352,780
粤B401YP,114.05645,22.547352,786
粤B401YP,114.05645,22.547352,792
粤B401YP,114.05645,22.547352,798
粤B401YP,114.05645,22.547352,804
粤B401YP,114.066154,22.547499,804
粤B401YP,114.066154,22.547499,810
粤B401YP,114.066154,22.547499,816
粤B401YP,114.066154,22.547499,822
粤B401YP,114.066154,22.547499,828
粤B401YP,113.95253,22.546062,828
粤B401YP,113.95253,22.546062,834
粤B401YP,113.963493,22.542957,844
粤B401YP,113.963493,22.542957,846
粤B401YP,113.963493,22.542957,852
粤B401YP,113.963493,22.542957,858
粤B401YP,113.909523,22.53133,858
粤B401YP,113.909523,22.53133,864
粤B401YP,113.900269,22.513252,868
粤B401YP,113.900269,22.513252,870
粤B401YP,113.900269,22.513252,876
粤B401YP,113.924492,22.522133,880
粤B401YP,113.924492,22.522133,882
粤B401YP,113.925072,22.518867,883
粤B401YP,113.925072,22.518867,888
粤B401YP,113.919197,22.543507,891
粤B401YP,113.919197,22.543507,894
粤B401YP,113.916328,22.536617,899
粤B401YP,113.940025,22.549877,908
粤B401YP,113.922813,22.536434,912
粤B401YP,113.940025,22.549877,914
粤B401YP,113.940025,22.549877,918
粤B401YP,113.940025,22.549877,924
粤B401YP,113.940025,22.549877,924
粤B401YP,113.940025,22.549877,930
粤B401YP,113.940025,22.549877,936
粤B401YP,113.940025,22.549877,940
粤B401YP,113.940025,22.549877,942
粤B401YP,113.940025,22.549877,948
粤B401YP,113.940025,22.549877,954
粤B401YP,113.940025,22.549877,956
粤B401YP,113.940025,22.549877,960
粤B401YP,113.940025,22.549877,966
粤B401YP,113.940025,22.549877,972
粤B401YP,114.028008,22.623327,973
粤B401YP,114.028008,22.623327,978
粤B401YP,114.028008,22.623327,984
粤B401YP,114.028008,22.623327,990
粤B401YP,114.028008,22.623327,996
粤B401YP,114.028008,22.623327,1002
粤B401YP,114.118668,22.56572,1003
粤B401YP,114.118668,22.56572,1003
粤B401YP,114.118668,22.56572,1008
粤B401YP,114.118668,22.56572,1014
粤B401YP,114.116409,22.549448,1019
粤B401YP,114.116409,22.549448,1020
粤B401YP,114.098045,22.543629,1030
粤B401YP,114.098045,22.543629,1032
粤B401YP,114.098045,22.543629,1038
粤B401YP,114.098045,22.543629,1044
粤B401YP,114.098045,22.543629,1050
粤B401YP,113.987663,22.52466,1056
粤B401YP,113.987885,22.524736,1056
粤B401YP,113.987663,22.52466,1062
粤B401YP,113.987663,22.52466,1067
粤B401YP,113.97084,22.539001,1069
粤B401YP,113.970665,22.539618,1072
粤B401YP,113.970665,22.539618,1073
粤B401YP,113.970665,22.539618,1079
粤B401YP,113.929817,22.544132,1081
粤B401YP,113.928787,22.543871,1082
粤B401YP,113.928787,22.543871,1085
粤B401YP,113.928787,22.543871,1091
粤B401YP,113.945343,22.523869,1095
粤B401YP,113.945358,22.523869,1095
粤B401YP,113.94912,22.540648,1097
粤B401YP,113.945358,22.523869,1097
粤B401YP,113.94912,22.540648,1102
粤B401YP,113.94912,22.540648,1103
粤B401YP,113.94912,22.540648,1109
粤B401YP,113.94912,22.540648,1115
粤B401YP,113.951057,22.541853,1121
粤B401YP,113.951057,22.541853,1121
粤B401YP,113.951057,22.541853,1127
粤B401YP,113.951057,22.541853,1133
粤B401YP,114.05365,22.537766,1145
粤B401YP,114.055817,22.537598,1148
粤B401YP,114.055817,22.537598,1151
粤B401YP,114.033127,22.55545,1157
粤B401YP,114.055817,22.537598,1157
粤B401YP,114.033127,22.55545,1163
粤B401YP,114.033127,22.55545,1169
粤B401YP,114.033127,22.55545,1175
粤B401YP,114.027138,22.56307,1176
粤B401YP,114.008095,22.548162,1177
粤B401YP,114.008095,22.548162,1181
粤B401YP,114.027138,22.56307,1186
粤B401YP,114.027138,22.56307,1187
粤B401YP,114.027138,22.56307,1193
粤B401YP,114.032265,22.564388,1193
粤B401YP,114.032265,22.564388,1199
粤B401YP,114.032265,22.564388,1205
粤B401YP,114.136627,22.560913,1207
粤B401YP,114.032265,22.564388,1211
粤B401YP,114.136627,22.560913,1211
粤B401YP,114.136627,22.560913,1216
粤B401YP,114.099541,22.558704,1222
粤B401YP,114.099541,22.558704,1222
粤B401YP,114.099541,22.558704,1228
粤B401YP,114.099541,22.558704,1234
粤B401YP,114.10099,22.632135,1239
粤B401YP,114.099541,22.558704,1240
粤B401YP,114.10099,22.632135,1243
粤B401YP,114.10099,22.632135,1246
粤B401YP,114.10099,22.632135,1252
粤B401YP,114.10099,22.632135,1255
粤B401YP,114.10099,22.632135,1258
粤B401YP,114.10099,22.632135,1264
粤B401YP,114.099495,22.60577,1266
粤B401YP,114.099495,22.60577,1270
粤B401YP,114.099495,22.60577,1276
粤B401YP,114.099495,22.60577,1282
粤B401YP,114.099495,22.60577,1288
粤B401YP,114.099495,22.60577,1294
粤B401YP,113.92588,22.502829,1297
粤B401YP,113.92588,22.502829,1300
粤B401YP,113.925415,22.49654,1301
粤B401YP,113.904007,22.477757,1302
粤B401YP,113.925415,22.49654,1306
粤B401YP,113.904007,22.477757,1310
粤B401YP,113.904007,22.477757,1312
粤B401YP,113.904007,22.477757,1318
粤B401YP,113.904007,22.477757,1324
粤B401YP,114.048637,22.567841,1357
粤B401YP,114.048569,22.567793,1357
粤B401YP,114.048569,22.567793,1359
粤B401YP,114.054688,22.577618,1362
粤B401YP,114.05246,22.579605,1365
粤B401YP,114.05246,22.579605,1365
粤B401YP,114.05246,22.579605,1371
粤B401YP,114.05246,22.579605,1377
粤B401YP,114.128075,22.625908,1381
粤B401YP,114.05246,22.579605,1383
粤B401YP,114.128075,22.625908,1389
粤B401YP,114.128075,22.625908,1389
粤B401YP,114.121223,22.616901,1395
粤B401YP,114.121223,22.616901,1395
粤B401YP,114.11898,22.612371,1397
粤B401YP,114.11898,22.612371,1401
粤B401YP,114.104912,22.609385,1403
粤B401YP,114.104912,22.609385,1407
粤B401YP,114.104912,22.609385,1413
粤B401YP,114.104912,22.609385,1419
粤B401YP,114.104912,22.609385,1425
粤B401YP,114.104912,22.609385,1431
粤B401YP,114.104912,22.609385,1437
