粤B378ZB,114.036201,22.619101,7
粤B378ZB,114.036201,22.619101,8
粤B378ZB,114.036201,22.619101,9
粤B378ZB,114.036201,22.619101,10
粤B378ZB,114.036201,22.619101,11
粤B378ZB,114.036201,22.619101,12
粤B378ZB,114.036201,22.619101,12
粤B378ZB,114.036201,22.619101,13
粤B378ZB,114.036201,22.619101,14
粤B378ZB,114.036201,22.619101,15
粤B378ZB,114.036201,22.619101,16
粤B378ZB,114.036201,22.619101,17
粤B378ZB,114.036201,22.619101,17
粤B378ZB,114.036201,22.619101,18
粤B378ZB,114.036201,22.619101,19
粤B378ZB,114.036201,22.619101,20
粤B378ZB,114.036201,22.619101,21
粤B378ZB,114.036201,22.619101,22
粤B378ZB,114.036201,22.619101,22
粤B378ZB,114.036201,22.619101,23
粤B378ZB,114.036201,22.619101,24
粤B378ZB,114.036201,22.619101,25
粤B378ZB,114.036201,22.619101,26
粤B378ZB,114.036201,22.619101,27
粤B378ZB,114.036201,22.619101,27
粤B378ZB,114.036201,22.619101,28
粤B378ZB,114.036201,22.619101,29
粤B378ZB,114.036201,22.619101,30
粤B378ZB,114.036201,22.619101,31
粤B378ZB,114.036201,22.619101,32
粤B378ZB,114.036201,22.619101,32
粤B378ZB,114.036201,22.619101,33
粤B378ZB,114.036201,22.619101,34
粤B378ZB,114.036201,22.619101,35
粤B378ZB,114.036201,22.619101,36
粤B378ZB,114.036201,22.619101,37
粤B378ZB,114.036201,22.619101,37
粤B378ZB,114.036201,22.619101,38
粤B378ZB,114.036201,22.619101,39
粤B378ZB,114.036201,22.619101,40
粤B378ZB,114.036201,22.619101,41
粤B378ZB,114.036201,22.619101,42
粤B378ZB,114.036201,22.619101,42
粤B378ZB,114.036201,22.619101,43
粤B378ZB,114.036201,22.619101,44
粤B378ZB,114.036201,22.619101,45
粤B378ZB,114.036201,22.619101,46
粤B378ZB,114.036201,22.619101,47
粤B378ZB,114.036201,22.619101,47
粤B378ZB,114.036201,22.619101,48
粤B378ZB,114.036201,22.619101,49
粤B378ZB,114.036201,22.619101,50
粤B378ZB,114.036201,22.619101,51
粤B378ZB,114.036201,22.619101,52
粤B378ZB,114.036201,22.619101,52
粤B378ZB,114.036201,22.619101,53
粤B378ZB,114.036201,22.619101,54
粤B378ZB,114.036201,22.619101,55
粤B378ZB,114.036201,22.619101,56
粤B378ZB,114.036201,22.619101,57
粤B378ZB,114.036201,22.619101,57
粤B378ZB,114.036201,22.619101,57
粤B378ZB,114.036201,22.619101,58
粤B378ZB,114.036201,22.619101,59
粤B378ZB,114.036201,22.619101,60
粤B378ZB,114.036201,22.619101,61
粤B378ZB,114.036201,22.619101,62
粤B378ZB,114.036201,22.619101,62
粤B378ZB,114.036201,22.619101,63
粤B378ZB,114.036201,22.619101,64
粤B378ZB,114.036201,22.619101,65
粤B378ZB,114.036201,22.619101,66
粤B378ZB,114.036201,22.619101,67
粤B378ZB,114.036201,22.619101,67
粤B378ZB,114.036201,22.619101,68
粤B378ZB,114.036201,22.619101,69
粤B378ZB,114.036201,22.619101,70
粤B378ZB,114.036201,22.619101,71
粤B378ZB,114.036201,22.619101,72
粤B378ZB,114.036201,22.619101,72
粤B378ZB,114.036201,22.619101,73
粤B378ZB,114.036201,22.619101,74
粤B378ZB,114.036201,22.619101,75
粤B378ZB,114.036201,22.619101,76
粤B378ZB,114.036201,22.619101,77
粤B378ZB,114.036201,22.619101,77
粤B378ZB,114.036201,22.619101,78
粤B378ZB,114.036201,22.619101,79
粤B378ZB,114.036201,22.619101,80
粤B378ZB,114.036201,22.619101,81
粤B378ZB,114.036201,22.619101,82
粤B378ZB,114.036201,22.619101,82
粤B378ZB,114.036201,22.619101,83
粤B378ZB,114.036201,22.619101,84
粤B378ZB,114.036201,22.619101,85
粤B378ZB,114.036201,22.619101,86
粤B378ZB,114.036201,22.619101,87
粤B378ZB,114.036201,22.619101,87
粤B378ZB,114.036201,22.619101,88
粤B378ZB,114.036201,22.619101,89
粤B378ZB,114.036201,22.619101,90
粤B378ZB,114.036201,22.619101,91
粤B378ZB,114.036201,22.619101,92
粤B378ZB,114.036201,22.619101,92
粤B378ZB,114.036201,22.619101,93
粤B378ZB,114.036201,22.619101,94
粤B378ZB,114.036201,22.619101,95
粤B378ZB,114.036201,22.619101,96
粤B378ZB,114.036201,22.619101,97
粤B378ZB,114.036201,22.619101,97
粤B378ZB,114.036201,22.619101,98
粤B378ZB,114.036201,22.619101,99
粤B378ZB,114.036201,22.619101,100
粤B378ZB,114.036201,22.619101,101
粤B378ZB,114.036201,22.619101,102
粤B378ZB,114.036201,22.619101,103
粤B378ZB,114.036201,22.619101,104
粤B378ZB,114.036201,22.619101,105
粤B378ZB,114.036201,22.619101,106
粤B378ZB,114.036201,22.619101,107
粤B378ZB,114.036201,22.619101,107
粤B378ZB,114.036201,22.619101,108
粤B378ZB,114.036201,22.619101,109
粤B378ZB,114.036201,22.619101,110
粤B378ZB,114.036201,22.619101,111
粤B378ZB,114.036201,22.619101,112
粤B378ZB,114.036201,22.619101,112
粤B378ZB,114.036201,22.619101,113
粤B378ZB,114.036201,22.619101,114
粤B378ZB,114.036201,22.619101,115
粤B378ZB,114.036201,22.619101,116
粤B378ZB,114.036201,22.619101,117
粤B378ZB,114.036201,22.619101,117
粤B378ZB,114.036201,22.619101,118
粤B378ZB,114.036201,22.619101,119
粤B378ZB,114.036201,22.619101,120
粤B378ZB,114.036201,22.619101,121
粤B378ZB,114.036201,22.619101,122
粤B378ZB,114.036201,22.619101,122
粤B378ZB,114.036201,22.619101,123
粤B378ZB,114.036201,22.619101,124
粤B378ZB,114.036201,22.619101,125
粤B378ZB,114.036201,22.619101,126
粤B378ZB,114.036201,22.619101,127
粤B378ZB,114.036201,22.619101,127
粤B378ZB,114.036201,22.619101,128
粤B378ZB,114.036201,22.619101,129
粤B378ZB,114.036201,22.619101,130
粤B378ZB,114.036201,22.619101,131
粤B378ZB,114.036201,22.619101,132
粤B378ZB,114.036201,22.619101,132
粤B378ZB,114.036201,22.619101,133
粤B378ZB,114.036201,22.619101,134
粤B378ZB,114.036201,22.619101,135
粤B378ZB,114.036201,22.619101,136
粤B378ZB,114.036201,22.619101,137
粤B378ZB,114.036201,22.619101,137
粤B378ZB,114.036201,22.619101,138
粤B378ZB,114.036201,22.619101,139
粤B378ZB,114.036201,22.619101,140
粤B378ZB,114.036201,22.619101,141
粤B378ZB,114.036201,22.619101,142
粤B378ZB,114.036201,22.619101,142
粤B378ZB,114.036201,22.619101,143
粤B378ZB,114.036201,22.619101,144
粤B378ZB,114.036201,22.619101,145
粤B378ZB,114.036201,22.619101,146
粤B378ZB,114.036201,22.619101,147
粤B378ZB,114.036201,22.619101,147
粤B378ZB,114.036201,22.619101,148
粤B378ZB,114.036201,22.619101,149
粤B378ZB,114.036201,22.619101,150
粤B378ZB,114.036201,22.619101,151
粤B378ZB,114.036201,22.619101,152
粤B378ZB,114.036201,22.619101,152
粤B378ZB,114.036201,22.619101,153
粤B378ZB,114.036201,22.619101,154
粤B378ZB,114.036201,22.619101,155
粤B378ZB,114.036201,22.619101,157
粤B378ZB,114.036201,22.619101,157
粤B378ZB,114.036201,22.619101,158
粤B378ZB,114.036201,22.619101,159
粤B378ZB,114.036201,22.619101,160
粤B378ZB,114.036201,22.619101,161
粤B378ZB,114.036201,22.619101,162
粤B378ZB,114.036201,22.619101,162
粤B378ZB,114.036201,22.619101,163
粤B378ZB,114.036201,22.619101,164
粤B378ZB,114.036201,22.619101,165
粤B378ZB,114.036201,22.619101,166
粤B378ZB,114.036201,22.619101,167
粤B378ZB,114.036201,22.619101,167
粤B378ZB,114.036201,22.619101,168
粤B378ZB,114.036201,22.619101,169
粤B378ZB,114.036201,22.619101,170
粤B378ZB,114.036201,22.619101,171
粤B378ZB,114.036201,22.619101,172
粤B378ZB,114.036201,22.619101,172
粤B378ZB,114.036201,22.619101,173
粤B378ZB,114.036201,22.619101,174
粤B378ZB,114.036201,22.619101,175
粤B378ZB,114.036201,22.619101,176
粤B378ZB,114.036201,22.619101,177
粤B378ZB,114.036201,22.619101,177
粤B378ZB,114.036201,22.619101,178
粤B378ZB,114.036201,22.619101,179
粤B378ZB,114.036201,22.619101,180
粤B378ZB,114.036201,22.619101,180
粤B378ZB,114.036201,22.619101,181
粤B378ZB,114.036201,22.619101,182
粤B378ZB,114.036201,22.619101,192
粤B378ZB,114.036201,22.619101,193
粤B378ZB,114.036201,22.619101,193
粤B378ZB,114.036201,22.619101,194
粤B378ZB,114.036201,22.619101,195
粤B378ZB,114.036201,22.619101,196
粤B378ZB,114.036201,22.619101,197
粤B378ZB,114.036201,22.619101,198
粤B378ZB,114.036201,22.619101,198
粤B378ZB,114.036201,22.619101,199
粤B378ZB,114.036201,22.619101,200
粤B378ZB,114.036201,22.619101,201
粤B378ZB,114.036201,22.619101,202
粤B378ZB,114.036201,22.619101,203
粤B378ZB,114.036201,22.619101,203
粤B378ZB,114.036201,22.619101,204
粤B378ZB,114.036201,22.619101,205
粤B378ZB,114.036201,22.619101,206
粤B378ZB,114.036201,22.619101,207
粤B378ZB,114.036201,22.619101,208
粤B378ZB,114.036201,22.619101,208
粤B378ZB,114.036201,22.619101,209
粤B378ZB,114.036201,22.619101,210
粤B378ZB,114.036201,22.619101,211
粤B378ZB,114.036201,22.619101,212
粤B378ZB,114.036201,22.619101,213
粤B378ZB,114.036201,22.619101,213
粤B378ZB,114.036201,22.619101,214
粤B378ZB,114.036201,22.619101,214
粤B378ZB,114.036201,22.619101,215
粤B378ZB,114.036201,22.619101,216
粤B378ZB,114.036201,22.619101,217
粤B378ZB,114.036201,22.619101,218
粤B378ZB,114.036201,22.619101,218
粤B378ZB,114.036201,22.619101,219
粤B378ZB,114.036201,22.619101,220
粤B378ZB,114.036201,22.619101,221
粤B378ZB,114.036201,22.619101,222
粤B378ZB,114.036201,22.619101,223
粤B378ZB,114.036201,22.619101,223
粤B378ZB,114.036201,22.619101,224
粤B378ZB,114.036201,22.619101,225
粤B378ZB,114.036201,22.619101,226
粤B378ZB,114.036201,22.619101,227
粤B378ZB,114.036201,22.619101,228
粤B378ZB,114.036201,22.619101,228
粤B378ZB,114.036201,22.619101,229
粤B378ZB,114.036201,22.619101,231
粤B378ZB,114.036201,22.619101,232
粤B378ZB,114.036201,22.619101,233
粤B378ZB,114.036201,22.619101,233
粤B378ZB,114.036201,22.619101,234
粤B378ZB,114.036201,22.619101,235
粤B378ZB,114.036201,22.619101,236
粤B378ZB,114.036201,22.619101,237
粤B378ZB,114.036201,22.619101,238
粤B378ZB,114.036201,22.619101,238
粤B378ZB,114.036201,22.619101,239
粤B378ZB,114.036201,22.619101,239
粤B378ZB,114.036201,22.619101,240
粤B378ZB,114.036201,22.619101,241
粤B378ZB,114.036201,22.619101,242
粤B378ZB,114.036201,22.619101,243
粤B378ZB,114.036201,22.619101,243
粤B378ZB,114.036201,22.619101,245
粤B378ZB,114.036201,22.619101,246
粤B378ZB,114.036201,22.619101,247
粤B378ZB,114.036201,22.619101,248
粤B378ZB,114.036201,22.619101,248
粤B378ZB,114.036201,22.619101,249
粤B378ZB,114.036201,22.619101,250
粤B378ZB,114.036201,22.619101,251
粤B378ZB,114.036201,22.619101,252
粤B378ZB,114.036201,22.619101,253
粤B378ZB,114.036201,22.619101,253
粤B378ZB,114.036201,22.619101,254
粤B378ZB,114.036201,22.619101,255
粤B378ZB,114.036201,22.619101,256
粤B378ZB,114.035202,22.6101,257
粤B378ZB,114.035202,22.6101,258
粤B378ZB,114.035202,22.6101,258
粤B378ZB,114.035202,22.6101,259
粤B378ZB,114.035202,22.6101,260
粤B378ZB,114.035202,22.6101,261
粤B378ZB,114.035202,22.6101,262
粤B378ZB,114.035202,22.6101,263
粤B378ZB,114.035202,22.6101,263
粤B378ZB,114.035202,22.6101,264
粤B378ZB,114.035202,22.6101,265
粤B378ZB,114.035202,22.6101,266
粤B378ZB,114.035202,22.6101,267
粤B378ZB,114.035202,22.6101,268
粤B378ZB,114.035202,22.6101,268
粤B378ZB,114.035202,22.6101,269
粤B378ZB,114.035202,22.6101,270
粤B378ZB,114.035202,22.6101,271
粤B378ZB,114.035202,22.6101,272
粤B378ZB,114.035202,22.6101,273
粤B378ZB,114.035202,22.6101,273
粤B378ZB,114.035202,22.6101,274
粤B378ZB,114.035202,22.6101,275
粤B378ZB,114.035202,22.6101,276
粤B378ZB,114.035202,22.6101,277
粤B378ZB,114.035202,22.6101,278
粤B378ZB,114.035202,22.6101,278
粤B378ZB,114.035202,22.6101,279
粤B378ZB,114.035202,22.6101,280
粤B378ZB,114.035202,22.6101,281
粤B378ZB,114.035202,22.6101,282
粤B378ZB,114.035202,22.6101,283
粤B378ZB,114.035202,22.6101,283
粤B378ZB,114.035202,22.6101,284
粤B378ZB,114.035202,22.6101,285
粤B378ZB,114.035202,22.6101,286
粤B378ZB,114.036301,22.618799,287
粤B378ZB,114.036301,22.618799,288
粤B378ZB,114.036301,22.618799,288
粤B378ZB,114.032402,22.6308,289
粤B378ZB,114.120201,22.6112,348
粤B378ZB,114.116096,22.612499,348
粤B378ZB,114.112999,22.609501,349
粤B378ZB,114.108597,22.6112,350
粤B378ZB,114.106102,22.6159,351
粤B378ZB,114.1054,22.619301,352
粤B378ZB,114.0989,22.6297,353
粤B378ZB,114.096703,22.632,354
粤B378ZB,114.094597,22.6366,355
粤B378ZB,114.0886,22.6406,356
粤B378ZB,114.085503,22.639601,357
粤B378ZB,114.077698,22.6476,358
粤B378ZB,114.085503,22.639601,358
粤B378ZB,114.075401,22.6511,359
粤B378ZB,114.073303,22.6537,360
粤B378ZB,114.070396,22.655899,361
粤B378ZB,114.068604,22.659201,362
粤B378ZB,114.068604,22.659201,363
粤B378ZB,114.068604,22.659201,363
粤B378ZB,114.061203,22.639,366
粤B378ZB,114.056297,22.6366,367
粤B378ZB,114.056297,22.6366,368
粤B378ZB,114.056297,22.6366,368
粤B378ZB,114.056297,22.6366,369
粤B378ZB,114.056297,22.6366,370
粤B378ZB,114.056297,22.6366,371
粤B378ZB,114.038101,22.6415,372
粤B378ZB,114.037399,22.6395,373
粤B378ZB,114.037399,22.6395,373
粤B378ZB,114.032799,22.6378,374
粤B378ZB,114.031601,22.634899,375
粤B378ZB,114.025803,22.6359,376
粤B378ZB,114.0168,22.638599,377
粤B378ZB,114.013,22.641399,378
粤B378ZB,114.016701,22.638599,378
粤B378ZB,114.008499,22.6478,379
粤B378ZB,114.006599,22.6507,380
粤B378ZB,114.006699,22.650499,381
粤B378ZB,114.006699,22.650499,382
粤B378ZB,114.006699,22.650499,383
粤B378ZB,114.006699,22.650499,383
粤B378ZB,114.006699,22.650499,384
粤B378ZB,114.006699,22.650499,385
粤B378ZB,114.006699,22.650499,386
粤B378ZB,114.006699,22.650499,387
粤B378ZB,114.006699,22.650499,388
粤B378ZB,114.007004,22.657801,391
粤B378ZB,114.007797,22.660299,392
粤B378ZB,114.008102,22.659901,393
粤B378ZB,114.008102,22.659901,396
粤B378ZB,114.008102,22.659901,397
粤B378ZB,114.008102,22.659901,398
粤B378ZB,114.008102,22.659901,401
粤B378ZB,114.008102,22.659901,402
粤B378ZB,114.007896,22.6595,403
粤B378ZB,114.007896,22.660801,403
粤B378ZB,114.007301,22.6534,406
粤B378ZB,114.007896,22.653601,412
粤B378ZB,114.007698,22.6535,413
粤B378ZB,114.007797,22.6535,416
粤B378ZB,114.007797,22.6535,417
粤B378ZB,114.007797,22.6535,418
粤B378ZB,114.008003,22.6534,426
粤B378ZB,114.008003,22.6534,427
粤B378ZB,114.008003,22.6534,428
粤B378ZB,114.008003,22.6534,431
粤B378ZB,114.008003,22.6534,432
粤B378ZB,114.008003,22.6534,433
粤B378ZB,114.008003,22.6534,436
粤B378ZB,114.008003,22.6534,437
粤B378ZB,114.008003,22.6534,438
粤B378ZB,114.008003,22.6534,440
粤B378ZB,114.008003,22.6534,441
粤B378ZB,114.008003,22.6534,442
粤B378ZB,114.008003,22.6534,443
粤B378ZB,114.008003,22.6534,446
粤B378ZB,114.008003,22.6534,447
粤B378ZB,114.008003,22.6534,448
粤B378ZB,114.008003,22.6534,451
粤B378ZB,114.008003,22.6534,459
粤B378ZB,114.008003,22.6534,459
粤B378ZB,114.008003,22.6535,461
粤B378ZB,114.008003,22.6535,462
粤B378ZB,114.008003,22.6534,463
粤B378ZB,114.008003,22.6534,465
粤B378ZB,114.007896,22.6541,466
粤B378ZB,114.014603,22.644699,472
粤B378ZB,114.015602,22.6434,473
粤B378ZB,114.025002,22.6401,476
粤B378ZB,114.024399,22.636299,477
粤B378ZB,114.025101,22.6325,478
粤B378ZB,114.026199,22.628,479
粤B378ZB,114.027603,22.623699,481
粤B378ZB,114.0299,22.617701,482
粤B378ZB,114.032204,22.615101,483
粤B378ZB,114.046402,22.604,489
粤B378ZB,114.040703,22.605101,492
粤B378ZB,114.038101,22.608101,493
粤B378ZB,114.0336,22.6136,494
粤B378ZB,114.025398,22.6315,497
粤B378ZB,114.0252,22.635,498
粤B378ZB,114.024696,22.6346,499
粤B378ZB,114.024597,22.636,502
粤B378ZB,114.025703,22.6399,503
粤B378ZB,114.026497,22.641001,504
粤B378ZB,114.022202,22.6416,505
粤B378ZB,114.022301,22.6418,506
粤B378ZB,114.023499,22.6455,507
粤B378ZB,114.024902,22.6528,510
粤B378ZB,114.029198,22.6509,564
粤B378ZB,114.029198,22.6509,565
粤B378ZB,114.029198,22.6509,565
粤B378ZB,114.029198,22.6509,566
粤B378ZB,114.029198,22.6509,567
粤B378ZB,114.029198,22.6509,568
粤B378ZB,114.029198,22.6509,569
粤B378ZB,114.029198,22.6509,570
粤B378ZB,114.029198,22.6509,570
粤B378ZB,114.029198,22.6509,571
粤B378ZB,114.029198,22.6509,572
粤B378ZB,114.029198,22.6509,573
粤B378ZB,114.029198,22.6509,574
粤B378ZB,114.029198,22.6509,575
粤B378ZB,114.029198,22.6509,575
粤B378ZB,114.029198,22.6509,576
粤B378ZB,114.029198,22.6509,576
粤B378ZB,114.029198,22.6509,577
粤B378ZB,114.029198,22.6509,578
粤B378ZB,114.029198,22.6509,579
粤B378ZB,114.029198,22.6509,580
粤B378ZB,114.029198,22.6509,581
粤B378ZB,114.029198,22.6509,581
粤B378ZB,114.029198,22.6509,582
粤B378ZB,114.029198,22.6509,583
粤B378ZB,114.029198,22.6509,584
粤B378ZB,114.029198,22.6509,585
粤B378ZB,114.029198,22.6509,586
粤B378ZB,114.029198,22.6509,586
粤B378ZB,114.029198,22.6509,587
粤B378ZB,114.029198,22.6509,588
粤B378ZB,114.029198,22.6509,589
粤B378ZB,114.029198,22.6509,590
粤B378ZB,114.029198,22.6509,591
粤B378ZB,114.029198,22.6509,591
粤B378ZB,114.029198,22.6509,592
粤B378ZB,114.029198,22.6509,593
粤B378ZB,114.029198,22.6509,594
粤B378ZB,114.029198,22.6509,595
粤B378ZB,114.029198,22.6509,596
粤B378ZB,114.029198,22.6509,596
粤B378ZB,114.029198,22.6509,597
粤B378ZB,114.029198,22.6509,598
粤B378ZB,114.029198,22.6509,599
粤B378ZB,114.029198,22.6509,600
粤B378ZB,114.029198,22.6509,603
粤B378ZB,114.029198,22.6509,604
粤B378ZB,114.029198,22.6509,605
粤B378ZB,114.029198,22.6509,606
粤B378ZB,114.029198,22.6509,607
粤B378ZB,114.029198,22.6509,607
粤B378ZB,114.029198,22.6509,608
粤B378ZB,114.029198,22.6509,609
粤B378ZB,114.029198,22.6509,610
粤B378ZB,114.029198,22.6509,611
粤B378ZB,114.029198,22.6509,612
粤B378ZB,114.029198,22.6509,612
粤B378ZB,114.029198,22.6509,613
粤B378ZB,114.029198,22.6509,614
粤B378ZB,114.029198,22.6509,615
粤B378ZB,114.029198,22.6509,616
粤B378ZB,114.029198,22.6509,617
粤B378ZB,114.029198,22.6509,617
粤B378ZB,114.029198,22.6509,618
粤B378ZB,114.029198,22.6509,619
粤B378ZB,114.029198,22.6509,620
粤B378ZB,114.029198,22.6509,621
粤B378ZB,114.029198,22.6509,622
粤B378ZB,114.029198,22.6509,622
粤B378ZB,114.029198,22.6509,645
粤B378ZB,114.029198,22.6509,646
粤B378ZB,114.029198,22.6509,647
粤B378ZB,114.029198,22.6509,648
粤B378ZB,114.029198,22.6509,648
粤B378ZB,114.029198,22.6509,649
粤B378ZB,114.029198,22.6509,650
粤B378ZB,114.029198,22.6509,651
粤B378ZB,114.029198,22.6509,652
粤B378ZB,114.029198,22.6509,653
粤B378ZB,114.029198,22.6509,653
粤B378ZB,114.029198,22.6509,654
粤B378ZB,114.029198,22.6509,655
粤B378ZB,114.035202,22.66,656
粤B378ZB,114.037201,22.658501,657
粤B378ZB,114.0392,22.656601,658
粤B378ZB,114.038696,22.6527,658
粤B378ZB,114.038498,22.652399,659
粤B378ZB,114.0439,22.650101,660
粤B378ZB,114.045601,22.648701,663
粤B378ZB,114.038902,22.657101,665
粤B378ZB,114.0383,22.6619,666
粤B378ZB,114.037498,22.667801,667
粤B378ZB,114.040802,22.6714,668
粤B378ZB,114.039803,22.6724,668
粤B378ZB,114.040802,22.6714,669
粤B378ZB,114.044098,22.669701,670
粤B378ZB,114.0466,22.6693,671
粤B378ZB,114.048103,22.6702,672
粤B378ZB,114.048103,22.670601,673
粤B378ZB,114.048103,22.670601,673
粤B378ZB,114.048103,22.670601,674
粤B378ZB,114.048103,22.670601,675
粤B378ZB,114.048103,22.670601,676
粤B378ZB,114.048103,22.670601,677
粤B378ZB,114.048103,22.670601,678
粤B378ZB,114.048103,22.670601,678
粤B378ZB,114.048103,22.670601,678
粤B378ZB,114.048103,22.6705,679
粤B378ZB,114.048103,22.6705,680
粤B378ZB,114.048103,22.6705,681
粤B378ZB,114.048103,22.6705,682
粤B378ZB,114.048103,22.6705,683
粤B378ZB,114.048103,22.6705,683
粤B378ZB,114.048103,22.6705,684
粤B378ZB,114.048103,22.6705,685
粤B378ZB,114.048103,22.6705,686
粤B378ZB,114.048103,22.6705,687
粤B378ZB,114.048103,22.6705,688
粤B378ZB,114.048103,22.6705,688
粤B378ZB,114.048103,22.6705,689
粤B378ZB,114.047997,22.6705,690
粤B378ZB,114.047501,22.6703,691
粤B378ZB,114.047302,22.6668,692
粤B378ZB,114.039902,22.6723,693
粤B378ZB,114.042397,22.670601,693
粤B378ZB,114.039703,22.673599,694
粤B378ZB,114.040001,22.6745,695
粤B378ZB,114.038498,22.671,696
粤B378ZB,114.0373,22.670401,697
粤B378ZB,114.032402,22.669201,698
粤B378ZB,114.0345,22.6717,698
粤B378ZB,114.031097,22.6667,699
粤B378ZB,114.031097,22.665701,700
粤B378ZB,114.030701,22.666,701
粤B378ZB,114.028,22.6675,702
粤B378ZB,114.026604,22.6691,703
粤B378ZB,114.027603,22.6684,703
粤B378ZB,114.025101,22.6709,704
粤B378ZB,114.025101,22.6709,705
粤B378ZB,114.025101,22.6709,706
粤B378ZB,114.025101,22.6709,707
粤B378ZB,114.026802,22.6731,708
粤B378ZB,114.026901,22.6735,708
粤B378ZB,114.026703,22.673201,709
粤B378ZB,114.026299,22.673,710
粤B378ZB,114.026199,22.6731,711
粤B378ZB,114.026299,22.6728,712
粤B378ZB,114.026299,22.6728,713
粤B378ZB,114.026299,22.6728,713
粤B378ZB,114.026299,22.6728,714
粤B378ZB,114.026299,22.6728,715
粤B378ZB,114.026299,22.6728,716
粤B378ZB,114.026299,22.6728,717
粤B378ZB,114.026299,22.6728,718
粤B378ZB,114.026299,22.6728,718
粤B378ZB,114.026299,22.6728,719
粤B378ZB,114.026299,22.6728,720
粤B378ZB,114.026299,22.6728,721
粤B378ZB,114.030899,22.6766,819
粤B378ZB,114.030899,22.6766,820
粤B378ZB,114.0354,22.6761,821
粤B378ZB,114.033302,22.677999,821
粤B378ZB,114.0354,22.6761,822
粤B378ZB,114.0354,22.6761,823
粤B378ZB,114.0354,22.6761,824
粤B378ZB,114.044998,22.6745,825
粤B378ZB,114.049599,22.67,826
粤B378ZB,114.0522,22.668501,826
粤B378ZB,114.0522,22.668501,827
粤B378ZB,114.0522,22.668501,828
粤B378ZB,114.060898,22.667601,829
粤B378ZB,114.060898,22.6675,830
粤B378ZB,114.064499,22.6653,831
粤B378ZB,114.07,22.664499,831
粤B378ZB,114.074501,22.664,832
粤B378ZB,114.078903,22.6614,833
粤B378ZB,114.084801,22.6579,834
粤B378ZB,114.094002,22.661501,835
粤B378ZB,114.110497,22.6581,836
粤B378ZB,114.102997,22.663099,836
粤B378ZB,114.111702,22.6565,837
粤B378ZB,114.108803,22.6605,852
粤B378ZB,114.102898,22.663401,853
粤B378ZB,114.102203,22.663401,854
粤B378ZB,114.102203,22.663401,855
粤B378ZB,114.077202,22.6563,856
粤B378ZB,114.102203,22.663401,856
粤B378ZB,114.0755,22.654499,857
粤B378ZB,114.074097,22.6535,858
粤B378ZB,114.074097,22.6535,859
粤B378ZB,114.074097,22.6535,860
粤B378ZB,114.068497,22.6595,861
粤B378ZB,114.068497,22.6595,862
粤B378ZB,114.066101,22.659201,863
粤B378ZB,114.066101,22.659201,864
粤B378ZB,114.066101,22.659201,865
粤B378ZB,114.066101,22.659201,866
粤B378ZB,114.066101,22.659201,866
粤B378ZB,114.056702,22.649,867
粤B378ZB,114.0569,22.6457,868
粤B378ZB,114.054901,22.644699,869
粤B378ZB,114.0541,22.644699,870
粤B378ZB,114.047997,22.641399,871
粤B378ZB,114.043999,22.634501,871
粤B378ZB,114.042702,22.626699,872
粤B378ZB,114.043297,22.6224,873
粤B378ZB,114.043602,22.621201,874
粤B378ZB,114.043198,22.6213,875
粤B378ZB,114.043198,22.6213,876
粤B378ZB,114.043198,22.6213,876
粤B378ZB,114.043198,22.6213,877
粤B378ZB,114.044601,22.610901,878
粤B378ZB,114.044502,22.610399,879
粤B378ZB,114.043999,22.606199,880
粤B378ZB,114.043999,22.6052,881
粤B378ZB,114.0438,22.6038,881
粤B378ZB,114.043701,22.602699,882
粤B378ZB,114.043701,22.602699,883
粤B378ZB,114.043701,22.602699,884
粤B378ZB,114.043701,22.602699,885
粤B378ZB,114.042702,22.599899,886
粤B378ZB,114.039597,22.6017,886
粤B378ZB,114.038597,22.6043,887
粤B378ZB,114.038597,22.6043,888
粤B378ZB,114.038597,22.6043,889
粤B378ZB,114.038597,22.6043,890
粤B378ZB,114.027702,22.615,891
粤B378ZB,114.0299,22.611601,891
粤B378ZB,114.027298,22.6154,892
粤B378ZB,114.028198,22.614401,893
粤B378ZB,114.028198,22.614401,894
粤B378ZB,114.028198,22.614401,895
粤B378ZB,114.028198,22.614401,896
粤B378ZB,114.028198,22.614401,896
粤B378ZB,114.028198,22.614401,897
粤B378ZB,114.028198,22.614401,898
粤B378ZB,114.028198,22.614401,899
粤B378ZB,114.028198,22.614401,911
粤B378ZB,114.028198,22.614401,912
粤B378ZB,114.028198,22.614401,913
粤B378ZB,114.028198,22.614401,914
粤B378ZB,114.028198,22.614401,915
粤B378ZB,114.028198,22.614401,915
粤B378ZB,114.028198,22.614401,916
粤B378ZB,114.028198,22.614401,921
粤B378ZB,114.0439,22.632099,1244
粤B378ZB,114.0439,22.632099,1245
粤B378ZB,114.0439,22.632099,1246
粤B378ZB,114.0439,22.632099,1247
粤B378ZB,114.0439,22.632099,1248
粤B378ZB,114.0439,22.632099,1249
粤B378ZB,114.0439,22.632099,1249
粤B378ZB,114.0439,22.632099,1250
粤B378ZB,114.0439,22.632099,1251
粤B378ZB,114.0439,22.632099,1252
粤B378ZB,114.0439,22.632099,1253
粤B378ZB,114.0439,22.632099,1254
粤B378ZB,114.0439,22.632099,1254
粤B378ZB,114.0439,22.632099,1255
粤B378ZB,114.0439,22.632099,1256
粤B378ZB,114.0439,22.632099,1257
粤B378ZB,114.0439,22.632099,1258
粤B378ZB,114.0439,22.632099,1259
粤B378ZB,114.0439,22.632099,1259
粤B378ZB,114.0439,22.632099,1260
粤B378ZB,114.0439,22.632099,1261
粤B378ZB,114.0439,22.632099,1262
粤B378ZB,114.0439,22.632099,1263
粤B378ZB,114.074203,22.6339,1264
粤B378ZB,114.074699,22.636499,1264
粤B378ZB,114.074699,22.636,1265
粤B378ZB,114.074699,22.636,1266
粤B378ZB,114.0746,22.6339,1267
粤B378ZB,114.073997,22.633499,1268
粤B378ZB,114.075798,22.634001,1269
粤B378ZB,114.0756,22.636101,1269
粤B378ZB,114.074997,22.6383,1270
粤B378ZB,114.077202,22.643999,1271
粤B378ZB,114.077202,22.643999,1272
粤B378ZB,114.077202,22.643999,1273
粤B378ZB,114.077202,22.643999,1274
粤B378ZB,114.077202,22.643999,1274
粤B378ZB,114.077202,22.643999,1275
粤B378ZB,114.077202,22.643999,1276
粤B378ZB,114.077202,22.643999,1277
粤B378ZB,114.074898,22.6542,1278
粤B378ZB,114.074898,22.6542,1279
粤B378ZB,114.074898,22.6542,1279
粤B378ZB,114.074898,22.6542,1280
粤B378ZB,114.079201,22.6614,1281
粤B378ZB,114.079201,22.6614,1282
粤B378ZB,114.079201,22.6614,1283
粤B378ZB,114.062103,22.6672,1284
粤B378ZB,114.069099,22.6646,1284
粤B378ZB,114.058296,22.6712,1285
粤B378ZB,114.063004,22.6756,1286
粤B378ZB,114.065002,22.681801,1287
粤B378ZB,114.069397,22.686501,1288
粤B378ZB,114.071899,22.6868,1289
粤B378ZB,114.0728,22.6891,1289
粤B378ZB,114.071999,22.691,1290
粤B378ZB,114.072098,22.691401,1291
粤B378ZB,114.072601,22.691299,1292
粤B378ZB,114.072601,22.6891,1293
粤B378ZB,114.072601,22.6891,1294
粤B378ZB,114.072601,22.6891,1295
粤B378ZB,114.064201,22.679001,1296
粤B378ZB,114.061501,22.6742,1297
粤B378ZB,114.057503,22.670401,1298
粤B378ZB,114.052002,22.662001,1302
粤B378ZB,114.052101,22.6616,1303
粤B378ZB,114.056099,22.6542,1308
粤B378ZB,114.056099,22.6542,1308
粤B378ZB,114.056396,22.6518,1309
粤B378ZB,114.058098,22.6443,1311
粤B378ZB,114.060097,22.644199,1312
粤B378ZB,114.060402,22.644199,1313
粤B378ZB,114.060402,22.644199,1313
粤B378ZB,114.061401,22.6441,1314
粤B378ZB,114.062202,22.6443,1315
粤B378ZB,114.065102,22.6418,1317
粤B378ZB,114.063202,22.639,1318
粤B378ZB,114.062897,22.639,1318
粤B378ZB,114.062897,22.6383,1319
粤B378ZB,114.061401,22.6441,1320
粤B378ZB,114.065102,22.632401,1320
粤B378ZB,114.062698,22.629999,1321
粤B378ZB,114.052803,22.630199,1322
粤B378ZB,114.0448,22.632299,1323
粤B378ZB,114.044601,22.632299,1323
粤B378ZB,114.041702,22.6327,1324
粤B378ZB,114.039703,22.632999,1325
粤B378ZB,114.039703,22.632999,1326
粤B378ZB,114.034401,22.633699,1327
粤B378ZB,114.029297,22.635201,1328
粤B378ZB,114.025803,22.639799,1329
粤B378ZB,114.024902,22.6373,1329
粤B378ZB,114.026802,22.6423,1330
粤B378ZB,114.029602,22.643999,1331
粤B378ZB,114.033096,22.643,1332
粤B378ZB,114.033699,22.6429,1333
粤B378ZB,114.038002,22.641701,1333
粤B378ZB,114.041298,22.639999,1334
粤B378ZB,114.045502,22.6385,1335
粤B378ZB,114.050499,22.6376,1337
粤B378ZB,114.055199,22.636,1338
粤B378ZB,114.058701,22.638,1339
粤B378ZB,114.057098,22.6369,1339
粤B378ZB,114.061897,22.6388,1340
粤B378ZB,114.064201,22.635099,1341
粤B378ZB,114.065498,22.630699,1342
粤B378ZB,114.065498,22.630699,1343
粤B378ZB,114.065498,22.6306,1344
粤B378ZB,114.071098,22.629999,1344
粤B378ZB,114.074501,22.629299,1345
粤B378ZB,114.073303,22.625601,1346
粤B378ZB,114.069504,22.6259,1347
粤B378ZB,114.068298,22.625799,1348
粤B378ZB,114.065498,22.6308,1349
粤B378ZB,114.066002,22.629299,1349
粤B378ZB,114.063301,22.6373,1350
粤B378ZB,114.062599,22.6387,1351
粤B378ZB,114.058701,22.637899,1352
粤B378ZB,114.056999,22.6369,1353
粤B378ZB,114.056198,22.6364,1354
粤B378ZB,114.0569,22.636801,1354
粤B378ZB,114.058296,22.637699,1355
粤B378ZB,114.062401,22.638901,1356
粤B378ZB,114.0644,22.634399,1357
粤B378ZB,114.064301,22.635201,1358
粤B378ZB,114.068398,22.6369,1359
粤B378ZB,114.067001,22.6366,1359
粤B378ZB,114.063904,22.636101,1360
粤B378ZB,114.062698,22.638599,1361
粤B378ZB,114.063202,22.6376,1362
粤B378ZB,114.063301,22.637501,1363
粤B378ZB,114.0653,22.631701,1364
粤B378ZB,114.064102,22.635201,1364
粤B378ZB,114.065697,22.6304,1365
粤B378ZB,114.0653,22.632401,1366
粤B378ZB,114.063698,22.6366,1367
粤B378ZB,114.061996,22.6404,1368
粤B378ZB,114.061096,22.643999,1369
粤B378ZB,114.061096,22.6441,1370
粤B378ZB,114.061203,22.6479,1371
粤B378ZB,114.062202,22.652901,1372
粤B378ZB,114.0634,22.655701,1373
粤B378ZB,114.065102,22.6577,1374
粤B378ZB,114.065002,22.6579,1374
粤B378ZB,114.065598,22.658899,1375
粤B378ZB,114.0653,22.6614,1376
粤B378ZB,114.066902,22.660101,1376
粤B378ZB,114.063004,22.6614,1377
粤B378ZB,114.063202,22.6612,1379
粤B378ZB,114.063103,22.661301,1380
粤B378ZB,114.066902,22.6602,1381
粤B378ZB,114.063202,22.6558,1382
粤B378ZB,114.062302,22.653,1383
粤B378ZB,114.061203,22.650299,1384
粤B378ZB,114.061096,22.648701,1384
粤B378ZB,114.061096,22.6446,1385
粤B378ZB,114.062401,22.639299,1387
粤B378ZB,114.063004,22.6378,1388
粤B378ZB,114.064903,22.6334,1389
粤B378ZB,114.064903,22.6334,1389
粤B378ZB,114.064201,22.6353,1390
粤B378ZB,114.068604,22.6366,1391
粤B378ZB,114.069298,22.6346,1392
粤B378ZB,114.071198,22.633499,1393
粤B378ZB,114.069801,22.633101,1394
粤B378ZB,114.068802,22.630501,1394
粤B378ZB,114.065498,22.6313,1395
粤B378ZB,114.0653,22.632601,1396
粤B378ZB,114.065498,22.632601,1397
粤B378ZB,114.061699,22.6416,1398
粤B378ZB,114.061096,22.647699,1399
粤B378ZB,114.061401,22.6535,1399
粤B378ZB,114.061096,22.653299,1400
粤B378ZB,114.061096,22.653299,1401
粤B378ZB,114.059402,22.6539,1402
粤B378ZB,114.059402,22.6539,1403
粤B378ZB,114.059402,22.6539,1404
粤B378ZB,114.059402,22.6539,1404
粤B378ZB,114.0616,22.652901,1405
粤B378ZB,114.061897,22.652399,1406
粤B378ZB,114.059303,22.648899,1407
粤B378ZB,114.058403,22.649401,1408
粤B378ZB,114.058403,22.649401,1409
粤B378ZB,114.058403,22.649401,1409
粤B378ZB,114.0541,22.6451,1410
粤B378ZB,114.054398,22.6436,1411
粤B378ZB,114.055099,22.636101,1412
粤B378ZB,114.051498,22.637501,1413
粤B378ZB,114.045303,22.639,1414
粤B378ZB,114.045502,22.6397,1414
粤B378ZB,114.045502,22.6397,1415
粤B378ZB,114.045502,22.6397,1416
粤B378ZB,114.045502,22.6397,1417
粤B378ZB,114.045502,22.6397,1418
粤B378ZB,114.045502,22.6397,1419
粤B378ZB,114.045502,22.6397,1419
粤B378ZB,114.032898,22.647699,1420
粤B378ZB,114.034203,22.648001,1421
粤B378ZB,114.036301,22.6471,1422
粤B378ZB,114.0364,22.6471,1423
粤B378ZB,114.0364,22.6471,1424
粤B378ZB,114.045197,22.6388,1424
粤B378ZB,114.0466,22.638,1425
粤B378ZB,114.0466,22.638,1426
粤B378ZB,114.0466,22.638,1427
粤B378ZB,114.0466,22.638,1428
粤B378ZB,114.0466,22.638,1429
粤B378ZB,114.0466,22.638,1429
粤B378ZB,114.0466,22.638,1430
粤B378ZB,114.055702,22.627501,1431
粤B378ZB,114.055702,22.630501,1432
粤B378ZB,114.055496,22.6334,1433
粤B378ZB,114.056297,22.6341,1434
粤B378ZB,114.056999,22.633101,1434
粤B378ZB,114.056297,22.6341,1435
