粤BW7C43,114.183502,22.555799,7
粤BW7C43,114.183502,22.555799,7
粤BW7C43,114.183502,22.555799,10
粤BW7C43,114.183502,22.555799,10
粤BW7C43,114.183502,22.555799,11
粤BW7C43,114.183502,22.555799,11
粤BW7C43,114.183502,22.555799,13
粤BW7C43,114.183502,22.555799,14
粤BW7C43,114.183502,22.555799,14
粤BW7C43,114.183502,22.555799,15
粤BW7C43,114.183502,22.555799,15
粤BW7C43,114.183502,22.555799,16
粤BW7C43,114.183502,22.555799,17
粤BW7C43,114.183502,22.555799,17
粤BW7C43,114.183502,22.555799,17
粤BW7C43,114.183502,22.555799,18
粤BW7C43,114.183502,22.555799,20
粤BW7C43,114.183502,22.555799,20
粤BW7C43,114.183502,22.555799,21
粤BW7C43,114.183502,22.555799,21
粤BW7C43,114.183502,22.555799,23
粤BW7C43,114.183502,22.555799,24
粤BW7C43,114.183502,22.555799,25
粤BW7C43,114.183502,22.555799,27
粤BW7C43,114.183502,22.555799,28
粤BW7C43,114.183502,22.555799,28
粤BW7C43,114.183502,22.555799,28
粤BW7C43,114.183502,22.555799,29
粤BW7C43,114.183502,22.555799,31
粤BW7C43,114.183502,22.555799,32
粤BW7C43,114.183502,22.555799,32
粤BW7C43,114.183502,22.555799,34
粤BW7C43,114.183502,22.555799,34
粤BW7C43,114.183502,22.555799,35
粤BW7C43,114.183502,22.555799,35
粤BW7C43,114.183502,22.555799,36
粤BW7C43,114.183502,22.555799,38
粤BW7C43,114.183502,22.555799,38
粤BW7C43,114.183502,22.555799,39
粤BW7C43,114.183502,22.555799,39
粤BW7C43,114.183502,22.555799,39
粤BW7C43,114.183502,22.555799,42
粤BW7C43,114.183502,22.555799,43
粤BW7C43,114.183502,22.555799,43
粤BW7C43,114.183502,22.555799,43
粤BW7C43,114.183502,22.555799,45
粤BW7C43,114.183502,22.555799,45
粤BW7C43,114.183502,22.555799,46
粤BW7C43,114.183502,22.555799,47
粤BW7C43,114.183502,22.555799,48
粤BW7C43,114.183502,22.555799,49
粤BW7C43,114.183502,22.555799,49
粤BW7C43,114.183502,22.555799,50
粤BW7C43,114.183502,22.555799,52
粤BW7C43,114.183502,22.555799,53
粤BW7C43,114.183502,22.555799,54
粤BW7C43,114.183502,22.555799,56
粤BW7C43,114.183502,22.555799,56
粤BW7C43,114.183502,22.555799,57
粤BW7C43,114.183502,22.555799,59
粤BW7C43,114.183502,22.555799,60
粤BW7C43,114.183502,22.555799,61
粤BW7C43,114.183502,22.555799,63
粤BW7C43,114.183502,22.555799,63
粤BW7C43,114.183502,22.555799,64
粤BW7C43,114.183502,22.555799,65
粤BW7C43,114.183502,22.555799,65
粤BW7C43,114.183502,22.555799,66
粤BW7C43,114.183502,22.555799,67
粤BW7C43,114.183502,22.555799,67
粤BW7C43,114.183502,22.555799,68
粤BW7C43,114.183502,22.555799,68
粤BW7C43,114.183502,22.555799,68
粤BW7C43,114.183502,22.555799,69
粤BW7C43,114.183502,22.555799,70
粤BW7C43,114.183502,22.555799,70
粤BW7C43,114.183502,22.555799,71
粤BW7C43,114.183502,22.555799,71
粤BW7C43,114.183502,22.555799,71
粤BW7C43,114.183502,22.555799,73
粤BW7C43,114.183502,22.555799,74
粤BW7C43,114.183502,22.555799,74
粤BW7C43,114.183502,22.555799,74
粤BW7C43,114.183502,22.555799,75
粤BW7C43,114.183502,22.555799,75
粤BW7C43,114.183502,22.555799,77
粤BW7C43,114.183502,22.555799,78
粤BW7C43,114.183502,22.555799,78
粤BW7C43,114.183502,22.555799,78
粤BW7C43,114.183502,22.555799,79
粤BW7C43,114.183502,22.555799,80
粤BW7C43,114.183502,22.555799,81
粤BW7C43,114.183502,22.555799,81
粤BW7C43,114.183502,22.555799,82
粤BW7C43,114.183502,22.555799,82
粤BW7C43,114.183502,22.555799,84
粤BW7C43,114.183502,22.555799,84
粤BW7C43,114.183502,22.555799,85
粤BW7C43,114.183502,22.555799,85
粤BW7C43,114.183502,22.555799,86
粤BW7C43,114.183502,22.555799,87
粤BW7C43,114.183502,22.555799,88
粤BW7C43,114.183502,22.555799,91
粤BW7C43,114.183502,22.555799,91
粤BW7C43,114.183502,22.555799,92
粤BW7C43,114.183502,22.555799,92
粤BW7C43,114.183502,22.555799,93
粤BW7C43,114.183502,22.555799,95
粤BW7C43,114.183502,22.555799,95
粤BW7C43,114.183502,22.555799,96
粤BW7C43,114.183502,22.555799,96
粤BW7C43,114.183502,22.555799,96
粤BW7C43,114.183502,22.555799,98
粤BW7C43,114.183502,22.555799,99
粤BW7C43,114.183502,22.555799,99
粤BW7C43,114.183502,22.555799,100
粤BW7C43,114.183502,22.555799,102
粤BW7C43,114.183502,22.555799,102
粤BW7C43,114.183502,22.555799,103
粤BW7C43,114.183502,22.555799,103
粤BW7C43,114.183502,22.555799,104
粤BW7C43,114.183502,22.555799,105
粤BW7C43,114.183502,22.555799,106
粤BW7C43,114.183502,22.555799,106
粤BW7C43,114.183502,22.555799,107
粤BW7C43,114.183502,22.555799,109
粤BW7C43,114.183502,22.555799,109
粤BW7C43,114.183502,22.555799,110
粤BW7C43,114.183502,22.555799,110
粤BW7C43,114.183502,22.555799,111
粤BW7C43,114.183502,22.555799,113
粤BW7C43,114.183502,22.555799,114
粤BW7C43,114.183502,22.555799,114
粤BW7C43,114.183502,22.555799,115
粤BW7C43,114.183502,22.555799,116
粤BW7C43,114.183502,22.555799,116
粤BW7C43,114.183502,22.555799,117
粤BW7C43,114.183502,22.555799,118
粤BW7C43,114.183502,22.555799,118
粤BW7C43,114.183502,22.555799,120
粤BW7C43,114.183502,22.555799,120
粤BW7C43,114.183502,22.555799,121
粤BW7C43,114.183502,22.555799,123
粤BW7C43,114.183502,22.555799,125
粤BW7C43,114.183502,22.555799,125
粤BW7C43,114.183502,22.555799,127
粤BW7C43,114.183502,22.555799,128
粤BW7C43,114.183502,22.555799,129
粤BW7C43,114.183502,22.555799,129
粤BW7C43,114.183502,22.555799,131
粤BW7C43,114.183502,22.555799,131
粤BW7C43,114.183502,22.555799,132
粤BW7C43,114.183502,22.555799,132
粤BW7C43,114.183502,22.555799,135
粤BW7C43,114.183502,22.555799,136
粤BW7C43,114.183502,22.555799,136
粤BW7C43,114.183502,22.555799,137
粤BW7C43,114.183502,22.555799,138
粤BW7C43,114.183502,22.555799,139
粤BW7C43,114.183502,22.555799,139
粤BW7C43,114.183502,22.555799,139
粤BW7C43,114.183502,22.555799,140
粤BW7C43,114.183502,22.555799,142
粤BW7C43,114.183502,22.555799,144
粤BW7C43,114.183502,22.555799,144
粤BW7C43,114.183502,22.555799,146
粤BW7C43,114.183502,22.555799,146
粤BW7C43,114.183502,22.555799,147
粤BW7C43,114.183502,22.555799,148
粤BW7C43,114.183502,22.555799,150
粤BW7C43,114.183502,22.555799,150
粤BW7C43,114.183502,22.555799,151
粤BW7C43,114.183502,22.555799,151
粤BW7C43,114.183502,22.555799,151
粤BW7C43,114.183502,22.555799,152
粤BW7C43,114.183502,22.555799,155
粤BW7C43,114.183502,22.555799,155
粤BW7C43,114.183502,22.555799,155
粤BW7C43,114.183502,22.555799,158
粤BW7C43,114.183502,22.555799,158
粤BW7C43,114.183502,22.555799,159
粤BW7C43,114.183502,22.555799,159
粤BW7C43,114.183502,22.555799,162
粤BW7C43,114.183502,22.555799,162
粤BW7C43,114.183502,22.555799,162
粤BW7C43,114.183502,22.555799,163
粤BW7C43,114.183502,22.555799,165
粤BW7C43,114.183502,22.555799,165
粤BW7C43,114.183502,22.555799,166
粤BW7C43,114.183502,22.555799,166
粤BW7C43,114.183502,22.555799,167
粤BW7C43,114.183502,22.555799,168
粤BW7C43,114.183502,22.555799,169
粤BW7C43,114.183502,22.555799,169
粤BW7C43,114.183502,22.555799,170
粤BW7C43,114.183502,22.555799,172
粤BW7C43,114.183502,22.555799,173
粤BW7C43,114.183502,22.555799,174
粤BW7C43,114.183502,22.555799,174
粤BW7C43,114.183502,22.555799,174
粤BW7C43,114.183502,22.555799,177
粤BW7C43,114.183502,22.555799,177
粤BW7C43,114.183502,22.555799,178
粤BW7C43,114.183502,22.555799,178
粤BW7C43,114.183502,22.555799,180
粤BW7C43,114.183502,22.555799,181
粤BW7C43,114.183502,22.555799,181
粤BW7C43,114.183502,22.555799,182
粤BW7C43,114.183502,22.555799,191
粤BW7C43,114.183502,22.555799,192
粤BW7C43,114.183502,22.555799,192
粤BW7C43,114.183502,22.555799,193
粤BW7C43,114.183502,22.555799,195
粤BW7C43,114.183502,22.555799,195
粤BW7C43,114.183502,22.555799,196
粤BW7C43,114.183502,22.555799,198
粤BW7C43,114.183502,22.555799,199
粤BW7C43,114.183502,22.555799,200
粤BW7C43,114.183502,22.555799,200
粤BW7C43,114.183502,22.555799,202
粤BW7C43,114.183502,22.555799,203
粤BW7C43,114.183502,22.555799,203
粤BW7C43,114.183502,22.555799,203
粤BW7C43,114.183502,22.555799,206
粤BW7C43,114.183502,22.555799,206
粤BW7C43,114.183502,22.555799,207
粤BW7C43,114.183502,22.555799,208
粤BW7C43,114.183502,22.555799,210
粤BW7C43,114.183502,22.555799,211
粤BW7C43,114.183502,22.555799,211
粤BW7C43,114.183502,22.555799,211
粤BW7C43,114.183502,22.555799,212
粤BW7C43,114.183502,22.555799,212
粤BW7C43,114.183502,22.555799,214
粤BW7C43,114.183502,22.555799,214
粤BW7C43,114.183502,22.555799,215
粤BW7C43,114.183502,22.555799,215
粤BW7C43,114.183502,22.555799,217
粤BW7C43,114.183502,22.555799,217
粤BW7C43,114.183502,22.555799,218
粤BW7C43,114.183502,22.555799,219
粤BW7C43,114.183502,22.555799,219
粤BW7C43,114.183502,22.555799,221
粤BW7C43,114.183502,22.555799,222
粤BW7C43,114.183502,22.555799,222
粤BW7C43,114.183502,22.555799,222
粤BW7C43,114.183502,22.555799,223
粤BW7C43,114.183502,22.555799,223
粤BW7C43,114.183502,22.555799,225
粤BW7C43,114.183502,22.555799,226
粤BW7C43,114.183502,22.555799,226
粤BW7C43,114.183502,22.555799,226
粤BW7C43,114.183502,22.555799,227
粤BW7C43,114.183502,22.555799,228
粤BW7C43,114.183502,22.555799,229
粤BW7C43,114.183502,22.555799,229
粤BW7C43,114.183502,22.555799,230
粤BW7C43,114.183502,22.555799,230
粤BW7C43,114.183502,22.555799,230
粤BW7C43,114.183502,22.555799,231
粤BW7C43,114.183502,22.555799,232
粤BW7C43,114.183502,22.555799,233
粤BW7C43,114.183502,22.555799,233
粤BW7C43,114.183502,22.555799,233
粤BW7C43,114.183502,22.555799,234
粤BW7C43,114.183502,22.555799,234
粤BW7C43,114.183502,22.555799,234
粤BW7C43,114.183502,22.555799,237
粤BW7C43,114.183502,22.555799,237
粤BW7C43,114.183502,22.555799,238
粤BW7C43,114.183502,22.555799,240
粤BW7C43,114.183502,22.555799,241
粤BW7C43,114.183502,22.555799,241
粤BW7C43,114.183502,22.555799,244
粤BW7C43,114.183502,22.555799,245
粤BW7C43,114.183502,22.555799,245
粤BW7C43,114.183502,22.555799,246
粤BW7C43,114.183502,22.555799,249
粤BW7C43,114.183502,22.555799,249
粤BW7C43,114.183502,22.555799,249
粤BW7C43,114.183502,22.555799,251
粤BW7C43,114.183502,22.555799,251
粤BW7C43,114.183502,22.555799,252
粤BW7C43,114.183502,22.555799,252
粤BW7C43,114.183502,22.555799,253
粤BW7C43,114.183502,22.555799,253
粤BW7C43,114.183502,22.555799,255
粤BW7C43,114.183502,22.555799,256
粤BW7C43,114.183502,22.555799,256
粤BW7C43,114.183502,22.555799,257
粤BW7C43,114.183502,22.555799,258
粤BW7C43,114.183502,22.555799,260
粤BW7C43,114.183502,22.555799,260
粤BW7C43,114.183502,22.555799,260
粤BW7C43,114.183502,22.555799,263
粤BW7C43,114.183502,22.555799,263
粤BW7C43,114.183502,22.555799,264
粤BW7C43,114.183502,22.555799,267
粤BW7C43,114.183502,22.555799,270
粤BW7C43,114.183502,22.555799,270
粤BW7C43,114.183502,22.555799,271
粤BW7C43,114.183502,22.555799,271
粤BW7C43,114.183502,22.555799,272
粤BW7C43,114.183502,22.555799,273
粤BW7C43,114.183502,22.555799,274
粤BW7C43,114.183502,22.555799,274
粤BW7C43,114.183502,22.555799,275
粤BW7C43,114.183502,22.555799,276
粤BW7C43,114.183502,22.555799,277
粤BW7C43,114.183502,22.555799,278
粤BW7C43,114.183502,22.555799,279
粤BW7C43,114.183502,22.555799,281
粤BW7C43,114.183502,22.555799,281
粤BW7C43,114.183502,22.555799,282
粤BW7C43,114.183502,22.555799,282
粤BW7C43,114.183502,22.555799,283
粤BW7C43,114.183502,22.555799,283
粤BW7C43,114.183502,22.555799,285
粤BW7C43,114.183502,22.555799,286
粤BW7C43,114.183502,22.555799,286
粤BW7C43,114.183502,22.555799,287
粤BW7C43,114.183502,22.555799,289
粤BW7C43,114.183502,22.555799,289
粤BW7C43,114.183502,22.555799,289
粤BW7C43,114.183502,22.555799,290
粤BW7C43,114.183502,22.555799,290
粤BW7C43,114.183502,22.555799,290
粤BW7C43,114.183502,22.555799,291
粤BW7C43,114.183502,22.555799,293
粤BW7C43,114.183502,22.555799,293
粤BW7C43,114.183502,22.555799,295
粤BW7C43,114.183502,22.555799,297
粤BW7C43,114.183502,22.555799,298
粤BW7C43,114.183502,22.555799,298
粤BW7C43,114.183502,22.555799,298
粤BW7C43,114.183502,22.555799,299
粤BW7C43,114.183502,22.555799,302
粤BW7C43,114.183502,22.555799,302
粤BW7C43,114.183502,22.555799,302
粤BW7C43,114.183502,22.555799,304
粤BW7C43,114.183502,22.555799,305
粤BW7C43,114.183502,22.555799,305
粤BW7C43,114.183502,22.555799,305
粤BW7C43,114.183502,22.555799,306
粤BW7C43,114.183502,22.555799,306
粤BW7C43,114.183502,22.555799,308
粤BW7C43,114.183502,22.555799,309
粤BW7C43,114.183502,22.555799,309
粤BW7C43,114.183502,22.555799,309
粤BW7C43,114.183502,22.555799,310
粤BW7C43,114.183502,22.555799,310
粤BW7C43,114.183502,22.555799,310
粤BW7C43,114.183502,22.555799,312
粤BW7C43,114.183502,22.555799,312
粤BW7C43,114.183502,22.555799,313
粤BW7C43,114.183502,22.555799,314
粤BW7C43,114.183502,22.555799,316
粤BW7C43,114.183502,22.555799,316
粤BW7C43,114.183502,22.555799,317
粤BW7C43,114.183502,22.555799,318
粤BW7C43,114.183502,22.555799,319
粤BW7C43,114.183502,22.555799,320
粤BW7C43,114.183502,22.555799,320
粤BW7C43,114.183502,22.555799,321
粤BW7C43,114.183502,22.555799,321
粤BW7C43,114.183502,22.555799,322
粤BW7C43,114.183502,22.555799,323
粤BW7C43,114.183502,22.555799,323
粤BW7C43,114.183502,22.555799,324
粤BW7C43,114.183502,22.555799,325
粤BW7C43,114.183502,22.555799,325
粤BW7C43,114.183502,22.555799,327
粤BW7C43,114.183502,22.555799,327
粤BW7C43,114.183502,22.555799,328
粤BW7C43,114.183502,22.555799,328
粤BW7C43,114.183502,22.555799,329
粤BW7C43,114.183502,22.555799,330
粤BW7C43,114.183502,22.555799,331
粤BW7C43,114.183502,22.555799,331
粤BW7C43,114.183502,22.555799,332
粤BW7C43,114.183502,22.555799,332
粤BW7C43,114.183502,22.555799,334
粤BW7C43,114.183502,22.555799,335
粤BW7C43,114.183502,22.555799,335
粤BW7C43,114.183502,22.555799,336
粤BW7C43,114.183502,22.555799,336
粤BW7C43,114.183502,22.555799,338
粤BW7C43,114.183502,22.555799,339
粤BW7C43,114.183502,22.555799,339
粤BW7C43,114.183502,22.555799,340
粤BW7C43,114.183502,22.555799,342
粤BW7C43,114.183502,22.555799,343
粤BW7C43,114.183502,22.555799,344
粤BW7C43,114.183502,22.555799,347
粤BW7C43,114.183502,22.555799,347
粤BW7C43,114.183502,22.555799,347
粤BW7C43,114.183502,22.555799,350
粤BW7C43,114.183502,22.555799,350
粤BW7C43,114.183502,22.555799,351
粤BW7C43,114.183502,22.555799,352
粤BW7C43,114.183502,22.555799,352
粤BW7C43,114.183502,22.555799,353
粤BW7C43,114.183502,22.555799,354
粤BW7C43,114.183502,22.555799,354
粤BW7C43,114.183502,22.555799,355
粤BW7C43,114.183502,22.555799,355
粤BW7C43,114.183502,22.555799,356
粤BW7C43,114.183502,22.555799,358
粤BW7C43,114.183502,22.555799,358
粤BW7C43,114.183502,22.555799,359
粤BW7C43,114.183502,22.555799,359
粤BW7C43,114.183502,22.555799,359
粤BW7C43,114.183502,22.555799,360
粤BW7C43,114.183502,22.555799,363
粤BW7C43,114.183502,22.555799,364
粤BW7C43,114.183502,22.555799,366
粤BW7C43,114.183502,22.555799,366
粤BW7C43,114.183502,22.555799,367
粤BW7C43,114.183502,22.555799,367
粤BW7C43,114.183502,22.555799,367
粤BW7C43,114.183502,22.555799,368
粤BW7C43,114.183502,22.555799,370
粤BW7C43,114.183502,22.555799,370
粤BW7C43,114.183502,22.555799,371
粤BW7C43,114.183502,22.555799,371
粤BW7C43,114.183502,22.555799,372
粤BW7C43,114.183502,22.555799,373
粤BW7C43,114.183502,22.555799,374
粤BW7C43,114.183502,22.555799,374
粤BW7C43,114.183502,22.555799,374
粤BW7C43,114.183502,22.555799,375
粤BW7C43,114.183502,22.555799,375
粤BW7C43,114.183502,22.555799,375
粤BW7C43,114.183502,22.555799,378
粤BW7C43,114.183502,22.555799,378
粤BW7C43,114.183502,22.555799,379
粤BW7C43,114.183502,22.555799,379
粤BW7C43,114.183502,22.555799,380
粤BW7C43,114.183502,22.555799,382
粤BW7C43,114.183502,22.555799,383
粤BW7C43,114.183502,22.555799,383
粤BW7C43,114.183502,22.555799,383
粤BW7C43,114.183502,22.555799,385
粤BW7C43,114.183502,22.555799,385
粤BW7C43,114.183502,22.555799,386
粤BW7C43,114.183502,22.555799,389
粤BW7C43,114.183502,22.555799,389
粤BW7C43,114.183502,22.555799,389
粤BW7C43,114.183502,22.555799,390
粤BW7C43,114.183502,22.555799,390
粤BW7C43,114.183502,22.555799,390
粤BW7C43,114.183502,22.555799,391
粤BW7C43,114.183502,22.555799,391
粤BW7C43,114.183502,22.555799,393
粤BW7C43,114.183502,22.555799,393
粤BW7C43,114.183502,22.555799,394
粤BW7C43,114.183502,22.555799,394
粤BW7C43,114.183502,22.555799,397
粤BW7C43,114.183502,22.555799,397
粤BW7C43,114.183502,22.555799,397
粤BW7C43,114.183502,22.555799,398
粤BW7C43,114.183502,22.555799,398
粤BW7C43,114.183502,22.555799,400
粤BW7C43,114.183502,22.555799,400
粤BW7C43,114.183502,22.555799,401
粤BW7C43,114.183502,22.555799,401
粤BW7C43,114.183502,22.555799,401
粤BW7C43,114.183502,22.555799,404
粤BW7C43,114.183502,22.555799,404
粤BW7C43,114.183502,22.555799,404
粤BW7C43,114.183502,22.555799,406
粤BW7C43,114.183502,22.555799,408
粤BW7C43,114.183502,22.555799,408
粤BW7C43,114.183502,22.555799,408
粤BW7C43,114.183502,22.555799,409
粤BW7C43,114.183502,22.555799,409
粤BW7C43,114.183502,22.555799,410
粤BW7C43,114.183502,22.555799,412
粤BW7C43,114.183502,22.555799,412
粤BW7C43,114.183502,22.555799,412
粤BW7C43,114.183502,22.555799,413
粤BW7C43,114.183502,22.555799,416
粤BW7C43,114.183502,22.555799,416
粤BW7C43,114.183502,22.555799,417
粤BW7C43,114.183502,22.555799,418
粤BW7C43,114.183502,22.555799,420
粤BW7C43,114.183502,22.555799,423
粤BW7C43,114.183502,22.555799,424
粤BW7C43,114.183502,22.555799,425
粤BW7C43,114.183502,22.555799,425
粤BW7C43,114.183502,22.555799,426
粤BW7C43,114.183502,22.555799,428
粤BW7C43,114.183502,22.555799,428
粤BW7C43,114.183502,22.555799,428
粤BW7C43,114.183502,22.555799,429
粤BW7C43,114.183502,22.555799,431
粤BW7C43,114.183502,22.555799,431
粤BW7C43,114.183502,22.555799,432
粤BW7C43,114.183502,22.555799,432
粤BW7C43,114.183502,22.555799,433
粤BW7C43,114.183502,22.555799,433
粤BW7C43,114.183601,22.5557,435
粤BW7C43,114.183502,22.555799,435
粤BW7C43,114.183601,22.5557,436
粤BW7C43,114.183601,22.5557,437
粤BW7C43,114.184097,22.555599,440
粤BW7C43,114.174301,22.5625,441
粤BW7C43,114.174301,22.562599,441
粤BW7C43,114.175903,22.561501,441
粤BW7C43,114.178596,22.559601,441
粤BW7C43,114.169998,22.562901,443
粤BW7C43,114.155998,22.560101,444
粤BW7C43,114.149498,22.556101,445
粤BW7C43,114.1539,22.5583,445
粤BW7C43,114.135201,22.558399,448
粤BW7C43,114.135201,22.558399,449
粤BW7C43,114.135201,22.558399,451
粤BW7C43,114.133797,22.556801,452
粤BW7C43,114.132599,22.555,452
粤BW7C43,114.1343,22.5574,452
粤BW7C43,114.130302,22.5529,455
粤BW7C43,114.127197,22.5497,458
粤BW7C43,114.125801,22.5527,459
粤BW7C43,114.125801,22.5527,459
粤BW7C43,114.120697,22.558901,462
粤BW7C43,114.115997,22.560801,463
粤BW7C43,114.116798,22.5602,463
粤BW7C43,114.117401,22.5599,463
粤BW7C43,114.116096,22.5609,463
粤BW7C43,114.119598,22.560499,466
粤BW7C43,114.119797,22.558701,467
粤BW7C43,114.1213,22.5571,469
粤BW7C43,114.118698,22.5532,470
粤BW7C43,114.1166,22.5502,473
粤BW7C43,114.1166,22.5502,474
粤BW7C43,114.1166,22.5502,474
粤BW7C43,114.108101,22.545799,477
粤BW7C43,114.105003,22.5488,478
粤BW7C43,114.106499,22.5462,478
粤BW7C43,114.104599,22.549299,480
粤BW7C43,114.100899,22.5473,481
粤BW7C43,114.099297,22.558001,485
粤BW7C43,114.099403,22.5571,485
粤BW7C43,114.089897,22.5604,489
粤BW7C43,114.086899,22.566799,491
粤BW7C43,114.069199,22.569401,493
粤BW7C43,114.067596,22.5707,495
粤BW7C43,114.052902,22.586901,496
粤BW7C43,114.048599,22.5958,499
粤BW7C43,114.0439,22.6026,500
粤BW7C43,114.052803,22.6063,502
粤BW7C43,114.0504,22.6047,502
粤BW7C43,114.053398,22.6078,503
粤BW7C43,114.053398,22.6078,503
粤BW7C43,114.054199,22.608801,504
粤BW7C43,114.056,22.6187,506
粤BW7C43,114.055,22.6122,506
粤BW7C43,114.0588,22.619301,507
粤BW7C43,114.055901,22.6206,510
粤BW7C43,114.055702,22.6164,511
粤BW7C43,114.055702,22.6154,514
粤BW7C43,114.055702,22.6154,514
粤BW7C43,114.042801,22.6031,517
粤BW7C43,114.042801,22.6031,518
粤BW7C43,114.037804,22.599501,521
粤BW7C43,114.037697,22.5993,521
粤BW7C43,114.037804,22.599501,521
粤BW7C43,114.028,22.605301,524
粤BW7C43,114.024902,22.604,525
粤BW7C43,114.027802,22.6057,525
粤BW7C43,114.022003,22.5937,528
粤BW7C43,114.022202,22.5937,528
粤BW7C43,114.0214,22.5935,529
粤BW7C43,114.002899,22.591,532
粤BW7C43,113.940697,22.562401,546
粤BW7C43,113.940697,22.560101,547
粤BW7C43,113.940498,22.556101,550
粤BW7C43,113.940498,22.556101,550
粤BW7C43,113.940498,22.5529,553
粤BW7C43,113.940399,22.5529,554
粤BW7C43,113.944298,22.552999,557
粤BW7C43,113.945999,22.5508,557
粤BW7C43,113.9459,22.552601,557
粤BW7C43,113.949097,22.555799,560
粤BW7C43,113.953903,22.556101,561
粤BW7C43,113.961403,22.555201,561
粤BW7C43,113.963303,22.5497,565
粤BW7C43,113.961403,22.555201,567
粤BW7C43,113.963699,22.5436,569
粤BW7C43,113.963303,22.5497,571
粤BW7C43,113.9599,22.5438,572
粤BW7C43,113.962402,22.5529,573
粤BW7C43,113.964699,22.552,575
粤BW7C43,113.966301,22.5525,575
粤BW7C43,113.972298,22.551399,576
粤BW7C43,113.9599,22.5438,577
粤BW7C43,113.9748,22.5483,579
粤BW7C43,113.977898,22.5476,579
粤BW7C43,113.9804,22.5473,579
粤BW7C43,113.982697,22.5457,580
粤BW7C43,113.985298,22.5446,580
粤BW7C43,113.984802,22.545,580
粤BW7C43,113.986298,22.5422,582
粤BW7C43,113.991699,22.541201,583
粤BW7C43,113.987503,22.5415,583
粤BW7C43,113.989403,22.541599,583
粤BW7C43,113.992203,22.5387,584
粤BW7C43,113.9925,22.5385,586
粤BW7C43,113.9925,22.5385,587
粤BW7C43,113.9748,22.5483,588
粤BW7C43,113.9925,22.5385,590
粤BW7C43,113.9925,22.5385,593
粤BW7C43,113.9925,22.5385,594
粤BW7C43,113.9925,22.5385,594
粤BW7C43,113.9925,22.5385,595
粤BW7C43,113.9925,22.5385,597
粤BW7C43,113.9925,22.5385,597
粤BW7C43,113.9925,22.5385,598
粤BW7C43,113.9953,22.545,601
粤BW7C43,114.005096,22.547501,603
粤BW7C43,114.005096,22.547501,605
粤BW7C43,114.007202,22.549,605
粤BW7C43,114.015701,22.540001,608
粤BW7C43,114.016098,22.5399,609
粤BW7C43,114.016098,22.5399,609
粤BW7C43,114.016098,22.5399,610
粤BW7C43,114.016502,22.540001,612
粤BW7C43,114.017899,22.5401,613
粤BW7C43,114.017899,22.5401,614
粤BW7C43,114.017899,22.5401,617
粤BW7C43,114.017899,22.5401,619
粤BW7C43,114.017899,22.5401,621
粤BW7C43,114.017899,22.5401,624
粤BW7C43,114.032204,22.5462,628
粤BW7C43,114.046303,22.5424,631
粤BW7C43,114.050499,22.5424,632
粤BW7C43,114.052696,22.5394,635
粤BW7C43,114.051003,22.5467,638
粤BW7C43,114.049004,22.551201,639
粤BW7C43,114.044601,22.5508,641
粤BW7C43,114.044601,22.5508,642
粤BW7C43,114.044601,22.5508,642
粤BW7C43,114.040398,22.549601,643
粤BW7C43,114.039902,22.5478,645
粤BW7C43,114.040199,22.5445,646
粤BW7C43,114.0513,22.5455,650
粤BW7C43,114.047203,22.545401,650
粤BW7C43,114.057899,22.545099,653
粤BW7C43,114.058098,22.539801,654
粤BW7C43,114.060303,22.537701,657
粤BW7C43,114.062897,22.5368,657
粤BW7C43,114.061501,22.5352,660
粤BW7C43,114.063103,22.5301,661
粤BW7C43,114.068199,22.5347,667
粤BW7C43,114.067902,22.5466,668
粤BW7C43,114.067902,22.5557,671
粤BW7C43,114.067902,22.553101,671
粤BW7C43,114.069901,22.558001,672
粤BW7C43,114.067902,22.5466,674
粤BW7C43,114.089203,22.5583,675
粤BW7C43,114.090599,22.558399,676
粤BW7C43,114.093803,22.558399,678
粤BW7C43,114.098396,22.558599,679
粤BW7C43,114.099403,22.5613,680
粤BW7C43,114.102501,22.5616,682
粤BW7C43,114.102699,22.5616,683
粤BW7C43,114.089203,22.5583,684
粤BW7C43,114.103996,22.560301,685
粤BW7C43,114.103996,22.559,687
粤BW7C43,114.107498,22.558701,687
粤BW7C43,114.124802,22.554899,695
粤BW7C43,114.122902,22.5562,696
粤BW7C43,114.126404,22.553499,697
粤BW7C43,114.124603,22.554199,698
粤BW7C43,114.122101,22.5574,702
粤BW7C43,114.109703,22.5469,706
粤BW7C43,114.110703,22.5389,708
粤BW7C43,114.113998,22.531799,711
粤BW7C43,114.113998,22.531799,711
粤BW7C43,114.114098,22.532101,712
粤BW7C43,114.114098,22.532101,713
粤BW7C43,114.114899,22.532499,713
粤BW7C43,114.116096,22.5355,713
粤BW7C43,114.120399,22.538799,715
粤BW7C43,114.124199,22.541201,716
粤BW7C43,114.129097,22.5439,716
粤BW7C43,114.137398,22.5513,717
粤BW7C43,114.144897,22.555401,719
粤BW7C43,114.1399,22.554701,719
粤BW7C43,114.167297,22.562799,720
粤BW7C43,114.154999,22.559099,720
粤BW7C43,114.1605,22.5623,720
粤BW7C43,114.183502,22.555799,723
粤BW7C43,114.181702,22.5571,723
粤BW7C43,114.177696,22.559999,723
粤BW7C43,114.183502,22.555799,724
粤BW7C43,114.183502,22.555799,724
粤BW7C43,114.183502,22.555799,726
粤BW7C43,114.183502,22.555799,726
粤BW7C43,114.137398,22.5513,727
粤BW7C43,114.183502,22.555799,728
粤BW7C43,114.183502,22.555799,729
粤BW7C43,114.183502,22.555799,729
粤BW7C43,114.183502,22.555799,729
粤BW7C43,114.183502,22.555799,730
粤BW7C43,114.183502,22.555799,730
粤BW7C43,114.183502,22.555799,732
粤BW7C43,114.183502,22.555799,733
粤BW7C43,114.183502,22.555799,733
粤BW7C43,114.183502,22.555799,735
粤BW7C43,114.183502,22.555799,735
粤BW7C43,114.183502,22.555799,736
粤BW7C43,114.183502,22.555799,737
粤BW7C43,114.183502,22.555799,739
粤BW7C43,114.183502,22.555799,739
粤BW7C43,114.183502,22.555799,740
粤BW7C43,114.183502,22.555799,742
粤BW7C43,114.183502,22.555799,742
粤BW7C43,114.183502,22.555799,743
粤BW7C43,114.183502,22.555799,743
粤BW7C43,114.183502,22.555799,743
粤BW7C43,114.183502,22.555799,744
粤BW7C43,114.183502,22.555799,744
粤BW7C43,114.183502,22.555799,746
粤BW7C43,114.183502,22.555799,746
粤BW7C43,114.183502,22.555799,747
粤BW7C43,114.183502,22.555799,748
粤BW7C43,114.183502,22.555799,749
粤BW7C43,114.183502,22.555799,749
粤BW7C43,114.183502,22.555799,750
粤BW7C43,114.183502,22.555799,751
粤BW7C43,114.183502,22.555799,754
粤BW7C43,114.183502,22.555799,754
粤BW7C43,114.183502,22.555799,754
粤BW7C43,114.183502,22.555799,756
粤BW7C43,114.183502,22.555799,756
粤BW7C43,114.183502,22.555799,759
粤BW7C43,114.183502,22.555799,760
粤BW7C43,114.183502,22.555799,760
粤BW7C43,114.183502,22.555799,760
粤BW7C43,114.183502,22.555799,761
粤BW7C43,114.183502,22.555799,763
粤BW7C43,114.183502,22.555799,764
粤BW7C43,114.183502,22.555799,764
粤BW7C43,114.183502,22.555799,767
粤BW7C43,114.183502,22.555799,767
粤BW7C43,114.183502,22.555799,767
粤BW7C43,114.183502,22.555799,770
粤BW7C43,114.183502,22.555799,770
粤BW7C43,114.183502,22.555799,771
粤BW7C43,114.183502,22.555799,771
粤BW7C43,114.183502,22.555799,772
粤BW7C43,114.183502,22.555799,773
粤BW7C43,114.183502,22.555799,774
粤BW7C43,114.183502,22.555799,774
粤BW7C43,114.183502,22.555799,775
粤BW7C43,114.183502,22.555799,775
粤BW7C43,114.183502,22.555799,776
粤BW7C43,114.183502,22.555799,777
粤BW7C43,114.183502,22.555799,777
粤BW7C43,114.183502,22.555799,778
粤BW7C43,114.183502,22.555799,778
粤BW7C43,114.183502,22.555799,780
粤BW7C43,114.183502,22.555799,780
粤BW7C43,114.183502,22.555799,781
粤BW7C43,114.183502,22.555799,781
粤BW7C43,114.183502,22.555799,782
粤BW7C43,114.183502,22.555799,782
粤BW7C43,114.183502,22.555799,784
粤BW7C43,114.183502,22.555799,785
粤BW7C43,114.183502,22.555799,785
粤BW7C43,114.183502,22.555799,786
粤BW7C43,114.183502,22.555799,787
粤BW7C43,114.183502,22.555799,788
粤BW7C43,114.1838,22.5557,789
粤BW7C43,114.1866,22.5606,792
粤BW7C43,114.183601,22.558901,793
粤BW7C43,114.163101,22.563,797
粤BW7C43,114.166901,22.5632,797
粤BW7C43,114.1698,22.563,797
粤BW7C43,114.157898,22.561501,798
粤BW7C43,114.149101,22.559401,800
粤BW7C43,114.146103,22.556499,801
粤BW7C43,114.147797,22.5581,801
粤BW7C43,114.146301,22.5555,801
粤BW7C43,114.138397,22.549801,804
粤BW7C43,114.141899,22.5501,804
粤BW7C43,114.139397,22.5499,804
粤BW7C43,114.139,22.553499,808
粤BW7C43,114.126297,22.547899,811
粤BW7C43,114.1259,22.5478,812
粤BW7C43,114.1259,22.546,812
粤BW7C43,114.117897,22.5369,815
粤BW7C43,114.116997,22.5361,818
粤BW7C43,114.116997,22.5361,818
粤BW7C43,114.1138,22.537399,819
粤BW7C43,114.114601,22.5348,819
粤BW7C43,114.114403,22.5408,822
粤BW7C43,114.116096,22.541201,822
粤BW7C43,114.116096,22.541201,822
粤BW7C43,114.1194,22.542,825
粤BW7C43,114.117798,22.539801,826
粤BW7C43,114.107597,22.5373,829
粤BW7C43,114.069603,22.532499,833
粤BW7C43,114.068298,22.537001,834
粤BW7C43,114.067802,22.562599,842
粤BW7C43,114.067596,22.570801,844
粤BW7C43,114.0588,22.580799,847
粤BW7C43,114.0588,22.580799,848
粤BW7C43,114.044601,22.5952,849
粤BW7C43,114.035004,22.6019,851
粤BW7C43,114.032204,22.604799,851
粤BW7C43,114.027199,22.6106,852
粤BW7C43,114.021301,22.6164,854
粤BW7C43,114.019096,22.618099,854
粤BW7C43,114.012901,22.626499,855
粤BW7C43,114.006401,22.636499,856
粤BW7C43,114.007301,22.6348,856
粤BW7C43,114.004402,22.639799,858
粤BW7C43,114.004204,22.640301,859
粤BW7C43,114.006699,22.6357,860
粤BW7C43,114.007103,22.634899,862
粤BW7C43,114.007004,22.635099,862
粤BW7C43,114.0093,22.6315,862
粤BW7C43,114.014297,22.623899,863
粤BW7C43,114.019997,22.622499,866
粤BW7C43,114.026398,22.6236,867
粤BW7C43,114.023697,22.623699,867
粤BW7C43,114.023697,22.623699,867
粤BW7C43,114.027702,22.6243,870
粤BW7C43,114.026604,22.627001,870
粤BW7C43,114.025902,22.6294,871
粤BW7C43,114.025902,22.6294,871
粤BW7C43,114.026703,22.6269,873
粤BW7C43,114.030899,22.6241,874
粤BW7C43,114.027702,22.6236,874
粤BW7C43,114.031403,22.622499,874
粤BW7C43,114.0317,22.622,877
粤BW7C43,114.032799,22.624701,878
粤BW7C43,114.032402,22.632799,881
粤BW7C43,114.032402,22.6329,882
粤BW7C43,114.039001,22.6329,885
粤BW7C43,114.049797,22.630899,888
粤BW7C43,114.063599,22.629801,889
粤BW7C43,114.064201,22.622801,892
粤BW7C43,114.060799,22.623301,892
粤BW7C43,114.066399,22.622999,892
粤BW7C43,114.059601,22.624399,893
粤BW7C43,114.055801,22.625099,895
粤BW7C43,114.055702,22.617701,896
粤BW7C43,114.055603,22.623301,896
粤BW7C43,114.054901,22.6117,899
粤BW7C43,114.045998,22.5958,910
粤BW7C43,114.030502,22.5949,913
粤BW7C43,114.024597,22.594299,914
粤BW7C43,114.018997,22.592501,914
粤BW7C43,114.000099,22.590799,915
粤BW7C43,113.994301,22.5886,917
粤BW7C43,113.988701,22.5868,917
粤BW7C43,113.9664,22.572201,921
粤BW7C43,113.966599,22.5693,921
粤BW7C43,113.952904,22.567801,922
粤BW7C43,113.952797,22.5611,924
粤BW7C43,113.952904,22.5555,925
粤BW7C43,113.949799,22.530701,929
粤BW7C43,113.935997,22.5224,932
粤BW7C43,113.936699,22.524099,932
粤BW7C43,113.9347,22.5187,933
粤BW7C43,113.932701,22.509399,936
粤BW7C43,113.932899,22.5137,936
粤BW7C43,113.928101,22.507999,937
粤BW7C43,113.927803,22.507999,937
粤BW7C43,113.935997,22.5224,938
粤BW7C43,113.919899,22.5021,943
粤BW7C43,113.919899,22.500401,944
粤BW7C43,113.919899,22.499901,944
粤BW7C43,113.919899,22.4998,944
粤BW7C43,113.919998,22.500299,945
粤BW7C43,113.919899,22.500799,945
粤BW7C43,113.919197,22.5026,947
粤BW7C43,113.917702,22.503099,948
粤BW7C43,113.917801,22.504299,949
粤BW7C43,113.917801,22.504299,951
粤BW7C43,113.918198,22.5058,952
粤BW7C43,113.918297,22.505899,952
粤BW7C43,113.918297,22.505899,952
粤BW7C43,113.918404,22.506901,954
粤BW7C43,113.916397,22.5098,955
粤BW7C43,113.914803,22.5186,959
粤BW7C43,113.914803,22.5187,959
粤BW7C43,113.915497,22.519501,960
粤BW7C43,113.921898,22.518,963
粤BW7C43,113.921898,22.518,963
粤BW7C43,113.921898,22.518,963
粤BW7C43,113.921898,22.518,969
粤BW7C43,113.927399,22.5079,970
粤BW7C43,113.939102,22.507999,974
粤BW7C43,113.942802,22.5065,974
粤BW7C43,113.945,22.506599,977
粤BW7C43,113.945198,22.506701,977
粤BW7C43,113.945099,22.506599,978
粤BW7C43,113.945099,22.506599,978
粤BW7C43,113.943298,22.5075,981
粤BW7C43,113.945,22.5075,981
粤BW7C43,113.944199,22.5075,981
粤BW7C43,113.945297,22.508101,984
粤BW7C43,113.947998,22.5149,985
粤BW7C43,113.948799,22.5212,985
粤BW7C43,113.949097,22.5256,987
粤BW7C43,113.932899,22.5249,988
粤BW7C43,113.920303,22.5268,991
粤BW7C43,113.9189,22.527201,992
粤BW7C43,113.915298,22.527201,995
粤BW7C43,113.913902,22.5224,996
粤BW7C43,113.914001,22.5222,998
粤BW7C43,113.914001,22.5222,999
粤BW7C43,113.914001,22.5222,1000
粤BW7C43,113.914001,22.5222,1002
粤BW7C43,113.914597,22.526199,1003
粤BW7C43,113.914398,22.5233,1003
粤BW7C43,113.917297,22.527399,1003
粤BW7C43,113.928596,22.5249,1006
粤BW7C43,113.934502,22.5245,1007
粤BW7C43,113.933098,22.514299,1010
粤BW7C43,113.9328,22.513399,1011
粤BW7C43,113.932701,22.5128,1013
粤BW7C43,113.9328,22.5084,1014
粤BW7C43,113.936401,22.5079,1014
粤BW7C43,113.9459,22.5072,1028
粤BW7C43,113.9459,22.5072,1028
粤BW7C43,113.945999,22.507,1028
粤BW7C43,113.947197,22.511499,1035
粤BW7C43,113.951897,22.537901,1039
粤BW7C43,113.954201,22.541901,1039
粤BW7C43,113.953003,22.5555,1040
粤BW7C43,113.952599,22.556601,1042
粤BW7C43,113.9487,22.5562,1043
粤BW7C43,113.922798,22.555599,1046
粤BW7C43,113.928802,22.5553,1046
粤BW7C43,113.912903,22.553801,1051
粤BW7C43,113.912903,22.553801,1053
粤BW7C43,113.912903,22.553801,1053
粤BW7C43,113.912903,22.553801,1054
粤BW7C43,113.9114,22.552999,1057
粤BW7C43,113.910202,22.5525,1058
粤BW7C43,113.907303,22.5539,1062
粤BW7C43,113.9076,22.5525,1062
粤BW7C43,113.905602,22.5562,1064
粤BW7C43,113.907097,22.557899,1064
粤BW7C43,113.903603,22.562401,1068
粤BW7C43,113.903397,22.5625,1068
粤BW7C43,113.902802,22.563101,1069
粤BW7C43,113.903801,22.562,1072
粤BW7C43,113.898903,22.5578,1073
粤BW7C43,113.905197,22.555099,1076
粤BW7C43,113.903503,22.5576,1076
粤BW7C43,113.900597,22.559,1076
粤BW7C43,113.9114,22.544399,1080
粤BW7C43,113.914803,22.5434,1080
粤BW7C43,113.915298,22.541901,1083
粤BW7C43,113.915298,22.541901,1083
粤BW7C43,113.916199,22.5431,1084
粤BW7C43,113.919998,22.5431,1086
粤BW7C43,113.9291,22.5427,1087
粤BW7C43,113.924698,22.542801,1087
粤BW7C43,113.947701,22.5432,1091
粤BW7C43,113.953003,22.542601,1094
粤BW7C43,113.953201,22.540501,1095
粤BW7C43,113.952103,22.538401,1098
粤BW7C43,113.952103,22.538401,1098
粤BW7C43,113.949699,22.529301,1100
粤BW7C43,113.949097,22.5243,1101
粤BW7C43,113.950203,22.523399,1104
粤BW7C43,113.964401,22.5226,1105
粤BW7C43,113.988098,22.5243,1108
粤BW7C43,114.016502,22.5313,1111
粤BW7C43,114.029701,22.5303,1112
粤BW7C43,114.038399,22.5306,1113
粤BW7C43,114.039803,22.5308,1113
粤BW7C43,114.042099,22.531099,1115
粤BW7C43,114.044899,22.5308,1116
粤BW7C43,114.047897,22.5355,1117
粤BW7C43,114.047997,22.536501,1119
粤BW7C43,114.047997,22.536501,1119
粤BW7C43,114.047897,22.5368,1120
粤BW7C43,114.047997,22.537201,1121
粤BW7C43,114.047997,22.537201,1121
粤BW7C43,114.049301,22.5373,1123
粤BW7C43,114.050697,22.533501,1124
粤BW7C43,114.050697,22.533501,1124
粤BW7C43,114.051399,22.5313,1126
粤BW7C43,114.051399,22.5264,1127
粤BW7C43,114.051399,22.5264,1128
粤BW7C43,114.051399,22.5264,1128
粤BW7C43,114.051498,22.525801,1130
粤BW7C43,114.058197,22.5236,1134
粤BW7C43,114.0578,22.5236,1134
粤BW7C43,114.056702,22.523399,1135
粤BW7C43,114.051598,22.525299,1141
粤BW7C43,114.052597,22.5313,1145
粤BW7C43,114.0578,22.531401,1145
粤BW7C43,114.064598,22.531601,1146
粤BW7C43,114.0784,22.533501,1149
粤BW7C43,114.080299,22.5364,1149
粤BW7C43,114.084602,22.5373,1149
粤BW7C43,114.089203,22.5375,1150
粤BW7C43,114.111198,22.5359,1153
粤BW7C43,114.112198,22.5317,1156
粤BW7C43,114.111298,22.535299,1157
粤BW7C43,114.111298,22.535299,1157
粤BW7C43,114.110497,22.539,1160
粤BW7C43,114.111198,22.535801,1161
粤BW7C43,114.116699,22.5361,1164
粤BW7C43,114.117104,22.5366,1164
粤BW7C43,114.119202,22.537901,1165
粤BW7C43,114.137299,22.551201,1171
粤BW7C43,114.138397,22.552401,1171
粤BW7C43,114.1418,22.555599,1174
粤BW7C43,114.143898,22.5553,1175
粤BW7C43,114.143402,22.555401,1175
粤BW7C43,114.146301,22.555599,1177
粤BW7C43,114.146202,22.5571,1178
粤BW7C43,114.1465,22.5574,1178
粤BW7C43,114.151497,22.555099,1181
粤BW7C43,114.152603,22.5571,1182
粤BW7C43,114.155998,22.5597,1182
粤BW7C43,114.173897,22.562,1185
粤BW7C43,114.173897,22.562,1186
粤BW7C43,114.173897,22.562,1189
粤BW7C43,114.173897,22.562,1190
粤BW7C43,114.173897,22.562,1191
粤BW7C43,114.175697,22.5613,1192
粤BW7C43,114.183502,22.555799,1193
粤BW7C43,114.1791,22.558901,1193
粤BW7C43,114.183403,22.555599,1197
粤BW7C43,114.183403,22.555599,1197
粤BW7C43,114.183403,22.555599,1198
粤BW7C43,114.183403,22.555599,1198
粤BW7C43,114.183403,22.555599,1199
粤BW7C43,114.183403,22.555599,1202
粤BW7C43,114.183403,22.555599,1203
粤BW7C43,114.183403,22.555599,1204
粤BW7C43,114.183403,22.555599,1205
粤BW7C43,114.183403,22.555599,1206
粤BW7C43,114.183403,22.555599,1206
粤BW7C43,114.183403,22.555599,1207
粤BW7C43,114.183403,22.555599,1207
粤BW7C43,114.183403,22.555599,1208
粤BW7C43,114.183403,22.555599,1209
粤BW7C43,114.183403,22.555599,1209
粤BW7C43,114.183403,22.555599,1209
粤BW7C43,114.183403,22.555599,1210
粤BW7C43,114.183403,22.555599,1210
粤BW7C43,114.183403,22.555599,1210
粤BW7C43,114.183403,22.555599,1212
粤BW7C43,114.183403,22.555599,1212
粤BW7C43,114.183403,22.555599,1213
粤BW7C43,114.183403,22.555599,1213
粤BW7C43,114.183403,22.555599,1214
粤BW7C43,114.183403,22.555599,1216
粤BW7C43,114.183403,22.555599,1216
粤BW7C43,114.183403,22.555599,1216
粤BW7C43,114.183403,22.555599,1217
粤BW7C43,114.183403,22.555599,1217
粤BW7C43,114.183403,22.555599,1221
粤BW7C43,114.183403,22.555599,1221
粤BW7C43,114.183403,22.555599,1222
粤BW7C43,114.183403,22.555599,1222
粤BW7C43,114.183403,22.555599,1223
粤BW7C43,114.183403,22.555599,1224
粤BW7C43,114.183403,22.555599,1224
粤BW7C43,114.183403,22.555599,1224
粤BW7C43,114.183403,22.555599,1225
粤BW7C43,114.183403,22.555599,1225
粤BW7C43,114.183403,22.555599,1225
粤BW7C43,114.183403,22.555599,1228
粤BW7C43,114.183403,22.555599,1229
粤BW7C43,114.183403,22.555599,1230
粤BW7C43,114.183403,22.555599,1231
粤BW7C43,114.183403,22.555599,1231
粤BW7C43,114.183403,22.555599,1232
粤BW7C43,114.183403,22.555599,1233
粤BW7C43,114.183403,22.555599,1233
粤BW7C43,114.183403,22.555599,1234
粤BW7C43,114.183403,22.555599,1235
粤BW7C43,114.183403,22.555599,1235
粤BW7C43,114.183403,22.555599,1236
粤BW7C43,114.183403,22.555599,1238
粤BW7C43,114.183403,22.555599,1239
粤BW7C43,114.183403,22.555599,1240
粤BW7C43,114.183403,22.555599,1242
粤BW7C43,114.183403,22.555599,1242
粤BW7C43,114.183403,22.555599,1242
粤BW7C43,114.183403,22.555599,1245
粤BW7C43,114.183403,22.555599,1246
粤BW7C43,114.183403,22.555599,1246
粤BW7C43,114.183403,22.555599,1247
粤BW7C43,114.183403,22.555599,1248
粤BW7C43,114.183403,22.555599,1248
粤BW7C43,114.183403,22.555599,1249
粤BW7C43,114.183403,22.555599,1250
粤BW7C43,114.183403,22.555599,1252
粤BW7C43,114.183403,22.555599,1252
粤BW7C43,114.183403,22.555599,1253
粤BW7C43,114.183403,22.555599,1256
粤BW7C43,114.183403,22.555599,1256
粤BW7C43,114.183403,22.555599,1257
粤BW7C43,114.183403,22.555599,1260
粤BW7C43,114.183403,22.555599,1260
粤BW7C43,114.183403,22.555599,1261
粤BW7C43,114.183403,22.555599,1262
粤BW7C43,114.183403,22.555599,1263
粤BW7C43,114.183403,22.555599,1264
粤BW7C43,114.183403,22.555599,1265
粤BW7C43,114.183403,22.555599,1265
粤BW7C43,114.183403,22.555599,1265
粤BW7C43,114.183403,22.555599,1266
粤BW7C43,114.183403,22.555599,1267
粤BW7C43,114.183403,22.555599,1267
粤BW7C43,114.183403,22.555599,1268
粤BW7C43,114.183403,22.555599,1268
粤BW7C43,114.183403,22.555599,1271
粤BW7C43,114.183403,22.555599,1271
粤BW7C43,114.183403,22.555599,1272
粤BW7C43,114.183403,22.555599,1272
粤BW7C43,114.183403,22.555599,1273
粤BW7C43,114.183403,22.555599,1274
粤BW7C43,114.183403,22.555599,1275
粤BW7C43,114.183403,22.555599,1275
粤BW7C43,114.183403,22.555599,1275
粤BW7C43,114.183403,22.555599,1278
粤BW7C43,114.183403,22.555599,1278
粤BW7C43,114.183403,22.555599,1279
粤BW7C43,114.183403,22.555599,1279
粤BW7C43,114.183403,22.555599,1281
粤BW7C43,114.183403,22.555599,1282
粤BW7C43,114.183403,22.555599,1282
粤BW7C43,114.183403,22.555599,1283
粤BW7C43,114.183403,22.555599,1285
粤BW7C43,114.183403,22.555599,1285
粤BW7C43,114.183403,22.555599,1285
粤BW7C43,114.183403,22.555599,1286
粤BW7C43,114.183403,22.555599,1286
粤BW7C43,114.183403,22.555599,1288
粤BW7C43,114.183403,22.555599,1288
粤BW7C43,114.183403,22.555599,1291
粤BW7C43,114.183403,22.555599,1292
粤BW7C43,114.183403,22.555599,1292
粤BW7C43,114.183403,22.555599,1292
粤BW7C43,114.183403,22.555599,1294
粤BW7C43,114.183403,22.555599,1295
粤BW7C43,114.183403,22.555599,1298
粤BW7C43,114.183403,22.555599,1298
粤BW7C43,114.183403,22.555599,1298
粤BW7C43,114.183403,22.555599,1299
粤BW7C43,114.183403,22.555599,1302
粤BW7C43,114.183403,22.555599,1302
粤BW7C43,114.183403,22.555599,1303
粤BW7C43,114.183403,22.555599,1303
粤BW7C43,114.183403,22.555599,1308
粤BW7C43,114.183403,22.555599,1309
粤BW7C43,114.183403,22.555599,1310
粤BW7C43,114.183403,22.555599,1310
粤BW7C43,114.183403,22.555599,1311
粤BW7C43,114.183403,22.555599,1313
粤BW7C43,114.183403,22.555599,1314
粤BW7C43,114.183403,22.555599,1314
粤BW7C43,114.183403,22.555599,1315
粤BW7C43,114.183403,22.555599,1315
粤BW7C43,114.183403,22.555599,1317
粤BW7C43,114.183403,22.555599,1317
粤BW7C43,114.183403,22.555599,1317
粤BW7C43,114.183403,22.555599,1318
粤BW7C43,114.183403,22.555599,1318
粤BW7C43,114.183403,22.555599,1325
粤BW7C43,114.183403,22.555599,1325
粤BW7C43,114.183403,22.555599,1327
粤BW7C43,114.183403,22.555599,1330
粤BW7C43,114.183403,22.555599,1331
粤BW7C43,114.183403,22.555599,1331
粤BW7C43,114.183403,22.555599,1332
粤BW7C43,114.183403,22.555599,1333
粤BW7C43,114.183403,22.555599,1334
粤BW7C43,114.183403,22.555599,1334
粤BW7C43,114.183403,22.555599,1335
粤BW7C43,114.183403,22.555599,1335
粤BW7C43,114.183403,22.555599,1338
粤BW7C43,114.183403,22.555599,1340
粤BW7C43,114.183403,22.555599,1341
粤BW7C43,114.183403,22.555599,1341
粤BW7C43,114.183403,22.555599,1342
粤BW7C43,114.183403,22.555599,1342
粤BW7C43,114.183403,22.555599,1344
粤BW7C43,114.183403,22.555599,1344
粤BW7C43,114.183403,22.555599,1344
粤BW7C43,114.183403,22.555599,1345
粤BW7C43,114.183403,22.555599,1346
粤BW7C43,114.183403,22.555599,1348
粤BW7C43,114.183403,22.555599,1349
粤BW7C43,114.183403,22.555599,1349
粤BW7C43,114.183403,22.555599,1351
粤BW7C43,114.183403,22.555599,1352
粤BW7C43,114.183403,22.555599,1353
粤BW7C43,114.183403,22.555599,1353
粤BW7C43,114.183403,22.555599,1358
粤BW7C43,114.183403,22.555599,1359
粤BW7C43,114.183403,22.555599,1359
粤BW7C43,114.183403,22.555599,1360
粤BW7C43,114.183403,22.555599,1365
粤BW7C43,114.183403,22.555599,1365
粤BW7C43,114.183403,22.555599,1365
粤BW7C43,114.183403,22.555599,1366
粤BW7C43,114.183403,22.555599,1366
粤BW7C43,114.183403,22.555599,1368
粤BW7C43,114.183403,22.555599,1368
粤BW7C43,114.183403,22.555599,1368
粤BW7C43,114.183403,22.555599,1369
粤BW7C43,114.183403,22.555599,1372
粤BW7C43,114.183403,22.555599,1372
粤BW7C43,114.183403,22.555599,1372
粤BW7C43,114.183403,22.555599,1373
粤BW7C43,114.183403,22.555599,1373
粤BW7C43,114.183403,22.555599,1374
粤BW7C43,114.183403,22.555599,1376
粤BW7C43,114.183403,22.555599,1376
粤BW7C43,114.183403,22.555599,1377
粤BW7C43,114.183403,22.555599,1377
粤BW7C43,114.183403,22.555599,1377
粤BW7C43,114.183403,22.555599,1378
粤BW7C43,114.183403,22.555599,1378
粤BW7C43,114.183403,22.555599,1380
粤BW7C43,114.183403,22.555599,1380
粤BW7C43,114.183403,22.555599,1381
粤BW7C43,114.183403,22.555599,1381
粤BW7C43,114.183403,22.555599,1383
粤BW7C43,114.183403,22.555599,1384
粤BW7C43,114.183403,22.555599,1384
粤BW7C43,114.183403,22.555599,1384
粤BW7C43,114.183403,22.555599,1385
粤BW7C43,114.183403,22.555599,1385
粤BW7C43,114.183403,22.555599,1387
粤BW7C43,114.183403,22.555599,1388
粤BW7C43,114.183403,22.555599,1388
粤BW7C43,114.183403,22.555599,1388
粤BW7C43,114.183403,22.555599,1390
粤BW7C43,114.183403,22.555599,1390
粤BW7C43,114.183403,22.555599,1391
粤BW7C43,114.183403,22.555599,1391
粤BW7C43,114.183403,22.555599,1391
粤BW7C43,114.183403,22.555599,1393
粤BW7C43,114.183403,22.555599,1394
粤BW7C43,114.183403,22.555599,1394
粤BW7C43,114.183403,22.555599,1395
粤BW7C43,114.183403,22.555599,1395
粤BW7C43,114.183403,22.555599,1397
粤BW7C43,114.183403,22.555599,1398
粤BW7C43,114.183403,22.555599,1399
粤BW7C43,114.183403,22.555599,1401
粤BW7C43,114.183403,22.555599,1401
粤BW7C43,114.183403,22.555599,1402
粤BW7C43,114.183403,22.555599,1402
粤BW7C43,114.183403,22.555599,1404
粤BW7C43,114.183403,22.555599,1405
粤BW7C43,114.183403,22.555599,1405
粤BW7C43,114.183403,22.555599,1406
粤BW7C43,114.183403,22.555599,1406
粤BW7C43,114.183403,22.555599,1411
粤BW7C43,114.183403,22.555599,1411
粤BW7C43,114.183403,22.555599,1413
粤BW7C43,114.183403,22.555599,1413
粤BW7C43,114.183403,22.555599,1414
粤BW7C43,114.183403,22.555599,1414
粤BW7C43,114.183403,22.555599,1415
粤BW7C43,114.183403,22.555599,1416
粤BW7C43,114.183403,22.555599,1417
粤BW7C43,114.183403,22.555599,1419
粤BW7C43,114.183403,22.555599,1422
粤BW7C43,114.183403,22.555599,1422
粤BW7C43,114.183403,22.555599,1422
粤BW7C43,114.183403,22.555599,1423
粤BW7C43,114.183403,22.555599,1423
粤BW7C43,114.183403,22.555599,1423
粤BW7C43,114.183403,22.555599,1424
粤BW7C43,114.183403,22.555599,1425
粤BW7C43,114.183403,22.555599,1426
粤BW7C43,114.183403,22.555599,1426
粤BW7C43,114.183403,22.555599,1427
粤BW7C43,114.183403,22.555599,1429
粤BW7C43,114.183403,22.555599,1429
粤BW7C43,114.183403,22.555599,1429
粤BW7C43,114.183403,22.555599,1430
粤BW7C43,114.183403,22.555599,1431
粤BW7C43,114.183403,22.555599,1433
粤BW7C43,114.183403,22.555599,1433
粤BW7C43,114.183403,22.555599,1433
粤BW7C43,114.183403,22.555599,1434
