粤B3FP75,114.364685,22.69268,3
粤B3FP75,114.364685,22.69268,13
粤B3FP75,114.364685,22.69268,18
粤B3FP75,114.364685,22.69268,19
粤B3FP75,114.364685,22.69268,24
粤B3FP75,114.364685,22.69268,30
粤B3FP75,114.364685,22.69268,35
粤B3FP75,114.364685,22.69268,36
粤B3FP75,114.364685,22.69268,42
粤B3FP75,114.364685,22.69268,48
粤B3FP75,114.364685,22.69268,51
粤B3FP75,114.364685,22.69268,54
粤B3FP75,114.364685,22.69268,60
粤B3FP75,114.364685,22.69268,66
粤B3FP75,114.364685,22.69268,66
粤B3FP75,114.364685,22.69268,72
粤B3FP75,114.364685,22.69268,78
粤B3FP75,114.364685,22.69268,82
粤B3FP75,114.364685,22.69268,84
粤B3FP75,114.364685,22.69268,90
粤B3FP75,114.364685,22.69268,96
粤B3FP75,114.364685,22.69268,98
粤B3FP75,114.364685,22.69268,102
粤B3FP75,114.364685,22.69268,108
粤B3FP75,114.364685,22.69268,113
粤B3FP75,114.364685,22.69268,113
粤B3FP75,114.364685,22.69268,120
粤B3FP75,114.364685,22.69268,126
粤B3FP75,114.364685,22.69268,129
粤B3FP75,114.364685,22.69268,131
粤B3FP75,114.364685,22.69268,137
粤B3FP75,114.364685,22.69268,143
粤B3FP75,114.364685,22.69268,145
粤B3FP75,114.364685,22.69268,149
粤B3FP75,114.364685,22.69268,155
粤B3FP75,114.364685,22.69268,161
粤B3FP75,114.364685,22.69268,161
粤B3FP75,114.364685,22.69268,167
粤B3FP75,114.364685,22.69268,173
粤B3FP75,114.364685,22.69268,179
粤B3FP75,114.364685,22.69268,192
粤B3FP75,114.364685,22.69268,197
粤B3FP75,114.364685,22.69268,203
粤B3FP75,114.364685,22.69268,208
粤B3FP75,114.364685,22.69268,209
粤B3FP75,114.364685,22.69268,215
粤B3FP75,114.364685,22.69268,221
粤B3FP75,114.364685,22.69268,224
粤B3FP75,114.364685,22.69268,227
粤B3FP75,114.364685,22.69268,233
粤B3FP75,114.364685,22.69268,239
粤B3FP75,114.364685,22.69268,239
粤B3FP75,114.364685,22.69268,245
粤B3FP75,114.364685,22.69268,251
粤B3FP75,114.364685,22.69268,255
粤B3FP75,114.364685,22.69268,257
粤B3FP75,114.364685,22.69268,263
粤B3FP75,114.364685,22.69268,269
粤B3FP75,114.364685,22.69268,271
粤B3FP75,114.364685,22.69268,275
粤B3FP75,114.364685,22.69268,281
粤B3FP75,114.364685,22.69268,287
粤B3FP75,114.364685,22.69268,287
粤B3FP75,114.364685,22.69268,293
粤B3FP75,114.364685,22.69268,299
粤B3FP75,114.364685,22.69268,302
粤B3FP75,114.364685,22.69268,305
粤B3FP75,114.364685,22.69268,311
粤B3FP75,114.364685,22.69268,317
粤B3FP75,114.364685,22.69268,318
粤B3FP75,114.364685,22.69268,322
粤B3FP75,114.364685,22.69268,328
粤B3FP75,114.364685,22.69268,334
粤B3FP75,114.364685,22.69268,334
粤B3FP75,114.364685,22.69268,340
粤B3FP75,114.364685,22.69268,346
粤B3FP75,114.364685,22.69268,350
粤B3FP75,114.364685,22.69268,352
粤B3FP75,114.364685,22.69268,358
粤B3FP75,114.364685,22.69268,364
粤B3FP75,114.364685,22.69268,365
粤B3FP75,114.364685,22.69268,370
粤B3FP75,114.364685,22.69268,376
粤B3FP75,114.364685,22.69268,381
粤B3FP75,114.364685,22.69268,382
粤B3FP75,114.364685,22.69268,388
粤B3FP75,114.364685,22.69268,394
粤B3FP75,114.364685,22.69268,397
粤B3FP75,114.364685,22.69268,400
粤B3FP75,114.364685,22.69268,406
粤B3FP75,114.364685,22.69268,412
粤B3FP75,114.364685,22.69268,413
粤B3FP75,114.364685,22.69268,417
粤B3FP75,114.364685,22.69268,423
粤B3FP75,114.364685,22.69268,428
粤B3FP75,114.364685,22.69268,429
粤B3FP75,114.364685,22.69268,435
粤B3FP75,114.364685,22.69268,441
粤B3FP75,114.364685,22.69268,444
粤B3FP75,114.364685,22.69268,447
粤B3FP75,114.364685,22.69268,453
粤B3FP75,114.364685,22.69268,459
粤B3FP75,114.364685,22.69268,460
粤B3FP75,114.364685,22.69268,465
粤B3FP75,114.364685,22.69268,471
粤B3FP75,114.364685,22.69268,477
粤B3FP75,114.364685,22.69268,483
粤B3FP75,114.364685,22.69268,489
粤B3FP75,114.364685,22.69268,491
粤B3FP75,114.364685,22.69268,495
粤B3FP75,114.364685,22.69268,501
粤B3FP75,114.364685,22.69268,507
粤B3FP75,114.364685,22.69268,507
粤B3FP75,114.364685,22.69268,513
粤B3FP75,114.364685,22.69268,519
粤B3FP75,114.364685,22.69268,523
粤B3FP75,114.364685,22.69268,525
粤B3FP75,114.364685,22.69268,537
粤B3FP75,114.364685,22.69268,538
粤B3FP75,114.364685,22.69268,549
粤B3FP75,114.364685,22.69268,554
粤B3FP75,114.364685,22.69268,555
粤B3FP75,114.364685,22.69268,561
粤B3FP75,114.364685,22.69268,567
粤B3FP75,114.364685,22.69268,570
粤B3FP75,114.364685,22.69268,573
粤B3FP75,114.364685,22.69268,579
粤B3FP75,114.364685,22.69268,584
粤B3FP75,114.364685,22.69268,585
粤B3FP75,114.364685,22.69268,590
粤B3FP75,114.364685,22.69268,596
粤B3FP75,114.364685,22.69268,601
粤B3FP75,114.364685,22.69268,608
粤B3FP75,114.364685,22.69268,614
粤B3FP75,114.364685,22.69268,617
粤B3FP75,114.364685,22.69268,620
粤B3FP75,114.364685,22.69268,625
粤B3FP75,114.364685,22.69268,626
粤B3FP75,114.364685,22.69268,632
粤B3FP75,114.364685,22.69268,641
粤B3FP75,114.364685,22.69268,642
粤B3FP75,114.364685,22.69268,648
粤B3FP75,114.364685,22.69268,654
粤B3FP75,114.364685,22.69268,656
粤B3FP75,114.364685,22.69268,660
粤B3FP75,114.364685,22.69268,666
粤B3FP75,114.364685,22.69268,672
粤B3FP75,114.364685,22.69268,672
粤B3FP75,114.364685,22.69268,678
粤B3FP75,114.364685,22.69268,684
粤B3FP75,114.364685,22.69268,688
粤B3FP75,114.364685,22.69268,690
粤B3FP75,114.364685,22.69268,696
粤B3FP75,114.364685,22.69268,702
粤B3FP75,114.364685,22.69268,704
粤B3FP75,114.364685,22.69268,708
粤B3FP75,114.364685,22.69268,714
粤B3FP75,114.364685,22.69268,719
粤B3FP75,114.364685,22.69268,720
粤B3FP75,114.364685,22.69268,726
粤B3FP75,114.364685,22.69268,732
粤B3FP75,114.364685,22.69268,735
粤B3FP75,114.364685,22.69268,738
粤B3FP75,114.364685,22.69268,744
粤B3FP75,114.364685,22.69268,750
粤B3FP75,114.364685,22.69268,751
粤B3FP75,114.364685,22.69268,756
粤B3FP75,114.364685,22.69268,762
粤B3FP75,114.364685,22.69268,766
粤B3FP75,114.364685,22.69268,768
粤B3FP75,114.364685,22.69268,774
粤B3FP75,114.364685,22.69268,780
粤B3FP75,114.364685,22.69268,782
粤B3FP75,114.364685,22.69268,786
粤B3FP75,114.364685,22.69268,792
粤B3FP75,114.364685,22.69268,798
粤B3FP75,114.364685,22.69268,798
粤B3FP75,114.364685,22.69268,804
粤B3FP75,114.364685,22.69268,810
粤B3FP75,114.364685,22.69268,814
粤B3FP75,114.364685,22.69268,816
粤B3FP75,114.364685,22.69268,822
粤B3FP75,114.364685,22.69268,828
粤B3FP75,114.364685,22.69268,834
粤B3FP75,114.364685,22.69268,845
粤B3FP75,114.364685,22.69268,846
粤B3FP75,114.364685,22.69268,852
粤B3FP75,114.364685,22.69268,858
粤B3FP75,114.364685,22.69268,861
粤B3FP75,114.364685,22.69268,864
粤B3FP75,114.364685,22.69268,870
粤B3FP75,114.364685,22.69268,876
粤B3FP75,114.364685,22.69268,877
粤B3FP75,114.364685,22.69268,882
粤B3FP75,114.364685,22.69268,888
粤B3FP75,114.364685,22.69268,894
粤B3FP75,114.364685,22.69268,900
粤B3FP75,114.364685,22.69268,908
粤B3FP75,114.364685,22.69268,912
粤B3FP75,114.364685,22.69268,918
粤B3FP75,114.364685,22.69268,924
粤B3FP75,114.364685,22.69268,924
粤B3FP75,114.364685,22.69268,930
粤B3FP75,114.364685,22.69268,936
粤B3FP75,114.364685,22.69268,940
粤B3FP75,114.364685,22.69268,942
粤B3FP75,114.364685,22.69268,948
粤B3FP75,114.364685,22.69268,953
粤B3FP75,114.364685,22.69268,955
粤B3FP75,114.364685,22.69268,960
粤B3FP75,114.364685,22.69268,966
粤B3FP75,114.364685,22.69268,971
粤B3FP75,114.364685,22.69268,972
粤B3FP75,114.364685,22.69268,978
粤B3FP75,114.364685,22.69268,984
粤B3FP75,114.364685,22.69268,987
粤B3FP75,114.364685,22.69268,989
粤B3FP75,114.364685,22.69268,995
粤B3FP75,114.364685,22.69268,1001
粤B3FP75,114.364685,22.69268,1002
粤B3FP75,114.364685,22.69268,1007
粤B3FP75,114.364685,22.69268,1013
粤B3FP75,114.364685,22.69268,1019
粤B3FP75,114.364685,22.69268,1031
粤B3FP75,114.364685,22.69268,1034
粤B3FP75,114.364685,22.69268,1037
粤B3FP75,114.364685,22.69268,1043
粤B3FP75,114.364685,22.69268,1049
粤B3FP75,114.364685,22.69268,1050
粤B3FP75,114.364685,22.69268,1055
粤B3FP75,114.364685,22.69268,1061
粤B3FP75,114.364685,22.69268,1065
粤B3FP75,114.364685,22.69268,1067
粤B3FP75,114.364685,22.69268,1073
粤B3FP75,114.364685,22.69268,1079
粤B3FP75,114.364685,22.69268,1081
粤B3FP75,114.364685,22.69268,1085
粤B3FP75,114.364685,22.69268,1091
粤B3FP75,114.364685,22.69268,1097
粤B3FP75,114.364685,22.69268,1097
粤B3FP75,114.364685,22.69268,1103
粤B3FP75,114.364685,22.69268,1109
粤B3FP75,114.364685,22.69268,1113
粤B3FP75,114.364685,22.69268,1115
粤B3FP75,114.364685,22.69268,1121
粤B3FP75,114.364685,22.69268,1127
粤B3FP75,114.364685,22.69268,1133
粤B3FP75,114.364685,22.69268,1144
粤B3FP75,114.364685,22.69268,1145
粤B3FP75,114.364685,22.69268,1151
粤B3FP75,114.364685,22.69268,1157
粤B3FP75,114.364685,22.69268,1160
粤B3FP75,114.364685,22.69268,1163
粤B3FP75,114.364685,22.69268,1169
粤B3FP75,114.364685,22.69268,1175
粤B3FP75,114.364685,22.69268,1176
粤B3FP75,114.364685,22.69268,1181
粤B3FP75,114.364685,22.69268,1187
粤B3FP75,114.364685,22.69268,1191
粤B3FP75,114.364685,22.69268,1193
粤B3FP75,114.364685,22.69268,1198
粤B3FP75,114.364685,22.69268,1204
粤B3FP75,114.364685,22.69268,1207
粤B3FP75,114.364685,22.69268,1210
粤B3FP75,114.364685,22.69268,1216
粤B3FP75,114.364685,22.69268,1222
粤B3FP75,114.364685,22.69268,1223
粤B3FP75,114.364685,22.69268,1228
粤B3FP75,114.364685,22.69268,1234
粤B3FP75,114.364685,22.69268,1239
粤B3FP75,114.364685,22.69268,1240
粤B3FP75,114.364685,22.69268,1246
粤B3FP75,114.364685,22.69268,1252
粤B3FP75,114.364685,22.69268,1254
粤B3FP75,114.364685,22.69268,1258
粤B3FP75,114.364685,22.69268,1264
粤B3FP75,114.364685,22.69268,1270
粤B3FP75,114.364685,22.69268,1270
粤B3FP75,114.364685,22.69268,1276
粤B3FP75,114.364685,22.69268,1282
粤B3FP75,114.364685,22.69268,1286
粤B3FP75,114.364685,22.69268,1288
粤B3FP75,114.364685,22.69268,1294
粤B3FP75,114.364685,22.69268,1300
粤B3FP75,114.364685,22.69268,1301
粤B3FP75,114.364685,22.69268,1306
粤B3FP75,114.364685,22.69268,1312
粤B3FP75,114.364685,22.69268,1317
粤B3FP75,114.364685,22.69268,1318
粤B3FP75,114.364685,22.69268,1323
粤B3FP75,114.364685,22.69268,1329
粤B3FP75,114.364685,22.69268,1333
粤B3FP75,114.364685,22.69268,1335
粤B3FP75,114.364685,22.69268,1341
粤B3FP75,114.364685,22.69268,1347
粤B3FP75,114.364685,22.69268,1349
粤B3FP75,114.364685,22.69268,1353
粤B3FP75,114.364685,22.69268,1359
粤B3FP75,114.364685,22.69268,1365
粤B3FP75,114.364685,22.69268,1371
粤B3FP75,114.364685,22.69268,1377
粤B3FP75,114.364685,22.69268,1380
粤B3FP75,114.364685,22.69268,1383
粤B3FP75,114.364685,22.69268,1389
粤B3FP75,114.364685,22.69268,1395
粤B3FP75,114.364685,22.69268,1396
粤B3FP75,114.364685,22.69268,1401
粤B3FP75,114.364685,22.69268,1407
粤B3FP75,114.364685,22.69268,1412
粤B3FP75,114.364685,22.69268,1413
粤B3FP75,114.364685,22.69268,1419
粤B3FP75,114.364685,22.69268,1425
粤B3FP75,114.364685,22.69268,1431
粤B3FP75,114.364685,22.69268,1437
