粤B7WK83,114.068832,22.6322,7
粤B7WK83,114.068832,22.6322,8
粤B7WK83,114.068832,22.6322,8
粤B7WK83,114.068832,22.6322,8
粤B7WK83,114.068832,22.6322,8
粤B7WK83,114.068832,22.6322,9
粤B7WK83,114.068832,22.6322,9
粤B7WK83,114.068832,22.6322,9
粤B7WK83,114.068832,22.6322,9
粤B7WK83,114.068832,22.6322,10
粤B7WK83,114.068832,22.6322,10
粤B7WK83,114.068832,22.6322,10
粤B7WK83,114.068832,22.6322,10
粤B7WK83,114.068832,22.6322,11
粤B7WK83,114.068832,22.6322,11
粤B7WK83,114.068832,22.6322,11
粤B7WK83,114.068832,22.6322,11
粤B7WK83,114.068832,22.6322,12
粤B7WK83,114.068832,22.6322,12
粤B7WK83,114.068832,22.6322,12
粤B7WK83,114.068832,22.6322,12
粤B7WK83,114.068932,22.632099,13
粤B7WK83,114.068932,22.632099,13
粤B7WK83,114.068932,22.632099,13
粤B7WK83,114.068932,22.632099,13
粤B7WK83,114.068932,22.632099,14
粤B7WK83,114.068932,22.632099,14
粤B7WK83,114.068932,22.632099,14
粤B7WK83,114.068932,22.632099,14
粤B7WK83,114.068932,22.632099,15
粤B7WK83,114.068932,22.632099,15
粤B7WK83,114.068932,22.632099,15
粤B7WK83,114.068932,22.632099,15
粤B7WK83,114.068932,22.632099,16
粤B7WK83,114.068932,22.632099,16
粤B7WK83,114.068932,22.632099,16
粤B7WK83,114.068932,22.632099,16
粤B7WK83,114.068848,22.632233,17
粤B7WK83,114.068848,22.632233,17
粤B7WK83,114.068848,22.632233,17
粤B7WK83,114.068848,22.632233,17
粤B7WK83,114.068848,22.632233,18
粤B7WK83,114.069054,22.632133,18
粤B7WK83,114.069054,22.632133,18
粤B7WK83,114.069054,22.632133,18
粤B7WK83,114.069054,22.632133,19
粤B7WK83,114.069054,22.632133,19
粤B7WK83,114.069054,22.632133,19
粤B7WK83,114.069054,22.632133,19
粤B7WK83,114.069054,22.632133,20
粤B7WK83,114.069054,22.632133,20
粤B7WK83,114.069054,22.632133,20
粤B7WK83,114.069054,22.632133,20
粤B7WK83,114.069054,22.632133,21
粤B7WK83,114.069054,22.632133,21
粤B7WK83,114.069054,22.632133,21
粤B7WK83,114.069054,22.632133,21
粤B7WK83,114.069054,22.632133,22
粤B7WK83,114.069054,22.632133,22
粤B7WK83,114.069054,22.632133,22
粤B7WK83,114.069054,22.632133,22
粤B7WK83,114.069054,22.632133,23
粤B7WK83,114.069054,22.632133,23
粤B7WK83,114.069054,22.632133,23
粤B7WK83,114.069054,22.632133,23
粤B7WK83,114.069054,22.632133,24
粤B7WK83,114.069054,22.632133,24
粤B7WK83,114.069054,22.632133,24
粤B7WK83,114.069054,22.632133,24
粤B7WK83,114.069054,22.632133,25
粤B7WK83,114.069054,22.632133,25
粤B7WK83,114.069054,22.632133,25
粤B7WK83,114.069054,22.632133,25
粤B7WK83,114.069054,22.632133,26
粤B7WK83,114.069054,22.632133,26
粤B7WK83,114.069069,22.63205,26
粤B7WK83,114.069069,22.63205,26
粤B7WK83,114.069069,22.63205,27
粤B7WK83,114.069069,22.63205,27
粤B7WK83,114.069069,22.63205,27
粤B7WK83,114.069031,22.632168,27
粤B7WK83,114.069031,22.632168,28
粤B7WK83,114.069031,22.632168,28
粤B7WK83,114.069031,22.632168,28
粤B7WK83,114.069031,22.632168,28
粤B7WK83,114.069031,22.632168,29
粤B7WK83,114.069031,22.632168,29
粤B7WK83,114.069031,22.632168,29
粤B7WK83,114.069031,22.632168,29
粤B7WK83,114.069031,22.632168,30
粤B7WK83,114.069031,22.632168,30
粤B7WK83,114.069031,22.632168,30
粤B7WK83,114.069031,22.632168,30
粤B7WK83,114.069031,22.632168,31
粤B7WK83,114.069031,22.632168,31
粤B7WK83,114.069031,22.632168,31
粤B7WK83,114.069031,22.632168,31
粤B7WK83,114.069031,22.632168,32
粤B7WK83,114.068848,22.632233,32
粤B7WK83,114.069031,22.632168,32
粤B7WK83,114.069031,22.632168,32
粤B7WK83,114.068848,22.632233,33
粤B7WK83,114.068848,22.632233,33
粤B7WK83,114.068848,22.632233,33
粤B7WK83,114.068848,22.632233,33
粤B7WK83,114.069016,22.6322,34
粤B7WK83,114.069016,22.6322,34
粤B7WK83,114.068848,22.632233,34
粤B7WK83,114.068848,22.632233,34
粤B7WK83,114.069016,22.6322,35
粤B7WK83,114.069016,22.6322,35
粤B7WK83,114.069016,22.6322,35
粤B7WK83,114.069016,22.6322,35
粤B7WK83,114.069016,22.6322,36
粤B7WK83,114.069016,22.6322,36
粤B7WK83,114.069016,22.6322,36
粤B7WK83,114.069016,22.6322,36
粤B7WK83,114.069016,22.6322,37
粤B7WK83,114.069016,22.6322,37
粤B7WK83,114.069016,22.6322,37
粤B7WK83,114.069016,22.6322,37
粤B7WK83,114.069016,22.6322,38
粤B7WK83,114.069016,22.6322,38
粤B7WK83,114.069016,22.6322,38
粤B7WK83,114.069016,22.6322,38
粤B7WK83,114.069016,22.6322,39
粤B7WK83,114.069016,22.6322,39
粤B7WK83,114.069016,22.6322,39
粤B7WK83,114.069016,22.6322,39
粤B7WK83,114.069016,22.6322,40
粤B7WK83,114.069016,22.6322,40
粤B7WK83,114.069016,22.6322,40
粤B7WK83,114.069016,22.6322,40
粤B7WK83,114.069016,22.6322,41
粤B7WK83,114.069016,22.6322,41
粤B7WK83,114.069016,22.6322,41
粤B7WK83,114.069016,22.6322,41
粤B7WK83,114.069016,22.6322,42
粤B7WK83,114.069016,22.6322,42
粤B7WK83,114.069016,22.6322,42
粤B7WK83,114.069016,22.6322,42
粤B7WK83,114.068932,22.632168,43
粤B7WK83,114.068932,22.632168,43
粤B7WK83,114.069016,22.6322,43
粤B7WK83,114.068932,22.632168,43
粤B7WK83,114.068932,22.632168,44
粤B7WK83,114.068932,22.632168,44
粤B7WK83,114.068932,22.632168,44
粤B7WK83,114.069016,22.632084,44
粤B7WK83,114.069016,22.632084,45
粤B7WK83,114.069016,22.632084,45
粤B7WK83,114.069016,22.632084,45
粤B7WK83,114.069016,22.632084,45
粤B7WK83,114.069016,22.632084,46
粤B7WK83,114.069016,22.632084,46
粤B7WK83,114.069016,22.632084,46
粤B7WK83,114.069016,22.632084,46
粤B7WK83,114.069016,22.632084,47
粤B7WK83,114.069016,22.632084,47
粤B7WK83,114.069016,22.632084,47
粤B7WK83,114.069016,22.632084,47
粤B7WK83,114.069016,22.632084,48
粤B7WK83,114.069016,22.632084,48
粤B7WK83,114.069016,22.632084,48
粤B7WK83,114.069016,22.632084,48
粤B7WK83,114.069016,22.632084,49
粤B7WK83,114.069016,22.632084,49
粤B7WK83,114.069016,22.632084,49
粤B7WK83,114.069016,22.632084,49
粤B7WK83,114.069016,22.632084,50
粤B7WK83,114.069016,22.632084,50
粤B7WK83,114.069016,22.632084,50
粤B7WK83,114.069016,22.632084,50
粤B7WK83,114.069016,22.632084,51
粤B7WK83,114.069016,22.632084,51
粤B7WK83,114.069016,22.632084,51
粤B7WK83,114.069016,22.632084,51
粤B7WK83,114.069016,22.632084,52
粤B7WK83,114.069016,22.632084,52
粤B7WK83,114.069016,22.632084,52
粤B7WK83,114.069016,22.632084,52
粤B7WK83,114.069016,22.632084,53
粤B7WK83,114.069016,22.632084,53
粤B7WK83,114.069016,22.632084,53
粤B7WK83,114.069016,22.632084,53
粤B7WK83,114.069016,22.632084,54
粤B7WK83,114.069016,22.632084,54
粤B7WK83,114.069016,22.632084,54
粤B7WK83,114.069016,22.632084,54
粤B7WK83,114.069016,22.632084,55
粤B7WK83,114.069016,22.632084,55
粤B7WK83,114.069016,22.632084,55
粤B7WK83,114.069016,22.632084,55
粤B7WK83,114.069016,22.632084,56
粤B7WK83,114.069016,22.632084,56
粤B7WK83,114.069016,22.632084,56
粤B7WK83,114.069016,22.632084,56
粤B7WK83,114.069016,22.632084,57
粤B7WK83,114.069016,22.632084,57
粤B7WK83,114.069016,22.632084,57
粤B7WK83,114.069016,22.632084,57
粤B7WK83,114.069016,22.632084,58
粤B7WK83,114.069016,22.632084,58
粤B7WK83,114.069016,22.632084,58
粤B7WK83,114.069016,22.632084,58
粤B7WK83,114.069016,22.632084,59
粤B7WK83,114.069016,22.632084,59
粤B7WK83,114.069016,22.632084,59
粤B7WK83,114.069016,22.632084,59
粤B7WK83,114.069016,22.632084,60
粤B7WK83,114.069016,22.632084,60
粤B7WK83,114.069016,22.632084,60
粤B7WK83,114.069016,22.632084,60
粤B7WK83,114.069016,22.632084,61
粤B7WK83,114.069016,22.632084,61
粤B7WK83,114.069016,22.632084,61
粤B7WK83,114.069016,22.632084,61
粤B7WK83,114.069016,22.632084,62
粤B7WK83,114.069016,22.632084,62
粤B7WK83,114.069016,22.632084,62
粤B7WK83,114.069016,22.632084,62
粤B7WK83,114.069016,22.632084,63
粤B7WK83,114.069016,22.632084,63
粤B7WK83,114.069016,22.632084,63
粤B7WK83,114.069016,22.632084,63
粤B7WK83,114.069099,22.632151,64
粤B7WK83,114.069099,22.632151,64
粤B7WK83,114.069099,22.632151,65
粤B7WK83,114.069099,22.632151,65
粤B7WK83,114.069099,22.632151,65
粤B7WK83,114.069099,22.632151,65
粤B7WK83,114.069099,22.632151,66
粤B7WK83,114.069099,22.632151,66
粤B7WK83,114.069099,22.632151,66
粤B7WK83,114.069099,22.632151,66
粤B7WK83,114.069099,22.632151,67
粤B7WK83,114.069084,22.632168,67
粤B7WK83,114.069099,22.632151,67
粤B7WK83,114.069084,22.632168,67
粤B7WK83,114.069084,22.632168,68
粤B7WK83,114.069084,22.632168,68
粤B7WK83,114.069084,22.632168,68
粤B7WK83,114.069084,22.632168,68
粤B7WK83,114.069084,22.632168,69
粤B7WK83,114.069084,22.632168,69
粤B7WK83,114.069084,22.632168,69
粤B7WK83,114.069084,22.632168,69
粤B7WK83,114.069084,22.632168,70
粤B7WK83,114.069084,22.632168,70
粤B7WK83,114.069084,22.632168,70
粤B7WK83,114.069084,22.632168,70
粤B7WK83,114.069084,22.632168,71
粤B7WK83,114.069084,22.632168,71
粤B7WK83,114.069084,22.632168,71
粤B7WK83,114.069084,22.632168,71
粤B7WK83,114.069084,22.632168,72
粤B7WK83,114.069084,22.632168,72
粤B7WK83,114.069084,22.632168,72
粤B7WK83,114.069084,22.632168,72
粤B7WK83,114.069084,22.632168,73
粤B7WK83,114.069084,22.632168,73
粤B7WK83,114.069084,22.632168,73
粤B7WK83,114.069084,22.632168,73
粤B7WK83,114.069084,22.632168,74
粤B7WK83,114.069084,22.632168,74
粤B7WK83,114.069084,22.632168,74
粤B7WK83,114.069084,22.632168,74
粤B7WK83,114.069084,22.632168,75
粤B7WK83,114.069084,22.632168,75
粤B7WK83,114.069084,22.632168,75
粤B7WK83,114.069084,22.632168,75
粤B7WK83,114.069084,22.632168,76
粤B7WK83,114.069084,22.632168,76
粤B7WK83,114.069336,22.632299,76
粤B7WK83,114.069084,22.632168,76
粤B7WK83,114.069336,22.632299,77
粤B7WK83,114.069336,22.632299,77
粤B7WK83,114.069336,22.632299,77
粤B7WK83,114.069336,22.632299,77
粤B7WK83,114.069603,22.632282,78
粤B7WK83,114.069603,22.632282,78
粤B7WK83,114.069603,22.632282,78
粤B7WK83,114.069603,22.632282,78
粤B7WK83,114.069321,22.632299,79
粤B7WK83,114.069321,22.632299,79
粤B7WK83,114.069321,22.632299,79
粤B7WK83,114.069321,22.632299,79
粤B7WK83,114.069016,22.632267,80
粤B7WK83,114.069031,22.632282,80
粤B7WK83,114.069321,22.632299,80
粤B7WK83,114.069016,22.632267,80
粤B7WK83,114.069016,22.632267,81
粤B7WK83,114.069016,22.632267,81
粤B7WK83,114.069016,22.632267,81
粤B7WK83,114.069016,22.632267,81
粤B7WK83,114.069016,22.632267,82
粤B7WK83,114.069016,22.632267,82
粤B7WK83,114.069016,22.632267,82
粤B7WK83,114.069016,22.632267,82
粤B7WK83,114.069016,22.632267,83
粤B7WK83,114.069016,22.632267,83
粤B7WK83,114.069016,22.632267,83
粤B7WK83,114.069016,22.632267,83
粤B7WK83,114.069016,22.632267,84
粤B7WK83,114.069016,22.632267,84
粤B7WK83,114.069016,22.632267,84
粤B7WK83,114.069016,22.632267,84
粤B7WK83,114.069016,22.632267,85
粤B7WK83,114.069016,22.632267,85
粤B7WK83,114.069016,22.632267,85
粤B7WK83,114.069016,22.632267,85
粤B7WK83,114.069016,22.632267,86
粤B7WK83,114.069016,22.632267,86
粤B7WK83,114.069016,22.632267,86
粤B7WK83,114.069016,22.632267,86
粤B7WK83,114.069016,22.632267,87
粤B7WK83,114.069016,22.632267,87
粤B7WK83,114.069016,22.632267,87
粤B7WK83,114.069016,22.632267,87
粤B7WK83,114.069016,22.632267,88
粤B7WK83,114.069016,22.632267,88
粤B7WK83,114.069016,22.632267,88
粤B7WK83,114.069016,22.632267,88
粤B7WK83,114.069016,22.632267,89
粤B7WK83,114.069016,22.632267,89
粤B7WK83,114.069016,22.632267,89
粤B7WK83,114.069016,22.632267,89
粤B7WK83,114.069016,22.632267,90
粤B7WK83,114.069016,22.632267,90
粤B7WK83,114.069016,22.632267,90
粤B7WK83,114.069016,22.632267,90
粤B7WK83,114.069016,22.632267,91
粤B7WK83,114.069016,22.632267,91
粤B7WK83,114.069016,22.632267,91
粤B7WK83,114.069016,22.632267,91
粤B7WK83,114.069016,22.632267,92
粤B7WK83,114.069016,22.632267,92
粤B7WK83,114.069016,22.632267,92
粤B7WK83,114.069016,22.632267,92
粤B7WK83,114.069016,22.632267,93
粤B7WK83,114.069016,22.632267,93
粤B7WK83,114.069016,22.632267,93
粤B7WK83,114.069016,22.632267,93
粤B7WK83,114.069016,22.632267,94
粤B7WK83,114.069016,22.632267,94
粤B7WK83,114.069016,22.632267,94
粤B7WK83,114.069016,22.632267,94
粤B7WK83,114.069016,22.632267,95
粤B7WK83,114.069016,22.632267,95
粤B7WK83,114.069016,22.632267,95
粤B7WK83,114.069016,22.632267,95
粤B7WK83,114.069016,22.632267,96
粤B7WK83,114.069016,22.632267,96
粤B7WK83,114.069016,22.632267,96
粤B7WK83,114.069016,22.632267,96
粤B7WK83,114.069016,22.632267,97
粤B7WK83,114.069069,22.631884,97
粤B7WK83,114.069016,22.632267,97
粤B7WK83,114.069016,22.632267,97
粤B7WK83,114.069054,22.631866,98
粤B7WK83,114.069054,22.631866,98
粤B7WK83,114.069054,22.631866,98
粤B7WK83,114.069054,22.631866,98
粤B7WK83,114.069054,22.631866,99
粤B7WK83,114.069054,22.631866,99
粤B7WK83,114.069054,22.631866,99
粤B7WK83,114.069054,22.631866,99
粤B7WK83,114.069054,22.631866,100
粤B7WK83,114.069054,22.631866,100
粤B7WK83,114.069054,22.631866,100
粤B7WK83,114.069054,22.631866,100
粤B7WK83,114.069016,22.632183,101
粤B7WK83,114.069054,22.631866,101
粤B7WK83,114.069054,22.631866,101
粤B7WK83,114.069016,22.632183,101
粤B7WK83,114.069016,22.632183,102
粤B7WK83,114.069016,22.632183,102
粤B7WK83,114.069016,22.632183,102
粤B7WK83,114.069016,22.632183,102
粤B7WK83,114.069016,22.632183,103
粤B7WK83,114.069016,22.632183,103
粤B7WK83,114.069016,22.632183,103
粤B7WK83,114.069016,22.632183,103
粤B7WK83,114.069016,22.632183,104
粤B7WK83,114.069016,22.632183,104
粤B7WK83,114.06868,22.631983,104
粤B7WK83,114.069016,22.632183,104
粤B7WK83,114.068634,22.631968,105
粤B7WK83,114.068634,22.631968,105
粤B7WK83,114.068634,22.631968,105
粤B7WK83,114.068634,22.631968,105
粤B7WK83,114.068634,22.631968,106
粤B7WK83,114.068634,22.631968,106
粤B7WK83,114.068634,22.631968,106
粤B7WK83,114.068634,22.631968,106
粤B7WK83,114.068634,22.631968,107
粤B7WK83,114.068634,22.631968,107
粤B7WK83,114.068634,22.631968,107
粤B7WK83,114.068634,22.631968,107
粤B7WK83,114.068871,22.632133,108
粤B7WK83,114.068634,22.631968,108
粤B7WK83,114.068832,22.632099,108
粤B7WK83,114.068871,22.632133,108
粤B7WK83,114.068871,22.632133,109
粤B7WK83,114.068871,22.632133,109
粤B7WK83,114.068871,22.632133,109
粤B7WK83,114.068871,22.632133,109
粤B7WK83,114.068871,22.632133,110
粤B7WK83,114.068916,22.632217,110
粤B7WK83,114.068871,22.632133,110
粤B7WK83,114.068871,22.632133,110
粤B7WK83,114.068916,22.632217,111
粤B7WK83,114.068916,22.632217,111
粤B7WK83,114.068916,22.632217,111
粤B7WK83,114.068916,22.632217,111
粤B7WK83,114.068916,22.632217,112
粤B7WK83,114.068916,22.632217,112
粤B7WK83,114.068916,22.632217,112
粤B7WK83,114.068916,22.632217,112
粤B7WK83,114.068916,22.632217,113
粤B7WK83,114.068916,22.632217,113
粤B7WK83,114.068916,22.632217,113
粤B7WK83,114.068916,22.632217,113
粤B7WK83,114.068932,22.632183,114
粤B7WK83,114.068932,22.632183,114
粤B7WK83,114.068916,22.632217,114
粤B7WK83,114.068916,22.632217,114
粤B7WK83,114.068932,22.632183,115
粤B7WK83,114.068932,22.632183,115
粤B7WK83,114.068932,22.632183,115
粤B7WK83,114.068932,22.632183,115
粤B7WK83,114.068932,22.632183,116
粤B7WK83,114.068932,22.632183,116
粤B7WK83,114.068932,22.632183,116
粤B7WK83,114.068932,22.632183,116
粤B7WK83,114.068932,22.632183,117
粤B7WK83,114.068932,22.632183,117
粤B7WK83,114.068932,22.632183,117
粤B7WK83,114.068932,22.632183,117
粤B7WK83,114.068932,22.632183,118
粤B7WK83,114.068932,22.632183,118
粤B7WK83,114.068932,22.632183,118
粤B7WK83,114.068932,22.632183,118
粤B7WK83,114.068932,22.632183,119
粤B7WK83,114.068932,22.632183,119
粤B7WK83,114.068932,22.632183,119
粤B7WK83,114.068932,22.632183,119
粤B7WK83,114.068932,22.632183,120
粤B7WK83,114.068932,22.632183,120
粤B7WK83,114.068932,22.632183,120
粤B7WK83,114.068932,22.632183,120
粤B7WK83,114.068932,22.632183,121
粤B7WK83,114.068932,22.632183,121
粤B7WK83,114.068932,22.632183,121
粤B7WK83,114.068932,22.632183,121
粤B7WK83,114.068932,22.632183,122
粤B7WK83,114.068932,22.632183,122
粤B7WK83,114.068932,22.632183,122
粤B7WK83,114.068932,22.632183,122
粤B7WK83,114.068932,22.632183,123
粤B7WK83,114.068932,22.632183,123
粤B7WK83,114.068932,22.632183,123
粤B7WK83,114.068932,22.632183,123
粤B7WK83,114.068932,22.632183,124
粤B7WK83,114.068932,22.632183,124
粤B7WK83,114.068932,22.632183,124
粤B7WK83,114.068932,22.632183,124
粤B7WK83,114.068932,22.632183,125
粤B7WK83,114.068932,22.632183,125
粤B7WK83,114.068932,22.632183,125
粤B7WK83,114.068932,22.632183,125
粤B7WK83,114.068932,22.632183,126
粤B7WK83,114.068932,22.632183,126
粤B7WK83,114.068932,22.632183,126
粤B7WK83,114.068748,22.632317,126
粤B7WK83,114.068748,22.632317,127
粤B7WK83,114.068748,22.632317,127
粤B7WK83,114.068748,22.632317,127
粤B7WK83,114.068748,22.632317,127
粤B7WK83,114.068748,22.632317,128
粤B7WK83,114.068748,22.632317,128
粤B7WK83,114.068748,22.632317,128
粤B7WK83,114.068748,22.632317,128
粤B7WK83,114.068748,22.632317,129
粤B7WK83,114.068748,22.632317,129
粤B7WK83,114.068748,22.632317,129
粤B7WK83,114.068748,22.632317,129
粤B7WK83,114.068748,22.632317,130
粤B7WK83,114.068871,22.632282,130
粤B7WK83,114.068848,22.632282,130
粤B7WK83,114.068871,22.632282,130
粤B7WK83,114.068871,22.632282,131
粤B7WK83,114.068871,22.632282,131
粤B7WK83,114.068871,22.632282,131
粤B7WK83,114.068871,22.632282,131
粤B7WK83,114.068871,22.632282,132
粤B7WK83,114.068871,22.632282,132
粤B7WK83,114.068871,22.632282,132
粤B7WK83,114.068871,22.632282,132
粤B7WK83,114.068871,22.632282,133
粤B7WK83,114.068871,22.632282,133
粤B7WK83,114.068871,22.632282,133
粤B7WK83,114.068871,22.632282,134
粤B7WK83,114.068871,22.632282,134
粤B7WK83,114.068871,22.632282,134
粤B7WK83,114.068871,22.632282,135
粤B7WK83,114.068871,22.632282,135
粤B7WK83,114.068871,22.632282,135
粤B7WK83,114.068871,22.632282,135
粤B7WK83,114.068871,22.632282,136
粤B7WK83,114.068871,22.632282,136
粤B7WK83,114.068871,22.632282,136
粤B7WK83,114.068871,22.632282,136
粤B7WK83,114.068871,22.632282,137
粤B7WK83,114.068871,22.632282,137
粤B7WK83,114.068871,22.632282,137
粤B7WK83,114.068871,22.632282,137
粤B7WK83,114.068871,22.632282,138
粤B7WK83,114.068871,22.632282,138
粤B7WK83,114.068871,22.632282,138
粤B7WK83,114.068871,22.632282,138
粤B7WK83,114.068703,22.631968,139
粤B7WK83,114.068703,22.631968,139
粤B7WK83,114.068703,22.631968,139
粤B7WK83,114.068871,22.632282,139
粤B7WK83,114.068703,22.631968,140
粤B7WK83,114.068703,22.631968,140
粤B7WK83,114.068703,22.631968,140
粤B7WK83,114.068703,22.631968,140
粤B7WK83,114.068848,22.632168,141
粤B7WK83,114.068848,22.632168,141
粤B7WK83,114.068848,22.632168,141
粤B7WK83,114.068703,22.631968,141
粤B7WK83,114.068848,22.632168,142
粤B7WK83,114.068848,22.632168,142
粤B7WK83,114.068848,22.632168,142
粤B7WK83,114.068848,22.632168,142
粤B7WK83,114.068848,22.632168,143
粤B7WK83,114.068848,22.632168,143
粤B7WK83,114.068848,22.632168,143
粤B7WK83,114.068848,22.632168,143
粤B7WK83,114.068848,22.632168,144
粤B7WK83,114.068848,22.632168,144
粤B7WK83,114.068848,22.632168,144
粤B7WK83,114.068848,22.632168,144
粤B7WK83,114.068848,22.632168,145
粤B7WK83,114.068848,22.632168,145
粤B7WK83,114.068848,22.632168,145
粤B7WK83,114.068848,22.632168,145
粤B7WK83,114.068848,22.632168,146
粤B7WK83,114.068848,22.632168,146
粤B7WK83,114.068848,22.632168,146
粤B7WK83,114.068848,22.632168,146
粤B7WK83,114.068848,22.632168,147
粤B7WK83,114.068848,22.632168,147
粤B7WK83,114.068848,22.632168,147
粤B7WK83,114.068848,22.632168,147
粤B7WK83,114.068848,22.632168,148
粤B7WK83,114.068848,22.632168,148
粤B7WK83,114.068932,22.632299,148
粤B7WK83,114.068848,22.632168,148
粤B7WK83,114.068932,22.632299,149
粤B7WK83,114.068932,22.632299,149
粤B7WK83,114.068932,22.632299,149
粤B7WK83,114.068932,22.632299,149
粤B7WK83,114.068932,22.632299,150
粤B7WK83,114.068871,22.6322,150
粤B7WK83,114.068871,22.632217,150
粤B7WK83,114.068932,22.632299,150
粤B7WK83,114.068871,22.6322,151
粤B7WK83,114.068871,22.6322,151
粤B7WK83,114.068871,22.6322,151
粤B7WK83,114.068871,22.6322,151
粤B7WK83,114.068871,22.6322,152
粤B7WK83,114.068871,22.6322,152
粤B7WK83,114.068871,22.6322,152
粤B7WK83,114.068871,22.6322,152
粤B7WK83,114.068871,22.6322,153
粤B7WK83,114.068871,22.6322,153
粤B7WK83,114.068871,22.6322,153
粤B7WK83,114.068871,22.6322,153
粤B7WK83,114.068871,22.6322,154
粤B7WK83,114.068871,22.6322,154
粤B7WK83,114.068871,22.6322,154
粤B7WK83,114.068871,22.6322,154
粤B7WK83,114.068871,22.6322,155
粤B7WK83,114.068871,22.6322,155
粤B7WK83,114.068871,22.6322,155
粤B7WK83,114.068871,22.6322,155
粤B7WK83,114.068871,22.6322,156
粤B7WK83,114.068871,22.6322,156
粤B7WK83,114.068871,22.6322,156
粤B7WK83,114.068871,22.6322,156
粤B7WK83,114.068764,22.632351,157
粤B7WK83,114.068764,22.632351,157
粤B7WK83,114.068871,22.6322,157
粤B7WK83,114.068871,22.6322,157
粤B7WK83,114.068764,22.632351,158
粤B7WK83,114.068764,22.632351,158
粤B7WK83,114.068764,22.632351,158
粤B7WK83,114.068764,22.632351,158
粤B7WK83,114.068764,22.632351,159
粤B7WK83,114.068764,22.632351,159
粤B7WK83,114.068764,22.632351,159
粤B7WK83,114.068764,22.632351,159
粤B7WK83,114.068764,22.632351,160
粤B7WK83,114.068764,22.632351,160
粤B7WK83,114.068764,22.632351,160
粤B7WK83,114.068764,22.632351,160
粤B7WK83,114.068764,22.632351,161
粤B7WK83,114.068764,22.632351,161
粤B7WK83,114.068764,22.632351,161
粤B7WK83,114.068764,22.632351,161
粤B7WK83,114.068764,22.632351,162
粤B7WK83,114.068764,22.632351,162
粤B7WK83,114.068764,22.632351,162
粤B7WK83,114.068764,22.632351,162
粤B7WK83,114.068764,22.632351,163
粤B7WK83,114.068764,22.632351,163
粤B7WK83,114.068764,22.632351,163
粤B7WK83,114.068764,22.632351,163
粤B7WK83,114.068916,22.632334,164
粤B7WK83,114.068916,22.632334,164
粤B7WK83,114.068764,22.632351,164
粤B7WK83,114.068916,22.632334,164
粤B7WK83,114.068916,22.632334,165
粤B7WK83,114.068916,22.632334,165
粤B7WK83,114.068916,22.632334,165
粤B7WK83,114.068916,22.632334,165
粤B7WK83,114.068916,22.632334,166
粤B7WK83,114.068916,22.632334,166
粤B7WK83,114.068916,22.632334,166
粤B7WK83,114.068916,22.632334,166
粤B7WK83,114.068916,22.632334,167
粤B7WK83,114.068916,22.632334,167
粤B7WK83,114.068916,22.632334,167
粤B7WK83,114.068916,22.632334,167
粤B7WK83,114.068916,22.632334,168
粤B7WK83,114.068916,22.632334,168
粤B7WK83,114.068916,22.632334,168
粤B7WK83,114.068916,22.632334,168
粤B7WK83,114.068916,22.632334,169
粤B7WK83,114.068916,22.632334,169
粤B7WK83,114.068916,22.632334,169
粤B7WK83,114.068916,22.632334,169
粤B7WK83,114.068916,22.632334,170
粤B7WK83,114.068916,22.632334,170
粤B7WK83,114.068916,22.632334,170
粤B7WK83,114.068916,22.632334,170
粤B7WK83,114.068916,22.632334,171
粤B7WK83,114.068916,22.632334,171
粤B7WK83,114.068916,22.632334,171
粤B7WK83,114.068916,22.632334,171
粤B7WK83,114.068916,22.632334,172
粤B7WK83,114.068916,22.632334,172
粤B7WK83,114.068916,22.632334,172
粤B7WK83,114.068916,22.632334,172
粤B7WK83,114.068916,22.632334,173
粤B7WK83,114.068916,22.632334,173
粤B7WK83,114.068916,22.632334,173
粤B7WK83,114.068916,22.632334,173
粤B7WK83,114.068916,22.632334,174
粤B7WK83,114.068916,22.632334,174
粤B7WK83,114.068916,22.632334,174
粤B7WK83,114.068916,22.632334,174
粤B7WK83,114.068916,22.632334,175
粤B7WK83,114.068916,22.632334,175
粤B7WK83,114.068916,22.632334,175
粤B7WK83,114.068916,22.632334,175
粤B7WK83,114.068916,22.632334,176
粤B7WK83,114.068916,22.632334,176
粤B7WK83,114.068916,22.632334,176
粤B7WK83,114.068916,22.632334,176
粤B7WK83,114.068916,22.632334,177
粤B7WK83,114.068916,22.632334,177
粤B7WK83,114.068916,22.632334,177
粤B7WK83,114.068916,22.632334,177
粤B7WK83,114.068916,22.632334,178
粤B7WK83,114.068916,22.632334,178
粤B7WK83,114.068916,22.632334,178
粤B7WK83,114.068916,22.632334,178
粤B7WK83,114.068916,22.632334,179
粤B7WK83,114.068916,22.632334,179
粤B7WK83,114.068916,22.632334,179
粤B7WK83,114.068916,22.632334,179
粤B7WK83,114.068916,22.632334,180
粤B7WK83,114.068916,22.632334,180
粤B7WK83,114.068848,22.632067,180
粤B7WK83,114.068848,22.632067,180
粤B7WK83,114.068848,22.632067,181
粤B7WK83,114.068848,22.632067,181
粤B7WK83,114.068848,22.632067,181
粤B7WK83,114.068848,22.632067,181
粤B7WK83,114.068848,22.632067,182
粤B7WK83,114.068848,22.632067,182
粤B7WK83,114.068871,22.632084,192
粤B7WK83,114.068871,22.632183,192
粤B7WK83,114.068871,22.632183,192
粤B7WK83,114.068871,22.632183,192
粤B7WK83,114.068871,22.632183,193
粤B7WK83,114.068871,22.632183,193
粤B7WK83,114.068871,22.632183,193
粤B7WK83,114.068871,22.632183,193
粤B7WK83,114.068871,22.632183,194
粤B7WK83,114.068871,22.632183,194
粤B7WK83,114.068871,22.632183,194
粤B7WK83,114.068871,22.632183,194
粤B7WK83,114.068871,22.632183,195
粤B7WK83,114.068871,22.632183,195
粤B7WK83,114.068871,22.632183,195
粤B7WK83,114.068871,22.632183,195
粤B7WK83,114.068871,22.632183,196
粤B7WK83,114.068871,22.632183,196
粤B7WK83,114.068871,22.632183,196
粤B7WK83,114.068871,22.632183,196
粤B7WK83,114.068871,22.632183,197
粤B7WK83,114.068901,22.632099,197
粤B7WK83,114.068871,22.632183,197
粤B7WK83,114.068871,22.632183,197
粤B7WK83,114.068901,22.632099,198
粤B7WK83,114.068901,22.632099,198
粤B7WK83,114.068901,22.632099,198
粤B7WK83,114.068901,22.632099,198
粤B7WK83,114.068901,22.632099,199
粤B7WK83,114.068901,22.632099,199
粤B7WK83,114.068901,22.632099,199
粤B7WK83,114.068901,22.632099,199
粤B7WK83,114.068901,22.632099,200
粤B7WK83,114.068901,22.632099,200
粤B7WK83,114.068901,22.632099,200
粤B7WK83,114.068901,22.632099,200
粤B7WK83,114.068901,22.632099,201
粤B7WK83,114.068901,22.632099,201
粤B7WK83,114.068901,22.632099,201
粤B7WK83,114.068901,22.632099,201
粤B7WK83,114.068901,22.632099,202
粤B7WK83,114.068901,22.632099,202
粤B7WK83,114.068901,22.632099,202
粤B7WK83,114.068901,22.632099,202
粤B7WK83,114.068901,22.632099,203
粤B7WK83,114.068901,22.632099,203
粤B7WK83,114.068901,22.632099,203
粤B7WK83,114.068901,22.632099,203
粤B7WK83,114.068901,22.632099,204
粤B7WK83,114.068901,22.632099,204
粤B7WK83,114.068901,22.632099,204
粤B7WK83,114.068901,22.632099,204
粤B7WK83,114.068901,22.632099,205
粤B7WK83,114.068901,22.632099,205
粤B7WK83,114.068901,22.632099,205
粤B7WK83,114.068901,22.632099,205
粤B7WK83,114.068901,22.632099,206
粤B7WK83,114.068901,22.632099,206
粤B7WK83,114.068901,22.632099,206
粤B7WK83,114.068901,22.632099,206
粤B7WK83,114.068901,22.632099,207
粤B7WK83,114.068901,22.632099,207
粤B7WK83,114.068901,22.632099,207
粤B7WK83,114.068901,22.632099,207
粤B7WK83,114.068901,22.632099,208
粤B7WK83,114.068901,22.632099,208
粤B7WK83,114.068901,22.632099,208
粤B7WK83,114.068901,22.632099,208
粤B7WK83,114.069031,22.632133,209
粤B7WK83,114.068901,22.632099,209
粤B7WK83,114.069031,22.632133,209
粤B7WK83,114.069031,22.632133,209
粤B7WK83,114.068932,22.632168,210
粤B7WK83,114.069031,22.632133,210
粤B7WK83,114.069031,22.632133,210
粤B7WK83,114.069031,22.632133,210
粤B7WK83,114.068932,22.632168,211
粤B7WK83,114.068932,22.632168,211
粤B7WK83,114.068932,22.632168,211
粤B7WK83,114.068932,22.632168,211
粤B7WK83,114.068932,22.632168,212
粤B7WK83,114.068932,22.632168,212
粤B7WK83,114.068932,22.632168,212
粤B7WK83,114.068932,22.632168,212
粤B7WK83,114.068932,22.632168,213
粤B7WK83,114.068932,22.632168,213
粤B7WK83,114.068932,22.632168,213
粤B7WK83,114.068932,22.632168,213
粤B7WK83,114.068932,22.632168,214
粤B7WK83,114.068932,22.632168,214
粤B7WK83,114.068932,22.632168,214
粤B7WK83,114.068932,22.632168,214
粤B7WK83,114.068901,22.632151,215
粤B7WK83,114.068901,22.632151,215
粤B7WK83,114.068901,22.632151,215
粤B7WK83,114.06897,22.632267,215
粤B7WK83,114.068901,22.632151,216
粤B7WK83,114.068901,22.632151,216
粤B7WK83,114.068901,22.632151,216
粤B7WK83,114.068901,22.632151,216
粤B7WK83,114.068901,22.632151,217
粤B7WK83,114.068901,22.632151,217
粤B7WK83,114.068901,22.632151,217
粤B7WK83,114.068901,22.632151,217
粤B7WK83,114.068901,22.632151,218
粤B7WK83,114.068901,22.632151,218
粤B7WK83,114.068901,22.632151,218
粤B7WK83,114.068901,22.632151,218
粤B7WK83,114.068901,22.632151,219
粤B7WK83,114.068901,22.632151,219
粤B7WK83,114.068901,22.632151,219
粤B7WK83,114.068901,22.632151,219
粤B7WK83,114.068901,22.632151,220
粤B7WK83,114.068901,22.632151,220
粤B7WK83,114.068901,22.632151,220
粤B7WK83,114.068901,22.632151,220
粤B7WK83,114.068901,22.632151,221
粤B7WK83,114.068901,22.632151,221
粤B7WK83,114.068901,22.632151,221
粤B7WK83,114.068901,22.632151,221
粤B7WK83,114.068901,22.632151,222
粤B7WK83,114.068901,22.632151,222
粤B7WK83,114.068901,22.632151,222
粤B7WK83,114.068901,22.632151,222
粤B7WK83,114.068901,22.632151,223
粤B7WK83,114.068901,22.632151,223
粤B7WK83,114.068901,22.632151,223
粤B7WK83,114.068901,22.632151,223
粤B7WK83,114.068901,22.632151,224
粤B7WK83,114.068901,22.632151,224
粤B7WK83,114.068901,22.632151,224
粤B7WK83,114.068901,22.632151,224
粤B7WK83,114.068901,22.632151,225
粤B7WK83,114.068901,22.632151,225
粤B7WK83,114.068901,22.632151,225
粤B7WK83,114.068901,22.632151,225
粤B7WK83,114.068901,22.632151,226
粤B7WK83,114.068932,22.632267,226
粤B7WK83,114.068932,22.632168,226
粤B7WK83,114.068932,22.632267,226
粤B7WK83,114.068932,22.632168,227
粤B7WK83,114.068932,22.632168,227
粤B7WK83,114.068932,22.632168,227
粤B7WK83,114.068932,22.632168,227
粤B7WK83,114.068932,22.632168,228
粤B7WK83,114.068932,22.632168,228
粤B7WK83,114.068932,22.632168,228
粤B7WK83,114.068932,22.632168,228
粤B7WK83,114.069,22.632183,229
粤B7WK83,114.069,22.632183,229
粤B7WK83,114.069,22.632183,229
粤B7WK83,114.069,22.632183,229
粤B7WK83,114.069,22.632183,230
粤B7WK83,114.069,22.632183,230
粤B7WK83,114.069,22.632183,230
粤B7WK83,114.069,22.632183,230
粤B7WK83,114.069,22.632183,231
粤B7WK83,114.068916,22.632133,231
粤B7WK83,114.069,22.632183,231
粤B7WK83,114.068916,22.632133,231
粤B7WK83,114.068916,22.632133,232
粤B7WK83,114.06897,22.632084,232
粤B7WK83,114.06897,22.632084,232
粤B7WK83,114.06897,22.632084,232
粤B7WK83,114.06897,22.632084,233
粤B7WK83,114.06897,22.632084,233
粤B7WK83,114.06897,22.632084,233
粤B7WK83,114.06897,22.632084,233
粤B7WK83,114.06897,22.632084,234
粤B7WK83,114.06897,22.632084,234
粤B7WK83,114.06897,22.632084,234
粤B7WK83,114.06897,22.632084,234
粤B7WK83,114.068932,22.632183,235
粤B7WK83,114.06897,22.632084,235
粤B7WK83,114.068932,22.632183,235
粤B7WK83,114.068932,22.632183,235
粤B7WK83,114.068932,22.632183,236
粤B7WK83,114.068932,22.632183,236
粤B7WK83,114.068932,22.632183,236
粤B7WK83,114.068932,22.632183,236
粤B7WK83,114.069084,22.632067,237
粤B7WK83,114.069084,22.632067,237
粤B7WK83,114.069084,22.632067,237
粤B7WK83,114.069084,22.632067,237
粤B7WK83,114.06913,22.632116,238
粤B7WK83,114.06913,22.632116,238
粤B7WK83,114.06913,22.632116,238
粤B7WK83,114.06913,22.632116,238
粤B7WK83,114.06913,22.632116,239
粤B7WK83,114.06913,22.632116,239
粤B7WK83,114.06913,22.632116,239
粤B7WK83,114.06913,22.632116,239
粤B7WK83,114.06913,22.632116,240
粤B7WK83,114.06913,22.632116,240
粤B7WK83,114.06913,22.632116,240
粤B7WK83,114.06913,22.632116,240
粤B7WK83,114.069016,22.632067,241
粤B7WK83,114.069016,22.632067,241
粤B7WK83,114.069016,22.632067,241
粤B7WK83,114.06913,22.632116,241
粤B7WK83,114.069016,22.632067,242
粤B7WK83,114.069016,22.632067,242
粤B7WK83,114.069016,22.632067,242
粤B7WK83,114.069016,22.632067,242
粤B7WK83,114.069016,22.632067,243
粤B7WK83,114.069016,22.632067,243
粤B7WK83,114.069016,22.632067,243
粤B7WK83,114.069016,22.632067,243
粤B7WK83,114.069016,22.632067,244
粤B7WK83,114.069016,22.632067,244
粤B7WK83,114.069016,22.632067,244
粤B7WK83,114.069016,22.632067,244
粤B7WK83,114.069016,22.632067,245
粤B7WK83,114.069016,22.632067,245
粤B7WK83,114.069016,22.632067,245
粤B7WK83,114.069016,22.632067,246
粤B7WK83,114.069016,22.632067,246
粤B7WK83,114.069016,22.632067,246
粤B7WK83,114.069016,22.632067,247
粤B7WK83,114.069016,22.632067,247
粤B7WK83,114.069016,22.632067,247
粤B7WK83,114.069016,22.632067,247
粤B7WK83,114.069016,22.632067,248
粤B7WK83,114.069016,22.632067,248
粤B7WK83,114.069016,22.632067,248
粤B7WK83,114.069016,22.632067,248
粤B7WK83,114.069016,22.632067,249
粤B7WK83,114.069016,22.632067,249
粤B7WK83,114.069016,22.632067,249
粤B7WK83,114.069016,22.632067,249
粤B7WK83,114.069031,22.632116,250
粤B7WK83,114.069016,22.632133,250
粤B7WK83,114.069016,22.632067,250
粤B7WK83,114.069016,22.632133,250
粤B7WK83,114.069016,22.632133,251
粤B7WK83,114.069069,22.632168,251
粤B7WK83,114.069069,22.632168,251
粤B7WK83,114.069016,22.632133,251
粤B7WK83,114.069069,22.632168,252
粤B7WK83,114.069069,22.632168,252
粤B7WK83,114.069069,22.632168,252
粤B7WK83,114.069069,22.632168,252
粤B7WK83,114.069069,22.632168,253
粤B7WK83,114.069069,22.632168,253
粤B7WK83,114.069069,22.632168,253
粤B7WK83,114.069069,22.632168,253
粤B7WK83,114.069069,22.632168,254
粤B7WK83,114.069069,22.632168,254
粤B7WK83,114.069069,22.632168,254
粤B7WK83,114.069069,22.632168,254
粤B7WK83,114.069069,22.632168,255
粤B7WK83,114.069069,22.632168,255
粤B7WK83,114.069069,22.632168,255
粤B7WK83,114.069069,22.632168,255
粤B7WK83,114.069069,22.632168,256
粤B7WK83,114.069069,22.632168,256
粤B7WK83,114.069069,22.632168,256
粤B7WK83,114.069069,22.632168,256
粤B7WK83,114.069069,22.632168,257
粤B7WK83,114.069069,22.632168,257
粤B7WK83,114.069069,22.632168,257
粤B7WK83,114.069069,22.632168,257
粤B7WK83,114.069069,22.632168,258
粤B7WK83,114.069069,22.632168,258
粤B7WK83,114.069069,22.632168,258
粤B7WK83,114.069069,22.632168,258
粤B7WK83,114.069069,22.632168,259
粤B7WK83,114.069069,22.632168,259
粤B7WK83,114.069069,22.632168,259
粤B7WK83,114.069069,22.632168,259
粤B7WK83,114.069069,22.632168,260
粤B7WK83,114.069069,22.632168,260
粤B7WK83,114.069069,22.632168,260
粤B7WK83,114.069069,22.632168,260
粤B7WK83,114.069069,22.632168,261
粤B7WK83,114.069069,22.632168,261
粤B7WK83,114.069069,22.632168,261
粤B7WK83,114.069069,22.632168,261
粤B7WK83,114.069069,22.632168,262
粤B7WK83,114.069069,22.632168,262
粤B7WK83,114.069069,22.632168,262
粤B7WK83,114.069069,22.632168,262
粤B7WK83,114.069069,22.632168,263
粤B7WK83,114.069069,22.632168,263
粤B7WK83,114.069069,22.632168,263
粤B7WK83,114.069069,22.632168,263
粤B7WK83,114.069069,22.632168,264
粤B7WK83,114.069069,22.632168,264
粤B7WK83,114.069069,22.632168,264
粤B7WK83,114.069069,22.632168,264
粤B7WK83,114.069069,22.632168,265
粤B7WK83,114.069069,22.632168,265
粤B7WK83,114.069069,22.632168,265
粤B7WK83,114.069069,22.632168,265
粤B7WK83,114.069069,22.632168,266
粤B7WK83,114.069069,22.632168,266
粤B7WK83,114.069069,22.632168,266
粤B7WK83,114.069069,22.632168,266
粤B7WK83,114.069069,22.632168,267
粤B7WK83,114.069069,22.632168,267
粤B7WK83,114.069069,22.632168,267
粤B7WK83,114.069069,22.632168,267
粤B7WK83,114.069069,22.632168,268
粤B7WK83,114.069069,22.632168,268
粤B7WK83,114.069069,22.632168,268
粤B7WK83,114.069069,22.632168,268
粤B7WK83,114.069069,22.632168,269
粤B7WK83,114.069069,22.632168,269
粤B7WK83,114.069069,22.632168,269
粤B7WK83,114.069069,22.632168,269
粤B7WK83,114.069069,22.632168,270
粤B7WK83,114.069069,22.632168,270
粤B7WK83,114.069069,22.632168,270
粤B7WK83,114.069069,22.632168,270
粤B7WK83,114.069069,22.632168,271
粤B7WK83,114.069069,22.632168,271
粤B7WK83,114.069069,22.632168,271
粤B7WK83,114.069069,22.632168,271
粤B7WK83,114.069069,22.632168,272
粤B7WK83,114.069069,22.632168,272
粤B7WK83,114.069069,22.632168,272
粤B7WK83,114.069069,22.632168,272
粤B7WK83,114.069069,22.632168,273
粤B7WK83,114.069069,22.632168,273
粤B7WK83,114.069069,22.632168,273
粤B7WK83,114.069069,22.632168,273
粤B7WK83,114.069069,22.632168,274
粤B7WK83,114.069069,22.632168,274
粤B7WK83,114.069069,22.632168,274
粤B7WK83,114.069069,22.632168,274
粤B7WK83,114.069069,22.632168,275
粤B7WK83,114.069069,22.632168,275
粤B7WK83,114.069069,22.632168,275
粤B7WK83,114.069069,22.632168,275
粤B7WK83,114.069069,22.632168,276
粤B7WK83,114.069069,22.632168,276
粤B7WK83,114.069069,22.632168,276
粤B7WK83,114.069069,22.632168,276
粤B7WK83,114.069069,22.632168,277
粤B7WK83,114.069069,22.632168,277
粤B7WK83,114.069069,22.632168,277
粤B7WK83,114.069069,22.632168,277
粤B7WK83,114.069069,22.632168,278
粤B7WK83,114.069069,22.632168,278
粤B7WK83,114.069069,22.632168,278
粤B7WK83,114.069069,22.632168,278
粤B7WK83,114.069069,22.632168,279
粤B7WK83,114.069069,22.632168,279
粤B7WK83,114.069069,22.632168,279
粤B7WK83,114.069069,22.632168,279
粤B7WK83,114.069069,22.632168,280
粤B7WK83,114.069069,22.632168,280
粤B7WK83,114.069069,22.632168,280
粤B7WK83,114.069069,22.632168,280
粤B7WK83,114.069069,22.632168,281
粤B7WK83,114.069069,22.632168,281
粤B7WK83,114.069069,22.632168,281
粤B7WK83,114.069069,22.632168,281
粤B7WK83,114.069069,22.632168,282
粤B7WK83,114.069069,22.632168,282
粤B7WK83,114.069069,22.632168,282
粤B7WK83,114.069069,22.632168,282
粤B7WK83,114.069069,22.632168,283
粤B7WK83,114.069069,22.632168,283
粤B7WK83,114.069069,22.632168,283
粤B7WK83,114.069069,22.632168,283
粤B7WK83,114.069069,22.632168,284
粤B7WK83,114.069069,22.632168,284
粤B7WK83,114.069069,22.632168,284
粤B7WK83,114.069069,22.632168,284
粤B7WK83,114.069069,22.632168,285
粤B7WK83,114.069069,22.632168,285
粤B7WK83,114.069069,22.632168,285
粤B7WK83,114.069069,22.632168,285
粤B7WK83,114.069069,22.632168,286
粤B7WK83,114.069069,22.632168,286
粤B7WK83,114.069069,22.632168,286
粤B7WK83,114.069069,22.632168,286
粤B7WK83,114.069069,22.632168,287
粤B7WK83,114.069069,22.632168,287
粤B7WK83,114.069069,22.632168,287
粤B7WK83,114.069069,22.632168,287
粤B7WK83,114.069069,22.632168,288
粤B7WK83,114.069069,22.632168,288
粤B7WK83,114.069069,22.632168,288
粤B7WK83,114.069069,22.632168,288
粤B7WK83,114.069069,22.632168,289
粤B7WK83,114.069069,22.632168,289
粤B7WK83,114.069069,22.632168,289
粤B7WK83,114.069069,22.632168,289
粤B7WK83,114.068901,22.632067,290
粤B7WK83,114.068901,22.632067,290
粤B7WK83,114.068901,22.632067,290
粤B7WK83,114.068901,22.632067,290
粤B7WK83,114.068901,22.632067,291
粤B7WK83,114.068901,22.632067,291
粤B7WK83,114.068901,22.632067,291
粤B7WK83,114.068901,22.632067,291
粤B7WK83,114.068901,22.632067,292
粤B7WK83,114.068901,22.632067,292
粤B7WK83,114.068901,22.632067,292
粤B7WK83,114.068901,22.632067,292
粤B7WK83,114.068901,22.632067,293
粤B7WK83,114.068901,22.632067,293
粤B7WK83,114.068901,22.632067,293
粤B7WK83,114.068901,22.632067,293
粤B7WK83,114.068901,22.632067,294
粤B7WK83,114.068901,22.632067,294
粤B7WK83,114.068901,22.632067,294
粤B7WK83,114.068901,22.632067,294
粤B7WK83,114.069099,22.6322,295
粤B7WK83,114.069099,22.6322,295
粤B7WK83,114.069099,22.6322,295
粤B7WK83,114.069099,22.6322,295
粤B7WK83,114.06913,22.632084,296
粤B7WK83,114.06913,22.632084,296
粤B7WK83,114.069069,22.632151,296
粤B7WK83,114.069099,22.6322,296
粤B7WK83,114.06913,22.632084,297
粤B7WK83,114.06913,22.632084,297
粤B7WK83,114.06913,22.632084,297
粤B7WK83,114.06913,22.632084,297
粤B7WK83,114.06913,22.632084,298
粤B7WK83,114.06913,22.632084,298
粤B7WK83,114.06913,22.632084,298
粤B7WK83,114.06913,22.632084,298
粤B7WK83,114.06913,22.632084,299
粤B7WK83,114.06913,22.632084,299
粤B7WK83,114.06913,22.632084,299
粤B7WK83,114.06913,22.632084,299
粤B7WK83,114.06913,22.632084,300
粤B7WK83,114.06913,22.632084,300
粤B7WK83,114.06913,22.632084,300
粤B7WK83,114.06913,22.632084,300
粤B7WK83,114.069069,22.6322,301
粤B7WK83,114.069069,22.6322,301
粤B7WK83,114.069069,22.6322,301
粤B7WK83,114.069069,22.6322,301
粤B7WK83,114.069069,22.6322,302
粤B7WK83,114.069069,22.6322,302
粤B7WK83,114.069069,22.6322,302
粤B7WK83,114.069069,22.6322,302
粤B7WK83,114.069069,22.6322,303
粤B7WK83,114.069069,22.6322,303
粤B7WK83,114.069069,22.6322,303
粤B7WK83,114.069069,22.6322,303
粤B7WK83,114.069069,22.6322,304
粤B7WK83,114.069069,22.6322,304
粤B7WK83,114.069069,22.6322,304
粤B7WK83,114.069069,22.6322,305
粤B7WK83,114.069069,22.6322,305
粤B7WK83,114.069069,22.6322,305
粤B7WK83,114.068947,22.631983,306
粤B7WK83,114.068947,22.631983,306
粤B7WK83,114.069069,22.6322,306
粤B7WK83,114.068947,22.631983,307
粤B7WK83,114.068947,22.631983,307
粤B7WK83,114.068947,22.631983,307
粤B7WK83,114.068947,22.631983,307
粤B7WK83,114.068947,22.631983,308
粤B7WK83,114.068947,22.631983,308
粤B7WK83,114.068947,22.631983,308
粤B7WK83,114.068947,22.631983,308
粤B7WK83,114.068947,22.631983,309
粤B7WK83,114.068947,22.631983,309
粤B7WK83,114.068947,22.631983,309
粤B7WK83,114.068947,22.631983,309
粤B7WK83,114.068947,22.631983,310
粤B7WK83,114.068947,22.631983,310
粤B7WK83,114.068947,22.631983,310
粤B7WK83,114.068947,22.631983,310
粤B7WK83,114.06897,22.632151,311
粤B7WK83,114.06897,22.632151,311
粤B7WK83,114.06897,22.632151,311
粤B7WK83,114.06897,22.632151,311
粤B7WK83,114.06897,22.632151,312
粤B7WK83,114.06897,22.632151,312
粤B7WK83,114.06897,22.632151,312
粤B7WK83,114.06897,22.632151,312
粤B7WK83,114.06897,22.632151,313
粤B7WK83,114.06897,22.632151,313
粤B7WK83,114.06897,22.632151,313
粤B7WK83,114.06897,22.632151,313
粤B7WK83,114.06897,22.632151,314
粤B7WK83,114.06897,22.632151,314
粤B7WK83,114.06897,22.632151,314
粤B7WK83,114.06897,22.632151,314
粤B7WK83,114.06897,22.632151,315
粤B7WK83,114.06897,22.632151,315
粤B7WK83,114.06897,22.632151,315
粤B7WK83,114.06897,22.632151,315
粤B7WK83,114.06897,22.632151,316
粤B7WK83,114.06897,22.632151,316
粤B7WK83,114.06897,22.632151,316
粤B7WK83,114.06897,22.632151,316
粤B7WK83,114.06897,22.632151,317
粤B7WK83,114.06897,22.632151,317
粤B7WK83,114.06897,22.632151,317
粤B7WK83,114.06897,22.632151,317
粤B7WK83,114.069099,22.632032,318
粤B7WK83,114.069099,22.632032,318
粤B7WK83,114.069099,22.632032,318
粤B7WK83,114.069099,22.632032,318
粤B7WK83,114.069,22.632116,319
粤B7WK83,114.069,22.632116,319
粤B7WK83,114.069,22.632116,319
粤B7WK83,114.069,22.632116,319
粤B7WK83,114.069,22.632116,320
粤B7WK83,114.069,22.632116,320
粤B7WK83,114.069,22.632116,320
粤B7WK83,114.069,22.632116,320
粤B7WK83,114.069,22.632116,321
粤B7WK83,114.069,22.632116,321
粤B7WK83,114.069,22.632116,321
粤B7WK83,114.069,22.632116,321
粤B7WK83,114.069,22.632116,322
粤B7WK83,114.069,22.632116,322
粤B7WK83,114.069,22.632116,322
粤B7WK83,114.069,22.632116,322
粤B7WK83,114.069,22.632116,323
粤B7WK83,114.069,22.632116,323
粤B7WK83,114.069,22.632116,323
粤B7WK83,114.069,22.632116,323
粤B7WK83,114.069,22.632116,324
粤B7WK83,114.069,22.632116,324
粤B7WK83,114.069,22.632116,324
粤B7WK83,114.069,22.632116,324
粤B7WK83,114.069,22.632116,325
粤B7WK83,114.068932,22.632418,325
粤B7WK83,114.068932,22.632418,325
粤B7WK83,114.069,22.632116,325
粤B7WK83,114.068932,22.632418,326
粤B7WK83,114.068932,22.632233,326
粤B7WK83,114.068932,22.632418,326
粤B7WK83,114.068932,22.632418,326
粤B7WK83,114.068932,22.632233,327
粤B7WK83,114.068932,22.632233,327
粤B7WK83,114.068932,22.632233,327
粤B7WK83,114.068932,22.632233,327
粤B7WK83,114.068932,22.632233,328
粤B7WK83,114.068932,22.632233,328
粤B7WK83,114.068932,22.632233,328
粤B7WK83,114.068932,22.632233,328
粤B7WK83,114.069031,22.6325,329
粤B7WK83,114.069031,22.6325,329
粤B7WK83,114.069031,22.6325,329
粤B7WK83,114.069069,22.632032,329
粤B7WK83,114.069054,22.632017,330
粤B7WK83,114.069099,22.6325,330
粤B7WK83,114.068985,22.632366,330
粤B7WK83,114.069054,22.632017,330
粤B7WK83,114.069099,22.6325,331
粤B7WK83,114.069,22.632334,331
粤B7WK83,114.069099,22.6325,331
粤B7WK83,114.069099,22.6325,331
粤B7WK83,114.069,22.632334,332
粤B7WK83,114.069,22.632334,332
粤B7WK83,114.069,22.632334,332
粤B7WK83,114.069,22.632334,332
粤B7WK83,114.069,22.632334,333
粤B7WK83,114.069,22.632334,333
粤B7WK83,114.069,22.632334,333
粤B7WK83,114.069,22.632334,333
粤B7WK83,114.069,22.632334,334
粤B7WK83,114.069,22.632334,334
粤B7WK83,114.069,22.632334,334
粤B7WK83,114.069,22.632334,334
粤B7WK83,114.069,22.632334,335
粤B7WK83,114.069,22.632334,335
粤B7WK83,114.069,22.632334,335
粤B7WK83,114.069,22.632334,335
粤B7WK83,114.069,22.632334,336
粤B7WK83,114.069,22.632334,336
粤B7WK83,114.069,22.632334,336
粤B7WK83,114.069,22.632334,336
粤B7WK83,114.069,22.632334,337
粤B7WK83,114.069,22.632334,337
粤B7WK83,114.069,22.632334,337
粤B7WK83,114.069,22.632334,337
粤B7WK83,114.069,22.632334,338
粤B7WK83,114.069,22.632334,338
粤B7WK83,114.069,22.632334,338
粤B7WK83,114.069,22.632334,338
粤B7WK83,114.069,22.632334,339
粤B7WK83,114.069,22.632334,339
粤B7WK83,114.069,22.632334,339
粤B7WK83,114.069,22.632334,339
粤B7WK83,114.069,22.632334,340
粤B7WK83,114.069,22.632334,340
粤B7WK83,114.069,22.632334,340
粤B7WK83,114.069,22.632334,340
粤B7WK83,114.069,22.632334,341
粤B7WK83,114.069,22.632334,341
粤B7WK83,114.069,22.632334,341
粤B7WK83,114.069,22.632334,341
粤B7WK83,114.069,22.632334,342
粤B7WK83,114.069,22.632334,342
粤B7WK83,114.069,22.632334,342
粤B7WK83,114.069,22.632334,342
粤B7WK83,114.068886,22.6322,343
粤B7WK83,114.069,22.632334,343
粤B7WK83,114.068886,22.6322,343
粤B7WK83,114.069,22.632334,343
粤B7WK83,114.068886,22.6322,344
粤B7WK83,114.068886,22.6322,344
粤B7WK83,114.068886,22.6322,344
粤B7WK83,114.068886,22.6322,344
粤B7WK83,114.068886,22.6322,345
粤B7WK83,114.068886,22.6322,345
粤B7WK83,114.068886,22.6322,345
粤B7WK83,114.068886,22.6322,345
粤B7WK83,114.069016,22.632183,346
粤B7WK83,114.068886,22.6322,346
粤B7WK83,114.068886,22.6322,346
粤B7WK83,114.068886,22.6322,346
粤B7WK83,114.068886,22.632151,347
粤B7WK83,114.068848,22.632168,347
粤B7WK83,114.069016,22.632183,347
粤B7WK83,114.069016,22.632183,347
粤B7WK83,114.068985,22.632099,348
粤B7WK83,114.068985,22.632099,348
粤B7WK83,114.068886,22.632168,348
粤B7WK83,114.068985,22.632099,348
粤B7WK83,114.068871,22.632168,349
粤B7WK83,114.068871,22.632168,349
粤B7WK83,114.068871,22.632168,349
粤B7WK83,114.068871,22.632168,349
粤B7WK83,114.068871,22.632168,350
粤B7WK83,114.068871,22.632168,350
粤B7WK83,114.068871,22.632168,350
粤B7WK83,114.068871,22.632168,350
粤B7WK83,114.068871,22.632168,351
粤B7WK83,114.069031,22.632151,351
粤B7WK83,114.068871,22.632168,351
粤B7WK83,114.068871,22.632168,351
粤B7WK83,114.069031,22.632151,352
粤B7WK83,114.06942,22.632116,352
粤B7WK83,114.069351,22.632116,352
粤B7WK83,114.06913,22.632116,352
粤B7WK83,114.068886,22.632116,353
粤B7WK83,114.068886,22.632116,353
粤B7WK83,114.068886,22.632116,353
粤B7WK83,114.068886,22.632116,353
粤B7WK83,114.068886,22.632116,354
粤B7WK83,114.068886,22.632116,354
粤B7WK83,114.068886,22.632116,354
粤B7WK83,114.068886,22.632116,354
粤B7WK83,114.068886,22.632116,355
粤B7WK83,114.068886,22.632116,355
粤B7WK83,114.068886,22.632116,355
粤B7WK83,114.068886,22.632116,355
粤B7WK83,114.068886,22.632116,356
粤B7WK83,114.068886,22.632116,356
粤B7WK83,114.068886,22.632116,356
粤B7WK83,114.068886,22.632116,356
粤B7WK83,114.068886,22.632116,357
粤B7WK83,114.068886,22.632116,357
粤B7WK83,114.068886,22.632116,357
粤B7WK83,114.068886,22.632116,357
粤B7WK83,114.068886,22.632116,358
粤B7WK83,114.068886,22.632116,358
粤B7WK83,114.068886,22.632116,358
粤B7WK83,114.068886,22.632116,358
粤B7WK83,114.068886,22.632116,359
粤B7WK83,114.068886,22.632116,359
粤B7WK83,114.068886,22.632116,359
粤B7WK83,114.068886,22.632116,359
粤B7WK83,114.068886,22.632116,360
粤B7WK83,114.068886,22.632116,360
粤B7WK83,114.068886,22.632116,360
粤B7WK83,114.068886,22.632116,360
粤B7WK83,114.068886,22.632116,361
粤B7WK83,114.068886,22.632116,361
粤B7WK83,114.068886,22.632116,361
粤B7WK83,114.068886,22.632116,361
粤B7WK83,114.068886,22.632116,362
粤B7WK83,114.068886,22.632116,362
粤B7WK83,114.068886,22.632116,362
粤B7WK83,114.068886,22.632116,362
粤B7WK83,114.068886,22.632116,363
粤B7WK83,114.068886,22.632116,363
粤B7WK83,114.068886,22.632116,363
粤B7WK83,114.068886,22.632116,363
粤B7WK83,114.068886,22.632116,364
粤B7WK83,114.068886,22.632116,364
粤B7WK83,114.068886,22.632116,364
粤B7WK83,114.068886,22.632116,364
粤B7WK83,114.068886,22.632116,365
粤B7WK83,114.068886,22.632116,365
粤B7WK83,114.068886,22.632116,365
粤B7WK83,114.068886,22.632116,365
粤B7WK83,114.068886,22.632116,366
粤B7WK83,114.068886,22.632116,366
粤B7WK83,114.068886,22.632116,366
粤B7WK83,114.068886,22.632116,366
粤B7WK83,114.068886,22.632116,367
粤B7WK83,114.068886,22.632116,367
粤B7WK83,114.068886,22.632116,367
粤B7WK83,114.068886,22.632116,368
粤B7WK83,114.068886,22.632116,368
粤B7WK83,114.068886,22.632116,368
粤B7WK83,114.068886,22.632116,368
粤B7WK83,114.068886,22.632116,369
粤B7WK83,114.068886,22.632116,369
粤B7WK83,114.068886,22.632116,369
粤B7WK83,114.068886,22.632116,369
粤B7WK83,114.068886,22.632116,370
粤B7WK83,114.068886,22.632116,370
粤B7WK83,114.068886,22.632116,370
粤B7WK83,114.068886,22.632116,370
粤B7WK83,114.068886,22.632116,371
粤B7WK83,114.068886,22.632116,371
粤B7WK83,114.068886,22.632116,371
粤B7WK83,114.068886,22.632116,371
粤B7WK83,114.068886,22.632116,372
粤B7WK83,114.068886,22.632116,372
粤B7WK83,114.068886,22.632116,372
粤B7WK83,114.068886,22.632116,372
粤B7WK83,114.068886,22.632116,373
粤B7WK83,114.068886,22.632116,373
粤B7WK83,114.068886,22.632116,373
粤B7WK83,114.068886,22.632116,373
粤B7WK83,114.068886,22.632116,374
粤B7WK83,114.068886,22.632116,374
粤B7WK83,114.068886,22.632116,374
粤B7WK83,114.068886,22.632116,374
粤B7WK83,114.068886,22.632116,375
粤B7WK83,114.068886,22.632116,375
粤B7WK83,114.068886,22.632116,375
粤B7WK83,114.068886,22.632116,375
粤B7WK83,114.068886,22.632116,376
粤B7WK83,114.068886,22.632116,376
粤B7WK83,114.068886,22.632116,376
粤B7WK83,114.068886,22.632116,376
粤B7WK83,114.068886,22.632116,377
粤B7WK83,114.068886,22.632116,377
粤B7WK83,114.068886,22.632116,377
粤B7WK83,114.068886,22.632116,377
粤B7WK83,114.068886,22.632116,378
粤B7WK83,114.068886,22.632116,378
粤B7WK83,114.068886,22.632116,378
粤B7WK83,114.068886,22.632116,378
粤B7WK83,114.068886,22.632116,379
粤B7WK83,114.068886,22.632116,379
粤B7WK83,114.068886,22.632116,379
粤B7WK83,114.068886,22.632116,379
粤B7WK83,114.068886,22.632116,380
粤B7WK83,114.068886,22.632116,380
粤B7WK83,114.068886,22.632116,380
粤B7WK83,114.068886,22.632116,380
粤B7WK83,114.069016,22.6322,381
粤B7WK83,114.069016,22.6322,381
粤B7WK83,114.069016,22.6322,381
粤B7WK83,114.069016,22.6322,381
粤B7WK83,114.069016,22.6322,382
粤B7WK83,114.069016,22.6322,382
粤B7WK83,114.069016,22.6322,382
粤B7WK83,114.069016,22.6322,382
粤B7WK83,114.069016,22.6322,383
粤B7WK83,114.069016,22.6322,383
粤B7WK83,114.069016,22.6322,383
粤B7WK83,114.069016,22.6322,383
粤B7WK83,114.069016,22.6322,384
粤B7WK83,114.069016,22.6322,384
粤B7WK83,114.069016,22.6322,384
粤B7WK83,114.069016,22.6322,384
粤B7WK83,114.069016,22.6322,385
粤B7WK83,114.069016,22.6322,385
粤B7WK83,114.069016,22.6322,385
粤B7WK83,114.069016,22.6322,385
粤B7WK83,114.068787,22.632099,386
粤B7WK83,114.069016,22.6322,386
粤B7WK83,114.069016,22.6322,386
粤B7WK83,114.068787,22.632099,386
粤B7WK83,114.068787,22.632099,387
粤B7WK83,114.068787,22.632099,387
粤B7WK83,114.068787,22.632099,387
粤B7WK83,114.068787,22.632099,387
粤B7WK83,114.068848,22.632133,388
粤B7WK83,114.068787,22.632099,388
粤B7WK83,114.068848,22.632133,388
粤B7WK83,114.068848,22.632133,388
粤B7WK83,114.068848,22.632133,389
粤B7WK83,114.068848,22.632133,389
粤B7WK83,114.068848,22.632133,389
粤B7WK83,114.068848,22.632133,389
粤B7WK83,114.068848,22.632133,390
粤B7WK83,114.068848,22.632133,390
粤B7WK83,114.068848,22.632133,390
粤B7WK83,114.068848,22.632133,390
粤B7WK83,114.068901,22.632116,391
粤B7WK83,114.068901,22.632116,391
粤B7WK83,114.068901,22.632116,391
粤B7WK83,114.068901,22.632116,391
粤B7WK83,114.068901,22.632116,392
粤B7WK83,114.068901,22.632116,392
粤B7WK83,114.068901,22.632116,392
粤B7WK83,114.068901,22.632116,392
粤B7WK83,114.068901,22.632116,393
粤B7WK83,114.068832,22.632133,393
粤B7WK83,114.068832,22.632133,393
粤B7WK83,114.068832,22.632133,393
粤B7WK83,114.068733,22.632,394
粤B7WK83,114.068733,22.632,394
粤B7WK83,114.068832,22.632133,394
粤B7WK83,114.068733,22.632,394
粤B7WK83,114.068733,22.632,395
粤B7WK83,114.068733,22.632,395
粤B7WK83,114.068802,22.632099,395
粤B7WK83,114.068733,22.632,395
粤B7WK83,114.068817,22.632116,396
粤B7WK83,114.068817,22.632116,396
粤B7WK83,114.068817,22.632116,396
粤B7WK83,114.068817,22.632116,396
粤B7WK83,114.068817,22.632116,397
粤B7WK83,114.068901,22.632183,397
粤B7WK83,114.068916,22.632151,397
粤B7WK83,114.068817,22.632116,397
粤B7WK83,114.068916,22.632151,398
粤B7WK83,114.068916,22.632151,398
粤B7WK83,114.068916,22.632151,398
粤B7WK83,114.068916,22.632151,398
粤B7WK83,114.068916,22.632151,399
粤B7WK83,114.068916,22.632151,399
粤B7WK83,114.068916,22.632151,399
粤B7WK83,114.068916,22.632151,399
粤B7WK83,114.068916,22.632151,400
粤B7WK83,114.069016,22.632116,400
粤B7WK83,114.069016,22.632116,400
粤B7WK83,114.068916,22.632151,400
粤B7WK83,114.069016,22.632116,401
粤B7WK83,114.068947,22.632017,401
粤B7WK83,114.069016,22.632116,401
粤B7WK83,114.069016,22.632116,401
粤B7WK83,114.068947,22.632017,402
粤B7WK83,114.068871,22.632168,402
粤B7WK83,114.068871,22.632168,402
粤B7WK83,114.068871,22.632168,402
粤B7WK83,114.068733,22.632032,403
粤B7WK83,114.068733,22.632032,403
粤B7WK83,114.068733,22.632032,403
粤B7WK83,114.068733,22.632032,403
粤B7WK83,114.068733,22.632032,404
粤B7WK83,114.068733,22.632032,404
粤B7WK83,114.068733,22.632032,404
粤B7WK83,114.068733,22.632032,404
粤B7WK83,114.068916,22.632168,405
粤B7WK83,114.068733,22.632032,405
粤B7WK83,114.068733,22.632032,405
粤B7WK83,114.068916,22.632168,405
粤B7WK83,114.06897,22.632116,406
粤B7WK83,114.06897,22.632116,406
粤B7WK83,114.06897,22.632116,406
粤B7WK83,114.06897,22.632116,406
粤B7WK83,114.068932,22.6322,407
粤B7WK83,114.068932,22.6322,407
粤B7WK83,114.068932,22.6322,407
粤B7WK83,114.068932,22.6322,407
粤B7WK83,114.068932,22.6322,408
粤B7WK83,114.068932,22.6322,408
粤B7WK83,114.068932,22.6322,408
粤B7WK83,114.068932,22.6322,408
粤B7WK83,114.068932,22.6322,409
粤B7WK83,114.068932,22.6322,409
粤B7WK83,114.068932,22.6322,409
粤B7WK83,114.068932,22.6322,409
粤B7WK83,114.068932,22.6322,410
粤B7WK83,114.068848,22.63205,410
粤B7WK83,114.068932,22.6322,410
粤B7WK83,114.068932,22.6322,410
粤B7WK83,114.068718,22.631918,411
粤B7WK83,114.068718,22.631918,411
粤B7WK83,114.068718,22.631918,411
粤B7WK83,114.068764,22.632032,411
粤B7WK83,114.068764,22.632032,412
粤B7WK83,114.068871,22.632133,412
粤B7WK83,114.068764,22.632032,412
粤B7WK83,114.068871,22.632133,412
粤B7WK83,114.068871,22.632133,413
粤B7WK83,114.068871,22.632133,413
粤B7WK83,114.068871,22.632133,413
粤B7WK83,114.068871,22.632133,413
粤B7WK83,114.068871,22.632,414
粤B7WK83,114.068871,22.632,414
粤B7WK83,114.068871,22.632133,414
粤B7WK83,114.068871,22.632,414
粤B7WK83,114.068871,22.632,415
粤B7WK83,114.068871,22.632,415
粤B7WK83,114.068871,22.632,415
粤B7WK83,114.068832,22.632084,415
粤B7WK83,114.068832,22.632084,416
粤B7WK83,114.068832,22.632084,416
粤B7WK83,114.068832,22.632084,416
粤B7WK83,114.068832,22.632084,416
粤B7WK83,114.068832,22.632084,417
粤B7WK83,114.068832,22.632084,417
粤B7WK83,114.068832,22.632084,417
粤B7WK83,114.068832,22.632084,417
粤B7WK83,114.068802,22.63205,418
粤B7WK83,114.068802,22.63205,418
粤B7WK83,114.068802,22.63205,418
粤B7WK83,114.068802,22.63205,418
粤B7WK83,114.068802,22.63205,419
粤B7WK83,114.068802,22.63205,419
粤B7WK83,114.068802,22.63205,419
粤B7WK83,114.068802,22.63205,419
粤B7WK83,114.068802,22.63205,420
粤B7WK83,114.068802,22.63205,420
粤B7WK83,114.068802,22.63205,420
粤B7WK83,114.068802,22.63205,420
粤B7WK83,114.068802,22.63205,421
粤B7WK83,114.068802,22.63205,421
粤B7WK83,114.068802,22.63205,421
粤B7WK83,114.068802,22.63205,421
粤B7WK83,114.069031,22.632032,422
粤B7WK83,114.069031,22.632032,422
粤B7WK83,114.068802,22.63205,422
粤B7WK83,114.069031,22.632032,422
粤B7WK83,114.069153,22.6322,423
粤B7WK83,114.069153,22.6322,423
粤B7WK83,114.069153,22.6322,423
粤B7WK83,114.069153,22.6322,423
粤B7WK83,114.069153,22.6322,424
粤B7WK83,114.069153,22.6322,424
粤B7WK83,114.069153,22.6322,424
粤B7WK83,114.069153,22.6322,424
粤B7WK83,114.069153,22.6322,425
粤B7WK83,114.068848,22.631968,425
粤B7WK83,114.068848,22.631968,425
粤B7WK83,114.068848,22.631968,426
粤B7WK83,114.068848,22.631968,426
粤B7WK83,114.068848,22.631968,426
粤B7WK83,114.068848,22.631968,426
粤B7WK83,114.068848,22.631968,427
粤B7WK83,114.068848,22.631968,427
粤B7WK83,114.068848,22.631968,427
粤B7WK83,114.068848,22.631968,427
粤B7WK83,114.068848,22.631968,428
粤B7WK83,114.068848,22.631968,428
粤B7WK83,114.068848,22.631968,428
粤B7WK83,114.068848,22.631968,428
粤B7WK83,114.068848,22.631968,429
粤B7WK83,114.068848,22.631968,429
粤B7WK83,114.068848,22.631968,429
粤B7WK83,114.068848,22.631968,429
粤B7WK83,114.068848,22.631968,430
粤B7WK83,114.068848,22.631968,430
粤B7WK83,114.068848,22.631968,430
粤B7WK83,114.068848,22.631968,430
粤B7WK83,114.069031,22.632317,431
粤B7WK83,114.069031,22.632317,431
粤B7WK83,114.069031,22.632317,431
粤B7WK83,114.069031,22.632317,431
粤B7WK83,114.069031,22.632317,432
粤B7WK83,114.069031,22.632317,432
粤B7WK83,114.069031,22.632317,432
粤B7WK83,114.069031,22.632317,432
粤B7WK83,114.069031,22.632317,433
粤B7WK83,114.069031,22.632317,433
粤B7WK83,114.069031,22.632317,433
粤B7WK83,114.069031,22.632317,433
粤B7WK83,114.069031,22.632317,434
粤B7WK83,114.069031,22.632317,434
粤B7WK83,114.069031,22.632317,434
粤B7WK83,114.069031,22.632317,434
粤B7WK83,114.069016,22.632334,435
粤B7WK83,114.069016,22.632334,435
粤B7WK83,114.069016,22.632334,435
粤B7WK83,114.069016,22.632334,435
粤B7WK83,114.069016,22.632334,436
粤B7WK83,114.069016,22.632334,436
粤B7WK83,114.069016,22.632334,436
粤B7WK83,114.069016,22.632334,436
粤B7WK83,114.069016,22.632334,437
粤B7WK83,114.069016,22.632334,437
粤B7WK83,114.069016,22.632334,437
粤B7WK83,114.069016,22.632334,437
粤B7WK83,114.069016,22.632334,438
粤B7WK83,114.069016,22.632334,438
粤B7WK83,114.069016,22.632334,438
粤B7WK83,114.069016,22.632334,438
粤B7WK83,114.069016,22.632334,439
粤B7WK83,114.069016,22.632334,439
粤B7WK83,114.069016,22.632334,439
粤B7WK83,114.069016,22.632334,439
粤B7WK83,114.069016,22.632334,440
粤B7WK83,114.069016,22.632334,440
粤B7WK83,114.069016,22.632334,440
粤B7WK83,114.069016,22.632334,440
粤B7WK83,114.069016,22.632334,441
粤B7WK83,114.069016,22.632334,441
粤B7WK83,114.069016,22.632334,441
粤B7WK83,114.069016,22.632334,441
粤B7WK83,114.069016,22.632334,442
粤B7WK83,114.069016,22.632334,442
粤B7WK83,114.069016,22.632334,442
粤B7WK83,114.069016,22.632334,442
粤B7WK83,114.069016,22.632334,443
粤B7WK83,114.069016,22.632334,443
粤B7WK83,114.069016,22.632334,443
粤B7WK83,114.069016,22.632334,443
粤B7WK83,114.069016,22.632334,444
粤B7WK83,114.069016,22.632334,444
粤B7WK83,114.069016,22.632334,444
粤B7WK83,114.069016,22.632334,444
粤B7WK83,114.069016,22.632334,445
粤B7WK83,114.069016,22.632334,445
粤B7WK83,114.069016,22.632334,445
粤B7WK83,114.069016,22.632334,445
粤B7WK83,114.069016,22.632334,446
粤B7WK83,114.069016,22.632334,446
粤B7WK83,114.069016,22.632334,446
粤B7WK83,114.069016,22.632334,446
粤B7WK83,114.069016,22.632334,447
粤B7WK83,114.069016,22.632334,447
粤B7WK83,114.069016,22.632334,447
粤B7WK83,114.069016,22.632334,447
粤B7WK83,114.069016,22.632334,448
粤B7WK83,114.069016,22.632334,448
粤B7WK83,114.069016,22.632334,448
粤B7WK83,114.069016,22.632334,448
粤B7WK83,114.069016,22.632334,449
粤B7WK83,114.069016,22.632334,449
粤B7WK83,114.069016,22.632334,449
粤B7WK83,114.069016,22.632334,449
粤B7WK83,114.069016,22.632334,450
粤B7WK83,114.069016,22.632334,450
粤B7WK83,114.069016,22.632334,450
粤B7WK83,114.069016,22.632334,450
粤B7WK83,114.069016,22.632334,451
粤B7WK83,114.069016,22.632334,451
粤B7WK83,114.069016,22.632334,451
粤B7WK83,114.069016,22.632334,451
粤B7WK83,114.069016,22.632334,452
粤B7WK83,114.069016,22.632334,452
粤B7WK83,114.069016,22.632334,452
粤B7WK83,114.069016,22.632334,452
粤B7WK83,114.069016,22.632334,453
粤B7WK83,114.069016,22.632334,453
粤B7WK83,114.069016,22.632334,453
粤B7WK83,114.069016,22.632334,453
粤B7WK83,114.069016,22.632334,454
粤B7WK83,114.069016,22.632334,454
粤B7WK83,114.069016,22.632334,454
粤B7WK83,114.069016,22.632334,454
粤B7WK83,114.069016,22.632334,455
粤B7WK83,114.069016,22.632334,455
粤B7WK83,114.069016,22.632334,455
粤B7WK83,114.069016,22.632334,455
粤B7WK83,114.069016,22.632334,456
粤B7WK83,114.069016,22.632334,456
粤B7WK83,114.069016,22.632334,456
粤B7WK83,114.069252,22.632084,456
粤B7WK83,114.069214,22.632116,457
粤B7WK83,114.069214,22.632116,457
粤B7WK83,114.069214,22.632116,457
粤B7WK83,114.069214,22.632116,457
粤B7WK83,114.069214,22.632116,458
粤B7WK83,114.069214,22.632116,458
粤B7WK83,114.069214,22.632116,458
粤B7WK83,114.069214,22.632116,458
粤B7WK83,114.069214,22.632116,459
粤B7WK83,114.069214,22.632116,459
粤B7WK83,114.069214,22.632116,459
粤B7WK83,114.069214,22.632116,459
粤B7WK83,114.068916,22.632133,460
粤B7WK83,114.069099,22.632133,460
粤B7WK83,114.069099,22.632133,460
粤B7WK83,114.068932,22.632133,460
粤B7WK83,114.068985,22.632168,461
粤B7WK83,114.068916,22.632133,461
粤B7WK83,114.068916,22.632133,461
粤B7WK83,114.068985,22.632168,461
粤B7WK83,114.069115,22.632099,462
粤B7WK83,114.069115,22.632099,462
粤B7WK83,114.068985,22.632168,462
粤B7WK83,114.069115,22.632099,462
粤B7WK83,114.069031,22.632084,463
粤B7WK83,114.069031,22.632084,463
粤B7WK83,114.069031,22.632084,463
粤B7WK83,114.069031,22.632084,463
粤B7WK83,114.069031,22.632084,464
粤B7WK83,114.069031,22.632084,464
粤B7WK83,114.069031,22.632084,464
粤B7WK83,114.069031,22.632084,464
粤B7WK83,114.069153,22.632151,465
粤B7WK83,114.069153,22.632151,465
粤B7WK83,114.069099,22.632267,465
粤B7WK83,114.069153,22.632151,465
粤B7WK83,114.069069,22.632183,466
粤B7WK83,114.069054,22.632183,466
粤B7WK83,114.069054,22.632183,466
粤B7WK83,114.069054,22.632183,466
粤B7WK83,114.069031,22.632133,467
粤B7WK83,114.069031,22.632133,467
粤B7WK83,114.069031,22.632133,467
粤B7WK83,114.069031,22.632133,467
粤B7WK83,114.068871,22.632151,468
粤B7WK83,114.068947,22.632099,468
粤B7WK83,114.069031,22.632133,468
粤B7WK83,114.069031,22.632133,468
粤B7WK83,114.068871,22.632151,469
粤B7WK83,114.068871,22.632151,469
粤B7WK83,114.068871,22.632151,469
粤B7WK83,114.068871,22.632151,469
粤B7WK83,114.068871,22.632151,470
粤B7WK83,114.068871,22.632151,470
粤B7WK83,114.068932,22.631983,470
粤B7WK83,114.068871,22.632151,470
粤B7WK83,114.068916,22.631983,471
粤B7WK83,114.068916,22.631983,471
粤B7WK83,114.068916,22.631983,471
粤B7WK83,114.068947,22.632168,471
粤B7WK83,114.068947,22.632168,472
粤B7WK83,114.068886,22.632334,472
粤B7WK83,114.069031,22.632133,472
粤B7WK83,114.068886,22.632351,472
粤B7WK83,114.069031,22.632133,473
粤B7WK83,114.069031,22.632133,473
粤B7WK83,114.069031,22.632133,473
粤B7WK83,114.069031,22.632133,473
粤B7WK83,114.069069,22.632299,474
粤B7WK83,114.069031,22.632133,474
粤B7WK83,114.069031,22.632133,474
粤B7WK83,114.069069,22.632299,474
粤B7WK83,114.069069,22.632299,475
粤B7WK83,114.069069,22.632299,475
粤B7WK83,114.069069,22.632299,475
粤B7WK83,114.069069,22.632299,475
粤B7WK83,114.069069,22.632299,476
粤B7WK83,114.069069,22.632299,476
粤B7WK83,114.069069,22.632299,476
粤B7WK83,114.069069,22.632299,476
粤B7WK83,114.069069,22.632299,477
粤B7WK83,114.069069,22.632299,477
粤B7WK83,114.069069,22.632299,477
粤B7WK83,114.069069,22.632299,477
粤B7WK83,114.069069,22.632299,478
粤B7WK83,114.069069,22.632299,478
粤B7WK83,114.069069,22.632299,478
粤B7WK83,114.069069,22.632299,478
粤B7WK83,114.069069,22.632299,479
粤B7WK83,114.069069,22.632299,479
粤B7WK83,114.069069,22.632299,479
粤B7WK83,114.069069,22.632299,479
粤B7WK83,114.068871,22.632183,480
粤B7WK83,114.068871,22.632183,480
粤B7WK83,114.068871,22.632183,480
粤B7WK83,114.068871,22.632183,480
粤B7WK83,114.068871,22.632183,481
粤B7WK83,114.068871,22.632183,481
粤B7WK83,114.068871,22.632183,481
粤B7WK83,114.068871,22.632183,481
粤B7WK83,114.068886,22.63225,482
粤B7WK83,114.06897,22.632183,482
粤B7WK83,114.06897,22.632183,482
粤B7WK83,114.06897,22.632183,482
粤B7WK83,114.068886,22.63225,483
粤B7WK83,114.068886,22.63225,483
粤B7WK83,114.068886,22.63225,483
粤B7WK83,114.069031,22.6322,488
粤B7WK83,114.069031,22.6322,488
粤B7WK83,114.069031,22.6322,488
粤B7WK83,114.069031,22.6322,489
粤B7WK83,114.069031,22.6322,489
粤B7WK83,114.069031,22.6322,489
粤B7WK83,114.069031,22.6322,489
粤B7WK83,114.069031,22.6322,490
粤B7WK83,114.069031,22.6322,490
粤B7WK83,114.069031,22.6322,490
粤B7WK83,114.069031,22.6322,490
粤B7WK83,114.069031,22.6322,491
粤B7WK83,114.069031,22.6322,491
粤B7WK83,114.069031,22.6322,491
粤B7WK83,114.069031,22.6322,491
粤B7WK83,114.069031,22.6322,492
粤B7WK83,114.069031,22.6322,492
粤B7WK83,114.069031,22.6322,492
粤B7WK83,114.069031,22.6322,492
粤B7WK83,114.069031,22.6322,493
粤B7WK83,114.068871,22.632116,493
粤B7WK83,114.068871,22.632116,493
粤B7WK83,114.069031,22.6322,493
粤B7WK83,114.068871,22.632116,494
粤B7WK83,114.068886,22.63205,494
粤B7WK83,114.068871,22.632116,494
粤B7WK83,114.068886,22.63205,494
粤B7WK83,114.068886,22.63205,495
粤B7WK83,114.068886,22.63205,495
粤B7WK83,114.068985,22.632168,495
粤B7WK83,114.068886,22.63205,495
粤B7WK83,114.068985,22.632168,496
粤B7WK83,114.068985,22.632168,496
粤B7WK83,114.06897,22.632151,496
粤B7WK83,114.068985,22.632168,496
粤B7WK83,114.068916,22.632351,497
粤B7WK83,114.068916,22.632351,497
粤B7WK83,114.068916,22.632351,497
粤B7WK83,114.06897,22.632151,497
粤B7WK83,114.068901,22.6322,498
粤B7WK83,114.068901,22.6322,498
粤B7WK83,114.068901,22.6322,498
粤B7WK83,114.068901,22.6322,498
粤B7WK83,114.068947,22.632133,502
粤B7WK83,114.068947,22.632217,503
粤B7WK83,114.068947,22.632217,503
粤B7WK83,114.068802,22.632099,506
粤B7WK83,114.068832,22.630684,509
粤B7WK83,114.068733,22.630751,509
粤B7WK83,114.069397,22.63065,510
粤B7WK83,114.068832,22.630684,510
粤B7WK83,114.069054,22.630667,510
粤B7WK83,114.06945,22.630501,510
粤B7WK83,114.068382,22.630516,511
粤B7WK83,114.067215,22.630516,511
粤B7WK83,114.065117,22.632532,513
粤B7WK83,114.065117,22.632532,513
粤B7WK83,114.065117,22.632532,513
粤B7WK83,114.06472,22.633867,514
粤B7WK83,114.063515,22.636766,514
粤B7WK83,114.065086,22.632799,514
粤B7WK83,114.064034,22.635532,514
粤B7WK83,114.06163,22.641701,515
粤B7WK83,114.06292,22.638083,515
粤B7WK83,114.062737,22.638767,515
粤B7WK83,114.062164,22.640133,515
粤B7WK83,114.061363,22.642134,516
粤B7WK83,114.061363,22.642134,516
粤B7WK83,114.061363,22.642134,516
粤B7WK83,114.061363,22.642134,516
粤B7WK83,114.061363,22.642134,517
粤B7WK83,114.061363,22.642134,517
粤B7WK83,114.061363,22.642134,517
粤B7WK83,114.061363,22.642134,517
粤B7WK83,114.061066,22.64575,518
粤B7WK83,114.061165,22.643368,518
粤B7WK83,114.061218,22.642567,518
粤B7WK83,114.061134,22.6443,518
粤B7WK83,114.061165,22.647617,519
粤B7WK83,114.061165,22.647617,519
粤B7WK83,114.061218,22.647367,519
粤B7WK83,114.061134,22.647699,519
粤B7WK83,114.061096,22.648951,520
粤B7WK83,114.061401,22.650417,520
粤B7WK83,114.06102,22.648117,520
粤B7WK83,114.060936,22.647867,520
粤B7WK83,114.061699,22.6514,521
粤B7WK83,114.062218,22.652782,521
粤B7WK83,114.06218,22.652582,521
粤B7WK83,114.061882,22.651917,521
粤B7WK83,114.062485,22.653482,522
粤B7WK83,114.063004,22.654734,522
粤B7WK83,114.063164,22.655199,522
粤B7WK83,114.062782,22.654182,522
粤B7WK83,114.063034,22.6572,523
粤B7WK83,114.06382,22.656616,523
粤B7WK83,114.063881,22.656517,523
粤B7WK83,114.063637,22.656082,523
粤B7WK83,114.060616,22.659067,524
粤B7WK83,114.061485,22.658216,524
粤B7WK83,114.060516,22.658817,524
粤B7WK83,114.060486,22.659,524
粤B7WK83,114.060585,22.65955,525
粤B7WK83,114.0606,22.659733,525
粤B7WK83,114.060799,22.660049,525
粤B7WK83,114.0606,22.659733,525
粤B7WK83,114.0616,22.660732,528
粤B7WK83,114.0616,22.660732,529
粤B7WK83,114.0616,22.660732,529
粤B7WK83,114.0616,22.660732,529
粤B7WK83,114.0616,22.660732,529
粤B7WK83,114.0616,22.660732,530
粤B7WK83,114.0616,22.660732,530
粤B7WK83,114.0616,22.660732,530
粤B7WK83,114.0616,22.660732,530
粤B7WK83,114.061798,22.661051,531
粤B7WK83,114.061813,22.661083,531
粤B7WK83,114.069115,22.656816,535
粤B7WK83,114.070816,22.655483,535
粤B7WK83,114.068848,22.6577,535
粤B7WK83,114.069931,22.656151,535
粤B7WK83,114.071602,22.6549,536
粤B7WK83,114.072433,22.65435,536
粤B7WK83,114.072319,22.654432,536
粤B7WK83,114.072098,22.654551,536
粤B7WK83,114.072433,22.65435,537
粤B7WK83,114.063301,22.639233,547
粤B7WK83,114.063301,22.639233,548
粤B7WK83,114.063301,22.639233,548
粤B7WK83,114.063301,22.639233,548
粤B7WK83,114.056717,22.629784,553
粤B7WK83,114.056549,22.629801,553
粤B7WK83,114.05555,22.632401,554
粤B7WK83,114.055786,22.630234,554
粤B7WK83,114.055679,22.630899,554
粤B7WK83,114.055618,22.631416,554
粤B7WK83,114.055748,22.630501,554
粤B7WK83,114.055534,22.632433,555
粤B7WK83,114.059616,22.638483,558
粤B7WK83,114.060768,22.638918,559
粤B7WK83,114.063766,22.639517,562
粤B7WK83,114.063301,22.639133,562
粤B7WK83,114.06427,22.6404,563
粤B7WK83,114.064766,22.641333,563
粤B7WK83,114.06562,22.64225,563
粤B7WK83,114.066498,22.642767,563
粤B7WK83,114.067947,22.643833,564
粤B7WK83,114.067947,22.643833,564
粤B7WK83,114.067734,22.64365,564
粤B7WK83,114.067947,22.643833,564
粤B7WK83,114.067947,22.643833,565
粤B7WK83,114.067947,22.643833,565
粤B7WK83,114.067947,22.643833,565
粤B7WK83,114.067947,22.643833,565
粤B7WK83,114.069031,22.64695,566
粤B7WK83,114.068649,22.644716,566
粤B7WK83,114.069,22.646217,566
粤B7WK83,114.06987,22.649467,567
粤B7WK83,114.072586,22.654182,570
粤B7WK83,114.072517,22.654417,570
粤B7WK83,114.072517,22.654417,570
粤B7WK83,114.072586,22.654182,571
粤B7WK83,114.072586,22.654182,571
粤B7WK83,114.072586,22.654182,572
粤B7WK83,114.072586,22.654182,572
粤B7WK83,114.072701,22.65435,576
粤B7WK83,114.072701,22.65435,579
粤B7WK83,114.072701,22.65435,579
粤B7WK83,114.072701,22.65435,579
粤B7WK83,114.072701,22.65435,580
粤B7WK83,114.072701,22.65435,580
粤B7WK83,114.072701,22.65435,580
粤B7WK83,114.072701,22.65435,580
粤B7WK83,114.072701,22.65435,581
粤B7WK83,114.072701,22.65435,581
粤B7WK83,114.072701,22.65435,584
粤B7WK83,114.072701,22.65435,584
粤B7WK83,114.072701,22.65435,584
粤B7WK83,114.076515,22.649918,588
粤B7WK83,114.076736,22.649401,588
粤B7WK83,114.077431,22.645317,591
粤B7WK83,114.077271,22.64505,592
粤B7WK83,114.077271,22.64505,592
粤B7WK83,114.077271,22.64505,592
粤B7WK83,114.077271,22.64505,592
粤B7WK83,114.083099,22.640833,596
粤B7WK83,114.094666,22.636351,599
粤B7WK83,114.135185,22.635668,604
粤B7WK83,114.134781,22.635683,604
粤B7WK83,114.13942,22.636766,605
粤B7WK83,114.14637,22.641333,605
粤B7WK83,114.140915,22.637733,605
粤B7WK83,114.14373,22.639618,605
粤B7WK83,114.155251,22.645933,606
粤B7WK83,114.158096,22.646749,606
粤B7WK83,114.155251,22.645933,606
粤B7WK83,114.155251,22.645933,606
粤B7WK83,114.149399,22.643118,606
粤B7WK83,114.15255,22.644716,606
粤B7WK83,114.155251,22.645933,606
粤B7WK83,114.158096,22.646749,606
粤B7WK83,114.15255,22.644716,606
粤B7WK83,114.158096,22.646749,606
粤B7WK83,114.158096,22.646749,606
粤B7WK83,114.15255,22.644716,606
粤B7WK83,114.15255,22.644716,606
粤B7WK83,114.164169,22.647551,607
粤B7WK83,114.167633,22.6485,607
粤B7WK83,114.164169,22.647551,607
粤B7WK83,114.1614,22.6472,607
粤B7WK83,114.170616,22.6499,607
粤B7WK83,114.1614,22.6472,607
粤B7WK83,114.167633,22.6485,607
粤B7WK83,114.1614,22.6472,607
粤B7WK83,114.1614,22.6472,607
粤B7WK83,114.167633,22.6485,607
粤B7WK83,114.164169,22.647551,607
粤B7WK83,114.170616,22.6499,607
粤B7WK83,114.164169,22.647551,607
粤B7WK83,114.167633,22.6485,607
粤B7WK83,114.170616,22.6499,607
粤B7WK83,114.170616,22.6499,607
粤B7WK83,114.18222,22.656401,608
粤B7WK83,114.18222,22.656401,608
粤B7WK83,114.173653,22.651617,608
粤B7WK83,114.176453,22.653183,608
粤B7WK83,114.176453,22.653183,608
粤B7WK83,114.179581,22.654934,608
粤B7WK83,114.173653,22.651617,608
粤B7WK83,114.179581,22.654934,608
粤B7WK83,114.18222,22.656401,608
粤B7WK83,114.179581,22.654934,608
粤B7WK83,114.18222,22.656401,608
粤B7WK83,114.173653,22.651617,608
粤B7WK83,114.179581,22.654934,608
粤B7WK83,114.173653,22.651617,608
粤B7WK83,114.176453,22.653183,608
粤B7WK83,114.176453,22.653183,608
粤B7WK83,114.194031,22.662184,609
粤B7WK83,114.191315,22.660883,609
粤B7WK83,114.188347,22.659451,609
粤B7WK83,114.191315,22.660883,609
粤B7WK83,114.194031,22.662184,609
粤B7WK83,114.188347,22.659451,609
粤B7WK83,114.194031,22.662184,609
粤B7WK83,114.185532,22.658133,609
粤B7WK83,114.188347,22.659451,609
粤B7WK83,114.191315,22.660883,609
粤B7WK83,114.185532,22.658133,609
粤B7WK83,114.188347,22.659451,609
粤B7WK83,114.191315,22.660883,609
粤B7WK83,114.194031,22.662184,609
粤B7WK83,114.185532,22.658133,609
粤B7WK83,114.185532,22.658133,609
粤B7WK83,114.197403,22.663799,610
粤B7WK83,114.200264,22.665182,610
粤B7WK83,114.203735,22.670767,610
粤B7WK83,114.200264,22.665182,610
粤B7WK83,114.197403,22.663799,610
粤B7WK83,114.197403,22.663799,610
粤B7WK83,114.203735,22.670767,610
粤B7WK83,114.202835,22.667467,610
粤B7WK83,114.200264,22.665182,610
粤B7WK83,114.202835,22.667467,610
粤B7WK83,114.200264,22.665182,610
粤B7WK83,114.202835,22.667467,610
粤B7WK83,114.203735,22.670767,610
粤B7WK83,114.197403,22.663799,610
粤B7WK83,114.202835,22.667467,610
粤B7WK83,114.203735,22.670767,610
粤B7WK83,114.20372,22.677,611
粤B7WK83,114.204048,22.679182,611
粤B7WK83,114.204315,22.680468,611
粤B7WK83,114.20372,22.677,611
粤B7WK83,114.204048,22.679182,611
粤B7WK83,114.2034,22.673967,611
粤B7WK83,114.204048,22.679182,611
粤B7WK83,114.204315,22.680468,611
粤B7WK83,114.2034,22.673967,611
粤B7WK83,114.20372,22.677,611
粤B7WK83,114.2034,22.673967,611
粤B7WK83,114.204315,22.680468,611
粤B7WK83,114.2034,22.673967,611
粤B7WK83,114.20372,22.677,611
粤B7WK83,114.204048,22.679182,611
粤B7WK83,114.204315,22.680468,611
粤B7WK83,114.204353,22.68075,612
粤B7WK83,114.204353,22.68075,612
粤B7WK83,114.204353,22.68075,612
粤B7WK83,114.204353,22.68075,612
粤B7WK83,114.204353,22.68075,612
粤B7WK83,114.204353,22.68075,612
粤B7WK83,114.204353,22.68075,612
粤B7WK83,114.204353,22.68075,612
粤B7WK83,114.204353,22.68075,612
粤B7WK83,114.204353,22.68075,612
粤B7WK83,114.204353,22.68075,612
粤B7WK83,114.204353,22.68075,612
粤B7WK83,114.204353,22.68075,612
粤B7WK83,114.204353,22.68075,612
粤B7WK83,114.204353,22.68075,612
粤B7WK83,114.204353,22.68075,612
粤B7WK83,114.204353,22.68075,613
粤B7WK83,114.204353,22.68075,613
粤B7WK83,114.204353,22.68075,613
粤B7WK83,114.204353,22.68075,613
粤B7WK83,114.204353,22.68075,613
粤B7WK83,114.204353,22.68075,613
粤B7WK83,114.204353,22.68075,613
粤B7WK83,114.204353,22.68075,613
粤B7WK83,114.204353,22.68075,613
粤B7WK83,114.204353,22.68075,613
粤B7WK83,114.204353,22.68075,613
粤B7WK83,114.204353,22.68075,613
粤B7WK83,114.204353,22.68075,613
粤B7WK83,114.204353,22.68075,613
粤B7WK83,114.204353,22.68075,613
粤B7WK83,114.204353,22.68075,613
粤B7WK83,114.204353,22.68075,614
粤B7WK83,114.204353,22.68075,614
粤B7WK83,114.204369,22.68115,614
粤B7WK83,114.204353,22.68075,614
粤B7WK83,114.204369,22.68115,614
粤B7WK83,114.204353,22.68075,614
粤B7WK83,114.204353,22.68075,614
粤B7WK83,114.204369,22.68115,614
粤B7WK83,114.204353,22.68075,614
粤B7WK83,114.204353,22.68075,614
粤B7WK83,114.204353,22.68075,614
粤B7WK83,114.204353,22.68075,614
粤B7WK83,114.204353,22.68075,614
粤B7WK83,114.204369,22.68115,614
粤B7WK83,114.204353,22.68075,614
粤B7WK83,114.204353,22.68075,614
粤B7WK83,114.20668,22.687183,615
粤B7WK83,114.204353,22.6824,615
粤B7WK83,114.205521,22.685917,615
粤B7WK83,114.204597,22.684084,615
粤B7WK83,114.208115,22.688618,616
粤B7WK83,114.210869,22.691433,616
粤B7WK83,114.211998,22.6926,616
粤B7WK83,114.209518,22.690018,616
粤B7WK83,114.214386,22.695133,617
粤B7WK83,114.213081,22.693716,617
粤B7WK83,114.214386,22.695133,617
粤B7WK83,114.214165,22.694901,617
粤B7WK83,114.214386,22.695133,618
粤B7WK83,114.214531,22.695284,618
粤B7WK83,114.215736,22.696333,618
粤B7WK83,114.216469,22.69705,618
粤B7WK83,114.218597,22.69565,619
粤B7WK83,114.217514,22.696518,619
粤B7WK83,114.218803,22.695482,619
粤B7WK83,114.218803,22.695482,619
粤B7WK83,114.218803,22.695482,620
粤B7WK83,114.219315,22.695133,620
粤B7WK83,114.218803,22.695482,620
粤B7WK83,114.218803,22.695482,620
粤B7WK83,114.220451,22.694267,621
粤B7WK83,114.223236,22.692118,621
粤B7WK83,114.221619,22.693333,621
粤B7WK83,114.22908,22.691,622
粤B7WK83,114.232246,22.692284,622
粤B7WK83,114.227234,22.690866,622
粤B7WK83,114.230904,22.691549,622
粤B7WK83,114.234116,22.693783,623
粤B7WK83,114.233299,22.6931,623
粤B7WK83,114.234215,22.693867,623
粤B7WK83,114.233086,22.692932,623
粤B7WK83,114.234215,22.693867,624
粤B7WK83,114.234215,22.693867,624
粤B7WK83,114.234215,22.693867,624
粤B7WK83,114.234215,22.693867,624
粤B7WK83,114.234215,22.693867,625
粤B7WK83,114.241447,22.699499,628
粤B7WK83,114.243286,22.699217,628
粤B7WK83,114.23983,22.699467,628
粤B7WK83,114.247131,22.698517,629
粤B7WK83,114.249634,22.697832,629
粤B7WK83,114.244904,22.698917,629
粤B7WK83,114.260986,22.692034,631
粤B7WK83,114.260986,22.692034,631
粤B7WK83,114.272133,22.690849,634
粤B7WK83,114.272148,22.690832,634
粤B7WK83,114.272148,22.690832,634
粤B7WK83,114.272148,22.690832,635
粤B7WK83,114.272766,22.690849,635
粤B7WK83,114.272148,22.690832,635
粤B7WK83,114.272148,22.690832,635
粤B7WK83,114.280281,22.690901,636
粤B7WK83,114.276337,22.690866,636
粤B7WK83,114.27845,22.690866,636
粤B7WK83,114.274483,22.690901,636
粤B7WK83,114.282036,22.690001,637
粤B7WK83,114.281631,22.690901,637
粤B7WK83,114.282021,22.690384,637
粤B7WK83,114.281998,22.690582,637
粤B7WK83,114.28212,22.690117,638
粤B7WK83,114.282066,22.690617,638
粤B7WK83,114.282082,22.690567,638
粤B7WK83,114.282066,22.690617,638
粤B7WK83,114.282036,22.689667,639
粤B7WK83,114.282051,22.688633,639
粤B7WK83,114.282066,22.690617,639
粤B7WK83,114.282097,22.690332,639
粤B7WK83,114.282135,22.685749,641
粤B7WK83,114.282234,22.684517,642
粤B7WK83,114.2826,22.684917,642
粤B7WK83,114.282333,22.684601,642
粤B7WK83,114.282135,22.685534,642
粤B7WK83,114.277969,22.68265,644
粤B7WK83,114.277969,22.68265,644
粤B7WK83,114.277679,22.682667,644
粤B7WK83,114.277252,22.68265,644
粤B7WK83,114.27697,22.683483,645
粤B7WK83,114.2771,22.682667,645
粤B7WK83,114.276871,22.685101,645
粤B7WK83,114.277252,22.68265,645
粤B7WK83,114.276886,22.6877,646
粤B7WK83,114.277634,22.688116,646
粤B7WK83,114.276947,22.688032,646
粤B7WK83,114.276932,22.686417,646
粤B7WK83,114.280464,22.68815,647
粤B7WK83,114.282051,22.687317,647
粤B7WK83,114.281799,22.688101,647
粤B7WK83,114.278549,22.688116,647
粤B7WK83,114.282066,22.686832,648
粤B7WK83,114.282066,22.686832,648
粤B7WK83,114.282066,22.686832,648
粤B7WK83,114.282066,22.686832,648
粤B7WK83,114.282066,22.686832,649
粤B7WK83,114.282066,22.686832,649
粤B7WK83,114.282066,22.686832,649
粤B7WK83,114.282066,22.686832,649
粤B7WK83,114.282066,22.686832,650
粤B7WK83,114.28212,22.686283,650
粤B7WK83,114.282066,22.686832,650
粤B7WK83,114.282066,22.686832,650
粤B7WK83,114.279366,22.682817,651
粤B7WK83,114.282166,22.684532,651
粤B7WK83,114.282433,22.685284,651
粤B7WK83,114.281067,22.68375,651
粤B7WK83,114.275368,22.682583,652
粤B7WK83,114.275368,22.682583,652
粤B7WK83,114.277679,22.682632,652
粤B7WK83,114.276169,22.682617,652
粤B7WK83,114.275368,22.682583,653
粤B7WK83,114.275032,22.682568,653
粤B7WK83,114.27507,22.682568,653
粤B7WK83,114.275032,22.682568,653
粤B7WK83,114.274849,22.682568,654
粤B7WK83,114.273979,22.682568,654
粤B7WK83,114.274834,22.682568,654
粤B7WK83,114.27462,22.682568,654
粤B7WK83,114.273354,22.682583,655
粤B7WK83,114.272964,22.682568,655
粤B7WK83,114.273582,22.682568,655
粤B7WK83,114.273354,22.682583,655
粤B7WK83,114.271935,22.682217,656
粤B7WK83,114.270653,22.68235,656
粤B7WK83,114.271034,22.682117,656
粤B7WK83,114.272499,22.682449,656
粤B7WK83,114.270554,22.682632,657
粤B7WK83,114.270317,22.683117,657
粤B7WK83,114.270332,22.682983,657
粤B7WK83,114.270416,22.68285,657
粤B7WK83,114.270348,22.683184,658
粤B7WK83,114.270103,22.684183,658
粤B7WK83,114.270317,22.6835,658
粤B7WK83,114.270348,22.683817,658
粤B7WK83,114.269653,22.684217,659
粤B7WK83,114.269653,22.684217,659
粤B7WK83,114.269653,22.684233,659
粤B7WK83,114.269653,22.684217,659
粤B7WK83,114.269653,22.684217,660
粤B7WK83,114.269653,22.684217,660
粤B7WK83,114.269653,22.684217,660
粤B7WK83,114.269653,22.684217,660
粤B7WK83,114.269653,22.684217,661
粤B7WK83,114.269653,22.684217,661
粤B7WK83,114.269653,22.684217,661
粤B7WK83,114.269653,22.684217,661
粤B7WK83,114.269653,22.684217,662
粤B7WK83,114.269653,22.684217,662
粤B7WK83,114.269653,22.684217,662
粤B7WK83,114.269653,22.684217,662
粤B7WK83,114.269653,22.684217,663
粤B7WK83,114.269653,22.684217,663
粤B7WK83,114.269653,22.684217,674
粤B7WK83,114.269653,22.684217,685
粤B7WK83,114.269653,22.684217,695
粤B7WK83,114.269653,22.684217,706
粤B7WK83,114.269653,22.684217,716
粤B7WK83,114.269653,22.684217,727
粤B7WK83,114.269653,22.684217,737
粤B7WK83,114.269653,22.684217,748
粤B7WK83,114.269653,22.684217,759
粤B7WK83,114.269653,22.684217,769
粤B7WK83,114.269653,22.684217,780
粤B7WK83,114.269653,22.684217,790
粤B7WK83,114.269653,22.684217,801
粤B7WK83,114.269653,22.684217,812
粤B7WK83,114.269653,22.684217,822
粤B7WK83,114.269653,22.684217,833
粤B7WK83,114.269653,22.684217,843
粤B7WK83,114.269653,22.684217,854
粤B7WK83,114.269653,22.684217,864
粤B7WK83,114.269653,22.684217,875
粤B7WK83,114.269653,22.684217,886
粤B7WK83,114.269653,22.684217,896
粤B7WK83,114.269653,22.684217,917
粤B7WK83,114.269653,22.684217,928
粤B7WK83,114.269653,22.684217,939
粤B7WK83,114.269653,22.684217,949
粤B7WK83,114.269653,22.684217,960
粤B7WK83,114.269653,22.684217,970
粤B7WK83,114.269653,22.684217,981
粤B7WK83,114.269653,22.684217,991
粤B7WK83,114.269653,22.684217,1002
粤B7WK83,114.269653,22.684217,1013
粤B7WK83,114.269653,22.684217,1034
粤B7WK83,114.269653,22.684217,1044
粤B7WK83,114.269653,22.684217,1055
粤B7WK83,114.269653,22.684217,1066
粤B7WK83,114.269653,22.684217,1076
粤B7WK83,114.269653,22.684217,1087
粤B7WK83,114.269653,22.684217,1097
粤B7WK83,114.269653,22.684217,1108
粤B7WK83,114.269653,22.684217,1118
粤B7WK83,114.269653,22.684217,1129
粤B7WK83,114.269653,22.684217,1150
粤B7WK83,114.269653,22.684217,1161
粤B7WK83,114.269653,22.684217,1171
粤B7WK83,114.269653,22.684217,1182
粤B7WK83,114.269653,22.684217,1193
粤B7WK83,114.269653,22.684217,1203
粤B7WK83,114.269653,22.684217,1214
粤B7WK83,114.269653,22.684217,1224
粤B7WK83,114.269653,22.684217,1235
粤B7WK83,114.269653,22.684217,1245
粤B7WK83,114.269653,22.684217,1256
粤B7WK83,114.269653,22.684217,1267
粤B7WK83,114.269653,22.684217,1277
粤B7WK83,114.269653,22.684217,1288
粤B7WK83,114.269653,22.684217,1298
粤B7WK83,114.269653,22.684217,1309
粤B7WK83,114.269653,22.684217,1320
粤B7WK83,114.269653,22.684217,1330
粤B7WK83,114.269653,22.684217,1341
粤B7WK83,114.269653,22.684217,1351
粤B7WK83,114.269653,22.684217,1362
粤B7WK83,114.269653,22.684217,1372
粤B7WK83,114.269653,22.684217,1383
粤B7WK83,114.269653,22.684217,1394
粤B7WK83,114.269653,22.684217,1404
粤B7WK83,114.269653,22.684217,1415
粤B7WK83,114.269653,22.684217,1425
粤B7WK83,114.269653,22.684217,1436
