粤BW2L61,114.11026,22.610041,8
粤BW2L61,114.111412,22.611652,9
粤BW2L61,114.11274,22.611057,10
粤BW2L61,114.12854,22.617941,17
粤BW2L61,114.129532,22.617256,18
粤BW2L61,114.129181,22.616783,18
粤BW2L61,114.12854,22.617941,18
粤BW2L61,114.129028,22.616631,19
粤BW2L61,114.12928,22.616907,20
粤BW2L61,114.128815,22.618023,21
粤BW2L61,114.140381,22.609137,28
粤BW2L61,114.148613,22.608734,29
粤BW2L61,114.14991,22.608072,30
粤BW2L61,114.156105,22.608971,31
粤BW2L61,114.158455,22.611498,32
粤BW2L61,114.158592,22.611176,32
粤BW2L61,114.158073,22.612316,33
粤BW2L61,114.158089,22.612263,33
粤BW2L61,114.158089,22.612263,33
粤BW2L61,114.158134,22.611942,34
粤BW2L61,114.157066,22.609116,35
粤BW2L61,114.149635,22.608313,36
粤BW2L61,114.143456,22.609602,37
粤BW2L61,114.138268,22.609262,38
粤BW2L61,114.131653,22.610712,39
粤BW2L61,114.12986,22.611097,40
粤BW2L61,114.117226,22.609838,139
粤BW2L61,114.122513,22.613052,192
粤BW2L61,114.12867,22.611567,193
粤BW2L61,114.130508,22.609516,194
粤BW2L61,114.13047,22.60947,195
粤BW2L61,114.130791,22.610846,196
粤BW2L61,114.130852,22.610458,196
粤BW2L61,114.125847,22.613543,197
粤BW2L61,114.123337,22.613747,198
粤BW2L61,114.122528,22.61318,199
粤BW2L61,114.122276,22.613016,200
粤BW2L61,114.122528,22.61318,200
粤BW2L61,114.119064,22.612337,201
粤BW2L61,114.11895,22.612307,202
粤BW2L61,114.118958,22.612297,202
粤BW2L61,114.118942,22.61227,203
粤BW2L61,114.118919,22.612289,204
粤BW2L61,114.118965,22.612261,205
粤BW2L61,114.11895,22.612263,206
粤BW2L61,114.118988,22.612232,207
粤BW2L61,114.118942,22.612247,208
粤BW2L61,114.118904,22.612263,209
粤BW2L61,114.118935,22.612247,210
粤BW2L61,114.118958,22.612226,211
粤BW2L61,114.118935,22.612215,212
粤BW2L61,114.118866,22.612228,213
粤BW2L61,114.11187,22.602604,239
粤BW2L61,114.111908,22.602583,240
粤BW2L61,114.111908,22.602604,241
粤BW2L61,114.111855,22.602673,242
粤BW2L61,114.111855,22.602654,243
粤BW2L61,114.111778,22.602762,244
粤BW2L61,114.111755,22.602797,245
粤BW2L61,114.111809,22.602764,247
粤BW2L61,114.111832,22.602764,247
粤BW2L61,114.112175,22.603767,248
粤BW2L61,114.112778,22.605434,249
粤BW2L61,114.111595,22.608522,250
粤BW2L61,114.111595,22.608522,250
粤BW2L61,114.111984,22.608534,251
粤BW2L61,114.112564,22.607908,252
粤BW2L61,114.112015,22.609339,253
粤BW2L61,114.119553,22.610977,254
粤BW2L61,114.123306,22.613621,255
粤BW2L61,114.128693,22.618221,256
粤BW2L61,114.132156,22.622154,257
粤BW2L61,114.139572,22.627365,258
粤BW2L61,114.145767,22.629948,259
粤BW2L61,114.145714,22.632814,260
粤BW2L61,114.145714,22.632814,261
粤BW2L61,114.15036,22.636959,261
粤BW2L61,114.150452,22.637068,262
粤BW2L61,114.146141,22.646549,263
粤BW2L61,114.141312,22.657288,264
粤BW2L61,114.143143,22.66213,265
粤BW2L61,114.145164,22.66608,266
粤BW2L61,114.147392,22.671392,267
粤BW2L61,114.151154,22.677385,268
粤BW2L61,114.151306,22.678179,269
粤BW2L61,114.151192,22.67798,269
粤BW2L61,114.151161,22.677992,270
粤BW2L61,114.151138,22.677994,271
粤BW2L61,114.151146,22.677996,272
粤BW2L61,114.151154,22.67804,273
粤BW2L61,114.151154,22.678019,274
粤BW2L61,114.151176,22.678007,275
粤BW2L61,114.151138,22.677896,276
粤BW2L61,114.151138,22.677895,276
粤BW2L61,114.151138,22.677896,276
粤BW2L61,114.151138,22.677917,277
粤BW2L61,114.18486,22.640102,308
粤BW2L61,114.184845,22.640135,308
粤BW2L61,114.184822,22.640093,309
粤BW2L61,114.184784,22.640064,310
粤BW2L61,114.184875,22.640135,311
粤BW2L61,114.185356,22.641184,312
粤BW2L61,114.185356,22.641184,313
粤BW2L61,114.190887,22.643795,313
粤BW2L61,114.206337,22.649628,318
粤BW2L61,114.204079,22.647682,320
粤BW2L61,114.202644,22.649691,321
粤BW2L61,114.202644,22.649691,321
粤BW2L61,114.204903,22.651691,322
粤BW2L61,114.205948,22.651188,323
粤BW2L61,114.205948,22.651188,323
粤BW2L61,114.205597,22.648117,324
粤BW2L61,114.202881,22.648726,325
粤BW2L61,114.196342,22.655617,328
粤BW2L61,114.192192,22.653831,332
粤BW2L61,114.194038,22.653328,333
粤BW2L61,114.194038,22.653328,333
粤BW2L61,114.197258,22.651443,334
粤BW2L61,114.200104,22.651447,335
粤BW2L61,114.201439,22.649677,336
粤BW2L61,114.202171,22.649008,337
粤BW2L61,114.205406,22.647717,338
粤BW2L61,114.205406,22.647717,339
粤BW2L61,114.20591,22.648712,339
粤BW2L61,114.20639,22.649818,340
粤BW2L61,114.205742,22.648249,341
粤BW2L61,114.20372,22.648012,342
粤BW2L61,114.202179,22.649008,343
粤BW2L61,114.202187,22.649008,343
粤BW2L61,114.202187,22.649008,344
粤BW2L61,114.202133,22.649006,344
粤BW2L61,114.202072,22.648996,345
粤BW2L61,114.202118,22.649008,346
粤BW2L61,114.202042,22.648979,349
粤BW2L61,114.19001,22.643778,353
粤BW2L61,114.180946,22.639189,354
粤BW2L61,114.180946,22.639189,354
粤BW2L61,114.172318,22.636724,355
粤BW2L61,114.161011,22.633062,356
粤BW2L61,114.152885,22.624395,357
粤BW2L61,114.142265,22.622513,358
粤BW2L61,114.137337,22.621401,359
粤BW2L61,114.137337,22.621401,359
粤BW2L61,114.131737,22.61541,360
粤BW2L61,114.122787,22.608379,361
粤BW2L61,114.117516,22.605261,362
粤BW2L61,114.115311,22.602652,363
粤BW2L61,114.112793,22.600456,364
粤BW2L61,114.112793,22.600456,364
粤BW2L61,114.11319,22.604393,365
粤BW2L61,114.112823,22.602278,366
粤BW2L61,114.112183,22.60059,367
粤BW2L61,114.112183,22.60059,367
粤BW2L61,114.112991,22.600138,370
粤BW2L61,114.133545,22.616888,374
粤BW2L61,114.134644,22.618286,375
粤BW2L61,114.133545,22.616888,375
粤BW2L61,114.137199,22.621073,376
粤BW2L61,114.140709,22.622242,377
粤BW2L61,114.146004,22.622543,378
粤BW2L61,114.159561,22.63155,380
粤BW2L61,114.190857,22.643717,385
粤BW2L61,114.190857,22.643717,385
粤BW2L61,114.191467,22.643873,386
粤BW2L61,114.195457,22.644732,387
粤BW2L61,114.197884,22.646069,388
粤BW2L61,114.200508,22.648117,389
粤BW2L61,114.203697,22.647568,390
粤BW2L61,114.205254,22.651737,395
粤BW2L61,114.206184,22.649307,396
粤BW2L61,114.205299,22.647432,397
粤BW2L61,114.205299,22.647432,397
粤BW2L61,114.202827,22.648743,398
粤BW2L61,114.202072,22.64916,399
粤BW2L61,114.201988,22.649155,400
粤BW2L61,114.201988,22.649155,400
粤BW2L61,114.201775,22.649248,401
粤BW2L61,114.200966,22.65049,402
粤BW2L61,114.200989,22.650534,403
粤BW2L61,114.199402,22.652952,404
粤BW2L61,114.196075,22.655741,405
粤BW2L61,114.1978,22.654594,406
粤BW2L61,114.196075,22.655741,406
粤BW2L61,114.200607,22.650721,407
粤BW2L61,114.201332,22.649694,408
粤BW2L61,114.20385,22.650753,409
粤BW2L61,114.205391,22.651525,410
粤BW2L61,114.205391,22.651525,411
粤BW2L61,114.206223,22.649563,411
粤BW2L61,114.205116,22.647097,412
粤BW2L61,114.205116,22.647097,412
粤BW2L61,114.202553,22.649002,413
粤BW2L61,114.201286,22.649134,414
粤BW2L61,114.198181,22.651045,415
粤BW2L61,114.194962,22.652878,416
粤BW2L61,114.194962,22.652878,416
粤BW2L61,114.193764,22.653522,417
粤BW2L61,114.191811,22.654062,418
粤BW2L61,114.188812,22.655268,419
粤BW2L61,114.187592,22.655888,420
粤BW2L61,114.187576,22.655872,420
粤BW2L61,114.187439,22.65576,421
粤BW2L61,114.187439,22.65576,421
粤BW2L61,114.187454,22.655771,422
粤BW2L61,114.186905,22.654774,423
粤BW2L61,114.186615,22.654697,423
粤BW2L61,114.186607,22.654657,424
粤BW2L61,114.186584,22.654655,425
粤BW2L61,114.186584,22.654638,426
粤BW2L61,114.186584,22.654638,426
粤BW2L61,114.186592,22.654648,427
粤BW2L61,114.186592,22.654648,427
粤BW2L61,114.186584,22.654633,428
粤BW2L61,114.186592,22.654623,429
粤BW2L61,114.1866,22.654621,430
粤BW2L61,114.186623,22.654661,431
粤BW2L61,114.186623,22.654661,431
粤BW2L61,114.186638,22.654678,432
粤BW2L61,114.186569,22.654531,433
粤BW2L61,114.18853,22.655283,434
粤BW2L61,114.191154,22.654093,435
粤BW2L61,114.19236,22.655161,436
粤BW2L61,114.19236,22.655161,437
粤BW2L61,114.194038,22.656519,437
粤BW2L61,114.194801,22.656315,438
粤BW2L61,114.195786,22.655813,439
粤BW2L61,114.19957,22.652328,440
粤BW2L61,114.201149,22.649956,441
粤BW2L61,114.20134,22.649656,442
粤BW2L61,114.201149,22.649956,442
粤BW2L61,114.20134,22.649656,443
粤BW2L61,114.20417,22.651043,443
粤BW2L61,114.206161,22.653305,444
粤BW2L61,114.209015,22.656761,445
粤BW2L61,114.209053,22.656704,446
粤BW2L61,114.20829,22.656752,447
粤BW2L61,114.208115,22.656733,447
粤BW2L61,114.20829,22.656752,447
粤BW2L61,114.208061,22.656727,448
粤BW2L61,114.208015,22.656748,449
粤BW2L61,114.208015,22.656761,450
粤BW2L61,114.208038,22.656775,451
粤BW2L61,114.208038,22.656769,452
粤BW2L61,114.208038,22.656769,452
粤BW2L61,114.208061,22.656769,453
粤BW2L61,114.208069,22.656755,454
粤BW2L61,114.208092,22.656755,455
粤BW2L61,114.208054,22.656734,456
粤BW2L61,114.208069,22.656729,457
粤BW2L61,114.208069,22.656729,457
粤BW2L61,114.208069,22.656733,458
粤BW2L61,114.208061,22.656748,459
粤BW2L61,114.208054,22.656763,460
粤BW2L61,114.208061,22.656761,461
粤BW2L61,114.208069,22.656767,462
粤BW2L61,114.208069,22.656767,462
粤BW2L61,114.207397,22.655365,463
粤BW2L61,114.205086,22.652477,464
粤BW2L61,114.205009,22.652493,465
粤BW2L61,114.206032,22.651047,466
粤BW2L61,114.20636,22.650049,467
粤BW2L61,114.20636,22.650049,468
粤BW2L61,114.205826,22.648605,468
粤BW2L61,114.205383,22.647568,476
粤BW2L61,114.20369,22.647938,477
粤BW2L61,114.202721,22.648663,478
粤BW2L61,114.198792,22.647255,479
粤BW2L61,114.194397,22.644831,480
粤BW2L61,114.184326,22.640877,483
粤BW2L61,114.183342,22.639502,488
粤BW2L61,114.183342,22.639502,488
粤BW2L61,114.181343,22.639347,489
粤BW2L61,114.17614,22.637312,490
粤BW2L61,114.169426,22.636192,491
粤BW2L61,114.155533,22.627371,493
粤BW2L61,114.137589,22.621729,497
粤BW2L61,114.137573,22.621735,498
粤BW2L61,114.137566,22.621731,499
粤BW2L61,114.137573,22.621735,499
粤BW2L61,114.132545,22.616335,500
粤BW2L61,114.125031,22.609781,501
粤BW2L61,114.118233,22.606037,502
粤BW2L61,114.116867,22.604584,504
粤BW2L61,114.124428,22.608923,508
粤BW2L61,114.130424,22.613335,509
粤BW2L61,114.130424,22.613335,509
粤BW2L61,114.133026,22.616205,509
粤BW2L61,114.133568,22.617233,510
粤BW2L61,114.133934,22.617277,511
粤BW2L61,114.131729,22.615223,512
粤BW2L61,114.12471,22.614216,513
粤BW2L61,114.119507,22.619682,514
粤BW2L61,114.118721,22.620958,514
粤BW2L61,114.119507,22.619682,514
粤BW2L61,114.118553,22.620964,515
粤BW2L61,114.116814,22.621206,516
粤BW2L61,114.114746,22.621403,517
粤BW2L61,114.111336,22.621691,518
粤BW2L61,114.111336,22.621691,518
粤BW2L61,114.107178,22.623116,519
粤BW2L61,114.107178,22.623116,519
粤BW2L61,114.103279,22.625683,520
粤BW2L61,114.098328,22.630438,521
粤BW2L61,114.097069,22.631891,522
粤BW2L61,114.096291,22.633486,523
粤BW2L61,114.094704,22.636494,524
粤BW2L61,114.094704,22.636494,524
粤BW2L61,114.09446,22.636908,525
粤BW2L61,114.086685,22.639744,526
粤BW2L61,114.084274,22.640184,527
粤BW2L61,114.079559,22.643198,528
粤BW2L61,114.077332,22.644884,529
粤BW2L61,114.076881,22.649088,530
粤BW2L61,114.077332,22.644884,530
粤BW2L61,114.075066,22.651896,531
粤BW2L61,114.07502,22.651903,532
粤BW2L61,114.074776,22.652088,533
粤BW2L61,114.074394,22.652344,534
粤BW2L61,114.074776,22.652088,534
粤BW2L61,114.074394,22.652344,535
粤BW2L61,114.068336,22.662605,546
粤BW2L61,114.068314,22.662649,547
粤BW2L61,114.068344,22.662638,548
粤BW2L61,114.068344,22.662636,549
粤BW2L61,114.068344,22.662636,549
粤BW2L61,114.068336,22.662622,550
粤BW2L61,114.068336,22.662622,550
粤BW2L61,114.068359,22.662632,551
粤BW2L61,114.068352,22.662624,552
粤BW2L61,114.068382,22.662613,553
粤BW2L61,114.068344,22.662579,554
粤BW2L61,114.068359,22.662582,555
粤BW2L61,114.068359,22.662582,555
粤BW2L61,114.068321,22.662582,556
粤BW2L61,114.068298,22.662582,557
粤BW2L61,114.068184,22.662615,558
粤BW2L61,114.068192,22.662609,558
粤BW2L61,114.068199,22.66258,559
粤BW2L61,114.068207,22.662573,560
粤BW2L61,114.068207,22.662573,561
粤BW2L61,114.068176,22.66263,561
粤BW2L61,114.068176,22.662638,561
粤BW2L61,114.068138,22.662558,562
粤BW2L61,114.068138,22.662603,563
粤BW2L61,114.068146,22.66263,564
粤BW2L61,114.068146,22.66263,564
粤BW2L61,114.068138,22.662573,565
粤BW2L61,114.068138,22.662573,566
粤BW2L61,114.06813,22.662777,571
粤BW2L61,114.068031,22.662663,572
粤BW2L61,114.06797,22.662483,573
粤BW2L61,114.068169,22.662558,574
粤BW2L61,114.068138,22.662584,575
粤BW2L61,114.068123,22.662523,576
粤BW2L61,114.068123,22.662523,576
粤BW2L61,114.068146,22.662531,577
粤BW2L61,114.068268,22.662634,578
粤BW2L61,114.068359,22.662622,578
粤BW2L61,114.068405,22.662655,579
粤BW2L61,114.068405,22.662655,579
粤BW2L61,114.068398,22.66264,580
粤BW2L61,114.068382,22.662659,581
粤BW2L61,114.068382,22.662659,581
粤BW2L61,114.068375,22.662613,582
粤BW2L61,114.068398,22.662565,583
粤BW2L61,114.068382,22.662527,584
粤BW2L61,114.068375,22.66251,585
粤BW2L61,114.068375,22.662502,586
粤BW2L61,114.068375,22.662502,586
粤BW2L61,114.068336,22.662525,587
粤BW2L61,114.068298,22.66254,588
粤BW2L61,114.068298,22.662535,588
粤BW2L61,114.068329,22.662493,589
粤BW2L61,114.068314,22.662518,590
粤BW2L61,114.068329,22.662525,591
粤BW2L61,114.068329,22.662525,591
粤BW2L61,114.068336,22.6625,592
粤BW2L61,114.067635,22.660784,593
粤BW2L61,114.068787,22.657911,594
粤BW2L61,114.068787,22.657911,594
粤BW2L61,114.071785,22.654856,595
粤BW2L61,114.073853,22.653009,596
粤BW2L61,114.073853,22.653009,597
粤BW2L61,114.076462,22.649998,597
粤BW2L61,114.076775,22.64909,598
粤BW2L61,114.077324,22.647543,599
粤BW2L61,114.077454,22.647169,600
粤BW2L61,114.077217,22.645018,604
粤BW2L61,114.078506,22.643761,605
粤BW2L61,114.08017,22.642719,606
粤BW2L61,114.082504,22.641228,607
粤BW2L61,114.103752,22.625111,612
粤BW2L61,114.103752,22.625111,612
粤BW2L61,114.103928,22.624968,613
粤BW2L61,114.104866,22.624327,614
粤BW2L61,114.105972,22.623655,615
粤BW2L61,114.106018,22.623655,616
粤BW2L61,114.107628,22.622553,617
粤BW2L61,114.107628,22.622553,617
粤BW2L61,114.10836,22.622149,618
粤BW2L61,114.10894,22.621952,619
粤BW2L61,114.109138,22.621893,620
粤BW2L61,114.109573,22.621777,621
粤BW2L61,114.110023,22.621695,622
粤BW2L61,114.110023,22.621695,622
粤BW2L61,114.110092,22.621693,623
粤BW2L61,114.111885,22.621552,624
粤BW2L61,114.111885,22.621552,625
粤BW2L61,114.112457,22.621485,625
粤BW2L61,114.114189,22.6213,626
粤BW2L61,114.114922,22.621233,627
粤BW2L61,114.114922,22.621233,627
粤BW2L61,114.116226,22.621103,628
粤BW2L61,114.136322,22.62026,633
粤BW2L61,114.169205,22.635942,638
粤BW2L61,114.192978,22.644215,643
粤BW2L61,114.204857,22.651529,648
粤BW2L61,114.204857,22.651529,648
粤BW2L61,114.206436,22.650928,649
粤BW2L61,114.206154,22.649385,650
粤BW2L61,114.206154,22.649391,650
粤BW2L61,114.205818,22.648657,651
粤BW2L61,114.206421,22.645992,652
粤BW2L61,114.204109,22.643509,653
粤BW2L61,114.204109,22.643509,653
粤BW2L61,114.202332,22.643881,654
粤BW2L61,114.200073,22.643841,655
粤BW2L61,114.200073,22.643841,655
粤BW2L61,114.200111,22.641624,656
粤BW2L61,114.200859,22.640787,657
粤BW2L61,114.200996,22.640842,657
粤BW2L61,114.199539,22.643633,658
粤BW2L61,114.199539,22.643633,658
粤BW2L61,114.19886,22.64609,659
粤BW2L61,114.200928,22.648502,660
粤BW2L61,114.203949,22.650902,661
粤BW2L61,114.204697,22.651518,662
粤BW2L61,114.204735,22.651554,663
粤BW2L61,114.204735,22.651554,664
粤BW2L61,114.205002,22.651819,665
粤BW2L61,114.205711,22.648405,669
粤BW2L61,114.19928,22.650129,672
粤BW2L61,114.198708,22.652388,673
粤BW2L61,114.195404,22.656235,674
粤BW2L61,114.195404,22.656235,674
粤BW2L61,114.19619,22.658552,675
粤BW2L61,114.196785,22.658487,676
粤BW2L61,114.19558,22.656073,679
粤BW2L61,114.186935,22.650932,684
粤BW2L61,114.186935,22.650932,684
粤BW2L61,114.18689,22.650631,685
粤BW2L61,114.187141,22.650263,685
粤BW2L61,114.18689,22.650631,685
粤BW2L61,114.187149,22.650255,686
粤BW2L61,114.187149,22.650255,689
粤BW2L61,114.18718,22.650206,694
粤BW2L61,114.187195,22.650213,698
粤BW2L61,114.187172,22.650196,699
粤BW2L61,114.187187,22.650215,700
粤BW2L61,114.187187,22.650215,700
粤BW2L61,114.187172,22.650196,700
粤BW2L61,114.18718,22.650242,701
粤BW2L61,114.187195,22.650249,702
粤BW2L61,114.187202,22.650249,703
粤BW2L61,114.187195,22.650261,704
粤BW2L61,114.187195,22.650261,705
粤BW2L61,114.18718,22.650244,705
粤BW2L61,114.187172,22.650255,706
粤BW2L61,114.188438,22.648291,707
粤BW2L61,114.186058,22.645912,708
粤BW2L61,114.187531,22.642706,709
粤BW2L61,114.183754,22.640526,710
粤BW2L61,114.183754,22.640526,710
粤BW2L61,114.183777,22.640312,711
粤BW2L61,114.187271,22.639277,712
粤BW2L61,114.189674,22.636444,713
粤BW2L61,114.18969,22.636494,713
粤BW2L61,114.189682,22.636501,714
粤BW2L61,114.18969,22.636511,715
粤BW2L61,114.18969,22.636511,715
粤BW2L61,114.18969,22.636511,716
粤BW2L61,114.189728,22.63649,716
粤BW2L61,114.189758,22.636454,717
粤BW2L61,114.189743,22.636456,718
粤BW2L61,114.189743,22.63644,719
粤BW2L61,114.189659,22.636377,720
粤BW2L61,114.189659,22.636377,720
粤BW2L61,114.189751,22.636427,721
粤BW2L61,114.189766,22.636417,722
粤BW2L61,114.189751,22.636402,723
粤BW2L61,114.189728,22.636419,725
粤BW2L61,114.189758,22.636415,730
粤BW2L61,114.189735,22.636457,731
粤BW2L61,114.189758,22.636415,731
粤BW2L61,114.189735,22.636457,731
粤BW2L61,114.189705,22.636442,732
粤BW2L61,114.189705,22.636442,733
粤BW2L61,114.189713,22.636442,734
粤BW2L61,114.189758,22.636417,735
粤BW2L61,114.189758,22.636417,736
粤BW2L61,114.189781,22.636448,741
粤BW2L61,114.189232,22.63719,746
粤BW2L61,114.186729,22.639973,747
粤BW2L61,114.181702,22.633835,751
粤BW2L61,114.181671,22.633833,754
粤BW2L61,114.181679,22.633842,755
粤BW2L61,114.181686,22.633842,756
粤BW2L61,114.181686,22.633842,756
粤BW2L61,114.181664,22.633837,757
粤BW2L61,114.181641,22.633858,758
粤BW2L61,114.181992,22.635624,762
粤BW2L61,114.181969,22.635569,765
粤BW2L61,114.181969,22.63555,766
粤BW2L61,114.181969,22.63555,767
粤BW2L61,114.181969,22.635553,767
粤BW2L61,114.181984,22.635559,768
粤BW2L61,114.181984,22.635559,769
粤BW2L61,114.182014,22.63555,770
粤BW2L61,114.181984,22.63554,771
粤BW2L61,114.181976,22.635555,772
粤BW2L61,114.181976,22.635555,772
粤BW2L61,114.181976,22.635563,773
粤BW2L61,114.182007,22.635571,774
粤BW2L61,114.18203,22.635557,775
粤BW2L61,114.182037,22.635548,776
粤BW2L61,114.182037,22.635548,776
粤BW2L61,114.182076,22.635542,777
粤BW2L61,114.182076,22.635542,777
粤BW2L61,114.182098,22.635559,778
粤BW2L61,114.182098,22.635572,779
粤BW2L61,114.182007,22.635569,782
粤BW2L61,114.183006,22.637293,786
粤BW2L61,114.186157,22.639948,787
粤BW2L61,114.186157,22.639948,787
粤BW2L61,114.187866,22.64254,788
粤BW2L61,114.194923,22.644697,789
粤BW2L61,114.204765,22.651602,793
粤BW2L61,114.214317,22.663958,797
粤BW2L61,114.214317,22.663958,798
粤BW2L61,114.216446,22.669863,798
粤BW2L61,114.219673,22.675894,799
粤BW2L61,114.221512,22.67915,800
粤BW2L61,114.221497,22.679159,801
粤BW2L61,114.222458,22.682396,802
粤BW2L61,114.22448,22.692602,803
粤BW2L61,114.23391,22.706953,808
粤BW2L61,114.238319,22.711033,809
粤BW2L61,114.242149,22.714647,810
粤BW2L61,114.247704,22.719112,811
粤BW2L61,114.251007,22.720064,812
粤BW2L61,114.250481,22.722073,813
粤BW2L61,114.250481,22.722073,813
粤BW2L61,114.2528,22.725006,814
粤BW2L61,114.253105,22.724646,814
粤BW2L61,114.252762,22.725021,815
粤BW2L61,114.252647,22.725008,816
粤BW2L61,114.252625,22.725027,817
粤BW2L61,114.252663,22.725027,818
粤BW2L61,114.252663,22.725027,818
粤BW2L61,114.252686,22.724972,819
粤BW2L61,114.252708,22.724983,820
粤BW2L61,114.252678,22.724951,821
粤BW2L61,114.25267,22.724915,822
粤BW2L61,114.25267,22.724915,822
粤BW2L61,114.252655,22.724859,823
粤BW2L61,114.252655,22.724859,823
粤BW2L61,114.252663,22.72489,824
粤BW2L61,114.252693,22.724958,825
粤BW2L61,114.252731,22.724993,826
粤BW2L61,114.252747,22.724977,827
粤BW2L61,114.252708,22.724962,828
粤BW2L61,114.252686,22.724985,829
粤BW2L61,114.252708,22.724962,829
粤BW2L61,114.25267,22.724878,830
粤BW2L61,114.252769,22.724913,834
粤BW2L61,114.252724,22.724831,837
粤BW2L61,114.252724,22.724831,837
粤BW2L61,114.252754,22.724871,844
粤BW2L61,114.252838,22.724976,849
粤BW2L61,114.252838,22.724976,849
粤BW2L61,114.252831,22.724955,850
粤BW2L61,114.252235,22.725637,851
粤BW2L61,114.250168,22.72345,852
粤BW2L61,114.250168,22.72345,852
粤BW2L61,114.250542,22.721401,853
粤BW2L61,114.250542,22.721333,854
粤BW2L61,114.252777,22.724977,860
粤BW2L61,114.252403,22.725426,864
粤BW2L61,114.252403,22.725426,865
粤BW2L61,114.249748,22.722317,865
粤BW2L61,114.251122,22.720701,866
粤BW2L61,114.248634,22.7197,867
粤BW2L61,114.248634,22.7197,867
粤BW2L61,114.248558,22.719707,868
粤BW2L61,114.242996,22.715746,869
粤BW2L61,114.239441,22.712542,870
粤BW2L61,114.239441,22.712542,870
粤BW2L61,114.235687,22.709099,871
粤BW2L61,114.230774,22.70249,872
粤BW2L61,114.227341,22.697208,873
粤BW2L61,114.223785,22.69161,874
粤BW2L61,114.222275,22.682316,875
粤BW2L61,114.222275,22.682316,875
粤BW2L61,114.220932,22.678801,876
粤BW2L61,114.218048,22.673985,877
粤BW2L61,114.216232,22.670872,878
粤BW2L61,114.215897,22.669752,879
粤BW2L61,114.214317,22.664785,880
粤BW2L61,114.214317,22.664785,880
粤BW2L61,114.210449,22.658476,881
粤BW2L61,114.209686,22.65933,882
粤BW2L61,114.209694,22.659311,882
粤BW2L61,114.209686,22.65933,882
粤BW2L61,114.209633,22.659428,883
粤BW2L61,114.209679,22.659452,884
粤BW2L61,114.209747,22.659706,885
粤BW2L61,114.209747,22.659706,885
粤BW2L61,114.209702,22.659531,885
粤BW2L61,114.209816,22.658192,886
粤BW2L61,114.207703,22.65559,887
粤BW2L61,114.205513,22.652857,888
粤BW2L61,114.202843,22.650297,889
粤BW2L61,114.198174,22.646761,890
粤BW2L61,114.198174,22.646761,891
粤BW2L61,114.191872,22.644279,891
粤BW2L61,114.191864,22.644268,892
粤BW2L61,114.190483,22.643938,892
粤BW2L61,114.186401,22.641958,893
粤BW2L61,114.182381,22.636726,896
粤BW2L61,114.18158,22.634071,911
粤BW2L61,114.181595,22.634007,913
粤BW2L61,114.181595,22.634007,913
粤BW2L61,114.181602,22.634047,914
粤BW2L61,114.181595,22.634031,916
粤BW2L61,114.181633,22.634073,920
粤BW2L61,114.181618,22.634064,921
粤BW2L61,114.181618,22.634064,921
粤BW2L61,114.181618,22.634041,922
粤BW2L61,114.18161,22.634043,923
粤BW2L61,114.181595,22.634027,924
粤BW2L61,114.181618,22.634047,925
粤BW2L61,114.18161,22.634062,926
粤BW2L61,114.18161,22.634062,927
粤BW2L61,114.181633,22.634089,927
粤BW2L61,114.181633,22.634092,928
粤BW2L61,114.181633,22.634092,928
粤BW2L61,114.181656,22.634108,929
粤BW2L61,114.181648,22.634081,930
粤BW2L61,114.181625,22.634045,931
粤BW2L61,114.181625,22.634045,932
粤BW2L61,114.181656,22.634054,932
粤BW2L61,114.181671,22.634037,933
粤BW2L61,114.181656,22.634003,934
粤BW2L61,114.181671,22.634022,935
粤BW2L61,114.181664,22.633997,936
粤BW2L61,114.181664,22.633986,937
粤BW2L61,114.181664,22.633986,937
粤BW2L61,114.181686,22.633984,938
粤BW2L61,114.181664,22.633978,939
粤BW2L61,114.181671,22.634001,940
粤BW2L61,114.181702,22.634012,941
粤BW2L61,114.181664,22.634039,942
粤BW2L61,114.181664,22.634039,942
粤BW2L61,114.181671,22.634031,943
粤BW2L61,114.181671,22.634031,943
粤BW2L61,114.181679,22.634033,944
粤BW2L61,114.181679,22.634045,945
粤BW2L61,114.181679,22.634041,946
粤BW2L61,114.181671,22.634035,947
粤BW2L61,114.181671,22.634035,947
粤BW2L61,114.181686,22.634018,948
粤BW2L61,114.181664,22.63401,949
粤BW2L61,114.181656,22.634022,950
粤BW2L61,114.181641,22.634027,951
粤BW2L61,114.181618,22.634027,952
粤BW2L61,114.181618,22.634027,952
粤BW2L61,114.181999,22.635715,953
粤BW2L61,114.183945,22.638124,954
粤BW2L61,114.183052,22.640022,955
粤BW2L61,114.180733,22.643759,958
粤BW2L61,114.176186,22.650761,961
粤BW2L61,114.175858,22.651106,962
粤BW2L61,114.17585,22.651108,962
粤BW2L61,114.175865,22.651127,963
粤BW2L61,114.17585,22.651108,963
粤BW2L61,114.175888,22.651148,964
粤BW2L61,114.175911,22.651157,965
粤BW2L61,114.175896,22.651148,966
粤BW2L61,114.175903,22.651142,967
粤BW2L61,114.175888,22.651121,968
粤BW2L61,114.175888,22.651121,968
粤BW2L61,114.175888,22.651117,969
粤BW2L61,114.175804,22.650908,970
粤BW2L61,114.177185,22.649492,971
粤BW2L61,114.178719,22.646933,972
粤BW2L61,114.178696,22.64691,973
粤BW2L61,114.178696,22.64691,973
粤BW2L61,114.178696,22.64691,973
粤BW2L61,114.179619,22.645571,974
粤BW2L61,114.181908,22.641989,975
粤BW2L61,114.18222,22.641672,976
粤BW2L61,114.17659,22.640339,978
粤BW2L61,114.158447,22.643698,983
粤BW2L61,114.158447,22.643698,983
粤BW2L61,114.150787,22.638882,984
粤BW2L61,114.145775,22.647053,985
粤BW2L61,114.14444,22.64854,986
粤BW2L61,114.143715,22.649351,987
粤BW2L61,114.14325,22.649948,988
粤BW2L61,114.14325,22.649948,989
粤BW2L61,114.143013,22.650286,989
粤BW2L61,114.14325,22.649948,989
粤BW2L61,114.142593,22.650974,990
粤BW2L61,114.142258,22.651648,991
粤BW2L61,114.141739,22.652943,993
粤BW2L61,114.141739,22.652943,994
粤BW2L61,114.141563,22.653559,995
粤BW2L61,114.141502,22.653778,996
粤BW2L61,114.141296,22.654812,997
粤BW2L61,114.141258,22.656439,998
粤BW2L61,114.141266,22.656654,999
粤BW2L61,114.141266,22.656654,999
粤BW2L61,114.141403,22.65764,1000
粤BW2L61,114.14164,22.659079,1001
粤BW2L61,114.142014,22.659628,1002
粤BW2L61,114.142342,22.660116,1003
粤BW2L61,114.142693,22.660862,1004
粤BW2L61,114.142693,22.660862,1004
粤BW2L61,114.142693,22.660862,1004
粤BW2L61,114.143486,22.662495,1005
粤BW2L61,114.143959,22.663801,1006
粤BW2L61,114.144814,22.665236,1007
粤BW2L61,114.145699,22.667789,1008
粤BW2L61,114.147072,22.676157,1009
粤BW2L61,114.147072,22.676157,1009
粤BW2L61,114.145554,22.67975,1010
粤BW2L61,114.14019,22.683067,1014
粤BW2L61,114.141533,22.683931,1017
粤BW2L61,114.141571,22.684011,1018
粤BW2L61,114.141556,22.684002,1019
粤BW2L61,114.141556,22.684002,1019
粤BW2L61,114.142265,22.68458,1020
粤BW2L61,114.141556,22.684002,1020
粤BW2L61,114.140182,22.682917,1030
粤BW2L61,114.14167,22.684025,1034
粤BW2L61,114.140182,22.682917,1034
粤BW2L61,114.140182,22.682917,1035
粤BW2L61,114.14183,22.684122,1035
粤BW2L61,114.141838,22.684181,1036
粤BW2L61,114.142014,22.684294,1037
粤BW2L61,114.142014,22.684294,1040
粤BW2L61,114.142014,22.684294,1045
粤BW2L61,114.147278,22.674557,1050
粤BW2L61,114.147278,22.674555,1050
粤BW2L61,114.14727,22.674561,1051
粤BW2L61,114.147278,22.674555,1051
粤BW2L61,114.147003,22.67103,1052
粤BW2L61,114.144463,22.665154,1053
粤BW2L61,114.142441,22.661392,1054
粤BW2L61,114.141113,22.657127,1055
粤BW2L61,114.141113,22.657127,1056
粤BW2L61,114.144333,22.658783,1056
粤BW2L61,114.145981,22.662268,1057
粤BW2L61,114.137489,22.660946,1058
粤BW2L61,114.124931,22.664186,1059
粤BW2L61,114.112251,22.665052,1060
粤BW2L61,114.101707,22.664633,1061
粤BW2L61,114.101707,22.664633,1061
粤BW2L61,114.090645,22.66647,1062
粤BW2L61,114.081123,22.671127,1063
粤BW2L61,114.070137,22.674751,1064
粤BW2L61,114.070137,22.674751,1064
粤BW2L61,114.059975,22.680262,1065
粤BW2L61,114.048668,22.683289,1066
粤BW2L61,114.048668,22.683289,1066
粤BW2L61,114.046547,22.683521,1067
粤BW2L61,114.045616,22.683626,1068
粤BW2L61,114.044136,22.683832,1069
粤BW2L61,114.040985,22.684103,1070
粤BW2L61,114.03894,22.684147,1071
粤BW2L61,114.03894,22.684147,1071
粤BW2L61,114.037369,22.684128,1072
粤BW2L61,114.035011,22.684069,1073
粤BW2L61,114.032028,22.684011,1074
粤BW2L61,114.028946,22.685389,1075
粤BW2L61,114.029655,22.683359,1076
粤BW2L61,114.029655,22.683359,1076
粤BW2L61,114.030273,22.681696,1082
粤BW2L61,114.035088,22.688765,1087
粤BW2L61,114.038574,22.709892,1092
粤BW2L61,114.041321,22.71558,1097
粤BW2L61,114.041176,22.715548,1102
粤BW2L61,114.041206,22.715525,1103
粤BW2L61,114.041214,22.715515,1104
粤BW2L61,114.041229,22.71553,1105
粤BW2L61,114.04126,22.715551,1106
粤BW2L61,114.041252,22.715519,1106
粤BW2L61,114.041252,22.715519,1107
粤BW2L61,114.041275,22.715548,1107
粤BW2L61,114.041275,22.715544,1108
粤BW2L61,114.041252,22.715528,1109
粤BW2L61,114.041245,22.715523,1110
粤BW2L61,114.041245,22.715523,1110
粤BW2L61,114.04126,22.715511,1111
粤BW2L61,114.041252,22.715521,1112
粤BW2L61,114.041252,22.715521,1113
粤BW2L61,114.041252,22.715525,1113
粤BW2L61,114.041275,22.715519,1114
粤BW2L61,114.041313,22.715485,1115
粤BW2L61,114.041306,22.715483,1116
粤BW2L61,114.041306,22.715467,1117
粤BW2L61,114.041306,22.715467,1118
粤BW2L61,114.041275,22.715485,1118
粤BW2L61,114.041283,22.715469,1119
粤BW2L61,114.041283,22.715467,1120
粤BW2L61,114.041222,22.715509,1121
粤BW2L61,114.041222,22.715498,1122
粤BW2L61,114.041222,22.715508,1123
粤BW2L61,114.041222,22.715498,1123
粤BW2L61,114.041222,22.715519,1124
粤BW2L61,114.041222,22.715517,1125
粤BW2L61,114.041222,22.715517,1125
粤BW2L61,114.041214,22.715519,1126
粤BW2L61,114.041222,22.715508,1127
粤BW2L61,114.041206,22.715519,1128
粤BW2L61,114.041206,22.715519,1128
粤BW2L61,114.041168,22.715548,1129
粤BW2L61,114.041206,22.715519,1130
粤BW2L61,114.041214,22.715521,1131
粤BW2L61,114.041214,22.715523,1132
粤BW2L61,114.041229,22.715513,1133
粤BW2L61,114.041229,22.715513,1133
粤BW2L61,114.041222,22.715502,1134
粤BW2L61,114.041199,22.715525,1135
粤BW2L61,114.041245,22.715506,1136
粤BW2L61,114.041237,22.715523,1137
粤BW2L61,114.041275,22.715549,1144
粤BW2L61,114.041267,22.715542,1145
粤BW2L61,114.041267,22.715549,1146
粤BW2L61,114.041275,22.71554,1147
粤BW2L61,114.041252,22.715542,1148
粤BW2L61,114.041267,22.715534,1149
粤BW2L61,114.041252,22.715542,1149
粤BW2L61,114.041252,22.715542,1150
粤BW2L61,114.04126,22.71554,1151
粤BW2L61,114.04126,22.715538,1152
粤BW2L61,114.041283,22.71554,1153
粤BW2L61,114.041283,22.715534,1154
粤BW2L61,114.041283,22.71554,1154
粤BW2L61,114.041283,22.715548,1155
粤BW2L61,114.041283,22.715548,1155
粤BW2L61,114.041275,22.715546,1156
粤BW2L61,114.04129,22.715544,1157
粤BW2L61,114.041283,22.71554,1158
粤BW2L61,114.041283,22.71554,1159
粤BW2L61,114.041306,22.715555,1164
粤BW2L61,114.041306,22.715555,1164
粤BW2L61,114.041313,22.715532,1165
粤BW2L61,114.041321,22.715517,1166
粤BW2L61,114.041313,22.715523,1167
粤BW2L61,114.041306,22.715523,1168
粤BW2L61,114.041298,22.71554,1169
粤BW2L61,114.041313,22.715458,1174
粤BW2L61,114.04129,22.715452,1175
粤BW2L61,114.04129,22.715452,1176
粤BW2L61,114.041298,22.715458,1177
粤BW2L61,114.041313,22.715479,1178
粤BW2L61,114.041275,22.715527,1179
粤BW2L61,114.041283,22.715485,1180
粤BW2L61,114.041275,22.715527,1180
粤BW2L61,114.04129,22.715487,1181
粤BW2L61,114.04129,22.715508,1185
粤BW2L61,114.041298,22.715481,1190
粤BW2L61,114.041306,22.715506,1195
粤BW2L61,114.041283,22.71549,1199
粤BW2L61,114.041275,22.715492,1200
粤BW2L61,114.041275,22.715492,1200
粤BW2L61,114.041298,22.715488,1201
粤BW2L61,114.041298,22.715488,1201
粤BW2L61,114.04129,22.715519,1205
粤BW2L61,114.04126,22.71557,1209
粤BW2L61,114.041229,22.715576,1210
粤BW2L61,114.041267,22.71559,1211
粤BW2L61,114.041229,22.715576,1211
粤BW2L61,114.041237,22.71558,1212
粤BW2L61,114.04129,22.71554,1213
粤BW2L61,114.041313,22.715528,1214
粤BW2L61,114.041321,22.715538,1215
粤BW2L61,114.041306,22.715536,1216
粤BW2L61,114.041321,22.715538,1216
粤BW2L61,114.041306,22.715536,1216
粤BW2L61,114.041283,22.715576,1217
粤BW2L61,114.04129,22.715553,1218
粤BW2L61,114.041267,22.715609,1219
粤BW2L61,114.04126,22.715612,1220
粤BW2L61,114.04126,22.715605,1221
粤BW2L61,114.04126,22.715612,1221
粤BW2L61,114.04129,22.715561,1222
粤BW2L61,114.04129,22.715561,1223
粤BW2L61,114.041275,22.715569,1224
粤BW2L61,114.041267,22.715555,1225
粤BW2L61,114.041229,22.715561,1226
粤BW2L61,114.041229,22.715561,1226
粤BW2L61,114.041222,22.71558,1227
粤BW2L61,114.041229,22.715616,1228
粤BW2L61,114.041229,22.715607,1229
粤BW2L61,114.041237,22.715595,1230
粤BW2L61,114.041245,22.715584,1231
粤BW2L61,114.041245,22.715584,1231
粤BW2L61,114.041245,22.715584,1231
粤BW2L61,114.041252,22.715593,1232
粤BW2L61,114.041267,22.715563,1233
粤BW2L61,114.041267,22.71554,1234
粤BW2L61,114.041267,22.715536,1235
粤BW2L61,114.041267,22.715523,1236
粤BW2L61,114.041267,22.715523,1236
粤BW2L61,114.041252,22.715532,1237
粤BW2L61,114.041214,22.715637,1238
粤BW2L61,114.04126,22.71558,1239
粤BW2L61,114.04126,22.715565,1240
粤BW2L61,114.041214,22.715628,1241
粤BW2L61,114.041214,22.715628,1241
粤BW2L61,114.041229,22.715584,1242
粤BW2L61,114.041237,22.715574,1243
粤BW2L61,114.041245,22.715569,1244
粤BW2L61,114.041237,22.715576,1245
粤BW2L61,114.041229,22.715572,1246
粤BW2L61,114.041229,22.715572,1246
粤BW2L61,114.041222,22.71559,1247
粤BW2L61,114.041229,22.715572,1247
粤BW2L61,114.04126,22.715561,1248
粤BW2L61,114.041267,22.715557,1249
粤BW2L61,114.041252,22.715574,1252
粤BW2L61,114.041275,22.715532,1256
粤BW2L61,114.041275,22.715532,1257
粤BW2L61,114.041283,22.71553,1257
粤BW2L61,114.04126,22.715538,1258
粤BW2L61,114.041252,22.715544,1259
粤BW2L61,114.041245,22.715563,1260
粤BW2L61,114.04129,22.715578,1267
粤BW2L61,114.04129,22.715578,1267
粤BW2L61,114.041283,22.715597,1268
粤BW2L61,114.041313,22.715528,1269
粤BW2L61,114.041313,22.715534,1270
粤BW2L61,114.041336,22.715492,1271
粤BW2L61,114.041328,22.715504,1272
粤BW2L61,114.041321,22.715496,1278
粤BW2L61,114.041321,22.715498,1278
粤BW2L61,114.041321,22.715494,1279
粤BW2L61,114.041306,22.715506,1280
粤BW2L61,114.041313,22.715473,1281
粤BW2L61,114.041313,22.7155,1282
粤BW2L61,114.041313,22.7155,1283
粤BW2L61,114.041306,22.715523,1283
粤BW2L61,114.041313,22.715485,1284
粤BW2L61,114.041336,22.71549,1286
粤BW2L61,114.041306,22.715534,1288
粤BW2L61,114.041336,22.71549,1288
粤BW2L61,114.041306,22.715528,1289
粤BW2L61,114.041328,22.715557,1290
粤BW2L61,114.041328,22.715557,1291
粤BW2L61,114.041306,22.715557,1291
粤BW2L61,114.041306,22.715595,1292
粤BW2L61,114.041267,22.715656,1293
粤BW2L61,114.041306,22.715578,1298
粤BW2L61,114.041306,22.715578,1298
粤BW2L61,114.041313,22.715567,1299
粤BW2L61,114.041298,22.715563,1300
粤BW2L61,114.04129,22.715546,1301
粤BW2L61,114.041306,22.715508,1302
粤BW2L61,114.04129,22.715506,1303
粤BW2L61,114.04129,22.715506,1303
粤BW2L61,114.041298,22.715488,1304
粤BW2L61,114.041306,22.715511,1305
粤BW2L61,114.041313,22.715504,1306
粤BW2L61,114.041313,22.715504,1306
粤BW2L61,114.041344,22.715515,1307
粤BW2L61,114.04129,22.715528,1308
粤BW2L61,114.041321,22.715532,1309
粤BW2L61,114.04129,22.715528,1309
粤BW2L61,114.041267,22.715546,1310
粤BW2L61,114.041199,22.715546,1311
粤BW2L61,114.041168,22.71553,1312
粤BW2L61,114.041206,22.715553,1313
粤BW2L61,114.041206,22.715553,1314
粤BW2L61,114.041245,22.715527,1319
粤BW2L61,114.041306,22.715509,1324
粤BW2L61,114.04129,22.71554,1325
粤BW2L61,114.041306,22.715515,1326
粤BW2L61,114.041313,22.715528,1327
粤BW2L61,114.041313,22.715508,1328
粤BW2L61,114.041374,22.715458,1329
粤BW2L61,114.041374,22.715458,1329
粤BW2L61,114.041367,22.715521,1330
粤BW2L61,114.041344,22.715515,1331
粤BW2L61,114.041344,22.715494,1332
粤BW2L61,114.041344,22.715494,1333
粤BW2L61,114.041306,22.715513,1334
粤BW2L61,114.041306,22.715513,1334
粤BW2L61,114.041328,22.7155,1340
粤BW2L61,114.041306,22.715496,1341
粤BW2L61,114.041306,22.715492,1342
粤BW2L61,114.041306,22.715508,1343
粤BW2L61,114.041306,22.715523,1344
粤BW2L61,114.041306,22.715523,1345
粤BW2L61,114.041275,22.715517,1345
粤BW2L61,114.041107,22.715509,1350
粤BW2L61,114.034668,22.687481,1355
粤BW2L61,113.992317,22.691158,1360
粤BW2L61,113.938576,22.672466,1364
粤BW2L61,113.927612,22.665674,1365
粤BW2L61,113.927612,22.665674,1365
粤BW2L61,113.914444,22.658964,1366
粤BW2L61,113.861404,22.644958,1371
粤BW2L61,113.828407,22.668324,1376
粤BW2L61,113.845863,22.70756,1378
粤BW2L61,113.848106,22.72188,1379
粤BW2L61,113.846237,22.735731,1380
粤BW2L61,113.840439,22.74861,1381
粤BW2L61,113.846237,22.735731,1381
粤BW2L61,113.831154,22.759708,1382
粤BW2L61,113.840439,22.74861,1382
粤BW2L61,113.81884,22.768509,1383
粤BW2L61,113.806648,22.77762,1384
粤BW2L61,113.797119,22.788179,1385
粤BW2L61,113.789063,22.800133,1386
粤BW2L61,113.789063,22.800133,1386
粤BW2L61,113.778442,22.809855,1387
粤BW2L61,113.720795,22.821575,1391
粤BW2L61,113.699562,22.822992,1393
粤BW2L61,113.691895,22.813648,1394
粤BW2L61,113.680351,22.806013,1395
粤BW2L61,113.666206,22.806801,1396
粤BW2L61,113.666206,22.806801,1396
粤BW2L61,113.641319,22.808498,1398
粤BW2L61,113.628952,22.804832,1399
粤BW2L61,113.619514,22.799374,1400
粤BW2L61,113.609192,22.793413,1401
粤BW2L61,113.609192,22.793413,1402
粤BW2L61,113.599213,22.786802,1402
粤BW2L61,113.590126,22.778452,1403
粤BW2L61,113.582108,22.771013,1404
粤BW2L61,113.570152,22.766077,1405
粤BW2L61,113.556564,22.767269,1406
粤BW2L61,113.543884,22.775877,1407
粤BW2L61,113.556564,22.767269,1407
粤BW2L61,113.531883,22.784077,1408
粤BW2L61,113.517769,22.789112,1409
粤BW2L61,113.502945,22.792683,1410
粤BW2L61,113.490349,22.80031,1411
粤BW2L61,113.486343,22.814072,1412
粤BW2L61,113.486343,22.814072,1412
粤BW2L61,113.490349,22.80031,1412
粤BW2L61,113.48246,22.827858,1413
粤BW2L61,113.483925,22.84202,1414
粤BW2L61,113.487419,22.856045,1415
粤BW2L61,113.484924,22.869078,1416
粤BW2L61,113.478111,22.871283,1417
粤BW2L61,113.478111,22.871283,1417
粤BW2L61,113.463753,22.866583,1418
粤BW2L61,113.448387,22.86269,1419
粤BW2L61,113.403328,22.858309,1422
粤BW2L61,113.341309,22.866165,1426
粤BW2L61,113.341309,22.866165,1427
粤BW2L61,113.326378,22.869116,1427
粤BW2L61,113.326378,22.869116,1427
粤BW2L61,113.310982,22.867929,1428
粤BW2L61,113.296013,22.86343,1429
粤BW2L61,113.281227,22.866365,1430
粤BW2L61,113.26651,22.871202,1431
粤BW2L61,113.251221,22.868603,1432
粤BW2L61,113.251221,22.868603,1433
粤BW2L61,113.187355,22.847773,1438
