粤B800ZD,113.945396,22.764601,7
粤B800ZD,113.945396,22.764601,7
粤B800ZD,113.945396,22.764601,7
粤B800ZD,113.945396,22.764601,8
粤B800ZD,113.945396,22.764601,9
粤B800ZD,113.945396,22.764601,10
粤B800ZD,113.945396,22.764601,10
粤B800ZD,113.945396,22.764601,11
粤B800ZD,113.945396,22.764601,11
粤B800ZD,113.945396,22.764601,11
粤B800ZD,113.945396,22.764601,13
粤B800ZD,113.945396,22.764601,14
粤B800ZD,113.945396,22.764601,14
粤B800ZD,113.945396,22.764601,15
粤B800ZD,113.945396,22.764601,16
粤B800ZD,113.945396,22.764601,17
粤B800ZD,113.945396,22.764601,17
粤B800ZD,113.945396,22.764601,18
粤B800ZD,113.945396,22.764601,18
粤B800ZD,113.945396,22.764601,20
粤B800ZD,113.945396,22.764601,20
粤B800ZD,113.945396,22.764601,21
粤B800ZD,113.945396,22.764601,23
粤B800ZD,113.945396,22.764601,24
粤B800ZD,113.945396,22.764601,24
粤B800ZD,113.945396,22.764601,24
粤B800ZD,113.945396,22.764601,25
粤B800ZD,113.945396,22.764601,25
粤B800ZD,113.945396,22.764601,25
粤B800ZD,113.945396,22.764601,27
粤B800ZD,113.945396,22.764601,27
粤B800ZD,113.945396,22.764601,28
粤B800ZD,113.945396,22.764601,28
粤B800ZD,113.945396,22.764601,29
粤B800ZD,113.945396,22.764601,31
粤B800ZD,113.945396,22.764601,31
粤B800ZD,113.945396,22.764601,31
粤B800ZD,113.945396,22.764601,32
粤B800ZD,113.945396,22.764601,32
粤B800ZD,113.945396,22.764601,34
粤B800ZD,113.945396,22.764601,36
粤B800ZD,113.945396,22.764601,38
粤B800ZD,113.945396,22.764601,38
粤B800ZD,113.945396,22.764601,38
粤B800ZD,113.945396,22.764601,39
粤B800ZD,113.945396,22.764601,39
粤B800ZD,113.945396,22.764601,40
粤B800ZD,113.945396,22.764601,43
粤B800ZD,113.945396,22.764601,43
粤B800ZD,113.945396,22.764601,43
粤B800ZD,113.945396,22.764601,45
粤B800ZD,113.945396,22.764601,46
粤B800ZD,113.945396,22.764601,46
粤B800ZD,113.945396,22.764601,48
粤B800ZD,113.945396,22.764601,50
粤B800ZD,113.945396,22.764601,50
粤B800ZD,113.945396,22.764601,52
粤B800ZD,113.945396,22.764601,52
粤B800ZD,113.945396,22.764601,53
粤B800ZD,113.945396,22.764601,53
粤B800ZD,113.945396,22.764601,53
粤B800ZD,113.945396,22.764601,54
粤B800ZD,113.945396,22.764601,56
粤B800ZD,113.945396,22.764601,56
粤B800ZD,113.945396,22.764601,57
粤B800ZD,113.945396,22.764601,58
粤B800ZD,113.945396,22.764601,59
粤B800ZD,113.945396,22.764601,60
粤B800ZD,113.945396,22.764601,60
粤B800ZD,113.945396,22.764601,60
粤B800ZD,113.945396,22.764601,61
粤B800ZD,113.945396,22.764601,64
粤B800ZD,113.945396,22.764601,64
粤B800ZD,113.945396,22.764601,65
粤B800ZD,113.945396,22.764601,67
粤B800ZD,113.945396,22.764601,67
粤B800ZD,113.945396,22.764601,68
粤B800ZD,113.945396,22.764601,68
粤B800ZD,113.945396,22.764601,70
粤B800ZD,113.945396,22.764601,71
粤B800ZD,113.945396,22.764601,71
粤B800ZD,113.945396,22.764601,75
粤B800ZD,113.945396,22.764601,75
粤B800ZD,113.945396,22.764601,78
粤B800ZD,113.945396,22.764601,78
粤B800ZD,113.945396,22.764601,78
粤B800ZD,113.945396,22.764601,79
粤B800ZD,113.945396,22.764601,79
粤B800ZD,113.945396,22.764601,80
粤B800ZD,113.945396,22.764601,82
粤B800ZD,113.945396,22.764601,84
粤B800ZD,113.945396,22.764601,84
粤B800ZD,113.945396,22.764601,85
粤B800ZD,113.945396,22.764601,85
粤B800ZD,113.945396,22.764601,85
粤B800ZD,113.945396,22.764601,86
粤B800ZD,113.945396,22.764601,87
粤B800ZD,113.945396,22.764601,88
粤B800ZD,113.945396,22.764601,88
粤B800ZD,113.945396,22.764601,89
粤B800ZD,113.945396,22.764601,89
粤B800ZD,113.945396,22.764601,92
粤B800ZD,113.945396,22.764601,93
粤B800ZD,113.945396,22.764601,93
粤B800ZD,113.945396,22.764601,95
粤B800ZD,113.945396,22.764601,96
粤B800ZD,113.945396,22.764601,96
粤B800ZD,113.945396,22.764601,97
粤B800ZD,113.945396,22.764601,99
粤B800ZD,113.945396,22.764601,99
粤B800ZD,113.945396,22.764601,100
粤B800ZD,113.945396,22.764601,100
粤B800ZD,113.945396,22.764601,100
粤B800ZD,113.945396,22.764601,102
粤B800ZD,113.945396,22.764601,104
粤B800ZD,113.945396,22.764601,105
粤B800ZD,113.945396,22.764601,107
粤B800ZD,113.945396,22.764601,107
粤B800ZD,113.945396,22.764601,109
粤B800ZD,113.945396,22.764601,109
粤B800ZD,113.945396,22.764601,110
粤B800ZD,113.945396,22.764601,110
粤B800ZD,113.945396,22.764601,111
粤B800ZD,113.945396,22.764601,113
粤B800ZD,113.945396,22.764601,113
粤B800ZD,113.945396,22.764601,114
粤B800ZD,113.945396,22.764601,114
粤B800ZD,113.945396,22.764601,114
粤B800ZD,113.945396,22.764601,115
粤B800ZD,113.945396,22.764601,118
粤B800ZD,113.945396,22.764601,118
粤B800ZD,113.945396,22.764601,120
粤B800ZD,113.945396,22.764601,120
粤B800ZD,113.945396,22.764601,121
粤B800ZD,113.945396,22.764601,122
粤B800ZD,113.945396,22.764601,124
粤B800ZD,113.945396,22.764601,124
粤B800ZD,113.945396,22.764601,125
粤B800ZD,113.945396,22.764601,128
粤B800ZD,113.945396,22.764601,128
粤B800ZD,113.945396,22.764601,129
粤B800ZD,113.945396,22.764601,132
粤B800ZD,113.945396,22.764601,133
粤B800ZD,113.945396,22.764601,135
粤B800ZD,113.945396,22.764601,135
粤B800ZD,113.945396,22.764601,135
粤B800ZD,113.945396,22.764601,136
粤B800ZD,113.945396,22.764601,136
粤B800ZD,113.945396,22.764601,137
粤B800ZD,113.945396,22.764601,138
粤B800ZD,113.945396,22.764601,139
粤B800ZD,113.945396,22.764601,139
粤B800ZD,113.945396,22.764601,139
粤B800ZD,113.945396,22.764601,141
粤B800ZD,113.945396,22.764601,142
粤B800ZD,113.945396,22.764601,143
粤B800ZD,113.945396,22.764601,144
粤B800ZD,113.945396,22.764601,144
粤B800ZD,113.945396,22.764601,144
粤B800ZD,113.945396,22.764601,146
粤B800ZD,113.945396,22.764601,147
粤B800ZD,113.945396,22.764601,147
粤B800ZD,113.945396,22.764601,148
粤B800ZD,113.945396,22.764601,151
粤B800ZD,113.945396,22.764601,151
粤B800ZD,113.945396,22.764601,151
粤B800ZD,113.945396,22.764601,152
粤B800ZD,113.945396,22.764601,154
粤B800ZD,113.945396,22.764601,154
粤B800ZD,113.945396,22.764601,155
粤B800ZD,113.945396,22.764601,155
粤B800ZD,113.945396,22.764601,156
粤B800ZD,113.945396,22.764601,157
粤B800ZD,113.945396,22.764601,158
粤B800ZD,113.945396,22.764601,159
粤B800ZD,113.945396,22.764601,159
粤B800ZD,113.945396,22.764601,161
粤B800ZD,113.945396,22.764601,162
粤B800ZD,113.945396,22.764601,162
粤B800ZD,113.945396,22.764601,162
粤B800ZD,113.945396,22.764601,163
粤B800ZD,113.945396,22.764601,163
粤B800ZD,113.945396,22.764601,166
粤B800ZD,113.945396,22.764601,167
粤B800ZD,113.945396,22.764601,169
粤B800ZD,113.945396,22.764601,169
粤B800ZD,113.945396,22.764601,170
粤B800ZD,113.945396,22.764601,170
粤B800ZD,113.945396,22.764601,171
粤B800ZD,113.945396,22.764601,173
粤B800ZD,113.945396,22.764601,173
粤B800ZD,113.945396,22.764601,174
粤B800ZD,113.945396,22.764601,174
粤B800ZD,113.945396,22.764601,176
粤B800ZD,113.945396,22.764601,177
粤B800ZD,113.945396,22.764601,177
粤B800ZD,113.945396,22.764601,178
粤B800ZD,113.945396,22.764601,178
粤B800ZD,113.945396,22.764601,181
粤B800ZD,113.945396,22.764601,181
粤B800ZD,113.945396,22.764601,182
粤B800ZD,113.945396,22.764601,191
粤B800ZD,113.945396,22.764601,192
粤B800ZD,113.945396,22.764601,192
粤B800ZD,113.945396,22.764601,193
粤B800ZD,113.945396,22.764601,195
粤B800ZD,113.945396,22.764601,196
粤B800ZD,113.945396,22.764601,196
粤B800ZD,113.945396,22.764601,197
粤B800ZD,113.945396,22.764601,199
粤B800ZD,113.945396,22.764601,199
粤B800ZD,113.945396,22.764601,200
粤B800ZD,113.945396,22.764601,200
粤B800ZD,113.945396,22.764601,201
粤B800ZD,113.945396,22.764601,203
粤B800ZD,113.945396,22.764601,203
粤B800ZD,113.945396,22.764601,203
粤B800ZD,113.945396,22.764601,204
粤B800ZD,113.945396,22.764601,204
粤B800ZD,113.945396,22.764601,204
粤B800ZD,113.945396,22.764601,205
粤B800ZD,113.945396,22.764601,207
粤B800ZD,113.945396,22.764601,207
粤B800ZD,113.945396,22.764601,207
粤B800ZD,113.945396,22.764601,208
粤B800ZD,113.945396,22.764601,208
粤B800ZD,113.945396,22.764601,210
粤B800ZD,113.945396,22.764601,210
粤B800ZD,113.945396,22.764601,211
粤B800ZD,113.945396,22.764601,211
粤B800ZD,113.945396,22.764601,212
粤B800ZD,113.945396,22.764601,214
粤B800ZD,113.945396,22.764601,214
粤B800ZD,113.945396,22.764601,215
粤B800ZD,113.945396,22.764601,217
粤B800ZD,113.945396,22.764601,218
粤B800ZD,113.945396,22.764601,218
粤B800ZD,113.945396,22.764601,219
粤B800ZD,113.945396,22.764601,219
粤B800ZD,113.945396,22.764601,222
粤B800ZD,113.945396,22.764601,223
粤B800ZD,113.945396,22.764601,225
粤B800ZD,113.945396,22.764601,226
粤B800ZD,113.945396,22.764601,226
粤B800ZD,113.945396,22.764601,227
粤B800ZD,113.945396,22.764601,228
粤B800ZD,113.945396,22.764601,229
粤B800ZD,113.945396,22.764601,229
粤B800ZD,113.945396,22.764601,229
粤B800ZD,113.945396,22.764601,230
粤B800ZD,113.945396,22.764601,230
粤B800ZD,113.945396,22.764601,231
粤B800ZD,113.945396,22.764601,233
粤B800ZD,113.945396,22.764601,233
粤B800ZD,113.945396,22.764601,234
粤B800ZD,113.945396,22.764601,234
粤B800ZD,113.945396,22.764601,235
粤B800ZD,113.945396,22.764601,236
粤B800ZD,113.945396,22.764601,237
粤B800ZD,113.945396,22.764601,237
粤B800ZD,113.945396,22.764601,238
粤B800ZD,113.945396,22.764601,240
粤B800ZD,113.945396,22.764601,240
粤B800ZD,113.945396,22.764601,241
粤B800ZD,113.945396,22.764601,241
粤B800ZD,113.945396,22.764601,242
粤B800ZD,113.945396,22.764601,242
粤B800ZD,113.945396,22.764601,244
粤B800ZD,113.945396,22.764601,244
粤B800ZD,113.945396,22.764601,244
粤B800ZD,113.945396,22.764601,245
粤B800ZD,113.945396,22.764601,245
粤B800ZD,113.945396,22.764601,245
粤B800ZD,113.945396,22.764601,247
粤B800ZD,113.945396,22.764601,249
粤B800ZD,113.945396,22.764601,249
粤B800ZD,113.945396,22.764601,251
粤B800ZD,113.945396,22.764601,252
粤B800ZD,113.945396,22.764601,252
粤B800ZD,113.945396,22.764601,253
粤B800ZD,113.945396,22.764601,253
粤B800ZD,113.945396,22.764601,255
粤B800ZD,113.945396,22.764601,255
粤B800ZD,113.945396,22.764601,255
粤B800ZD,113.945396,22.764601,256
粤B800ZD,113.945396,22.764601,256
粤B800ZD,113.945396,22.764601,257
粤B800ZD,113.945396,22.764601,259
粤B800ZD,113.945396,22.764601,259
粤B800ZD,113.945396,22.764601,260
粤B800ZD,113.945396,22.764601,263
粤B800ZD,113.945396,22.764601,264
粤B800ZD,113.945396,22.764601,264
粤B800ZD,113.945396,22.764601,266
粤B800ZD,113.945396,22.764601,268
粤B800ZD,113.945396,22.764601,268
粤B800ZD,113.945396,22.764601,271
粤B800ZD,113.945396,22.764601,271
粤B800ZD,113.945396,22.764601,272
粤B800ZD,113.945396,22.764601,272
粤B800ZD,113.945396,22.764601,274
粤B800ZD,113.945396,22.764601,274
粤B800ZD,113.945396,22.764601,274
粤B800ZD,113.945396,22.764601,275
粤B800ZD,113.945396,22.764601,276
粤B800ZD,113.945396,22.764601,278
粤B800ZD,113.945396,22.764601,278
粤B800ZD,113.945396,22.764601,278
粤B800ZD,113.945396,22.764601,279
粤B800ZD,113.945396,22.764601,279
粤B800ZD,113.945396,22.764601,281
粤B800ZD,113.945396,22.764601,282
粤B800ZD,113.945396,22.764601,283
粤B800ZD,113.945396,22.764601,283
粤B800ZD,113.945396,22.764601,285
粤B800ZD,113.945396,22.764601,285
粤B800ZD,113.945396,22.764601,286
粤B800ZD,113.945396,22.764601,286
粤B800ZD,113.945396,22.764601,287
粤B800ZD,113.945396,22.764601,287
粤B800ZD,113.945396,22.764601,289
粤B800ZD,113.945396,22.764601,289
粤B800ZD,113.945396,22.764601,290
粤B800ZD,113.945396,22.764601,290
粤B800ZD,113.945396,22.764601,291
粤B800ZD,113.945396,22.764601,293
粤B800ZD,113.945396,22.764601,293
粤B800ZD,113.945396,22.764601,293
粤B800ZD,113.945396,22.764601,294
粤B800ZD,113.945396,22.764601,294
粤B800ZD,113.945396,22.764601,295
粤B800ZD,113.945396,22.764601,297
粤B800ZD,113.945396,22.764601,297
粤B800ZD,113.945396,22.764601,298
粤B800ZD,113.945396,22.764601,298
粤B800ZD,113.945396,22.764601,299
粤B800ZD,113.945396,22.764601,299
粤B800ZD,113.945396,22.764601,301
粤B800ZD,113.945396,22.764601,301
粤B800ZD,113.945396,22.764601,301
粤B800ZD,113.945396,22.764601,302
粤B800ZD,113.945396,22.764601,302
粤B800ZD,113.945396,22.764601,303
粤B800ZD,113.945396,22.764601,305
粤B800ZD,113.945396,22.764601,305
粤B800ZD,113.945396,22.764601,306
粤B800ZD,113.945396,22.764601,306
粤B800ZD,113.945396,22.764601,307
粤B800ZD,113.945396,22.764601,309
粤B800ZD,113.945396,22.764601,309
粤B800ZD,113.945396,22.764601,309
粤B800ZD,113.945396,22.764601,310
粤B800ZD,113.945396,22.764601,312
粤B800ZD,113.945396,22.764601,313
粤B800ZD,113.945396,22.764601,314
粤B800ZD,113.945396,22.764601,314
粤B800ZD,113.945396,22.764601,316
粤B800ZD,113.945396,22.764601,316
粤B800ZD,113.945396,22.764601,317
粤B800ZD,113.945396,22.764601,317
粤B800ZD,113.945396,22.764601,318
粤B800ZD,113.945396,22.764601,318
粤B800ZD,113.945396,22.764601,320
粤B800ZD,113.945396,22.764601,320
粤B800ZD,113.945396,22.764601,320
粤B800ZD,113.945396,22.764601,321
粤B800ZD,113.945396,22.764601,321
粤B800ZD,113.945396,22.764601,322
粤B800ZD,113.945396,22.764601,324
粤B800ZD,113.945396,22.764601,324
粤B800ZD,113.945396,22.764601,324
粤B800ZD,113.945396,22.764601,325
粤B800ZD,113.945396,22.764601,326
粤B800ZD,113.945396,22.764601,327
粤B800ZD,113.945396,22.764601,328
粤B800ZD,113.945396,22.764601,329
粤B800ZD,113.945396,22.764601,329
粤B800ZD,113.945396,22.764601,331
粤B800ZD,113.945396,22.764601,332
粤B800ZD,113.945396,22.764601,332
粤B800ZD,113.945396,22.764601,333
粤B800ZD,113.945396,22.764601,335
粤B800ZD,113.945396,22.764601,335
粤B800ZD,113.945396,22.764601,336
粤B800ZD,113.945396,22.764601,336
粤B800ZD,113.945396,22.764601,337
粤B800ZD,113.945396,22.764601,339
粤B800ZD,113.945396,22.764601,339
粤B800ZD,113.945396,22.764601,339
粤B800ZD,113.945396,22.764601,340
粤B800ZD,113.945396,22.764601,343
粤B800ZD,113.945396,22.764601,343
粤B800ZD,113.945396,22.764601,344
粤B800ZD,113.945396,22.764601,344
粤B800ZD,113.945396,22.764601,345
粤B800ZD,113.945396,22.764601,346
粤B800ZD,113.945396,22.764601,347
粤B800ZD,113.945396,22.764601,347
粤B800ZD,113.945396,22.764601,347
粤B800ZD,113.945396,22.764601,348
粤B800ZD,113.945396,22.764601,348
粤B800ZD,113.945396,22.764601,350
粤B800ZD,113.945396,22.764601,351
粤B800ZD,113.945396,22.764601,351
粤B800ZD,113.945396,22.764601,352
粤B800ZD,113.945396,22.764601,354
粤B800ZD,113.945396,22.764601,355
粤B800ZD,113.945396,22.764601,356
粤B800ZD,113.945396,22.764601,356
粤B800ZD,113.945396,22.764601,356
粤B800ZD,113.945396,22.764601,358
粤B800ZD,113.945396,22.764601,359
粤B800ZD,113.945396,22.764601,359
粤B800ZD,113.945396,22.764601,359
粤B800ZD,113.945396,22.764601,360
粤B800ZD,113.945396,22.764601,360
粤B800ZD,113.945396,22.764601,362
粤B800ZD,113.945396,22.764601,363
粤B800ZD,113.945396,22.764601,363
粤B800ZD,113.945396,22.764601,364
粤B800ZD,113.945396,22.764601,364
粤B800ZD,113.945396,22.764601,366
粤B800ZD,113.945396,22.764601,366
粤B800ZD,113.945396,22.764601,367
粤B800ZD,113.945396,22.764601,368
粤B800ZD,113.945396,22.764601,370
粤B800ZD,113.945396,22.764601,370
粤B800ZD,113.945396,22.764601,370
粤B800ZD,113.945396,22.764601,371
粤B800ZD,113.945396,22.764601,372
粤B800ZD,113.945396,22.764601,372
粤B800ZD,113.945396,22.764601,374
粤B800ZD,113.945396,22.764601,374
粤B800ZD,113.945396,22.764601,375
粤B800ZD,113.945396,22.764601,376
粤B800ZD,113.945396,22.764601,378
粤B800ZD,113.945396,22.764601,378
粤B800ZD,113.945396,22.764601,380
粤B800ZD,113.945396,22.764601,382
粤B800ZD,113.945396,22.764601,383
粤B800ZD,113.945396,22.764601,383
粤B800ZD,113.945396,22.764601,384
粤B800ZD,113.945396,22.764601,385
粤B800ZD,113.945396,22.764601,386
粤B800ZD,113.945396,22.764601,386
粤B800ZD,113.945396,22.764601,387
粤B800ZD,113.945396,22.764601,387
粤B800ZD,113.945396,22.764601,389
粤B800ZD,113.945396,22.764601,390
粤B800ZD,113.945396,22.764601,390
粤B800ZD,113.945396,22.764601,391
粤B800ZD,113.945396,22.764601,391
粤B800ZD,113.945396,22.764601,391
粤B800ZD,113.945396,22.764601,393
粤B800ZD,113.945396,22.764601,393
粤B800ZD,113.945396,22.764601,394
粤B800ZD,113.945396,22.764601,394
粤B800ZD,113.945396,22.764601,395
粤B800ZD,113.945396,22.764601,397
粤B800ZD,113.945396,22.764601,397
粤B800ZD,113.945396,22.764601,398
粤B800ZD,113.945396,22.764601,398
粤B800ZD,113.945396,22.764601,398
粤B800ZD,113.945396,22.764601,400
粤B800ZD,113.945396,22.764601,401
粤B800ZD,113.945396,22.764601,401
粤B800ZD,113.945396,22.764601,402
粤B800ZD,113.945396,22.764601,402
粤B800ZD,113.945396,22.764601,404
粤B800ZD,113.945396,22.764601,405
粤B800ZD,113.945396,22.764601,405
粤B800ZD,113.945396,22.764601,406
粤B800ZD,113.945396,22.764601,408
粤B800ZD,113.945396,22.764601,409
粤B800ZD,113.945396,22.764601,409
粤B800ZD,113.945396,22.764601,410
粤B800ZD,113.945396,22.764601,412
粤B800ZD,113.945396,22.764601,412
粤B800ZD,113.945396,22.764601,412
粤B800ZD,113.945396,22.764601,414
粤B800ZD,113.945396,22.764601,416
粤B800ZD,113.945396,22.764601,417
粤B800ZD,113.945396,22.764601,417
粤B800ZD,113.945396,22.764601,417
粤B800ZD,113.945396,22.764601,418
粤B800ZD,113.945396,22.764601,420
粤B800ZD,113.945396,22.764601,420
粤B800ZD,113.945396,22.764601,421
粤B800ZD,113.945396,22.764601,421
粤B800ZD,113.945396,22.764601,422
粤B800ZD,113.945396,22.764601,422
粤B800ZD,113.945396,22.764601,424
粤B800ZD,113.945396,22.764601,425
粤B800ZD,113.945396,22.764601,425
粤B800ZD,113.945396,22.764601,425
粤B800ZD,113.945396,22.764601,426
粤B800ZD,113.945396,22.764601,428
粤B800ZD,113.945396,22.764601,429
粤B800ZD,113.945396,22.764601,432
粤B800ZD,113.945396,22.764601,432
粤B800ZD,113.945396,22.764601,432
粤B800ZD,113.945396,22.764601,433
粤B800ZD,113.945396,22.764601,433
粤B800ZD,113.945396,22.764601,435
粤B800ZD,113.945396,22.764601,435
粤B800ZD,113.945396,22.764601,436
粤B800ZD,113.945396,22.764601,436
粤B800ZD,113.945396,22.764601,436
粤B800ZD,113.945396,22.764601,439
粤B800ZD,113.945396,22.764601,440
粤B800ZD,113.945396,22.764601,440
粤B800ZD,113.945396,22.764601,441
粤B800ZD,113.945396,22.764601,442
粤B800ZD,113.945396,22.764601,442
粤B800ZD,113.945396,22.764601,443
粤B800ZD,113.945396,22.764601,444
粤B800ZD,113.945396,22.764601,446
粤B800ZD,113.945396,22.764601,446
粤B800ZD,113.945396,22.764601,447
粤B800ZD,113.945396,22.764601,450
粤B800ZD,113.945396,22.764601,450
粤B800ZD,113.945396,22.764601,451
粤B800ZD,113.945396,22.764601,451
粤B800ZD,113.945396,22.764601,453
粤B800ZD,113.945396,22.764601,453
粤B800ZD,113.945396,22.764601,454
粤B800ZD,113.945396,22.764601,454
粤B800ZD,113.945396,22.764601,454
粤B800ZD,113.945396,22.764601,455
粤B800ZD,113.945396,22.764601,455
粤B800ZD,113.945396,22.764601,456
粤B800ZD,113.945396,22.764601,457
粤B800ZD,113.945396,22.764601,457
粤B800ZD,113.945396,22.764601,458
粤B800ZD,113.945396,22.764601,458
粤B800ZD,113.945396,22.764601,459
粤B800ZD,113.945396,22.764601,460
粤B800ZD,113.945396,22.764601,461
粤B800ZD,113.945396,22.764601,462
粤B800ZD,113.945396,22.764601,464
粤B800ZD,113.945396,22.764601,464
粤B800ZD,113.945396,22.764601,464
粤B800ZD,113.945396,22.764601,465
粤B800ZD,113.945396,22.764601,465
粤B800ZD,113.945396,22.764601,466
粤B800ZD,113.945396,22.764601,467
粤B800ZD,113.945396,22.764601,468
粤B800ZD,113.945396,22.764601,468
粤B800ZD,113.945396,22.764601,469
粤B800ZD,113.945396,22.764601,469
粤B800ZD,113.945396,22.764601,471
粤B800ZD,113.945396,22.764601,473
粤B800ZD,113.945396,22.764601,473
粤B800ZD,113.945396,22.764601,476
粤B800ZD,113.945396,22.764601,478
粤B800ZD,113.945396,22.764601,478
粤B800ZD,113.945396,22.764601,479
粤B800ZD,113.945396,22.764601,479
粤B800ZD,113.945396,22.764601,479
粤B800ZD,113.945396,22.764601,480
粤B800ZD,113.945396,22.764601,482
粤B800ZD,113.945396,22.764601,486
粤B800ZD,113.945396,22.764601,486
粤B800ZD,113.945396,22.764601,487
粤B800ZD,113.945396,22.764601,489
粤B800ZD,113.945396,22.764601,490
粤B800ZD,113.945396,22.764601,490
粤B800ZD,113.945396,22.764601,490
粤B800ZD,113.945396,22.764601,491
粤B800ZD,113.945396,22.764601,494
粤B800ZD,113.945396,22.764601,494
粤B800ZD,113.945396,22.764601,495
粤B800ZD,113.945396,22.764601,495
粤B800ZD,113.945396,22.764601,497
粤B800ZD,113.945396,22.764601,498
粤B800ZD,113.945396,22.764601,499
粤B800ZD,113.945396,22.764601,499
粤B800ZD,113.945396,22.764601,501
粤B800ZD,113.945396,22.764601,502
粤B800ZD,113.945396,22.764601,502
粤B800ZD,113.945396,22.764601,502
粤B800ZD,113.945396,22.764601,503
粤B800ZD,113.945396,22.764601,504
粤B800ZD,113.945396,22.764601,504
粤B800ZD,113.945396,22.764601,505
粤B800ZD,113.945396,22.764601,505
粤B800ZD,113.945396,22.764601,506
粤B800ZD,113.945396,22.764601,507
粤B800ZD,113.945396,22.764601,507
粤B800ZD,113.945396,22.764601,507
粤B800ZD,113.945396,22.764601,508
粤B800ZD,113.945396,22.764601,508
粤B800ZD,113.945396,22.764601,509
粤B800ZD,113.945396,22.764601,511
粤B800ZD,113.945396,22.764601,512
粤B800ZD,113.945396,22.764601,512
粤B800ZD,113.945396,22.764601,515
粤B800ZD,113.945396,22.764601,515
粤B800ZD,113.945396,22.764601,515
粤B800ZD,113.945396,22.764601,516
粤B800ZD,113.945396,22.764601,516
粤B800ZD,113.945396,22.764601,518
粤B800ZD,113.945396,22.764601,519
粤B800ZD,113.945396,22.764601,519
粤B800ZD,113.945396,22.764601,520
粤B800ZD,113.945396,22.764601,522
粤B800ZD,113.945396,22.764601,523
粤B800ZD,113.945396,22.764601,523
粤B800ZD,113.945396,22.764601,525
粤B800ZD,113.945396,22.764601,525
粤B800ZD,113.945396,22.764601,526
粤B800ZD,113.945396,22.764601,526
粤B800ZD,113.945396,22.764601,526
粤B800ZD,113.945396,22.764601,527
粤B800ZD,113.945396,22.764601,528
粤B800ZD,113.945396,22.764601,529
粤B800ZD,113.945396,22.764601,529
粤B800ZD,113.945396,22.764601,530
粤B800ZD,113.945396,22.764601,530
粤B800ZD,113.945396,22.764601,533
粤B800ZD,113.945396,22.764601,534
粤B800ZD,113.945396,22.764601,534
粤B800ZD,113.945396,22.764601,535
粤B800ZD,113.945396,22.764601,536
粤B800ZD,113.945396,22.764601,546
粤B800ZD,113.945396,22.764601,547
粤B800ZD,113.945396,22.764601,547
粤B800ZD,113.945396,22.764601,547
粤B800ZD,113.945396,22.764601,548
粤B800ZD,113.945396,22.764601,550
粤B800ZD,113.945396,22.764601,551
粤B800ZD,113.945396,22.764601,551
粤B800ZD,113.945396,22.764601,553
粤B800ZD,113.945396,22.764601,553
粤B800ZD,113.945396,22.764601,554
粤B800ZD,113.945396,22.764601,555
粤B800ZD,113.945396,22.764601,555
粤B800ZD,113.945396,22.764601,557
粤B800ZD,113.945396,22.764601,557
粤B800ZD,113.945396,22.764601,558
粤B800ZD,113.945396,22.764601,558
粤B800ZD,113.945396,22.764601,558
粤B800ZD,113.945396,22.764601,559
粤B800ZD,113.945396,22.764601,561
粤B800ZD,113.945396,22.764601,562
粤B800ZD,113.945396,22.764601,562
粤B800ZD,113.945396,22.764601,562
粤B800ZD,113.945396,22.764601,563
粤B800ZD,113.945396,22.764601,564
粤B800ZD,113.945396,22.764601,565
粤B800ZD,113.945396,22.764601,566
粤B800ZD,113.945396,22.764601,566
粤B800ZD,113.945396,22.764601,566
粤B800ZD,113.945396,22.764601,568
粤B800ZD,113.945396,22.764601,569
粤B800ZD,113.945396,22.764601,569
粤B800ZD,113.945396,22.764601,569
粤B800ZD,113.945396,22.764601,572
粤B800ZD,113.945396,22.764601,572
粤B800ZD,113.945396,22.764601,573
粤B800ZD,113.945396,22.764601,573
粤B800ZD,113.945396,22.764601,576
粤B800ZD,113.945396,22.764601,577
粤B800ZD,113.945396,22.764601,579
粤B800ZD,113.945396,22.764601,580
粤B800ZD,113.945396,22.764601,581
粤B800ZD,113.945396,22.764601,581
粤B800ZD,113.945396,22.764601,583
粤B800ZD,113.945396,22.764601,584
粤B800ZD,113.945396,22.764601,584
粤B800ZD,113.945396,22.764601,585
粤B800ZD,113.945396,22.764601,586
粤B800ZD,113.945396,22.764601,587
粤B800ZD,113.945396,22.764601,587
粤B800ZD,113.945396,22.764601,588
粤B800ZD,113.945396,22.764601,591
粤B800ZD,113.945396,22.764601,591
粤B800ZD,113.945396,22.764601,595
粤B800ZD,113.945396,22.764601,597
粤B800ZD,113.945396,22.764601,597
粤B800ZD,113.945396,22.764601,598
粤B800ZD,113.945396,22.764601,598
粤B800ZD,113.945396,22.764601,598
粤B800ZD,113.945396,22.764601,602
粤B800ZD,113.945396,22.764601,604
粤B800ZD,113.945396,22.764601,605
粤B800ZD,113.945396,22.764601,607
粤B800ZD,113.945396,22.764601,608
粤B800ZD,113.945396,22.764601,608
粤B800ZD,113.945396,22.764601,609
粤B800ZD,113.945396,22.764601,609
粤B800ZD,113.945396,22.764601,610
粤B800ZD,113.945396,22.764601,611
粤B800ZD,113.945396,22.764601,612
粤B800ZD,113.945396,22.764601,612
粤B800ZD,113.945396,22.764601,613
粤B800ZD,113.945396,22.764601,614
粤B800ZD,113.945396,22.764601,615
粤B800ZD,113.945396,22.764601,615
粤B800ZD,113.945396,22.764601,616
粤B800ZD,113.945396,22.764601,616
粤B800ZD,113.945396,22.764601,618
粤B800ZD,113.945396,22.764601,618
粤B800ZD,113.945396,22.764601,619
粤B800ZD,113.945396,22.764601,621
粤B800ZD,113.945396,22.764601,622
粤B800ZD,113.945396,22.764601,624
粤B800ZD,113.945396,22.764601,625
粤B800ZD,113.945396,22.764601,626
粤B800ZD,113.945396,22.764601,628
粤B800ZD,113.945396,22.764601,628
粤B800ZD,113.945396,22.764601,629
粤B800ZD,113.945396,22.764601,629
粤B800ZD,113.945396,22.764601,631
粤B800ZD,113.945396,22.764601,631
粤B800ZD,113.945396,22.764601,633
粤B800ZD,113.945396,22.764601,634
粤B800ZD,113.945396,22.764601,635
粤B800ZD,113.945396,22.764601,635
粤B800ZD,113.945396,22.764601,635
粤B800ZD,113.945396,22.764601,636
粤B800ZD,113.945396,22.764601,636
粤B800ZD,113.945396,22.764601,638
粤B800ZD,113.945396,22.764601,638
粤B800ZD,113.945396,22.764601,639
粤B800ZD,113.945396,22.764601,639
粤B800ZD,113.945396,22.764601,642
粤B800ZD,113.945396,22.764601,643
粤B800ZD,113.945396,22.764601,643
粤B800ZD,113.945396,22.764601,645
粤B800ZD,113.945396,22.764601,646
粤B800ZD,113.945396,22.764601,647
粤B800ZD,113.945396,22.764601,648
粤B800ZD,113.945396,22.764601,648
粤B800ZD,113.945396,22.764601,649
粤B800ZD,113.945396,22.764601,649
粤B800ZD,113.945396,22.764601,649
粤B800ZD,113.945396,22.764601,651
粤B800ZD,113.945396,22.764601,652
粤B800ZD,113.945396,22.764601,652
粤B800ZD,113.945396,22.764601,653
粤B800ZD,113.945396,22.764601,654
粤B800ZD,113.945396,22.764601,655
粤B800ZD,113.945396,22.764601,655
粤B800ZD,113.945396,22.764601,655
粤B800ZD,113.945396,22.764601,657
粤B800ZD,113.945396,22.764601,658
粤B800ZD,113.945396,22.764601,658
粤B800ZD,113.945396,22.764601,658
粤B800ZD,113.945396,22.764601,659
粤B800ZD,113.945396,22.764601,659
粤B800ZD,113.945396,22.764601,659
粤B800ZD,113.945396,22.764601,661
粤B800ZD,113.945396,22.764601,661
粤B800ZD,113.945396,22.764601,662
粤B800ZD,113.945396,22.764601,664
粤B800ZD,113.945396,22.764601,665
粤B800ZD,113.945396,22.764601,665
粤B800ZD,113.945396,22.764601,666
粤B800ZD,113.945396,22.764601,666
粤B800ZD,113.945396,22.764601,668
粤B800ZD,113.945396,22.764601,668
粤B800ZD,113.945396,22.764601,669
粤B800ZD,113.945396,22.764601,669
粤B800ZD,113.945396,22.764601,669
粤B800ZD,113.945396,22.764601,670
粤B800ZD,113.945396,22.764601,672
粤B800ZD,113.945396,22.764601,673
粤B800ZD,113.945396,22.764601,675
粤B800ZD,113.945396,22.764601,676
粤B800ZD,113.945396,22.764601,678
粤B800ZD,113.945396,22.764601,678
粤B800ZD,113.945396,22.764601,679
粤B800ZD,113.945396,22.764601,682
粤B800ZD,113.945396,22.764601,685
粤B800ZD,113.945396,22.764601,685
粤B800ZD,113.945396,22.764601,686
粤B800ZD,113.945396,22.764601,689
粤B800ZD,113.945396,22.764601,689
粤B800ZD,113.945396,22.764601,690
粤B800ZD,113.945396,22.764601,692
粤B800ZD,113.945396,22.764601,692
粤B800ZD,113.945396,22.764601,693
粤B800ZD,113.945396,22.764601,695
粤B800ZD,113.945396,22.764601,695
粤B800ZD,113.945396,22.764601,696
粤B800ZD,113.945396,22.764601,696
粤B800ZD,113.945396,22.764601,697
粤B800ZD,113.945396,22.764601,697
粤B800ZD,113.945396,22.764601,698
粤B800ZD,113.945396,22.764601,699
粤B800ZD,113.945396,22.764601,699
粤B800ZD,113.945396,22.764601,700
粤B800ZD,113.945396,22.764601,702
粤B800ZD,113.945396,22.764601,702
粤B800ZD,113.945396,22.764601,703
粤B800ZD,113.945396,22.764601,703
粤B800ZD,113.945396,22.764601,703
粤B800ZD,113.945396,22.764601,704
粤B800ZD,113.945396,22.764601,705
粤B800ZD,113.945396,22.764601,706
粤B800ZD,113.945396,22.764601,709
粤B800ZD,113.945396,22.764601,710
粤B800ZD,113.945396,22.764601,712
粤B800ZD,113.945396,22.764601,713
粤B800ZD,113.945396,22.764601,713
粤B800ZD,113.945396,22.764601,716
粤B800ZD,113.945396,22.764601,716
粤B800ZD,113.945396,22.764601,717
粤B800ZD,113.945396,22.764601,717
粤B800ZD,113.945396,22.764601,719
粤B800ZD,113.945396,22.764601,719
