粤BX2X10,114.082497,22.571108,4
粤BX2X10,114.082497,22.571108,13
粤BX2X10,114.082497,22.571108,19
粤BX2X10,114.082497,22.571108,19
粤BX2X10,114.082497,22.571108,25
粤BX2X10,114.082497,22.571108,31
粤BX2X10,114.082497,22.571108,35
粤BX2X10,114.082497,22.571108,37
粤BX2X10,114.082497,22.571108,43
粤BX2X10,114.082497,22.571108,49
粤BX2X10,114.082497,22.571108,51
粤BX2X10,114.082497,22.571108,55
粤BX2X10,114.082497,22.571108,61
粤BX2X10,114.082497,22.571108,66
粤BX2X10,114.082497,22.571108,67
粤BX2X10,114.082497,22.571108,72
粤BX2X10,114.082497,22.571108,78
粤BX2X10,114.082497,22.571108,82
粤BX2X10,114.082497,22.571108,84
粤BX2X10,114.082497,22.571108,90
粤BX2X10,114.082497,22.571108,96
粤BX2X10,114.082497,22.571108,98
粤BX2X10,114.082497,22.571108,102
粤BX2X10,114.082497,22.571108,108
粤BX2X10,114.082497,22.571108,114
粤BX2X10,114.082497,22.571108,114
粤BX2X10,114.082497,22.571108,120
粤BX2X10,114.082497,22.571108,126
粤BX2X10,114.082497,22.571108,129
粤BX2X10,114.082497,22.571108,132
粤BX2X10,114.082497,22.571108,138
粤BX2X10,114.082497,22.571108,144
粤BX2X10,114.082497,22.571108,145
粤BX2X10,114.082497,22.571108,150
粤BX2X10,114.082497,22.571108,156
粤BX2X10,114.082497,22.571108,161
粤BX2X10,114.082497,22.571108,162
粤BX2X10,114.082497,22.571108,168
粤BX2X10,114.082497,22.571108,174
粤BX2X10,114.082497,22.571108,180
粤BX2X10,114.082497,22.571108,192
粤BX2X10,114.082497,22.571108,192
粤BX2X10,114.082497,22.571108,198
粤BX2X10,114.082497,22.571108,204
粤BX2X10,114.082497,22.571108,208
粤BX2X10,114.082497,22.571108,210
粤BX2X10,114.082497,22.571108,216
粤BX2X10,114.082497,22.571108,222
粤BX2X10,114.082497,22.571108,224
粤BX2X10,114.082497,22.571108,228
粤BX2X10,114.082497,22.571108,233
粤BX2X10,114.082497,22.571108,239
粤BX2X10,114.082497,22.571108,240
粤BX2X10,114.082497,22.571108,245
粤BX2X10,114.082497,22.571108,251
粤BX2X10,114.082497,22.571108,255
粤BX2X10,114.082497,22.571108,257
粤BX2X10,114.082497,22.571108,263
粤BX2X10,114.082497,22.571108,269
粤BX2X10,114.082497,22.571108,271
粤BX2X10,114.082497,22.571108,275
粤BX2X10,114.082497,22.571108,281
粤BX2X10,114.082497,22.571108,287
粤BX2X10,114.082497,22.571108,287
粤BX2X10,114.082497,22.571108,293
粤BX2X10,114.082497,22.571108,299
粤BX2X10,114.082497,22.571108,303
粤BX2X10,114.082497,22.571108,311
粤BX2X10,114.082497,22.571108,317
粤BX2X10,114.082497,22.571108,318
粤BX2X10,114.082497,22.571108,323
粤BX2X10,114.082497,22.571108,329
粤BX2X10,114.082497,22.571108,334
粤BX2X10,114.082497,22.571108,335
粤BX2X10,114.082497,22.571108,341
粤BX2X10,114.082497,22.571108,347
粤BX2X10,114.082497,22.571108,350
粤BX2X10,114.082497,22.571108,353
粤BX2X10,114.082497,22.571108,358
粤BX2X10,114.082497,22.571108,364
粤BX2X10,114.082497,22.571108,366
粤BX2X10,114.082497,22.571108,370
粤BX2X10,114.082497,22.571108,376
粤BX2X10,114.082497,22.571108,381
粤BX2X10,114.082497,22.571108,382
粤BX2X10,114.082497,22.571108,388
粤BX2X10,114.082497,22.571108,394
粤BX2X10,114.082497,22.571108,397
粤BX2X10,114.082497,22.571108,400
粤BX2X10,114.082497,22.571108,406
粤BX2X10,114.082497,22.571108,412
粤BX2X10,114.082497,22.571108,413
粤BX2X10,114.082497,22.571108,418
粤BX2X10,114.082497,22.571108,424
粤BX2X10,114.082497,22.571108,429
粤BX2X10,114.082497,22.571108,430
粤BX2X10,114.082497,22.571108,436
粤BX2X10,114.082497,22.571108,442
粤BX2X10,114.082497,22.571108,444
粤BX2X10,114.082497,22.571108,448
粤BX2X10,114.082497,22.571108,454
粤BX2X10,114.082497,22.571108,460
粤BX2X10,114.082497,22.571108,460
粤BX2X10,114.082497,22.571108,466
粤BX2X10,114.082497,22.571108,472
粤BX2X10,114.082497,22.571108,477
粤BX2X10,114.082497,22.571108,483
粤BX2X10,114.082497,22.571108,489
粤BX2X10,114.082497,22.571108,491
粤BX2X10,114.082497,22.571108,495
粤BX2X10,114.082497,22.571108,501
粤BX2X10,114.082497,22.571108,507
粤BX2X10,114.082497,22.571108,507
粤BX2X10,114.082497,22.571108,513
粤BX2X10,114.082497,22.571108,519
粤BX2X10,114.082497,22.571108,523
粤BX2X10,114.082497,22.571108,525
粤BX2X10,114.082497,22.571108,539
粤BX2X10,114.082497,22.571108,549
粤BX2X10,114.082497,22.571108,554
粤BX2X10,114.082497,22.571108,555
粤BX2X10,114.082497,22.571108,561
粤BX2X10,114.082497,22.571108,567
粤BX2X10,114.082497,22.571108,570
粤BX2X10,114.082497,22.571108,573
粤BX2X10,114.082497,22.571108,579
粤BX2X10,114.082497,22.571108,585
粤BX2X10,114.082497,22.571108,586
粤BX2X10,114.082497,22.571108,591
粤BX2X10,114.082497,22.571108,597
粤BX2X10,114.082497,22.571108,601
粤BX2X10,114.082497,22.571108,609
粤BX2X10,114.082497,22.571108,615
粤BX2X10,114.082497,22.571108,617
粤BX2X10,114.082497,22.571108,621
粤BX2X10,114.082497,22.571108,625
粤BX2X10,114.082497,22.571108,627
粤BX2X10,114.082497,22.571108,633
粤BX2X10,114.082497,22.571108,641
粤BX2X10,114.082497,22.571108,643
粤BX2X10,114.082497,22.571108,649
粤BX2X10,114.082497,22.571108,655
粤BX2X10,114.082497,22.571108,657
粤BX2X10,114.082497,22.571108,661
粤BX2X10,114.082497,22.571108,667
粤BX2X10,114.082497,22.571108,672
粤BX2X10,114.082497,22.571108,673
粤BX2X10,114.082497,22.571108,679
粤BX2X10,114.082497,22.571108,685
粤BX2X10,114.082497,22.571108,688
粤BX2X10,114.082497,22.571108,691
粤BX2X10,114.082497,22.571108,697
粤BX2X10,114.082497,22.571108,703
粤BX2X10,114.082497,22.571108,704
粤BX2X10,114.082497,22.571108,709
粤BX2X10,114.082497,22.571108,715
粤BX2X10,114.082497,22.571108,720
粤BX2X10,114.082497,22.571108,721
粤BX2X10,114.082497,22.571108,727
粤BX2X10,114.082497,22.571108,733
粤BX2X10,114.082497,22.571108,735
粤BX2X10,114.082497,22.571108,739
粤BX2X10,114.082497,22.571108,745
粤BX2X10,114.082497,22.571108,751
粤BX2X10,114.082497,22.571108,751
粤BX2X10,114.082497,22.571108,757
粤BX2X10,114.082497,22.571108,762
粤BX2X10,114.082497,22.571108,767
粤BX2X10,114.082497,22.571108,768
粤BX2X10,114.082497,22.571108,774
粤BX2X10,114.082497,22.571108,780
粤BX2X10,114.082497,22.571108,782
粤BX2X10,114.082497,22.571108,786
粤BX2X10,114.082497,22.571108,792
粤BX2X10,114.082497,22.571108,798
粤BX2X10,114.082497,22.571108,798
粤BX2X10,114.082497,22.571108,804
粤BX2X10,114.082497,22.571108,810
粤BX2X10,114.082497,22.571108,814
粤BX2X10,114.082497,22.571108,816
粤BX2X10,114.082497,22.571108,822
粤BX2X10,114.082497,22.571108,828
粤BX2X10,114.082497,22.571108,835
粤BX2X10,114.082497,22.571108,845
粤BX2X10,114.082497,22.571108,846
粤BX2X10,114.082497,22.571108,852
粤BX2X10,114.082497,22.571108,858
粤BX2X10,114.082497,22.571108,861
粤BX2X10,114.082497,22.571108,864
粤BX2X10,114.082497,22.571108,870
粤BX2X10,114.082497,22.571108,876
粤BX2X10,114.082497,22.571108,877
粤BX2X10,114.082497,22.571108,882
粤BX2X10,114.082497,22.571108,888
粤BX2X10,114.082497,22.571108,894
粤BX2X10,114.082497,22.571108,908
粤BX2X10,114.082497,22.571108,912
粤BX2X10,114.082497,22.571108,918
粤BX2X10,114.082497,22.571108,924
粤BX2X10,114.082497,22.571108,924
粤BX2X10,114.082497,22.571108,930
粤BX2X10,114.082497,22.571108,936
粤BX2X10,114.082497,22.571108,940
粤BX2X10,114.082497,22.571108,942
粤BX2X10,114.082497,22.571108,948
粤BX2X10,114.082497,22.571108,954
粤BX2X10,114.082497,22.571108,955
粤BX2X10,114.082497,22.571108,960
粤BX2X10,114.082497,22.571108,966
粤BX2X10,114.082497,22.571108,971
粤BX2X10,114.082497,22.571108,972
粤BX2X10,114.082497,22.571108,978
粤BX2X10,114.082497,22.571108,984
粤BX2X10,114.082497,22.571108,987
粤BX2X10,114.082497,22.571108,990
粤BX2X10,114.082497,22.571108,996
粤BX2X10,114.082497,22.571108,1002
粤BX2X10,114.082497,22.571108,1003
粤BX2X10,114.082497,22.571108,1008
粤BX2X10,114.082497,22.571108,1014
粤BX2X10,114.082497,22.571108,1020
粤BX2X10,114.082497,22.571108,1032
粤BX2X10,114.082497,22.571108,1034
粤BX2X10,114.082497,22.571108,1038
粤BX2X10,114.082497,22.571108,1044
粤BX2X10,114.082497,22.571108,1050
粤BX2X10,114.082497,22.571108,1050
粤BX2X10,114.082497,22.571108,1056
粤BX2X10,114.082497,22.571108,1062
粤BX2X10,114.082497,22.571108,1066
粤BX2X10,114.082497,22.571108,1068
粤BX2X10,114.082497,22.571108,1074
粤BX2X10,114.082497,22.571108,1080
粤BX2X10,114.082497,22.571108,1081
粤BX2X10,114.082497,22.571108,1086
粤BX2X10,114.082497,22.571108,1092
粤BX2X10,114.082497,22.571108,1097
粤BX2X10,114.082497,22.571108,1098
粤BX2X10,114.082497,22.571108,1104
粤BX2X10,114.082497,22.571108,1110
粤BX2X10,114.082497,22.571108,1113
粤BX2X10,114.082497,22.571108,1116
粤BX2X10,114.082497,22.571108,1122
粤BX2X10,114.082497,22.571108,1128
粤BX2X10,114.082497,22.571108,1134
粤BX2X10,114.082497,22.571108,1144
粤BX2X10,114.082497,22.571108,1145
粤BX2X10,114.082497,22.571108,1151
粤BX2X10,114.082497,22.571108,1157
粤BX2X10,114.082497,22.571108,1160
粤BX2X10,114.082497,22.571108,1163
粤BX2X10,114.082497,22.571108,1169
粤BX2X10,114.082497,22.571108,1175
粤BX2X10,114.082497,22.571108,1176
粤BX2X10,114.082497,22.571108,1181
粤BX2X10,114.082497,22.571108,1187
粤BX2X10,114.082497,22.571108,1193
粤BX2X10,114.082497,22.571108,1199
粤BX2X10,114.082497,22.571108,1205
粤BX2X10,114.082497,22.571108,1207
粤BX2X10,114.082497,22.571108,1211
粤BX2X10,114.082497,22.571108,1217
粤BX2X10,114.082497,22.571108,1223
粤BX2X10,114.082497,22.571108,1223
粤BX2X10,114.082497,22.571108,1229
粤BX2X10,114.082497,22.571108,1235
粤BX2X10,114.082497,22.571108,1239
粤BX2X10,114.082497,22.571108,1241
粤BX2X10,114.082497,22.571108,1247
粤BX2X10,114.082497,22.571108,1252
粤BX2X10,114.082497,22.571108,1254
粤BX2X10,114.082497,22.571108,1258
粤BX2X10,114.082497,22.571108,1264
粤BX2X10,114.082497,22.571108,1270
粤BX2X10,114.082497,22.571108,1270
粤BX2X10,114.082497,22.571108,1276
粤BX2X10,114.082497,22.571108,1282
粤BX2X10,114.082497,22.571108,1286
粤BX2X10,114.082497,22.571108,1288
粤BX2X10,114.082497,22.571108,1294
粤BX2X10,114.082497,22.571108,1300
粤BX2X10,114.082497,22.571108,1302
粤BX2X10,114.082497,22.571108,1306
粤BX2X10,114.082497,22.571108,1312
粤BX2X10,114.082497,22.571108,1317
粤BX2X10,114.082497,22.571108,1318
粤BX2X10,114.082497,22.571108,1324
粤BX2X10,114.082497,22.571108,1330
粤BX2X10,114.082497,22.571108,1333
粤BX2X10,114.082497,22.571108,1336
粤BX2X10,114.082497,22.571108,1342
粤BX2X10,114.082497,22.571108,1348
粤BX2X10,114.082497,22.571108,1349
粤BX2X10,114.082497,22.571108,1354
粤BX2X10,114.082497,22.571108,1360
粤BX2X10,114.082497,22.571108,1366
粤BX2X10,114.082497,22.571108,1372
粤BX2X10,114.082497,22.571108,1378
粤BX2X10,114.082497,22.571108,1380
粤BX2X10,114.082497,22.571108,1384
粤BX2X10,114.082497,22.571108,1390
粤BX2X10,114.082497,22.571108,1395
粤BX2X10,114.082497,22.571108,1396
粤BX2X10,114.082497,22.571108,1401
粤BX2X10,114.082497,22.571108,1407
粤BX2X10,114.082497,22.571108,1412
粤BX2X10,114.082497,22.571108,1413
粤BX2X10,114.082497,22.571108,1419
粤BX2X10,114.082497,22.571108,1425
粤BX2X10,114.082497,22.571108,1431
粤BX2X10,114.082497,22.571108,1437
