粤BX2X16,113.939247,22.540346,4
粤BX2X16,113.939362,22.540319,4
粤BX2X16,113.939301,22.540333,8
粤BX2X16,113.939285,22.540548,9
粤BX2X16,113.939384,22.540201,10
粤BX2X16,113.939537,22.540354,11
粤BX2X16,113.939346,22.54034,12
粤BX2X16,113.939362,22.540319,13
粤BX2X16,113.939247,22.540346,14
粤BX2X16,113.939415,22.540403,15
粤BX2X16,113.939331,22.540455,16
粤BX2X16,113.939316,22.540253,17
粤BX2X16,113.939301,22.540447,18
粤BX2X16,113.939201,22.540487,19
粤BX2X16,113.939301,22.540447,19
粤BX2X16,113.939651,22.5403,20
粤BX2X16,113.934593,22.546638,20
粤BX2X16,113.940559,22.54561,22
粤BX2X16,113.939133,22.546169,23
粤BX2X16,113.935471,22.545734,24
粤BX2X16,113.934639,22.545578,25
粤BX2X16,113.935471,22.545734,25
粤BX2X16,113.935318,22.546446,26
粤BX2X16,113.934761,22.546665,27
粤BX2X16,113.934708,22.546654,28
粤BX2X16,113.934593,22.546638,29
粤BX2X16,113.934677,22.546604,29
粤BX2X16,113.934105,22.546621,30
粤BX2X16,113.934242,22.546623,30
粤BX2X16,113.934959,22.545652,31
粤BX2X16,113.934242,22.546623,31
粤BX2X16,113.932854,22.542814,32
粤BX2X16,113.926659,22.543821,33
粤BX2X16,113.926773,22.534897,34
粤BX2X16,113.924515,22.530548,35
粤BX2X16,113.931038,22.520283,35
粤BX2X16,113.924355,22.530146,36
粤BX2X16,113.924355,22.530146,37
粤BX2X16,113.923355,22.528444,37
粤BX2X16,113.92131,22.526543,38
粤BX2X16,113.923355,22.525908,39
粤BX2X16,113.926468,22.523802,40
粤BX2X16,113.926491,22.523796,40
粤BX2X16,113.926521,22.523739,41
粤BX2X16,113.925735,22.520735,42
粤BX2X16,113.926521,22.519592,43
粤BX2X16,113.925735,22.520735,43
粤BX2X16,113.931038,22.520283,44
粤BX2X16,113.931824,22.520445,45
粤BX2X16,113.933281,22.519724,46
粤BX2X16,113.93557,22.521864,47
粤BX2X16,113.936142,22.522121,48
粤BX2X16,113.936142,22.522121,49
粤BX2X16,113.955292,22.522833,50
粤BX2X16,113.965187,22.522652,51
粤BX2X16,114.013206,22.530342,51
粤BX2X16,113.976524,22.521835,52
粤BX2X16,113.986328,22.529654,54
粤BX2X16,113.986328,22.529654,55
粤BX2X16,113.987724,22.528229,55
粤BX2X16,113.989197,22.526436,56
粤BX2X16,113.991783,22.530621,57
粤BX2X16,114.002815,22.53286,58
粤BX2X16,114.003464,22.532988,59
粤BX2X16,114.011215,22.533701,60
粤BX2X16,114.011215,22.533701,61
粤BX2X16,114.013206,22.530342,61
粤BX2X16,114.020699,22.531412,62
粤BX2X16,114.02269,22.530622,63
粤BX2X16,114.028427,22.530313,64
粤BX2X16,114.037788,22.530418,65
粤BX2X16,114.044609,22.530197,66
粤BX2X16,114.044609,22.530197,67
粤BX2X16,114.043701,22.524363,67
粤BX2X16,114.051224,22.535532,67
粤BX2X16,114.041214,22.52162,68
粤BX2X16,114.041275,22.524153,69
粤BX2X16,114.041245,22.526007,70
粤BX2X16,114.041176,22.5285,71
粤BX2X16,114.041939,22.530825,72
粤BX2X16,114.041939,22.530825,72
粤BX2X16,114.044708,22.532457,73
粤BX2X16,114.047928,22.534695,74
粤BX2X16,114.051224,22.535532,76
粤BX2X16,114.051247,22.530697,77
粤BX2X16,114.056541,22.531338,78
粤BX2X16,114.056541,22.531338,78
粤BX2X16,114.066093,22.531477,79
粤BX2X16,114.066658,22.526333,80
粤BX2X16,114.06646,22.526009,81
粤BX2X16,114.066185,22.525646,82
粤BX2X16,114.066071,22.525366,83
粤BX2X16,114.065971,22.525017,84
粤BX2X16,114.065971,22.525017,84
粤BX2X16,114.065849,22.524761,85
粤BX2X16,114.065842,22.524464,86
粤BX2X16,114.066086,22.524286,87
粤BX2X16,114.066528,22.524185,88
粤BX2X16,114.066986,22.524021,89
粤BX2X16,114.067276,22.523962,90
粤BX2X16,114.067276,22.523962,90
粤BX2X16,114.067833,22.523788,91
粤BX2X16,114.068199,22.523743,92
粤BX2X16,114.068359,22.523872,93
粤BX2X16,114.067894,22.524414,94
粤BX2X16,114.067993,22.524067,95
粤BX2X16,114.068054,22.523895,96
粤BX2X16,114.068054,22.523895,96
粤BX2X16,114.067787,22.523973,97
粤BX2X16,114.067711,22.523994,97
粤BX2X16,114.067581,22.527014,98
粤BX2X16,114.040962,22.604643,98
粤BX2X16,114.068123,22.537588,99
粤BX2X16,114.067978,22.54818,100
粤BX2X16,114.067802,22.558739,101
粤BX2X16,114.067642,22.568443,102
粤BX2X16,114.067642,22.568443,102
粤BX2X16,114.065529,22.576523,103
粤BX2X16,114.055519,22.579985,104
粤BX2X16,114.051445,22.588728,105
粤BX2X16,114.046089,22.597654,106
粤BX2X16,114.044785,22.604393,107
粤BX2X16,114.044785,22.604393,108
粤BX2X16,114.040962,22.604643,108
粤BX2X16,114.040672,22.608524,109
粤BX2X16,114.040695,22.608902,110
粤BX2X16,114.037247,22.616936,111
粤BX2X16,114.035461,22.621756,112
粤BX2X16,114.03476,22.623768,113
粤BX2X16,114.034828,22.623699,113
粤BX2X16,114.034431,22.624826,114
粤BX2X16,114.031792,22.622099,114
粤BX2X16,114.03476,22.623768,114
粤BX2X16,114.032074,22.624535,115
粤BX2X16,114.031769,22.622192,116
粤BX2X16,114.031769,22.622143,116
粤BX2X16,114.031815,22.622013,117
粤BX2X16,114.031967,22.621914,118
粤BX2X16,114.031868,22.621973,119
粤BX2X16,114.03183,22.622082,120
粤BX2X16,114.03183,22.622082,120
粤BX2X16,114.03196,22.621992,121
粤BX2X16,114.031891,22.622049,122
粤BX2X16,114.031876,22.622055,122
粤BX2X16,114.031845,22.622166,123
粤BX2X16,114.031792,22.622099,124
粤BX2X16,114.031746,22.622051,125
粤BX2X16,114.031761,22.622168,126
粤BX2X16,114.031746,22.622051,126
粤BX2X16,114.031815,22.622208,127
粤BX2X16,114.031815,22.622257,128
粤BX2X16,114.027985,22.622669,130
粤BX2X16,114.031708,22.622095,130
粤BX2X16,114.031746,22.622072,131
粤BX2X16,114.031746,22.622072,132
粤BX2X16,114.031761,22.622051,132
粤BX2X16,114.031746,22.622122,133
粤BX2X16,114.031754,22.622156,134
粤BX2X16,114.031731,22.622217,135
粤BX2X16,114.031715,22.622206,136
粤BX2X16,114.031479,22.622643,137
粤BX2X16,114.031479,22.622643,138
粤BX2X16,114.030838,22.624178,138
粤BX2X16,114.027985,22.622669,139
粤BX2X16,114.032173,22.615025,140
粤BX2X16,114.032158,22.61504,141
粤BX2X16,114.032173,22.615025,144
粤BX2X16,114.042862,22.564432,145
粤BX2X16,114.041878,22.599449,146
粤BX2X16,114.041832,22.597115,147
粤BX2X16,114.043716,22.595781,148
粤BX2X16,114.047417,22.590307,149
粤BX2X16,114.047417,22.590307,150
粤BX2X16,114.060448,22.576756,151
粤BX2X16,114.061996,22.569162,152
粤BX2X16,114.056976,22.566236,153
粤BX2X16,114.049942,22.56539,154
粤BX2X16,114.042862,22.564432,155
粤BX2X16,114.042862,22.564432,156
粤BX2X16,114.026878,22.561859,157
粤BX2X16,114.027031,22.561859,157
粤BX2X16,114.026947,22.561855,158
粤BX2X16,114.026924,22.561863,159
粤BX2X16,114.027031,22.561888,160
粤BX2X16,114.014961,22.558823,161
粤BX2X16,114.026917,22.561817,161
粤BX2X16,114.026917,22.561817,162
粤BX2X16,114.026344,22.561752,164
粤BX2X16,114.026672,22.561703,166
粤BX2X16,114.026611,22.561634,167
粤BX2X16,114.026611,22.561634,168
粤BX2X16,114.026443,22.561729,168
粤BX2X16,114.024704,22.561237,169
粤BX2X16,114.017082,22.560589,170
粤BX2X16,114.014961,22.558823,171
粤BX2X16,114.019371,22.549723,172
粤BX2X16,114.023285,22.539593,173
粤BX2X16,114.025955,22.530968,174
粤BX2X16,114.023285,22.539593,174
粤BX2X16,114.034729,22.530081,175
粤BX2X16,114.038803,22.530495,176
粤BX2X16,114.03878,22.530504,176
粤BX2X16,114.03933,22.530319,177
粤BX2X16,114.039345,22.53031,177
粤BX2X16,114.039322,22.530195,178
粤BX2X16,114.039322,22.530174,179
粤BX2X16,114.039322,22.530174,180
粤BX2X16,114.039345,22.530216,180
粤BX2X16,114.039345,22.530203,181
粤BX2X16,114.039368,22.530237,182
粤BX2X16,114.043182,22.527542,192
粤BX2X16,114.043175,22.527575,192
粤BX2X16,114.043182,22.527418,193
粤BX2X16,114.043121,22.527632,193
粤BX2X16,114.043175,22.527632,194
粤BX2X16,114.043205,22.527554,195
粤BX2X16,114.043159,22.527512,196
粤BX2X16,114.043167,22.527439,197
粤BX2X16,114.043152,22.527403,198
粤BX2X16,114.043167,22.527439,198
粤BX2X16,114.043152,22.527422,199
粤BX2X16,114.043167,22.527502,200
粤BX2X16,114.043167,22.527397,201
粤BX2X16,114.043182,22.527418,202
粤BX2X16,114.043167,22.527397,203
粤BX2X16,114.043152,22.527388,204
粤BX2X16,114.043167,22.527397,204
粤BX2X16,114.043129,22.527323,205
粤BX2X16,114.043106,22.527308,206
粤BX2X16,114.043098,22.527317,207
粤BX2X16,114.043228,22.527462,208
粤BX2X16,114.043114,22.527346,208
粤BX2X16,114.043129,22.527302,209
粤BX2X16,114.043159,22.527349,210
粤BX2X16,114.043129,22.527302,210
粤BX2X16,114.043144,22.527357,211
粤BX2X16,114.043167,22.527353,212
粤BX2X16,114.043198,22.527308,213
粤BX2X16,114.043198,22.527323,214
粤BX2X16,114.043213,22.527367,215
粤BX2X16,114.043213,22.527367,216
粤BX2X16,114.043243,22.527426,216
粤BX2X16,114.043205,22.527412,217
粤BX2X16,114.043228,22.527462,218
粤BX2X16,114.043251,22.527498,219
粤BX2X16,114.043243,22.527525,220
粤BX2X16,114.043221,22.527506,221
粤BX2X16,114.043266,22.527506,222
粤BX2X16,114.043221,22.527506,222
粤BX2X16,114.043312,22.527527,223
粤BX2X16,114.043297,22.527498,224
粤BX2X16,114.043274,22.52747,225
粤BX2X16,114.043251,22.527456,226
粤BX2X16,114.043251,22.527502,227
粤BX2X16,114.043221,22.527569,228
粤BX2X16,114.043251,22.527502,228
粤BX2X16,114.04319,22.527632,229
粤BX2X16,114.043144,22.527573,230
粤BX2X16,114.043167,22.52758,231
粤BX2X16,114.043221,22.52759,232
粤BX2X16,114.043297,22.527588,233
粤BX2X16,114.043297,22.527588,233
粤BX2X16,114.043282,22.527597,234
粤BX2X16,114.043243,22.527653,235
粤BX2X16,114.043266,22.527592,236
粤BX2X16,114.043251,22.527493,238
粤BX2X16,114.043289,22.527468,239
粤BX2X16,114.043289,22.527468,239
粤BX2X16,114.043312,22.527527,240
粤BX2X16,114.043274,22.527628,240
粤BX2X16,114.043221,22.527485,241
粤BX2X16,114.043221,22.527397,242
粤BX2X16,114.043198,22.527418,243
粤BX2X16,114.043228,22.52754,245
粤BX2X16,114.043228,22.52754,245
粤BX2X16,114.043221,22.527588,246
粤BX2X16,114.043251,22.527624,247
粤BX2X16,114.043221,22.527561,248
粤BX2X16,114.043274,22.527628,249
粤BX2X16,114.043297,22.527706,250
粤BX2X16,114.043358,22.527838,251
粤BX2X16,114.043358,22.527838,251
粤BX2X16,114.043365,22.527719,252
粤BX2X16,114.043358,22.527733,253
粤BX2X16,114.043381,22.527821,254
粤BX2X16,114.043411,22.527855,255
粤BX2X16,114.043335,22.527184,256
粤BX2X16,114.043388,22.527796,256
粤BX2X16,114.043404,22.527809,257
粤BX2X16,114.043404,22.527809,257
粤BX2X16,114.043358,22.527649,258
粤BX2X16,114.043365,22.527645,259
粤BX2X16,114.043365,22.527695,260
粤BX2X16,114.043327,22.527565,261
粤BX2X16,114.043335,22.527456,262
粤BX2X16,114.043343,22.52739,263
粤BX2X16,114.043343,22.52739,263
粤BX2X16,114.043335,22.527184,265
粤BX2X16,114.043304,22.527412,266
粤BX2X16,114.043335,22.527407,267
粤BX2X16,114.043312,22.52729,268
粤BX2X16,114.043343,22.527376,269
粤BX2X16,114.043343,22.527376,269
粤BX2X16,114.043388,22.527525,270
粤BX2X16,114.043381,22.527573,271
粤BX2X16,114.043274,22.527279,271
粤BX2X16,114.043388,22.527384,272
粤BX2X16,114.04335,22.52739,273
粤BX2X16,114.043327,22.527336,274
粤BX2X16,114.043282,22.527252,275
粤BX2X16,114.043282,22.527252,275
粤BX2X16,114.043282,22.527185,276
粤BX2X16,114.043236,22.527241,277
粤BX2X16,114.043213,22.527288,278
粤BX2X16,114.043251,22.527243,279
粤BX2X16,114.043236,22.527292,280
粤BX2X16,114.043274,22.527279,281
粤BX2X16,114.043274,22.527279,281
粤BX2X16,114.043251,22.527304,282
粤BX2X16,114.043243,22.527292,283
粤BX2X16,114.043297,22.527189,284
粤BX2X16,114.043327,22.527237,285
粤BX2X16,114.043289,22.527275,286
粤BX2X16,114.04332,22.527531,287
粤BX2X16,114.04335,22.527525,287
粤BX2X16,114.04335,22.527525,287
粤BX2X16,114.043289,22.527323,288
粤BX2X16,114.04335,22.527363,289
粤BX2X16,114.043373,22.527372,290
粤BX2X16,114.043343,22.527426,292
粤BX2X16,114.04335,22.527336,293
粤BX2X16,114.04335,22.527336,293
粤BX2X16,114.043343,22.527283,294
粤BX2X16,114.043381,22.527548,295
粤BX2X16,114.04332,22.527548,296
粤BX2X16,114.04332,22.527531,297
粤BX2X16,114.043297,22.527407,298
粤BX2X16,114.043289,22.527334,299
粤BX2X16,114.043289,22.527334,299
粤BX2X16,114.043282,22.527332,300
粤BX2X16,114.043282,22.527184,301
粤BX2X16,114.043274,22.527287,302
粤BX2X16,114.043289,22.527281,303
粤BX2X16,114.043488,22.527006,303
粤BX2X16,114.043358,22.527203,303
粤BX2X16,114.043282,22.527189,304
粤BX2X16,114.043236,22.527218,305
粤BX2X16,114.043236,22.527218,305
粤BX2X16,114.043259,22.527231,306
粤BX2X16,114.043289,22.527254,307
粤BX2X16,114.043282,22.52729,308
粤BX2X16,114.043274,22.527277,309
粤BX2X16,114.043282,22.527287,310
粤BX2X16,114.043327,22.527245,311
粤BX2X16,114.043327,22.527245,311
粤BX2X16,114.043358,22.527203,312
粤BX2X16,114.043488,22.527006,313
粤BX2X16,114.043396,22.527134,314
粤BX2X16,114.043274,22.527287,315
粤BX2X16,114.043228,22.527378,316
粤BX2X16,114.043228,22.527378,317
粤BX2X16,114.040932,22.529247,319
粤BX2X16,114.043236,22.5273,319
粤BX2X16,114.043251,22.527229,320
粤BX2X16,114.043182,22.52725,321
粤BX2X16,114.040085,22.527178,322
粤BX2X16,114.03894,22.525093,323
粤BX2X16,114.040085,22.527178,323
粤BX2X16,114.036179,22.524586,324
粤BX2X16,114.03373,22.52791,325
粤BX2X16,114.037674,22.527426,326
粤BX2X16,114.04068,22.527119,327
粤BX2X16,114.040932,22.529247,328
粤BX2X16,114.040932,22.529247,329
粤BX2X16,114.04187,22.530724,329
粤BX2X16,114.042038,22.530609,330
粤BX2X16,114.041878,22.530493,330
粤BX2X16,114.042084,22.530638,331
粤BX2X16,114.041977,22.530519,332
粤BX2X16,114.041977,22.530514,333
粤BX2X16,114.041985,22.530542,334
粤BX2X16,114.042053,22.530527,334
粤BX2X16,114.042023,22.530594,335
粤BX2X16,114.041985,22.530542,335
粤BX2X16,114.042023,22.530569,336
粤BX2X16,114.041946,22.530554,337
粤BX2X16,114.041901,22.530453,338
粤BX2X16,114.042,22.530508,339
粤BX2X16,114.042107,22.530558,340
粤BX2X16,114.042107,22.530558,341
粤BX2X16,114.042152,22.530643,341
粤BX2X16,114.042099,22.530586,342
粤BX2X16,114.042084,22.530573,343
粤BX2X16,114.042053,22.530527,344
粤BX2X16,114.042023,22.530535,346
粤BX2X16,114.042023,22.530535,347
粤BX2X16,114.041992,22.53054,347
粤BX2X16,114.041985,22.530542,348
粤BX2X16,114.042023,22.530539,349
粤BX2X16,114.04203,22.530685,350
粤BX2X16,114.042038,22.530556,350
粤BX2X16,114.042191,22.53056,351
粤BX2X16,114.042221,22.530569,352
粤BX2X16,114.042221,22.530569,353
粤BX2X16,114.042114,22.53055,353
粤BX2X16,114.041977,22.530602,354
粤BX2X16,114.041985,22.530598,354
粤BX2X16,114.041939,22.530582,355
粤BX2X16,114.041985,22.5306,356
粤BX2X16,114.041969,22.530613,357
粤BX2X16,114.042007,22.530638,358
粤BX2X16,114.042007,22.530638,358
粤BX2X16,114.042061,22.530672,359
粤BX2X16,114.04203,22.530685,360
粤BX2X16,114.041946,22.53063,361
粤BX2X16,114.042046,22.530649,362
粤BX2X16,114.042099,22.530661,363
粤BX2X16,114.041969,22.530579,364
粤BX2X16,114.041985,22.530558,366
粤BX2X16,114.042076,22.530582,367
粤BX2X16,114.042084,22.530581,368
粤BX2X16,114.04213,22.530607,369
粤BX2X16,114.042046,22.530596,370
粤BX2X16,114.042046,22.530596,370
粤BX2X16,114.042046,22.53059,371
粤BX2X16,114.041969,22.530573,373
粤BX2X16,114.041977,22.530567,374
粤BX2X16,114.041977,22.530567,375
粤BX2X16,114.041924,22.530626,376
粤BX2X16,114.041924,22.530626,376
粤BX2X16,114.041939,22.530567,376
粤BX2X16,114.046555,22.531223,377
粤BX2X16,114.0578,22.531557,378
粤BX2X16,114.070587,22.531822,379
粤BX2X16,114.079712,22.536068,380
粤BX2X16,114.091003,22.538054,381
粤BX2X16,114.103165,22.538187,382
粤BX2X16,114.131676,22.562216,382
粤BX2X16,114.103165,22.538187,382
粤BX2X16,114.118355,22.537373,384
粤BX2X16,114.128426,22.543533,385
粤BX2X16,114.140701,22.560036,387
粤BX2X16,114.138138,22.565563,388
粤BX2X16,114.138138,22.565563,388
粤BX2X16,114.134644,22.565252,389
粤BX2X16,114.133324,22.563938,390
粤BX2X16,114.133377,22.563963,390
粤BX2X16,114.131676,22.562216,391
粤BX2X16,114.129593,22.561529,392
粤BX2X16,114.128731,22.561165,393
粤BX2X16,114.124931,22.558989,394
粤BX2X16,114.124931,22.558989,394
粤BX2X16,114.106178,22.552073,397
粤BX2X16,114.111145,22.548166,400
粤BX2X16,114.124931,22.558989,400
粤BX2X16,114.110802,22.547979,401
粤BX2X16,114.107872,22.548056,402
粤BX2X16,114.107491,22.550303,403
粤BX2X16,114.106293,22.55209,405
粤BX2X16,114.106216,22.551945,406
粤BX2X16,114.106216,22.551945,406
粤BX2X16,114.106178,22.552073,407
粤BX2X16,114.106056,22.552088,408
粤BX2X16,114.10614,22.552303,409
粤BX2X16,114.106087,22.552099,410
粤BX2X16,114.106033,22.551998,411
粤BX2X16,114.106033,22.551998,411
粤BX2X16,114.106033,22.551998,412
粤BX2X16,114.057686,22.537157,413
粤BX2X16,114.106361,22.546562,414
粤BX2X16,114.099594,22.541891,416
粤BX2X16,114.099594,22.541891,418
粤BX2X16,114.07534,22.531832,419
粤BX2X16,114.064095,22.531893,420
粤BX2X16,114.058273,22.534927,421
粤BX2X16,114.056587,22.537186,422
粤BX2X16,114.056763,22.536844,422
粤BX2X16,114.057686,22.537157,423
粤BX2X16,114.058182,22.535742,424
粤BX2X16,114.057686,22.537157,424
粤BX2X16,114.053429,22.536217,425
粤BX2X16,114.052628,22.538719,427
粤BX2X16,114.05143,22.539562,428
粤BX2X16,114.049805,22.539391,429
粤BX2X16,114.048012,22.540337,429
粤BX2X16,114.049721,22.539392,429
粤BX2X16,114.049675,22.539413,430
粤BX2X16,114.049721,22.539392,430
粤BX2X16,114.049568,22.539377,431
粤BX2X16,114.049545,22.53941,432
粤BX2X16,114.04937,22.539364,433
粤BX2X16,114.049576,22.539454,434
粤BX2X16,114.049622,22.539433,435
粤BX2X16,114.049622,22.539379,436
粤BX2X16,114.049622,22.539433,436
粤BX2X16,114.049545,22.539368,437
粤BX2X16,114.04808,22.539745,438
粤BX2X16,114.048012,22.540337,439
粤BX2X16,114.047859,22.540056,439
粤BX2X16,114.048042,22.540447,440
粤BX2X16,114.048065,22.540493,441
粤BX2X16,114.048111,22.540382,442
粤BX2X16,114.048065,22.540493,442
粤BX2X16,114.04834,22.540543,443
粤BX2X16,114.048073,22.540421,444
粤BX2X16,114.048203,22.54043,445
粤BX2X16,114.048035,22.540407,445
粤BX2X16,114.048309,22.540382,446
粤BX2X16,114.048325,22.540342,447
粤BX2X16,114.048325,22.540342,448
粤BX2X16,114.048279,22.540405,448
粤BX2X16,114.048309,22.540455,449
粤BX2X16,114.048302,22.540421,450
粤BX2X16,114.048302,22.540459,451
粤BX2X16,114.04821,22.540409,452
粤BX2X16,114.04821,22.540407,452
粤BX2X16,114.047974,22.540361,454
粤BX2X16,114.048035,22.540407,454
粤BX2X16,114.048119,22.540323,455
粤BX2X16,114.048149,22.540293,456
粤BX2X16,114.048172,22.540236,457
粤BX2X16,114.048172,22.540197,458
粤BX2X16,114.048233,22.540134,459
粤BX2X16,114.048111,22.539799,460
粤BX2X16,114.048233,22.540134,460
粤BX2X16,114.047783,22.539738,460
粤BX2X16,114.047981,22.539789,461
粤BX2X16,114.047874,22.539867,462
粤BX2X16,114.047867,22.539829,463
粤BX2X16,114.047775,22.539913,464
粤BX2X16,114.047798,22.539898,465
粤BX2X16,114.047798,22.539898,466
粤BX2X16,114.048111,22.539282,466
粤BX2X16,114.047989,22.539436,467
粤BX2X16,114.047951,22.539351,468
粤BX2X16,114.047867,22.539595,469
粤BX2X16,114.047783,22.539738,470
粤BX2X16,114.047714,22.539843,471
粤BX2X16,114.047668,22.539967,472
粤BX2X16,114.047714,22.539843,472
粤BX2X16,114.04763,22.540018,473
粤BX2X16,114.047684,22.540129,474
粤BX2X16,114.047661,22.539513,475
粤BX2X16,114.047646,22.539513,475
粤BX2X16,114.050713,22.539373,476
粤BX2X16,114.052605,22.538805,477
粤BX2X16,114.052605,22.538805,477
粤BX2X16,114.052376,22.538107,478
粤BX2X16,114.052338,22.538073,478
粤BX2X16,114.052483,22.538467,479
粤BX2X16,114.052193,22.537746,480
粤BX2X16,114.052666,22.537867,481
粤BX2X16,114.05323,22.535156,482
粤BX2X16,114.053192,22.53562,482
粤BX2X16,114.053108,22.535036,483
粤BX2X16,114.053108,22.535036,483
粤BX2X16,114.053375,22.535305,488
粤BX2X16,114.053009,22.535419,489
粤BX2X16,114.053009,22.535419,489
粤BX2X16,114.052971,22.535309,490
粤BX2X16,114.052971,22.53528,491
粤BX2X16,114.05294,22.53488,492
粤BX2X16,114.052788,22.535248,492
粤BX2X16,114.052956,22.534882,493
粤BX2X16,114.053024,22.535402,494
粤BX2X16,114.052956,22.535337,495
粤BX2X16,114.052956,22.535337,495
粤BX2X16,114.052971,22.53529,496
粤BX2X16,114.052879,22.53521,498
粤BX2X16,114.052795,22.535072,499
粤BX2X16,114.052811,22.53492,500
粤BX2X16,114.052788,22.535248,501
粤BX2X16,114.052788,22.535248,501
粤BX2X16,114.052948,22.535532,502
粤BX2X16,114.052872,22.535568,503
粤BX2X16,114.052818,22.535435,504
粤BX2X16,114.05294,22.535547,505
粤BX2X16,114.052925,22.535538,505
粤BX2X16,114.052521,22.537416,506
粤BX2X16,114.055565,22.537588,507
粤BX2X16,114.055565,22.537588,507
粤BX2X16,114.057724,22.537769,508
粤BX2X16,114.07534,22.540287,508
粤BX2X16,114.061897,22.537661,509
粤BX2X16,114.062538,22.53734,510
粤BX2X16,114.062614,22.537291,511
粤BX2X16,114.06424,22.537479,512
粤BX2X16,114.071693,22.538637,513
粤BX2X16,114.071693,22.538637,513
粤BX2X16,114.071686,22.538637,514
粤BX2X16,114.072502,22.538893,515
粤BX2X16,114.075394,22.540174,516
粤BX2X16,114.075035,22.540077,516
粤BX2X16,114.07534,22.540287,517
粤BX2X16,114.075378,22.539932,518
粤BX2X16,114.075317,22.540031,518
粤BX2X16,114.075638,22.54023,519
粤BX2X16,114.075638,22.54023,519
粤BX2X16,114.076004,22.542505,520
粤BX2X16,114.076088,22.542559,521
粤BX2X16,114.076111,22.544729,522
粤BX2X16,114.076172,22.54586,523
粤BX2X16,114.082237,22.552109,523
粤BX2X16,114.076118,22.550962,525
粤BX2X16,114.076118,22.550962,525
粤BX2X16,114.076118,22.551123,526
粤BX2X16,114.077957,22.553684,527
粤BX2X16,114.078445,22.553926,528
粤BX2X16,114.081909,22.554066,529
粤BX2X16,114.082237,22.552109,533
粤BX2X16,114.083237,22.55212,534
粤BX2X16,114.083527,22.552944,535
粤BX2X16,114.083954,22.554829,536
粤BX2X16,114.084694,22.555559,537
粤BX2X16,114.062843,22.551292,539
粤BX2X16,114.068573,22.551107,546
粤BX2X16,114.068581,22.551107,547
粤BX2X16,114.066811,22.551161,548
粤BX2X16,114.062843,22.551292,549
粤BX2X16,114.062843,22.551292,549
粤BX2X16,114.062851,22.551287,550
粤BX2X16,114.062843,22.551279,551
粤BX2X16,114.059074,22.551462,552
粤BX2X16,114.057281,22.55138,553
粤BX2X16,114.048691,22.551138,554
粤BX2X16,114.044708,22.550808,555
粤BX2X16,114.044708,22.550808,555
粤BX2X16,114.044701,22.550819,556
粤BX2X16,114.040543,22.549803,557
粤BX2X16,114.039894,22.552183,558
粤BX2X16,114.039803,22.552113,558
粤BX2X16,114.039864,22.55294,559
粤BX2X16,114.040886,22.553486,560
粤BX2X16,114.04332,22.553722,561
粤BX2X16,114.04332,22.553722,561
粤BX2X16,114.043602,22.554502,562
粤BX2X16,114.043648,22.554487,563
粤BX2X16,114.043648,22.554476,563
粤BX2X16,114.043648,22.554502,564
粤BX2X16,114.043602,22.554543,565
粤BX2X16,114.043877,22.551891,566
粤BX2X16,114.042442,22.550301,567
粤BX2X16,114.043793,22.550692,567
粤BX2X16,114.042442,22.550301,567
粤BX2X16,114.040405,22.549713,568
粤BX2X16,114.03492,22.548304,569
粤BX2X16,114.007225,22.53756,570
粤BX2X16,114.034866,22.545813,570
粤BX2X16,114.035652,22.542217,571
粤BX2X16,114.029953,22.540655,572
粤BX2X16,114.021965,22.539423,573
粤BX2X16,114.021965,22.539423,573
粤BX2X16,114.014824,22.538042,574
粤BX2X16,114.010635,22.537554,575
粤BX2X16,114.00679,22.536963,576
粤BX2X16,114.006821,22.536964,576
粤BX2X16,114.00666,22.536938,577
粤BX2X16,114.006393,22.536907,578
粤BX2X16,114.00708,22.537579,579
粤BX2X16,114.00708,22.537579,579
粤BX2X16,114.007263,22.537691,580
粤BX2X16,114.007225,22.53756,580
粤BX2X16,114.007576,22.537603,581
粤BX2X16,114.007576,22.537661,581
粤BX2X16,114.007317,22.53808,582
粤BX2X16,114.006622,22.538042,583
粤BX2X16,114.00412,22.537519,584
粤BX2X16,114.003616,22.53742,585
粤BX2X16,114.003616,22.53742,585
粤BX2X16,113.978699,22.555216,586
粤BX2X16,114.003181,22.537363,586
粤BX2X16,114.003067,22.537422,587
粤BX2X16,114.003082,22.536537,588
粤BX2X16,114.00309,22.536552,589
粤BX2X16,114.00927,22.536768,591
粤BX2X16,114.003105,22.536469,591
粤BX2X16,114.012344,22.537146,592
粤BX2X16,114.01033,22.539587,593
粤BX2X16,114.004776,22.543493,594
粤BX2X16,113.991295,22.547546,595
粤BX2X16,113.978699,22.555216,596
粤BX2X16,113.978699,22.555216,597
粤BX2X16,113.963959,22.561623,597
粤BX2X16,113.950386,22.564297,598
粤BX2X16,113.935127,22.565285,599
粤BX2X16,113.922569,22.568678,600
粤BX2X16,113.837761,22.620291,602
粤BX2X16,113.904823,22.587404,603
粤BX2X16,113.894775,22.597002,604
粤BX2X16,113.883911,22.605633,605
粤BX2X16,113.87693,22.615314,606
粤BX2X16,113.86647,22.62212,607
粤BX2X16,113.854942,22.626844,608
粤BX2X16,113.854942,22.626844,609
粤BX2X16,113.850372,22.62711,609
粤BX2X16,113.848389,22.623577,610
粤BX2X16,113.837761,22.620291,611
粤BX2X16,113.826553,22.615669,612
粤BX2X16,113.81913,22.612234,613
粤BX2X16,113.813957,22.6182,614
粤BX2X16,113.813957,22.6182,615
粤BX2X16,113.812767,22.62595,615
粤BX2X16,113.809532,22.627514,616
粤BX2X16,113.808632,22.626989,617
粤BX2X16,113.813759,22.62394,617
粤BX2X16,113.807877,22.626562,618
粤BX2X16,113.807861,22.621338,619
粤BX2X16,113.812126,22.624249,620
粤BX2X16,113.813034,22.623177,621
粤BX2X16,113.812126,22.624249,621
粤BX2X16,113.813782,22.623928,622
粤BX2X16,113.813782,22.623932,622
粤BX2X16,113.813782,22.623898,623
粤BX2X16,113.813782,22.623907,624
粤BX2X16,113.813812,22.623947,625
粤BX2X16,113.813751,22.62388,625
粤BX2X16,113.813766,22.62393,626
粤BX2X16,113.813759,22.62394,627
粤BX2X16,113.813766,22.62393,627
粤BX2X16,113.813759,22.62394,628
粤BX2X16,113.813759,22.623957,629
粤BX2X16,113.813766,22.623947,630
粤BX2X16,113.813774,22.623938,631
粤BX2X16,113.813797,22.62396,632
粤BX2X16,113.813797,22.623928,633
粤BX2X16,113.813812,22.623947,635
粤BX2X16,113.813805,22.623943,636
粤BX2X16,113.813797,22.623978,637
粤BX2X16,113.813797,22.623987,638
粤BX2X16,113.813774,22.623985,639
粤BX2X16,113.813774,22.623972,640
粤BX2X16,113.813759,22.623957,641
粤BX2X16,113.813805,22.623941,641
粤BX2X16,113.813774,22.623947,642
粤BX2X16,113.813774,22.623947,643
粤BX2X16,113.813797,22.623947,643
粤BX2X16,113.813789,22.62393,644
粤BX2X16,113.813766,22.623922,645
粤BX2X16,113.813789,22.62393,646
粤BX2X16,113.813797,22.623922,647
粤BX2X16,113.813812,22.62393,648
粤BX2X16,113.813805,22.623928,649
粤BX2X16,113.813812,22.62393,649
粤BX2X16,113.813782,22.623915,650
粤BX2X16,113.813805,22.623941,651
粤BX2X16,113.813805,22.623936,652
粤BX2X16,113.813797,22.623926,653
粤BX2X16,113.813797,22.623922,654
粤BX2X16,113.813812,22.623953,655
粤BX2X16,113.813797,22.623922,655
粤BX2X16,113.813805,22.623953,656
粤BX2X16,113.813789,22.623892,657
粤BX2X16,113.813812,22.623976,657
粤BX2X16,113.81382,22.623972,657
粤BX2X16,113.813812,22.623959,658
粤BX2X16,113.813812,22.62396,659
粤BX2X16,113.81382,22.623987,660
粤BX2X16,113.813812,22.623999,661
粤BX2X16,113.81382,22.623987,661
粤BX2X16,113.813789,22.623972,663
粤BX2X16,113.813789,22.623978,664
粤BX2X16,113.813789,22.623974,665
粤BX2X16,113.81382,22.623972,666
粤BX2X16,113.813789,22.623892,667
粤BX2X16,113.81382,22.623972,667
粤BX2X16,113.813766,22.623842,668
粤BX2X16,113.813812,22.623932,669
粤BX2X16,113.813805,22.623917,670
粤BX2X16,113.813805,22.623898,671
粤BX2X16,113.813843,22.623976,672
粤BX2X16,113.813843,22.623976,673
粤BX2X16,113.813812,22.623938,673
粤BX2X16,113.81382,22.623926,673
粤BX2X16,113.813812,22.623911,674
粤BX2X16,113.813805,22.623919,675
粤BX2X16,113.813805,22.623919,676
粤BX2X16,113.813828,22.623945,677
粤BX2X16,113.813797,22.623936,678
粤BX2X16,113.81382,22.623926,678
粤BX2X16,113.813812,22.623932,679
粤BX2X16,113.81382,22.623926,679
粤BX2X16,113.813843,22.623955,680
粤BX2X16,113.813866,22.623953,681
粤BX2X16,113.813843,22.623934,682
粤BX2X16,113.81382,22.623922,683
粤BX2X16,113.813828,22.623945,684
粤BX2X16,113.813828,22.623976,685
粤BX2X16,113.81382,22.623926,685
粤BX2X16,113.813805,22.623938,686
粤BX2X16,113.81382,22.623966,687
粤BX2X16,113.81382,22.623926,688
粤BX2X16,113.813805,22.62397,688
粤BX2X16,113.813797,22.623936,689
粤BX2X16,113.813789,22.623919,690
粤BX2X16,113.81382,22.623926,691
粤BX2X16,113.813789,22.623922,691
粤BX2X16,113.813789,22.623919,692
粤BX2X16,113.813805,22.623919,693
粤BX2X16,113.813805,22.623917,694
粤BX2X16,113.813797,22.62392,695
粤BX2X16,113.813805,22.623905,696
粤BX2X16,113.81382,22.623926,697
粤BX2X16,113.813805,22.623911,697
粤BX2X16,113.81382,22.623922,698
粤BX2X16,113.813835,22.623962,699
粤BX2X16,113.813911,22.624186,700
粤BX2X16,113.813889,22.624189,701
粤BX2X16,113.813881,22.624189,702
粤BX2X16,113.81382,22.623926,703
粤BX2X16,113.813599,22.62479,703
粤BX2X16,113.813553,22.624748,704
粤BX2X16,113.811417,22.628008,704
粤BX2X16,113.81356,22.624743,705
粤BX2X16,113.813545,22.624826,706
粤BX2X16,113.812912,22.625988,707
粤BX2X16,113.812904,22.626007,708
粤BX2X16,113.812553,22.626682,709
粤BX2X16,113.813545,22.624826,709
粤BX2X16,113.811829,22.627848,710
粤BX2X16,113.811729,22.627972,711
粤BX2X16,113.811745,22.627972,712
粤BX2X16,113.811745,22.627977,713
粤BX2X16,113.811417,22.628008,714
粤BX2X16,113.810753,22.627678,715
粤BX2X16,113.811417,22.628008,715
粤BX2X16,113.810059,22.62738,717
粤BX2X16,113.809784,22.626919,718
粤BX2X16,113.809959,22.626669,719
粤BX2X16,113.807777,22.624519,720
粤BX2X16,113.860291,22.63995,720
粤BX2X16,113.807777,22.624519,721
粤BX2X16,113.81012,22.617704,721
粤BX2X16,113.815369,22.610235,722
粤BX2X16,113.822166,22.613514,723
粤BX2X16,113.832603,22.618389,724
粤BX2X16,113.843628,22.621769,725
粤BX2X16,113.851677,22.624969,726
粤BX2X16,113.851677,22.624969,727
粤BX2X16,113.855591,22.632185,727
粤BX2X16,113.858292,22.635372,728
粤BX2X16,113.860291,22.63995,729
粤BX2X16,113.864197,22.651855,730
粤BX2X16,113.877121,22.656975,731
粤BX2X16,113.891838,22.659042,732
粤BX2X16,113.891838,22.659042,733
粤BX2X16,113.906845,22.659018,733
粤BX2X16,113.920456,22.659925,734
粤BX2X16,113.93103,22.668697,735
粤BX2X16,113.993195,22.654535,736
粤BX2X16,113.942337,22.67466,736
粤BX2X16,113.95253,22.681789,737
粤BX2X16,113.9617,22.684786,738
粤BX2X16,113.96701,22.685659,739
粤BX2X16,113.9617,22.684786,739
粤BX2X16,113.965744,22.688074,740
粤BX2X16,113.967697,22.688316,741
粤BX2X16,113.975159,22.679173,742
粤BX2X16,113.985176,22.66345,744
粤BX2X16,113.993195,22.654535,745
粤BX2X16,113.985176,22.66345,745
粤BX2X16,113.998886,22.645147,746
粤BX2X16,114.001373,22.635658,747
粤BX2X16,114.007858,22.626135,748
粤BX2X16,114.008133,22.615612,749
粤BX2X16,114.010803,22.607372,750
粤BX2X16,114.008133,22.615612,751
粤BX2X16,114.009171,22.603603,751
粤BX2X16,114.014565,22.610058,752
粤BX2X16,114.022682,22.614655,753
粤BX2X16,114.025955,22.616577,754
粤BX2X16,114.026299,22.616781,755
粤BX2X16,114.024818,22.620607,756
粤BX2X16,114.026382,22.62351,757
粤BX2X16,114.024818,22.620607,757
粤BX2X16,114.027283,22.623404,758
粤BX2X16,114.028694,22.623493,759
粤BX2X16,114.028564,22.623518,759
粤BX2X16,114.02877,22.623463,760
粤BX2X16,114.031052,22.62376,761
粤BX2X16,114.031242,22.623543,762
粤BX2X16,114.031242,22.623543,762
粤BX2X16,114.031197,22.623569,762
粤BX2X16,114.031273,22.623556,763
粤BX2X16,114.031273,22.623568,764
粤BX2X16,114.031296,22.623575,765
粤BX2X16,114.031166,22.623537,766
粤BX2X16,114.031197,22.623545,767
粤BX2X16,114.03109,22.623541,767
粤BX2X16,114.031158,22.623592,768
粤BX2X16,114.031158,22.623592,768
粤BX2X16,114.031189,22.623556,769
粤BX2X16,114.031235,22.623592,771
粤BX2X16,114.031265,22.623573,772
粤BX2X16,114.031235,22.62355,773
粤BX2X16,114.031242,22.623531,774
粤BX2X16,114.031242,22.623531,774
粤BX2X16,114.031204,22.623535,775
粤BX2X16,114.031181,22.623535,776
粤BX2X16,114.03109,22.623541,777
粤BX2X16,114.030937,22.623943,778
粤BX2X16,114.029755,22.623869,779
粤BX2X16,114.027771,22.623077,780
粤BX2X16,114.027771,22.623077,780
粤BX2X16,114.029366,22.618708,781
粤BX2X16,114.03196,22.615061,782
粤BX2X16,114.029655,22.612803,783
粤BX2X16,114.025932,22.610449,784
粤BX2X16,114.022484,22.608892,785
粤BX2X16,114.022484,22.608892,786
粤BX2X16,114.022041,22.610895,810
粤BX2X16,114.022041,22.610895,810
粤BX2X16,114.022041,22.610792,812
粤BX2X16,114.018997,22.612312,815
粤BX2X16,114.017632,22.612743,816
粤BX2X16,114.017632,22.612743,816
粤BX2X16,114.010284,22.605946,817
粤BX2X16,114.010162,22.60247,818
粤BX2X16,114.010948,22.601883,819
粤BX2X16,114.010941,22.599989,820
粤BX2X16,114.009865,22.590168,822
粤BX2X16,114.009865,22.590168,822
粤BX2X16,114.012245,22.567659,825
粤BX2X16,114.014954,22.55937,826
粤BX2X16,114.018517,22.550974,827
粤BX2X16,114.022377,22.543167,828
粤BX2X16,114.022377,22.543167,828
粤BX2X16,114.024254,22.53595,829
粤BX2X16,114.027992,22.530487,830
粤BX2X16,114.034103,22.530132,831
粤BX2X16,114.04274,22.53121,832
粤BX2X16,114.05262,22.531507,833
粤BX2X16,114.06234,22.531668,834
粤BX2X16,114.06234,22.531668,835
粤BX2X16,114.071335,22.531755,835
粤BX2X16,114.077988,22.532972,836
粤BX2X16,114.08342,22.537336,837
粤BX2X16,114.10672,22.541117,844
粤BX2X16,114.10675,22.541117,845
粤BX2X16,114.099564,22.548903,846
粤BX2X16,114.106384,22.543394,846
粤BX2X16,114.106384,22.543394,846
粤BX2X16,114.1064,22.544113,847
粤BX2X16,114.106384,22.544197,848
粤BX2X16,114.106033,22.545307,849
粤BX2X16,114.106316,22.546574,851
粤BX2X16,114.105019,22.546062,852
粤BX2X16,114.105034,22.546055,852
粤BX2X16,114.105034,22.546055,852
粤BX2X16,114.103653,22.545406,853
粤BX2X16,114.09964,22.544956,854
粤BX2X16,114.099564,22.548903,855
粤BX2X16,114.099472,22.554125,857
粤BX2X16,114.099472,22.554125,858
粤BX2X16,114.099312,22.558138,859
粤BX2X16,114.099152,22.55805,860
粤BX2X16,114.097534,22.558607,861
粤BX2X16,114.091003,22.558636,862
粤BX2X16,114.089867,22.560671,863
粤BX2X16,114.089096,22.56217,864
粤BX2X16,114.089096,22.56217,864
粤BX2X16,114.08606,22.568571,865
粤BX2X16,114.081688,22.572466,866
粤BX2X16,114.080009,22.572943,867
粤BX2X16,114.079994,22.573063,867
粤BX2X16,114.080009,22.573002,868
粤BX2X16,114.079826,22.573057,869
粤BX2X16,114.081245,22.573866,869
粤BX2X16,114.081192,22.571827,870
粤BX2X16,114.081192,22.571827,870
粤BX2X16,114.08493,22.569685,871
粤BX2X16,114.088493,22.563072,872
粤BX2X16,114.090553,22.55921,873
粤BX2X16,114.090607,22.559149,874
粤BX2X16,114.09716,22.558474,875
粤BX2X16,114.09716,22.558474,876
粤BX2X16,114.102791,22.558601,876
粤BX2X16,114.117096,22.551586,877
粤BX2X16,114.10347,22.558624,877
粤BX2X16,114.108978,22.558687,878
粤BX2X16,114.120201,22.558273,880
粤BX2X16,114.120026,22.556259,881
粤BX2X16,114.119209,22.554705,882
粤BX2X16,114.120026,22.556259,882
粤BX2X16,114.119385,22.5546,883
粤BX2X16,114.118134,22.552691,884
粤BX2X16,114.118065,22.55254,885
粤BX2X16,114.117416,22.551903,886
粤BX2X16,114.117096,22.551586,887
粤BX2X16,114.116714,22.548038,888
粤BX2X16,114.117096,22.551586,888
粤BX2X16,114.11396,22.546656,889
粤BX2X16,114.111504,22.546425,890
粤BX2X16,114.111992,22.546379,890
粤BX2X16,114.111504,22.546595,891
粤BX2X16,114.111496,22.546646,891
粤BX2X16,114.110504,22.546795,892
粤BX2X16,114.11042,22.547558,893
粤BX2X16,114.110397,22.547642,894
粤BX2X16,114.110397,22.547642,894
粤BX2X16,114.109779,22.547407,895
粤BX2X16,114.110298,22.542545,896
粤BX2X16,114.110161,22.54236,897
粤BX2X16,114.110405,22.54043,898
粤BX2X16,114.110649,22.53824,899
粤BX2X16,114.080391,22.536724,909
粤BX2X16,114.116402,22.539349,911
粤BX2X16,114.116402,22.539349,912
粤BX2X16,114.116562,22.539267,912
粤BX2X16,114.116493,22.539162,912
粤BX2X16,114.111954,22.538177,913
粤BX2X16,114.087158,22.537586,916
粤BX2X16,114.081375,22.537197,917
粤BX2X16,114.080391,22.536724,918
粤BX2X16,114.081375,22.537197,918
粤BX2X16,114.07605,22.53196,919
粤BX2X16,114.066765,22.53187,920
粤BX2X16,114.062225,22.532698,921
粤BX2X16,114.062988,22.526966,922
粤BX2X16,114.063164,22.525085,923
粤BX2X16,114.063164,22.525085,924
粤BX2X16,114.048119,22.518721,924
粤BX2X16,114.06118,22.521299,924
粤BX2X16,114.061165,22.521288,925
粤BX2X16,114.061928,22.519966,926
粤BX2X16,114.061928,22.519958,926
粤BX2X16,114.059181,22.517702,927
粤BX2X16,114.054192,22.515026,928
粤BX2X16,114.05098,22.515247,929
粤BX2X16,114.050713,22.517918,930
粤BX2X16,114.05098,22.515247,930
粤BX2X16,114.050491,22.517962,931
粤BX2X16,114.048607,22.519497,932
粤BX2X16,114.048637,22.520935,933
粤BX2X16,114.048119,22.518721,934
粤BX2X16,114.046661,22.520851,935
粤BX2X16,114.048439,22.521177,936
粤BX2X16,114.046661,22.520851,936
粤BX2X16,114.048561,22.521116,937
粤BX2X16,114.04863,22.52107,938
粤BX2X16,114.048653,22.521076,939
粤BX2X16,114.04837,22.518867,940
粤BX2X16,114.031311,22.524338,940
粤BX2X16,114.042244,22.521049,941
粤BX2X16,114.042244,22.521049,942
粤BX2X16,114.036819,22.523981,943
粤BX2X16,114.033875,22.525587,944
粤BX2X16,114.03334,22.525883,945
粤BX2X16,114.03334,22.525887,946
粤BX2X16,114.032951,22.526093,947
粤BX2X16,114.032951,22.526093,948
粤BX2X16,114.032951,22.526102,948
粤BX2X16,114.032951,22.5261,949
粤BX2X16,114.031311,22.524338,950
粤BX2X16,114.029572,22.522007,951
粤BX2X16,114.028107,22.522923,952
粤BX2X16,114.026085,22.524454,953
粤BX2X16,114.02581,22.525595,954
粤BX2X16,114.02581,22.525593,954
粤BX2X16,114.026085,22.524454,954
粤BX2X16,114.025986,22.525724,955
粤BX2X16,114.026245,22.526772,956
粤BX2X16,114.041,22.527267,956
粤BX2X16,114.041023,22.527317,956
粤BX2X16,114.027245,22.526592,957
粤BX2X16,114.029778,22.52705,958
粤BX2X16,114.031158,22.526869,959
粤BX2X16,114.029778,22.52705,960
粤BX2X16,114.032387,22.526348,960
粤BX2X16,114.032547,22.526293,961
粤BX2X16,114.041023,22.527317,965
粤BX2X16,114.041023,22.527317,966
粤BX2X16,114.041,22.527267,966
粤BX2X16,114.040962,22.527218,967
粤BX2X16,114.040932,22.527218,968
粤BX2X16,114.040939,22.527182,969
粤BX2X16,114.040833,22.527643,970
粤BX2X16,114.040787,22.529617,971
粤BX2X16,114.040787,22.529617,972
粤BX2X16,114.049782,22.535357,972
粤BX2X16,114.040802,22.529564,972
粤BX2X16,114.040741,22.529549,973
粤BX2X16,114.04071,22.529562,974
粤BX2X16,114.040703,22.529526,975
粤BX2X16,114.041153,22.530632,976
粤BX2X16,114.045647,22.530668,977
粤BX2X16,114.045715,22.533398,978
粤BX2X16,114.045647,22.530668,978
粤BX2X16,114.048035,22.535154,979
粤BX2X16,114.048065,22.53517,979
粤BX2X16,114.049797,22.535299,980
粤BX2X16,114.049644,22.535339,981
粤BX2X16,114.049644,22.535336,981
粤BX2X16,114.049782,22.535357,981
粤BX2X16,114.050636,22.537357,982
粤BX2X16,114.05146,22.539078,983
粤BX2X16,114.05146,22.539078,984
粤BX2X16,114.052696,22.542353,984
粤BX2X16,114.061203,22.542128,985
粤BX2X16,114.062912,22.538797,986
粤BX2X16,114.063133,22.538204,987
粤BX2X16,114.062874,22.542116,988
粤BX2X16,114.063286,22.545206,989
粤BX2X16,114.063049,22.545113,989
粤BX2X16,114.063431,22.545874,990
粤BX2X16,114.063286,22.545206,990
粤BX2X16,114.064384,22.547541,991
粤BX2X16,114.066162,22.547607,992
粤BX2X16,114.06604,22.547606,992
粤BX2X16,114.067734,22.544397,993
粤BX2X16,114.06797,22.536478,994
粤BX2X16,114.061592,22.531944,996
粤BX2X16,114.065819,22.53215,996
粤BX2X16,114.057892,22.531614,997
粤BX2X16,114.047218,22.531469,998
粤BX2X16,114.035378,22.530445,999
粤BX2X16,114.025032,22.531458,1000
粤BX2X16,114.01458,22.53092,1001
粤BX2X16,114.01458,22.53092,1002
粤BX2X16,113.927269,22.537252,1003
粤BX2X16,113.929787,22.542402,1003
粤BX2X16,113.992691,22.526608,1003
粤BX2X16,113.957298,22.523069,1006
粤BX2X16,113.935165,22.524887,1008
粤BX2X16,113.957298,22.523069,1008
粤BX2X16,113.926697,22.525515,1009
粤BX2X16,113.924789,22.531082,1010
粤BX2X16,113.927719,22.535988,1011
粤BX2X16,113.927719,22.53598,1011
粤BX2X16,113.927269,22.537252,1012
粤BX2X16,113.929787,22.542402,1013
粤BX2X16,113.929787,22.542402,1014
粤BX2X16,113.937508,22.542521,1014
粤BX2X16,113.94059,22.539534,1015
粤BX2X16,113.938675,22.539255,1016
粤BX2X16,113.939407,22.539221,1017
粤BX2X16,113.939873,22.53923,1018
粤BX2X16,113.940422,22.539263,1019
粤BX2X16,113.940422,22.539263,1020
粤BX2X16,113.940422,22.539267,1020
粤BX2X16,113.964638,22.522705,1029
粤BX2X16,113.975883,22.522823,1030
粤BX2X16,113.986671,22.523869,1031
粤BX2X16,113.986671,22.523869,1032
粤BX2X16,113.99614,22.528559,1032
粤BX2X16,114.006813,22.529638,1033
粤BX2X16,114.01815,22.531612,1034
粤BX2X16,114.056427,22.551275,1034
粤BX2X16,114.029839,22.530277,1035
粤BX2X16,114.038261,22.530554,1036
粤BX2X16,114.044472,22.531162,1037
粤BX2X16,114.044472,22.531162,1038
粤BX2X16,114.044632,22.533043,1038
粤BX2X16,114.044373,22.545452,1039
粤BX2X16,114.044418,22.548862,1040
粤BX2X16,114.04641,22.54928,1041
粤BX2X16,114.05069,22.551226,1043
粤BX2X16,114.05069,22.551226,1044
粤BX2X16,114.056427,22.551275,1044
粤BX2X16,114.058525,22.55122,1045
粤BX2X16,114.058464,22.551226,1045
粤BX2X16,114.05896,22.549717,1046
粤BX2X16,114.058159,22.549603,1046
粤BX2X16,114.057976,22.551123,1047
粤BX2X16,114.060799,22.551273,1048
粤BX2X16,114.061211,22.551277,1049
粤BX2X16,114.061211,22.551233,1050
粤BX2X16,114.060799,22.551273,1050
粤BX2X16,114.066132,22.55113,1051
粤BX2X16,114.073219,22.551218,1052
粤BX2X16,114.077141,22.551537,1053
粤BX2X16,114.080757,22.551725,1054
粤BX2X16,114.084045,22.550159,1055
粤BX2X16,114.084,22.551157,1055
粤BX2X16,114.084045,22.550159,1056
粤BX2X16,114.084007,22.549963,1056
粤BX2X16,114.082794,22.549248,1057
粤BX2X16,114.082199,22.549253,1058
粤BX2X16,114.08136,22.549204,1058
粤BX2X16,114.078362,22.549126,1059
粤BX2X16,114.076065,22.54804,1060
粤BX2X16,114.076088,22.546972,1061
粤BX2X16,114.076126,22.543463,1062
粤BX2X16,114.076088,22.546972,1062
粤BX2X16,114.076141,22.543467,1063
粤BX2X16,114.076172,22.543125,1064
粤BX2X16,114.082947,22.543215,1065
粤BX2X16,114.087662,22.543457,1066
粤BX2X16,114.090599,22.543608,1068
粤BX2X16,114.098572,22.543615,1069
粤BX2X16,114.102806,22.544058,1070
粤BX2X16,114.105095,22.544415,1071
粤BX2X16,114.109787,22.545319,1072
粤BX2X16,114.112465,22.545742,1073
粤BX2X16,114.109787,22.545319,1074
粤BX2X16,114.114769,22.546173,1074
粤BX2X16,114.115501,22.546616,1075
粤BX2X16,114.116974,22.546679,1076
粤BX2X16,114.116524,22.547981,1077
粤BX2X16,114.118446,22.547922,1078
粤BX2X16,114.121033,22.547922,1079
粤BX2X16,114.121033,22.547922,1080
粤BX2X16,114.119728,22.546978,1080
粤BX2X16,114.117554,22.546549,1081
粤BX2X16,114.117615,22.544561,1082
粤BX2X16,114.11422,22.542517,1082
粤BX2X16,114.117714,22.544224,1083
粤BX2X16,114.117821,22.544058,1083
粤BX2X16,114.117897,22.546434,1084
粤BX2X16,114.120079,22.545547,1085
粤BX2X16,114.120079,22.545547,1086
粤BX2X16,114.118973,22.543968,1087
粤BX2X16,114.118622,22.543974,1088
粤BX2X16,114.116829,22.543167,1089
粤BX2X16,114.114365,22.542849,1090
粤BX2X16,114.11422,22.542517,1091
粤BX2X16,114.114365,22.542849,1092
粤BX2X16,114.113815,22.542383,1092
粤BX2X16,114.113708,22.540321,1093
粤BX2X16,114.11174,22.539385,1094
粤BX2X16,114.111496,22.541059,1095
粤BX2X16,114.111679,22.539705,1096
粤BX2X16,114.111664,22.539709,1096
粤BX2X16,114.11174,22.539749,1097
粤BX2X16,114.11171,22.539604,1097
粤BX2X16,114.111656,22.539631,1098
粤BX2X16,114.11171,22.539604,1098
粤BX2X16,114.111595,22.539665,1099
粤BX2X16,114.111542,22.539635,1100
粤BX2X16,114.111664,22.53968,1101
粤BX2X16,114.11161,22.539667,1102
粤BX2X16,114.111641,22.539709,1103
粤BX2X16,114.111641,22.539709,1104
粤BX2X16,114.111664,22.539778,1104
粤BX2X16,114.111671,22.539776,1105
粤BX2X16,114.111694,22.539778,1106
粤BX2X16,114.11174,22.539749,1107
粤BX2X16,114.111786,22.539762,1108
粤BX2X16,114.11171,22.539818,1109
粤BX2X16,114.111717,22.539759,1110
粤BX2X16,114.11171,22.539818,1110
粤BX2X16,114.112114,22.537102,1111
粤BX2X16,114.114105,22.53549,1112
粤BX2X16,114.109879,22.551668,1113
粤BX2X16,114.113487,22.534033,1113
粤BX2X16,114.113708,22.534157,1113
粤BX2X16,114.114433,22.534525,1114
粤BX2X16,114.114204,22.535683,1115
粤BX2X16,114.111687,22.539724,1116
粤BX2X16,114.114433,22.534525,1116
粤BX2X16,114.110901,22.543486,1117
粤BX2X16,114.110382,22.547209,1118
粤BX2X16,114.110474,22.547279,1119
粤BX2X16,114.109879,22.551668,1120
粤BX2X16,114.10849,22.558746,1122
粤BX2X16,114.109879,22.551668,1122
粤BX2X16,114.104202,22.558641,1123
粤BX2X16,114.100594,22.558622,1124
粤BX2X16,114.099762,22.558619,1125
粤BX2X16,114.093651,22.558523,1126
粤BX2X16,114.092514,22.55843,1127
粤BX2X16,114.084412,22.558397,1128
粤BX2X16,114.092514,22.55843,1128
粤BX2X16,114.071793,22.558191,1129
粤BX2X16,114.068336,22.558142,1130
粤BX2X16,114.065964,22.558079,1131
粤BX2X16,114.059036,22.562422,1132
粤BX2X16,114.058449,22.562185,1132
粤BX2X16,114.059326,22.562454,1133
粤BX2X16,114.059441,22.562485,1133
粤BX2X16,114.059441,22.562485,1134
粤BX2X16,114.062462,22.561317,1134
粤BX2X16,114.062317,22.55142,1135
粤BX2X16,114.06189,22.54553,1136
粤BX2X16,114.058044,22.545515,1137
粤BX2X16,114.047707,22.540659,1144
粤BX2X16,114.046669,22.541098,1145
粤BX2X16,114.046669,22.541098,1145
粤BX2X16,114.045563,22.540977,1146
粤BX2X16,114.047798,22.541718,1147
粤BX2X16,114.049126,22.539597,1148
粤BX2X16,114.050415,22.540958,1149
粤BX2X16,114.051094,22.539673,1150
粤BX2X16,114.053329,22.537807,1151
粤BX2X16,114.053329,22.537807,1151
粤BX2X16,114.055618,22.537373,1152
粤BX2X16,114.057693,22.537329,1153
粤BX2X16,114.057846,22.537392,1154
粤BX2X16,114.058144,22.536123,1155
粤BX2X16,114.05806,22.535978,1156
粤BX2X16,114.059189,22.534748,1157
粤BX2X16,114.059265,22.534838,1157
粤BX2X16,114.059189,22.534748,1157
粤BX2X16,114.060822,22.532898,1158
粤BX2X16,114.053383,22.531557,1159
粤BX2X16,114.043396,22.5313,1160
粤BX2X16,114.032471,22.530218,1161
粤BX2X16,114.02256,22.532236,1162
粤BX2X16,114.019295,22.533058,1163
粤BX2X16,114.02256,22.532236,1163
粤BX2X16,114.01828,22.532618,1164
粤BX2X16,114.018562,22.532749,1164
粤BX2X16,114.018677,22.534103,1165
粤BX2X16,114.019562,22.534363,1166
粤BX2X16,114.019379,22.534285,1166
粤BX2X16,114.019554,22.534391,1167
粤BX2X16,114.019485,22.535675,1168
粤BX2X16,114.019218,22.537437,1169
粤BX2X16,114.019218,22.537437,1169
粤BX2X16,114.023125,22.539152,1170
粤BX2X16,114.022179,22.544521,1173
粤BX2X16,114.021965,22.544928,1174
粤BX2X16,114.016457,22.546394,1175
粤BX2X16,114.016457,22.546394,1175
粤BX2X16,114.012184,22.549438,1176
粤BX2X16,113.998161,22.529331,1176
粤BX2X16,114.007751,22.548912,1177
粤BX2X16,114.002258,22.547012,1178
粤BX2X16,114.002846,22.547083,1178
粤BX2X16,114.002075,22.547041,1179
粤BX2X16,114.002106,22.547037,1179
粤BX2X16,113.999184,22.546412,1180
粤BX2X16,113.992035,22.544022,1181
粤BX2X16,113.999184,22.546412,1181
粤BX2X16,113.991814,22.540237,1182
粤BX2X16,113.993195,22.531496,1183
粤BX2X16,113.993172,22.531515,1184
粤BX2X16,113.993736,22.525095,1185
粤BX2X16,113.998161,22.529331,1186
粤BX2X16,114.010239,22.529682,1187
粤BX2X16,114.010239,22.529682,1187
粤BX2X16,114.01873,22.531528,1188
粤BX2X16,114.02533,22.530863,1189
粤BX2X16,114.032173,22.526243,1190
粤BX2X16,114.031342,22.523745,1191
粤BX2X16,114.031807,22.523472,1191
粤BX2X16,114.038666,22.526682,1192
粤BX2X16,114.031952,22.523357,1192
粤BX2X16,114.034653,22.521902,1193
粤BX2X16,114.031952,22.523357,1193
粤BX2X16,114.03524,22.522223,1194
粤BX2X16,114.0364,22.523169,1195
粤BX2X16,114.036827,22.523251,1196
粤BX2X16,114.037178,22.523439,1197
粤BX2X16,114.037193,22.523375,1198
粤BX2X16,114.037193,22.523375,1199
粤BX2X16,114.037209,22.523407,1199
粤BX2X16,114.038872,22.524679,1200
粤BX2X16,114.038689,22.526136,1201
粤BX2X16,114.038666,22.526682,1201
粤BX2X16,114.0383,22.529182,1202
粤BX2X16,114.042435,22.530991,1203
粤BX2X16,114.049812,22.531261,1204
粤BX2X16,114.049812,22.531261,1205
粤BX2X16,114.05336,22.53487,1205
粤BX2X16,114.053474,22.535557,1206
粤BX2X16,114.053474,22.535572,1206
粤BX2X16,114.052864,22.535555,1207
粤BX2X16,114.067917,22.537977,1208
粤BX2X16,114.054428,22.537428,1209
粤BX2X16,114.057884,22.536077,1210
粤BX2X16,114.058022,22.535555,1211
粤BX2X16,114.057884,22.536077,1211
粤BX2X16,114.059097,22.534609,1212
粤BX2X16,114.058189,22.535423,1213
粤BX2X16,114.061256,22.537476,1214
粤BX2X16,114.062538,22.537571,1215
粤BX2X16,114.062637,22.53763,1216
粤BX2X16,114.062637,22.53763,1217
粤BX2X16,114.067917,22.537977,1217
粤BX2X16,114.068115,22.529528,1218
粤BX2X16,114.065948,22.524298,1219
粤BX2X16,114.065926,22.524122,1220
粤BX2X16,114.066101,22.524141,1221
粤BX2X16,114.066299,22.524187,1222
粤BX2X16,114.06662,22.524094,1223
粤BX2X16,114.06842,22.523808,1223
粤BX2X16,114.066299,22.524187,1223
粤BX2X16,114.066727,22.524023,1224
粤BX2X16,114.067078,22.523945,1225
粤BX2X16,114.067314,22.523882,1226
粤BX2X16,114.067436,22.52384,1227
粤BX2X16,114.06749,22.523794,1228
粤BX2X16,114.06749,22.523794,1229
粤BX2X16,114.067558,22.523783,1229
粤BX2X16,114.067856,22.523701,1230
粤BX2X16,114.06823,22.523632,1231
粤BX2X16,114.06826,22.523611,1232
粤BX2X16,114.06842,22.523808,1233
粤BX2X16,114.068405,22.524193,1234
粤BX2X16,114.068405,22.524193,1235
粤BX2X16,114.068092,22.524054,1236
粤BX2X16,114.067932,22.523897,1237
粤BX2X16,114.067818,22.523916,1238
粤BX2X16,114.104523,22.537699,1239
粤BX2X16,114.066963,22.525558,1239
粤BX2X16,114.07019,22.531443,1240
粤BX2X16,114.07766,22.532446,1241
粤BX2X16,114.07019,22.531443,1241
粤BX2X16,114.084076,22.537348,1242
粤BX2X16,114.093544,22.538055,1243
粤BX2X16,114.100266,22.538124,1244
粤BX2X16,114.101173,22.538124,1245
粤BX2X16,114.102249,22.538176,1246
粤BX2X16,114.102249,22.538176,1247
粤BX2X16,114.10305,22.53816,1247
粤BX2X16,114.103714,22.538038,1248
粤BX2X16,114.104523,22.537699,1249
粤BX2X16,114.106552,22.536928,1250
粤BX2X16,114.115128,22.538715,1251
粤BX2X16,114.117065,22.539383,1252
粤BX2X16,114.117065,22.539383,1252
粤BX2X16,114.118896,22.540356,1253
粤BX2X16,114.118729,22.540216,1253
粤BX2X16,114.120056,22.541517,1254
粤BX2X16,114.120033,22.541653,1255
粤BX2X16,114.118401,22.543173,1256
粤BX2X16,114.118187,22.543097,1257
粤BX2X16,114.11689,22.543116,1258
粤BX2X16,114.116959,22.543089,1258
粤BX2X16,114.11689,22.543116,1258
粤BX2X16,114.113754,22.542519,1259
粤BX2X16,114.11367,22.545029,1260
粤BX2X16,114.113625,22.545122,1261
粤BX2X16,114.110352,22.548155,1263
粤BX2X16,114.109818,22.553596,1264
粤BX2X16,114.109818,22.553596,1264
粤BX2X16,114.112335,22.565313,1266
粤BX2X16,114.114189,22.575226,1267
粤BX2X16,114.110641,22.576757,1268
粤BX2X16,114.104126,22.57317,1269
粤BX2X16,114.098915,22.573179,1270
粤BX2X16,114.098915,22.573179,1270
粤BX2X16,114.099777,22.582033,1271
粤BX2X16,114.098175,22.612152,1271
粤BX2X16,114.099632,22.605383,1274
粤BX2X16,114.099594,22.605412,1275
粤BX2X16,114.09964,22.606104,1276
粤BX2X16,114.09964,22.606104,1276
粤BX2X16,114.100227,22.607492,1277
粤BX2X16,114.098778,22.608658,1278
粤BX2X16,114.097343,22.610798,1279
粤BX2X16,114.098038,22.612049,1280
粤BX2X16,114.098045,22.612038,1280
粤BX2X16,114.098175,22.612152,1280
粤BX2X16,114.098816,22.612514,1281
粤BX2X16,114.100471,22.611498,1282
粤BX2X16,114.100471,22.611498,1282
粤BX2X16,114.103401,22.610292,1283
粤BX2X16,114.104691,22.609781,1284
粤BX2X16,114.104691,22.609749,1285
粤BX2X16,114.106972,22.610357,1286
粤BX2X16,114.107506,22.610693,1287
粤BX2X16,114.107651,22.610863,1288
粤BX2X16,114.107651,22.610863,1288
粤BX2X16,114.106476,22.615183,1290
粤BX2X16,114.105637,22.617697,1291
粤BX2X16,114.104668,22.621849,1292
粤BX2X16,114.102531,22.624212,1293
粤BX2X16,114.103249,22.625439,1294
粤BX2X16,114.103249,22.625439,1294
粤BX2X16,114.105377,22.624155,1295
粤BX2X16,114.106758,22.623247,1296
粤BX2X16,114.112122,22.621496,1297
粤BX2X16,114.115288,22.621017,1298
粤BX2X16,114.115768,22.616167,1299
粤BX2X16,114.115654,22.614264,1300
粤BX2X16,114.115654,22.614264,1300
粤BX2X16,114.115685,22.611427,1301
粤BX2X16,114.102806,22.610367,1302
粤BX2X16,114.116966,22.60961,1303
粤BX2X16,114.10836,22.611017,1306
粤BX2X16,114.10836,22.611017,1306
粤BX2X16,114.108139,22.611,1307
粤BX2X16,114.106865,22.610338,1308
粤BX2X16,114.103851,22.610298,1309
粤BX2X16,114.101463,22.611273,1310
粤BX2X16,114.101265,22.611362,1310
粤BX2X16,114.101189,22.611385,1311
粤BX2X16,114.102806,22.610367,1312
粤BX2X16,114.102806,22.610367,1312
粤BX2X16,114.104805,22.609772,1313
粤BX2X16,114.100563,22.607872,1315
粤BX2X16,114.100075,22.607452,1316
粤BX2X16,114.099503,22.605661,1317
粤BX2X16,114.097374,22.602325,1318
粤BX2X16,114.104301,22.57288,1318
粤BX2X16,114.099503,22.605661,1318
粤BX2X16,114.097771,22.591883,1319
粤BX2X16,114.097275,22.588091,1320
粤BX2X16,114.09729,22.588036,1321
粤BX2X16,114.099495,22.582279,1322
粤BX2X16,114.098999,22.577629,1323
粤BX2X16,114.09903,22.577736,1323
粤BX2X16,114.098572,22.573898,1324
粤BX2X16,114.098999,22.577629,1324
粤BX2X16,114.098671,22.569586,1325
粤BX2X16,114.104301,22.57288,1326
粤BX2X16,114.107742,22.570742,1328
粤BX2X16,114.107742,22.57082,1328
粤BX2X16,114.107712,22.569807,1329
粤BX2X16,114.107483,22.567095,1330
粤BX2X16,114.107712,22.569807,1330
粤BX2X16,114.107445,22.566837,1331
粤BX2X16,114.106903,22.563484,1332
粤BX2X16,114.104111,22.561045,1333
粤BX2X16,114.10994,22.543999,1334
粤BX2X16,114.104088,22.558178,1334
粤BX2X16,114.105797,22.552456,1336
粤BX2X16,114.104317,22.553255,1336
粤BX2X16,114.10582,22.552418,1337
粤BX2X16,114.106117,22.552868,1337
粤BX2X16,114.107368,22.551357,1338
粤BX2X16,114.107933,22.547512,1339
粤BX2X16,114.109161,22.543877,1341
粤BX2X16,114.10994,22.543999,1343
粤BX2X16,114.11087,22.541819,1344
粤BX2X16,114.112122,22.537054,1345
粤BX2X16,114.112396,22.535975,1346
粤BX2X16,114.112923,22.535616,1347
粤BX2X16,114.113258,22.535767,1348
粤BX2X16,114.112923,22.535616,1348
粤BX2X16,114.114006,22.535707,1349
粤BX2X16,114.11364,22.534578,1350
粤BX2X16,114.113777,22.534218,1351
粤BX2X16,114.114075,22.534374,1352
粤BX2X16,114.114113,22.534374,1352
粤BX2X16,114.116646,22.536213,1353
粤BX2X16,114.119545,22.538158,1354
粤BX2X16,114.116646,22.536213,1354
粤BX2X16,114.119644,22.540438,1355
粤BX2X16,114.121658,22.541096,1356
粤BX2X16,114.121666,22.541189,1357
粤BX2X16,114.12162,22.541241,1358
粤BX2X16,114.120895,22.539421,1359
粤BX2X16,114.119423,22.539625,1360
粤BX2X16,114.12162,22.541241,1360
粤BX2X16,114.119385,22.540358,1361
粤BX2X16,114.119286,22.540546,1361
粤BX2X16,114.119865,22.541475,1362
粤BX2X16,114.119751,22.541283,1363
粤BX2X16,114.118973,22.540333,1364
粤BX2X16,114.114738,22.539076,1365
粤BX2X16,114.114738,22.539076,1366
粤BX2X16,114.113922,22.538698,1366
粤BX2X16,114.112106,22.536882,1367
粤BX2X16,114.112503,22.535833,1368
粤BX2X16,114.112534,22.535725,1369
粤BX2X16,114.113029,22.535717,1370
粤BX2X16,114.114143,22.535322,1371
粤BX2X16,114.113617,22.534582,1372
粤BX2X16,114.114143,22.535322,1372
粤BX2X16,114.113609,22.534159,1373
粤BX2X16,114.113609,22.534159,1373
粤BX2X16,114.113815,22.534061,1374
粤BX2X16,114.114288,22.53363,1376
粤BX2X16,114.113747,22.534113,1377
粤BX2X16,114.114288,22.53363,1378
粤BX2X16,114.113358,22.533499,1378
粤BX2X16,114.113724,22.534033,1379
粤BX2X16,114.122719,22.549955,1381
粤BX2X16,114.114159,22.536045,1383
粤BX2X16,114.114159,22.536045,1384
粤BX2X16,114.113701,22.538689,1384
粤BX2X16,114.113533,22.542414,1385
粤BX2X16,114.115204,22.546013,1386
粤BX2X16,114.116661,22.546467,1387
粤BX2X16,114.117203,22.547964,1388
粤BX2X16,114.117203,22.547964,1390
粤BX2X16,114.123077,22.548912,1390
粤BX2X16,114.122635,22.550053,1391
粤BX2X16,114.122719,22.549955,1391
粤BX2X16,114.122505,22.550552,1392
粤BX2X16,114.122124,22.551886,1393
粤BX2X16,114.119919,22.552052,1394
粤BX2X16,114.118561,22.551928,1395
粤BX2X16,114.118561,22.551928,1395
粤BX2X16,114.111908,22.538221,1396
粤BX2X16,114.117973,22.551157,1396
粤BX2X16,114.117203,22.551212,1397
粤BX2X16,114.116592,22.550934,1398
粤BX2X16,114.116516,22.548117,1399
粤BX2X16,114.114822,22.546701,1400
粤BX2X16,114.108658,22.545227,1401
粤BX2X16,114.108658,22.545227,1401
粤BX2X16,114.110458,22.542168,1403
粤BX2X16,114.111473,22.540415,1404
粤BX2X16,114.111946,22.538168,1405
粤BX2X16,114.111908,22.538221,1406
粤BX2X16,114.112106,22.537649,1407
粤BX2X16,114.112106,22.537649,1407
粤BX2X16,114.112251,22.537497,1408
粤BX2X16,114.112137,22.537294,1409
粤BX2X16,114.11219,22.537012,1410
粤BX2X16,114.112495,22.536623,1411
粤BX2X16,114.13385,22.546473,1412
粤BX2X16,114.112602,22.536163,1412
粤BX2X16,114.112747,22.535624,1413
粤BX2X16,114.112495,22.536623,1413
粤BX2X16,114.113388,22.535786,1414
粤BX2X16,114.113838,22.535788,1415
粤BX2X16,114.113464,22.534363,1416
粤BX2X16,114.113785,22.534281,1417
粤BX2X16,114.113976,22.53425,1418
粤BX2X16,114.113861,22.534365,1418
粤BX2X16,114.117332,22.536827,1420
粤BX2X16,114.123825,22.54097,1421
粤BX2X16,114.13385,22.546473,1422
粤BX2X16,114.137787,22.565784,1424
粤BX2X16,114.136559,22.575914,1425
粤BX2X16,114.125595,22.577162,1426
粤BX2X16,114.11705,22.577824,1427
粤BX2X16,114.11261,22.585232,1428
粤BX2X16,114.109619,22.592999,1429
粤BX2X16,114.113991,22.600378,1430
粤BX2X16,114.112343,22.600517,1431
粤BX2X16,114.112343,22.600517,1431
粤BX2X16,114.112343,22.600517,1437
