粤B1FU16,114.365013,22.692659,3
粤B1FU16,114.365013,22.692659,12
粤B1FU16,114.365013,22.692659,18
粤B1FU16,114.365013,22.692659,19
粤B1FU16,114.365013,22.692659,24
粤B1FU16,114.365013,22.692659,30
粤B1FU16,114.365013,22.692659,35
粤B1FU16,114.365013,22.692659,36
粤B1FU16,114.365013,22.692659,42
粤B1FU16,114.365013,22.692659,48
粤B1FU16,114.365013,22.692659,51
粤B1FU16,114.365013,22.692659,54
粤B1FU16,114.365013,22.692659,60
粤B1FU16,114.365013,22.692659,66
粤B1FU16,114.365013,22.692659,66
粤B1FU16,114.365013,22.692659,72
粤B1FU16,114.365013,22.692659,78
粤B1FU16,114.365013,22.692659,82
粤B1FU16,114.365013,22.692659,84
粤B1FU16,114.365013,22.692659,90
粤B1FU16,114.365013,22.692659,96
粤B1FU16,114.365013,22.692659,98
粤B1FU16,114.365013,22.692659,102
粤B1FU16,114.365013,22.692659,108
粤B1FU16,114.365013,22.692659,113
粤B1FU16,114.365013,22.692659,113
粤B1FU16,114.365013,22.692659,119
粤B1FU16,114.365013,22.692659,125
粤B1FU16,114.365013,22.692659,129
粤B1FU16,114.365013,22.692659,131
粤B1FU16,114.365013,22.692659,137
粤B1FU16,114.365013,22.692659,143
粤B1FU16,114.365013,22.692659,145
粤B1FU16,114.365013,22.692659,149
粤B1FU16,114.365013,22.692659,155
粤B1FU16,114.365013,22.692659,161
粤B1FU16,114.365013,22.692659,161
粤B1FU16,114.365013,22.692659,167
粤B1FU16,114.365013,22.692659,173
粤B1FU16,114.365013,22.692659,179
粤B1FU16,114.365013,22.692659,192
粤B1FU16,114.365013,22.692659,197
粤B1FU16,114.365013,22.692659,203
粤B1FU16,114.365013,22.692659,208
粤B1FU16,114.365013,22.692659,209
粤B1FU16,114.365013,22.692659,215
粤B1FU16,114.365013,22.692659,221
粤B1FU16,114.365013,22.692659,224
粤B1FU16,114.365013,22.692659,227
粤B1FU16,114.365013,22.692659,233
粤B1FU16,114.365013,22.692659,239
粤B1FU16,114.365013,22.692659,239
粤B1FU16,114.365013,22.692659,251
粤B1FU16,114.365013,22.692659,255
粤B1FU16,114.365013,22.692659,257
粤B1FU16,114.365013,22.692659,263
粤B1FU16,114.365013,22.692659,269
粤B1FU16,114.365013,22.692659,271
粤B1FU16,114.365013,22.692659,275
粤B1FU16,114.365013,22.692659,281
粤B1FU16,114.365013,22.692659,287
粤B1FU16,114.365013,22.692659,287
粤B1FU16,114.365013,22.692659,293
粤B1FU16,114.365013,22.692659,299
粤B1FU16,114.365013,22.692659,302
粤B1FU16,114.365013,22.692659,305
粤B1FU16,114.365013,22.692659,311
粤B1FU16,114.365013,22.692659,316
粤B1FU16,114.365013,22.692659,318
粤B1FU16,114.365013,22.692659,322
粤B1FU16,114.365013,22.692659,328
粤B1FU16,114.365013,22.692659,334
粤B1FU16,114.365013,22.692659,334
粤B1FU16,114.365013,22.692659,340
粤B1FU16,114.365013,22.692659,346
粤B1FU16,114.365013,22.692659,350
粤B1FU16,114.365013,22.692659,352
粤B1FU16,114.365013,22.692659,358
粤B1FU16,114.365013,22.692659,364
粤B1FU16,114.365013,22.692659,365
粤B1FU16,114.365013,22.692659,370
粤B1FU16,114.365013,22.692659,376
粤B1FU16,114.365013,22.692659,381
粤B1FU16,114.365013,22.692659,382
粤B1FU16,114.365013,22.692659,388
粤B1FU16,114.365013,22.692659,394
粤B1FU16,114.365013,22.692659,397
粤B1FU16,114.365013,22.692659,400
粤B1FU16,114.365013,22.692659,406
粤B1FU16,114.365013,22.692659,412
粤B1FU16,114.365013,22.692659,413
粤B1FU16,114.365013,22.692659,417
粤B1FU16,114.365013,22.692659,423
粤B1FU16,114.365013,22.692659,428
粤B1FU16,114.365013,22.692659,429
粤B1FU16,114.365013,22.692659,435
粤B1FU16,114.365013,22.692659,441
粤B1FU16,114.365013,22.692659,444
粤B1FU16,114.365013,22.692659,447
粤B1FU16,114.365013,22.692659,453
粤B1FU16,114.365013,22.692659,459
粤B1FU16,114.365013,22.692659,460
粤B1FU16,114.365013,22.692659,465
粤B1FU16,114.365013,22.692659,471
粤B1FU16,114.365013,22.692659,477
粤B1FU16,114.365013,22.692659,483
粤B1FU16,114.365013,22.692659,489
粤B1FU16,114.365013,22.692659,491
粤B1FU16,114.365013,22.692659,495
粤B1FU16,114.365013,22.692659,501
粤B1FU16,114.365013,22.692659,507
粤B1FU16,114.365013,22.692659,507
粤B1FU16,114.365013,22.692659,513
粤B1FU16,114.365013,22.692659,519
粤B1FU16,114.365013,22.692659,525
粤B1FU16,114.365013,22.692659,537
粤B1FU16,114.365013,22.692659,538
粤B1FU16,114.365013,22.692659,549
粤B1FU16,114.365013,22.692659,554
粤B1FU16,114.365013,22.692659,555
粤B1FU16,114.365013,22.692659,561
粤B1FU16,114.365013,22.692659,567
粤B1FU16,114.365013,22.692659,570
粤B1FU16,114.365013,22.692659,573
粤B1FU16,114.365013,22.692659,578
粤B1FU16,114.365013,22.692659,584
粤B1FU16,114.365013,22.692659,585
粤B1FU16,114.365013,22.692659,590
粤B1FU16,114.365013,22.692659,596
粤B1FU16,114.365013,22.692659,601
粤B1FU16,114.365013,22.692659,608
粤B1FU16,114.365013,22.692659,614
粤B1FU16,114.365013,22.692659,617
粤B1FU16,114.365013,22.692659,620
粤B1FU16,114.365013,22.692659,625
粤B1FU16,114.365013,22.692659,626
粤B1FU16,114.365013,22.692659,632
粤B1FU16,114.365013,22.692659,641
粤B1FU16,114.365013,22.692659,642
粤B1FU16,114.365013,22.692659,648
粤B1FU16,114.365013,22.692659,654
粤B1FU16,114.365013,22.692659,656
粤B1FU16,114.365013,22.692659,660
粤B1FU16,114.365013,22.692659,666
粤B1FU16,114.365013,22.692659,672
粤B1FU16,114.365013,22.692659,672
粤B1FU16,114.365013,22.692659,678
粤B1FU16,114.365013,22.692659,684
粤B1FU16,114.365013,22.692659,688
粤B1FU16,114.365013,22.692659,690
粤B1FU16,114.365013,22.692659,696
粤B1FU16,114.365013,22.692659,702
粤B1FU16,114.365013,22.692659,704
粤B1FU16,114.365013,22.692659,708
粤B1FU16,114.365013,22.692659,714
粤B1FU16,114.365013,22.692659,719
粤B1FU16,114.365013,22.692659,720
粤B1FU16,114.365013,22.692659,726
粤B1FU16,114.365013,22.692659,732
粤B1FU16,114.365013,22.692659,735
粤B1FU16,114.365013,22.692659,738
粤B1FU16,114.365013,22.692659,744
粤B1FU16,114.365013,22.692659,750
粤B1FU16,114.365013,22.692659,751
粤B1FU16,114.365013,22.692659,756
粤B1FU16,114.365013,22.692659,762
粤B1FU16,114.365013,22.692659,766
粤B1FU16,114.365013,22.692659,768
粤B1FU16,114.365013,22.692659,774
粤B1FU16,114.365013,22.692659,780
粤B1FU16,114.365013,22.692659,782
粤B1FU16,114.365013,22.692659,786
粤B1FU16,114.365013,22.692659,792
粤B1FU16,114.365013,22.692659,798
粤B1FU16,114.365013,22.692659,798
粤B1FU16,114.365013,22.692659,804
粤B1FU16,114.365013,22.692659,810
粤B1FU16,114.365013,22.692659,814
粤B1FU16,114.365013,22.692659,816
粤B1FU16,114.365013,22.692659,822
粤B1FU16,114.365013,22.692659,828
粤B1FU16,114.365013,22.692659,834
粤B1FU16,114.365013,22.692659,845
粤B1FU16,114.365013,22.692659,846
粤B1FU16,114.365013,22.692659,852
粤B1FU16,114.365013,22.692659,858
粤B1FU16,114.365013,22.692659,861
粤B1FU16,114.365013,22.692659,864
粤B1FU16,114.365013,22.692659,870
粤B1FU16,114.365013,22.692659,876
粤B1FU16,114.365013,22.692659,877
粤B1FU16,114.365013,22.692659,882
粤B1FU16,114.365013,22.692659,888
粤B1FU16,114.365013,22.692659,894
粤B1FU16,114.365013,22.692659,900
粤B1FU16,114.365013,22.692659,908
粤B1FU16,114.365013,22.692659,912
粤B1FU16,114.365013,22.692659,918
粤B1FU16,114.365013,22.692659,924
粤B1FU16,114.365013,22.692659,924
粤B1FU16,114.365013,22.692659,930
粤B1FU16,114.365013,22.692659,936
粤B1FU16,114.365013,22.692659,940
粤B1FU16,114.365013,22.692659,941
粤B1FU16,114.365013,22.692659,947
粤B1FU16,114.365013,22.692659,953
粤B1FU16,114.365013,22.692659,955
粤B1FU16,114.365013,22.692659,959
粤B1FU16,114.365013,22.692659,965
粤B1FU16,114.365013,22.692659,971
粤B1FU16,114.365013,22.692659,972
粤B1FU16,114.365013,22.692659,977
粤B1FU16,114.365013,22.692659,983
粤B1FU16,114.365013,22.692659,987
粤B1FU16,114.365013,22.692659,989
粤B1FU16,114.365013,22.692659,1001
粤B1FU16,114.365013,22.692659,1002
粤B1FU16,114.365013,22.692659,1007
粤B1FU16,114.365013,22.692659,1013
粤B1FU16,114.365013,22.692659,1019
粤B1FU16,114.365013,22.692659,1031
粤B1FU16,114.365013,22.692659,1034
粤B1FU16,114.365013,22.692659,1037
粤B1FU16,114.365013,22.692659,1043
粤B1FU16,114.365013,22.692659,1049
粤B1FU16,114.365013,22.692659,1050
粤B1FU16,114.365013,22.692659,1055
粤B1FU16,114.365013,22.692659,1061
粤B1FU16,114.365013,22.692659,1065
粤B1FU16,114.365013,22.692659,1067
粤B1FU16,114.365013,22.692659,1073
粤B1FU16,114.365013,22.692659,1079
粤B1FU16,114.365013,22.692659,1081
粤B1FU16,114.365013,22.692659,1085
粤B1FU16,114.365013,22.692659,1091
粤B1FU16,114.365013,22.692659,1097
粤B1FU16,114.365013,22.692659,1097
粤B1FU16,114.365013,22.692659,1103
粤B1FU16,114.365013,22.692659,1109
粤B1FU16,114.365013,22.692659,1113
粤B1FU16,114.365013,22.692659,1115
粤B1FU16,114.365013,22.692659,1121
粤B1FU16,114.365013,22.692659,1127
粤B1FU16,114.365013,22.692659,1133
粤B1FU16,114.365013,22.692659,1144
粤B1FU16,114.365013,22.692659,1145
粤B1FU16,114.365013,22.692659,1151
粤B1FU16,114.365013,22.692659,1157
粤B1FU16,114.365013,22.692659,1160
粤B1FU16,114.365013,22.692659,1163
粤B1FU16,114.365013,22.692659,1169
粤B1FU16,114.365013,22.692659,1175
粤B1FU16,114.365013,22.692659,1176
粤B1FU16,114.365013,22.692659,1181
粤B1FU16,114.365013,22.692659,1187
粤B1FU16,114.365013,22.692659,1191
粤B1FU16,114.365013,22.692659,1193
粤B1FU16,114.365013,22.692659,1198
粤B1FU16,114.365013,22.692659,1204
粤B1FU16,114.365013,22.692659,1207
粤B1FU16,114.365013,22.692659,1210
粤B1FU16,114.365013,22.692659,1216
粤B1FU16,114.365013,22.692659,1222
粤B1FU16,114.365013,22.692659,1223
粤B1FU16,114.365013,22.692659,1228
粤B1FU16,114.365013,22.692659,1234
粤B1FU16,114.365013,22.692659,1238
粤B1FU16,114.365013,22.692659,1240
粤B1FU16,114.365013,22.692659,1246
粤B1FU16,114.365013,22.692659,1252
粤B1FU16,114.365013,22.692659,1254
粤B1FU16,114.365013,22.692659,1258
粤B1FU16,114.365013,22.692659,1264
粤B1FU16,114.365013,22.692659,1270
粤B1FU16,114.365013,22.692659,1270
粤B1FU16,114.365013,22.692659,1276
粤B1FU16,114.365013,22.692659,1282
粤B1FU16,114.365013,22.692659,1286
粤B1FU16,114.365013,22.692659,1288
粤B1FU16,114.365013,22.692659,1294
粤B1FU16,114.365013,22.692659,1300
粤B1FU16,114.365013,22.692659,1301
粤B1FU16,114.365013,22.692659,1306
粤B1FU16,114.365013,22.692659,1312
粤B1FU16,114.365013,22.692659,1317
粤B1FU16,114.365013,22.692659,1318
粤B1FU16,114.365013,22.692659,1323
粤B1FU16,114.365013,22.692659,1329
粤B1FU16,114.365013,22.692659,1333
粤B1FU16,114.365013,22.692659,1335
粤B1FU16,114.365013,22.692659,1341
粤B1FU16,114.365013,22.692659,1347
粤B1FU16,114.365013,22.692659,1349
粤B1FU16,114.365013,22.692659,1353
粤B1FU16,114.365013,22.692659,1359
粤B1FU16,114.365013,22.692659,1365
粤B1FU16,114.365013,22.692659,1371
粤B1FU16,114.365013,22.692659,1377
粤B1FU16,114.365013,22.692659,1380
粤B1FU16,114.365013,22.692659,1383
粤B1FU16,114.365013,22.692659,1389
粤B1FU16,114.365013,22.692659,1395
粤B1FU16,114.365013,22.692659,1396
粤B1FU16,114.365013,22.692659,1401
粤B1FU16,114.365013,22.692659,1407
粤B1FU16,114.365013,22.692659,1412
粤B1FU16,114.365013,22.692659,1413
粤B1FU16,114.365013,22.692659,1419
粤B1FU16,114.365013,22.692659,1425
粤B1FU16,114.365013,22.692659,1431
粤B1FU16,114.365013,22.692659,1437
