粤B5ND92,113.889236,22.570553,4
粤B5ND92,113.854805,22.572033,8
粤B5ND92,113.853554,22.570475,8
粤B5ND92,113.856506,22.573414,9
粤B5ND92,113.861,22.578009,10
粤B5ND92,113.872704,22.586588,12
粤B5ND92,113.879494,22.579544,13
粤B5ND92,113.879494,22.579544,13
粤B5ND92,113.889236,22.570553,14
粤B5ND92,113.904968,22.555616,16
粤B5ND92,113.907272,22.550846,17
粤B5ND92,113.915375,22.554991,18
粤B5ND92,113.927498,22.555187,19
粤B5ND92,113.927498,22.555187,19
粤B5ND92,113.940208,22.55525,20
粤B5ND92,114.042892,22.564135,20
粤B5ND92,113.952431,22.556194,21
粤B5ND92,113.976715,22.556885,23
粤B5ND92,113.988152,22.559015,24
粤B5ND92,113.998207,22.555702,25
粤B5ND92,113.998207,22.555702,25
粤B5ND92,114.008842,22.557999,26
粤B5ND92,114.019966,22.560072,27
粤B5ND92,114.031754,22.561972,28
粤B5ND92,114.042892,22.564135,29
粤B5ND92,114.054321,22.56492,30
粤B5ND92,114.065239,22.568663,31
粤B5ND92,114.065239,22.568663,31
粤B5ND92,114.075706,22.571823,32
粤B5ND92,114.084724,22.570177,33
粤B5ND92,114.088882,22.562387,34
粤B5ND92,114.102165,22.543879,35
粤B5ND92,114.090454,22.559383,35
粤B5ND92,114.090736,22.558762,36
粤B5ND92,114.092834,22.558334,37
粤B5ND92,114.092834,22.558334,37
粤B5ND92,114.104233,22.553438,40
粤B5ND92,114.105118,22.550173,41
粤B5ND92,114.105049,22.549686,42
粤B5ND92,114.105049,22.549686,43
粤B5ND92,114.105095,22.549013,43
粤B5ND92,114.105942,22.546518,44
粤B5ND92,114.102165,22.543879,45
粤B5ND92,114.099945,22.543474,46
粤B5ND92,114.099556,22.541344,47
粤B5ND92,114.096878,22.538187,48
粤B5ND92,114.096878,22.538187,49
粤B5ND92,114.085915,22.537458,49
粤B5ND92,113.949402,22.52393,51
粤B5ND92,114.068817,22.531816,51
粤B5ND92,114.045616,22.531403,53
粤B5ND92,114.033554,22.530172,54
粤B5ND92,114.033554,22.530172,55
粤B5ND92,114.010231,22.52989,56
粤B5ND92,113.99736,22.529205,57
粤B5ND92,113.986465,22.523895,58
粤B5ND92,113.97374,22.522863,59
粤B5ND92,113.961494,22.522778,60
粤B5ND92,113.949402,22.52393,61
粤B5ND92,113.961494,22.522778,61
粤B5ND92,113.937477,22.524815,62
粤B5ND92,113.919601,22.52696,64
粤B5ND92,113.919983,22.535076,66
粤B5ND92,113.898743,22.56321,67
粤B5ND92,113.898682,22.563208,67
粤B5ND92,113.919983,22.535076,67
粤B5ND92,113.91539,22.543512,68
粤B5ND92,113.907501,22.552258,69
粤B5ND92,113.909119,22.549446,69
粤B5ND92,113.903908,22.557386,70
粤B5ND92,113.901611,22.560205,71
粤B5ND92,113.898911,22.562992,72
粤B5ND92,113.898911,22.562992,73
粤B5ND92,113.898933,22.563057,73
粤B5ND92,113.898743,22.563198,75
粤B5ND92,113.898682,22.563208,76
粤B5ND92,113.898743,22.56321,77
粤B5ND92,113.898743,22.563183,78
粤B5ND92,113.898743,22.563183,79
粤B5ND92,113.898872,22.563238,79
粤B5ND92,113.898758,22.563248,80
粤B5ND92,113.898697,22.563223,81
粤B5ND92,113.898773,22.563259,82
粤B5ND92,113.898659,22.563229,83
粤B5ND92,113.898605,22.563185,84
粤B5ND92,113.898605,22.563185,84
粤B5ND92,113.89875,22.563274,85
粤B5ND92,113.898727,22.563263,86
粤B5ND92,113.898712,22.563267,87
粤B5ND92,113.898689,22.563263,88
粤B5ND92,113.898651,22.563257,89
粤B5ND92,113.898659,22.563282,90
粤B5ND92,113.898659,22.563282,90
粤B5ND92,113.898628,22.563314,91
粤B5ND92,113.89859,22.563398,92
粤B5ND92,113.898605,22.563362,92
粤B5ND92,113.896606,22.565271,93
粤B5ND92,113.891342,22.570463,94
粤B5ND92,113.892738,22.571714,95
粤B5ND92,113.892754,22.571779,95
粤B5ND92,113.892776,22.571909,96
粤B5ND92,113.892776,22.571909,96
粤B5ND92,113.893494,22.57168,97
粤B5ND92,113.897491,22.570353,98
粤B5ND92,113.893539,22.571789,98
粤B5ND92,113.893753,22.571873,99
粤B5ND92,113.895226,22.570677,100
粤B5ND92,113.89624,22.569695,101
粤B5ND92,113.897491,22.570341,102
粤B5ND92,113.897491,22.570341,102
粤B5ND92,113.897484,22.570328,103
粤B5ND92,113.897453,22.570322,104
粤B5ND92,113.897484,22.570353,105
粤B5ND92,113.897507,22.570353,106
粤B5ND92,113.897491,22.570374,107
粤B5ND92,113.897491,22.570353,108
粤B5ND92,113.897491,22.570353,108
粤B5ND92,113.897491,22.57033,109
粤B5ND92,113.897499,22.570309,110
粤B5ND92,113.897537,22.570354,111
粤B5ND92,113.897545,22.570335,112
粤B5ND92,113.897514,22.570362,113
粤B5ND92,113.898613,22.571302,114
粤B5ND92,113.899818,22.558456,114
粤B5ND92,113.898613,22.571302,114
粤B5ND92,113.902023,22.569107,115
粤B5ND92,113.899597,22.566883,116
粤B5ND92,113.901199,22.564604,117
粤B5ND92,113.897911,22.563906,118
粤B5ND92,113.893852,22.567999,120
粤B5ND92,113.893852,22.567999,120
粤B5ND92,113.893509,22.568371,120
粤B5ND92,113.898033,22.563765,121
粤B5ND92,113.898003,22.563824,121
粤B5ND92,113.900269,22.563761,122
粤B5ND92,113.902008,22.564032,123
粤B5ND92,113.899818,22.558456,124
粤B5ND92,113.894554,22.559395,125
粤B5ND92,113.891479,22.561874,126
粤B5ND92,113.891479,22.561874,126
粤B5ND92,113.891411,22.561943,127
粤B5ND92,113.891411,22.561932,128
粤B5ND92,113.891418,22.561941,129
粤B5ND92,113.891449,22.561949,130
粤B5ND92,113.891495,22.562012,130
粤B5ND92,113.891388,22.561888,131
粤B5ND92,113.891403,22.561899,132
粤B5ND92,113.891403,22.561899,132
粤B5ND92,113.891434,22.561928,133
粤B5ND92,113.891396,22.561916,134
粤B5ND92,113.891441,22.561981,136
粤B5ND92,113.891426,22.561953,137
粤B5ND92,113.891434,22.561954,138
粤B5ND92,113.891434,22.561954,138
粤B5ND92,113.891449,22.561949,139
粤B5ND92,113.891434,22.561945,140
粤B5ND92,113.891441,22.561932,140
粤B5ND92,113.89296,22.566002,141
粤B5ND92,113.886757,22.573032,142
粤B5ND92,113.876945,22.58231,143
粤B5ND92,113.869087,22.591618,144
粤B5ND92,113.869087,22.591618,144
粤B5ND92,113.863113,22.6015,145
粤B5ND92,113.842323,22.603785,145
粤B5ND92,113.852646,22.604849,147
粤B5ND92,113.848511,22.606428,148
粤B5ND92,113.850121,22.607008,148
粤B5ND92,113.848488,22.606421,149
粤B5ND92,113.84861,22.605413,150
粤B5ND92,113.84861,22.605413,150
粤B5ND92,113.848625,22.603434,151
粤B5ND92,113.848618,22.603432,152
粤B5ND92,113.84861,22.603388,153
粤B5ND92,113.845108,22.600742,154
粤B5ND92,113.842323,22.603785,155
粤B5ND92,113.840614,22.607199,156
粤B5ND92,113.840614,22.607199,156
粤B5ND92,113.836693,22.615396,157
粤B5ND92,113.829643,22.633217,159
粤B5ND92,113.821899,22.645029,160
粤B5ND92,113.81076,22.716537,161
粤B5ND92,113.816345,22.653467,161
粤B5ND92,113.815384,22.654552,162
粤B5ND92,113.816345,22.653467,162
粤B5ND92,113.811089,22.660408,163
粤B5ND92,113.801903,22.670261,164
粤B5ND92,113.801086,22.676352,165
粤B5ND92,113.801178,22.678843,166
粤B5ND92,113.801178,22.678843,168
粤B5ND92,113.808823,22.695236,168
粤B5ND92,113.810303,22.713537,170
粤B5ND92,113.81076,22.716537,171
粤B5ND92,113.813782,22.722992,172
粤B5ND92,113.818909,22.730799,174
粤B5ND92,113.820068,22.738262,175
粤B5ND92,113.82119,22.746214,176
粤B5ND92,113.82151,22.752499,177
粤B5ND92,113.819855,22.753723,178
粤B5ND92,113.819366,22.762815,179
粤B5ND92,113.819366,22.762815,180
粤B5ND92,113.815552,22.770866,181
粤B5ND92,113.810867,22.774242,182
粤B5ND92,113.806274,22.778208,183
粤B5ND92,113.793846,22.787466,187
粤B5ND92,113.792732,22.786777,188
粤B5ND92,113.79274,22.786776,189
粤B5ND92,113.787453,22.783367,190
粤B5ND92,113.783646,22.780975,191
粤B5ND92,113.78019,22.779146,192
粤B5ND92,113.803185,22.781193,192
粤B5ND92,113.803185,22.781193,193
粤B5ND92,113.780678,22.775238,193
粤B5ND92,113.780647,22.775263,194
粤B5ND92,113.780754,22.775761,195
粤B5ND92,113.783318,22.780624,196
粤B5ND92,113.787758,22.783415,197
粤B5ND92,113.803185,22.781193,198
粤B5ND92,113.792664,22.786167,198
粤B5ND92,113.799942,22.791035,199
粤B5ND92,113.804588,22.79414,200
粤B5ND92,113.80088,22.791876,201
粤B5ND92,113.79628,22.788677,202
粤B5ND92,113.802238,22.781572,203
粤B5ND92,113.803185,22.781193,204
粤B5ND92,113.806725,22.777145,204
粤B5ND92,113.813599,22.771627,205
粤B5ND92,113.813667,22.771576,206
粤B5ND92,113.819855,22.767555,207
粤B5ND92,113.82589,22.768118,208
粤B5ND92,113.803185,22.781193,208
粤B5ND92,113.830048,22.768574,209
粤B5ND92,113.803185,22.781193,210
粤B5ND92,113.839615,22.770557,210
粤B5ND92,113.842583,22.771152,211
粤B5ND92,113.844719,22.764006,212
粤B5ND92,113.843155,22.754484,213
粤B5ND92,113.842575,22.747831,214
粤B5ND92,113.84021,22.739138,215
粤B5ND92,113.803185,22.781193,216
粤B5ND92,113.838005,22.732079,216
粤B5ND92,113.836166,22.727325,217
粤B5ND92,113.833649,22.721287,218
粤B5ND92,113.82943,22.712915,219
粤B5ND92,113.827522,22.704185,220
粤B5ND92,113.827728,22.695158,221
粤B5ND92,113.827599,22.691296,222
粤B5ND92,113.803185,22.781193,222
粤B5ND92,113.823456,22.681753,223
粤B5ND92,113.823318,22.673031,224
粤B5ND92,113.803185,22.781193,224
粤B5ND92,113.823341,22.673002,225
粤B5ND92,113.82338,22.672745,226
粤B5ND92,113.822807,22.662863,227
粤B5ND92,113.803185,22.781193,228
粤B5ND92,113.824181,22.651901,228
粤B5ND92,113.832207,22.641705,229
粤B5ND92,113.840935,22.632561,230
粤B5ND92,113.845009,22.626366,231
粤B5ND92,113.845032,22.626102,232
粤B5ND92,113.847084,22.623262,233
粤B5ND92,113.850754,22.617659,234
粤B5ND92,113.803185,22.781193,234
粤B5ND92,113.856628,22.615738,235
粤B5ND92,113.857353,22.613703,236
粤B5ND92,113.861084,22.609962,237
粤B5ND92,113.868423,22.60264,238
粤B5ND92,113.87075,22.595589,239
粤B5ND92,113.803185,22.781193,240
粤B5ND92,113.803185,22.781193,240
粤B5ND92,113.871658,22.59145,240
粤B5ND92,113.875374,22.586388,241
粤B5ND92,113.875313,22.586502,242
粤B5ND92,113.875259,22.586498,243
粤B5ND92,113.875206,22.586477,244
粤B5ND92,113.875114,22.586557,245
粤B5ND92,113.803185,22.781193,246
粤B5ND92,113.875046,22.586622,246
粤B5ND92,113.874977,22.586622,247
粤B5ND92,113.874878,22.586775,248
粤B5ND92,113.874901,22.586765,249
粤B5ND92,113.874954,22.58679,250
粤B5ND92,113.874947,22.586828,251
粤B5ND92,113.803185,22.781193,251
粤B5ND92,113.874962,22.586784,252
粤B5ND92,113.874954,22.586773,253
粤B5ND92,113.87484,22.586857,254
粤B5ND92,113.803185,22.781193,255
粤B5ND92,113.871796,22.588251,255
粤B5ND92,113.867218,22.583923,256
粤B5ND92,113.870232,22.582611,257
粤B5ND92,113.803185,22.781193,257
粤B5ND92,113.883118,22.573574,262
粤B5ND92,113.887917,22.568892,263
粤B5ND92,113.803185,22.781193,263
粤B5ND92,113.891037,22.565271,264
粤B5ND92,113.887016,22.561777,265
粤B5ND92,113.887016,22.561764,266
粤B5ND92,113.882362,22.557655,267
粤B5ND92,113.87709,22.556313,268
粤B5ND92,113.803185,22.781193,269
粤B5ND92,113.876579,22.549683,269
粤B5ND92,113.876579,22.549683,270
粤B5ND92,113.803185,22.781193,271
粤B5ND92,113.88015,22.552605,271
粤B5ND92,113.876671,22.549648,272
粤B5ND92,113.876671,22.549633,273
粤B5ND92,113.876663,22.549643,274
粤B5ND92,113.876656,22.549643,275
粤B5ND92,113.803185,22.781193,275
粤B5ND92,113.876656,22.549627,276
粤B5ND92,113.876656,22.549627,277
粤B5ND92,113.876678,22.549623,278
粤B5ND92,113.876884,22.552462,279
粤B5ND92,113.877014,22.555866,280
粤B5ND92,113.803185,22.781193,281
粤B5ND92,113.876999,22.55588,281
粤B5ND92,113.876999,22.55588,282
粤B5ND92,113.878113,22.559835,283
粤B5ND92,113.882179,22.557753,284
粤B5ND92,113.882721,22.557787,285
粤B5ND92,113.886505,22.561033,286
粤B5ND92,113.803185,22.781193,287
粤B5ND92,113.803185,22.781193,287
粤B5ND92,113.889458,22.56348,287
粤B5ND92,113.895256,22.558926,288
粤B5ND92,113.896385,22.559635,289
粤B5ND92,113.894905,22.559147,290
粤B5ND92,113.891434,22.561922,291
粤B5ND92,113.891464,22.561972,292
粤B5ND92,113.891464,22.561991,293
粤B5ND92,113.803185,22.781193,293
粤B5ND92,113.891472,22.561975,294
粤B5ND92,113.891495,22.562008,295
粤B5ND92,113.891495,22.56204,296
粤B5ND92,113.891487,22.561983,297
粤B5ND92,113.89151,22.561987,298
粤B5ND92,113.89151,22.562073,299
粤B5ND92,113.803185,22.781193,299
粤B5ND92,113.89151,22.562025,300
粤B5ND92,113.891495,22.561998,301
粤B5ND92,113.891502,22.561995,302
粤B5ND92,113.891495,22.562038,303
粤B5ND92,113.803185,22.781193,303
粤B5ND92,113.891479,22.562016,304
粤B5ND92,113.891418,22.562,305
粤B5ND92,113.891365,22.562004,306
粤B5ND92,113.89135,22.562019,307
粤B5ND92,113.891426,22.562035,308
粤B5ND92,113.891457,22.562019,309
粤B5ND92,113.890411,22.56447,310
粤B5ND92,113.803185,22.781193,311
粤B5ND92,113.895576,22.570442,311
粤B5ND92,113.895836,22.575371,312
粤B5ND92,113.894814,22.576439,313
粤B5ND92,113.892387,22.57893,314
粤B5ND92,113.886162,22.585112,315
粤B5ND92,113.887665,22.588547,316
粤B5ND92,113.887039,22.593094,317
粤B5ND92,113.803185,22.781193,317
粤B5ND92,113.803185,22.781193,318
粤B5ND92,113.888535,22.593113,323
粤B5ND92,113.803185,22.781193,323
粤B5ND92,113.888847,22.591333,324
粤B5ND92,113.889709,22.589392,325
粤B5ND92,113.891556,22.584951,326
粤B5ND92,113.892838,22.585281,327
粤B5ND92,113.893715,22.585512,328
粤B5ND92,113.8937,22.585514,329
粤B5ND92,113.803185,22.781193,329
粤B5ND92,113.893562,22.58552,330
粤B5ND92,113.803185,22.781193,334
粤B5ND92,113.893692,22.585472,334
粤B5ND92,113.893707,22.58555,335
粤B5ND92,113.803185,22.781193,335
粤B5ND92,113.893639,22.585426,336
粤B5ND92,113.893684,22.585436,338
粤B5ND92,113.893867,22.585419,339
粤B5ND92,113.89547,22.585432,340
粤B5ND92,113.803185,22.781193,341
粤B5ND92,113.896278,22.58552,341
粤B5ND92,113.896194,22.585567,342
粤B5ND92,113.896194,22.585606,344
粤B5ND92,113.896172,22.585596,345
粤B5ND92,113.803185,22.781193,347
粤B5ND92,113.895149,22.585527,348
粤B5ND92,113.803185,22.781193,350
粤B5ND92,113.89447,22.585609,351
粤B5ND92,113.803185,22.781193,353
粤B5ND92,113.894218,22.585501,355
粤B5ND92,113.894028,22.585518,356
粤B5ND92,113.894005,22.585503,357
粤B5ND92,113.893906,22.585466,358
粤B5ND92,113.89389,22.585449,359
粤B5ND92,113.803185,22.781193,359
粤B5ND92,113.893806,22.585424,361
粤B5ND92,113.893753,22.585411,362
粤B5ND92,113.893806,22.585409,363
粤B5ND92,113.893829,22.585421,364
粤B5ND92,113.803185,22.781193,365
粤B5ND92,113.893509,22.585449,366
粤B5ND92,113.803185,22.781193,366
粤B5ND92,113.893585,22.585436,367
粤B5ND92,113.893555,22.58547,368
粤B5ND92,113.893555,22.585432,369
粤B5ND92,113.893677,22.585432,370
粤B5ND92,113.803185,22.781193,371
粤B5ND92,113.893562,22.585436,371
粤B5ND92,113.893501,22.585485,372
粤B5ND92,113.893509,22.585487,373
粤B5ND92,113.893501,22.585461,374
粤B5ND92,113.893539,22.585476,375
粤B5ND92,113.893478,22.585499,376
粤B5ND92,113.893929,22.585459,377
粤B5ND92,113.803185,22.781193,377
粤B5ND92,113.89399,22.585405,378
粤B5ND92,113.893997,22.585403,379
粤B5ND92,113.893639,22.585495,380
粤B5ND92,113.893509,22.585478,381
粤B5ND92,113.803185,22.781193,381
粤B5ND92,113.893585,22.585472,382
粤B5ND92,113.893547,22.585463,383
粤B5ND92,113.803185,22.781193,383
粤B5ND92,113.893456,22.585443,384
粤B5ND92,113.893501,22.585522,385
粤B5ND92,113.893494,22.585472,386
粤B5ND92,113.893501,22.585478,387
粤B5ND92,113.893471,22.585468,388
粤B5ND92,113.803185,22.781193,388
粤B5ND92,113.893539,22.585476,389
粤B5ND92,113.893494,22.585537,390
粤B5ND92,113.893509,22.585503,392
粤B5ND92,113.893501,22.585505,393
粤B5ND92,113.803185,22.781193,394
粤B5ND92,113.893555,22.585461,394
粤B5ND92,113.893539,22.585468,395
粤B5ND92,113.893654,22.585417,396
粤B5ND92,113.803185,22.781193,397
粤B5ND92,113.893745,22.585375,397
粤B5ND92,113.893692,22.585396,398
粤B5ND92,113.893661,22.585419,399
粤B5ND92,113.803185,22.781193,400
粤B5ND92,113.893745,22.585377,400
粤B5ND92,113.893639,22.585443,401
粤B5ND92,113.89357,22.585497,402
粤B5ND92,113.893524,22.585447,403
粤B5ND92,113.893585,22.585421,404
粤B5ND92,113.893654,22.585367,405
粤B5ND92,113.893631,22.585377,406
粤B5ND92,113.803185,22.781193,406
粤B5ND92,113.8936,22.585403,407
粤B5ND92,113.893593,22.585398,408
粤B5ND92,113.89357,22.585402,409
粤B5ND92,113.8936,22.585413,410
粤B5ND92,113.89357,22.585432,411
粤B5ND92,113.803185,22.781193,412
粤B5ND92,113.893555,22.585442,412
粤B5ND92,113.893585,22.585428,413
粤B5ND92,113.803185,22.781193,413
粤B5ND92,113.893547,22.585503,414
粤B5ND92,113.893547,22.585508,415
粤B5ND92,113.893555,22.585472,416
粤B5ND92,113.893555,22.585503,417
粤B5ND92,113.893532,22.585487,418
粤B5ND92,113.803185,22.781193,418
粤B5ND92,113.893509,22.585537,419
粤B5ND92,113.893486,22.585571,420
粤B5ND92,113.893471,22.585537,421
粤B5ND92,113.893547,22.585478,422
粤B5ND92,113.893555,22.585463,423
粤B5ND92,113.89357,22.585468,424
粤B5ND92,113.803185,22.781193,424
粤B5ND92,113.893578,22.585482,425
粤B5ND92,113.893539,22.585489,426
粤B5ND92,113.893532,22.585497,427
粤B5ND92,113.893539,22.585505,428
粤B5ND92,113.803185,22.781193,429
粤B5ND92,113.893532,22.585503,429
粤B5ND92,113.893539,22.585487,430
粤B5ND92,113.803185,22.781193,430
粤B5ND92,113.893547,22.585501,431
粤B5ND92,113.89357,22.585487,432
粤B5ND92,113.893578,22.585472,433
粤B5ND92,113.893585,22.58548,434
粤B5ND92,113.8936,22.585487,435
粤B5ND92,113.893585,22.585495,436
粤B5ND92,113.803185,22.781193,436
粤B5ND92,113.893593,22.585495,437
粤B5ND92,113.893593,22.585499,438
粤B5ND92,113.893616,22.585487,439
粤B5ND92,113.893578,22.585485,440
粤B5ND92,113.893585,22.585503,441
粤B5ND92,113.893585,22.585527,442
粤B5ND92,113.803185,22.781193,442
粤B5ND92,113.89357,22.585512,443
粤B5ND92,113.8936,22.585468,444
粤B5ND92,113.803185,22.781193,444
粤B5ND92,113.893616,22.585396,445
粤B5ND92,113.893669,22.585337,446
粤B5ND92,113.8937,22.585293,447
粤B5ND92,113.803185,22.781193,448
粤B5ND92,113.89373,22.585217,448
粤B5ND92,113.8937,22.585207,449
粤B5ND92,113.893715,22.585173,450
粤B5ND92,113.893784,22.585146,451
粤B5ND92,113.893906,22.585211,452
粤B5ND92,113.893806,22.585268,453
粤B5ND92,113.803185,22.781193,454
粤B5ND92,113.893761,22.585299,454
粤B5ND92,113.893707,22.585285,455
粤B5ND92,113.893753,22.585314,456
粤B5ND92,113.893631,22.585367,457
粤B5ND92,113.893944,22.585327,458
粤B5ND92,113.893791,22.585333,459
粤B5ND92,113.893738,22.585293,460
粤B5ND92,113.893806,22.585424,460
粤B5ND92,113.803185,22.781193,460
粤B5ND92,113.893791,22.58531,461
粤B5ND92,113.893982,22.585407,462
粤B5ND92,113.89399,22.58547,463
粤B5ND92,113.893913,22.585482,464
粤B5ND92,113.893669,22.585485,465
粤B5ND92,113.89399,22.585407,466
粤B5ND92,113.803185,22.781193,466
粤B5ND92,113.893639,22.585432,467
粤B5ND92,113.893631,22.585384,468
粤B5ND92,113.893661,22.585379,469
粤B5ND92,113.893669,22.585405,470
粤B5ND92,113.893661,22.585438,471
粤B5ND92,113.893547,22.585478,472
粤B5ND92,113.893646,22.585484,472
粤B5ND92,113.893623,22.585482,473
粤B5ND92,113.8936,22.585438,474
粤B5ND92,113.893616,22.585438,475
粤B5ND92,113.8936,22.585459,476
粤B5ND92,113.893623,22.585463,477
粤B5ND92,113.893623,22.585463,478
粤B5ND92,113.893616,22.585432,478
粤B5ND92,113.893593,22.585423,479
粤B5ND92,113.893639,22.585438,480
粤B5ND92,113.893745,22.58548,481
粤B5ND92,113.893608,22.585464,482
粤B5ND92,113.893639,22.585472,488
粤B5ND92,113.8936,22.585466,489
粤B5ND92,113.8936,22.585466,489
粤B5ND92,113.89373,22.585621,490
粤B5ND92,113.8937,22.585449,491
粤B5ND92,113.8936,22.585466,492
粤B5ND92,113.892639,22.584946,492
粤B5ND92,113.890244,22.584469,493
粤B5ND92,113.88932,22.586143,494
粤B5ND92,113.8936,22.585466,495
粤B5ND92,113.889206,22.583677,495
粤B5ND92,113.888405,22.583158,496
粤B5ND92,113.887794,22.582605,497
粤B5ND92,113.885651,22.580736,498
粤B5ND92,113.885338,22.580458,499
粤B5ND92,113.881035,22.576771,500
粤B5ND92,113.8936,22.585466,501
粤B5ND92,113.88076,22.576536,501
粤B5ND92,113.879662,22.575661,502
粤B5ND92,113.879463,22.575453,503
粤B5ND92,113.878304,22.574383,504
粤B5ND92,113.877762,22.573917,505
粤B5ND92,113.87677,22.573048,506
粤B5ND92,113.8936,22.585466,507
粤B5ND92,113.876801,22.573055,507
粤B5ND92,113.863586,22.568771,508
粤B5ND92,113.867226,22.56579,508
粤B5ND92,113.875664,22.572109,508
粤B5ND92,113.875664,22.572098,509
粤B5ND92,113.875664,22.572092,510
粤B5ND92,113.87175,22.568916,511
粤B5ND92,113.870857,22.568117,512
粤B5ND92,113.870239,22.567497,513
粤B5ND92,113.8936,22.585466,513
粤B5ND92,113.867226,22.56579,514
粤B5ND92,113.863586,22.568771,515
粤B5ND92,113.865936,22.571648,516
粤B5ND92,113.867577,22.570412,517
粤B5ND92,113.869087,22.569193,518
粤B5ND92,113.870422,22.568119,519
粤B5ND92,113.870422,22.568119,519
粤B5ND92,113.870415,22.568115,520
粤B5ND92,113.873009,22.566067,521
粤B5ND92,113.87542,22.562428,522
粤B5ND92,113.872818,22.560637,523
粤B5ND92,113.854698,22.553802,523
粤B5ND92,113.8722,22.561203,523
粤B5ND92,113.869316,22.563967,524
粤B5ND92,113.866249,22.563334,525
粤B5ND92,113.866249,22.563334,525
粤B5ND92,113.865768,22.56284,526
粤B5ND92,113.862129,22.558817,527
粤B5ND92,113.856468,22.556368,528
粤B5ND92,113.854698,22.553802,529
粤B5ND92,113.869209,22.576302,539
粤B5ND92,113.869934,22.575794,547
粤B5ND92,113.869209,22.576302,548
粤B5ND92,113.869209,22.576302,549
粤B5ND92,113.86467,22.579908,550
粤B5ND92,113.864296,22.580238,551
粤B5ND92,113.864754,22.581606,552
粤B5ND92,113.864861,22.581736,552
粤B5ND92,113.867065,22.583765,553
粤B5ND92,113.848846,22.621658,555
粤B5ND92,113.869606,22.585747,555
粤B5ND92,113.869606,22.585747,555
粤B5ND92,113.870338,22.586248,556
粤B5ND92,113.872467,22.587852,557
粤B5ND92,113.870834,22.5893,559
粤B5ND92,113.868317,22.593122,560
粤B5ND92,113.863892,22.600294,561
粤B5ND92,113.85865,22.607037,562
粤B5ND92,113.853775,22.614702,563
粤B5ND92,113.848846,22.621658,564
粤B5ND92,113.8452,22.626642,565
粤B5ND92,113.837135,22.637714,567
粤B5ND92,113.837135,22.637714,567
粤B5ND92,113.832947,22.641975,568
粤B5ND92,113.833557,22.641333,568
粤B5ND92,113.831772,22.643164,569
粤B5ND92,113.847031,22.623323,570
粤B5ND92,113.828476,22.647623,570
粤B5ND92,113.827065,22.649046,572
粤B5ND92,113.830849,22.643476,573
粤B5ND92,113.830849,22.643476,573
粤B5ND92,113.834198,22.639809,574
粤B5ND92,113.836655,22.637268,575
粤B5ND92,113.840225,22.633352,576
粤B5ND92,113.842766,22.630384,577
粤B5ND92,113.844559,22.627207,578
粤B5ND92,113.844826,22.626623,579
粤B5ND92,113.844826,22.626623,579
粤B5ND92,113.847031,22.623323,580
粤B5ND92,113.849098,22.620958,581
粤B5ND92,113.851463,22.618073,582
粤B5ND92,113.85334,22.614822,583
粤B5ND92,113.855675,22.610056,584
粤B5ND92,113.855675,22.610056,585
粤B5ND92,113.859856,22.605452,585
粤B5ND92,113.875359,22.583698,586
粤B5ND92,113.8619,22.602634,586
粤B5ND92,113.864433,22.598692,587
粤B5ND92,113.864281,22.598932,587
粤B5ND92,113.867065,22.594923,588
粤B5ND92,113.868484,22.592594,589
粤B5ND92,113.870293,22.589643,590
粤B5ND92,113.875359,22.583698,591
粤B5ND92,113.875359,22.583698,591
粤B5ND92,113.875259,22.583858,591
粤B5ND92,113.876892,22.581997,592
粤B5ND92,113.879768,22.579132,593
粤B5ND92,113.883224,22.576017,594
粤B5ND92,113.889503,22.570211,595
粤B5ND92,113.892578,22.566063,596
粤B5ND92,113.895737,22.56888,597
粤B5ND92,113.875359,22.583698,597
粤B5ND92,113.89856,22.567423,598
粤B5ND92,113.899879,22.566145,599
粤B5ND92,113.901764,22.564272,600
粤B5ND92,113.903778,22.562176,601
粤B5ND92,113.902626,22.56105,602
粤B5ND92,113.875359,22.583698,602
粤B5ND92,113.901947,22.560413,603
粤B5ND92,113.899323,22.56283,604
粤B5ND92,113.897453,22.564642,605
粤B5ND92,113.8974,22.565031,606
粤B5ND92,113.899368,22.56678,607
粤B5ND92,113.901672,22.568741,608
粤B5ND92,113.875359,22.583698,609
粤B5ND92,113.90287,22.569782,609
粤B5ND92,113.905891,22.571964,610
粤B5ND92,113.909492,22.571018,611
粤B5ND92,113.915436,22.573071,612
粤B5ND92,113.916046,22.574842,613
粤B5ND92,113.919083,22.572384,614
粤B5ND92,113.922646,22.568361,615
粤B5ND92,113.875359,22.583698,615
粤B5ND92,113.925758,22.566269,616
粤B5ND92,113.925941,22.566078,617
粤B5ND92,113.987213,22.586632,617
粤B5ND92,113.926117,22.56591,618
粤B5ND92,113.932655,22.565077,619
粤B5ND92,113.944717,22.565428,620
粤B5ND92,113.875359,22.583698,621
粤B5ND92,113.958015,22.563534,621
粤B5ND92,113.966614,22.568474,622
粤B5ND92,113.972771,22.585983,624
粤B5ND92,114.052727,22.592615,625
粤B5ND92,113.982635,22.586016,625
粤B5ND92,113.984871,22.586349,626
粤B5ND92,113.987213,22.586632,627
粤B5ND92,113.987213,22.586632,627
粤B5ND92,113.994118,22.588448,628
粤B5ND92,114.003922,22.59087,629
粤B5ND92,114.013855,22.590645,630
粤B5ND92,114.024208,22.59411,631
粤B5ND92,114.032639,22.594658,632
粤B5ND92,114.040764,22.592817,633
粤B5ND92,114.063713,22.605965,636
粤B5ND92,114.070755,22.611853,637
粤B5ND92,114.077194,22.619514,638
粤B5ND92,114.082321,22.627707,639
粤B5ND92,114.089584,22.630314,640
粤B5ND92,114.101486,22.626373,641
粤B5ND92,114.095749,22.631683,641
粤B5ND92,114.099274,22.629063,642
粤B5ND92,114.100983,22.626902,643
粤B5ND92,114.100983,22.626902,643
粤B5ND92,114.103722,22.622931,644
粤B5ND92,114.103897,22.622766,645
粤B5ND92,114.104065,22.622223,646
粤B5ND92,114.103874,22.622112,647
粤B5ND92,114.104134,22.622248,648
粤B5ND92,114.104294,22.622578,649
粤B5ND92,114.104294,22.622578,649
粤B5ND92,114.102036,22.624983,650
粤B5ND92,114.101486,22.626373,651
粤B5ND92,114.100769,22.627914,652
粤B5ND92,114.098465,22.630257,653
粤B5ND92,114.097145,22.631756,654
粤B5ND92,114.096497,22.632925,655
粤B5ND92,114.096497,22.632925,655
粤B5ND92,114.096161,22.633074,656
粤B5ND92,114.096107,22.633099,657
粤B5ND92,114.086029,22.630165,657
粤B5ND92,114.097923,22.630466,658
粤B5ND92,114.097969,22.630407,659
粤B5ND92,114.099182,22.62921,659
粤B5ND92,114.100883,22.62738,660
粤B5ND92,114.100883,22.627373,661
粤B5ND92,114.100883,22.627373,661
粤B5ND92,114.101105,22.627605,662
粤B5ND92,114.099289,22.6294,663
粤B5ND92,114.093651,22.632652,664
粤B5ND92,114.0867,22.630421,665
粤B5ND92,114.086082,22.630152,666
粤B5ND92,114.086029,22.630165,667
粤B5ND92,114.086029,22.630165,667
粤B5ND92,114.085709,22.630035,668
粤B5ND92,114.085213,22.629929,669
粤B5ND92,114.084671,22.629795,670
粤B5ND92,114.083717,22.629593,671
粤B5ND92,114.080109,22.626961,672
粤B5ND92,114.073799,22.617199,673
粤B5ND92,113.998993,22.590488,673
粤B5ND92,114.073799,22.617199,673
粤B5ND92,114.068909,22.609524,674
粤B5ND92,114.05899,22.602278,676
粤B5ND92,114.045174,22.592302,678
粤B5ND92,114.035065,22.594254,679
粤B5ND92,114.035065,22.594254,679
粤B5ND92,114.023109,22.593906,680
粤B5ND92,114.011803,22.590233,681
粤B5ND92,113.998993,22.590488,682
粤B5ND92,113.990906,22.587383,683
粤B5ND92,113.983566,22.586454,684
粤B5ND92,113.986214,22.589165,685
粤B5ND92,113.986214,22.589165,685
粤B5ND92,113.985672,22.589088,686
粤B5ND92,113.97596,22.587233,687
粤B5ND92,113.972221,22.58704,688
粤B5ND92,113.960808,22.585117,688
粤B5ND92,113.969231,22.585503,689
粤B5ND92,113.960808,22.585117,690
粤B5ND92,113.960808,22.585117,691
粤B5ND92,113.960815,22.585108,691
粤B5ND92,113.955383,22.583899,692
粤B5ND92,113.949982,22.583805,693
粤B5ND92,113.94989,22.583807,694
粤B5ND92,113.948875,22.583767,695
粤B5ND92,113.943779,22.583672,696
粤B5ND92,113.960808,22.585117,697
粤B5ND92,113.941162,22.583632,697
粤B5ND92,113.934097,22.583504,698
粤B5ND92,113.932899,22.583508,699
粤B5ND92,113.927284,22.584604,700
粤B5ND92,113.926064,22.584585,701
粤B5ND92,113.922134,22.58502,702
粤B5ND92,113.918564,22.587893,703
粤B5ND92,113.960808,22.585117,703
粤B5ND92,113.916519,22.590153,704
粤B5ND92,113.960808,22.585117,704
粤B5ND92,113.913315,22.589174,705
粤B5ND92,113.90773,22.58758,706
粤B5ND92,113.904388,22.587057,707
粤B5ND92,113.900345,22.585068,708
粤B5ND92,113.896851,22.583052,709
粤B5ND92,113.960808,22.585117,709
粤B5ND92,113.896286,22.582602,710
粤B5ND92,113.896362,22.582594,711
粤B5ND92,113.896332,22.582577,712
粤B5ND92,113.894814,22.583481,713
粤B5ND92,113.894165,22.584476,714
粤B5ND92,113.960808,22.585117,715
粤B5ND92,113.891228,22.584717,715
粤B5ND92,113.888443,22.58811,716
粤B5ND92,113.887215,22.588408,717
粤B5ND92,113.882133,22.589252,718
粤B5ND92,113.879349,22.589712,719
粤B5ND92,113.879318,22.589743,720
粤B5ND92,113.878853,22.589663,721
粤B5ND92,113.879318,22.589743,721
粤B5ND92,113.878181,22.589468,722
粤B5ND92,113.878197,22.589447,723
粤B5ND92,113.878212,22.589409,724
粤B5ND92,113.87825,22.589401,725
粤B5ND92,113.878242,22.589396,726
粤B5ND92,113.878242,22.589396,727
粤B5ND92,113.878235,22.589397,727
粤B5ND92,113.878227,22.589403,728
粤B5ND92,113.878242,22.589418,729
粤B5ND92,113.87825,22.589428,730
粤B5ND92,113.878235,22.589443,731
粤B5ND92,113.878235,22.589437,732
粤B5ND92,113.878235,22.589437,733
粤B5ND92,113.87822,22.589441,734
粤B5ND92,113.87822,22.589464,735
粤B5ND92,113.87822,22.58946,736
粤B5ND92,113.87822,22.589458,736
粤B5ND92,113.87822,22.589453,737
粤B5ND92,113.878212,22.589451,738
粤B5ND92,113.878212,22.589451,739
粤B5ND92,113.878204,22.589451,739
粤B5ND92,113.878227,22.589451,740
粤B5ND92,113.878212,22.589449,741
粤B5ND92,113.87822,22.589453,742
粤B5ND92,113.878212,22.589447,743
粤B5ND92,113.87822,22.589457,744
粤B5ND92,113.87822,22.589457,745
粤B5ND92,113.87822,22.58946,745
粤B5ND92,113.878227,22.589462,746
粤B5ND92,113.878227,22.589458,747
粤B5ND92,113.878242,22.589455,748
粤B5ND92,113.878227,22.589468,749
粤B5ND92,113.878235,22.589437,750
粤B5ND92,113.878242,22.589441,751
粤B5ND92,113.878235,22.589437,751
粤B5ND92,113.87825,22.589451,751
粤B5ND92,113.87825,22.589439,752
粤B5ND92,113.878265,22.589441,753
粤B5ND92,113.878258,22.589453,754
粤B5ND92,113.878258,22.589447,755
粤B5ND92,113.878258,22.589457,756
粤B5ND92,113.878273,22.58946,757
粤B5ND92,113.878258,22.589457,757
粤B5ND92,113.878281,22.58946,758
粤B5ND92,113.878258,22.58946,759
粤B5ND92,113.87825,22.589451,761
粤B5ND92,113.878242,22.589462,762
粤B5ND92,113.878242,22.589462,763
粤B5ND92,113.878258,22.58947,763
粤B5ND92,113.878265,22.58947,764
粤B5ND92,113.878265,22.589474,765
粤B5ND92,113.878288,22.589462,766
粤B5ND92,113.878304,22.589453,767
粤B5ND92,113.87825,22.589455,767
粤B5ND92,113.878296,22.589441,768
粤B5ND92,113.878265,22.589436,769
粤B5ND92,113.878296,22.589441,769
粤B5ND92,113.878235,22.589451,770
粤B5ND92,113.87822,22.58946,771
粤B5ND92,113.878227,22.589455,772
粤B5ND92,113.878242,22.589464,773
粤B5ND92,113.87825,22.58946,774
粤B5ND92,113.87825,22.58946,775
粤B5ND92,113.87825,22.58946,775
粤B5ND92,113.87825,22.589453,776
粤B5ND92,113.87825,22.589455,777
粤B5ND92,113.878258,22.589441,778
粤B5ND92,113.87825,22.589422,779
粤B5ND92,113.878265,22.589376,780
粤B5ND92,113.878235,22.589378,781
粤B5ND92,113.878265,22.589376,781
粤B5ND92,113.878242,22.589407,782
粤B5ND92,113.878181,22.589437,783
粤B5ND92,113.87822,22.589415,783
粤B5ND92,113.878197,22.589436,783
粤B5ND92,113.878197,22.589422,784
粤B5ND92,113.878212,22.589428,785
粤B5ND92,113.87822,22.589418,786
粤B5ND92,113.87822,22.589418,787
粤B5ND92,113.878242,22.589407,787
粤B5ND92,113.87825,22.58938,788
粤B5ND92,113.878235,22.589397,789
粤B5ND92,113.87822,22.58942,790
粤B5ND92,113.878212,22.589437,791
粤B5ND92,113.878197,22.589436,792
粤B5ND92,113.878197,22.589436,793
粤B5ND92,113.878181,22.589437,793
粤B5ND92,113.878197,22.589443,794
粤B5ND92,113.878197,22.589428,795
粤B5ND92,113.878212,22.589418,796
粤B5ND92,113.878204,22.589428,797
粤B5ND92,113.878227,22.589436,798
粤B5ND92,113.878204,22.589449,798
粤B5ND92,113.87825,22.589424,799
粤B5ND92,113.878227,22.589436,799
粤B5ND92,113.878258,22.589418,800
粤B5ND92,113.878258,22.589439,801
粤B5ND92,113.878281,22.589451,802
粤B5ND92,113.878296,22.589458,803
粤B5ND92,113.878227,22.589449,805
粤B5ND92,113.87822,22.589422,805
粤B5ND92,113.87822,22.589413,806
粤B5ND92,113.87822,22.589428,807
粤B5ND92,113.878204,22.589449,808
粤B5ND92,113.878204,22.589415,809
粤B5ND92,113.878181,22.589413,810
粤B5ND92,113.878181,22.589413,811
粤B5ND92,113.878181,22.589432,811
粤B5ND92,113.878189,22.589453,812
粤B5ND92,113.878204,22.589422,813
粤B5ND92,113.878197,22.589434,814
粤B5ND92,113.878189,22.589394,815
粤B5ND92,113.878174,22.589397,816
粤B5ND92,113.878166,22.589375,817
粤B5ND92,113.878174,22.589397,817
粤B5ND92,113.878197,22.589373,818
粤B5ND92,113.878181,22.589413,819
粤B5ND92,113.878204,22.58943,820
粤B5ND92,113.878212,22.589396,821
粤B5ND92,113.878181,22.589422,822
粤B5ND92,113.878204,22.589436,823
粤B5ND92,113.878181,22.589422,823
粤B5ND92,113.878204,22.589441,824
粤B5ND92,113.878235,22.589437,825
粤B5ND92,113.878212,22.589462,826
粤B5ND92,113.878212,22.589447,827
粤B5ND92,113.87822,22.589424,828
粤B5ND92,113.87822,22.589424,829
粤B5ND92,113.878227,22.589443,829
粤B5ND92,113.878235,22.58946,830
粤B5ND92,113.87822,22.589434,832
粤B5ND92,113.878212,22.589434,833
粤B5ND92,113.87822,22.589447,834
粤B5ND92,113.87822,22.589462,835
粤B5ND92,113.87822,22.589447,835
粤B5ND92,113.878204,22.589422,836
粤B5ND92,113.878197,22.589373,837
粤B5ND92,113.878212,22.589422,844
粤B5ND92,113.878235,22.589428,845
粤B5ND92,113.878242,22.589392,846
粤B5ND92,113.878235,22.589375,847
粤B5ND92,113.878227,22.589407,847
粤B5ND92,113.87825,22.589375,848
粤B5ND92,113.878235,22.589352,849
粤B5ND92,113.87825,22.589376,850
粤B5ND92,113.878258,22.589375,851
粤B5ND92,113.878258,22.58938,852
粤B5ND92,113.878265,22.589371,853
粤B5ND92,113.878258,22.58938,853
粤B5ND92,113.87825,22.589399,854
粤B5ND92,113.878242,22.589392,855
粤B5ND92,113.878227,22.589376,856
粤B5ND92,113.87822,22.589384,857
粤B5ND92,113.878212,22.589396,858
粤B5ND92,113.878212,22.589396,858
粤B5ND92,113.878204,22.589403,859
粤B5ND92,113.878197,22.589445,860
粤B5ND92,113.878197,22.589462,861
粤B5ND92,113.87822,22.589458,861
粤B5ND92,113.87822,22.589453,862
粤B5ND92,113.878227,22.589418,863
粤B5ND92,113.878242,22.589422,864
粤B5ND92,113.878242,22.589422,864
粤B5ND92,113.878227,22.589403,865
粤B5ND92,113.878212,22.589478,866
粤B5ND92,113.878204,22.589499,867
粤B5ND92,113.87822,22.589478,868
粤B5ND92,113.878227,22.589491,869
粤B5ND92,113.878235,22.58946,870
粤B5ND92,113.878235,22.58946,870
粤B5ND92,113.87822,22.589458,871
粤B5ND92,113.878235,22.58943,872
粤B5ND92,113.87825,22.589422,874
粤B5ND92,113.878242,22.589417,875
粤B5ND92,113.878235,22.58943,876
粤B5ND92,113.878235,22.58943,876
粤B5ND92,113.878235,22.589476,877
粤B5ND92,113.878235,22.589447,877
粤B5ND92,113.878235,22.589451,878
粤B5ND92,113.878235,22.589458,879
粤B5ND92,113.878235,22.589462,880
粤B5ND92,113.878235,22.589457,881
粤B5ND92,113.878242,22.589436,882
粤B5ND92,113.878235,22.589457,882
粤B5ND92,113.878258,22.589424,883
粤B5ND92,113.87825,22.589453,884
粤B5ND92,113.87825,22.589468,885
粤B5ND92,113.878242,22.589474,886
粤B5ND92,113.878235,22.589476,887
粤B5ND92,113.878235,22.589476,888
粤B5ND92,113.878235,22.589476,888
粤B5ND92,113.87825,22.589472,889
粤B5ND92,113.87825,22.589457,891
粤B5ND92,113.878265,22.589451,892
粤B5ND92,113.87825,22.589447,893
粤B5ND92,113.878235,22.589453,894
粤B5ND92,113.878235,22.589453,894
粤B5ND92,113.878227,22.589434,895
粤B5ND92,113.878235,22.589441,896
粤B5ND92,113.878235,22.589436,897
粤B5ND92,113.878258,22.589415,898
粤B5ND92,113.878235,22.589422,899
粤B5ND92,113.878235,22.589428,908
粤B5ND92,113.878235,22.589417,911
粤B5ND92,113.878235,22.589417,912
粤B5ND92,113.87822,22.589409,912
粤B5ND92,113.878212,22.589394,913
粤B5ND92,113.878227,22.58942,914
粤B5ND92,113.878227,22.589434,915
粤B5ND92,113.87822,22.589434,916
粤B5ND92,113.87822,22.589428,917
粤B5ND92,113.878235,22.589428,918
粤B5ND92,113.87822,22.589428,918
粤B5ND92,113.878235,22.589434,919
粤B5ND92,113.878242,22.589451,920
粤B5ND92,113.87825,22.589479,921
粤B5ND92,113.87825,22.589447,922
粤B5ND92,113.87822,22.589428,923
粤B5ND92,113.878212,22.589428,924
粤B5ND92,113.878212,22.589428,924
粤B5ND92,113.87822,22.589422,924
粤B5ND92,113.878204,22.589411,925
粤B5ND92,113.87822,22.589415,926
粤B5ND92,113.87822,22.589445,927
粤B5ND92,113.87822,22.589428,928
粤B5ND92,113.87825,22.589413,929
粤B5ND92,113.878258,22.589422,930
粤B5ND92,113.878258,22.589422,930
粤B5ND92,113.87825,22.58943,931
粤B5ND92,113.87822,22.58943,932
粤B5ND92,113.87822,22.589436,933
粤B5ND92,113.87822,22.589422,934
粤B5ND92,113.878235,22.589409,935
粤B5ND92,113.878235,22.589409,936
粤B5ND92,113.878235,22.589439,936
粤B5ND92,113.878227,22.589437,937
粤B5ND92,113.87822,22.589413,938
粤B5ND92,113.87822,22.589396,940
粤B5ND92,113.87822,22.589413,942
粤B5ND92,113.87822,22.589388,944
粤B5ND92,113.878212,22.589397,945
粤B5ND92,113.878212,22.589432,946
粤B5ND92,113.87822,22.589449,947
粤B5ND92,113.87822,22.589424,948
粤B5ND92,113.87822,22.589424,948
粤B5ND92,113.878227,22.589422,949
粤B5ND92,113.87822,22.589396,950
粤B5ND92,113.87822,22.589403,951
粤B5ND92,113.87822,22.589428,952
粤B5ND92,113.878212,22.589392,953
粤B5ND92,113.878212,22.589392,954
粤B5ND92,113.878204,22.589378,954
粤B5ND92,113.87822,22.589394,955
粤B5ND92,113.878212,22.589382,956
粤B5ND92,113.878204,22.589422,956
粤B5ND92,113.878212,22.589409,957
粤B5ND92,113.878235,22.58938,958
粤B5ND92,113.878235,22.589405,959
粤B5ND92,113.87822,22.589401,960
粤B5ND92,113.878235,22.589405,960
粤B5ND92,113.87822,22.589422,961
粤B5ND92,113.878204,22.589422,965
粤B5ND92,113.878212,22.58943,966
粤B5ND92,113.878204,22.589422,966
粤B5ND92,113.878227,22.58943,967
粤B5ND92,113.878235,22.589439,968
粤B5ND92,113.878235,22.589422,970
粤B5ND92,113.878258,22.589417,971
粤B5ND92,113.878242,22.589418,972
粤B5ND92,113.878258,22.589411,972
粤B5ND92,113.878258,22.589411,972
粤B5ND92,113.87825,22.589415,973
粤B5ND92,113.87825,22.58942,974
粤B5ND92,113.878242,22.589422,975
粤B5ND92,113.878242,22.589405,977
粤B5ND92,113.87825,22.589413,978
粤B5ND92,113.87825,22.589413,978
粤B5ND92,113.87825,22.589409,979
粤B5ND92,113.878242,22.589407,980
粤B5ND92,113.878242,22.589418,981
粤B5ND92,113.878235,22.58942,982
粤B5ND92,113.878235,22.58942,984
粤B5ND92,113.878242,22.589411,984
粤B5ND92,113.878242,22.589396,985
粤B5ND92,113.878235,22.589407,986
粤B5ND92,113.878235,22.589413,987
粤B5ND92,113.87822,22.589397,989
粤B5ND92,113.87822,22.589397,990
粤B5ND92,113.878227,22.589397,990
粤B5ND92,113.878227,22.589401,991
粤B5ND92,113.878227,22.589397,992
粤B5ND92,113.878212,22.589413,993
粤B5ND92,113.87822,22.589411,996
粤B5ND92,113.878212,22.589413,996
粤B5ND92,113.87822,22.589422,997
粤B5ND92,113.878227,22.589411,998
粤B5ND92,113.878235,22.589437,999
粤B5ND92,113.87822,22.589424,1000
粤B5ND92,113.878204,22.58943,1001
粤B5ND92,113.878204,22.58943,1002
粤B5ND92,113.878197,22.589455,1003
粤B5ND92,113.878204,22.589437,1003
粤B5ND92,113.87822,22.589451,1006
粤B5ND92,113.878204,22.589441,1008
粤B5ND92,113.878204,22.589464,1008
粤B5ND92,113.878189,22.58942,1009
粤B5ND92,113.878204,22.589418,1010
粤B5ND92,113.878197,22.589407,1011
粤B5ND92,113.878197,22.589413,1012
粤B5ND92,113.878197,22.589455,1013
粤B5ND92,113.878197,22.589455,1014
粤B5ND92,113.878197,22.589437,1014
粤B5ND92,113.878174,22.589468,1016
粤B5ND92,113.878166,22.589478,1017
粤B5ND92,113.878181,22.589487,1018
粤B5ND92,113.878197,22.589493,1019
粤B5ND92,113.878189,22.589424,1019
粤B5ND92,113.878197,22.589468,1020
粤B5ND92,113.878197,22.589493,1020
粤B5ND92,113.878197,22.58943,1030
粤B5ND92,113.878197,22.589453,1031
粤B5ND92,113.878197,22.589453,1032
粤B5ND92,113.878204,22.589458,1033
粤B5ND92,113.878189,22.589453,1034
粤B5ND92,113.878204,22.589441,1034
粤B5ND92,113.878189,22.58946,1035
粤B5ND92,113.878204,22.589451,1036
粤B5ND92,113.878197,22.58946,1037
粤B5ND92,113.878197,22.58946,1038
粤B5ND92,113.878204,22.589462,1038
粤B5ND92,113.878204,22.589464,1039
粤B5ND92,113.878189,22.589462,1040
粤B5ND92,113.878204,22.589462,1041
粤B5ND92,113.878189,22.589457,1042
粤B5ND92,113.878189,22.589451,1043
粤B5ND92,113.878189,22.589453,1044
粤B5ND92,113.878189,22.589451,1044
粤B5ND92,113.878204,22.58946,1045
粤B5ND92,113.878204,22.589462,1046
粤B5ND92,113.878212,22.589474,1047
粤B5ND92,113.878212,22.589481,1048
粤B5ND92,113.878204,22.589478,1049
粤B5ND92,113.878181,22.589476,1050
粤B5ND92,113.878571,22.591955,1050
粤B5ND92,113.878204,22.589478,1050
粤B5ND92,113.878197,22.589447,1051
粤B5ND92,113.878197,22.589447,1052
粤B5ND92,113.878143,22.589413,1054
粤B5ND92,113.879341,22.589693,1055
粤B5ND92,113.879341,22.589693,1056
粤B5ND92,113.876282,22.586815,1056
粤B5ND92,113.873825,22.588037,1057
粤B5ND92,113.876053,22.590542,1058
粤B5ND92,113.878563,22.591942,1059
粤B5ND92,113.878571,22.591955,1060
粤B5ND92,113.878532,22.591949,1061
粤B5ND92,113.878532,22.591949,1062
粤B5ND92,113.878532,22.591942,1062
粤B5ND92,113.879761,22.591303,1063
粤B5ND92,113.882629,22.588512,1064
粤B5ND92,113.883995,22.587152,1065
粤B5ND92,113.8909,22.589811,1066
粤B5ND92,113.886177,22.588062,1068
粤B5ND92,113.890594,22.589678,1069
粤B5ND92,113.890907,22.589827,1070
粤B5ND92,113.890915,22.589836,1071
粤B5ND92,113.890915,22.589825,1072
粤B5ND92,113.89093,22.589821,1074
粤B5ND92,113.890961,22.589806,1074
粤B5ND92,113.8909,22.589811,1075
粤B5ND92,113.885551,22.587725,1077
粤B5ND92,113.884544,22.58709,1078
粤B5ND92,113.884521,22.587107,1079
粤B5ND92,113.884521,22.587107,1080
粤B5ND92,113.887161,22.583975,1080
粤B5ND92,113.888077,22.583168,1081
粤B5ND92,113.896805,22.565022,1082
粤B5ND92,113.89492,22.568504,1082
粤B5ND92,113.888969,22.582148,1082
粤B5ND92,113.888969,22.582136,1082
粤B5ND92,113.891487,22.579742,1083
粤B5ND92,113.891914,22.579203,1084
粤B5ND92,113.891922,22.57921,1085
粤B5ND92,113.894379,22.576818,1086
粤B5ND92,113.891922,22.57921,1086
粤B5ND92,113.896889,22.574293,1087
粤B5ND92,113.898361,22.571381,1088
粤B5ND92,113.898598,22.571568,1088
粤B5ND92,113.895897,22.570103,1089
粤B5ND92,113.89492,22.568504,1090
粤B5ND92,113.89492,22.568504,1092
粤B5ND92,113.896805,22.565022,1092
粤B5ND92,113.899406,22.563164,1093
粤B5ND92,113.900833,22.564135,1094
粤B5ND92,113.901321,22.564501,1095
粤B5ND92,113.901283,22.564442,1095
粤B5ND92,113.900017,22.565853,1096
粤B5ND92,113.899414,22.566471,1097
粤B5ND92,113.899414,22.566471,1098
粤B5ND92,113.898476,22.571217,1098
粤B5ND92,113.896591,22.569464,1098
粤B5ND92,113.898582,22.571301,1099
粤B5ND92,113.899544,22.571571,1100
粤B5ND92,113.901871,22.568914,1101
粤B5ND92,113.899475,22.566557,1102
粤B5ND92,113.900749,22.565348,1104
粤B5ND92,113.900658,22.565477,1104
粤B5ND92,113.899818,22.563494,1105
粤B5ND92,113.897255,22.563028,1106
粤B5ND92,113.896698,22.563393,1107
粤B5ND92,113.897118,22.563128,1107
粤B5ND92,113.891663,22.568262,1108
粤B5ND92,113.886215,22.573645,1109
粤B5ND92,113.880478,22.579239,1110
粤B5ND92,113.886215,22.573645,1110
粤B5ND92,113.881348,22.578245,1110
粤B5ND92,113.880272,22.579342,1111
粤B5ND92,113.879112,22.5805,1112
粤B5ND92,113.878654,22.580877,1113
粤B5ND92,113.892998,22.572908,1113
粤B5ND92,113.877769,22.58176,1114
粤B5ND92,113.877113,22.584692,1115
粤B5ND92,113.877113,22.584692,1116
粤B5ND92,113.881508,22.580908,1117
粤B5ND92,113.881142,22.581158,1117
粤B5ND92,113.885071,22.576717,1118
粤B5ND92,113.887672,22.575188,1119
粤B5ND92,113.889427,22.576685,1120
粤B5ND92,113.893196,22.577843,1121
粤B5ND92,113.893539,22.577473,1121
粤B5ND92,113.89521,22.575869,1122
粤B5ND92,113.893539,22.577473,1122
粤B5ND92,113.892998,22.572908,1123
粤B5ND92,113.895988,22.56942,1124
粤B5ND92,113.89563,22.570263,1124
粤B5ND92,113.892487,22.567417,1125
粤B5ND92,113.891075,22.565226,1126
粤B5ND92,113.888763,22.563286,1127
粤B5ND92,113.889015,22.563555,1127
粤B5ND92,113.889282,22.563711,1127
粤B5ND92,113.889015,22.563555,1128
粤B5ND92,113.887955,22.562613,1128
粤B5ND92,113.887245,22.562042,1129
粤B5ND92,113.88678,22.561857,1130
粤B5ND92,113.884583,22.563927,1131
粤B5ND92,113.879997,22.568422,1132
粤B5ND92,113.880867,22.567476,1132
粤B5ND92,113.880966,22.569677,1133
粤B5ND92,113.880966,22.569677,1134
粤B5ND92,113.882515,22.570553,1134
粤B5ND92,113.886459,22.566727,1135
粤B5ND92,113.889107,22.563648,1136
粤B5ND92,113.887085,22.561811,1137
粤B5ND92,113.883118,22.558149,1144
粤B5ND92,113.883316,22.558403,1144
粤B5ND92,113.886276,22.560938,1145
粤B5ND92,113.88118,22.584578,1145
粤B5ND92,113.882469,22.582987,1145
粤B5ND92,113.888977,22.563274,1146
粤B5ND92,113.886276,22.560938,1146
粤B5ND92,113.892143,22.565874,1147
粤B5ND92,113.891678,22.56834,1148
粤B5ND92,113.884834,22.574764,1149
粤B5ND92,113.878784,22.580578,1150
粤B5ND92,113.878258,22.581139,1151
粤B5ND92,113.878258,22.581139,1152
粤B5ND92,113.879547,22.582952,1152
粤B5ND92,113.880547,22.585236,1153
粤B5ND92,113.881271,22.584627,1153
粤B5ND92,113.88118,22.584578,1154
粤B5ND92,113.882462,22.583002,1155
粤B5ND92,113.882469,22.582987,1155
粤B5ND92,113.882027,22.582653,1156
粤B5ND92,113.882301,22.582705,1157
粤B5ND92,113.882301,22.582705,1157
粤B5ND92,113.883499,22.581892,1158
粤B5ND92,113.881981,22.581919,1159
粤B5ND92,113.881462,22.582373,1160
粤B5ND92,113.881073,22.582256,1161
粤B5ND92,113.881271,22.582283,1162
粤B5ND92,113.881241,22.582216,1163
粤B5ND92,113.881241,22.582216,1163
粤B5ND92,113.881889,22.582388,1164
粤B5ND92,113.882347,22.580666,1165
粤B5ND92,113.883369,22.578888,1166
粤B5ND92,113.887306,22.574493,1167
粤B5ND92,113.892548,22.56917,1168
粤B5ND92,113.896217,22.565548,1169
粤B5ND92,113.896217,22.565548,1169
粤B5ND92,113.896225,22.564316,1170
粤B5ND92,113.876633,22.582638,1173
粤B5ND92,113.872261,22.588943,1174
粤B5ND92,113.871986,22.587524,1175
粤B5ND92,113.871986,22.587524,1175
粤B5ND92,113.875137,22.584,1176
粤B5ND92,113.875366,22.58367,1176
粤B5ND92,113.87603,22.582941,1177
粤B5ND92,113.877731,22.579304,1178
粤B5ND92,113.876289,22.578636,1179
粤B5ND92,113.878143,22.579626,1180
粤B5ND92,113.879639,22.579254,1181
粤B5ND92,113.879639,22.579254,1181
粤B5ND92,113.883209,22.575905,1182
粤B5ND92,113.882652,22.571365,1183
粤B5ND92,113.882843,22.570251,1184
粤B5ND92,113.885963,22.567198,1185
粤B5ND92,113.889259,22.563843,1186
粤B5ND92,113.886978,22.561777,1187
粤B5ND92,113.886978,22.561777,1187
粤B5ND92,113.885849,22.560865,1188
粤B5ND92,113.885925,22.560953,1188
粤B5ND92,113.88118,22.558792,1189
粤B5ND92,113.878242,22.561586,1190
粤B5ND92,113.876663,22.563116,1191
粤B5ND92,113.875328,22.564251,1192
粤B5ND92,113.875648,22.563978,1192
粤B5ND92,113.874725,22.564795,1193
粤B5ND92,113.874725,22.564795,1193
粤B5ND92,113.877502,22.568258,1194
粤B5ND92,113.878372,22.564962,1195
粤B5ND92,113.876572,22.563387,1196
粤B5ND92,113.874611,22.56489,1197
粤B5ND92,113.872879,22.566259,1199
粤B5ND92,113.872879,22.566259,1199
粤B5ND92,113.87294,22.566208,1199
粤B5ND92,113.87117,22.567657,1200
粤B5ND92,113.869598,22.568855,1201
粤B5ND92,113.866623,22.571259,1202
粤B5ND92,113.865929,22.57188,1203
粤B5ND92,113.864342,22.573059,1204
粤B5ND92,113.859985,22.576624,1205
粤B5ND92,113.859985,22.576624,1205
粤B5ND92,113.857979,22.578222,1206
粤B5ND92,113.856926,22.57329,1207
粤B5ND92,113.854744,22.581114,1207
粤B5ND92,113.854469,22.585512,1208
粤B5ND92,113.854362,22.585213,1208
粤B5ND92,113.854454,22.585503,1209
粤B5ND92,113.852646,22.583563,1210
粤B5ND92,113.854332,22.581179,1211
粤B5ND92,113.854332,22.581179,1211
粤B5ND92,113.857109,22.578856,1212
粤B5ND92,113.850731,22.571995,1214
粤B5ND92,113.853142,22.574572,1215
粤B5ND92,113.856926,22.57329,1216
粤B5ND92,113.856926,22.57329,1217
粤B5ND92,113.867279,22.570667,1218
粤B5ND92,113.871559,22.567198,1219
粤B5ND92,113.872833,22.564325,1220
粤B5ND92,113.872841,22.564264,1221
粤B5ND92,113.872841,22.56424,1222
粤B5ND92,113.872711,22.564243,1223
粤B5ND92,113.872704,22.564228,1223
粤B5ND92,113.872841,22.56424,1223
粤B5ND92,113.872879,22.564215,1224
粤B5ND92,113.87294,22.564133,1226
粤B5ND92,113.87291,22.564177,1227
粤B5ND92,113.872765,22.564192,1228
粤B5ND92,113.872765,22.564192,1229
粤B5ND92,113.872696,22.564213,1230
粤B5ND92,113.872704,22.564228,1231
粤B5ND92,113.872696,22.564222,1232
粤B5ND92,113.872711,22.564243,1233
粤B5ND92,113.872704,22.564228,1234
粤B5ND92,113.871841,22.563816,1234
粤B5ND92,113.871841,22.563816,1235
粤B5ND92,113.87178,22.568495,1235
粤B5ND92,113.875069,22.571335,1236
粤B5ND92,113.877174,22.573347,1237
粤B5ND92,113.896637,22.569357,1239
粤B5ND92,113.886818,22.579107,1239
粤B5ND92,113.88736,22.577408,1240
粤B5ND92,113.889153,22.57686,1241
粤B5ND92,113.88736,22.577408,1241
粤B5ND92,113.891853,22.574076,1242
粤B5ND92,113.895004,22.570957,1243
粤B5ND92,113.896149,22.56983,1244
粤B5ND92,113.900185,22.570969,1245
粤B5ND92,113.901268,22.568411,1246
粤B5ND92,113.901192,22.568325,1246
粤B5ND92,113.901192,22.568325,1247
粤B5ND92,113.898712,22.567482,1247
粤B5ND92,113.896675,22.569372,1248
粤B5ND92,113.896637,22.569357,1249
粤B5ND92,113.896889,22.573109,1251
粤B5ND92,113.897606,22.572041,1251
粤B5ND92,113.893173,22.573042,1253
粤B5ND92,113.896568,22.573406,1253
粤B5ND92,113.88974,22.563942,1255
粤B5ND92,113.895844,22.569237,1255
粤B5ND92,113.889664,22.56395,1255
粤B5ND92,113.894104,22.568027,1256
粤B5ND92,113.894844,22.566959,1257
粤B5ND92,113.89492,22.566933,1258
粤B5ND92,113.89492,22.566933,1259
粤B5ND92,113.894981,22.566917,1259
粤B5ND92,113.895004,22.566923,1260
粤B5ND92,113.895348,22.566597,1261
粤B5ND92,113.895065,22.566879,1261
粤B5ND92,113.896416,22.564447,1262
粤B5ND92,113.893127,22.567501,1263
粤B5ND92,113.889664,22.56395,1264
粤B5ND92,113.889664,22.56395,1264
粤B5ND92,113.88974,22.563942,1265
粤B5ND92,113.887619,22.562262,1266
粤B5ND92,113.884315,22.564255,1267
粤B5ND92,113.877594,22.569901,1268
粤B5ND92,113.875832,22.57147,1269
粤B5ND92,113.875832,22.571493,1270
粤B5ND92,113.853867,22.56913,1270
粤B5ND92,113.875832,22.571493,1270
粤B5ND92,113.855782,22.572376,1271
粤B5ND92,113.87381,22.570683,1271
粤B5ND92,113.870804,22.568163,1272
粤B5ND92,113.870789,22.568125,1273
粤B5ND92,113.868149,22.565348,1274
粤B5ND92,113.868156,22.565342,1275
粤B5ND92,113.868156,22.565346,1275
粤B5ND92,113.867729,22.564892,1276
粤B5ND92,113.867767,22.564938,1276
粤B5ND92,113.867729,22.564892,1276
粤B5ND92,113.865196,22.562712,1277
粤B5ND92,113.859779,22.564232,1278
粤B5ND92,113.853867,22.56913,1280
粤B5ND92,113.855782,22.572376,1281
粤B5ND92,113.855782,22.572384,1281
粤B5ND92,113.855942,22.572693,1282
粤B5ND92,113.855942,22.572693,1282
粤B5ND92,113.856087,22.572809,1283
粤B5ND92,113.856415,22.573332,1284
粤B5ND92,113.858139,22.572308,1285
粤B5ND92,113.862961,22.568821,1286
粤B5ND92,113.87468,22.589579,1286
粤B5ND92,113.863106,22.568905,1287
粤B5ND92,113.860725,22.570578,1288
粤B5ND92,113.860725,22.570578,1288
粤B5ND92,113.860153,22.570908,1289
粤B5ND92,113.857986,22.572603,1289
粤B5ND92,113.857353,22.574186,1290
粤B5ND92,113.859451,22.576397,1291
粤B5ND92,113.860474,22.577391,1292
粤B5ND92,113.863297,22.580305,1293
粤B5ND92,113.864532,22.581596,1294
粤B5ND92,113.864532,22.581596,1294
粤B5ND92,113.867592,22.584229,1295
粤B5ND92,113.87468,22.589579,1296
粤B5ND92,113.883728,22.593006,1298
粤B5ND92,113.891571,22.593327,1299
粤B5ND92,113.891571,22.593327,1300
粤B5ND92,113.900711,22.592653,1301
粤B5ND92,113.948151,22.58353,1302
粤B5ND92,113.91478,22.590322,1303
粤B5ND92,113.922188,22.584723,1306
粤B5ND92,113.922188,22.584723,1306
粤B5ND92,113.924759,22.584328,1307
粤B5ND92,113.932411,22.583401,1308
粤B5ND92,113.943008,22.583481,1309
粤B5ND92,113.944176,22.583506,1310
粤B5ND92,113.94812,22.583527,1311
粤B5ND92,113.948151,22.583523,1311
粤B5ND92,113.948151,22.58353,1312
粤B5ND92,113.948151,22.58353,1312
粤B5ND92,113.948158,22.583744,1313
粤B5ND92,113.938156,22.58359,1316
粤B5ND92,113.92688,22.584623,1317
粤B5ND92,113.904373,22.579121,1318
粤B5ND92,113.924431,22.584587,1318
粤B5ND92,113.924431,22.584587,1318
粤B5ND92,113.908363,22.580032,1318
粤B5ND92,113.918343,22.588116,1319
粤B5ND92,113.918327,22.588102,1320
粤B5ND92,113.917038,22.587481,1321
粤B5ND92,113.911186,22.582474,1322
粤B5ND92,113.909477,22.580908,1323
粤B5ND92,113.908859,22.580467,1324
粤B5ND92,113.908859,22.580467,1324
粤B5ND92,113.908897,22.580435,1325
粤B5ND92,113.908485,22.580122,1326
粤B5ND92,113.908363,22.580032,1327
粤B5ND92,113.904373,22.579121,1328
粤B5ND92,113.901939,22.581562,1329
粤B5ND92,113.901939,22.581562,1330
粤B5ND92,113.897263,22.585924,1331
粤B5ND92,113.89476,22.585379,1332
粤B5ND92,113.893188,22.585072,1333
粤B5ND92,113.89325,22.585093,1333
粤B5ND92,113.89772,22.564428,1333
粤B5ND92,113.889206,22.583618,1334
粤B5ND92,113.889046,22.582079,1336
粤B5ND92,113.889046,22.582079,1336
粤B5ND92,113.892006,22.579044,1337
粤B5ND92,113.895607,22.575237,1338
粤B5ND92,113.901756,22.569313,1341
粤B5ND92,113.901932,22.569073,1341
粤B5ND92,113.900246,22.567284,1342
粤B5ND92,113.900246,22.567284,1342
粤B5ND92,113.89772,22.564428,1343
粤B5ND92,113.901031,22.560896,1344
粤B5ND92,113.900764,22.561283,1345
粤B5ND92,113.900764,22.561268,1346
粤B5ND92,113.900772,22.561277,1346
粤B5ND92,113.89933,22.562515,1347
粤B5ND92,113.89727,22.564728,1348
粤B5ND92,113.89933,22.562515,1348
粤B5ND92,113.900642,22.561293,1349
粤B5ND92,113.899261,22.566715,1349
粤B5ND92,113.898514,22.57135,1350
粤B5ND92,113.89872,22.571459,1351
粤B5ND92,113.901909,22.568945,1352
粤B5ND92,113.900833,22.565134,1354
粤B5ND92,113.901909,22.568945,1354
粤B5ND92,113.903458,22.562426,1355
粤B5ND92,113.903679,22.562363,1356
粤B5ND92,113.903725,22.562435,1357
粤B5ND92,113.903931,22.562307,1358
粤B5ND92,113.900642,22.561293,1359
粤B5ND92,113.900482,22.563988,1360
粤B5ND92,113.900642,22.561293,1360
粤B5ND92,113.901016,22.564453,1361
粤B5ND92,113.90107,22.564489,1362
粤B5ND92,113.901093,22.564499,1363
粤B5ND92,113.9011,22.56448,1364
粤B5ND92,113.9011,22.564465,1365
粤B5ND92,113.9011,22.564465,1366
粤B5ND92,113.901154,22.564547,1366
粤B5ND92,113.901161,22.564528,1367
粤B5ND92,113.901176,22.564543,1368
粤B5ND92,113.901176,22.564545,1369
粤B5ND92,113.901176,22.564548,1370
粤B5ND92,113.901169,22.564554,1371
粤B5ND92,113.901169,22.564554,1372
粤B5ND92,113.901131,22.564537,1372
粤B5ND92,113.901123,22.564568,1373
粤B5ND92,113.900429,22.565573,1374
粤B5ND92,113.894447,22.56756,1376
粤B5ND92,113.897095,22.564747,1378
粤B5ND92,113.898048,22.562403,1378
粤B5ND92,113.897057,22.563206,1379
粤B5ND92,113.895447,22.564297,1381
粤B5ND92,113.89415,22.563988,1381
粤B5ND92,113.894051,22.564133,1383
粤B5ND92,113.894051,22.564133,1384
粤B5ND92,113.894272,22.56389,1384
粤B5ND92,113.89418,22.563925,1385
粤B5ND92,113.89415,22.563919,1386
粤B5ND92,113.894119,22.563877,1387
粤B5ND92,113.894157,22.56386,1388
粤B5ND92,113.89415,22.563988,1389
粤B5ND92,113.89415,22.563988,1390
粤B5ND92,113.894173,22.563906,1391
粤B5ND92,113.894142,22.563934,1392
粤B5ND92,113.894165,22.56385,1393
粤B5ND92,113.894196,22.563856,1394
粤B5ND92,113.894218,22.563854,1395
粤B5ND92,113.894218,22.563854,1396
粤B5ND92,113.894165,22.563868,1396
粤B5ND92,113.900658,22.570517,1396
粤B5ND92,113.894249,22.563814,1397
粤B5ND92,113.894646,22.563457,1398
粤B5ND92,113.892715,22.561043,1399
粤B5ND92,113.889854,22.563448,1400
粤B5ND92,113.889679,22.563568,1401
粤B5ND92,113.889679,22.563568,1402
粤B5ND92,113.891243,22.562105,1402
粤B5ND92,113.891464,22.561916,1402
粤B5ND92,113.891037,22.565086,1403
粤B5ND92,113.896133,22.569347,1404
粤B5ND92,113.898392,22.571211,1405
粤B5ND92,113.900574,22.57058,1405
粤B5ND92,113.900658,22.570517,1406
粤B5ND92,113.901276,22.569902,1407
粤B5ND92,113.901276,22.569902,1407
粤B5ND92,113.901299,22.569866,1408
粤B5ND92,113.901291,22.56987,1409
粤B5ND92,113.901299,22.569843,1410
粤B5ND92,113.901268,22.569862,1411
粤B5ND92,113.901245,22.569868,1412
粤B5ND92,113.893822,22.577457,1412
粤B5ND92,113.901245,22.569836,1413
粤B5ND92,113.901245,22.569836,1413
粤B5ND92,113.901283,22.569855,1414
粤B5ND92,113.901276,22.569836,1415
粤B5ND92,113.901253,22.569828,1416
粤B5ND92,113.901268,22.569817,1417
粤B5ND92,113.901306,22.56982,1418
粤B5ND92,113.901947,22.569242,1419
粤B5ND92,113.901947,22.569242,1419
粤B5ND92,113.89959,22.571716,1420
粤B5ND92,113.899445,22.57184,1420
粤B5ND92,113.898621,22.572655,1421
粤B5ND92,113.893822,22.577457,1422
粤B5ND92,113.889023,22.576208,1423
粤B5ND92,113.883659,22.578541,1424
粤B5ND92,113.88279,22.579437,1425
粤B5ND92,113.882629,22.580812,1426
粤B5ND92,113.879372,22.582392,1427
粤B5ND92,113.87635,22.585346,1428
粤B5ND92,113.876534,22.586988,1429
粤B5ND92,113.875717,22.586283,1430
粤B5ND92,113.873848,22.586012,1431
粤B5ND92,113.873848,22.586012,1431
粤B5ND92,113.872452,22.588072,1432
粤B5ND92,113.874596,22.584743,1433
粤B5ND92,113.891457,22.568268,1435
粤B5ND92,113.904488,22.556154,1437
