粤B097YP,114.063148,22.535208,78
粤B097YP,114.063148,22.535208,82
粤B097YP,114.063148,22.535208,84
粤B097YP,114.063148,22.535208,90
粤B097YP,114.044968,22.526566,92
粤B097YP,114.047897,22.531199,93
粤B097YP,114.047897,22.531199,96
粤B097YP,114.047897,22.531199,98
粤B097YP,114.047897,22.531199,102
粤B097YP,114.047897,22.531199,108
粤B097YP,114.047897,22.531199,114
粤B097YP,114.039986,22.523846,114
粤B097YP,114.043297,22.523726,118
粤B097YP,114.039986,22.523846,119
粤B097YP,114.047897,22.531199,120
粤B097YP,114.039986,22.523846,126
粤B097YP,114.039986,22.523846,130
粤B097YP,114.039986,22.523846,132
粤B097YP,114.039986,22.523846,138
粤B097YP,114.039986,22.523846,144
粤B097YP,114.039986,22.523846,145
粤B097YP,114.039986,22.523846,150
粤B097YP,114.039986,22.523846,156
粤B097YP,114.039986,22.523846,161
粤B097YP,114.039986,22.523846,162
粤B097YP,114.039986,22.523846,168
粤B097YP,114.039986,22.523846,174
粤B097YP,114.039986,22.523846,180
粤B097YP,114.039986,22.523846,192
粤B097YP,114.039986,22.523846,197
粤B097YP,114.039986,22.523846,203
粤B097YP,114.039986,22.523846,208
粤B097YP,114.039986,22.523846,209
粤B097YP,114.039986,22.523846,215
粤B097YP,114.039986,22.523846,221
粤B097YP,114.058952,22.520948,221
粤B097YP,114.058456,22.521414,222
粤B097YP,114.058456,22.521414,224
粤B097YP,114.058456,22.521414,227
粤B097YP,114.058456,22.521414,233
粤B097YP,114.058456,22.521414,239
粤B097YP,114.024696,22.527044,240
粤B097YP,114.058456,22.521414,245
粤B097YP,114.024696,22.527044,248
粤B097YP,114.023865,22.525734,248
粤B097YP,114.024696,22.527044,251
粤B097YP,114.024696,22.527044,255
粤B097YP,114.024696,22.527044,257
粤B097YP,114.024696,22.527044,263
粤B097YP,114.024696,22.527044,269
粤B097YP,114.070915,22.531693,271
粤B097YP,114.070915,22.531693,271
粤B097YP,114.070915,22.531693,275
粤B097YP,114.070915,22.531693,281
粤B097YP,114.070915,22.531693,287
粤B097YP,114.044624,22.535091,287
粤B097YP,114.070915,22.531693,293
粤B097YP,114.044319,22.546043,295
粤B097YP,114.044624,22.535091,296
粤B097YP,114.044624,22.535091,299
粤B097YP,114.044624,22.535091,303
粤B097YP,114.044624,22.535091,305
粤B097YP,114.044624,22.535091,311
粤B097YP,113.994019,22.546688,316
粤B097YP,114.044624,22.535091,317
粤B097YP,113.979919,22.554193,317
粤B097YP,113.979919,22.554193,319
粤B097YP,113.979919,22.554193,323
粤B097YP,113.979919,22.554193,329
粤B097YP,113.809494,22.627554,334
粤B097YP,113.979919,22.554193,335
粤B097YP,113.809814,22.627687,336
粤B097YP,113.809494,22.627554,337
粤B097YP,113.809494,22.627554,340
粤B097YP,113.809494,22.627554,346
粤B097YP,113.932983,22.524797,350
粤B097YP,113.809494,22.627554,352
粤B097YP,113.809494,22.627554,358
粤B097YP,113.932983,22.524797,359
粤B097YP,113.932983,22.524797,364
粤B097YP,113.932983,22.524797,366
粤B097YP,113.932983,22.524797,370
粤B097YP,113.932983,22.524797,376
粤B097YP,113.932983,22.524797,381
粤B097YP,113.932983,22.524797,382
粤B097YP,113.932983,22.524797,388
粤B097YP,113.932983,22.524797,394
粤B097YP,114.019539,22.526785,397
粤B097YP,113.932983,22.524797,400
粤B097YP,114.019539,22.526785,405
粤B097YP,114.019539,22.526785,406
粤B097YP,114.019539,22.526785,412
粤B097YP,114.019539,22.526785,413
粤B097YP,114.019539,22.526785,418
粤B097YP,114.054855,22.515314,424
粤B097YP,114.019539,22.526785,424
粤B097YP,114.05584,22.513245,425
粤B097YP,114.05584,22.513245,429
粤B097YP,114.05584,22.513245,430
粤B097YP,114.05584,22.513245,436
粤B097YP,114.064453,22.554455,440
粤B097YP,114.064331,22.554565,441
粤B097YP,114.064331,22.554565,441
粤B097YP,114.064331,22.554565,444
粤B097YP,114.064331,22.554565,447
粤B097YP,114.064331,22.554565,453
粤B097YP,114.027283,22.568563,456
粤B097YP,114.027283,22.568563,459
粤B097YP,114.027283,22.568563,460
粤B097YP,114.027283,22.568563,465
粤B097YP,114.027283,22.568563,471
粤B097YP,114.027283,22.568563,477
粤B097YP,114.027283,22.568563,483
粤B097YP,114.027283,22.568563,489
粤B097YP,114.027283,22.568563,492
粤B097YP,114.027283,22.568563,495
粤B097YP,114.027283,22.568563,501
粤B097YP,114.061531,22.531372,507
粤B097YP,114.027283,22.568563,507
粤B097YP,114.027283,22.568563,513
粤B097YP,114.061531,22.531372,516
粤B097YP,114.061531,22.531372,519
粤B097YP,114.061531,22.531372,523
粤B097YP,114.061531,22.531372,525
粤B097YP,114.077759,22.543051,533
粤B097YP,114.076225,22.545338,534
粤B097YP,114.076225,22.545338,537
粤B097YP,114.076225,22.545338,539
粤B097YP,114.076225,22.545338,549
粤B097YP,114.04425,22.542833,554
粤B097YP,114.076225,22.545338,555
粤B097YP,114.046616,22.542833,556
粤B097YP,114.04425,22.542833,557
粤B097YP,114.04425,22.542833,561
粤B097YP,114.04425,22.542833,567
粤B097YP,114.04425,22.542833,570
粤B097YP,114.04425,22.542833,573
粤B097YP,114.04425,22.542833,579
粤B097YP,114.04425,22.542833,585
粤B097YP,114.04425,22.542833,586
粤B097YP,114.04425,22.542833,591
粤B097YP,114.04425,22.542833,597
粤B097YP,114.04425,22.542833,602
粤B097YP,114.04425,22.542833,609
粤B097YP,114.04425,22.542833,615
粤B097YP,114.074249,22.531931,617
粤B097YP,114.074249,22.531931,617
粤B097YP,114.074249,22.531931,621
粤B097YP,114.086098,22.551622,625
粤B097YP,114.074249,22.531931,627
粤B097YP,114.086098,22.551622,633
粤B097YP,114.086098,22.551622,641
粤B097YP,114.086098,22.551622,643
粤B097YP,114.086098,22.551622,649
粤B097YP,114.086098,22.551622,655
粤B097YP,114.086098,22.551622,657
粤B097YP,114.086098,22.551622,661
粤B097YP,114.113762,22.534227,666
粤B097YP,114.086098,22.551622,667
粤B097YP,114.113876,22.534151,667
粤B097YP,114.116867,22.536312,668
粤B097YP,114.116867,22.536312,672
粤B097YP,114.116867,22.536312,673
粤B097YP,114.116867,22.536312,679
粤B097YP,114.116867,22.536312,685
粤B097YP,114.116867,22.536312,688
粤B097YP,114.116867,22.536312,691
粤B097YP,114.116867,22.536312,697
粤B097YP,114.15818,22.6467,717
粤B097YP,114.170265,22.649626,718
粤B097YP,114.171997,22.650618,718
粤B097YP,114.171997,22.650618,720
粤B097YP,114.171997,22.650618,720
粤B097YP,114.171997,22.650618,726
粤B097YP,114.171997,22.650618,732
粤B097YP,114.202827,22.685892,735
粤B097YP,114.193695,22.725935,738
粤B097YP,114.171997,22.650618,738
粤B097YP,114.198006,22.706301,742
粤B097YP,114.198708,22.695211,743
粤B097YP,114.193695,22.725935,744
粤B097YP,114.202827,22.685892,744
粤B097YP,114.202827,22.685892,750
粤B097YP,114.202827,22.685892,756
粤B097YP,114.155014,22.610958,757
粤B097YP,114.140488,22.562202,766
粤B097YP,114.154633,22.558693,767
粤B097YP,114.138924,22.555056,767
粤B097YP,114.145607,22.555347,768
粤B097YP,114.154633,22.558693,769
粤B097YP,114.154633,22.558693,774
粤B097YP,114.154633,22.558693,780
粤B097YP,114.154633,22.558693,783
粤B097YP,114.154633,22.558693,786
粤B097YP,114.154633,22.558693,792
粤B097YP,114.154633,22.558693,798
粤B097YP,114.154633,22.558693,798
粤B097YP,114.154633,22.558693,804
粤B097YP,114.154633,22.558693,810
粤B097YP,114.066109,22.524557,813
粤B097YP,114.058426,22.516579,814
粤B097YP,114.062767,22.520195,814
粤B097YP,114.056694,22.515505,814
粤B097YP,114.056694,22.515505,815
粤B097YP,114.056694,22.515505,816
粤B097YP,114.056694,22.515505,822
粤B097YP,113.918755,22.573994,826
粤B097YP,113.913696,22.577862,827
粤B097YP,113.908699,22.583258,828
粤B097YP,113.908699,22.583258,828
粤B097YP,113.852303,22.629177,833
粤B097YP,113.850243,22.627077,834
粤B097YP,113.908699,22.583258,834
粤B097YP,113.84639,22.62262,835
粤B097YP,113.835884,22.619843,836
粤B097YP,113.835884,22.619843,845
粤B097YP,113.835884,22.619843,846
粤B097YP,113.835884,22.619843,852
粤B097YP,113.835884,22.619843,858
粤B097YP,113.835884,22.619843,861
粤B097YP,113.835884,22.619843,864
粤B097YP,113.835884,22.619843,870
粤B097YP,113.835884,22.619843,876
粤B097YP,113.835884,22.619843,877
粤B097YP,113.835884,22.619843,882
粤B097YP,113.835884,22.619843,888
粤B097YP,113.835884,22.619843,894
粤B097YP,113.835884,22.619843,908
粤B097YP,113.835884,22.619843,912
粤B097YP,113.835884,22.619843,918
粤B097YP,113.835884,22.619843,924
粤B097YP,113.835884,22.619843,924
粤B097YP,113.835884,22.619843,930
粤B097YP,114.009331,22.539398,935
粤B097YP,114.010651,22.538286,936
粤B097YP,114.009331,22.539398,936
粤B097YP,114.014313,22.537786,937
粤B097YP,114.023109,22.539274,938
粤B097YP,114.031555,22.540712,939
粤B097YP,114.035545,22.542589,940
粤B097YP,114.035545,22.542589,940
粤B097YP,114.035545,22.542589,942
粤B097YP,114.035545,22.542589,948
粤B097YP,114.035545,22.542589,954
粤B097YP,114.043266,22.557407,956
粤B097YP,114.035545,22.542589,960
粤B097YP,114.043266,22.557407,965
粤B097YP,114.043266,22.557407,966
粤B097YP,114.043869,22.542257,969
粤B097YP,114.052879,22.542192,970
粤B097YP,114.057877,22.539213,971
粤B097YP,114.057907,22.54026,971
粤B097YP,114.057877,22.539213,972
粤B097YP,114.043266,22.557407,972
粤B097YP,114.057877,22.539213,978
粤B097YP,114.057877,22.539213,984
粤B097YP,114.057877,22.539213,987
粤B097YP,114.057877,22.539213,990
粤B097YP,114.057877,22.539213,996
粤B097YP,114.057877,22.539213,1002
粤B097YP,114.057877,22.539213,1003
粤B097YP,114.057877,22.539213,1008
粤B097YP,114.057877,22.539213,1014
粤B097YP,114.057877,22.539213,1020
粤B097YP,114.123924,22.545004,1030
粤B097YP,114.124741,22.545048,1031
粤B097YP,114.124741,22.545048,1032
粤B097YP,114.124741,22.545048,1034
粤B097YP,114.124741,22.545048,1038
粤B097YP,114.124741,22.545048,1044
粤B097YP,114.058167,22.547487,1050
粤B097YP,114.124741,22.545048,1050
粤B097YP,114.057495,22.55121,1052
粤B097YP,114.058861,22.550543,1053
粤B097YP,114.058167,22.547487,1054
粤B097YP,114.058167,22.547487,1056
粤B097YP,114.058167,22.547487,1062
粤B097YP,113.97937,22.523254,1066
粤B097YP,114.058167,22.547487,1068
粤B097YP,113.97937,22.523254,1072
粤B097YP,113.97937,22.523254,1074
粤B097YP,113.97937,22.523254,1080
粤B097YP,113.97982,22.535854,1082
粤B097YP,113.97937,22.523254,1085
粤B097YP,113.980515,22.535934,1090
粤B097YP,113.97982,22.535854,1091
粤B097YP,113.97982,22.535854,1091
粤B097YP,114.028893,22.528122,1097
粤B097YP,113.97982,22.535854,1097
粤B097YP,113.97982,22.535854,1103
粤B097YP,114.028893,22.528122,1107
粤B097YP,114.028893,22.528122,1109
粤B097YP,114.028893,22.528122,1113
粤B097YP,114.028893,22.528122,1115
粤B097YP,114.028893,22.528122,1121
粤B097YP,114.028893,22.528122,1127
粤B097YP,114.059036,22.527912,1133
粤B097YP,114.028893,22.528122,1133
粤B097YP,114.05909,22.527891,1134
粤B097YP,113.923599,22.52611,1145
粤B097YP,114.05909,22.527891,1145
粤B097YP,114.05909,22.527891,1145
粤B097YP,114.05909,22.527891,1151
粤B097YP,113.923599,22.52611,1154
粤B097YP,113.923599,22.52611,1157
粤B097YP,113.923599,22.52611,1163
粤B097YP,113.923599,22.52611,1169
粤B097YP,113.926559,22.524836,1175
粤B097YP,113.923599,22.52611,1176
粤B097YP,113.926559,22.524836,1181
粤B097YP,113.926559,22.524836,1187
粤B097YP,114.04155,22.525513,1192
粤B097YP,113.926559,22.524836,1193
粤B097YP,114.04155,22.525513,1193
粤B097YP,114.04155,22.525513,1199
粤B097YP,114.04155,22.525513,1205
粤B097YP,114.04155,22.525513,1207
粤B097YP,114.04155,22.525513,1211
粤B097YP,114.04155,22.525513,1217
粤B097YP,114.04641,22.525616,1223
粤B097YP,114.04155,22.525513,1223
粤B097YP,114.04155,22.525513,1228
粤B097YP,114.04641,22.525616,1231
粤B097YP,114.04641,22.525616,1234
粤B097YP,114.04641,22.525616,1239
粤B097YP,114.04641,22.525616,1240
粤B097YP,114.04641,22.525616,1246
粤B097YP,114.015945,22.555086,1250
粤B097YP,114.015945,22.555086,1252
粤B097YP,114.015945,22.555086,1255
粤B097YP,114.015945,22.555086,1258
粤B097YP,114.015945,22.555086,1264
粤B097YP,113.951447,22.571285,1268
粤B097YP,113.955261,22.566038,1269
粤B097YP,114.005981,22.556688,1270
粤B097YP,113.955261,22.566038,1270
粤B097YP,113.955261,22.566038,1276
粤B097YP,113.996422,22.555813,1277
粤B097YP,114.005981,22.556688,1278
粤B097YP,114.005981,22.556688,1282
粤B097YP,114.005981,22.556688,1286
粤B097YP,114.005981,22.556688,1288
粤B097YP,114.005981,22.556688,1294
粤B097YP,114.005981,22.556688,1300
粤B097YP,114.005981,22.556688,1302
粤B097YP,114.005981,22.556688,1318
粤B097YP,114.032761,22.5187,1327
粤B097YP,114.032761,22.5187,1330
粤B097YP,114.03878,22.525505,1333
粤B097YP,114.026535,22.530781,1335
粤B097YP,114.034317,22.529991,1336
粤B097YP,114.032761,22.5187,1336
粤B097YP,114.038376,22.528662,1337
粤B097YP,114.03878,22.525505,1338
粤B097YP,114.038902,22.524551,1342
粤B097YP,114.038902,22.524551,1347
粤B097YP,114.03878,22.525505,1349
粤B097YP,114.038902,22.524551,1353
粤B097YP,114.038902,22.524551,1359
粤B097YP,114.044075,22.512375,1361
粤B097YP,114.045906,22.512222,1362
粤B097YP,114.045906,22.512222,1365
粤B097YP,114.045906,22.512222,1371
粤B097YP,114.045906,22.512222,1377
粤B097YP,114.067993,22.555126,1381
粤B097YP,114.045906,22.512222,1383
粤B097YP,114.067993,22.555126,1384
粤B097YP,114.067993,22.555126,1389
粤B097YP,114.067993,22.555126,1395
粤B097YP,114.058655,22.574144,1396
粤B097YP,114.067993,22.555126,1401
粤B097YP,114.062775,22.574392,1404
粤B097YP,114.058655,22.574144,1405
粤B097YP,114.058563,22.569225,1407
粤B097YP,114.058655,22.574144,1407
粤B097YP,114.055077,22.565605,1408
粤B097YP,114.055077,22.565605,1412
粤B097YP,114.055077,22.565605,1413
粤B097YP,114.055077,22.565605,1419
粤B097YP,114.055077,22.565605,1425
粤B097YP,114.052879,22.518167,1428
粤B097YP,114.06176,22.521587,1429
粤B097YP,114.063309,22.529495,1430
粤B097YP,114.055077,22.565605,1431
粤B097YP,114.063133,22.534969,1431
粤B097YP,114.063133,22.534969,1437
