粤B0HG43,113.906898,22.5832,7
粤B0HG43,113.906898,22.5832,8
粤B0HG43,113.906898,22.5832,8
粤B0HG43,113.906898,22.5832,9
粤B0HG43,113.906898,22.5832,9
粤B0HG43,113.906898,22.5832,10
粤B0HG43,113.906898,22.5832,10
粤B0HG43,113.906898,22.5832,11
粤B0HG43,113.906898,22.5832,11
粤B0HG43,113.906898,22.5832,12
粤B0HG43,113.906898,22.5832,12
粤B0HG43,113.906898,22.5832,13
粤B0HG43,113.906898,22.5832,13
粤B0HG43,113.906898,22.5832,14
粤B0HG43,113.906898,22.5832,14
粤B0HG43,113.906898,22.5832,15
粤B0HG43,113.906898,22.5832,16
粤B0HG43,113.906898,22.5832,16
粤B0HG43,113.906898,22.5832,17
粤B0HG43,113.906898,22.5832,17
粤B0HG43,113.906898,22.5832,18
粤B0HG43,113.906898,22.5832,18
粤B0HG43,113.906898,22.5832,19
粤B0HG43,113.906898,22.5832,19
粤B0HG43,113.906898,22.5832,20
粤B0HG43,113.906898,22.5832,20
粤B0HG43,113.906898,22.5832,21
粤B0HG43,113.906898,22.5832,21
粤B0HG43,113.906898,22.5832,22
粤B0HG43,113.906898,22.5832,22
粤B0HG43,113.906898,22.5832,23
粤B0HG43,113.906898,22.5832,23
粤B0HG43,113.906898,22.5832,24
粤B0HG43,113.906898,22.5832,24
粤B0HG43,113.906898,22.5832,25
粤B0HG43,113.906898,22.5832,25
粤B0HG43,113.906898,22.5832,26
粤B0HG43,113.906898,22.5832,26
粤B0HG43,113.906898,22.5832,27
粤B0HG43,113.906898,22.5832,27
粤B0HG43,113.906898,22.5832,28
粤B0HG43,113.906898,22.5832,28
粤B0HG43,113.906898,22.5832,29
粤B0HG43,113.906898,22.5832,29
粤B0HG43,113.906898,22.5832,30
粤B0HG43,113.906898,22.5832,30
粤B0HG43,113.906898,22.5832,31
粤B0HG43,113.906898,22.5832,31
粤B0HG43,113.906898,22.5832,32
粤B0HG43,113.906898,22.5832,32
粤B0HG43,113.906898,22.5832,33
粤B0HG43,113.906898,22.5832,33
粤B0HG43,113.906898,22.5832,34
粤B0HG43,113.906898,22.5832,34
粤B0HG43,113.906898,22.5832,35
粤B0HG43,113.906898,22.5832,35
粤B0HG43,113.906898,22.5832,36
粤B0HG43,113.906898,22.5832,36
粤B0HG43,113.906898,22.5832,37
粤B0HG43,113.906898,22.5832,37
粤B0HG43,113.906898,22.5832,38
粤B0HG43,113.906898,22.5832,38
粤B0HG43,113.906898,22.5832,39
粤B0HG43,113.906898,22.5832,39
粤B0HG43,113.906898,22.5832,40
粤B0HG43,113.906898,22.5832,40
粤B0HG43,113.906898,22.5832,41
粤B0HG43,113.906898,22.5832,41
粤B0HG43,113.906898,22.5832,42
粤B0HG43,113.906898,22.5832,42
粤B0HG43,113.906898,22.5832,43
粤B0HG43,113.906898,22.5832,43
粤B0HG43,113.906898,22.5832,44
粤B0HG43,113.906898,22.5832,44
粤B0HG43,113.906898,22.5832,45
粤B0HG43,113.906898,22.5832,45
粤B0HG43,113.906898,22.5832,46
粤B0HG43,113.906898,22.5832,46
粤B0HG43,113.906898,22.5832,47
粤B0HG43,113.906898,22.5832,47
粤B0HG43,113.906898,22.5832,48
粤B0HG43,113.906898,22.5832,48
粤B0HG43,113.906898,22.5832,49
粤B0HG43,113.906898,22.5832,49
粤B0HG43,113.906898,22.5832,50
粤B0HG43,113.906898,22.5832,50
粤B0HG43,113.906898,22.5832,51
粤B0HG43,113.906898,22.5832,51
粤B0HG43,113.906898,22.5832,52
粤B0HG43,113.906898,22.5832,52
粤B0HG43,113.906898,22.5832,53
粤B0HG43,113.906898,22.5832,53
粤B0HG43,113.906898,22.5832,54
粤B0HG43,113.906898,22.5832,54
粤B0HG43,113.906898,22.5832,55
粤B0HG43,113.906898,22.5832,55
粤B0HG43,113.906898,22.5832,56
粤B0HG43,113.906898,22.5832,56
粤B0HG43,113.906898,22.5832,57
粤B0HG43,113.906898,22.5832,57
粤B0HG43,113.906898,22.5832,58
粤B0HG43,113.906898,22.5832,58
粤B0HG43,113.906898,22.5832,59
粤B0HG43,113.906898,22.5832,59
粤B0HG43,113.906898,22.5832,60
粤B0HG43,113.906898,22.5832,60
粤B0HG43,113.906898,22.5832,61
粤B0HG43,113.906898,22.5832,61
粤B0HG43,113.906898,22.5832,62
粤B0HG43,113.906898,22.5832,62
粤B0HG43,113.906898,22.5832,63
粤B0HG43,113.906898,22.5832,63
粤B0HG43,113.906898,22.5832,64
粤B0HG43,113.906898,22.5832,64
粤B0HG43,113.906898,22.5832,65
粤B0HG43,113.906898,22.5832,65
粤B0HG43,113.906898,22.5832,66
粤B0HG43,113.906898,22.5832,66
粤B0HG43,113.906898,22.5832,67
粤B0HG43,113.906898,22.5832,67
粤B0HG43,113.906898,22.5832,68
粤B0HG43,113.906898,22.5832,68
粤B0HG43,113.906898,22.5832,69
粤B0HG43,113.906898,22.5832,69
粤B0HG43,113.906898,22.5832,70
粤B0HG43,113.906898,22.5832,70
粤B0HG43,113.906898,22.5832,71
粤B0HG43,113.906898,22.5832,71
粤B0HG43,113.906898,22.5832,72
粤B0HG43,113.906898,22.5832,72
粤B0HG43,113.906898,22.5832,73
粤B0HG43,113.906898,22.5832,74
粤B0HG43,113.906898,22.5832,74
粤B0HG43,113.906898,22.5832,75
粤B0HG43,113.906898,22.5832,75
粤B0HG43,113.906898,22.5832,76
粤B0HG43,113.906898,22.5832,76
粤B0HG43,113.906898,22.5832,77
粤B0HG43,113.906898,22.5832,77
粤B0HG43,113.906898,22.5832,78
粤B0HG43,113.906898,22.5832,78
粤B0HG43,113.906898,22.5832,79
粤B0HG43,113.906898,22.5832,79
粤B0HG43,113.906898,22.5832,80
粤B0HG43,113.906898,22.5832,80
粤B0HG43,113.906898,22.5832,81
粤B0HG43,113.906898,22.5832,81
粤B0HG43,113.906898,22.5832,82
粤B0HG43,113.906898,22.5832,82
粤B0HG43,113.906898,22.5832,83
粤B0HG43,113.906898,22.5832,83
粤B0HG43,113.906898,22.5832,84
粤B0HG43,113.906898,22.5832,84
粤B0HG43,113.906898,22.5832,85
粤B0HG43,113.906898,22.5832,85
粤B0HG43,113.906898,22.5832,86
粤B0HG43,113.906898,22.5832,86
粤B0HG43,113.906898,22.5832,87
粤B0HG43,113.906898,22.5832,87
粤B0HG43,113.906898,22.5832,88
粤B0HG43,113.906898,22.5832,88
粤B0HG43,113.906898,22.5832,89
粤B0HG43,113.906898,22.5832,89
粤B0HG43,113.906898,22.5832,90
粤B0HG43,113.906898,22.5832,90
粤B0HG43,113.906898,22.5832,91
粤B0HG43,113.906898,22.5832,91
粤B0HG43,113.906898,22.5832,92
粤B0HG43,113.906898,22.5832,92
粤B0HG43,113.906898,22.5832,93
粤B0HG43,113.906898,22.5832,93
粤B0HG43,113.906898,22.5832,94
粤B0HG43,113.906898,22.5832,94
粤B0HG43,113.906898,22.5832,95
粤B0HG43,113.906898,22.5832,95
粤B0HG43,113.906898,22.5832,96
粤B0HG43,113.906898,22.5832,96
粤B0HG43,113.906898,22.5832,97
粤B0HG43,113.906898,22.5832,97
粤B0HG43,113.906898,22.5832,98
粤B0HG43,113.906898,22.5832,98
粤B0HG43,113.906898,22.5832,99
粤B0HG43,113.906898,22.5832,99
粤B0HG43,113.906898,22.5832,100
粤B0HG43,113.906898,22.5832,100
粤B0HG43,113.906898,22.5832,101
粤B0HG43,113.906898,22.5832,101
粤B0HG43,113.906898,22.5832,102
粤B0HG43,113.906898,22.5832,102
粤B0HG43,113.906898,22.5832,103
粤B0HG43,113.906898,22.5832,103
粤B0HG43,113.906898,22.5832,104
粤B0HG43,113.906898,22.5832,104
粤B0HG43,113.906898,22.5832,105
粤B0HG43,113.906898,22.5832,105
粤B0HG43,113.906898,22.5832,106
粤B0HG43,113.906898,22.5832,106
粤B0HG43,113.906898,22.5832,107
粤B0HG43,113.906898,22.5832,107
粤B0HG43,113.906898,22.5832,108
粤B0HG43,113.906898,22.5832,108
粤B0HG43,113.906898,22.5832,109
粤B0HG43,113.906898,22.5832,110
粤B0HG43,113.906898,22.5832,110
粤B0HG43,113.906898,22.5832,111
粤B0HG43,113.906898,22.5832,111
粤B0HG43,113.906898,22.5832,112
粤B0HG43,113.906898,22.5832,112
粤B0HG43,113.906898,22.5832,113
粤B0HG43,113.906898,22.5832,113
粤B0HG43,113.906898,22.5832,114
粤B0HG43,113.906898,22.5832,114
粤B0HG43,113.906898,22.5832,115
粤B0HG43,113.906898,22.5832,115
粤B0HG43,113.906898,22.5832,116
粤B0HG43,113.906898,22.5832,116
粤B0HG43,113.906898,22.5832,117
粤B0HG43,113.906898,22.5832,117
粤B0HG43,113.906898,22.5832,118
粤B0HG43,113.906898,22.5832,118
粤B0HG43,113.906898,22.5832,119
粤B0HG43,113.906898,22.5832,119
粤B0HG43,113.906898,22.5832,120
粤B0HG43,113.906898,22.5832,120
粤B0HG43,113.906898,22.5832,121
粤B0HG43,113.906898,22.5832,122
粤B0HG43,113.906898,22.5832,123
粤B0HG43,113.906898,22.5832,123
粤B0HG43,113.906898,22.5832,124
粤B0HG43,113.906898,22.5832,125
粤B0HG43,113.906898,22.5832,125
粤B0HG43,113.906898,22.5832,126
粤B0HG43,113.906898,22.5832,126
粤B0HG43,113.906898,22.5832,127
粤B0HG43,113.906898,22.5832,127
粤B0HG43,113.906898,22.5832,128
粤B0HG43,113.906898,22.5832,128
粤B0HG43,113.906898,22.5832,129
粤B0HG43,113.906898,22.5832,129
粤B0HG43,113.906898,22.5832,130
粤B0HG43,113.906898,22.5832,130
粤B0HG43,113.906898,22.5832,131
粤B0HG43,113.906898,22.5832,131
粤B0HG43,113.906898,22.5832,132
粤B0HG43,113.906898,22.5832,132
粤B0HG43,113.906898,22.5832,133
粤B0HG43,113.906898,22.5832,134
粤B0HG43,113.906898,22.5832,134
粤B0HG43,113.906898,22.5832,135
粤B0HG43,113.906898,22.5832,135
粤B0HG43,113.906898,22.5832,136
粤B0HG43,113.906898,22.5832,136
粤B0HG43,113.906898,22.5832,137
粤B0HG43,113.906898,22.5832,137
粤B0HG43,113.906898,22.5832,138
粤B0HG43,113.906898,22.5832,138
粤B0HG43,113.906898,22.5832,139
粤B0HG43,113.906898,22.5832,139
粤B0HG43,113.906898,22.5832,140
粤B0HG43,113.906898,22.5832,140
粤B0HG43,113.906898,22.5832,141
粤B0HG43,113.906898,22.5832,141
粤B0HG43,113.906898,22.5832,142
粤B0HG43,113.906898,22.5832,142
粤B0HG43,113.906898,22.5832,143
粤B0HG43,113.906898,22.5832,143
粤B0HG43,113.906898,22.5832,144
粤B0HG43,113.906898,22.5832,144
粤B0HG43,113.906898,22.5832,145
粤B0HG43,113.906898,22.5832,145
粤B0HG43,113.906898,22.5832,146
粤B0HG43,113.906898,22.5832,146
粤B0HG43,113.906898,22.5832,147
粤B0HG43,113.906898,22.5832,147
粤B0HG43,113.906898,22.5832,148
粤B0HG43,113.906898,22.5832,148
粤B0HG43,113.906898,22.5832,149
粤B0HG43,113.906898,22.5832,150
粤B0HG43,113.906898,22.5832,150
粤B0HG43,113.906898,22.5832,151
粤B0HG43,113.906898,22.5832,151
粤B0HG43,113.906898,22.5832,152
粤B0HG43,113.906898,22.5832,152
粤B0HG43,113.906898,22.5832,153
粤B0HG43,113.906898,22.5832,154
粤B0HG43,113.906898,22.5832,155
粤B0HG43,113.906898,22.5832,155
粤B0HG43,113.906898,22.5832,156
粤B0HG43,113.906898,22.5832,157
粤B0HG43,113.906898,22.5832,157
粤B0HG43,113.906898,22.5832,158
粤B0HG43,113.906898,22.5832,159
粤B0HG43,113.906898,22.5832,159
粤B0HG43,113.906898,22.5832,160
粤B0HG43,113.906898,22.5832,160
粤B0HG43,113.906898,22.5832,161
粤B0HG43,113.906898,22.5832,161
粤B0HG43,113.906898,22.5832,162
粤B0HG43,113.906898,22.5832,163
粤B0HG43,113.906898,22.5832,163
粤B0HG43,113.906898,22.5832,164
粤B0HG43,113.906898,22.5832,164
粤B0HG43,113.906898,22.5832,165
粤B0HG43,113.906898,22.5832,165
粤B0HG43,113.906898,22.5832,166
粤B0HG43,113.906898,22.5832,166
粤B0HG43,113.906898,22.5832,167
粤B0HG43,113.906898,22.5832,167
粤B0HG43,113.906898,22.5832,168
粤B0HG43,113.906898,22.5832,169
粤B0HG43,113.906898,22.5832,169
粤B0HG43,113.906898,22.5832,170
粤B0HG43,113.906898,22.5832,171
粤B0HG43,113.906898,22.5832,171
粤B0HG43,113.906898,22.5832,172
粤B0HG43,113.906898,22.5832,172
粤B0HG43,113.906898,22.5832,173
粤B0HG43,113.906898,22.5832,173
粤B0HG43,113.906898,22.5832,174
粤B0HG43,113.906898,22.5832,174
粤B0HG43,113.906898,22.5832,175
粤B0HG43,113.906898,22.5832,175
粤B0HG43,113.906898,22.5832,176
粤B0HG43,113.906898,22.5832,176
粤B0HG43,113.906898,22.5832,177
粤B0HG43,113.906898,22.5832,177
粤B0HG43,113.906898,22.5832,178
粤B0HG43,113.906898,22.5832,178
粤B0HG43,113.906898,22.5832,179
粤B0HG43,113.906898,22.5832,179
粤B0HG43,113.906898,22.5832,180
粤B0HG43,113.906898,22.5832,180
粤B0HG43,113.906898,22.5832,181
粤B0HG43,113.906898,22.5832,181
粤B0HG43,113.906898,22.5832,182
粤B0HG43,113.906898,22.5832,182
粤B0HG43,113.906898,22.5832,183
粤B0HG43,113.906898,22.5832,192
粤B0HG43,113.906898,22.5832,192
粤B0HG43,113.906898,22.5832,193
粤B0HG43,113.906898,22.5832,194
粤B0HG43,113.906898,22.5832,194
粤B0HG43,113.906898,22.5832,195
粤B0HG43,113.906898,22.5832,195
粤B0HG43,113.906898,22.5832,196
粤B0HG43,113.906898,22.5832,196
粤B0HG43,113.906898,22.5832,197
粤B0HG43,113.906898,22.5832,197
粤B0HG43,113.906898,22.5832,198
粤B0HG43,113.906898,22.5832,198
粤B0HG43,113.906898,22.5832,199
粤B0HG43,113.906898,22.5832,199
粤B0HG43,113.906898,22.5832,200
粤B0HG43,113.906898,22.5832,200
粤B0HG43,113.906898,22.5832,201
粤B0HG43,113.906898,22.5832,201
粤B0HG43,113.906898,22.5832,202
粤B0HG43,113.906898,22.5832,202
粤B0HG43,113.906898,22.5832,203
粤B0HG43,113.906898,22.5832,203
粤B0HG43,113.906898,22.5832,204
粤B0HG43,113.906898,22.5832,204
粤B0HG43,113.906898,22.5832,205
粤B0HG43,113.906898,22.5832,205
粤B0HG43,113.906898,22.5832,206
粤B0HG43,113.906898,22.5832,207
粤B0HG43,113.906898,22.5832,207
粤B0HG43,113.906898,22.5832,208
粤B0HG43,113.906898,22.5832,209
粤B0HG43,113.906898,22.5832,209
粤B0HG43,113.906898,22.5832,210
粤B0HG43,113.906898,22.5832,210
粤B0HG43,113.906898,22.5832,211
粤B0HG43,113.906898,22.5832,211
粤B0HG43,113.906898,22.5832,212
粤B0HG43,113.906898,22.5832,213
粤B0HG43,113.906898,22.5832,213
粤B0HG43,113.906898,22.5832,214
粤B0HG43,113.906898,22.5832,214
粤B0HG43,113.906898,22.5832,215
粤B0HG43,113.906898,22.5832,215
粤B0HG43,113.906898,22.5832,216
粤B0HG43,113.906898,22.5832,216
粤B0HG43,113.906898,22.5832,217
粤B0HG43,113.906898,22.5832,217
粤B0HG43,113.906898,22.5832,218
粤B0HG43,113.906898,22.5832,218
粤B0HG43,113.906898,22.5832,219
粤B0HG43,113.906898,22.5832,219
粤B0HG43,113.906898,22.5832,220
粤B0HG43,113.906898,22.5832,220
粤B0HG43,113.906898,22.5832,221
粤B0HG43,113.906898,22.5832,221
粤B0HG43,113.906898,22.5832,222
粤B0HG43,113.906898,22.5832,222
粤B0HG43,113.906898,22.5832,223
粤B0HG43,113.906898,22.5832,223
粤B0HG43,113.906898,22.5832,224
粤B0HG43,113.906898,22.5832,224
粤B0HG43,113.906898,22.5832,225
粤B0HG43,113.906898,22.5832,225
粤B0HG43,113.906898,22.5832,226
粤B0HG43,113.906898,22.5832,226
粤B0HG43,113.906898,22.5832,227
粤B0HG43,113.906898,22.5832,227
粤B0HG43,113.906898,22.5832,228
粤B0HG43,113.906898,22.5832,228
粤B0HG43,113.906898,22.5832,229
粤B0HG43,113.906898,22.5832,229
粤B0HG43,113.906898,22.5832,230
粤B0HG43,113.906898,22.5832,230
粤B0HG43,113.906898,22.5832,231
粤B0HG43,113.906898,22.5832,231
粤B0HG43,113.906898,22.5832,232
粤B0HG43,113.906898,22.5832,232
粤B0HG43,113.906898,22.5832,233
粤B0HG43,113.906898,22.5832,233
粤B0HG43,113.906898,22.5832,234
粤B0HG43,113.906898,22.5832,234
粤B0HG43,113.906898,22.5832,235
粤B0HG43,113.906898,22.5832,235
粤B0HG43,113.906898,22.5832,236
粤B0HG43,113.906898,22.5832,237
粤B0HG43,113.906898,22.5832,237
粤B0HG43,113.906898,22.5832,238
粤B0HG43,113.906898,22.5832,238
粤B0HG43,113.906898,22.5832,239
粤B0HG43,113.906898,22.5832,239
粤B0HG43,113.906898,22.5832,240
粤B0HG43,113.906898,22.5832,240
粤B0HG43,113.906898,22.5832,241
粤B0HG43,113.906898,22.5832,241
粤B0HG43,113.906898,22.5832,242
粤B0HG43,113.906898,22.5832,242
粤B0HG43,113.906898,22.5832,243
粤B0HG43,113.906898,22.5832,243
粤B0HG43,113.906898,22.5832,244
粤B0HG43,113.906898,22.5832,245
粤B0HG43,113.906898,22.5832,245
粤B0HG43,113.906898,22.5832,246
粤B0HG43,113.906898,22.5832,246
粤B0HG43,113.906898,22.5832,247
粤B0HG43,113.906898,22.5832,247
粤B0HG43,113.906898,22.5832,248
粤B0HG43,113.906898,22.5832,248
粤B0HG43,113.906898,22.5832,249
粤B0HG43,113.906898,22.5832,249
粤B0HG43,113.906898,22.5832,250
粤B0HG43,113.906898,22.5832,250
粤B0HG43,113.906898,22.5832,251
粤B0HG43,113.906898,22.5832,251
粤B0HG43,113.906898,22.5832,252
粤B0HG43,113.906898,22.5832,252
粤B0HG43,113.906898,22.5832,253
粤B0HG43,113.906898,22.5832,253
粤B0HG43,113.906898,22.5832,254
粤B0HG43,113.906898,22.5832,254
粤B0HG43,113.906898,22.5832,255
粤B0HG43,113.906898,22.5832,255
粤B0HG43,113.906898,22.5832,256
粤B0HG43,113.906898,22.5832,256
粤B0HG43,113.906898,22.5832,257
粤B0HG43,113.906898,22.5832,257
粤B0HG43,113.906898,22.5832,258
粤B0HG43,113.906898,22.5832,258
粤B0HG43,113.906898,22.5832,259
粤B0HG43,113.906898,22.5832,259
粤B0HG43,113.906898,22.5832,260
粤B0HG43,113.906898,22.5832,260
粤B0HG43,113.906898,22.5832,261
粤B0HG43,113.906898,22.5832,261
粤B0HG43,113.906898,22.5832,262
粤B0HG43,113.906898,22.5832,262
粤B0HG43,113.906898,22.5832,263
粤B0HG43,113.906898,22.5832,263
粤B0HG43,113.906898,22.5832,264
粤B0HG43,113.906898,22.5832,264
粤B0HG43,113.906898,22.5832,265
粤B0HG43,113.906898,22.5832,265
粤B0HG43,113.906898,22.5832,266
粤B0HG43,113.906898,22.5832,266
粤B0HG43,113.906898,22.5832,267
粤B0HG43,113.906898,22.5832,267
粤B0HG43,113.906898,22.5832,268
粤B0HG43,113.906898,22.5832,268
粤B0HG43,113.906898,22.5832,269
粤B0HG43,113.906898,22.5832,269
粤B0HG43,113.906898,22.5832,270
粤B0HG43,113.906898,22.5832,270
粤B0HG43,113.906898,22.5832,271
粤B0HG43,113.906898,22.5832,271
粤B0HG43,113.906898,22.5832,272
粤B0HG43,113.906898,22.5832,272
粤B0HG43,113.906898,22.5832,273
粤B0HG43,113.906898,22.5832,273
粤B0HG43,113.906898,22.5832,274
粤B0HG43,113.906898,22.5832,274
粤B0HG43,113.906898,22.5832,275
粤B0HG43,113.906898,22.5832,275
粤B0HG43,113.906898,22.5832,276
粤B0HG43,113.906898,22.5832,276
粤B0HG43,113.906898,22.5832,277
粤B0HG43,113.906898,22.5832,277
粤B0HG43,113.906898,22.5832,278
粤B0HG43,113.906898,22.5832,278
粤B0HG43,113.906898,22.5832,279
粤B0HG43,113.906898,22.5832,279
粤B0HG43,113.906898,22.5832,280
粤B0HG43,113.906898,22.5832,280
粤B0HG43,113.906898,22.5832,281
粤B0HG43,113.906898,22.5832,281
粤B0HG43,113.906898,22.5832,282
粤B0HG43,113.906898,22.5832,282
粤B0HG43,113.906898,22.5832,283
粤B0HG43,113.906898,22.5832,283
粤B0HG43,113.906898,22.5832,284
粤B0HG43,113.906898,22.5832,284
粤B0HG43,113.906898,22.5832,285
粤B0HG43,113.906898,22.5832,285
粤B0HG43,113.906898,22.5832,286
粤B0HG43,113.906898,22.5832,286
粤B0HG43,113.906898,22.5832,287
粤B0HG43,113.906898,22.5832,287
粤B0HG43,113.906898,22.5832,288
粤B0HG43,113.906898,22.5832,288
粤B0HG43,113.906898,22.5832,289
粤B0HG43,113.906898,22.5832,289
粤B0HG43,113.906898,22.5832,290
粤B0HG43,113.906898,22.5832,290
粤B0HG43,113.906898,22.5832,291
粤B0HG43,113.906898,22.5832,291
粤B0HG43,113.906898,22.5832,292
粤B0HG43,113.906898,22.5832,292
粤B0HG43,113.906898,22.5832,293
粤B0HG43,113.906898,22.5832,293
粤B0HG43,113.906898,22.5832,294
粤B0HG43,113.906898,22.5832,294
粤B0HG43,113.906898,22.5832,295
粤B0HG43,113.906898,22.5832,295
粤B0HG43,113.906898,22.5832,296
粤B0HG43,113.906898,22.5832,296
粤B0HG43,113.906898,22.5832,297
粤B0HG43,113.906898,22.5832,297
粤B0HG43,113.906898,22.5832,298
粤B0HG43,113.906898,22.5832,298
粤B0HG43,113.906898,22.5832,299
粤B0HG43,113.906898,22.5832,299
粤B0HG43,113.906898,22.5832,300
粤B0HG43,113.906898,22.5832,300
粤B0HG43,113.906898,22.5832,301
粤B0HG43,113.906898,22.5832,301
粤B0HG43,113.906898,22.5832,302
粤B0HG43,113.906898,22.5832,302
粤B0HG43,113.906898,22.5832,303
粤B0HG43,113.906898,22.5832,303
粤B0HG43,113.906898,22.5832,304
粤B0HG43,113.906898,22.5832,304
粤B0HG43,113.906898,22.5832,305
粤B0HG43,113.906898,22.5832,305
粤B0HG43,113.906898,22.5832,306
粤B0HG43,113.906898,22.5832,306
粤B0HG43,113.906898,22.5832,307
粤B0HG43,113.906898,22.5832,307
粤B0HG43,113.906898,22.5832,308
粤B0HG43,113.906898,22.5832,308
粤B0HG43,113.906898,22.5832,309
粤B0HG43,113.906898,22.5832,309
粤B0HG43,113.906898,22.5832,310
粤B0HG43,113.906898,22.5832,310
粤B0HG43,113.906898,22.5832,311
粤B0HG43,113.906898,22.5832,311
粤B0HG43,113.906898,22.5832,312
粤B0HG43,113.906898,22.5832,312
粤B0HG43,113.906898,22.5832,313
粤B0HG43,113.906898,22.5832,313
粤B0HG43,113.906898,22.5832,314
粤B0HG43,113.906898,22.5832,314
粤B0HG43,113.906898,22.5832,315
粤B0HG43,113.906898,22.5832,315
粤B0HG43,113.906898,22.5832,316
粤B0HG43,113.906898,22.5832,316
粤B0HG43,113.906898,22.5832,317
粤B0HG43,113.906898,22.5832,317
粤B0HG43,113.906898,22.5832,318
粤B0HG43,113.906898,22.5832,318
粤B0HG43,113.906898,22.5832,319
粤B0HG43,113.906898,22.5832,319
粤B0HG43,113.906898,22.5832,320
粤B0HG43,113.906898,22.5832,320
粤B0HG43,113.906898,22.5832,321
粤B0HG43,113.906898,22.5832,321
粤B0HG43,113.906898,22.5832,322
粤B0HG43,113.906898,22.5832,322
粤B0HG43,113.906898,22.5832,323
粤B0HG43,113.906898,22.5832,323
粤B0HG43,113.906898,22.5832,324
粤B0HG43,113.906898,22.5832,324
粤B0HG43,113.906898,22.5832,325
粤B0HG43,113.906898,22.5832,325
粤B0HG43,113.906898,22.5832,326
粤B0HG43,113.906898,22.5832,326
粤B0HG43,113.906898,22.5832,327
粤B0HG43,113.906898,22.5832,327
粤B0HG43,113.906898,22.5832,328
粤B0HG43,113.906898,22.5832,328
粤B0HG43,113.906898,22.5832,329
粤B0HG43,113.906898,22.5832,329
粤B0HG43,113.906898,22.5832,330
粤B0HG43,113.906898,22.5832,330
粤B0HG43,113.906898,22.5832,331
粤B0HG43,113.906898,22.5832,331
粤B0HG43,113.906898,22.5832,332
粤B0HG43,113.906898,22.5832,332
粤B0HG43,113.906898,22.5832,333
粤B0HG43,113.906898,22.5832,333
粤B0HG43,113.906898,22.5832,334
粤B0HG43,113.906898,22.5832,334
粤B0HG43,113.906898,22.5832,335
粤B0HG43,113.906898,22.5832,335
粤B0HG43,113.906898,22.5832,336
粤B0HG43,113.906898,22.5832,336
粤B0HG43,113.906898,22.5832,337
粤B0HG43,113.906898,22.5832,337
粤B0HG43,113.906898,22.5832,338
粤B0HG43,113.906898,22.5832,338
粤B0HG43,113.906898,22.5832,339
粤B0HG43,113.906898,22.5832,339
粤B0HG43,113.906898,22.5832,340
粤B0HG43,113.906898,22.5832,340
粤B0HG43,113.906898,22.5832,341
粤B0HG43,113.906898,22.5832,341
粤B0HG43,113.906898,22.5832,342
粤B0HG43,113.906898,22.5832,342
粤B0HG43,113.906898,22.5832,343
粤B0HG43,113.906898,22.5832,343
粤B0HG43,113.906898,22.5832,344
粤B0HG43,113.906898,22.5832,344
粤B0HG43,113.906898,22.5832,345
粤B0HG43,113.906898,22.5832,345
粤B0HG43,113.906898,22.5832,346
粤B0HG43,113.906898,22.5832,346
粤B0HG43,113.906898,22.5832,347
粤B0HG43,113.906898,22.5832,347
粤B0HG43,113.906898,22.5832,348
粤B0HG43,113.906898,22.5832,348
粤B0HG43,113.906898,22.5832,349
粤B0HG43,113.906898,22.5832,349
粤B0HG43,113.906898,22.5832,350
粤B0HG43,113.906898,22.5832,350
粤B0HG43,113.906898,22.5832,351
粤B0HG43,113.906898,22.5832,351
粤B0HG43,113.906898,22.5832,352
粤B0HG43,113.906898,22.5832,352
粤B0HG43,113.906898,22.5832,353
粤B0HG43,113.906898,22.5832,353
粤B0HG43,113.906898,22.5832,354
粤B0HG43,113.906898,22.5832,354
粤B0HG43,113.906898,22.5832,355
粤B0HG43,113.906898,22.5832,355
粤B0HG43,113.906898,22.5832,356
粤B0HG43,113.906898,22.5832,356
粤B0HG43,113.906898,22.5832,357
粤B0HG43,113.906898,22.5832,358
粤B0HG43,113.906898,22.5832,358
粤B0HG43,113.906898,22.5832,359
粤B0HG43,113.906898,22.5832,359
粤B0HG43,113.906898,22.5832,360
粤B0HG43,113.906898,22.5832,360
粤B0HG43,113.906898,22.5832,361
粤B0HG43,113.906898,22.5832,361
粤B0HG43,113.906898,22.5832,362
粤B0HG43,113.906898,22.5832,362
粤B0HG43,113.906898,22.5832,363
粤B0HG43,113.906898,22.5832,363
粤B0HG43,113.906898,22.5832,364
粤B0HG43,113.906898,22.5832,364
粤B0HG43,113.906898,22.5832,365
粤B0HG43,113.906898,22.5832,365
粤B0HG43,113.906898,22.5832,366
粤B0HG43,113.906898,22.5832,366
粤B0HG43,113.906898,22.5832,367
粤B0HG43,113.906898,22.5832,367
粤B0HG43,113.906898,22.5832,368
粤B0HG43,113.906898,22.5832,368
粤B0HG43,113.906898,22.5832,369
粤B0HG43,113.906898,22.5832,369
粤B0HG43,113.906898,22.5832,370
粤B0HG43,113.906898,22.5832,370
粤B0HG43,113.906898,22.5832,371
粤B0HG43,113.906898,22.5832,371
粤B0HG43,113.906898,22.5832,372
粤B0HG43,113.906898,22.5832,372
粤B0HG43,113.906898,22.5832,373
粤B0HG43,113.906898,22.5832,373
粤B0HG43,113.906898,22.5832,374
粤B0HG43,113.906898,22.5832,374
粤B0HG43,113.906898,22.5832,375
粤B0HG43,113.906898,22.5832,375
粤B0HG43,113.906898,22.5832,376
粤B0HG43,113.906898,22.5832,376
粤B0HG43,113.906898,22.5832,377
粤B0HG43,113.906898,22.5832,377
粤B0HG43,113.906898,22.5832,378
粤B0HG43,113.906898,22.5832,378
粤B0HG43,113.906898,22.5832,379
粤B0HG43,113.906898,22.5832,379
粤B0HG43,113.906898,22.5832,380
粤B0HG43,113.906898,22.5832,380
粤B0HG43,113.906898,22.5832,381
粤B0HG43,113.906898,22.5832,381
粤B0HG43,113.906898,22.5832,382
粤B0HG43,113.906898,22.5832,382
粤B0HG43,113.906898,22.5832,383
粤B0HG43,113.906898,22.5832,383
粤B0HG43,113.906898,22.5832,384
粤B0HG43,113.906898,22.5832,384
粤B0HG43,113.906898,22.5832,385
粤B0HG43,113.906898,22.5832,385
粤B0HG43,113.906898,22.5832,386
粤B0HG43,113.906898,22.5832,386
粤B0HG43,113.906898,22.5832,387
粤B0HG43,113.906898,22.5832,387
粤B0HG43,113.906898,22.5832,388
粤B0HG43,113.906898,22.5832,388
粤B0HG43,113.906898,22.5832,389
粤B0HG43,113.906898,22.5832,389
粤B0HG43,113.906898,22.5832,390
粤B0HG43,113.906898,22.5832,390
粤B0HG43,113.906898,22.5832,391
粤B0HG43,113.906898,22.5832,391
粤B0HG43,113.906898,22.5832,392
粤B0HG43,113.906898,22.5832,392
粤B0HG43,113.906898,22.5832,393
粤B0HG43,113.906898,22.5832,393
粤B0HG43,113.906898,22.5832,394
粤B0HG43,113.906898,22.5832,394
粤B0HG43,113.906898,22.5832,395
粤B0HG43,113.906898,22.5832,395
粤B0HG43,113.906898,22.5832,396
粤B0HG43,113.906898,22.5832,396
粤B0HG43,113.906898,22.5832,397
粤B0HG43,113.906898,22.5832,397
粤B0HG43,113.906898,22.5832,398
粤B0HG43,113.906898,22.5832,398
粤B0HG43,113.906898,22.5832,399
粤B0HG43,113.906898,22.5832,399
粤B0HG43,113.906898,22.5832,400
粤B0HG43,113.906898,22.5832,400
粤B0HG43,113.906898,22.5832,401
粤B0HG43,113.906898,22.5832,401
粤B0HG43,113.906898,22.5832,402
粤B0HG43,113.906898,22.5832,402
粤B0HG43,113.906898,22.5832,403
粤B0HG43,113.906898,22.5832,403
粤B0HG43,113.906898,22.5832,404
粤B0HG43,113.906898,22.5832,404
粤B0HG43,113.906898,22.5832,405
粤B0HG43,113.906898,22.5832,405
粤B0HG43,113.906898,22.5832,406
粤B0HG43,113.906898,22.5832,406
粤B0HG43,113.906898,22.5832,407
粤B0HG43,113.906898,22.5832,407
粤B0HG43,113.906898,22.5832,408
粤B0HG43,113.906898,22.5832,409
粤B0HG43,113.906898,22.5832,409
粤B0HG43,113.906898,22.5832,410
粤B0HG43,113.906898,22.5832,410
粤B0HG43,113.906898,22.5832,411
粤B0HG43,113.906898,22.5832,411
粤B0HG43,113.906898,22.5832,412
粤B0HG43,113.906898,22.5832,412
粤B0HG43,113.906898,22.5832,413
粤B0HG43,113.906898,22.5832,413
粤B0HG43,113.906898,22.5832,414
粤B0HG43,113.906898,22.5832,415
粤B0HG43,113.906898,22.5832,416
粤B0HG43,113.906898,22.5832,417
粤B0HG43,113.906898,22.5832,417
粤B0HG43,113.906898,22.5832,418
粤B0HG43,113.906898,22.5832,418
粤B0HG43,113.906898,22.5832,419
粤B0HG43,113.906898,22.5832,419
粤B0HG43,113.906898,22.5832,420
粤B0HG43,113.906898,22.5832,420
粤B0HG43,113.906898,22.5832,421
粤B0HG43,113.906898,22.5832,421
粤B0HG43,113.906898,22.5832,422
粤B0HG43,113.906898,22.5832,422
粤B0HG43,113.906898,22.5832,423
粤B0HG43,113.906898,22.5832,423
粤B0HG43,113.906898,22.5832,424
粤B0HG43,113.906898,22.5832,424
粤B0HG43,113.906898,22.5832,425
粤B0HG43,113.906898,22.5832,425
粤B0HG43,113.906898,22.5832,426
粤B0HG43,113.906898,22.5832,426
粤B0HG43,113.906898,22.5832,427
粤B0HG43,113.906898,22.5832,427
粤B0HG43,113.906898,22.5832,428
粤B0HG43,113.906898,22.5832,429
粤B0HG43,113.906898,22.5832,429
粤B0HG43,113.906898,22.5832,430
粤B0HG43,113.906898,22.5832,430
粤B0HG43,113.906898,22.5832,431
粤B0HG43,113.906898,22.5832,432
粤B0HG43,113.906898,22.5832,432
粤B0HG43,113.906898,22.5832,433
粤B0HG43,113.906898,22.5832,433
粤B0HG43,113.906898,22.5832,434
粤B0HG43,113.906898,22.5832,434
粤B0HG43,113.906898,22.5832,435
粤B0HG43,113.906898,22.5832,435
粤B0HG43,113.906898,22.5832,436
粤B0HG43,113.906898,22.5832,436
粤B0HG43,113.906898,22.5832,437
粤B0HG43,113.906898,22.5832,437
粤B0HG43,113.906898,22.5832,438
粤B0HG43,113.906898,22.5832,438
粤B0HG43,113.906898,22.5832,439
粤B0HG43,113.906898,22.5832,439
粤B0HG43,113.906898,22.5832,440
粤B0HG43,113.906898,22.5832,440
粤B0HG43,113.906898,22.5832,441
粤B0HG43,113.906898,22.5832,441
粤B0HG43,113.906898,22.5832,442
粤B0HG43,113.906898,22.5832,442
粤B0HG43,113.906898,22.5832,443
粤B0HG43,113.906898,22.5832,443
粤B0HG43,113.906898,22.5832,444
粤B0HG43,113.906898,22.5832,444
粤B0HG43,113.906898,22.5832,445
粤B0HG43,113.906898,22.5832,445
粤B0HG43,113.906898,22.5832,446
粤B0HG43,113.906898,22.5832,446
粤B0HG43,113.906898,22.5832,447
粤B0HG43,113.906898,22.5832,447
粤B0HG43,113.906898,22.5832,448
粤B0HG43,113.906898,22.5832,449
粤B0HG43,113.906898,22.5832,449
粤B0HG43,113.906898,22.5832,450
粤B0HG43,113.906898,22.5832,450
粤B0HG43,113.906898,22.5832,451
粤B0HG43,113.906898,22.5832,451
粤B0HG43,113.906898,22.5832,452
粤B0HG43,113.906898,22.5832,452
粤B0HG43,113.906898,22.5832,453
粤B0HG43,113.906898,22.5832,453
粤B0HG43,113.906898,22.5832,454
粤B0HG43,113.906898,22.5832,454
粤B0HG43,113.906898,22.5832,455
粤B0HG43,113.906898,22.5832,455
粤B0HG43,113.906898,22.5832,456
粤B0HG43,113.906898,22.5832,456
粤B0HG43,113.906898,22.5832,457
粤B0HG43,113.906898,22.5832,457
粤B0HG43,113.906898,22.5832,458
粤B0HG43,113.906898,22.5832,458
粤B0HG43,113.906898,22.5832,459
粤B0HG43,113.906898,22.5832,459
粤B0HG43,113.906898,22.5832,460
粤B0HG43,113.906898,22.5832,460
粤B0HG43,113.906898,22.5832,461
粤B0HG43,113.906898,22.5832,461
粤B0HG43,113.906898,22.5832,462
粤B0HG43,113.906898,22.5832,462
粤B0HG43,113.906898,22.5832,463
粤B0HG43,113.906898,22.5832,463
粤B0HG43,113.906898,22.5832,464
粤B0HG43,113.906898,22.5832,464
粤B0HG43,113.906898,22.5832,465
粤B0HG43,113.906898,22.5832,465
粤B0HG43,113.906898,22.5832,466
粤B0HG43,113.906898,22.5832,466
粤B0HG43,113.906898,22.5832,467
粤B0HG43,113.906898,22.5832,467
粤B0HG43,113.906898,22.5832,468
粤B0HG43,113.906898,22.5832,468
粤B0HG43,113.906898,22.5832,469
粤B0HG43,113.906898,22.5832,469
粤B0HG43,113.906898,22.5832,470
粤B0HG43,113.906898,22.5832,470
粤B0HG43,113.906898,22.5832,471
粤B0HG43,113.906898,22.5832,471
粤B0HG43,113.906898,22.5832,472
粤B0HG43,113.906898,22.5832,474
粤B0HG43,113.906898,22.5832,474
粤B0HG43,113.906898,22.5832,475
粤B0HG43,113.906898,22.5832,475
粤B0HG43,113.906898,22.5832,476
粤B0HG43,113.906898,22.5832,476
粤B0HG43,113.906898,22.5832,477
粤B0HG43,113.906898,22.5832,477
粤B0HG43,113.906898,22.5832,478
粤B0HG43,113.906898,22.5832,478
粤B0HG43,113.906898,22.5832,479
粤B0HG43,113.906898,22.5832,479
粤B0HG43,113.906898,22.5832,480
粤B0HG43,113.906898,22.5832,480
粤B0HG43,113.906898,22.5832,481
粤B0HG43,113.906898,22.5832,481
粤B0HG43,113.906898,22.5832,482
粤B0HG43,113.906898,22.5832,482
粤B0HG43,113.906898,22.5832,483
粤B0HG43,113.906898,22.5832,483
粤B0HG43,113.906898,22.5832,486
粤B0HG43,113.906898,22.5832,487
粤B0HG43,113.906898,22.5832,487
粤B0HG43,113.906898,22.5832,488
粤B0HG43,113.906898,22.5832,488
粤B0HG43,113.906898,22.5832,489
粤B0HG43,113.906898,22.5832,489
粤B0HG43,113.906898,22.5832,490
粤B0HG43,113.906898,22.5832,490
粤B0HG43,113.906898,22.5832,491
粤B0HG43,113.906898,22.5832,491
粤B0HG43,113.906898,22.5832,492
粤B0HG43,113.906898,22.5832,493
粤B0HG43,113.906898,22.5832,493
粤B0HG43,113.906898,22.5832,494
粤B0HG43,113.906898,22.5832,494
粤B0HG43,113.906898,22.5832,495
粤B0HG43,113.906898,22.5832,495
粤B0HG43,113.906898,22.5832,496
粤B0HG43,113.906898,22.5832,497
粤B0HG43,113.906898,22.5832,497
粤B0HG43,113.906898,22.5832,498
粤B0HG43,113.906898,22.5832,498
粤B0HG43,113.906898,22.5832,499
粤B0HG43,113.906898,22.5832,499
粤B0HG43,113.906898,22.5832,500
粤B0HG43,113.906898,22.5832,500
粤B0HG43,113.906898,22.5832,501
粤B0HG43,113.906898,22.5832,501
粤B0HG43,113.906898,22.5832,502
粤B0HG43,113.906898,22.5832,502
粤B0HG43,113.906898,22.5832,503
粤B0HG43,113.906898,22.5832,503
粤B0HG43,113.906898,22.5832,504
粤B0HG43,113.906898,22.5832,504
粤B0HG43,113.906898,22.5832,505
粤B0HG43,113.906898,22.5832,505
粤B0HG43,113.906898,22.5832,506
粤B0HG43,113.906898,22.5832,506
粤B0HG43,113.906898,22.5832,507
粤B0HG43,113.906898,22.5832,507
粤B0HG43,113.906898,22.5832,508
粤B0HG43,113.906898,22.5832,508
粤B0HG43,113.906898,22.5832,509
粤B0HG43,113.906898,22.5832,509
粤B0HG43,113.906898,22.5832,510
粤B0HG43,113.906898,22.5832,510
粤B0HG43,113.906898,22.5832,511
粤B0HG43,113.906898,22.5832,511
粤B0HG43,113.906898,22.5832,512
粤B0HG43,113.906898,22.5832,512
粤B0HG43,113.906898,22.5832,513
粤B0HG43,113.906898,22.5832,513
粤B0HG43,113.906898,22.5832,514
粤B0HG43,113.906898,22.5832,514
粤B0HG43,113.906898,22.5832,515
粤B0HG43,113.906898,22.5832,515
粤B0HG43,113.906898,22.5832,516
粤B0HG43,113.906898,22.5832,516
粤B0HG43,113.906898,22.5832,517
粤B0HG43,113.906898,22.5832,517
粤B0HG43,113.906898,22.5832,518
粤B0HG43,113.906898,22.5832,518
粤B0HG43,113.906898,22.5832,519
粤B0HG43,113.906898,22.5832,519
粤B0HG43,113.906898,22.5832,520
粤B0HG43,113.906898,22.5832,520
粤B0HG43,113.906898,22.5832,521
粤B0HG43,113.906898,22.5832,521
粤B0HG43,113.906898,22.5832,522
粤B0HG43,113.906898,22.5832,522
粤B0HG43,113.906898,22.5832,523
粤B0HG43,113.906898,22.5832,523
粤B0HG43,113.906898,22.5832,524
粤B0HG43,113.906898,22.5832,524
粤B0HG43,113.906898,22.5832,525
粤B0HG43,113.906898,22.5832,525
粤B0HG43,113.906898,22.5832,526
粤B0HG43,113.906898,22.5832,526
粤B0HG43,113.906898,22.5832,527
粤B0HG43,113.906898,22.5832,527
粤B0HG43,113.906898,22.5832,528
粤B0HG43,113.906898,22.5832,528
粤B0HG43,113.906898,22.5832,529
粤B0HG43,113.906898,22.5832,529
粤B0HG43,113.906898,22.5832,530
粤B0HG43,113.906898,22.5832,530
粤B0HG43,113.906898,22.5832,531
粤B0HG43,113.906898,22.5832,531
粤B0HG43,113.906898,22.5832,532
粤B0HG43,113.906898,22.5832,533
粤B0HG43,113.906898,22.5832,533
粤B0HG43,113.906898,22.5832,534
粤B0HG43,113.906898,22.5832,534
粤B0HG43,113.906898,22.5832,535
粤B0HG43,113.906898,22.5832,535
粤B0HG43,113.906898,22.5832,536
粤B0HG43,113.906898,22.5832,537
粤B0HG43,113.906898,22.5832,537
粤B0HG43,113.906898,22.5832,546
粤B0HG43,113.906898,22.5832,547
粤B0HG43,113.906898,22.5832,547
粤B0HG43,113.906898,22.5832,548
粤B0HG43,113.906898,22.5832,548
粤B0HG43,113.906898,22.5832,549
粤B0HG43,113.906898,22.5832,549
粤B0HG43,113.906898,22.5832,550
粤B0HG43,113.906898,22.5832,550
粤B0HG43,113.906898,22.5832,551
粤B0HG43,113.906898,22.5832,551
粤B0HG43,113.906898,22.5832,552
粤B0HG43,113.906898,22.5832,552
粤B0HG43,113.906898,22.5832,553
粤B0HG43,113.906898,22.5832,553
粤B0HG43,113.906898,22.5832,554
粤B0HG43,113.906898,22.5832,554
粤B0HG43,113.906898,22.5832,555
粤B0HG43,113.906898,22.5832,555
粤B0HG43,113.906898,22.5832,556
粤B0HG43,113.906898,22.5832,556
粤B0HG43,113.906898,22.5832,557
粤B0HG43,113.906898,22.5832,557
粤B0HG43,113.906898,22.5832,558
粤B0HG43,113.906898,22.5832,558
粤B0HG43,113.906898,22.5832,559
粤B0HG43,113.906898,22.5832,559
粤B0HG43,113.906898,22.5832,560
粤B0HG43,113.906898,22.5832,560
粤B0HG43,113.906898,22.5832,561
粤B0HG43,113.906898,22.5832,561
粤B0HG43,113.906898,22.5832,562
粤B0HG43,113.906898,22.5832,562
粤B0HG43,113.906898,22.5832,563
粤B0HG43,113.906898,22.5832,563
粤B0HG43,113.906898,22.5832,564
粤B0HG43,113.906898,22.5832,564
粤B0HG43,113.906898,22.5832,566
粤B0HG43,113.906898,22.5832,566
粤B0HG43,113.906898,22.5832,567
粤B0HG43,113.906898,22.5832,567
粤B0HG43,113.906898,22.5832,568
粤B0HG43,113.906898,22.5832,568
粤B0HG43,113.906898,22.5832,569
粤B0HG43,113.906898,22.5832,569
粤B0HG43,113.906898,22.5832,570
粤B0HG43,113.906898,22.5832,570
粤B0HG43,113.906898,22.5832,571
粤B0HG43,113.906898,22.5832,571
粤B0HG43,113.906898,22.5832,572
粤B0HG43,113.906898,22.5832,572
粤B0HG43,113.906898,22.5832,573
粤B0HG43,113.906898,22.5832,573
粤B0HG43,113.906898,22.5832,574
粤B0HG43,113.906898,22.5832,574
粤B0HG43,113.906898,22.5832,575
粤B0HG43,113.906898,22.5832,576
粤B0HG43,113.906898,22.5832,576
粤B0HG43,113.906898,22.5832,577
粤B0HG43,113.906898,22.5832,577
粤B0HG43,113.906898,22.5832,578
粤B0HG43,113.906898,22.5832,578
粤B0HG43,113.906898,22.5832,579
粤B0HG43,113.906898,22.5832,579
粤B0HG43,113.906898,22.5832,580
粤B0HG43,113.906898,22.5832,580
粤B0HG43,113.906898,22.5832,581
粤B0HG43,113.906898,22.5832,581
粤B0HG43,113.906898,22.5832,582
粤B0HG43,113.906898,22.5832,582
粤B0HG43,113.906898,22.5832,583
粤B0HG43,113.906898,22.5832,584
粤B0HG43,113.906898,22.5832,584
粤B0HG43,113.906898,22.5832,585
粤B0HG43,113.906898,22.5832,586
粤B0HG43,113.906898,22.5832,586
粤B0HG43,113.906898,22.5832,587
粤B0HG43,113.906898,22.5832,587
粤B0HG43,113.906898,22.5832,588
粤B0HG43,113.906898,22.5832,588
粤B0HG43,113.906898,22.5832,589
粤B0HG43,113.906898,22.5832,589
粤B0HG43,113.906898,22.5832,590
粤B0HG43,113.906898,22.5832,590
粤B0HG43,113.906898,22.5832,591
粤B0HG43,113.906898,22.5832,591
粤B0HG43,113.906898,22.5832,592
粤B0HG43,113.906898,22.5832,592
粤B0HG43,113.906898,22.5832,593
粤B0HG43,113.906898,22.5832,593
粤B0HG43,113.906898,22.5832,594
粤B0HG43,113.906898,22.5832,594
粤B0HG43,113.906898,22.5832,595
粤B0HG43,113.906898,22.5832,595
粤B0HG43,113.906898,22.5832,596
粤B0HG43,113.906898,22.5832,596
粤B0HG43,113.906898,22.5832,597
粤B0HG43,113.906898,22.5832,597
粤B0HG43,113.906898,22.5832,598
粤B0HG43,113.906898,22.5832,598
粤B0HG43,113.906898,22.5832,599
粤B0HG43,113.906898,22.5832,599
粤B0HG43,113.906898,22.5832,600
粤B0HG43,113.906898,22.5832,600
粤B0HG43,113.906898,22.5832,602
粤B0HG43,113.906898,22.5832,603
粤B0HG43,113.906898,22.5832,603
粤B0HG43,113.906898,22.5832,604
粤B0HG43,113.906898,22.5832,604
粤B0HG43,113.906898,22.5832,605
粤B0HG43,113.906898,22.5832,605
粤B0HG43,113.906898,22.5832,606
粤B0HG43,113.906898,22.5832,607
粤B0HG43,113.906898,22.5832,607
粤B0HG43,113.906898,22.5832,608
粤B0HG43,113.906898,22.5832,608
粤B0HG43,113.906898,22.5832,609
粤B0HG43,113.906898,22.5832,609
粤B0HG43,113.906898,22.5832,610
粤B0HG43,113.906898,22.5832,610
粤B0HG43,113.906898,22.5832,611
粤B0HG43,113.906898,22.5832,611
粤B0HG43,113.906898,22.5832,612
粤B0HG43,113.906898,22.5832,612
粤B0HG43,113.906898,22.5832,613
粤B0HG43,113.906898,22.5832,613
粤B0HG43,113.906898,22.5832,614
粤B0HG43,113.906898,22.5832,614
粤B0HG43,113.906898,22.5832,615
粤B0HG43,113.906898,22.5832,615
粤B0HG43,113.906898,22.5832,616
粤B0HG43,113.906898,22.5832,616
粤B0HG43,113.906898,22.5832,617
粤B0HG43,113.906898,22.5832,617
粤B0HG43,113.906898,22.5832,618
粤B0HG43,113.906898,22.5832,618
粤B0HG43,113.906898,22.5832,619
粤B0HG43,113.906898,22.5832,619
粤B0HG43,113.906898,22.5832,620
粤B0HG43,113.906898,22.5832,620
粤B0HG43,113.906898,22.5832,621
粤B0HG43,113.906898,22.5832,621
粤B0HG43,113.906898,22.5832,622
粤B0HG43,113.906898,22.5832,622
粤B0HG43,113.906898,22.5832,623
粤B0HG43,113.906898,22.5832,623
粤B0HG43,113.906898,22.5832,624
粤B0HG43,113.906898,22.5832,624
粤B0HG43,113.906898,22.5832,625
粤B0HG43,113.906898,22.5832,625
粤B0HG43,113.906898,22.5832,626
粤B0HG43,113.906898,22.5832,626
粤B0HG43,113.906898,22.5832,627
粤B0HG43,113.906898,22.5832,628
粤B0HG43,113.906898,22.5832,629
粤B0HG43,113.906898,22.5832,629
粤B0HG43,113.906898,22.5832,630
粤B0HG43,113.906898,22.5832,630
粤B0HG43,113.906898,22.5832,632
粤B0HG43,113.906898,22.5832,632
粤B0HG43,113.906898,22.5832,633
粤B0HG43,113.906898,22.5832,633
粤B0HG43,113.906502,22.5833,635
粤B0HG43,113.906898,22.5833,635
粤B0HG43,113.907997,22.5819,636
粤B0HG43,113.908897,22.5805,636
粤B0HG43,113.906403,22.5783,638
粤B0HG43,113.901901,22.5816,639
粤B0HG43,113.903503,22.58,639
粤B0HG43,113.902199,22.5811,640
粤B0HG43,113.902397,22.5809,641
粤B0HG43,113.905899,22.577499,642
粤B0HG43,113.9049,22.578501,642
粤B0HG43,113.908096,22.575199,643
粤B0HG43,113.908897,22.5716,644
粤B0HG43,113.914398,22.572201,645
粤B0HG43,113.909203,22.570999,645
粤B0HG43,113.915901,22.575001,646
粤B0HG43,113.9189,22.5725,647
粤B0HG43,113.9217,22.570101,648
粤B0HG43,113.925003,22.566799,648
粤B0HG43,113.925697,22.566299,649
粤B0HG43,113.925697,22.566299,650
粤B0HG43,113.932503,22.565001,651
粤B0HG43,113.926498,22.5655,651
粤B0HG43,113.9403,22.565701,652
粤B0HG43,113.959999,22.563299,654
粤B0HG43,113.950699,22.5648,654
粤B0HG43,113.966599,22.5734,655
粤B0HG43,113.966599,22.5734,655
粤B0HG43,113.966499,22.567699,655
粤B0HG43,113.966698,22.5795,656
粤B0HG43,113.976097,22.586201,657
粤B0HG43,113.968399,22.5833,657
粤B0HG43,113.984802,22.5863,658
粤B0HG43,113.992996,22.587999,658
粤B0HG43,114.000999,22.590799,660
粤B0HG43,114.017601,22.5919,661
粤B0HG43,114.0242,22.594101,661
粤B0HG43,114.052299,22.5926,664
粤B0HG43,114.052299,22.5926,664
粤B0HG43,114.052299,22.5926,666
粤B0HG43,114.0662,22.607201,667
粤B0HG43,114.063599,22.6059,667
粤B0HG43,114.062599,22.6054,667
粤B0HG43,114.072098,22.614799,668
粤B0HG43,114.069504,22.609699,668
粤B0HG43,114.077904,22.620399,669
粤B0HG43,114.080803,22.6276,670
粤B0HG43,114.088699,22.630301,670
粤B0HG43,114.095901,22.6332,671
粤B0HG43,114.099998,22.634501,672
粤B0HG43,114.101898,22.6357,673
粤B0HG43,114.108299,22.640499,673
粤B0HG43,114.127502,22.638399,675
粤B0HG43,114.164703,22.647699,678
粤B0HG43,114.174896,22.6523,679
粤B0HG43,114.193901,22.6621,680
粤B0HG43,114.203003,22.6677,682
粤B0HG43,114.212303,22.679701,685
粤B0HG43,114.212303,22.679701,685
粤B0HG43,114.212601,22.6798,686
粤B0HG43,114.212601,22.6798,686
粤B0HG43,114.212601,22.6798,688
粤B0HG43,114.212601,22.6798,688
粤B0HG43,114.215202,22.681,689
粤B0HG43,114.222702,22.683399,691
粤B0HG43,114.232201,22.692301,692
粤B0HG43,114.228302,22.690901,692
粤B0HG43,114.232201,22.692301,694
粤B0HG43,114.233398,22.693199,694
粤B0HG43,114.233398,22.693199,695
粤B0HG43,114.234398,22.694099,697
粤B0HG43,114.234802,22.6943,698
粤B0HG43,114.238701,22.6982,698
粤B0HG43,114.239799,22.699499,699
粤B0HG43,114.239799,22.699499,700
粤B0HG43,114.244301,22.705099,701
粤B0HG43,114.240196,22.700001,701
粤B0HG43,114.240898,22.7012,702
粤B0HG43,114.240898,22.7012,703
粤B0HG43,114.240898,22.7012,703
粤B0HG43,114.240303,22.700399,704
粤B0HG43,114.240898,22.7012,704
粤B0HG43,114.239899,22.700001,705
粤B0HG43,114.235802,22.695499,706
粤B0HG43,114.232201,22.692499,707
粤B0HG43,114.235703,22.6954,707
粤B0HG43,114.2248,22.6915,708
粤B0HG43,114.220299,22.6947,709
粤B0HG43,114.217201,22.697201,710
粤B0HG43,114.217201,22.697201,710
粤B0HG43,114.217201,22.697201,711
粤B0HG43,114.214699,22.699301,712
粤B0HG43,114.2136,22.7026,713
粤B0HG43,114.213699,22.7022,713
粤B0HG43,114.210503,22.7036,714
粤B0HG43,114.209702,22.7047,715
粤B0HG43,114.210503,22.7036,715
粤B0HG43,114.209702,22.7059,716
粤B0HG43,114.209702,22.7059,716
粤B0HG43,114.209702,22.7059,717
粤B0HG43,114.209702,22.7059,717
粤B0HG43,114.209702,22.7059,718
粤B0HG43,114.209702,22.7059,718
粤B0HG43,114.209702,22.7059,719
粤B0HG43,114.209702,22.7059,719
粤B0HG43,114.209702,22.7059,720
粤B0HG43,114.209702,22.7059,720
粤B0HG43,114.209702,22.7059,721
粤B0HG43,114.209702,22.7059,721
粤B0HG43,114.209702,22.7059,722
粤B0HG43,114.209702,22.7059,722
粤B0HG43,114.209702,22.7059,723
粤B0HG43,114.209702,22.7059,723
粤B0HG43,114.209702,22.7059,724
粤B0HG43,114.209702,22.7059,724
粤B0HG43,114.209702,22.7059,725
粤B0HG43,114.209702,22.7059,725
粤B0HG43,114.209702,22.7059,726
粤B0HG43,114.209702,22.7059,726
粤B0HG43,114.209702,22.7059,727
粤B0HG43,114.209702,22.7059,727
粤B0HG43,114.209702,22.7059,728
粤B0HG43,114.209702,22.7059,728
粤B0HG43,114.209702,22.7059,729
粤B0HG43,114.209702,22.7059,729
粤B0HG43,114.209702,22.7059,730
粤B0HG43,114.209702,22.7059,730
粤B0HG43,114.209702,22.7059,731
粤B0HG43,114.209702,22.7059,731
粤B0HG43,114.209702,22.7059,732
粤B0HG43,114.209702,22.7059,732
粤B0HG43,114.209702,22.7059,733
粤B0HG43,114.209702,22.7059,733
粤B0HG43,114.209702,22.7059,734
粤B0HG43,114.209702,22.7059,734
粤B0HG43,114.209702,22.7059,735
粤B0HG43,114.209702,22.7059,735
粤B0HG43,114.209702,22.7059,736
粤B0HG43,114.209702,22.7059,736
粤B0HG43,114.209702,22.7059,737
粤B0HG43,114.209702,22.7059,737
粤B0HG43,114.209702,22.7059,738
粤B0HG43,114.209702,22.7059,738
粤B0HG43,114.209702,22.7059,739
粤B0HG43,114.209702,22.7059,739
粤B0HG43,114.209702,22.7059,740
粤B0HG43,114.209702,22.7059,740
粤B0HG43,114.209702,22.7059,741
粤B0HG43,114.209702,22.7059,741
粤B0HG43,114.209702,22.7059,742
粤B0HG43,114.209702,22.7059,742
粤B0HG43,114.209702,22.7059,743
粤B0HG43,114.209702,22.7059,743
粤B0HG43,114.209702,22.7059,744
粤B0HG43,114.209702,22.7059,744
粤B0HG43,114.209702,22.7059,745
粤B0HG43,114.209702,22.7059,745
粤B0HG43,114.209702,22.7059,746
粤B0HG43,114.209702,22.7059,746
粤B0HG43,114.209702,22.7059,747
粤B0HG43,114.209702,22.7059,747
粤B0HG43,114.209702,22.7059,748
粤B0HG43,114.209702,22.7059,748
粤B0HG43,114.209702,22.7059,749
粤B0HG43,114.209702,22.7059,749
粤B0HG43,114.209702,22.7059,750
粤B0HG43,114.209702,22.7059,750
粤B0HG43,114.209702,22.7059,751
粤B0HG43,114.209702,22.7059,751
粤B0HG43,114.209702,22.7059,752
粤B0HG43,114.209702,22.7059,752
粤B0HG43,114.209702,22.7059,753
粤B0HG43,114.209702,22.7059,753
粤B0HG43,114.209702,22.7059,754
粤B0HG43,114.209702,22.7059,754
粤B0HG43,114.209702,22.7059,755
粤B0HG43,114.209702,22.7059,755
粤B0HG43,114.209702,22.7059,756
粤B0HG43,114.209702,22.7059,756
粤B0HG43,114.209702,22.7059,757
粤B0HG43,114.209702,22.7059,757
粤B0HG43,114.209702,22.7059,758
粤B0HG43,114.209702,22.7059,758
粤B0HG43,114.209702,22.7059,759
粤B0HG43,114.209702,22.7059,759
粤B0HG43,114.209702,22.7059,760
粤B0HG43,114.209702,22.7059,760
粤B0HG43,114.209702,22.7059,761
粤B0HG43,114.209702,22.7059,761
粤B0HG43,114.209702,22.7059,762
粤B0HG43,114.209702,22.7059,763
粤B0HG43,114.209702,22.7059,763
粤B0HG43,114.209702,22.7059,764
粤B0HG43,114.209702,22.7059,764
粤B0HG43,114.209702,22.7059,765
粤B0HG43,114.209702,22.7059,766
粤B0HG43,114.209702,22.7059,766
粤B0HG43,114.209702,22.7059,767
粤B0HG43,114.209702,22.7059,767
粤B0HG43,114.209999,22.706301,768
粤B0HG43,114.209702,22.7059,768
粤B0HG43,114.209999,22.706301,769
粤B0HG43,114.209999,22.706301,770
粤B0HG43,114.209999,22.706301,770
粤B0HG43,114.209999,22.706301,771
粤B0HG43,114.209999,22.706301,772
粤B0HG43,114.209999,22.706301,772
粤B0HG43,114.209999,22.706301,773
粤B0HG43,114.202599,22.705799,774
粤B0HG43,114.202599,22.705799,774
粤B0HG43,114.202599,22.705799,775
粤B0HG43,114.202599,22.705799,775
粤B0HG43,114.202599,22.705799,776
粤B0HG43,114.202599,22.705799,776
粤B0HG43,114.202599,22.705799,777
粤B0HG43,114.202599,22.705799,778
粤B0HG43,114.202599,22.705799,778
粤B0HG43,114.202599,22.705799,779
粤B0HG43,114.202599,22.705799,779
粤B0HG43,114.202599,22.705799,780
粤B0HG43,114.202599,22.705799,780
粤B0HG43,114.202599,22.705799,781
粤B0HG43,114.202599,22.705799,781
粤B0HG43,114.202599,22.705799,782
粤B0HG43,114.202599,22.705799,782
粤B0HG43,114.202599,22.705799,783
粤B0HG43,114.202599,22.705799,783
粤B0HG43,114.202599,22.705799,784
粤B0HG43,114.202599,22.705799,784
粤B0HG43,114.202599,22.705799,785
粤B0HG43,114.202599,22.705799,785
粤B0HG43,114.209503,22.7071,786
粤B0HG43,114.205902,22.707399,787
粤B0HG43,114.206398,22.707399,787
粤B0HG43,114.205597,22.7024,788
粤B0HG43,114.208298,22.6971,788
粤B0HG43,114.208298,22.6971,788
粤B0HG43,114.208298,22.6971,789
粤B0HG43,114.210899,22.691799,790
粤B0HG43,114.206001,22.686701,790
粤B0HG43,114.204002,22.681999,791
粤B0HG43,114.203499,22.679001,791
粤B0HG43,114.195801,22.6756,793
粤B0HG43,114.189102,22.6686,793
粤B0HG43,114.181396,22.660999,794
粤B0HG43,114.172096,22.6563,794
粤B0HG43,114.1614,22.658199,796
粤B0HG43,114.139503,22.6611,797
粤B0HG43,114.150497,22.661501,797
粤B0HG43,114.130798,22.662201,798
粤B0HG43,114.121803,22.6649,799
粤B0HG43,114.101402,22.6647,800
粤B0HG43,114.1119,22.6651,800
粤B0HG43,114.082497,22.670099,802
粤B0HG43,114.063202,22.677999,803
粤B0HG43,114.072197,22.6744,803
粤B0HG43,114.055298,22.682301,804
粤B0HG43,114.046501,22.6835,805
粤B0HG43,114.044197,22.6838,806
粤B0HG43,114.043198,22.683901,806
粤B0HG43,114.028198,22.684099,807
粤B0HG43,114.0177,22.686199,807
粤B0HG43,113.999702,22.6896,809
粤B0HG43,114.008301,22.686701,809
粤B0HG43,113.982597,22.689301,810
粤B0HG43,113.991203,22.6912,810
粤B0HG43,113.974098,22.687201,812
粤B0HG43,113.964203,22.6856,812
粤B0HG43,113.980698,22.688499,812
粤B0HG43,113.944901,22.676901,813
粤B0HG43,113.9263,22.6642,815
粤B0HG43,113.934898,22.671,815
粤B0HG43,113.904999,22.659201,816
粤B0HG43,113.916801,22.6591,816
粤B0HG43,113.883904,22.6581,818
粤B0HG43,113.894798,22.6593,818
粤B0HG43,113.863403,22.650999,819
粤B0HG43,113.872299,22.6563,819
粤B0HG43,113.980698,22.688499,822
粤B0HG43,113.858704,22.6367,822
粤B0HG43,113.858597,22.636499,823
粤B0HG43,113.857201,22.6343,824
粤B0HG43,113.8489,22.624001,825
粤B0HG43,113.850502,22.6297,825
粤B0HG43,113.840897,22.621099,826
粤B0HG43,113.980698,22.688499,828
粤B0HG43,113.980698,22.688499,828
粤B0HG43,113.823402,22.6143,828
粤B0HG43,113.819504,22.6124,829
粤B0HG43,113.812202,22.623199,830
粤B0HG43,113.813698,22.6187,830
粤B0HG43,113.812302,22.6269,831
粤B0HG43,113.808998,22.6273,832
粤B0HG43,113.808403,22.6269,835
粤B0HG43,113.808403,22.6269,835
粤B0HG43,113.806801,22.6262,836
粤B0HG43,113.807899,22.626699,836
粤B0HG43,113.807999,22.621201,837
粤B0HG43,113.806396,22.6238,837
粤B0HG43,113.808899,22.619301,838
粤B0HG43,113.807701,22.621799,838
粤B0HG43,113.811302,22.615101,839
粤B0HG43,113.812202,22.6134,839
粤B0HG43,113.8125,22.612801,840
粤B0HG43,113.815002,22.6138,840
粤B0HG43,113.815399,22.615999,841
粤B0HG43,113.8134,22.619499,841
粤B0HG43,113.812103,22.621799,842
粤B0HG43,113.813004,22.624901,842
粤B0HG43,113.810997,22.628099,843
粤B0HG43,113.809601,22.6276,843
粤B0HG43,113.808502,22.627001,844
粤B0HG43,113.807999,22.626801,844
粤B0HG43,113.806396,22.626101,845
粤B0HG43,113.807602,22.626699,845
粤B0HG43,113.809799,22.6182,846
粤B0HG43,113.807404,22.622601,846
粤B0HG43,113.814903,22.6103,847
粤B0HG43,113.812401,22.613501,847
粤B0HG43,113.818398,22.6103,848
粤B0HG43,113.8209,22.612801,848
粤B0HG43,113.825203,22.614901,849
粤B0HG43,113.830002,22.6171,849
粤B0HG43,113.8339,22.6189,850
粤B0HG43,113.834099,22.618999,850
粤B0HG43,113.834099,22.618999,851
粤B0HG43,113.834099,22.618999,851
粤B0HG43,113.834801,22.6196,852
粤B0HG43,113.834099,22.618999,852
粤B0HG43,113.834702,22.620399,853
粤B0HG43,113.834702,22.620399,853
粤B0HG43,113.833702,22.623501,854
粤B0HG43,113.834602,22.620501,854
粤B0HG43,113.832703,22.627399,855
粤B0HG43,113.832703,22.6273,855
粤B0HG43,113.832298,22.629101,856
粤B0HG43,113.831497,22.630199,856
粤B0HG43,113.832298,22.629101,856
粤B0HG43,113.831497,22.630199,857
粤B0HG43,113.831497,22.630199,857
粤B0HG43,113.831398,22.630501,858
粤B0HG43,113.8321,22.628201,858
粤B0HG43,113.832199,22.6278,859
粤B0HG43,113.832703,22.625601,859
粤B0HG43,113.834099,22.620399,860
粤B0HG43,113.834297,22.6199,860
粤B0HG43,113.837097,22.613899,861
粤B0HG43,113.835297,22.617901,861
粤B0HG43,113.830299,22.609699,862
粤B0HG43,113.8358,22.6119,862
粤B0HG43,113.827202,22.6084,863
粤B0HG43,113.8293,22.608801,864
粤B0HG43,113.8293,22.608801,864
粤B0HG43,113.828903,22.6087,864
粤B0HG43,113.829803,22.608999,865
粤B0HG43,113.8293,22.608801,865
粤B0HG43,113.831703,22.6075,866
粤B0HG43,113.830002,22.606701,866
粤B0HG43,113.828796,22.6063,867
粤B0HG43,113.8283,22.606199,867
粤B0HG43,113.828598,22.606199,868
粤B0HG43,113.828598,22.606199,868
粤B0HG43,113.828598,22.606199,869
粤B0HG43,113.828598,22.606199,869
粤B0HG43,113.828598,22.606199,870
粤B0HG43,113.828598,22.606199,870
粤B0HG43,113.828598,22.606199,871
粤B0HG43,113.828598,22.606199,871
粤B0HG43,113.828598,22.606199,872
粤B0HG43,113.828598,22.606199,872
粤B0HG43,113.828598,22.606199,873
粤B0HG43,113.828598,22.606199,873
粤B0HG43,113.828598,22.606199,874
粤B0HG43,113.828598,22.606199,874
粤B0HG43,113.828598,22.606199,875
粤B0HG43,113.828598,22.606199,875
粤B0HG43,113.828598,22.606199,876
粤B0HG43,113.828598,22.606199,876
粤B0HG43,113.828598,22.606199,877
粤B0HG43,113.828598,22.606199,877
粤B0HG43,113.828598,22.606199,878
粤B0HG43,113.828598,22.606199,878
粤B0HG43,113.828598,22.606199,879
粤B0HG43,113.828598,22.606199,879
粤B0HG43,113.828598,22.606199,880
粤B0HG43,113.828598,22.606199,880
粤B0HG43,113.828499,22.606199,881
粤B0HG43,113.828697,22.6063,881
粤B0HG43,113.827904,22.6061,882
粤B0HG43,113.827904,22.6061,882
粤B0HG43,113.828003,22.604799,883
粤B0HG43,113.829102,22.602501,883
粤B0HG43,113.829498,22.601999,884
粤B0HG43,113.829399,22.602301,884
粤B0HG43,113.829498,22.601999,885
粤B0HG43,113.829399,22.6021,885
粤B0HG43,113.829498,22.6024,886
粤B0HG43,113.831001,22.603201,886
粤B0HG43,113.833397,22.604,887
粤B0HG43,113.833603,22.6042,887
粤B0HG43,113.839699,22.606701,888
粤B0HG43,113.836601,22.605499,888
粤B0HG43,113.829102,22.602501,889
粤B0HG43,113.841103,22.6054,889
粤B0HG43,113.841904,22.6036,889
粤B0HG43,113.841202,22.603201,890
粤B0HG43,113.839699,22.602501,890
粤B0HG43,113.838303,22.602301,891
粤B0HG43,113.837898,22.6021,891
粤B0HG43,113.837898,22.6021,891
粤B0HG43,113.837997,22.6021,891
粤B0HG43,113.836899,22.605101,892
粤B0HG43,113.837402,22.6026,892
粤B0HG43,113.837601,22.605801,893
粤B0HG43,113.8395,22.606701,893
粤B0HG43,113.8395,22.606701,894
粤B0HG43,113.8395,22.606701,894
粤B0HG43,113.840202,22.606899,895
粤B0HG43,113.8395,22.606701,895
粤B0HG43,113.840202,22.606899,896
粤B0HG43,113.840202,22.606899,896
粤B0HG43,113.840202,22.606899,897
粤B0HG43,113.840202,22.606899,897
粤B0HG43,113.845299,22.608999,898
粤B0HG43,113.840599,22.6071,898
粤B0HG43,113.846497,22.6096,899
粤B0HG43,113.850403,22.611,899
粤B0HG43,113.855003,22.611401,900
粤B0HG43,113.852402,22.611799,900
粤B0HG43,113.857201,22.6084,901
粤B0HG43,113.861298,22.603901,901
粤B0HG43,113.864502,22.599001,902
粤B0HG43,113.866898,22.5952,902
粤B0HG43,113.869202,22.591299,903
粤B0HG43,113.871902,22.587799,903
粤B0HG43,113.874901,22.5844,904
粤B0HG43,113.875298,22.5837,904
粤B0HG43,113.875603,22.5835,905
粤B0HG43,113.875298,22.5837,905
粤B0HG43,113.877197,22.5818,906
粤B0HG43,113.878998,22.579901,906
粤B0HG43,113.879799,22.579201,907
粤B0HG43,113.881104,22.577,907
粤B0HG43,113.880203,22.576099,908
粤B0HG43,113.879601,22.5756,908
粤B0HG43,113.8806,22.576099,909
粤B0HG43,113.879097,22.575199,909
粤B0HG43,113.882797,22.5765,910
粤B0HG43,113.884804,22.574699,910
粤B0HG43,113.886002,22.573601,911
粤B0HG43,113.889198,22.570601,912
粤B0HG43,113.888603,22.571199,912
粤B0HG43,113.890099,22.569599,913
粤B0HG43,113.891502,22.568199,913
粤B0HG43,113.891998,22.5674,914
粤B0HG43,113.891998,22.566601,914
粤B0HG43,113.893204,22.566099,915
粤B0HG43,113.893898,22.5669,915
粤B0HG43,113.893898,22.5669,916
粤B0HG43,113.894302,22.5676,916
粤B0HG43,113.895897,22.569099,917
粤B0HG43,113.895897,22.569099,917
粤B0HG43,113.895897,22.569099,918
粤B0HG43,113.896004,22.569201,918
粤B0HG43,113.898201,22.570999,919
粤B0HG43,113.8974,22.5704,919
粤B0HG43,113.898499,22.571301,920
粤B0HG43,113.899002,22.571699,920
粤B0HG43,113.899002,22.571699,921
粤B0HG43,113.899002,22.571699,921
粤B0HG43,113.900002,22.572599,922
粤B0HG43,113.902603,22.5748,922
粤B0HG43,113.902702,22.5749,923
粤B0HG43,113.901802,22.5763,923
粤B0HG43,113.899696,22.5786,924
粤B0HG43,113.900101,22.5781,924
粤B0HG43,113.900703,22.58,925
粤B0HG43,113.900703,22.579599,925
粤B0HG43,113.900398,22.5807,926
粤B0HG43,113.900398,22.5807,926
粤B0HG43,113.900398,22.5807,927
粤B0HG43,113.900398,22.5807,927
粤B0HG43,113.900398,22.5807,928
粤B0HG43,113.900398,22.5807,929
粤B0HG43,113.900398,22.5807,930
粤B0HG43,113.900398,22.5807,930
粤B0HG43,113.900398,22.5807,931
粤B0HG43,113.900398,22.5807,932
粤B0HG43,113.900398,22.5807,932
粤B0HG43,113.900398,22.5807,933
粤B0HG43,113.900398,22.5807,933
粤B0HG43,113.900398,22.5807,934
粤B0HG43,113.900398,22.5807,934
粤B0HG43,113.900803,22.58,935
粤B0HG43,113.900398,22.5807,935
粤B0HG43,113.898399,22.5776,936
粤B0HG43,113.899902,22.5788,936
粤B0HG43,113.893799,22.5776,937
粤B0HG43,113.896202,22.575701,937
粤B0HG43,113.8927,22.5786,938
粤B0HG43,113.8927,22.5786,938
粤B0HG43,113.8918,22.578699,939
粤B0HG43,113.890404,22.5774,939
粤B0HG43,113.890404,22.5774,939
粤B0HG43,113.890404,22.5774,939
粤B0HG43,113.889702,22.5769,940
粤B0HG43,113.8908,22.5753,940
粤B0HG43,113.8927,22.573299,941
粤B0HG43,113.891197,22.5748,941
粤B0HG43,113.894501,22.5716,942
粤B0HG43,113.896103,22.569799,942
粤B0HG43,113.892197,22.5672,943
粤B0HG43,113.892097,22.567101,944
粤B0HG43,113.890701,22.5648,945
粤B0HG43,113.890701,22.5648,945
粤B0HG43,113.890701,22.5648,946
粤B0HG43,113.890503,22.5646,946
粤B0HG43,113.888702,22.5632,947
粤B0HG43,113.884804,22.563801,948
粤B0HG43,113.886497,22.562099,948
粤B0HG43,113.884804,22.563801,949
粤B0HG43,113.884804,22.563801,949
粤B0HG43,113.884804,22.563801,950
粤B0HG43,113.884804,22.563801,950
粤B0HG43,113.884804,22.563801,951
粤B0HG43,113.884804,22.563801,951
粤B0HG43,113.884804,22.563801,952
粤B0HG43,113.884804,22.563801,952
粤B0HG43,113.884804,22.563801,953
粤B0HG43,113.884804,22.563801,953
粤B0HG43,113.884804,22.563801,954
粤B0HG43,113.884804,22.563801,954
粤B0HG43,113.884804,22.563801,955
粤B0HG43,113.884804,22.563801,955
粤B0HG43,113.884804,22.563801,956
粤B0HG43,113.884804,22.563801,956
粤B0HG43,113.884499,22.5639,957
粤B0HG43,113.884804,22.563801,957
粤B0HG43,113.886002,22.566799,958
粤B0HG43,113.884499,22.5655,958
粤B0HG43,113.887497,22.565901,959
粤B0HG43,113.888,22.5653,959
粤B0HG43,113.888901,22.564501,960
粤B0HG43,113.888901,22.564501,960
粤B0HG43,113.888901,22.564501,961
粤B0HG43,113.890099,22.564199,961
粤B0HG43,113.894203,22.567499,962
粤B0HG43,113.893303,22.5662,962
粤B0HG43,113.896202,22.569201,963
粤B0HG43,113.895203,22.568501,963
粤B0HG43,113.897003,22.569,964
粤B0HG43,113.898598,22.5674,964
粤B0HG43,113.8992,22.566799,965
粤B0HG43,113.901497,22.564501,966
粤B0HG43,113.902496,22.563499,967
粤B0HG43,113.902603,22.5634,967
粤B0HG43,113.902496,22.563499,967
粤B0HG43,113.902,22.5639,967
粤B0HG43,113.903702,22.562401,968
粤B0HG43,113.903702,22.562401,968
粤B0HG43,113.905197,22.563,969
粤B0HG43,113.906502,22.564199,969
粤B0HG43,113.906502,22.564199,970
粤B0HG43,113.905098,22.566299,971
粤B0HG43,113.906799,22.5646,971
粤B0HG43,113.904297,22.567101,972
粤B0HG43,113.902397,22.569401,973
粤B0HG43,113.902496,22.569,973
粤B0HG43,113.9039,22.570601,974
粤B0HG43,113.9039,22.570601,974
粤B0HG43,113.9039,22.570601,974
粤B0HG43,113.904099,22.570801,975
粤B0HG43,113.904099,22.570801,975
粤B0HG43,113.904404,22.570999,976
粤B0HG43,113.904099,22.570801,976
粤B0HG43,113.904404,22.570999,977
粤B0HG43,113.904404,22.570999,977
粤B0HG43,113.904404,22.570999,978
粤B0HG43,113.904404,22.570999,978
粤B0HG43,113.904404,22.570999,979
粤B0HG43,113.904602,22.571199,980
粤B0HG43,113.904602,22.571199,980
粤B0HG43,113.904602,22.571199,981
粤B0HG43,113.904602,22.571199,982
粤B0HG43,113.904602,22.571199,982
粤B0HG43,113.904602,22.571199,983
粤B0HG43,113.904602,22.571199,983
粤B0HG43,113.904602,22.571199,984
粤B0HG43,113.904602,22.571199,984
粤B0HG43,113.902603,22.5634,985
粤B0HG43,113.904602,22.571199,985
粤B0HG43,113.904602,22.571199,985
粤B0HG43,113.9049,22.5716,986
粤B0HG43,113.904701,22.571301,986
粤B0HG43,113.905602,22.5721,987
粤B0HG43,113.905602,22.5721,987
粤B0HG43,113.9039,22.5744,988
粤B0HG43,113.905098,22.573099,988
粤B0HG43,113.903198,22.575001,989
粤B0HG43,113.903198,22.575001,989
粤B0HG43,113.903198,22.575001,990
粤B0HG43,113.902397,22.5758,990
粤B0HG43,113.901299,22.577,991
粤B0HG43,113.900002,22.5783,991
粤B0HG43,113.899902,22.5784,992
粤B0HG43,113.897202,22.5765,993
粤B0HG43,113.893402,22.5779,994
粤B0HG43,113.893402,22.5779,994
粤B0HG43,113.892601,22.578699,995
粤B0HG43,113.893402,22.5779,995
粤B0HG43,113.892502,22.578899,996
粤B0HG43,113.892502,22.578899,997
粤B0HG43,113.892502,22.578899,997
粤B0HG43,113.889198,22.582199,998
粤B0HG43,113.891502,22.5798,998
粤B0HG43,113.887199,22.584,999
粤B0HG43,113.884804,22.5865,999
粤B0HG43,113.8853,22.5898,1000
粤B0HG43,113.885803,22.587799,1000
粤B0HG43,113.885201,22.59,1000
粤B0HG43,113.885696,22.5889,1001
粤B0HG43,113.886002,22.5881,1001
粤B0HG43,113.8862,22.587999,1002
粤B0HG43,113.887901,22.5886,1002
粤B0HG43,113.887901,22.5886,1003
粤B0HG43,113.887901,22.5886,1003
粤B0HG43,113.888702,22.5874,1004
粤B0HG43,113.889603,22.585699,1004
粤B0HG43,113.890099,22.5846,1005
粤B0HG43,113.890099,22.5846,1005
粤B0HG43,113.890099,22.5844,1006
粤B0HG43,113.893402,22.584999,1006
粤B0HG43,113.894798,22.5835,1007
粤B0HG43,113.895203,22.583099,1007
粤B0HG43,113.895401,22.5828,1008
粤B0HG43,113.896301,22.5819,1009
粤B0HG43,113.896301,22.5818,1009
粤B0HG43,113.896301,22.5818,1009
粤B0HG43,113.898102,22.580099,1010
粤B0HG43,113.896599,22.581699,1010
粤B0HG43,113.899498,22.578699,1011
粤B0HG43,113.8993,22.579,1011
粤B0HG43,113.897202,22.5811,1012
粤B0HG43,113.8965,22.580999,1013
粤B0HG43,113.897003,22.5812,1013
粤B0HG43,113.895699,22.579,1014
粤B0HG43,113.894798,22.5784,1015
粤B0HG43,113.895203,22.578699,1015
粤B0HG43,113.893204,22.578199,1016
粤B0HG43,113.894302,22.5774,1016
粤B0HG43,113.893204,22.5783,1017
粤B0HG43,113.893204,22.578199,1017
粤B0HG43,113.8927,22.578699,1018
粤B0HG43,113.890602,22.5807,1018
粤B0HG43,113.888603,22.5828,1019
粤B0HG43,113.889,22.5823,1019
粤B0HG43,113.893799,22.5937,1027
粤B0HG43,113.895203,22.596901,1029
粤B0HG43,113.889,22.601101,1030
粤B0HG43,113.883301,22.6064,1030
粤B0HG43,113.879303,22.612301,1031
粤B0HG43,113.863098,22.6234,1032
粤B0HG43,113.870697,22.620199,1032
粤B0HG43,113.848099,22.630301,1033
粤B0HG43,113.8377,22.6415,1034
粤B0HG43,113.842598,22.635599,1034
粤B0HG43,113.833298,22.647499,1035
粤B0HG43,113.830704,22.6528,1035
粤B0HG43,113.8293,22.656799,1036
粤B0HG43,113.8293,22.656799,1036
粤B0HG43,113.8284,22.6623,1036
粤B0HG43,113.829697,22.674801,1037
粤B0HG43,113.8284,22.6682,1037
粤B0HG43,113.832497,22.6817,1038
粤B0HG43,113.843002,22.7003,1039
粤B0HG43,113.847298,22.7131,1040
粤B0HG43,113.845596,22.7068,1040
粤B0HG43,113.848,22.726101,1041
粤B0HG43,113.848099,22.719801,1041
粤B0HG43,113.847603,22.735201,1042
粤B0HG43,113.847504,22.731001,1042
粤B0HG43,113.846901,22.7367,1043
粤B0HG43,113.846802,22.736799,1043
粤B0HG43,113.846199,22.738001,1044
粤B0HG43,113.846802,22.7369,1044
粤B0HG43,113.843597,22.7381,1045
粤B0HG43,113.842499,22.7362,1045
粤B0HG43,113.841003,22.7384,1046
粤B0HG43,113.841301,22.741699,1046
粤B0HG43,113.842796,22.746901,1047
粤B0HG43,113.844101,22.7596,1048
粤B0HG43,113.843498,22.755301,1048
粤B0HG43,113.844902,22.767,1049
粤B0HG43,113.844902,22.763,1049
粤B0HG43,113.842102,22.7722,1050
粤B0HG43,113.843498,22.770399,1050
粤B0HG43,113.8405,22.773899,1051
粤B0HG43,113.839203,22.7759,1051
粤B0HG43,113.839302,22.7794,1052
粤B0HG43,113.837997,22.778099,1052
粤B0HG43,113.8395,22.779499,1053
粤B0HG43,113.841003,22.7799,1053
粤B0HG43,113.843697,22.7808,1054
粤B0HG43,113.846802,22.781799,1054
粤B0HG43,113.848801,22.7826,1055
粤B0HG43,113.848801,22.7826,1055
粤B0HG43,113.848801,22.7826,1056
粤B0HG43,113.848801,22.7826,1056
粤B0HG43,113.848801,22.7826,1057
粤B0HG43,113.849098,22.784,1057
粤B0HG43,113.849602,22.7908,1058
粤B0HG43,113.849197,22.7889,1058
粤B0HG43,113.849503,22.7915,1059
粤B0HG43,113.849098,22.795099,1059
粤B0HG43,113.8517,22.798201,1060
粤B0HG43,113.850601,22.796801,1060
粤B0HG43,113.854401,22.798401,1061
粤B0HG43,113.852898,22.7988,1061
粤B0HG43,113.854698,22.7983,1062
粤B0HG43,113.854698,22.7983,1062
粤B0HG43,113.854698,22.7983,1063
粤B0HG43,113.854698,22.7983,1063
粤B0HG43,113.854698,22.7983,1064
粤B0HG43,113.854698,22.7983,1064
粤B0HG43,113.856102,22.797899,1065
粤B0HG43,113.857803,22.797199,1065
粤B0HG43,113.860199,22.798901,1066
粤B0HG43,113.858803,22.7988,1066
粤B0HG43,113.862503,22.798599,1067
粤B0HG43,113.862801,22.798599,1068
粤B0HG43,113.863998,22.7988,1070
粤B0HG43,113.859901,22.7995,1071
粤B0HG43,113.862,22.7988,1071
粤B0HG43,113.857101,22.8006,1072
粤B0HG43,113.856499,22.802099,1073
粤B0HG43,113.856796,22.802601,1073
粤B0HG43,113.857597,22.8041,1074
粤B0HG43,113.857399,22.803699,1074
粤B0HG43,113.857101,22.8032,1075
粤B0HG43,113.856903,22.802799,1075
粤B0HG43,113.856598,22.802401,1076
粤B0HG43,113.855904,22.8016,1076
粤B0HG43,113.855003,22.8004,1077
粤B0HG43,113.855598,22.8013,1077
粤B0HG43,113.853104,22.7994,1078
粤B0HG43,113.853104,22.7994,1078
粤B0HG43,113.851402,22.7983,1079
粤B0HG43,113.852097,22.799,1079
粤B0HG43,113.851402,22.7983,1080
粤B0HG43,113.851196,22.797701,1080
粤B0HG43,113.8508,22.797199,1081
粤B0HG43,113.851097,22.7976,1081
粤B0HG43,113.8508,22.797199,1082
粤B0HG43,113.8508,22.797199,1082
粤B0HG43,113.850601,22.7969,1083
粤B0HG43,113.8508,22.797199,1083
粤B0HG43,113.850304,22.7966,1084
粤B0HG43,113.850304,22.7966,1084
粤B0HG43,113.850304,22.7966,1085
粤B0HG43,113.850304,22.7966,1085
粤B0HG43,113.849602,22.796,1086
粤B0HG43,113.849899,22.7962,1086
粤B0HG43,113.849197,22.7955,1087
粤B0HG43,113.849602,22.796,1087
粤B0HG43,113.849197,22.7955,1088
粤B0HG43,113.849197,22.7955,1088
粤B0HG43,113.848999,22.7946,1089
粤B0HG43,113.848999,22.795,1089
粤B0HG43,113.848999,22.7945,1090
粤B0HG43,113.849098,22.7943,1090
粤B0HG43,113.849098,22.7941,1091
粤B0HG43,113.849098,22.7943,1091
粤B0HG43,113.849197,22.7936,1092
粤B0HG43,113.849098,22.7938,1092
粤B0HG43,113.849197,22.7936,1093
粤B0HG43,113.849197,22.7936,1093
粤B0HG43,113.849197,22.7936,1094
粤B0HG43,113.849197,22.7936,1094
粤B0HG43,113.849297,22.7929,1095
粤B0HG43,113.849197,22.7931,1095
粤B0HG43,113.849297,22.792299,1096
粤B0HG43,113.849503,22.7906,1097
粤B0HG43,113.848999,22.788799,1097
粤B0HG43,113.848701,22.7876,1098
粤B0HG43,113.848801,22.7861,1098
粤B0HG43,113.849098,22.7817,1099
粤B0HG43,113.8489,22.7845,1099
粤B0HG43,113.848701,22.7766,1100
粤B0HG43,113.849297,22.778999,1100
粤B0HG43,113.848198,22.7743,1101
粤B0HG43,113.847702,22.7736,1101
粤B0HG43,113.844803,22.772699,1102
粤B0HG43,113.843201,22.772301,1102
粤B0HG43,113.843201,22.772301,1103
粤B0HG43,113.843201,22.772301,1103
粤B0HG43,113.843201,22.772301,1104
粤B0HG43,113.843201,22.772301,1104
粤B0HG43,113.842003,22.771799,1105
粤B0HG43,113.8424,22.7721,1105
粤B0HG43,113.843102,22.770399,1106
粤B0HG43,113.843903,22.768801,1106
粤B0HG43,113.844299,22.768101,1107
粤B0HG43,113.844803,22.766001,1107
粤B0HG43,113.844704,22.763599,1108
粤B0HG43,113.844803,22.765499,1108
粤B0HG43,113.843903,22.7603,1109
粤B0HG43,113.843399,22.7586,1109
粤B0HG43,113.843399,22.7586,1110
粤B0HG43,113.843399,22.7586,1110
粤B0HG43,113.843399,22.7586,1111
粤B0HG43,113.843399,22.7586,1111
粤B0HG43,113.843399,22.758499,1112
粤B0HG43,113.843399,22.757601,1112
粤B0HG43,113.843201,22.7547,1113
粤B0HG43,113.843102,22.751301,1113
粤B0HG43,113.842201,22.745701,1114
粤B0HG43,113.842796,22.748699,1114
粤B0HG43,113.842201,22.745701,1114
粤B0HG43,113.8405,22.7402,1115
粤B0HG43,113.840401,22.739901,1116
粤B0HG43,113.840302,22.739599,1116
粤B0HG43,113.840202,22.7391,1117
粤B0HG43,113.840103,22.738701,1117
粤B0HG43,113.8386,22.739,1118
粤B0HG43,113.8395,22.7388,1118
粤B0HG43,113.837997,22.7402,1119
粤B0HG43,113.838097,22.739201,1119
粤B0HG43,113.838203,22.740999,1120
粤B0HG43,113.838303,22.7416,1120
粤B0HG43,113.837303,22.7423,1121
粤B0HG43,113.839302,22.741301,1121
粤B0HG43,113.834099,22.7437,1122
粤B0HG43,113.830704,22.7465,1122
粤B0HG43,113.826401,22.750299,1123
粤B0HG43,113.827698,22.749201,1123
粤B0HG43,113.826401,22.750299,1124
粤B0HG43,113.826401,22.750299,1124
粤B0HG43,113.824799,22.7512,1125
粤B0HG43,113.823402,22.7519,1125
粤B0HG43,113.8218,22.753099,1126
粤B0HG43,113.822098,22.755899,1126
粤B0HG43,113.822403,22.7584,1127
粤B0HG43,113.822403,22.7584,1127
粤B0HG43,113.822502,22.758499,1128
粤B0HG43,113.822502,22.758699,1128
粤B0HG43,113.822502,22.758801,1128
粤B0HG43,113.824898,22.7638,1129
粤B0HG43,113.823196,22.761299,1129
粤B0HG43,113.827698,22.762199,1130
粤B0HG43,113.826202,22.7633,1130
粤B0HG43,113.829002,22.761101,1131
粤B0HG43,113.830101,22.760201,1131
粤B0HG43,113.832001,22.758499,1132
粤B0HG43,113.831497,22.7589,1132
粤B0HG43,113.833504,22.757999,1133
粤B0HG43,113.832497,22.757999,1133
粤B0HG43,113.8405,22.757799,1134
粤B0HG43,113.836601,22.7579,1134
粤B0HG43,113.8433,22.757401,1135
粤B0HG43,113.843201,22.7547,1135
粤B0HG43,113.843102,22.750999,1136
粤B0HG43,113.842598,22.7467,1136
粤B0HG43,113.841301,22.742201,1137
粤B0HG43,113.839996,22.737499,1137
粤B0HG43,113.828903,22.711,1145
粤B0HG43,113.828201,22.7075,1146
粤B0HG43,113.827698,22.7052,1146
粤B0HG43,113.827301,22.702999,1147
粤B0HG43,113.827103,22.700001,1147
粤B0HG43,113.827301,22.697901,1148
粤B0HG43,113.827797,22.695,1148
粤B0HG43,113.826401,22.688801,1149
粤B0HG43,113.827698,22.691799,1149
粤B0HG43,113.823601,22.6828,1150
粤B0HG43,113.824997,22.685801,1150
粤B0HG43,113.822601,22.6768,1151
粤B0HG43,113.823402,22.679501,1151
粤B0HG43,113.822502,22.6765,1152
粤B0HG43,113.822998,22.6749,1152
粤B0HG43,113.823402,22.6738,1153
粤B0HG43,113.823402,22.673,1153
粤B0HG43,113.823402,22.6712,1154
粤B0HG43,113.823402,22.668301,1154
粤B0HG43,113.822403,22.6607,1155
粤B0HG43,113.8218,22.6579,1156
粤B0HG43,113.822197,22.6546,1156
粤B0HG43,113.828201,22.647699,1157
粤B0HG43,113.830597,22.6441,1158
粤B0HG43,113.8321,22.6418,1158
粤B0HG43,113.835503,22.6385,1159
粤B0HG43,113.833801,22.6402,1159
粤B0HG43,113.837997,22.636,1160
粤B0HG43,113.840401,22.6332,1160
粤B0HG43,113.843002,22.6301,1161
粤B0HG43,113.8423,22.6311,1161
粤B0HG43,113.844299,22.6278,1162
粤B0HG43,113.844597,22.627001,1162
粤B0HG43,113.8461,22.6248,1163
粤B0HG43,113.844597,22.627001,1163
粤B0HG43,113.852097,22.6173,1164
粤B0HG43,113.849197,22.621099,1164
粤B0HG43,113.8545,22.613001,1165
粤B0HG43,113.857101,22.6085,1165
粤B0HG43,113.862297,22.6021,1166
粤B0HG43,113.860497,22.6049,1166
粤B0HG43,113.863503,22.600401,1167
粤B0HG43,113.864403,22.5991,1167
粤B0HG43,113.864799,22.5984,1168
粤B0HG43,113.865898,22.5968,1169
粤B0HG43,113.866898,22.5952,1169
粤B0HG43,113.868896,22.591499,1170
粤B0HG43,113.870598,22.5877,1171
粤B0HG43,113.871696,22.5874,1172
粤B0HG43,113.872299,22.589001,1172
粤B0HG43,113.870499,22.5896,1173
粤B0HG43,113.869202,22.591499,1173
粤B0HG43,113.867599,22.5944,1174
粤B0HG43,113.865601,22.597601,1174
粤B0HG43,113.860901,22.604601,1175
粤B0HG43,113.863403,22.600901,1175
粤B0HG43,113.857903,22.6078,1176
粤B0HG43,113.855598,22.6108,1176
粤B0HG43,113.851402,22.618601,1177
粤B0HG43,113.853699,22.6147,1177
粤B0HG43,113.848,22.6227,1178
粤B0HG43,113.8452,22.626801,1178
粤B0HG43,113.841103,22.6329,1179
粤B0HG43,113.843498,22.6301,1179
粤B0HG43,113.838303,22.636101,1180
粤B0HG43,113.839996,22.634501,1180
粤B0HG43,113.840302,22.633499,1181
粤B0HG43,113.838898,22.634701,1181
粤B0HG43,113.842201,22.6313,1182
粤B0HG43,113.843399,22.6294,1182
粤B0HG43,113.844498,22.627399,1183
粤B0HG43,113.844597,22.627199,1183
粤B0HG43,113.844597,22.6271,1183
粤B0HG43,113.846298,22.624399,1184
粤B0HG43,113.853699,22.614599,1185
粤B0HG43,113.859001,22.606501,1186
粤B0HG43,113.855904,22.6099,1186
粤B0HG43,113.862297,22.6014,1187
粤B0HG43,113.862,22.6026,1187
粤B0HG43,113.862297,22.601299,1188
粤B0HG43,113.862297,22.601299,1188
粤B0HG43,113.862297,22.601299,1189
粤B0HG43,113.862297,22.601299,1189
粤B0HG43,113.862297,22.601299,1190
粤B0HG43,113.862297,22.601299,1190
粤B0HG43,113.862602,22.6012,1191
粤B0HG43,113.862297,22.601299,1191
粤B0HG43,113.8638,22.5998,1192
粤B0HG43,113.865402,22.597401,1192
粤B0HG43,113.869003,22.5914,1193
粤B0HG43,113.867302,22.5945,1193
粤B0HG43,113.870201,22.5895,1194
粤B0HG43,113.870796,22.5872,1194
粤B0HG43,113.874901,22.5898,1195
粤B0HG43,113.8759,22.590599,1196
粤B0HG43,113.876701,22.5912,1197
粤B0HG43,113.887497,22.593201,1198
粤B0HG43,113.8899,22.591499,1199
粤B0HG43,113.869003,22.5914,1199
粤B0HG43,113.890701,22.590099,1200
粤B0HG43,113.890198,22.591,1200
粤B0HG43,113.891197,22.5898,1201
粤B0HG43,113.893303,22.5881,1202
粤B0HG43,113.892502,22.5903,1202
粤B0HG43,113.892998,22.5851,1204
粤B0HG43,113.892998,22.5851,1204
粤B0HG43,113.892998,22.5851,1205
粤B0HG43,113.892998,22.5851,1205
粤B0HG43,113.892998,22.5851,1206
粤B0HG43,113.892998,22.5851,1206
粤B0HG43,113.892998,22.5851,1207
粤B0HG43,113.892998,22.5851,1207
粤B0HG43,113.892998,22.5851,1208
粤B0HG43,113.892998,22.5851,1208
粤B0HG43,113.892998,22.5851,1209
粤B0HG43,113.892998,22.5851,1209
粤B0HG43,113.892998,22.5851,1210
粤B0HG43,113.892998,22.5851,1210
粤B0HG43,113.892998,22.5851,1211
粤B0HG43,113.892998,22.5851,1211
粤B0HG43,113.892998,22.5851,1212
粤B0HG43,113.892998,22.5851,1212
粤B0HG43,113.892998,22.5851,1213
粤B0HG43,113.892998,22.5851,1213
粤B0HG43,113.892998,22.5851,1214
粤B0HG43,113.892998,22.5851,1214
粤B0HG43,113.892998,22.5851,1215
粤B0HG43,113.892998,22.5851,1215
粤B0HG43,113.892998,22.5851,1216
粤B0HG43,113.892998,22.5851,1216
粤B0HG43,113.892998,22.5851,1217
粤B0HG43,113.892998,22.5851,1217
粤B0HG43,113.892998,22.5851,1218
粤B0HG43,113.892998,22.5851,1220
粤B0HG43,113.892998,22.5851,1221
粤B0HG43,113.892998,22.5851,1221
粤B0HG43,113.892998,22.5851,1222
粤B0HG43,113.892998,22.5851,1222
粤B0HG43,113.892998,22.5851,1223
粤B0HG43,113.892998,22.5851,1223
粤B0HG43,113.892998,22.5851,1224
粤B0HG43,113.892998,22.5851,1224
粤B0HG43,113.892998,22.5851,1225
粤B0HG43,113.892998,22.5851,1225
粤B0HG43,113.892998,22.5851,1226
粤B0HG43,113.892998,22.5851,1226
粤B0HG43,113.892998,22.5851,1227
粤B0HG43,113.892998,22.5851,1227
粤B0HG43,113.892998,22.5851,1228
粤B0HG43,113.892998,22.5851,1228
粤B0HG43,113.892998,22.5851,1229
粤B0HG43,113.892998,22.5851,1229
粤B0HG43,113.892998,22.5851,1230
粤B0HG43,113.892998,22.5851,1230
粤B0HG43,113.892998,22.5851,1231
粤B0HG43,113.892998,22.5851,1231
粤B0HG43,113.892998,22.5851,1232
粤B0HG43,113.892998,22.5851,1232
粤B0HG43,113.892998,22.5851,1233
粤B0HG43,113.892998,22.5851,1233
粤B0HG43,113.892998,22.5851,1234
粤B0HG43,113.892998,22.5851,1234
粤B0HG43,113.892998,22.5851,1235
粤B0HG43,113.892998,22.5851,1235
粤B0HG43,113.892998,22.5851,1236
粤B0HG43,113.892998,22.5851,1236
粤B0HG43,113.892998,22.5851,1237
粤B0HG43,113.892998,22.5851,1237
粤B0HG43,113.892998,22.5851,1238
粤B0HG43,113.892998,22.5851,1238
粤B0HG43,113.892998,22.5851,1239
粤B0HG43,113.892998,22.5851,1239
粤B0HG43,113.892998,22.5851,1240
粤B0HG43,113.892998,22.5851,1240
粤B0HG43,113.892998,22.5851,1241
粤B0HG43,113.892998,22.5851,1241
粤B0HG43,113.892998,22.5851,1242
粤B0HG43,113.892998,22.5851,1242
粤B0HG43,113.892998,22.5851,1243
粤B0HG43,113.892998,22.5851,1243
粤B0HG43,113.892998,22.5851,1244
粤B0HG43,113.892998,22.5851,1244
粤B0HG43,113.892998,22.5851,1245
粤B0HG43,113.892998,22.5851,1245
粤B0HG43,113.892998,22.5851,1246
粤B0HG43,113.892998,22.5851,1246
粤B0HG43,113.892998,22.5851,1247
粤B0HG43,113.892998,22.5851,1247
粤B0HG43,113.892998,22.5851,1248
粤B0HG43,113.892998,22.5851,1248
粤B0HG43,113.892998,22.5851,1249
粤B0HG43,113.892998,22.5851,1249
粤B0HG43,113.892998,22.5851,1250
粤B0HG43,113.892998,22.5851,1250
粤B0HG43,113.892998,22.5851,1251
粤B0HG43,113.892998,22.5851,1251
粤B0HG43,113.892998,22.5851,1252
粤B0HG43,113.892998,22.5851,1252
粤B0HG43,113.892998,22.5851,1253
粤B0HG43,113.892998,22.5851,1253
粤B0HG43,113.892998,22.5851,1254
粤B0HG43,113.892998,22.5851,1254
粤B0HG43,113.892998,22.5851,1256
粤B0HG43,113.892998,22.5851,1256
粤B0HG43,113.892998,22.5851,1258
粤B0HG43,113.892998,22.5851,1259
粤B0HG43,113.892998,22.5851,1259
粤B0HG43,113.892998,22.5851,1260
粤B0HG43,113.892998,22.5851,1260
粤B0HG43,113.892998,22.5851,1261
粤B0HG43,113.892998,22.5851,1261
粤B0HG43,113.892998,22.5851,1262
粤B0HG43,113.892998,22.5851,1262
粤B0HG43,113.892998,22.5851,1263
粤B0HG43,113.892998,22.5851,1263
粤B0HG43,113.892998,22.5851,1264
粤B0HG43,113.892998,22.5851,1264
粤B0HG43,113.892998,22.5851,1265
粤B0HG43,113.892998,22.5851,1265
粤B0HG43,113.892998,22.5851,1266
粤B0HG43,113.892998,22.5851,1267
粤B0HG43,113.892998,22.5851,1267
粤B0HG43,113.892998,22.5851,1268
粤B0HG43,113.892998,22.5851,1268
粤B0HG43,113.892998,22.5851,1269
粤B0HG43,113.892998,22.5851,1269
粤B0HG43,113.892998,22.5851,1270
粤B0HG43,113.892998,22.5851,1270
粤B0HG43,113.892998,22.5851,1271
粤B0HG43,113.892998,22.5851,1271
粤B0HG43,113.892998,22.5851,1272
粤B0HG43,113.892998,22.5851,1272
粤B0HG43,113.892998,22.5851,1273
粤B0HG43,113.892998,22.5851,1273
粤B0HG43,113.892998,22.5851,1274
粤B0HG43,113.892998,22.5851,1274
粤B0HG43,113.892998,22.5851,1275
粤B0HG43,113.892998,22.5851,1275
粤B0HG43,113.892998,22.5851,1276
粤B0HG43,113.892998,22.5851,1276
粤B0HG43,113.892998,22.5851,1277
粤B0HG43,113.892998,22.5851,1277
粤B0HG43,113.892998,22.5851,1278
粤B0HG43,113.892998,22.5851,1278
粤B0HG43,113.892998,22.5851,1279
粤B0HG43,113.892998,22.5851,1279
粤B0HG43,113.892998,22.5851,1280
粤B0HG43,113.892998,22.5851,1280
粤B0HG43,113.892998,22.5851,1281
粤B0HG43,113.892998,22.5851,1281
粤B0HG43,113.892998,22.5851,1282
粤B0HG43,113.892998,22.5851,1282
粤B0HG43,113.892998,22.5851,1283
粤B0HG43,113.892998,22.5851,1283
粤B0HG43,113.892998,22.5851,1284
粤B0HG43,113.892998,22.5851,1285
粤B0HG43,113.892998,22.5851,1286
粤B0HG43,113.892998,22.5851,1286
粤B0HG43,113.892998,22.5851,1287
粤B0HG43,113.892998,22.5851,1287
粤B0HG43,113.892998,22.5851,1288
粤B0HG43,113.892998,22.5851,1288
粤B0HG43,113.892998,22.5851,1289
粤B0HG43,113.892998,22.5851,1289
粤B0HG43,113.892998,22.5851,1290
粤B0HG43,113.892998,22.5851,1290
粤B0HG43,113.892998,22.5851,1291
粤B0HG43,113.892998,22.5851,1291
粤B0HG43,113.892998,22.5851,1292
粤B0HG43,113.892998,22.5851,1292
粤B0HG43,113.892998,22.5851,1293
粤B0HG43,113.892998,22.5851,1293
粤B0HG43,113.892998,22.5851,1294
粤B0HG43,113.892998,22.5851,1294
粤B0HG43,113.892998,22.5851,1295
粤B0HG43,113.892998,22.5851,1295
粤B0HG43,113.892998,22.5851,1296
粤B0HG43,113.892998,22.5851,1296
粤B0HG43,113.892998,22.5851,1297
粤B0HG43,113.892998,22.5851,1297
粤B0HG43,113.892998,22.5851,1298
粤B0HG43,113.892998,22.5851,1298
粤B0HG43,113.892998,22.5851,1299
粤B0HG43,113.892998,22.5851,1299
粤B0HG43,113.892998,22.5851,1300
粤B0HG43,113.892998,22.5851,1300
粤B0HG43,113.892998,22.5851,1303
粤B0HG43,113.892998,22.5851,1304
粤B0HG43,113.892998,22.5851,1304
粤B0HG43,113.892998,22.5851,1305
粤B0HG43,113.892998,22.5851,1306
粤B0HG43,113.892998,22.5851,1308
粤B0HG43,113.892998,22.5851,1308
粤B0HG43,113.892998,22.5851,1309
粤B0HG43,113.892998,22.5851,1310
粤B0HG43,113.892998,22.5851,1311
粤B0HG43,113.892998,22.5851,1312
粤B0HG43,113.892998,22.5851,1312
粤B0HG43,113.892998,22.5851,1313
粤B0HG43,113.892998,22.5851,1313
粤B0HG43,113.892998,22.5851,1314
粤B0HG43,113.892998,22.5851,1314
粤B0HG43,113.892998,22.5851,1315
粤B0HG43,113.892998,22.5851,1315
粤B0HG43,113.892998,22.5851,1316
粤B0HG43,113.892998,22.5851,1316
粤B0HG43,113.892998,22.5851,1317
粤B0HG43,113.892998,22.5851,1317
粤B0HG43,113.892998,22.5851,1318
粤B0HG43,113.892998,22.5851,1318
粤B0HG43,113.892998,22.5851,1319
粤B0HG43,113.892998,22.5851,1319
粤B0HG43,113.892998,22.5851,1329
粤B0HG43,113.892998,22.5851,1330
粤B0HG43,113.892998,22.5851,1331
粤B0HG43,113.892998,22.5851,1331
粤B0HG43,113.892998,22.5851,1332
粤B0HG43,113.892998,22.5851,1333
粤B0HG43,113.892998,22.5851,1333
粤B0HG43,113.892998,22.5851,1334
粤B0HG43,113.892998,22.5851,1334
粤B0HG43,113.892998,22.5851,1335
粤B0HG43,113.892998,22.5851,1335
粤B0HG43,113.892998,22.5851,1336
粤B0HG43,113.892998,22.5851,1336
粤B0HG43,113.892998,22.5851,1337
粤B0HG43,113.892998,22.5851,1337
粤B0HG43,113.892998,22.5851,1338
粤B0HG43,113.892998,22.5851,1338
粤B0HG43,113.892998,22.5851,1339
粤B0HG43,113.892998,22.5851,1339
粤B0HG43,113.892998,22.5851,1340
粤B0HG43,113.892998,22.5851,1340
粤B0HG43,113.892998,22.5851,1341
粤B0HG43,113.892998,22.5851,1341
粤B0HG43,113.892998,22.5851,1342
粤B0HG43,113.892998,22.5851,1342
粤B0HG43,113.892998,22.5851,1343
粤B0HG43,113.892998,22.5851,1343
粤B0HG43,113.892998,22.5851,1344
粤B0HG43,113.892998,22.5851,1344
粤B0HG43,113.892998,22.5851,1345
粤B0HG43,113.892998,22.5851,1345
粤B0HG43,113.892998,22.5851,1346
粤B0HG43,113.892998,22.5851,1346
粤B0HG43,113.892998,22.5851,1347
粤B0HG43,113.892998,22.5851,1347
粤B0HG43,113.892998,22.5851,1348
粤B0HG43,113.892998,22.5851,1348
粤B0HG43,113.892998,22.5851,1349
粤B0HG43,113.892998,22.5851,1349
粤B0HG43,113.892998,22.5851,1350
粤B0HG43,113.892998,22.5851,1350
粤B0HG43,113.892998,22.5851,1351
粤B0HG43,113.892998,22.5851,1351
粤B0HG43,113.892998,22.5851,1352
粤B0HG43,113.892998,22.5851,1352
粤B0HG43,113.892998,22.5851,1353
粤B0HG43,113.892998,22.5851,1353
粤B0HG43,113.892998,22.5851,1354
粤B0HG43,113.892998,22.5851,1355
粤B0HG43,113.892998,22.5851,1356
粤B0HG43,113.892998,22.5851,1356
粤B0HG43,113.892998,22.5851,1357
粤B0HG43,113.892998,22.5851,1357
粤B0HG43,113.892998,22.5851,1358
粤B0HG43,113.892998,22.5851,1359
粤B0HG43,113.892998,22.5851,1360
粤B0HG43,113.892998,22.5851,1361
粤B0HG43,113.892998,22.5851,1361
粤B0HG43,113.892998,22.5851,1362
粤B0HG43,113.892998,22.5851,1364
粤B0HG43,113.892998,22.5851,1365
粤B0HG43,113.892998,22.5851,1366
粤B0HG43,113.892998,22.5851,1366
粤B0HG43,113.892998,22.5851,1367
粤B0HG43,113.892998,22.5851,1367
粤B0HG43,113.892998,22.5851,1368
粤B0HG43,113.892998,22.5851,1369
粤B0HG43,113.892998,22.5851,1369
粤B0HG43,113.892998,22.5851,1370
粤B0HG43,113.892998,22.5851,1370
粤B0HG43,113.892998,22.5851,1371
粤B0HG43,113.892998,22.5851,1372
粤B0HG43,113.892998,22.5851,1374
粤B0HG43,113.892998,22.5851,1375
粤B0HG43,113.892998,22.5851,1376
粤B0HG43,113.892998,22.5851,1376
粤B0HG43,113.892998,22.5851,1377
粤B0HG43,113.892998,22.5851,1377
粤B0HG43,113.892998,22.5851,1378
粤B0HG43,113.892998,22.5851,1378
粤B0HG43,113.892998,22.5851,1379
粤B0HG43,113.892998,22.5851,1379
粤B0HG43,113.892998,22.5851,1380
粤B0HG43,113.892998,22.5851,1380
粤B0HG43,113.892998,22.5851,1381
粤B0HG43,113.892998,22.5851,1381
粤B0HG43,113.892998,22.5851,1382
粤B0HG43,113.892998,22.5851,1383
粤B0HG43,113.892998,22.5851,1383
粤B0HG43,113.892998,22.5851,1384
粤B0HG43,113.892998,22.5851,1384
粤B0HG43,113.892998,22.5851,1385
粤B0HG43,113.892998,22.5851,1385
粤B0HG43,113.892998,22.5851,1386
粤B0HG43,113.892998,22.5851,1386
粤B0HG43,113.892998,22.5851,1387
粤B0HG43,113.892998,22.5851,1387
粤B0HG43,113.892998,22.5851,1388
粤B0HG43,113.892998,22.5851,1388
粤B0HG43,113.892998,22.5851,1389
粤B0HG43,113.892998,22.5851,1389
粤B0HG43,113.892998,22.5851,1390
粤B0HG43,113.892998,22.5851,1390
粤B0HG43,113.892998,22.5851,1391
粤B0HG43,113.892998,22.5851,1391
粤B0HG43,113.892998,22.5851,1392
粤B0HG43,113.892998,22.5851,1392
粤B0HG43,113.892998,22.5851,1393
粤B0HG43,113.892998,22.5851,1393
粤B0HG43,113.892998,22.5851,1394
粤B0HG43,113.892998,22.5851,1395
粤B0HG43,113.892998,22.5851,1396
粤B0HG43,113.892998,22.5851,1396
粤B0HG43,113.892998,22.5851,1397
粤B0HG43,113.892998,22.5851,1397
粤B0HG43,113.892998,22.5851,1398
粤B0HG43,113.892998,22.5851,1398
粤B0HG43,113.892998,22.5851,1399
粤B0HG43,113.892998,22.5851,1399
粤B0HG43,113.892998,22.5851,1400
粤B0HG43,113.892998,22.5851,1400
粤B0HG43,113.892998,22.5851,1401
粤B0HG43,113.892998,22.5851,1401
粤B0HG43,113.892998,22.5851,1402
粤B0HG43,113.892998,22.5851,1402
粤B0HG43,113.892998,22.5851,1403
粤B0HG43,113.892998,22.5851,1403
粤B0HG43,113.892998,22.5851,1405
粤B0HG43,113.892998,22.5851,1406
粤B0HG43,113.892998,22.5851,1406
粤B0HG43,113.892998,22.5851,1407
粤B0HG43,113.892998,22.5851,1408
粤B0HG43,113.892998,22.5851,1408
粤B0HG43,113.892998,22.5851,1409
粤B0HG43,113.892998,22.5851,1409
粤B0HG43,113.892998,22.5851,1410
粤B0HG43,113.892998,22.5851,1410
粤B0HG43,113.892998,22.5851,1411
粤B0HG43,113.892998,22.5851,1411
粤B0HG43,113.892998,22.5851,1412
粤B0HG43,113.892998,22.5851,1412
粤B0HG43,113.892998,22.5851,1413
粤B0HG43,113.892998,22.5851,1413
粤B0HG43,113.892998,22.5851,1414
粤B0HG43,113.892998,22.5851,1414
粤B0HG43,113.892998,22.5851,1415
粤B0HG43,113.892998,22.5851,1415
粤B0HG43,113.892998,22.5851,1416
粤B0HG43,113.892998,22.5851,1416
粤B0HG43,113.892998,22.5851,1417
粤B0HG43,113.892998,22.5851,1417
粤B0HG43,113.892998,22.5851,1418
粤B0HG43,113.892998,22.5851,1418
粤B0HG43,113.892998,22.5851,1419
粤B0HG43,113.892998,22.5851,1419
粤B0HG43,113.892998,22.5851,1420
粤B0HG43,113.892998,22.5851,1420
粤B0HG43,113.892998,22.5851,1421
粤B0HG43,113.892998,22.5851,1421
粤B0HG43,113.892998,22.5851,1422
粤B0HG43,113.892998,22.5851,1422
粤B0HG43,113.892998,22.5851,1423
粤B0HG43,113.892998,22.5851,1423
粤B0HG43,113.892998,22.5851,1424
粤B0HG43,113.892998,22.5851,1424
粤B0HG43,113.892998,22.5851,1425
粤B0HG43,113.892998,22.5851,1425
粤B0HG43,113.892998,22.5851,1426
粤B0HG43,113.892998,22.5851,1426
粤B0HG43,113.892998,22.5851,1427
粤B0HG43,113.892998,22.5851,1427
粤B0HG43,113.892998,22.5851,1428
粤B0HG43,113.892998,22.5851,1428
粤B0HG43,113.892998,22.5851,1429
粤B0HG43,113.892998,22.5851,1429
粤B0HG43,113.892998,22.5851,1430
粤B0HG43,113.892998,22.5851,1430
粤B0HG43,113.892998,22.5851,1431
粤B0HG43,113.892998,22.5851,1431
粤B0HG43,113.892998,22.5851,1432
粤B0HG43,113.892998,22.5851,1432
粤B0HG43,113.892998,22.5851,1433
粤B0HG43,113.892998,22.5851,1433
粤B0HG43,113.892998,22.5851,1434
粤B0HG43,113.892998,22.5851,1434
粤B0HG43,113.892998,22.5851,1435
