粤B4MP95,113.895103,22.552999,7
粤B4MP95,113.895103,22.552999,8
粤B4MP95,113.895103,22.552999,8
粤B4MP95,113.895103,22.552999,8
粤B4MP95,113.895103,22.552999,9
粤B4MP95,113.895103,22.552999,9
粤B4MP95,113.895103,22.552999,9
粤B4MP95,113.895103,22.552999,10
粤B4MP95,113.895103,22.552999,10
粤B4MP95,113.895103,22.552999,10
粤B4MP95,113.895103,22.552999,11
粤B4MP95,113.895103,22.552999,11
粤B4MP95,113.895103,22.552999,11
粤B4MP95,113.895103,22.552999,12
粤B4MP95,113.895103,22.552999,12
粤B4MP95,113.895103,22.552999,12
粤B4MP95,113.895103,22.552999,13
粤B4MP95,113.895103,22.552999,13
粤B4MP95,113.895103,22.552999,13
粤B4MP95,113.895103,22.552999,14
粤B4MP95,113.895103,22.552999,14
粤B4MP95,113.895103,22.552999,14
粤B4MP95,113.895103,22.552999,15
粤B4MP95,113.895103,22.552999,15
粤B4MP95,113.895103,22.552999,15
粤B4MP95,113.895103,22.552999,16
粤B4MP95,113.895103,22.552999,16
粤B4MP95,113.895103,22.552999,16
粤B4MP95,113.895103,22.552999,17
粤B4MP95,113.895103,22.552999,17
粤B4MP95,113.895103,22.552999,17
粤B4MP95,113.895103,22.552999,18
粤B4MP95,113.895103,22.552999,18
粤B4MP95,113.895103,22.552999,18
粤B4MP95,113.895103,22.552999,19
粤B4MP95,113.895103,22.552999,19
粤B4MP95,113.895103,22.552999,19
粤B4MP95,113.895103,22.552999,20
粤B4MP95,113.895103,22.552999,20
粤B4MP95,113.895103,22.552999,20
粤B4MP95,113.895103,22.552999,21
粤B4MP95,113.895103,22.552999,21
粤B4MP95,113.895103,22.552999,21
粤B4MP95,113.895103,22.552999,22
粤B4MP95,113.895103,22.552999,22
粤B4MP95,113.895103,22.552999,22
粤B4MP95,113.895103,22.552999,23
粤B4MP95,113.895103,22.552999,23
粤B4MP95,113.895103,22.552999,23
粤B4MP95,113.895103,22.552999,24
粤B4MP95,113.895103,22.552999,24
粤B4MP95,113.895103,22.552999,24
粤B4MP95,113.895103,22.552999,25
粤B4MP95,113.895103,22.552999,25
粤B4MP95,113.895103,22.552999,26
粤B4MP95,113.895103,22.552999,26
粤B4MP95,113.860001,22.584,362
粤B4MP95,113.860001,22.584,362
粤B4MP95,113.860001,22.584,362
粤B4MP95,113.860001,22.584,363
粤B4MP95,113.860001,22.584,363
粤B4MP95,113.860001,22.584,363
粤B4MP95,113.860001,22.584,364
粤B4MP95,113.860001,22.584,364
粤B4MP95,113.860001,22.584,364
粤B4MP95,113.860001,22.584,365
粤B4MP95,113.860001,22.584,365
粤B4MP95,113.860001,22.584,366
粤B4MP95,113.860001,22.584,366
粤B4MP95,113.860001,22.584,366
粤B4MP95,113.860001,22.584,367
粤B4MP95,113.860001,22.584,367
粤B4MP95,113.860001,22.584,367
粤B4MP95,113.860001,22.584,368
粤B4MP95,113.860001,22.584,368
粤B4MP95,113.860001,22.584,368
粤B4MP95,113.860001,22.584,369
粤B4MP95,113.860001,22.584,369
粤B4MP95,113.860001,22.584,369
粤B4MP95,113.860001,22.584,370
粤B4MP95,113.860001,22.584,370
粤B4MP95,113.860001,22.584,370
粤B4MP95,113.860001,22.584,371
粤B4MP95,113.860001,22.584,371
粤B4MP95,113.860001,22.584,371
粤B4MP95,113.860001,22.584,372
粤B4MP95,113.860001,22.584,372
粤B4MP95,113.860001,22.584,372
粤B4MP95,113.860001,22.584,373
粤B4MP95,113.860001,22.584,373
粤B4MP95,113.860001,22.584,373
粤B4MP95,113.860001,22.584,374
粤B4MP95,113.860001,22.584,374
粤B4MP95,113.860001,22.584,375
粤B4MP95,113.860001,22.584,375
粤B4MP95,113.860001,22.584,375
粤B4MP95,113.860001,22.584,376
粤B4MP95,113.860001,22.584,376
粤B4MP95,113.860001,22.584,376
粤B4MP95,113.860001,22.584,377
粤B4MP95,113.860001,22.584,377
粤B4MP95,113.860001,22.584,377
粤B4MP95,113.860001,22.584,378
粤B4MP95,113.860001,22.584,378
粤B4MP95,113.860001,22.584,378
粤B4MP95,113.860001,22.584,379
粤B4MP95,113.860001,22.584,379
粤B4MP95,113.860001,22.584,380
粤B4MP95,113.860001,22.584,380
粤B4MP95,113.860001,22.584,380
粤B4MP95,113.860001,22.584,381
粤B4MP95,113.860001,22.584,381
粤B4MP95,113.860001,22.584,381
粤B4MP95,113.860001,22.584,382
粤B4MP95,113.860001,22.584,382
粤B4MP95,113.860001,22.584,382
粤B4MP95,113.860001,22.584,383
粤B4MP95,113.860001,22.584,383
粤B4MP95,113.860001,22.584,383
粤B4MP95,113.860001,22.584,384
粤B4MP95,113.860001,22.584,384
粤B4MP95,113.860001,22.584,384
粤B4MP95,113.860001,22.584,385
粤B4MP95,113.860001,22.584,385
粤B4MP95,113.860001,22.584,385
粤B4MP95,113.860001,22.584,386
粤B4MP95,113.860001,22.584,386
粤B4MP95,113.860001,22.584,386
粤B4MP95,113.860001,22.584,387
粤B4MP95,113.860001,22.584,387
粤B4MP95,113.860001,22.584,387
粤B4MP95,113.860001,22.584,388
粤B4MP95,113.860001,22.584,388
粤B4MP95,113.860001,22.584,388
粤B4MP95,113.860001,22.584,389
粤B4MP95,113.860001,22.584,389
粤B4MP95,113.860001,22.584,389
粤B4MP95,113.860001,22.584,390
粤B4MP95,113.860001,22.584,390
粤B4MP95,113.860001,22.584,390
粤B4MP95,113.860001,22.584,391
粤B4MP95,113.860001,22.584,391
粤B4MP95,113.860001,22.584,391
粤B4MP95,113.860001,22.584,392
粤B4MP95,113.860001,22.584,392
粤B4MP95,113.860001,22.584,392
粤B4MP95,113.860001,22.584,393
粤B4MP95,113.860001,22.584,393
粤B4MP95,113.860001,22.584,393
粤B4MP95,113.860001,22.584,394
粤B4MP95,113.860001,22.584,394
粤B4MP95,113.860001,22.584,394
粤B4MP95,113.860001,22.584,395
粤B4MP95,113.860001,22.584,395
粤B4MP95,113.860001,22.584,395
粤B4MP95,113.860001,22.584,396
粤B4MP95,113.860001,22.584,396
粤B4MP95,113.860001,22.584,396
粤B4MP95,113.860001,22.584,397
粤B4MP95,113.860001,22.584,397
粤B4MP95,113.860001,22.584,397
粤B4MP95,113.860001,22.584,398
粤B4MP95,113.860001,22.584,398
粤B4MP95,113.860001,22.584,398
粤B4MP95,113.860001,22.584,399
粤B4MP95,113.860001,22.584,399
粤B4MP95,113.860001,22.584,399
粤B4MP95,113.860001,22.584,400
粤B4MP95,113.860001,22.584,400
粤B4MP95,113.860001,22.584,400
粤B4MP95,113.860001,22.584,401
粤B4MP95,113.860001,22.584,401
粤B4MP95,113.860001,22.584,401
粤B4MP95,113.860001,22.584,402
粤B4MP95,113.860001,22.584,402
粤B4MP95,113.860001,22.584,402
粤B4MP95,113.860001,22.584,403
粤B4MP95,113.860001,22.584,403
粤B4MP95,113.860001,22.584,403
粤B4MP95,113.860001,22.584,404
粤B4MP95,113.860001,22.584,404
粤B4MP95,113.860001,22.584,404
粤B4MP95,113.860001,22.584,405
粤B4MP95,113.860001,22.584,405
粤B4MP95,113.860001,22.584,405
粤B4MP95,113.860001,22.584,406
粤B4MP95,113.860001,22.584,406
粤B4MP95,113.860001,22.584,407
粤B4MP95,113.860001,22.584,407
粤B4MP95,113.860001,22.584,407
粤B4MP95,113.860001,22.584,408
粤B4MP95,113.860001,22.584,408
粤B4MP95,113.860001,22.584,408
粤B4MP95,113.860001,22.584,409
粤B4MP95,113.860001,22.584,409
粤B4MP95,113.860001,22.584,409
粤B4MP95,113.860001,22.584,410
粤B4MP95,113.860001,22.584,410
粤B4MP95,113.860001,22.584,410
粤B4MP95,113.860001,22.584,411
粤B4MP95,113.860001,22.584,411
粤B4MP95,113.860001,22.584,411
粤B4MP95,113.860001,22.584,412
粤B4MP95,113.860001,22.584,412
粤B4MP95,113.860001,22.584,412
粤B4MP95,113.860001,22.584,413
粤B4MP95,113.860001,22.584,413
粤B4MP95,113.860001,22.584,415
粤B4MP95,113.860001,22.584,415
粤B4MP95,113.860001,22.584,415
粤B4MP95,113.860001,22.584,416
粤B4MP95,113.860001,22.584,416
粤B4MP95,113.860001,22.584,416
粤B4MP95,113.860001,22.584,417
粤B4MP95,113.860001,22.584,417
粤B4MP95,113.860001,22.584,417
粤B4MP95,113.860001,22.584,418
粤B4MP95,113.860001,22.584,418
粤B4MP95,113.860001,22.584,418
粤B4MP95,113.860001,22.584,419
粤B4MP95,113.860001,22.584,420
粤B4MP95,113.860001,22.584,420
粤B4MP95,113.860001,22.584,420
粤B4MP95,113.860001,22.584,421
粤B4MP95,113.860001,22.584,421
粤B4MP95,113.860001,22.584,421
粤B4MP95,113.860001,22.584,422
粤B4MP95,113.860001,22.584,422
粤B4MP95,113.860001,22.584,422
粤B4MP95,113.860001,22.584,423
粤B4MP95,113.860001,22.584,423
粤B4MP95,113.860001,22.584,424
粤B4MP95,113.860001,22.584,424
粤B4MP95,113.860001,22.584,424
粤B4MP95,113.860001,22.584,425
粤B4MP95,113.860001,22.584,425
粤B4MP95,113.860001,22.584,425
粤B4MP95,113.860001,22.584,426
粤B4MP95,113.860001,22.584,426
粤B4MP95,113.860001,22.584,426
粤B4MP95,113.860001,22.584,427
粤B4MP95,113.860001,22.584,427
粤B4MP95,113.860001,22.584,427
粤B4MP95,113.860001,22.584,428
粤B4MP95,113.860001,22.584,428
粤B4MP95,113.860001,22.584,428
粤B4MP95,113.860001,22.584,429
粤B4MP95,113.860001,22.584,429
粤B4MP95,113.860001,22.584,429
粤B4MP95,113.860001,22.584,430
粤B4MP95,113.860001,22.584,430
粤B4MP95,113.860001,22.584,430
粤B4MP95,113.860001,22.584,431
粤B4MP95,113.860001,22.584,431
粤B4MP95,113.860001,22.584,431
粤B4MP95,113.860001,22.584,432
粤B4MP95,113.860001,22.584,432
粤B4MP95,113.860001,22.584,432
粤B4MP95,113.860001,22.584,433
粤B4MP95,113.860001,22.584,433
粤B4MP95,113.860001,22.584,433
粤B4MP95,113.860001,22.584,434
粤B4MP95,113.860001,22.584,434
粤B4MP95,113.860001,22.584,434
粤B4MP95,113.860001,22.584,435
粤B4MP95,113.860001,22.584,435
粤B4MP95,113.860001,22.584,435
粤B4MP95,113.860001,22.584,436
粤B4MP95,113.860001,22.584,436
粤B4MP95,113.860001,22.584,436
粤B4MP95,113.860001,22.584,436
粤B4MP95,113.860001,22.584,437
粤B4MP95,113.860001,22.584,437
粤B4MP95,113.860001,22.584,437
粤B4MP95,113.860001,22.584,438
粤B4MP95,113.860001,22.584,438
粤B4MP95,113.860001,22.584,438
粤B4MP95,113.860001,22.584,439
粤B4MP95,113.860001,22.584,439
粤B4MP95,113.860001,22.584,439
粤B4MP95,113.860001,22.584,440
粤B4MP95,113.860001,22.584,440
粤B4MP95,113.860001,22.584,440
粤B4MP95,113.860001,22.584,441
粤B4MP95,113.860001,22.584,441
粤B4MP95,113.860001,22.584,442
粤B4MP95,113.860001,22.584,442
粤B4MP95,113.860001,22.584,442
粤B4MP95,113.860001,22.584,442
粤B4MP95,113.860001,22.584,443
粤B4MP95,113.860001,22.584,443
粤B4MP95,113.860001,22.584,443
粤B4MP95,113.860001,22.584,444
粤B4MP95,113.860001,22.584,444
粤B4MP95,113.860001,22.584,444
粤B4MP95,113.860001,22.584,445
粤B4MP95,113.860001,22.584,445
粤B4MP95,113.860001,22.584,445
粤B4MP95,113.860001,22.584,446
粤B4MP95,113.860001,22.584,446
粤B4MP95,113.860001,22.584,446
粤B4MP95,113.860001,22.584,447
粤B4MP95,113.860001,22.584,447
粤B4MP95,113.860001,22.584,447
粤B4MP95,113.860001,22.584,448
粤B4MP95,113.860001,22.584,448
粤B4MP95,113.860001,22.584,448
粤B4MP95,113.860001,22.584,449
粤B4MP95,113.860001,22.584,449
粤B4MP95,113.860001,22.584,449
粤B4MP95,113.860001,22.584,450
粤B4MP95,113.860001,22.584,450
粤B4MP95,113.860001,22.584,450
粤B4MP95,113.860001,22.584,451
粤B4MP95,113.860001,22.584,451
粤B4MP95,113.860001,22.584,451
粤B4MP95,113.860001,22.584,452
粤B4MP95,113.860001,22.584,452
粤B4MP95,113.860001,22.584,452
粤B4MP95,113.860001,22.584,453
粤B4MP95,113.860001,22.584,453
粤B4MP95,113.860001,22.584,453
粤B4MP95,113.860001,22.584,454
粤B4MP95,113.860001,22.584,454
粤B4MP95,113.860001,22.584,454
粤B4MP95,113.860001,22.584,455
粤B4MP95,113.860001,22.584,455
粤B4MP95,113.860001,22.584,455
粤B4MP95,113.860001,22.584,456
粤B4MP95,113.860001,22.584,456
粤B4MP95,113.860001,22.584,456
粤B4MP95,113.860001,22.584,457
粤B4MP95,113.860001,22.584,457
粤B4MP95,113.860001,22.584,457
粤B4MP95,113.860001,22.584,458
粤B4MP95,113.860001,22.584,458
粤B4MP95,113.860001,22.584,458
粤B4MP95,113.860001,22.584,459
粤B4MP95,113.860001,22.584,459
粤B4MP95,113.860001,22.584,460
粤B4MP95,113.860001,22.584,460
粤B4MP95,113.860001,22.584,460
粤B4MP95,113.860001,22.584,461
粤B4MP95,113.860001,22.584,461
粤B4MP95,113.860001,22.584,461
粤B4MP95,113.860001,22.584,462
粤B4MP95,113.860001,22.584,462
粤B4MP95,113.860001,22.584,462
粤B4MP95,113.860001,22.584,463
粤B4MP95,113.860001,22.584,463
粤B4MP95,113.860001,22.584,463
粤B4MP95,113.860001,22.584,464
粤B4MP95,113.860001,22.584,464
粤B4MP95,113.860001,22.584,464
粤B4MP95,113.860001,22.584,465
粤B4MP95,113.860001,22.584,465
粤B4MP95,113.860001,22.584,465
粤B4MP95,113.860001,22.584,466
粤B4MP95,113.860001,22.584,466
粤B4MP95,113.860001,22.584,466
粤B4MP95,113.860001,22.584,467
粤B4MP95,113.860001,22.584,467
粤B4MP95,113.860001,22.584,467
粤B4MP95,113.860001,22.584,468
粤B4MP95,113.860001,22.584,468
粤B4MP95,113.860001,22.584,468
粤B4MP95,113.860001,22.584,469
粤B4MP95,113.860001,22.584,469
粤B4MP95,113.860001,22.584,469
粤B4MP95,113.860001,22.584,470
粤B4MP95,113.860001,22.584,470
粤B4MP95,113.860001,22.584,470
粤B4MP95,113.860001,22.584,471
粤B4MP95,113.860001,22.584,471
粤B4MP95,113.860001,22.584,471
粤B4MP95,113.860001,22.584,473
粤B4MP95,113.860001,22.584,473
粤B4MP95,113.860001,22.584,473
粤B4MP95,113.860001,22.584,474
粤B4MP95,113.860001,22.584,474
粤B4MP95,113.860001,22.584,474
粤B4MP95,113.860001,22.584,475
粤B4MP95,113.860001,22.584,475
粤B4MP95,113.860001,22.584,475
粤B4MP95,113.860001,22.584,476
粤B4MP95,113.860001,22.584,476
粤B4MP95,113.860001,22.584,476
粤B4MP95,113.860001,22.584,477
粤B4MP95,113.860001,22.584,477
粤B4MP95,113.860001,22.584,477
粤B4MP95,113.860001,22.584,478
粤B4MP95,113.860001,22.584,478
粤B4MP95,113.860001,22.584,478
粤B4MP95,113.860001,22.584,479
粤B4MP95,113.860001,22.584,479
粤B4MP95,113.860001,22.584,480
粤B4MP95,113.860001,22.584,480
粤B4MP95,113.860001,22.584,481
粤B4MP95,113.860001,22.584,481
粤B4MP95,113.860001,22.584,481
粤B4MP95,113.860001,22.584,482
粤B4MP95,113.860001,22.584,482
粤B4MP95,113.860001,22.584,482
粤B4MP95,113.860001,22.584,485
粤B4MP95,113.860001,22.584,485
粤B4MP95,113.860001,22.584,486
粤B4MP95,113.860001,22.584,486
粤B4MP95,113.860001,22.584,486
粤B4MP95,113.860001,22.584,487
粤B4MP95,113.860001,22.584,487
粤B4MP95,113.860001,22.584,488
粤B4MP95,113.860001,22.584,488
粤B4MP95,113.860001,22.584,488
粤B4MP95,113.860001,22.584,489
粤B4MP95,113.860001,22.584,489
粤B4MP95,113.860001,22.584,489
粤B4MP95,113.860001,22.584,490
粤B4MP95,113.860001,22.584,490
粤B4MP95,113.860001,22.584,490
粤B4MP95,113.860001,22.584,492
粤B4MP95,113.860001,22.584,492
粤B4MP95,113.860001,22.584,492
粤B4MP95,113.860001,22.584,493
粤B4MP95,113.860001,22.584,493
粤B4MP95,113.860001,22.584,493
粤B4MP95,113.860001,22.584,494
粤B4MP95,113.860001,22.584,494
粤B4MP95,113.860001,22.584,494
粤B4MP95,113.860001,22.584,495
粤B4MP95,113.860001,22.584,495
粤B4MP95,113.860001,22.584,495
粤B4MP95,113.860001,22.584,496
粤B4MP95,113.860001,22.584,496
粤B4MP95,113.860001,22.584,496
粤B4MP95,113.860001,22.584,497
粤B4MP95,113.860001,22.584,497
粤B4MP95,113.860001,22.584,497
粤B4MP95,113.860001,22.584,498
粤B4MP95,113.860001,22.584,498
粤B4MP95,113.860001,22.584,498
粤B4MP95,113.860001,22.584,499
粤B4MP95,113.860001,22.584,499
粤B4MP95,113.860001,22.584,499
粤B4MP95,113.860001,22.584,500
粤B4MP95,113.860001,22.584,500
粤B4MP95,113.860001,22.584,500
粤B4MP95,113.860001,22.584,501
粤B4MP95,113.860001,22.584,501
粤B4MP95,113.860001,22.584,501
粤B4MP95,113.860001,22.584,502
粤B4MP95,113.860001,22.584,502
粤B4MP95,113.860001,22.584,502
粤B4MP95,113.860001,22.584,503
粤B4MP95,113.860001,22.584,503
粤B4MP95,113.860001,22.584,503
粤B4MP95,113.860001,22.584,504
粤B4MP95,113.860001,22.584,504
粤B4MP95,113.860001,22.584,504
粤B4MP95,113.860001,22.584,505
粤B4MP95,113.860001,22.584,505
粤B4MP95,113.860001,22.584,505
粤B4MP95,113.860001,22.584,506
粤B4MP95,113.860001,22.584,506
粤B4MP95,113.860001,22.584,506
粤B4MP95,113.860001,22.584,507
粤B4MP95,113.860001,22.584,507
粤B4MP95,113.860001,22.584,507
粤B4MP95,113.860001,22.584,508
粤B4MP95,113.860001,22.584,508
粤B4MP95,113.860001,22.584,508
粤B4MP95,113.860001,22.584,509
粤B4MP95,113.860001,22.584,509
粤B4MP95,113.860001,22.584,509
粤B4MP95,113.860001,22.584,510
粤B4MP95,113.860001,22.584,510
粤B4MP95,113.860001,22.584,510
粤B4MP95,113.860001,22.584,511
粤B4MP95,113.860001,22.584,511
粤B4MP95,113.860001,22.584,511
粤B4MP95,113.860001,22.584,512
粤B4MP95,113.860001,22.584,512
粤B4MP95,113.860001,22.584,512
粤B4MP95,113.860001,22.584,513
粤B4MP95,113.860001,22.584,513
粤B4MP95,113.860001,22.584,513
粤B4MP95,113.860001,22.584,514
粤B4MP95,113.860001,22.584,514
粤B4MP95,113.860001,22.584,514
粤B4MP95,113.860001,22.584,515
粤B4MP95,113.860001,22.584,515
粤B4MP95,113.860001,22.584,515
粤B4MP95,113.860001,22.584,516
粤B4MP95,113.860001,22.584,516
粤B4MP95,113.860001,22.584,516
粤B4MP95,113.860001,22.584,517
粤B4MP95,113.860001,22.584,517
粤B4MP95,113.860001,22.584,517
粤B4MP95,113.860001,22.584,517
粤B4MP95,113.860001,22.584,518
粤B4MP95,113.860001,22.584,518
粤B4MP95,113.860001,22.584,518
粤B4MP95,113.860001,22.584,519
粤B4MP95,113.860001,22.584,519
粤B4MP95,113.860001,22.584,519
粤B4MP95,113.860001,22.584,520
粤B4MP95,113.860001,22.584,520
粤B4MP95,113.860001,22.584,520
粤B4MP95,113.860001,22.584,521
粤B4MP95,113.860001,22.584,521
粤B4MP95,113.860001,22.584,521
粤B4MP95,113.860001,22.584,522
粤B4MP95,113.860001,22.584,522
粤B4MP95,113.860001,22.584,522
粤B4MP95,113.860001,22.584,523
粤B4MP95,113.860001,22.584,523
粤B4MP95,113.860001,22.584,523
粤B4MP95,113.860001,22.584,524
粤B4MP95,113.860001,22.584,524
粤B4MP95,113.860001,22.584,524
粤B4MP95,113.860001,22.584,525
粤B4MP95,113.860001,22.584,525
粤B4MP95,113.860001,22.584,525
粤B4MP95,113.860001,22.584,526
粤B4MP95,113.860001,22.584,526
粤B4MP95,113.860001,22.584,527
粤B4MP95,113.860001,22.584,527
粤B4MP95,113.860001,22.584,527
粤B4MP95,113.860001,22.584,528
粤B4MP95,113.860001,22.584,528
粤B4MP95,113.860001,22.584,528
粤B4MP95,113.860001,22.584,529
粤B4MP95,113.860001,22.584,529
粤B4MP95,113.860001,22.584,529
粤B4MP95,113.860001,22.584,530
粤B4MP95,113.860001,22.584,530
粤B4MP95,113.860001,22.584,530
粤B4MP95,113.860001,22.584,531
粤B4MP95,113.860001,22.584,531
粤B4MP95,113.860001,22.584,532
粤B4MP95,113.860001,22.584,532
粤B4MP95,113.860001,22.584,532
粤B4MP95,113.860001,22.584,533
粤B4MP95,113.860001,22.584,533
粤B4MP95,113.860001,22.584,533
粤B4MP95,113.860001,22.584,534
粤B4MP95,113.860001,22.584,534
粤B4MP95,113.860001,22.584,534
粤B4MP95,113.860001,22.584,535
粤B4MP95,113.860001,22.584,535
粤B4MP95,113.860001,22.584,536
粤B4MP95,113.860001,22.584,536
粤B4MP95,113.860001,22.584,536
粤B4MP95,113.860001,22.584,545
粤B4MP95,113.860001,22.584,545
粤B4MP95,113.860001,22.584,546
粤B4MP95,113.860001,22.584,546
粤B4MP95,113.860001,22.584,546
粤B4MP95,113.860001,22.584,547
粤B4MP95,113.860001,22.584,547
粤B4MP95,113.860001,22.584,547
粤B4MP95,113.860001,22.584,548
粤B4MP95,113.860001,22.584,548
粤B4MP95,113.860001,22.584,549
粤B4MP95,113.860001,22.584,549
粤B4MP95,113.860001,22.584,549
粤B4MP95,113.860001,22.584,550
粤B4MP95,113.860001,22.584,550
粤B4MP95,113.860001,22.584,550
粤B4MP95,113.860001,22.584,551
粤B4MP95,113.860001,22.584,551
粤B4MP95,113.860001,22.584,551
粤B4MP95,113.860001,22.584,552
粤B4MP95,113.860001,22.584,552
粤B4MP95,113.860001,22.584,552
粤B4MP95,113.860001,22.584,553
粤B4MP95,113.860001,22.584,553
粤B4MP95,113.860001,22.584,553
粤B4MP95,113.860001,22.584,554
粤B4MP95,113.860001,22.584,554
粤B4MP95,113.860001,22.584,554
粤B4MP95,113.860001,22.584,555
粤B4MP95,113.860001,22.584,555
粤B4MP95,113.860001,22.584,555
粤B4MP95,113.860001,22.584,556
粤B4MP95,113.860001,22.584,556
粤B4MP95,113.860001,22.584,556
粤B4MP95,113.860001,22.584,557
粤B4MP95,113.860001,22.584,557
粤B4MP95,113.860001,22.584,557
粤B4MP95,113.860001,22.584,557
粤B4MP95,113.860001,22.584,558
粤B4MP95,113.860001,22.584,558
粤B4MP95,113.860001,22.584,559
粤B4MP95,113.860001,22.584,560
粤B4MP95,113.860001,22.584,560
粤B4MP95,113.860001,22.584,753
粤B4MP95,113.860001,22.584,753
粤B4MP95,113.860001,22.584,753
粤B4MP95,113.860001,22.584,754
粤B4MP95,113.860001,22.584,754
粤B4MP95,113.860001,22.584,754
粤B4MP95,113.860001,22.584,755
粤B4MP95,113.860001,22.584,755
粤B4MP95,113.860001,22.584,755
粤B4MP95,113.860001,22.584,756
粤B4MP95,113.860001,22.584,756
粤B4MP95,113.860001,22.584,756
粤B4MP95,113.860001,22.584,757
粤B4MP95,113.860001,22.584,757
粤B4MP95,113.860001,22.584,758
粤B4MP95,113.860001,22.584,758
粤B4MP95,113.860001,22.584,758
粤B4MP95,113.860001,22.584,759
粤B4MP95,113.860001,22.584,759
粤B4MP95,113.860001,22.584,759
粤B4MP95,113.860001,22.584,760
粤B4MP95,113.860001,22.584,760
粤B4MP95,113.860001,22.584,760
粤B4MP95,113.860001,22.584,761
粤B4MP95,113.860001,22.584,761
粤B4MP95,113.860001,22.584,761
粤B4MP95,113.860001,22.584,762
粤B4MP95,113.860001,22.584,762
粤B4MP95,113.860001,22.584,762
粤B4MP95,113.860001,22.584,763
粤B4MP95,113.860001,22.584,763
粤B4MP95,113.860001,22.584,763
粤B4MP95,113.860001,22.584,764
粤B4MP95,113.860001,22.584,764
粤B4MP95,113.860001,22.584,764
粤B4MP95,113.860001,22.584,765
粤B4MP95,113.860001,22.584,765
粤B4MP95,113.860001,22.584,765
粤B4MP95,113.860001,22.584,766
粤B4MP95,113.860001,22.584,766
粤B4MP95,113.860001,22.584,766
粤B4MP95,113.860001,22.584,767
粤B4MP95,113.860001,22.584,767
粤B4MP95,113.860001,22.584,767
粤B4MP95,113.860001,22.584,768
粤B4MP95,113.860001,22.584,768
粤B4MP95,113.860001,22.584,768
粤B4MP95,113.860001,22.584,769
粤B4MP95,113.860001,22.584,769
粤B4MP95,113.860001,22.584,769
粤B4MP95,113.860001,22.584,770
粤B4MP95,113.860001,22.584,770
粤B4MP95,113.860001,22.584,770
粤B4MP95,113.860001,22.584,770
粤B4MP95,113.860001,22.584,771
粤B4MP95,113.860001,22.584,771
粤B4MP95,113.860001,22.584,771
粤B4MP95,113.860001,22.584,772
粤B4MP95,113.860001,22.584,772
粤B4MP95,113.860001,22.584,772
粤B4MP95,113.860001,22.584,773
粤B4MP95,113.860001,22.584,773
粤B4MP95,113.860001,22.584,773
粤B4MP95,113.860001,22.584,774
粤B4MP95,113.860001,22.584,774
粤B4MP95,113.860001,22.584,775
粤B4MP95,113.860001,22.584,775
粤B4MP95,113.860001,22.584,775
粤B4MP95,113.860001,22.584,776
粤B4MP95,113.860001,22.584,776
粤B4MP95,113.860001,22.584,776
粤B4MP95,113.860001,22.584,777
粤B4MP95,113.860001,22.584,777
粤B4MP95,113.860001,22.584,777
粤B4MP95,113.860001,22.584,778
粤B4MP95,113.860001,22.584,778
粤B4MP95,113.860001,22.584,778
粤B4MP95,113.860001,22.584,779
粤B4MP95,113.860001,22.584,779
粤B4MP95,113.860001,22.584,779
粤B4MP95,113.860001,22.584,780
粤B4MP95,113.860001,22.584,780
粤B4MP95,113.860001,22.584,780
粤B4MP95,113.860001,22.584,781
粤B4MP95,113.860001,22.584,781
粤B4MP95,113.860001,22.584,781
粤B4MP95,113.860001,22.584,782
粤B4MP95,113.860001,22.584,782
粤B4MP95,113.860001,22.584,782
粤B4MP95,113.860001,22.584,783
粤B4MP95,113.860001,22.584,783
粤B4MP95,113.860001,22.584,783
粤B4MP95,113.860001,22.584,783
粤B4MP95,113.860001,22.584,784
粤B4MP95,113.860001,22.584,784
粤B4MP95,113.860001,22.584,784
粤B4MP95,113.860001,22.584,785
粤B4MP95,113.860001,22.584,785
粤B4MP95,113.860001,22.584,785
粤B4MP95,113.860001,22.584,786
粤B4MP95,113.860001,22.584,786
粤B4MP95,113.860001,22.584,786
粤B4MP95,113.860001,22.584,787
粤B4MP95,113.860001,22.584,787
粤B4MP95,113.860001,22.584,787
粤B4MP95,113.860001,22.584,788
粤B4MP95,113.860001,22.584,788
粤B4MP95,113.860001,22.584,788
粤B4MP95,113.860001,22.584,789
粤B4MP95,113.860001,22.584,789
粤B4MP95,113.860001,22.584,789
粤B4MP95,113.860001,22.584,790
粤B4MP95,113.860001,22.584,790
粤B4MP95,113.860001,22.584,790
粤B4MP95,113.860001,22.584,790
粤B4MP95,113.860001,22.584,791
粤B4MP95,113.860001,22.584,791
粤B4MP95,113.860001,22.584,791
粤B4MP95,113.860001,22.584,792
粤B4MP95,113.860001,22.584,792
粤B4MP95,113.860001,22.584,792
粤B4MP95,113.860001,22.584,793
粤B4MP95,113.860001,22.584,793
粤B4MP95,113.860001,22.584,793
粤B4MP95,113.860001,22.584,794
粤B4MP95,113.860001,22.584,794
粤B4MP95,113.860001,22.584,794
粤B4MP95,113.860001,22.584,795
粤B4MP95,113.860001,22.584,795
粤B4MP95,113.860001,22.584,796
粤B4MP95,113.860001,22.584,796
粤B4MP95,113.860001,22.584,796
粤B4MP95,113.860001,22.584,797
粤B4MP95,113.860001,22.584,797
粤B4MP95,113.860001,22.584,797
粤B4MP95,113.860001,22.584,798
粤B4MP95,113.860001,22.584,798
粤B4MP95,113.860001,22.584,798
粤B4MP95,113.860001,22.584,799
粤B4MP95,113.860001,22.584,799
粤B4MP95,113.860001,22.584,800
粤B4MP95,113.860001,22.584,800
粤B4MP95,113.860001,22.584,800
粤B4MP95,113.860001,22.584,801
粤B4MP95,113.860001,22.584,801
粤B4MP95,113.860001,22.584,801
粤B4MP95,113.860001,22.584,802
粤B4MP95,113.860001,22.584,802
粤B4MP95,113.860001,22.584,802
粤B4MP95,113.860001,22.584,803
粤B4MP95,113.860001,22.584,803
粤B4MP95,113.860001,22.584,803
粤B4MP95,113.860001,22.584,804
粤B4MP95,113.860001,22.584,804
粤B4MP95,113.860001,22.584,805
粤B4MP95,113.860001,22.584,805
粤B4MP95,113.860001,22.584,805
粤B4MP95,113.860001,22.584,806
粤B4MP95,113.860001,22.584,806
粤B4MP95,113.860001,22.584,807
粤B4MP95,113.860001,22.584,807
粤B4MP95,113.860001,22.584,807
粤B4MP95,113.860001,22.584,808
粤B4MP95,113.860001,22.584,808
粤B4MP95,113.860001,22.584,808
粤B4MP95,113.860001,22.584,809
粤B4MP95,113.860001,22.584,809
粤B4MP95,113.860001,22.584,809
粤B4MP95,113.860001,22.584,810
粤B4MP95,113.860001,22.584,810
粤B4MP95,113.860001,22.584,810
粤B4MP95,113.860001,22.584,811
粤B4MP95,113.860001,22.584,811
粤B4MP95,113.860001,22.584,811
粤B4MP95,113.860001,22.584,812
粤B4MP95,113.860001,22.584,812
粤B4MP95,113.860001,22.584,812
粤B4MP95,113.860001,22.584,813
粤B4MP95,113.860001,22.584,813
粤B4MP95,113.860001,22.584,814
粤B4MP95,113.860001,22.584,814
粤B4MP95,113.860001,22.584,814
粤B4MP95,113.860001,22.584,815
粤B4MP95,113.860001,22.584,815
粤B4MP95,113.860001,22.584,815
粤B4MP95,113.860001,22.584,816
粤B4MP95,113.860001,22.584,816
粤B4MP95,113.860001,22.584,816
粤B4MP95,113.860001,22.584,817
粤B4MP95,113.860001,22.584,817
粤B4MP95,113.860001,22.584,818
粤B4MP95,113.860001,22.584,818
粤B4MP95,113.860001,22.584,818
粤B4MP95,113.860001,22.584,819
粤B4MP95,113.860001,22.584,819
粤B4MP95,113.860001,22.584,820
粤B4MP95,113.860001,22.584,820
粤B4MP95,113.860001,22.584,820
粤B4MP95,113.860001,22.584,821
粤B4MP95,113.860001,22.584,821
粤B4MP95,113.860001,22.584,821
粤B4MP95,113.860001,22.584,822
粤B4MP95,113.860001,22.584,822
粤B4MP95,113.860001,22.584,822
粤B4MP95,113.860001,22.584,823
粤B4MP95,113.860001,22.584,823
粤B4MP95,113.860001,22.584,823
粤B4MP95,113.860001,22.584,824
粤B4MP95,113.860001,22.584,824
粤B4MP95,113.860001,22.584,824
粤B4MP95,113.860001,22.584,825
粤B4MP95,113.860001,22.584,825
粤B4MP95,113.860001,22.584,825
粤B4MP95,113.860001,22.584,826
粤B4MP95,113.860001,22.584,826
粤B4MP95,113.860001,22.584,826
粤B4MP95,113.860001,22.584,827
粤B4MP95,113.860001,22.584,827
粤B4MP95,113.860001,22.584,827
粤B4MP95,113.860001,22.584,828
粤B4MP95,113.860001,22.584,828
粤B4MP95,113.860001,22.584,828
粤B4MP95,113.860001,22.584,829
粤B4MP95,113.860001,22.584,829
粤B4MP95,113.860001,22.584,830
粤B4MP95,113.860001,22.584,830
粤B4MP95,113.860001,22.584,831
粤B4MP95,113.860001,22.584,831
粤B4MP95,113.860001,22.584,831
粤B4MP95,113.860001,22.584,832
粤B4MP95,113.860001,22.584,832
粤B4MP95,113.860001,22.584,832
粤B4MP95,113.860001,22.584,833
粤B4MP95,113.860001,22.584,833
粤B4MP95,113.860001,22.584,833
粤B4MP95,113.860001,22.584,834
粤B4MP95,113.860001,22.584,834
粤B4MP95,113.860001,22.584,834
粤B4MP95,113.860001,22.584,835
粤B4MP95,113.860001,22.584,835
粤B4MP95,113.860001,22.584,836
粤B4MP95,113.860001,22.584,836
粤B4MP95,113.860001,22.584,838
粤B4MP95,113.860001,22.584,838
粤B4MP95,113.860001,22.584,839
粤B4MP95,113.860001,22.584,839
粤B4MP95,113.860001,22.584,840
粤B4MP95,113.860001,22.584,840
粤B4MP95,113.860001,22.584,840
粤B4MP95,113.860001,22.584,841
粤B4MP95,113.860001,22.584,841
粤B4MP95,113.860001,22.584,841
粤B4MP95,113.860001,22.584,842
粤B4MP95,113.860001,22.584,842
粤B4MP95,113.860001,22.584,842
粤B4MP95,113.860001,22.584,843
粤B4MP95,113.860001,22.584,843
粤B4MP95,113.860001,22.584,843
粤B4MP95,113.860001,22.584,844
粤B4MP95,113.860001,22.584,844
粤B4MP95,113.860001,22.584,844
粤B4MP95,113.860001,22.584,844
粤B4MP95,113.860001,22.584,845
粤B4MP95,113.860001,22.584,845
粤B4MP95,113.860001,22.584,845
粤B4MP95,113.860001,22.584,845
粤B4MP95,113.860001,22.584,846
粤B4MP95,113.860001,22.584,846
粤B4MP95,113.860001,22.584,846
粤B4MP95,113.860001,22.584,846
粤B4MP95,113.860001,22.584,847
粤B4MP95,113.860001,22.584,847
粤B4MP95,113.860001,22.584,847
粤B4MP95,113.860001,22.584,847
粤B4MP95,113.860001,22.584,848
粤B4MP95,113.860001,22.584,848
粤B4MP95,113.860001,22.584,848
粤B4MP95,113.860001,22.584,849
粤B4MP95,113.860001,22.584,849
粤B4MP95,113.860001,22.584,849
粤B4MP95,113.860001,22.584,849
粤B4MP95,113.860001,22.584,850
粤B4MP95,113.860001,22.584,850
粤B4MP95,113.860001,22.584,850
粤B4MP95,113.860001,22.584,851
粤B4MP95,113.860001,22.584,851
粤B4MP95,113.860001,22.584,851
粤B4MP95,113.860001,22.584,851
粤B4MP95,113.860001,22.584,852
粤B4MP95,113.860001,22.584,852
粤B4MP95,113.860001,22.584,852
粤B4MP95,113.860001,22.584,853
粤B4MP95,113.860001,22.584,853
粤B4MP95,113.860001,22.584,853
粤B4MP95,113.860001,22.584,853
粤B4MP95,113.860001,22.584,854
粤B4MP95,113.860001,22.584,854
粤B4MP95,113.860001,22.584,854
粤B4MP95,113.860001,22.584,855
粤B4MP95,113.860001,22.584,855
粤B4MP95,113.860001,22.584,855
粤B4MP95,113.860001,22.584,856
粤B4MP95,113.860001,22.584,856
粤B4MP95,113.860001,22.584,856
粤B4MP95,113.860001,22.584,856
粤B4MP95,113.860001,22.584,857
粤B4MP95,113.860001,22.584,857
粤B4MP95,113.860001,22.584,857
粤B4MP95,113.860001,22.584,857
粤B4MP95,113.860001,22.584,858
粤B4MP95,113.860001,22.584,858
粤B4MP95,113.860001,22.584,858
粤B4MP95,113.860001,22.584,859
粤B4MP95,113.860001,22.584,859
粤B4MP95,113.860001,22.584,859
粤B4MP95,113.860001,22.584,859
粤B4MP95,113.860001,22.584,860
粤B4MP95,113.860001,22.584,860
粤B4MP95,113.860001,22.584,860
粤B4MP95,113.860001,22.584,860
粤B4MP95,113.860001,22.584,861
粤B4MP95,113.860001,22.584,861
粤B4MP95,113.860001,22.584,861
粤B4MP95,113.860001,22.584,861
粤B4MP95,113.860001,22.584,862
粤B4MP95,113.860001,22.584,862
粤B4MP95,113.860001,22.584,862
粤B4MP95,113.860001,22.584,863
粤B4MP95,113.860001,22.584,863
粤B4MP95,113.860001,22.584,864
粤B4MP95,113.860001,22.584,864
粤B4MP95,113.860001,22.584,864
粤B4MP95,113.860001,22.584,864
粤B4MP95,113.860001,22.584,865
粤B4MP95,113.860001,22.584,865
粤B4MP95,113.860001,22.584,865
粤B4MP95,113.860001,22.584,865
粤B4MP95,113.860001,22.584,866
粤B4MP95,113.860001,22.584,866
粤B4MP95,113.860001,22.584,866
粤B4MP95,113.860001,22.584,866
粤B4MP95,113.860001,22.584,867
粤B4MP95,113.860001,22.584,867
粤B4MP95,113.860001,22.584,867
粤B4MP95,113.860001,22.584,867
粤B4MP95,113.860001,22.584,868
粤B4MP95,113.860001,22.584,868
粤B4MP95,113.860001,22.584,868
粤B4MP95,113.860001,22.584,868
粤B4MP95,113.860001,22.584,868
粤B4MP95,113.860001,22.584,869
粤B4MP95,113.860001,22.584,869
粤B4MP95,113.860001,22.584,869
粤B4MP95,113.860001,22.584,869
粤B4MP95,113.860001,22.584,870
粤B4MP95,113.860001,22.584,870
粤B4MP95,113.860001,22.584,870
粤B4MP95,113.860001,22.584,870
粤B4MP95,113.860001,22.584,871
粤B4MP95,113.860001,22.584,871
粤B4MP95,113.860001,22.584,871
粤B4MP95,113.860001,22.584,871
粤B4MP95,113.860001,22.584,872
粤B4MP95,113.860001,22.584,872
粤B4MP95,113.860001,22.584,872
粤B4MP95,113.860001,22.584,872
粤B4MP95,113.860001,22.584,873
粤B4MP95,113.860001,22.584,873
粤B4MP95,113.860001,22.584,873
粤B4MP95,113.860001,22.584,873
粤B4MP95,113.860001,22.584,874
粤B4MP95,113.860001,22.584,874
粤B4MP95,113.860001,22.584,874
粤B4MP95,113.860001,22.584,874
粤B4MP95,113.860001,22.584,875
粤B4MP95,113.860001,22.584,875
粤B4MP95,113.860001,22.584,875
粤B4MP95,113.860001,22.584,875
粤B4MP95,113.860001,22.584,876
粤B4MP95,113.860001,22.584,876
粤B4MP95,113.860001,22.584,876
粤B4MP95,113.860001,22.584,876
粤B4MP95,113.860001,22.584,877
粤B4MP95,113.860001,22.584,877
粤B4MP95,113.860001,22.584,877
粤B4MP95,113.860001,22.584,878
粤B4MP95,113.860001,22.584,878
粤B4MP95,113.860001,22.584,878
粤B4MP95,113.860001,22.584,878
粤B4MP95,113.860001,22.584,879
粤B4MP95,113.860001,22.584,879
粤B4MP95,113.860001,22.584,879
粤B4MP95,113.860001,22.584,879
粤B4MP95,113.860001,22.584,880
粤B4MP95,113.860001,22.584,880
粤B4MP95,113.860001,22.584,880
粤B4MP95,113.860001,22.584,881
粤B4MP95,113.860001,22.584,881
粤B4MP95,113.860001,22.584,881
粤B4MP95,113.860001,22.584,881
粤B4MP95,113.860001,22.584,882
粤B4MP95,113.860001,22.584,882
粤B4MP95,113.860001,22.584,882
粤B4MP95,113.860001,22.584,882
粤B4MP95,113.860001,22.584,883
粤B4MP95,113.860001,22.584,883
粤B4MP95,113.860001,22.584,883
粤B4MP95,113.860001,22.584,883
粤B4MP95,113.860001,22.584,884
粤B4MP95,113.860001,22.584,884
粤B4MP95,113.860001,22.584,884
粤B4MP95,113.860001,22.584,884
粤B4MP95,113.860001,22.584,885
粤B4MP95,113.860001,22.584,885
粤B4MP95,113.860001,22.584,885
粤B4MP95,113.860001,22.584,885
粤B4MP95,113.860001,22.584,886
粤B4MP95,113.860001,22.584,886
粤B4MP95,113.860001,22.584,886
粤B4MP95,113.860001,22.584,886
粤B4MP95,113.860001,22.584,887
粤B4MP95,113.860001,22.584,887
粤B4MP95,113.860001,22.584,887
粤B4MP95,113.860001,22.584,887
粤B4MP95,113.860001,22.584,888
粤B4MP95,113.860001,22.584,888
粤B4MP95,113.860001,22.584,888
粤B4MP95,113.860001,22.584,888
粤B4MP95,113.860001,22.584,889
粤B4MP95,113.860001,22.584,889
粤B4MP95,113.860001,22.584,889
粤B4MP95,113.860001,22.584,889
粤B4MP95,113.860001,22.584,890
粤B4MP95,113.860001,22.584,890
粤B4MP95,113.860001,22.584,890
粤B4MP95,113.860001,22.584,890
粤B4MP95,113.860001,22.584,891
粤B4MP95,113.860001,22.584,891
粤B4MP95,113.860001,22.584,891
粤B4MP95,113.860001,22.584,891
粤B4MP95,113.860001,22.584,892
粤B4MP95,113.860001,22.584,892
粤B4MP95,113.860001,22.584,892
粤B4MP95,113.860001,22.584,892
粤B4MP95,113.860001,22.584,893
粤B4MP95,113.860001,22.584,893
粤B4MP95,113.860001,22.584,893
粤B4MP95,113.860001,22.584,893
粤B4MP95,113.860001,22.584,894
粤B4MP95,113.860001,22.584,894
粤B4MP95,113.860001,22.584,894
粤B4MP95,113.860001,22.584,895
粤B4MP95,113.860001,22.584,896
粤B4MP95,113.860001,22.584,898
粤B4MP95,113.860001,22.584,906
粤B4MP95,113.860001,22.584,906
粤B4MP95,113.860001,22.584,906
粤B4MP95,113.860001,22.584,907
粤B4MP95,113.860001,22.584,907
粤B4MP95,113.860001,22.584,907
粤B4MP95,113.860001,22.584,908
粤B4MP95,113.860001,22.584,908
粤B4MP95,113.860001,22.584,908
粤B4MP95,113.860001,22.584,909
粤B4MP95,113.860001,22.584,909
粤B4MP95,113.860001,22.584,909
粤B4MP95,113.860001,22.584,909
粤B4MP95,113.860001,22.584,910
粤B4MP95,113.860001,22.584,910
粤B4MP95,113.860001,22.584,911
粤B4MP95,113.860001,22.584,911
粤B4MP95,113.860001,22.584,911
粤B4MP95,113.860001,22.584,911
粤B4MP95,113.860001,22.584,912
粤B4MP95,113.860001,22.584,912
粤B4MP95,113.860001,22.584,912
粤B4MP95,113.860001,22.584,912
粤B4MP95,113.860001,22.584,913
粤B4MP95,113.860001,22.584,913
粤B4MP95,113.860001,22.584,913
粤B4MP95,113.860001,22.584,913
粤B4MP95,113.860001,22.584,914
粤B4MP95,113.860001,22.584,914
粤B4MP95,113.860001,22.584,914
粤B4MP95,113.860001,22.584,914
粤B4MP95,113.860001,22.584,915
粤B4MP95,113.860001,22.584,915
粤B4MP95,113.860001,22.584,915
粤B4MP95,113.860001,22.584,915
粤B4MP95,113.860001,22.584,916
粤B4MP95,113.860001,22.584,916
粤B4MP95,113.860001,22.584,916
粤B4MP95,113.860001,22.584,916
粤B4MP95,113.860001,22.584,917
粤B4MP95,113.860001,22.584,917
粤B4MP95,113.860001,22.584,917
粤B4MP95,113.860001,22.584,917
粤B4MP95,113.860001,22.584,918
粤B4MP95,113.860001,22.584,918
粤B4MP95,113.860001,22.584,918
粤B4MP95,113.860001,22.584,918
粤B4MP95,113.860001,22.584,919
粤B4MP95,113.860001,22.584,919
粤B4MP95,113.860001,22.584,919
粤B4MP95,113.860001,22.584,919
粤B4MP95,113.860001,22.584,920
粤B4MP95,113.860001,22.584,920
粤B4MP95,113.860001,22.584,920
粤B4MP95,113.860001,22.584,920
粤B4MP95,113.860001,22.584,921
粤B4MP95,113.860001,22.584,921
粤B4MP95,113.860001,22.584,921
粤B4MP95,113.860001,22.584,921
粤B4MP95,113.860001,22.584,922
粤B4MP95,113.860001,22.584,922
粤B4MP95,113.860001,22.584,922
粤B4MP95,113.860001,22.584,922
粤B4MP95,113.860001,22.584,923
粤B4MP95,113.860001,22.584,923
粤B4MP95,113.860001,22.584,923
粤B4MP95,113.860001,22.584,923
粤B4MP95,113.860001,22.584,924
粤B4MP95,113.860001,22.584,924
粤B4MP95,113.860001,22.584,924
粤B4MP95,113.860001,22.584,925
粤B4MP95,113.860001,22.584,925
粤B4MP95,113.860001,22.584,925
粤B4MP95,113.860001,22.584,925
粤B4MP95,113.860001,22.584,926
粤B4MP95,113.860001,22.584,926
粤B4MP95,113.860001,22.584,926
粤B4MP95,113.860001,22.584,927
粤B4MP95,113.860001,22.584,927
粤B4MP95,113.860001,22.584,927
粤B4MP95,113.860001,22.584,927
粤B4MP95,113.860001,22.584,928
粤B4MP95,113.860001,22.584,928
粤B4MP95,113.860001,22.584,928
粤B4MP95,113.860001,22.584,929
粤B4MP95,113.860001,22.584,929
粤B4MP95,113.860001,22.584,929
粤B4MP95,113.860001,22.584,929
粤B4MP95,113.860001,22.584,930
粤B4MP95,113.860001,22.584,930
粤B4MP95,113.860001,22.584,930
粤B4MP95,113.860001,22.584,930
粤B4MP95,113.860001,22.584,931
粤B4MP95,113.860001,22.584,931
粤B4MP95,113.860001,22.584,931
粤B4MP95,113.860001,22.584,931
粤B4MP95,113.860001,22.584,932
粤B4MP95,113.860001,22.584,932
粤B4MP95,113.860001,22.584,932
粤B4MP95,113.860001,22.584,932
粤B4MP95,113.860001,22.584,933
粤B4MP95,113.860001,22.584,933
粤B4MP95,113.860001,22.584,933
粤B4MP95,113.860001,22.584,933
粤B4MP95,113.860001,22.584,934
粤B4MP95,113.860001,22.584,934
粤B4MP95,113.860001,22.584,934
粤B4MP95,113.860001,22.584,934
粤B4MP95,113.860001,22.584,935
粤B4MP95,113.860001,22.584,935
粤B4MP95,113.860001,22.584,935
粤B4MP95,113.860001,22.584,935
粤B4MP95,113.860001,22.584,936
粤B4MP95,113.860001,22.584,936
粤B4MP95,113.860001,22.584,936
粤B4MP95,113.860001,22.584,936
粤B4MP95,113.860001,22.584,937
粤B4MP95,113.860001,22.584,937
粤B4MP95,113.860001,22.584,937
粤B4MP95,113.860001,22.584,938
粤B4MP95,113.860001,22.584,938
粤B4MP95,113.860001,22.584,938
粤B4MP95,113.860001,22.584,938
粤B4MP95,113.860001,22.584,939
粤B4MP95,113.860001,22.584,939
粤B4MP95,113.860001,22.584,939
粤B4MP95,113.860001,22.584,939
粤B4MP95,113.860001,22.584,940
粤B4MP95,113.860001,22.584,940
粤B4MP95,113.860001,22.584,940
粤B4MP95,113.860001,22.584,940
粤B4MP95,113.860001,22.584,941
粤B4MP95,113.860001,22.584,941
粤B4MP95,113.860001,22.584,941
粤B4MP95,113.860001,22.584,941
粤B4MP95,113.860001,22.584,941
粤B4MP95,113.860001,22.584,942
粤B4MP95,113.860001,22.584,942
粤B4MP95,113.860001,22.584,942
粤B4MP95,113.860001,22.584,942
粤B4MP95,113.860001,22.584,943
粤B4MP95,113.860001,22.584,943
粤B4MP95,113.860001,22.584,943
粤B4MP95,113.860001,22.584,943
粤B4MP95,113.860001,22.584,944
粤B4MP95,113.860001,22.584,944
粤B4MP95,113.860001,22.584,944
粤B4MP95,113.860001,22.584,944
粤B4MP95,113.860001,22.584,945
粤B4MP95,113.860001,22.584,945
粤B4MP95,113.860001,22.584,945
粤B4MP95,113.860001,22.584,945
粤B4MP95,113.860001,22.584,946
粤B4MP95,113.860001,22.584,946
粤B4MP95,113.860001,22.584,946
粤B4MP95,113.860001,22.584,946
粤B4MP95,113.860001,22.584,947
粤B4MP95,113.860001,22.584,947
粤B4MP95,113.860001,22.584,947
粤B4MP95,113.860001,22.584,947
粤B4MP95,113.860001,22.584,948
粤B4MP95,113.860001,22.584,948
粤B4MP95,113.860001,22.584,948
粤B4MP95,113.860001,22.584,948
粤B4MP95,113.860001,22.584,949
粤B4MP95,113.860001,22.584,949
粤B4MP95,113.860001,22.584,949
粤B4MP95,113.860001,22.584,949
粤B4MP95,113.860001,22.584,950
粤B4MP95,113.860001,22.584,950
粤B4MP95,113.860001,22.584,950
粤B4MP95,113.860001,22.584,950
粤B4MP95,113.860001,22.584,951
粤B4MP95,113.860001,22.584,951
粤B4MP95,113.860001,22.584,951
粤B4MP95,113.860001,22.584,951
粤B4MP95,113.860001,22.584,951
粤B4MP95,113.860001,22.584,952
粤B4MP95,113.860001,22.584,952
粤B4MP95,113.860001,22.584,952
粤B4MP95,113.860001,22.584,952
粤B4MP95,113.860001,22.584,953
粤B4MP95,113.860001,22.584,953
粤B4MP95,113.860001,22.584,953
粤B4MP95,113.860001,22.584,953
粤B4MP95,113.860001,22.584,954
粤B4MP95,113.860001,22.584,954
粤B4MP95,113.860001,22.584,954
粤B4MP95,113.860001,22.584,954
粤B4MP95,113.860001,22.584,955
粤B4MP95,113.860001,22.584,955
粤B4MP95,113.860001,22.584,955
粤B4MP95,113.860001,22.584,955
粤B4MP95,113.860001,22.584,956
粤B4MP95,113.860001,22.584,956
粤B4MP95,113.860001,22.584,956
粤B4MP95,113.860001,22.584,956
粤B4MP95,113.860001,22.584,957
粤B4MP95,113.860001,22.584,957
粤B4MP95,113.860001,22.584,957
粤B4MP95,113.860001,22.584,957
粤B4MP95,113.860001,22.584,958
粤B4MP95,113.860001,22.584,958
粤B4MP95,113.860001,22.584,958
粤B4MP95,113.860001,22.584,959
粤B4MP95,113.860001,22.584,959
粤B4MP95,113.860001,22.584,959
粤B4MP95,113.860001,22.584,960
粤B4MP95,113.860001,22.584,960
粤B4MP95,113.860001,22.584,960
粤B4MP95,113.860001,22.584,961
粤B4MP95,113.860001,22.584,961
粤B4MP95,113.860001,22.584,961
粤B4MP95,113.860001,22.584,962
粤B4MP95,113.860001,22.584,962
粤B4MP95,113.860001,22.584,962
粤B4MP95,113.860001,22.584,963
粤B4MP95,113.860001,22.584,963
粤B4MP95,113.860001,22.584,963
粤B4MP95,113.860001,22.584,963
粤B4MP95,113.860001,22.584,964
粤B4MP95,113.860001,22.584,964
粤B4MP95,113.860001,22.584,964
粤B4MP95,113.860001,22.584,964
粤B4MP95,113.860001,22.584,965
粤B4MP95,113.860001,22.584,965
粤B4MP95,113.860001,22.584,966
粤B4MP95,113.860001,22.584,966
粤B4MP95,113.860001,22.584,966
粤B4MP95,113.860001,22.584,967
粤B4MP95,113.860001,22.584,967
粤B4MP95,113.860001,22.584,968
粤B4MP95,113.860001,22.584,968
粤B4MP95,113.860001,22.584,969
粤B4MP95,113.860001,22.584,969
粤B4MP95,113.860001,22.584,969
粤B4MP95,113.860001,22.584,970
粤B4MP95,113.860001,22.584,970
粤B4MP95,113.860001,22.584,970
粤B4MP95,113.860001,22.584,971
粤B4MP95,113.860001,22.584,971
粤B4MP95,113.860001,22.584,971
粤B4MP95,113.860001,22.584,971
粤B4MP95,113.860001,22.584,971
粤B4MP95,113.860001,22.584,972
粤B4MP95,113.860001,22.584,972
粤B4MP95,113.860001,22.584,972
粤B4MP95,113.860001,22.584,973
粤B4MP95,113.860001,22.584,973
粤B4MP95,113.860001,22.584,973
粤B4MP95,113.860001,22.584,974
粤B4MP95,113.860001,22.584,974
粤B4MP95,113.860001,22.584,975
粤B4MP95,113.860001,22.584,975
粤B4MP95,113.860001,22.584,975
粤B4MP95,113.860001,22.584,975
粤B4MP95,113.860001,22.584,976
粤B4MP95,113.860001,22.584,976
粤B4MP95,113.860001,22.584,976
粤B4MP95,113.860001,22.584,977
粤B4MP95,113.860001,22.584,977
粤B4MP95,113.860001,22.584,977
粤B4MP95,113.860001,22.584,978
粤B4MP95,113.860001,22.584,978
粤B4MP95,113.860001,22.584,979
粤B4MP95,113.860001,22.584,979
粤B4MP95,113.860001,22.584,980
粤B4MP95,113.860001,22.584,980
粤B4MP95,113.860001,22.584,980
粤B4MP95,113.860001,22.584,981
粤B4MP95,113.860001,22.584,981
粤B4MP95,113.860001,22.584,981
粤B4MP95,113.860001,22.584,982
粤B4MP95,113.860001,22.584,982
粤B4MP95,113.860001,22.584,983
粤B4MP95,113.860001,22.584,983
粤B4MP95,113.860001,22.584,983
粤B4MP95,113.860001,22.584,984
粤B4MP95,113.860001,22.584,984
粤B4MP95,113.860001,22.584,984
粤B4MP95,113.860001,22.584,984
粤B4MP95,113.860001,22.584,985
粤B4MP95,113.860001,22.584,986
粤B4MP95,113.860001,22.584,986
粤B4MP95,113.860001,22.584,987
粤B4MP95,113.860001,22.584,989
粤B4MP95,113.860001,22.584,990
粤B4MP95,113.860001,22.584,991
粤B4MP95,113.860001,22.584,991
粤B4MP95,113.860001,22.584,992
粤B4MP95,113.901199,22.5646,993
粤B4MP95,113.860001,22.584,993
粤B4MP95,113.860001,22.584,993
粤B4MP95,113.901199,22.5646,994
粤B4MP95,113.901199,22.5646,994
粤B4MP95,113.901497,22.5646,994
粤B4MP95,113.901199,22.5646,994
粤B4MP95,113.901497,22.5648,995
粤B4MP95,113.901001,22.564301,995
粤B4MP95,113.899902,22.5637,995
粤B4MP95,113.899803,22.5634,996
粤B4MP95,113.898598,22.561701,996
粤B4MP95,113.899803,22.5634,996
粤B4MP95,113.898598,22.561701,996
粤B4MP95,113.898598,22.561701,997
粤B4MP95,113.898598,22.561701,997
粤B4MP95,113.898598,22.561701,997
粤B4MP95,113.898598,22.561701,998
粤B4MP95,113.898598,22.561701,998
粤B4MP95,113.898598,22.561701,998
粤B4MP95,113.898598,22.561701,999
粤B4MP95,113.898598,22.561701,999
粤B4MP95,113.898598,22.561701,999
粤B4MP95,113.898598,22.561701,1000
粤B4MP95,113.898598,22.561701,1000
粤B4MP95,113.898598,22.561701,1000
粤B4MP95,113.898598,22.561701,1001
粤B4MP95,113.898598,22.561701,1001
粤B4MP95,113.898598,22.561701,1001
粤B4MP95,113.898598,22.561701,1001
粤B4MP95,113.898598,22.561701,1002
粤B4MP95,113.898598,22.561701,1002
粤B4MP95,113.898598,22.561701,1002
粤B4MP95,113.898598,22.561701,1003
粤B4MP95,113.898598,22.561701,1003
粤B4MP95,113.898598,22.561701,1003
粤B4MP95,113.898598,22.561701,1004
粤B4MP95,113.898598,22.561701,1004
粤B4MP95,113.898598,22.561701,1004
粤B4MP95,113.898598,22.561701,1005
粤B4MP95,113.898598,22.561701,1005
粤B4MP95,113.898598,22.561701,1005
粤B4MP95,113.898598,22.561701,1006
粤B4MP95,113.898598,22.561701,1006
粤B4MP95,113.898598,22.561701,1007
粤B4MP95,113.898598,22.561701,1007
粤B4MP95,113.898598,22.561701,1008
粤B4MP95,113.902298,22.5606,1008
粤B4MP95,113.898598,22.561701,1008
粤B4MP95,113.902298,22.5606,1009
粤B4MP95,113.902298,22.5606,1009
粤B4MP95,113.902298,22.5606,1009
粤B4MP95,113.902298,22.5606,1009
粤B4MP95,113.902298,22.5606,1010
粤B4MP95,113.902298,22.5606,1010
粤B4MP95,113.902298,22.5606,1010
粤B4MP95,113.902298,22.5606,1011
粤B4MP95,113.902298,22.5606,1011
粤B4MP95,113.902298,22.5606,1011
粤B4MP95,113.902,22.557301,1012
粤B4MP95,113.898598,22.561701,1012
粤B4MP95,113.902,22.557301,1012
粤B4MP95,113.902,22.557301,1012
粤B4MP95,113.902,22.557301,1012
粤B4MP95,113.902,22.557301,1013
粤B4MP95,113.902,22.557301,1013
粤B4MP95,113.902,22.557301,1013
粤B4MP95,113.902,22.557301,1014
粤B4MP95,113.902,22.557301,1014
粤B4MP95,113.902,22.557301,1014
粤B4MP95,113.902,22.557301,1015
粤B4MP95,113.900101,22.565701,1015
粤B4MP95,113.902,22.557301,1015
粤B4MP95,113.900597,22.566,1016
粤B4MP95,113.900597,22.566,1016
粤B4MP95,113.900597,22.566,1016
粤B4MP95,113.900597,22.566,1017
粤B4MP95,113.900597,22.566,1017
粤B4MP95,113.900597,22.566,1017
粤B4MP95,113.899101,22.566299,1018
粤B4MP95,113.8992,22.5667,1018
粤B4MP95,113.899101,22.566299,1018
粤B4MP95,113.897499,22.564699,1019
粤B4MP95,113.897499,22.564699,1019
粤B4MP95,113.899101,22.566299,1019
粤B4MP95,113.897499,22.564699,1029
粤B4MP95,113.897499,22.564699,1030
粤B4MP95,113.897499,22.564699,1030
粤B4MP95,113.897499,22.564699,1030
粤B4MP95,113.897499,22.564699,1031
粤B4MP95,113.897499,22.564699,1032
粤B4MP95,113.897499,22.564699,1033
粤B4MP95,113.897499,22.564699,1033
粤B4MP95,113.897499,22.564699,1033
粤B4MP95,113.897499,22.564699,1034
粤B4MP95,113.897499,22.564699,1034
粤B4MP95,113.897499,22.564699,1034
粤B4MP95,113.897499,22.564699,1035
粤B4MP95,113.897499,22.564699,1035
粤B4MP95,113.897499,22.564699,1036
粤B4MP95,113.897499,22.564699,1036
粤B4MP95,113.897499,22.564699,1036
粤B4MP95,113.897499,22.564699,1037
粤B4MP95,113.897499,22.564699,1037
粤B4MP95,113.897499,22.564699,1037
粤B4MP95,113.897499,22.564699,1038
粤B4MP95,113.897499,22.564699,1038
粤B4MP95,113.897499,22.564699,1038
粤B4MP95,113.897499,22.564699,1039
粤B4MP95,113.897499,22.564699,1039
粤B4MP95,113.897499,22.564699,1039
粤B4MP95,113.897499,22.564699,1040
粤B4MP95,113.897499,22.564699,1040
粤B4MP95,113.897499,22.564699,1040
粤B4MP95,113.897499,22.564699,1041
粤B4MP95,113.897499,22.564699,1041
粤B4MP95,113.897499,22.564699,1042
粤B4MP95,113.897499,22.564699,1042
粤B4MP95,113.897499,22.564699,1043
粤B4MP95,113.897499,22.564699,1043
粤B4MP95,113.897499,22.564699,1043
粤B4MP95,113.897499,22.564699,1044
粤B4MP95,113.897499,22.564699,1044
粤B4MP95,113.897499,22.564699,1044
粤B4MP95,113.897499,22.564699,1045
粤B4MP95,113.897499,22.564699,1045
粤B4MP95,113.897499,22.564699,1045
粤B4MP95,113.897499,22.564699,1046
粤B4MP95,113.897499,22.564699,1046
粤B4MP95,113.897499,22.564699,1046
粤B4MP95,113.897499,22.564699,1047
粤B4MP95,113.897499,22.564699,1047
粤B4MP95,113.897499,22.564699,1047
粤B4MP95,113.897499,22.564699,1048
粤B4MP95,113.897499,22.564699,1048
粤B4MP95,113.897499,22.564699,1048
粤B4MP95,113.897499,22.564699,1049
粤B4MP95,113.897499,22.564699,1049
粤B4MP95,113.897499,22.564699,1049
粤B4MP95,113.897499,22.564699,1050
粤B4MP95,113.897499,22.564699,1050
粤B4MP95,113.897499,22.564699,1051
粤B4MP95,113.897499,22.564699,1051
粤B4MP95,113.897499,22.564699,1051
粤B4MP95,113.897499,22.564699,1052
粤B4MP95,113.897499,22.564699,1052
粤B4MP95,113.897499,22.564699,1052
粤B4MP95,113.897499,22.564699,1053
粤B4MP95,113.897499,22.564699,1053
粤B4MP95,113.897499,22.564699,1053
粤B4MP95,113.897499,22.564699,1054
粤B4MP95,113.897499,22.564699,1054
粤B4MP95,113.897499,22.564699,1055
粤B4MP95,113.897499,22.564699,1055
粤B4MP95,113.897499,22.564699,1056
粤B4MP95,113.897499,22.564699,1056
粤B4MP95,113.897499,22.564699,1056
粤B4MP95,113.897499,22.564699,1057
粤B4MP95,113.897499,22.564699,1057
粤B4MP95,113.897499,22.564699,1057
粤B4MP95,113.897499,22.564699,1058
粤B4MP95,113.897499,22.564699,1058
粤B4MP95,113.897499,22.564699,1058
粤B4MP95,113.897499,22.564699,1059
粤B4MP95,113.897499,22.564699,1059
粤B4MP95,113.897499,22.564699,1059
粤B4MP95,113.897499,22.564699,1060
粤B4MP95,113.897499,22.564699,1060
粤B4MP95,113.897499,22.564699,1060
粤B4MP95,113.897499,22.564699,1061
粤B4MP95,113.897499,22.564699,1061
粤B4MP95,113.897499,22.564699,1061
粤B4MP95,113.897499,22.564699,1062
粤B4MP95,113.897499,22.564699,1062
粤B4MP95,113.897499,22.564699,1062
粤B4MP95,113.897499,22.564699,1063
粤B4MP95,113.897499,22.564699,1063
粤B4MP95,113.897499,22.564699,1063
粤B4MP95,113.897499,22.564699,1064
粤B4MP95,113.897499,22.564699,1064
粤B4MP95,113.897499,22.564699,1064
粤B4MP95,113.897499,22.564699,1065
粤B4MP95,113.897499,22.564699,1065
粤B4MP95,113.897499,22.564699,1065
粤B4MP95,113.897499,22.564699,1066
粤B4MP95,113.897499,22.564699,1066
粤B4MP95,113.897499,22.564699,1067
粤B4MP95,113.897499,22.564699,1067
粤B4MP95,113.897499,22.564699,1068
粤B4MP95,113.897499,22.564699,1068
粤B4MP95,113.897499,22.564699,1068
粤B4MP95,113.8965,22.585699,1069
粤B4MP95,113.894402,22.5851,1069
粤B4MP95,113.898003,22.5861,1069
粤B4MP95,113.898499,22.5858,1070
粤B4MP95,113.898499,22.5858,1070
粤B4MP95,113.900803,22.584499,1070
粤B4MP95,113.901398,22.5837,1071
粤B4MP95,113.902199,22.582399,1071
粤B4MP95,113.902199,22.582701,1071
粤B4MP95,113.899902,22.578699,1073
粤B4MP95,113.897598,22.5765,1074
粤B4MP95,113.899902,22.578699,1074
粤B4MP95,113.899902,22.578699,1074
粤B4MP95,113.8965,22.5756,1075
粤B4MP95,113.895401,22.575399,1075
粤B4MP95,113.896301,22.5756,1075
粤B4MP95,113.891998,22.5791,1076
粤B4MP95,113.894096,22.5769,1076
粤B4MP95,113.893097,22.578199,1076
粤B4MP95,113.891998,22.5791,1077
粤B4MP95,113.891998,22.5791,1077
粤B4MP95,113.891998,22.5791,1077
粤B4MP95,113.891403,22.5798,1078
粤B4MP95,113.891899,22.5793,1078
粤B4MP95,113.890198,22.580999,1078
粤B4MP95,113.891998,22.5791,1078
粤B4MP95,113.888397,22.5825,1079
粤B4MP95,113.888397,22.5825,1079
粤B4MP95,113.888802,22.5823,1079
粤B4MP95,113.888496,22.5825,1079
粤B4MP95,113.889198,22.5814,1080
粤B4MP95,113.889397,22.5814,1080
粤B4MP95,113.888397,22.5825,1080
粤B4MP95,113.888397,22.5825,1080
粤B4MP95,113.889397,22.5814,1080
粤B4MP95,113.890602,22.5828,1081
粤B4MP95,113.888397,22.5842,1081
粤B4MP95,113.889397,22.5814,1081
粤B4MP95,113.891502,22.582399,1081
粤B4MP95,113.884697,22.585699,1082
粤B4MP95,113.883797,22.586399,1082
粤B4MP95,113.883797,22.586399,1082
粤B4MP95,113.883797,22.586399,1082
粤B4MP95,113.883797,22.586399,1083
粤B4MP95,113.883797,22.586399,1083
粤B4MP95,113.883797,22.586399,1083
粤B4MP95,113.883797,22.586399,1084
粤B4MP95,113.883797,22.586399,1084
粤B4MP95,113.883797,22.586399,1084
粤B4MP95,113.883797,22.586399,1085
粤B4MP95,113.883797,22.586399,1085
粤B4MP95,113.883797,22.586399,1085
粤B4MP95,113.883797,22.586399,1086
粤B4MP95,113.883797,22.586399,1086
粤B4MP95,113.883797,22.586399,1086
粤B4MP95,113.883797,22.586399,1087
粤B4MP95,113.883797,22.586399,1087
粤B4MP95,113.883797,22.586399,1087
粤B4MP95,113.883797,22.586399,1087
粤B4MP95,113.875198,22.596001,1088
粤B4MP95,113.875198,22.596001,1088
粤B4MP95,113.875801,22.595501,1088
粤B4MP95,113.875298,22.5958,1088
粤B4MP95,113.875198,22.596001,1089
粤B4MP95,113.875198,22.596001,1089
粤B4MP95,113.875198,22.596001,1089
粤B4MP95,113.875,22.5959,1089
粤B4MP95,113.874901,22.5961,1090
粤B4MP95,113.874901,22.5961,1090
粤B4MP95,113.874901,22.5961,1090
粤B4MP95,113.874702,22.596399,1091
粤B4MP95,113.876801,22.594299,1091
粤B4MP95,113.877602,22.5928,1092
粤B4MP95,113.877502,22.593201,1092
粤B4MP95,113.877502,22.593201,1092
粤B4MP95,113.877502,22.593201,1092
粤B4MP95,113.877098,22.5937,1092
粤B4MP95,113.877098,22.5937,1092
粤B4MP95,113.877899,22.5928,1093
粤B4MP95,113.878304,22.5919,1093
粤B4MP95,113.877602,22.593,1093
粤B4MP95,113.877502,22.592699,1094
粤B4MP95,113.877602,22.5928,1094
粤B4MP95,113.877998,22.592199,1094
粤B4MP95,113.878304,22.592899,1095
粤B4MP95,113.878098,22.592899,1095
粤B4MP95,113.8778,22.5928,1095
粤B4MP95,113.879097,22.591801,1096
粤B4MP95,113.880402,22.591101,1096
粤B4MP95,113.878098,22.592899,1096
粤B4MP95,113.8806,22.590401,1097
粤B4MP95,113.880096,22.5914,1097
粤B4MP95,113.880501,22.5912,1097
粤B4MP95,113.880096,22.5914,1097
粤B4MP95,113.880501,22.5912,1097
粤B4MP95,113.880096,22.5914,1097
粤B4MP95,113.880096,22.5914,1097
粤B4MP95,113.880898,22.5896,1098
粤B4MP95,113.880898,22.5896,1098
粤B4MP95,113.880898,22.5896,1098
粤B4MP95,113.880898,22.5896,1098
粤B4MP95,113.880898,22.5896,1099
粤B4MP95,113.880898,22.5896,1099
粤B4MP95,113.880898,22.5896,1100
粤B4MP95,113.880898,22.5896,1100
粤B4MP95,113.880898,22.5896,1100
粤B4MP95,113.880898,22.5896,1101
粤B4MP95,113.880898,22.5896,1101
粤B4MP95,113.880898,22.5896,1102
粤B4MP95,113.880898,22.5896,1102
粤B4MP95,113.880898,22.5896,1102
粤B4MP95,113.880898,22.5896,1103
粤B4MP95,113.880898,22.5896,1103
粤B4MP95,113.880898,22.5896,1103
粤B4MP95,113.880898,22.5896,1104
粤B4MP95,113.880898,22.5896,1104
粤B4MP95,113.880898,22.5896,1104
粤B4MP95,113.880898,22.5896,1105
粤B4MP95,113.880898,22.5896,1105
粤B4MP95,113.880898,22.5896,1105
粤B4MP95,113.880898,22.5896,1106
粤B4MP95,113.880898,22.5896,1106
粤B4MP95,113.880898,22.5896,1106
粤B4MP95,113.880898,22.5896,1107
粤B4MP95,113.880898,22.5896,1107
粤B4MP95,113.880898,22.5896,1107
粤B4MP95,113.880898,22.5896,1108
粤B4MP95,113.880898,22.5896,1108
粤B4MP95,113.880898,22.5896,1108
粤B4MP95,113.880898,22.5896,1109
粤B4MP95,113.880898,22.5896,1109
粤B4MP95,113.880898,22.5896,1109
粤B4MP95,113.880898,22.5896,1110
粤B4MP95,113.880898,22.5896,1110
粤B4MP95,113.880898,22.5896,1110
粤B4MP95,113.880898,22.5896,1111
粤B4MP95,113.880898,22.5896,1111
粤B4MP95,113.880898,22.5896,1112
粤B4MP95,113.880898,22.5896,1112
粤B4MP95,113.880898,22.5896,1112
粤B4MP95,113.880898,22.5896,1113
粤B4MP95,113.880898,22.5896,1113
粤B4MP95,113.880898,22.5896,1113
粤B4MP95,113.880898,22.5896,1114
粤B4MP95,113.880898,22.5896,1114
粤B4MP95,113.880898,22.5896,1115
粤B4MP95,113.880898,22.5896,1115
粤B4MP95,113.880898,22.5896,1115
粤B4MP95,113.880898,22.5896,1116
粤B4MP95,113.880898,22.5896,1116
粤B4MP95,113.880898,22.5896,1116
粤B4MP95,113.880898,22.5896,1117
粤B4MP95,113.880898,22.5896,1117
粤B4MP95,113.880898,22.5896,1117
粤B4MP95,113.880898,22.5896,1118
粤B4MP95,113.880898,22.5896,1118
粤B4MP95,113.880898,22.5896,1118
粤B4MP95,113.880898,22.5896,1119
粤B4MP95,113.880898,22.5896,1119
粤B4MP95,113.880898,22.5896,1120
粤B4MP95,113.880898,22.5896,1120
粤B4MP95,113.880898,22.5896,1120
粤B4MP95,113.880898,22.5896,1121
粤B4MP95,113.880898,22.5896,1121
粤B4MP95,113.880898,22.5896,1122
粤B4MP95,113.880898,22.5896,1122
粤B4MP95,113.880898,22.5896,1122
粤B4MP95,113.880898,22.5896,1123
粤B4MP95,113.880898,22.5896,1123
粤B4MP95,113.880898,22.5896,1123
粤B4MP95,113.880898,22.5896,1124
粤B4MP95,113.880898,22.5896,1124
粤B4MP95,113.880898,22.5896,1125
粤B4MP95,113.880898,22.5896,1125
粤B4MP95,113.880898,22.5896,1125
粤B4MP95,113.880898,22.5896,1126
粤B4MP95,113.880898,22.5896,1126
粤B4MP95,113.880898,22.5896,1126
粤B4MP95,113.880898,22.5896,1127
粤B4MP95,113.880898,22.5896,1127
粤B4MP95,113.880898,22.5896,1127
粤B4MP95,113.880898,22.5896,1128
粤B4MP95,113.880898,22.5896,1129
粤B4MP95,113.880898,22.5896,1129
粤B4MP95,113.880898,22.5896,1129
粤B4MP95,113.880898,22.5896,1130
粤B4MP95,113.880898,22.5896,1130
粤B4MP95,113.880898,22.5896,1130
粤B4MP95,113.880898,22.5896,1131
粤B4MP95,113.880898,22.5896,1131
粤B4MP95,113.880898,22.5896,1131
粤B4MP95,113.880898,22.5896,1132
粤B4MP95,113.880898,22.5896,1132
粤B4MP95,113.880898,22.5896,1133
粤B4MP95,113.880898,22.5896,1133
粤B4MP95,113.880898,22.5896,1133
粤B4MP95,113.880898,22.5896,1134
粤B4MP95,113.880898,22.5896,1134
粤B4MP95,113.880898,22.5896,1134
粤B4MP95,113.880898,22.5896,1135
粤B4MP95,113.880898,22.5896,1135
粤B4MP95,113.880898,22.5896,1135
粤B4MP95,113.880898,22.5896,1136
粤B4MP95,113.880898,22.5896,1136
粤B4MP95,113.880898,22.5896,1136
粤B4MP95,113.880898,22.5896,1137
粤B4MP95,113.880898,22.5896,1137
粤B4MP95,113.908897,22.566299,1144
粤B4MP95,113.908897,22.566299,1145
粤B4MP95,113.908897,22.566299,1145
粤B4MP95,113.908897,22.566299,1145
粤B4MP95,113.908897,22.566299,1146
粤B4MP95,113.908897,22.566299,1146
粤B4MP95,113.908897,22.566299,1147
粤B4MP95,113.908897,22.566299,1147
粤B4MP95,113.908897,22.566299,1147
粤B4MP95,113.908897,22.566299,1148
粤B4MP95,113.908897,22.566299,1148
粤B4MP95,113.908897,22.566299,1148
粤B4MP95,113.908897,22.566299,1149
粤B4MP95,113.908897,22.566299,1149
粤B4MP95,113.908897,22.566299,1149
粤B4MP95,113.908897,22.566299,1150
粤B4MP95,113.908897,22.566299,1150
粤B4MP95,113.908897,22.566299,1150
粤B4MP95,113.908897,22.566299,1151
粤B4MP95,113.908897,22.566299,1151
粤B4MP95,113.908897,22.566299,1151
粤B4MP95,113.908897,22.566299,1152
粤B4MP95,113.908897,22.566299,1152
粤B4MP95,113.908897,22.566299,1152
粤B4MP95,113.908897,22.566299,1153
粤B4MP95,113.908897,22.566299,1153
粤B4MP95,113.908897,22.566299,1153
粤B4MP95,113.908897,22.566299,1154
粤B4MP95,113.908897,22.566299,1154
粤B4MP95,113.908897,22.566299,1154
粤B4MP95,113.908897,22.566299,1155
粤B4MP95,113.908897,22.566299,1155
粤B4MP95,113.908897,22.566299,1155
粤B4MP95,113.908897,22.566299,1156
粤B4MP95,113.908897,22.566299,1156
粤B4MP95,113.908897,22.566299,1156
粤B4MP95,113.908897,22.566299,1157
粤B4MP95,113.908897,22.566299,1157
粤B4MP95,113.908897,22.566299,1157
粤B4MP95,113.908897,22.566299,1158
粤B4MP95,113.898201,22.573,1158
粤B4MP95,113.908897,22.566299,1158
粤B4MP95,113.908897,22.566299,1158
粤B4MP95,113.895699,22.5755,1159
粤B4MP95,113.896698,22.574499,1159
粤B4MP95,113.895699,22.5755,1159
粤B4MP95,113.895699,22.5755,1160
粤B4MP95,113.895699,22.5755,1160
粤B4MP95,113.895699,22.5755,1160
粤B4MP95,113.895699,22.5755,1160
粤B4MP95,113.894897,22.5767,1161
粤B4MP95,113.895699,22.576099,1161
粤B4MP95,113.8937,22.5779,1161
粤B4MP95,113.895699,22.5755,1161
粤B4MP95,113.890602,22.5807,1162
粤B4MP95,113.889503,22.581699,1162
粤B4MP95,113.892303,22.5793,1162
粤B4MP95,113.888496,22.5825,1163
粤B4MP95,113.888496,22.582399,1163
粤B4MP95,113.888496,22.5825,1163
粤B4MP95,113.888496,22.5825,1164
粤B4MP95,113.888397,22.582701,1164
粤B4MP95,113.888496,22.5825,1164
粤B4MP95,113.8853,22.581301,1165
粤B4MP95,113.8862,22.581499,1165
粤B4MP95,113.887497,22.5825,1165
粤B4MP95,113.883301,22.583599,1166
粤B4MP95,113.884201,22.583099,1166
粤B4MP95,113.883301,22.583599,1166
粤B4MP95,113.885101,22.582199,1166
粤B4MP95,113.883301,22.583599,1167
粤B4MP95,113.883301,22.583599,1167
粤B4MP95,113.883301,22.583599,1167
粤B4MP95,113.883301,22.583599,1168
粤B4MP95,113.883301,22.583599,1168
粤B4MP95,113.883301,22.583599,1168
粤B4MP95,113.883301,22.583599,1169
粤B4MP95,113.883301,22.583599,1169
粤B4MP95,113.883301,22.583599,1170
粤B4MP95,113.883301,22.583599,1170
粤B4MP95,113.883301,22.583599,1171
粤B4MP95,113.883301,22.583599,1171
粤B4MP95,113.883301,22.583599,1171
粤B4MP95,113.883301,22.583599,1172
粤B4MP95,113.883301,22.583599,1172
粤B4MP95,113.883301,22.583599,1172
粤B4MP95,113.883301,22.583599,1173
粤B4MP95,113.883301,22.583599,1173
粤B4MP95,113.883301,22.583599,1173
粤B4MP95,113.883301,22.583599,1174
粤B4MP95,113.883301,22.583599,1174
粤B4MP95,113.883301,22.583599,1174
粤B4MP95,113.883301,22.583599,1175
粤B4MP95,113.883301,22.583599,1175
粤B4MP95,113.883301,22.583599,1175
粤B4MP95,113.883301,22.583599,1176
粤B4MP95,113.883301,22.583599,1176
粤B4MP95,113.883301,22.583599,1176
粤B4MP95,113.883301,22.583599,1177
粤B4MP95,113.883301,22.583599,1177
粤B4MP95,113.883301,22.583599,1177
粤B4MP95,113.883301,22.583599,1178
粤B4MP95,113.883301,22.583599,1179
粤B4MP95,113.883301,22.583599,1179
粤B4MP95,113.883301,22.583599,1179
粤B4MP95,113.883301,22.583599,1180
粤B4MP95,113.883301,22.583599,1180
粤B4MP95,113.883301,22.583599,1180
粤B4MP95,113.883301,22.583599,1181
粤B4MP95,113.883301,22.583599,1181
粤B4MP95,113.883301,22.583599,1181
粤B4MP95,113.883301,22.583599,1182
粤B4MP95,113.883301,22.583599,1182
粤B4MP95,113.883301,22.583599,1182
粤B4MP95,113.883301,22.583599,1183
粤B4MP95,113.883301,22.583599,1183
粤B4MP95,113.883301,22.583599,1183
粤B4MP95,113.883301,22.583599,1184
粤B4MP95,113.883301,22.583599,1184
粤B4MP95,113.883301,22.583599,1184
粤B4MP95,113.883301,22.583599,1185
粤B4MP95,113.883301,22.583599,1185
粤B4MP95,113.883301,22.583599,1185
粤B4MP95,113.883301,22.583599,1186
粤B4MP95,113.883301,22.583599,1186
粤B4MP95,113.883301,22.583599,1187
粤B4MP95,113.883301,22.583599,1187
粤B4MP95,113.883301,22.583599,1187
粤B4MP95,113.883301,22.583599,1188
粤B4MP95,113.883301,22.583599,1188
粤B4MP95,113.883301,22.583599,1188
粤B4MP95,113.883301,22.583599,1189
粤B4MP95,113.883301,22.583599,1189
粤B4MP95,113.883301,22.583599,1189
粤B4MP95,113.883301,22.583599,1190
粤B4MP95,113.883301,22.583599,1190
粤B4MP95,113.883301,22.583599,1190
粤B4MP95,113.883301,22.583599,1191
粤B4MP95,113.883301,22.583599,1191
粤B4MP95,113.883301,22.583599,1191
粤B4MP95,113.883301,22.583599,1192
粤B4MP95,113.883301,22.583599,1192
粤B4MP95,113.883301,22.583599,1192
粤B4MP95,113.883301,22.583599,1193
粤B4MP95,113.883301,22.583599,1193
粤B4MP95,113.883301,22.583599,1193
粤B4MP95,113.883301,22.583599,1194
粤B4MP95,113.883301,22.583599,1194
粤B4MP95,113.883301,22.583599,1194
粤B4MP95,113.883301,22.583599,1195
粤B4MP95,113.883301,22.583599,1195
粤B4MP95,113.883301,22.583599,1195
粤B4MP95,113.883301,22.583599,1196
粤B4MP95,113.883301,22.583599,1196
粤B4MP95,113.883301,22.583599,1196
粤B4MP95,113.883301,22.583599,1197
粤B4MP95,113.883301,22.583599,1198
粤B4MP95,113.883301,22.583599,1198
粤B4MP95,113.883301,22.583599,1198
粤B4MP95,113.883301,22.583599,1200
粤B4MP95,113.883301,22.583599,1200
粤B4MP95,113.883301,22.583599,1200
粤B4MP95,113.883301,22.583599,1201
粤B4MP95,113.883301,22.583599,1201
粤B4MP95,113.883301,22.583599,1201
粤B4MP95,113.883301,22.583599,1202
粤B4MP95,113.883301,22.583599,1203
粤B4MP95,113.883301,22.583599,1203
粤B4MP95,113.883301,22.583599,1204
粤B4MP95,113.883301,22.583599,1204
粤B4MP95,113.883301,22.583599,1204
粤B4MP95,113.883301,22.583599,1205
粤B4MP95,113.883301,22.583599,1205
粤B4MP95,113.883301,22.583599,1205
粤B4MP95,113.883301,22.583599,1206
粤B4MP95,113.883301,22.583599,1206
粤B4MP95,113.883301,22.583599,1206
粤B4MP95,113.883301,22.583599,1207
粤B4MP95,113.883301,22.583599,1207
粤B4MP95,113.883301,22.583599,1207
粤B4MP95,113.883301,22.583599,1208
粤B4MP95,113.883301,22.583599,1208
粤B4MP95,113.883301,22.583599,1208
粤B4MP95,113.883301,22.583599,1209
粤B4MP95,113.883301,22.583599,1209
粤B4MP95,113.883301,22.583599,1209
粤B4MP95,113.883301,22.583599,1210
粤B4MP95,113.883301,22.583599,1210
粤B4MP95,113.883301,22.583599,1210
粤B4MP95,113.883301,22.583599,1211
粤B4MP95,113.883301,22.583599,1211
粤B4MP95,113.883301,22.583599,1211
粤B4MP95,113.883301,22.583599,1212
粤B4MP95,113.883301,22.583599,1212
粤B4MP95,113.883301,22.583599,1212
粤B4MP95,113.883301,22.583599,1213
粤B4MP95,113.883301,22.583599,1213
粤B4MP95,113.883301,22.583599,1214
粤B4MP95,113.883301,22.583599,1214
粤B4MP95,113.883301,22.583599,1214
粤B4MP95,113.883301,22.583599,1215
粤B4MP95,113.883301,22.583599,1215
粤B4MP95,113.883301,22.583599,1215
粤B4MP95,113.883301,22.583599,1216
粤B4MP95,113.883301,22.583599,1216
粤B4MP95,113.883301,22.583599,1217
粤B4MP95,113.883301,22.583599,1217
粤B4MP95,113.883301,22.583599,1218
粤B4MP95,113.883301,22.583599,1218
粤B4MP95,113.883301,22.583599,1219
粤B4MP95,113.883301,22.583599,1220
粤B4MP95,113.883301,22.583599,1220
粤B4MP95,113.883301,22.583599,1221
粤B4MP95,113.883301,22.583599,1221
粤B4MP95,113.883301,22.583599,1221
粤B4MP95,113.883301,22.583599,1222
粤B4MP95,113.883301,22.583599,1222
粤B4MP95,113.883301,22.583599,1222
粤B4MP95,113.883301,22.583599,1223
粤B4MP95,113.883301,22.583599,1223
粤B4MP95,113.883301,22.583599,1223
粤B4MP95,113.883301,22.583599,1224
粤B4MP95,113.883301,22.583599,1224
粤B4MP95,113.883301,22.583599,1224
粤B4MP95,113.883301,22.583599,1225
粤B4MP95,113.883301,22.583599,1225
粤B4MP95,113.883301,22.583599,1225
粤B4MP95,113.883301,22.583599,1226
粤B4MP95,113.883301,22.583599,1226
粤B4MP95,113.883301,22.583599,1226
粤B4MP95,113.883301,22.583599,1227
粤B4MP95,113.883301,22.583599,1227
粤B4MP95,113.883301,22.583599,1227
粤B4MP95,113.883301,22.583599,1228
粤B4MP95,113.883301,22.583599,1228
粤B4MP95,113.883301,22.583599,1228
粤B4MP95,113.883301,22.583599,1229
粤B4MP95,113.883301,22.583599,1229
粤B4MP95,113.883301,22.583599,1229
粤B4MP95,113.883301,22.583599,1230
粤B4MP95,113.883301,22.583599,1230
粤B4MP95,113.883301,22.583599,1230
粤B4MP95,113.883301,22.583599,1231
粤B4MP95,113.883301,22.583599,1231
粤B4MP95,113.883301,22.583599,1231
粤B4MP95,113.883301,22.583599,1232
粤B4MP95,113.883301,22.583599,1232
粤B4MP95,113.883301,22.583599,1232
粤B4MP95,113.883301,22.583599,1233
粤B4MP95,113.883301,22.583599,1233
粤B4MP95,113.883301,22.583599,1234
粤B4MP95,113.883301,22.583599,1234
粤B4MP95,113.883301,22.583599,1234
粤B4MP95,113.883301,22.583599,1235
粤B4MP95,113.883301,22.583599,1235
粤B4MP95,113.883301,22.583599,1235
粤B4MP95,113.883301,22.583599,1236
粤B4MP95,113.883301,22.583599,1236
粤B4MP95,113.883301,22.583599,1236
粤B4MP95,113.883301,22.583599,1237
粤B4MP95,113.883301,22.583599,1237
粤B4MP95,113.883301,22.583599,1237
粤B4MP95,113.883301,22.583599,1238
粤B4MP95,113.883301,22.583599,1238
粤B4MP95,113.883301,22.583599,1238
粤B4MP95,113.883301,22.583599,1239
粤B4MP95,113.883301,22.583599,1239
粤B4MP95,113.883301,22.583599,1239
粤B4MP95,113.883301,22.583599,1240
粤B4MP95,113.883301,22.583599,1240
粤B4MP95,113.883301,22.583599,1240
粤B4MP95,113.883301,22.583599,1241
粤B4MP95,113.883301,22.583599,1241
粤B4MP95,113.883301,22.583599,1241
粤B4MP95,113.883301,22.583599,1242
粤B4MP95,113.883301,22.583599,1242
粤B4MP95,113.883301,22.583599,1242
粤B4MP95,113.883301,22.583599,1243
粤B4MP95,113.883301,22.583599,1243
粤B4MP95,113.883301,22.583599,1243
粤B4MP95,113.883301,22.583599,1244
粤B4MP95,113.883301,22.583599,1244
粤B4MP95,113.883301,22.583599,1244
粤B4MP95,113.883301,22.583599,1245
粤B4MP95,113.883301,22.583599,1245
粤B4MP95,113.883301,22.583599,1245
粤B4MP95,113.883301,22.583599,1246
粤B4MP95,113.883301,22.583599,1246
粤B4MP95,113.883301,22.583599,1246
粤B4MP95,113.883301,22.583599,1247
粤B4MP95,113.883301,22.583599,1247
粤B4MP95,113.883301,22.583599,1247
粤B4MP95,113.883301,22.583599,1248
粤B4MP95,113.883301,22.583599,1248
粤B4MP95,113.883301,22.583599,1249
粤B4MP95,113.883301,22.583599,1249
粤B4MP95,113.883301,22.583599,1249
粤B4MP95,113.883301,22.583599,1250
粤B4MP95,113.883301,22.583599,1250
粤B4MP95,113.883301,22.583599,1250
粤B4MP95,113.883301,22.583599,1251
粤B4MP95,113.883301,22.583599,1251
粤B4MP95,113.883301,22.583599,1251
粤B4MP95,113.883301,22.583599,1252
粤B4MP95,113.883301,22.583599,1252
粤B4MP95,113.883301,22.583599,1252
粤B4MP95,113.883301,22.583599,1253
粤B4MP95,113.883301,22.583599,1253
粤B4MP95,113.883301,22.583599,1253
粤B4MP95,113.883301,22.583599,1253
粤B4MP95,113.883301,22.583599,1254
粤B4MP95,113.883301,22.583599,1254
粤B4MP95,113.895897,22.575001,1254
粤B4MP95,113.898499,22.5723,1256
粤B4MP95,113.898499,22.5723,1257
粤B4MP95,113.898499,22.5723,1257
粤B4MP95,113.898499,22.5723,1257
粤B4MP95,113.898499,22.5723,1258
粤B4MP95,113.898499,22.5723,1258
粤B4MP95,113.898499,22.5723,1258
粤B4MP95,113.898499,22.5723,1259
粤B4MP95,113.898499,22.5723,1259
粤B4MP95,113.898499,22.5723,1259
粤B4MP95,113.898499,22.5723,1260
粤B4MP95,113.898499,22.5723,1260
粤B4MP95,113.898499,22.5723,1260
粤B4MP95,113.898499,22.5723,1261
粤B4MP95,113.898499,22.5723,1261
粤B4MP95,113.898499,22.5723,1262
粤B4MP95,113.898499,22.5723,1262
粤B4MP95,113.898499,22.5723,1262
粤B4MP95,113.898499,22.5723,1263
粤B4MP95,113.898499,22.5723,1263
粤B4MP95,113.898499,22.5723,1263
粤B4MP95,113.898499,22.5723,1264
粤B4MP95,113.898499,22.5723,1264
粤B4MP95,113.898499,22.5723,1264
粤B4MP95,113.898499,22.5723,1264
粤B4MP95,113.898499,22.5723,1265
粤B4MP95,113.898499,22.5723,1265
粤B4MP95,113.898499,22.5723,1265
粤B4MP95,113.898499,22.5723,1266
粤B4MP95,113.898499,22.5723,1266
粤B4MP95,113.898499,22.5723,1266
粤B4MP95,113.898499,22.5723,1267
粤B4MP95,113.898499,22.5723,1267
粤B4MP95,113.898499,22.5723,1267
粤B4MP95,113.898499,22.5723,1268
粤B4MP95,113.898499,22.5723,1268
粤B4MP95,113.898499,22.5723,1269
粤B4MP95,113.898499,22.5723,1269
粤B4MP95,113.898499,22.5723,1269
粤B4MP95,113.898499,22.5723,1270
粤B4MP95,113.898499,22.5723,1270
粤B4MP95,113.898499,22.5723,1271
粤B4MP95,113.898499,22.5723,1271
粤B4MP95,113.869003,22.5944,1272
粤B4MP95,113.869003,22.5944,1272
粤B4MP95,113.898499,22.5723,1272
粤B4MP95,113.869003,22.5944,1272
粤B4MP95,113.869003,22.5944,1272
粤B4MP95,113.869102,22.594999,1272
粤B4MP95,113.868301,22.596001,1273
粤B4MP95,113.868301,22.596001,1273
粤B4MP95,113.868896,22.595301,1273
粤B4MP95,113.868301,22.596001,1274
粤B4MP95,113.868301,22.596001,1274
粤B4MP95,113.868301,22.596001,1274
粤B4MP95,113.869102,22.5947,1275
粤B4MP95,113.868401,22.5958,1275
粤B4MP95,113.870102,22.593399,1275
粤B4MP95,113.8722,22.590401,1276
粤B4MP95,113.871498,22.591299,1276
粤B4MP95,113.871002,22.5921,1276
粤B4MP95,113.873001,22.5891,1277
粤B4MP95,113.875099,22.5867,1277
粤B4MP95,113.873901,22.587799,1277
粤B4MP95,113.876999,22.5872,1278
粤B4MP95,113.878304,22.587601,1278
粤B4MP95,113.875702,22.586201,1278
粤B4MP95,113.881203,22.5844,1279
粤B4MP95,113.8797,22.5861,1279
粤B4MP95,113.880997,22.5849,1279
粤B4MP95,113.882202,22.5826,1280
粤B4MP95,113.880997,22.584101,1280
粤B4MP95,113.880898,22.5844,1280
粤B4MP95,113.882698,22.582001,1281
粤B4MP95,113.882698,22.582001,1281
粤B4MP95,113.883301,22.581699,1281
粤B4MP95,113.883102,22.5818,1281
粤B4MP95,113.882698,22.582001,1281
粤B4MP95,113.884399,22.580999,1282
粤B4MP95,113.885002,22.580299,1282
粤B4MP95,113.883598,22.5816,1282
粤B4MP95,113.884903,22.5804,1283
粤B4MP95,113.886703,22.5818,1283
粤B4MP95,113.885902,22.5809,1283
粤B4MP95,113.886803,22.5818,1284
粤B4MP95,113.887497,22.582399,1284
粤B4MP95,113.887299,22.582199,1284
粤B4MP95,113.887299,22.582199,1284
粤B4MP95,113.887299,22.582199,1285
粤B4MP95,113.887299,22.582199,1286
粤B4MP95,113.887299,22.582199,1286
粤B4MP95,113.887299,22.582199,1286
粤B4MP95,113.887299,22.582199,1287
粤B4MP95,113.887299,22.582199,1287
粤B4MP95,113.887299,22.582199,1287
粤B4MP95,113.885399,22.5858,1288
粤B4MP95,113.8853,22.585899,1288
粤B4MP95,113.885201,22.586599,1288
粤B4MP95,113.887299,22.582199,1288
粤B4MP95,113.886497,22.5832,1289
粤B4MP95,113.886497,22.5832,1289
粤B4MP95,113.886497,22.5832,1289
粤B4MP95,113.8862,22.5853,1289
粤B4MP95,113.886497,22.5832,1290
粤B4MP95,113.882401,22.590599,1290
粤B4MP95,113.884003,22.588301,1290
粤B4MP95,113.886497,22.5832,1290
粤B4MP95,113.882301,22.585899,1291
粤B4MP95,113.883003,22.586201,1291
粤B4MP95,113.882401,22.590599,1291
粤B4MP95,113.882401,22.590599,1291
粤B4MP95,113.881104,22.5844,1292
粤B4MP95,113.882896,22.585699,1292
粤B4MP95,113.881599,22.5846,1292
粤B4MP95,113.879097,22.5861,1293
粤B4MP95,113.878403,22.586901,1293
粤B4MP95,113.879501,22.5856,1293
粤B4MP95,113.878601,22.5868,1294
粤B4MP95,113.8787,22.586901,1294
粤B4MP95,113.879303,22.586201,1294
粤B4MP95,113.881699,22.583599,1295
粤B4MP95,113.880501,22.584999,1295
粤B4MP95,113.880997,22.584499,1295
粤B4MP95,113.883698,22.581499,1296
粤B4MP95,113.883202,22.5818,1296
粤B4MP95,113.882301,22.582701,1296
粤B4MP95,113.884697,22.5809,1297
粤B4MP95,113.886002,22.580099,1297
粤B4MP95,113.885002,22.580799,1297
粤B4MP95,113.886002,22.580099,1297
粤B4MP95,113.886002,22.580099,1298
粤B4MP95,113.886002,22.580099,1298
粤B4MP95,113.886002,22.580099,1298
粤B4MP95,113.886002,22.580099,1299
粤B4MP95,113.886002,22.580099,1299
粤B4MP95,113.886002,22.580099,1299
粤B4MP95,113.887199,22.582199,1300
粤B4MP95,113.888199,22.582899,1300
粤B4MP95,113.886497,22.5816,1300
粤B4MP95,113.886002,22.580099,1300
粤B4MP95,113.891502,22.579599,1302
粤B4MP95,113.8918,22.5798,1302
粤B4MP95,113.8955,22.5758,1304
粤B4MP95,113.895798,22.5755,1304
粤B4MP95,113.899002,22.5723,1305
粤B4MP95,113.897003,22.574301,1305
粤B4MP95,113.8993,22.572001,1306
粤B4MP95,113.900803,22.5732,1306
粤B4MP95,113.903,22.5751,1306
粤B4MP95,113.905899,22.577499,1307
粤B4MP95,113.9049,22.576799,1307
粤B4MP95,113.907501,22.575701,1308
粤B4MP95,113.907501,22.575701,1309
粤B4MP95,113.907501,22.575701,1309
粤B4MP95,113.907501,22.575701,1309
粤B4MP95,113.907501,22.575701,1310
粤B4MP95,113.907501,22.575701,1310
粤B4MP95,113.907501,22.575701,1311
粤B4MP95,113.907501,22.575701,1312
粤B4MP95,113.907501,22.575701,1312
粤B4MP95,113.907501,22.575701,1312
粤B4MP95,113.907501,22.575701,1313
粤B4MP95,113.907501,22.575701,1313
粤B4MP95,113.907501,22.575701,1313
粤B4MP95,113.907501,22.575701,1314
粤B4MP95,113.907501,22.575701,1314
粤B4MP95,113.907501,22.575701,1314
粤B4MP95,113.907501,22.575701,1315
粤B4MP95,113.907501,22.575701,1315
粤B4MP95,113.907501,22.575701,1315
粤B4MP95,113.907501,22.575701,1316
粤B4MP95,113.907501,22.575701,1316
粤B4MP95,113.907501,22.575701,1316
粤B4MP95,113.907501,22.575701,1317
粤B4MP95,113.907501,22.575701,1317
粤B4MP95,113.907501,22.575701,1317
粤B4MP95,113.907501,22.575701,1318
粤B4MP95,113.907501,22.575701,1318
粤B4MP95,113.907501,22.575701,1318
粤B4MP95,113.907501,22.575701,1319
粤B4MP95,113.907501,22.575701,1319
粤B4MP95,113.907501,22.575701,1319
粤B4MP95,113.907501,22.575701,1319
粤B4MP95,113.907501,22.575701,1320
粤B4MP95,113.907501,22.575701,1324
粤B4MP95,113.907501,22.575701,1325
粤B4MP95,113.907501,22.575701,1326
粤B4MP95,113.907501,22.575701,1327
粤B4MP95,113.907501,22.575701,1327
粤B4MP95,113.907501,22.575701,1328
粤B4MP95,113.907501,22.575701,1328
粤B4MP95,113.907501,22.575701,1329
粤B4MP95,113.907501,22.575701,1329
粤B4MP95,113.907501,22.575701,1330
粤B4MP95,113.907501,22.575701,1330
粤B4MP95,113.907501,22.575701,1331
粤B4MP95,113.907501,22.575701,1331
粤B4MP95,113.907501,22.575701,1331
粤B4MP95,113.907501,22.575701,1332
粤B4MP95,113.907501,22.575701,1332
粤B4MP95,113.907501,22.575701,1333
粤B4MP95,113.907501,22.575701,1333
粤B4MP95,113.907501,22.575701,1333
粤B4MP95,113.907501,22.575701,1334
粤B4MP95,113.907501,22.575701,1334
粤B4MP95,113.907501,22.575701,1334
粤B4MP95,113.907501,22.575701,1335
粤B4MP95,113.907501,22.575701,1335
粤B4MP95,113.907501,22.575701,1335
粤B4MP95,113.907501,22.575701,1336
粤B4MP95,113.907501,22.575701,1336
粤B4MP95,113.907501,22.575701,1336
粤B4MP95,113.907501,22.575701,1337
粤B4MP95,113.907501,22.575701,1337
粤B4MP95,113.907501,22.575701,1337
粤B4MP95,113.907501,22.575701,1338
粤B4MP95,113.907501,22.575701,1338
粤B4MP95,113.907501,22.575701,1338
粤B4MP95,113.907501,22.575701,1339
粤B4MP95,113.907501,22.575701,1339
粤B4MP95,113.907501,22.575701,1339
粤B4MP95,113.907501,22.575701,1340
粤B4MP95,113.907501,22.575701,1340
粤B4MP95,113.907501,22.575701,1340
粤B4MP95,113.907501,22.575701,1341
粤B4MP95,113.907501,22.575701,1341
粤B4MP95,113.907501,22.575701,1341
粤B4MP95,113.907501,22.575701,1342
粤B4MP95,113.907501,22.575701,1342
粤B4MP95,113.907501,22.575701,1342
粤B4MP95,113.861603,22.567301,1342
粤B4MP95,113.861298,22.566601,1343
粤B4MP95,113.861603,22.567301,1343
粤B4MP95,113.862701,22.565201,1343
粤B4MP95,113.858398,22.565001,1344
粤B4MP95,113.858299,22.565201,1344
粤B4MP95,113.858299,22.565201,1344
粤B4MP95,113.858299,22.565201,1344
粤B4MP95,113.861397,22.564501,1344
粤B4MP95,113.858002,22.564501,1345
粤B4MP95,113.858002,22.564501,1345
粤B4MP95,113.858002,22.564501,1345
粤B4MP95,113.858002,22.564501,1345
粤B4MP95,113.858002,22.564501,1346
粤B4MP95,113.858002,22.564501,1346
粤B4MP95,113.858002,22.564501,1346
粤B4MP95,113.857101,22.5732,1347
粤B4MP95,113.859703,22.5711,1347
粤B4MP95,113.858002,22.564501,1347
粤B4MP95,113.857803,22.5725,1347
粤B4MP95,113.860603,22.5709,1348
粤B4MP95,113.860901,22.570999,1348
粤B4MP95,113.862099,22.570101,1348
粤B4MP95,113.860603,22.5709,1348
粤B4MP95,113.863899,22.569201,1349
粤B4MP95,113.863899,22.569201,1349
粤B4MP95,113.863899,22.569201,1349
粤B4MP95,113.863899,22.569201,1349
粤B4MP95,113.863899,22.569201,1350
粤B4MP95,113.8657,22.5718,1350
粤B4MP95,113.8657,22.5718,1351
粤B4MP95,113.864899,22.5725,1351
粤B4MP95,113.8657,22.5718,1351
粤B4MP95,113.8638,22.573299,1352
粤B4MP95,113.863297,22.5737,1352
粤B4MP95,113.861298,22.5755,1353
粤B4MP95,113.8619,22.5751,1353
粤B4MP95,113.864197,22.573099,1354
粤B4MP95,113.863297,22.573799,1354
粤B4MP95,113.864197,22.573099,1355
粤B4MP95,113.864899,22.572599,1355
粤B4MP95,113.8666,22.5714,1356
粤B4MP95,113.8657,22.5721,1356
粤B4MP95,113.8666,22.5714,1356
粤B4MP95,113.8666,22.5714,1357
粤B4MP95,113.8666,22.5714,1357
粤B4MP95,113.8666,22.5714,1357
粤B4MP95,113.8666,22.5714,1357
粤B4MP95,113.8666,22.5714,1357
粤B4MP95,113.867104,22.570499,1358
粤B4MP95,113.8713,22.567499,1359
粤B4MP95,113.8713,22.5655,1359
粤B4MP95,113.8713,22.5655,1359
粤B4MP95,113.871399,22.565901,1359
粤B4MP95,113.8713,22.5655,1360
粤B4MP95,113.875702,22.5735,1361
粤B4MP95,113.875504,22.573,1362
粤B4MP95,113.875198,22.571301,1362
粤B4MP95,113.874802,22.570999,1363
粤B4MP95,113.880798,22.572701,1364
粤B4MP95,113.878998,22.574301,1364
粤B4MP95,113.887001,22.566299,1365
粤B4MP95,113.8881,22.565201,1365
粤B4MP95,113.887001,22.566299,1365
粤B4MP95,113.888802,22.5646,1366
粤B4MP95,113.888802,22.5646,1366
粤B4MP95,113.888802,22.5646,1366
粤B4MP95,113.888802,22.5646,1367
粤B4MP95,113.888802,22.5646,1367
粤B4MP95,113.888802,22.5646,1367
粤B4MP95,113.888802,22.5646,1368
粤B4MP95,113.888802,22.5646,1368
粤B4MP95,113.888802,22.5646,1368
粤B4MP95,113.888802,22.5646,1368
粤B4MP95,113.888802,22.5646,1369
粤B4MP95,113.900497,22.556299,1369
粤B4MP95,113.900497,22.556299,1369
粤B4MP95,113.888802,22.5646,1369
粤B4MP95,113.900497,22.556299,1369
粤B4MP95,113.900497,22.556299,1370
粤B4MP95,113.900497,22.556299,1370
粤B4MP95,113.900497,22.556299,1370
粤B4MP95,113.900497,22.556299,1370
粤B4MP95,113.900497,22.556299,1371
粤B4MP95,113.900497,22.556299,1371
粤B4MP95,113.887604,22.564199,1372
粤B4MP95,113.882004,22.5623,1373
粤B4MP95,113.883598,22.5637,1373
粤B4MP95,113.877602,22.5599,1374
粤B4MP95,113.878998,22.5599,1374
粤B4MP95,113.877602,22.5599,1375
粤B4MP95,113.877602,22.5599,1375
粤B4MP95,113.877602,22.5599,1376
粤B4MP95,113.877602,22.5599,1376
粤B4MP95,113.877602,22.5599,1377
粤B4MP95,113.877602,22.5599,1377
粤B4MP95,113.877602,22.5599,1377
粤B4MP95,113.877602,22.5599,1378
粤B4MP95,113.877602,22.5599,1378
粤B4MP95,113.877602,22.5599,1378
粤B4MP95,113.877602,22.5599,1379
粤B4MP95,113.877602,22.5599,1379
粤B4MP95,113.877602,22.5599,1379
粤B4MP95,113.877602,22.5599,1380
粤B4MP95,113.877602,22.5599,1380
粤B4MP95,113.877602,22.5599,1380
粤B4MP95,113.877602,22.5599,1381
粤B4MP95,113.877602,22.5599,1381
粤B4MP95,113.877602,22.5599,1382
粤B4MP95,113.877602,22.5599,1382
粤B4MP95,113.877602,22.5599,1383
粤B4MP95,113.877602,22.5599,1383
粤B4MP95,113.877602,22.5599,1383
粤B4MP95,113.877602,22.5599,1384
粤B4MP95,113.877602,22.5599,1384
粤B4MP95,113.877602,22.5599,1384
粤B4MP95,113.877602,22.5599,1385
粤B4MP95,113.877602,22.5599,1385
粤B4MP95,113.877602,22.5599,1385
粤B4MP95,113.877602,22.5599,1386
粤B4MP95,113.877602,22.5599,1386
粤B4MP95,113.877602,22.5599,1386
粤B4MP95,113.877602,22.5599,1387
粤B4MP95,113.877602,22.5599,1387
粤B4MP95,113.877602,22.5599,1388
粤B4MP95,113.877602,22.5599,1388
粤B4MP95,113.877602,22.5599,1388
粤B4MP95,113.877602,22.5599,1389
粤B4MP95,113.877602,22.5599,1389
粤B4MP95,113.877602,22.5599,1389
粤B4MP95,113.877602,22.5599,1390
粤B4MP95,113.877602,22.5599,1390
粤B4MP95,113.877602,22.5599,1390
粤B4MP95,113.877602,22.5599,1391
粤B4MP95,113.877602,22.5599,1391
粤B4MP95,113.877602,22.5599,1391
粤B4MP95,113.877602,22.5599,1392
粤B4MP95,113.877602,22.5599,1392
粤B4MP95,113.877602,22.5599,1393
粤B4MP95,113.877602,22.5599,1393
粤B4MP95,113.877602,22.5599,1393
粤B4MP95,113.877602,22.5599,1394
粤B4MP95,113.877602,22.5599,1394
粤B4MP95,113.877602,22.5599,1394
粤B4MP95,113.877602,22.5599,1395
粤B4MP95,113.877602,22.5599,1395
粤B4MP95,113.877602,22.5599,1396
粤B4MP95,113.877602,22.5599,1396
粤B4MP95,113.877602,22.5599,1396
粤B4MP95,113.877602,22.5599,1397
粤B4MP95,113.877602,22.5599,1397
粤B4MP95,113.877602,22.5599,1397
粤B4MP95,113.877602,22.5599,1398
粤B4MP95,113.877602,22.5599,1398
粤B4MP95,113.877602,22.5599,1399
粤B4MP95,113.877602,22.5599,1399
粤B4MP95,113.877602,22.5599,1399
粤B4MP95,113.877602,22.5599,1400
粤B4MP95,113.877602,22.5599,1400
粤B4MP95,113.877602,22.5599,1400
粤B4MP95,113.877602,22.5599,1401
粤B4MP95,113.877602,22.5599,1401
粤B4MP95,113.877602,22.5599,1401
粤B4MP95,113.877602,22.5599,1402
粤B4MP95,113.877602,22.5599,1402
粤B4MP95,113.877602,22.5599,1402
粤B4MP95,113.877602,22.5599,1403
粤B4MP95,113.877602,22.5599,1403
粤B4MP95,113.877602,22.5599,1403
粤B4MP95,113.877602,22.5599,1404
粤B4MP95,113.883301,22.5578,1404
粤B4MP95,113.883301,22.5578,1405
粤B4MP95,113.883301,22.557699,1405
粤B4MP95,113.883301,22.557699,1406
粤B4MP95,113.883301,22.557699,1406
粤B4MP95,113.883301,22.557699,1406
粤B4MP95,113.883301,22.557699,1407
粤B4MP95,113.883301,22.557699,1407
粤B4MP95,113.883301,22.557699,1408
粤B4MP95,113.883301,22.557699,1408
粤B4MP95,113.883301,22.557699,1408
粤B4MP95,113.883301,22.557699,1409
粤B4MP95,113.883301,22.557699,1409
粤B4MP95,113.883301,22.557699,1409
粤B4MP95,113.883301,22.557699,1410
粤B4MP95,113.883301,22.557699,1410
粤B4MP95,113.883301,22.557699,1410
粤B4MP95,113.883301,22.557699,1411
粤B4MP95,113.883301,22.557699,1411
粤B4MP95,113.883301,22.557699,1411
粤B4MP95,113.883301,22.557699,1411
粤B4MP95,113.883301,22.557699,1412
粤B4MP95,113.883301,22.557699,1412
粤B4MP95,113.883301,22.557699,1412
粤B4MP95,113.883301,22.557699,1413
粤B4MP95,113.883301,22.557699,1413
粤B4MP95,113.883301,22.557699,1413
粤B4MP95,113.883301,22.557699,1413
粤B4MP95,113.883301,22.557699,1414
粤B4MP95,113.883301,22.557699,1414
粤B4MP95,113.883301,22.557699,1414
粤B4MP95,113.883301,22.557699,1414
粤B4MP95,113.883301,22.557699,1415
粤B4MP95,113.883301,22.557699,1415
粤B4MP95,113.883301,22.557699,1415
粤B4MP95,113.888,22.5625,1416
粤B4MP95,113.888,22.5625,1416
粤B4MP95,113.888,22.5625,1416
粤B4MP95,113.8871,22.5616,1416
粤B4MP95,113.888,22.5625,1417
粤B4MP95,113.8965,22.569,1417
粤B4MP95,113.894897,22.567699,1417
粤B4MP95,113.895203,22.567301,1418
粤B4MP95,113.8964,22.567801,1418
粤B4MP95,113.897102,22.5688,1418
粤B4MP95,113.894302,22.567101,1419
粤B4MP95,113.894699,22.5669,1419
粤B4MP95,113.894302,22.567101,1419
粤B4MP95,113.894302,22.567101,1419
粤B4MP95,113.894699,22.567499,1420
粤B4MP95,113.893402,22.568899,1420
粤B4MP95,113.894501,22.567699,1420
粤B4MP95,113.894302,22.567101,1420
粤B4MP95,113.889503,22.5728,1421
粤B4MP95,113.890404,22.571899,1421
粤B4MP95,113.893402,22.568899,1421
粤B4MP95,113.890503,22.5718,1421
粤B4MP95,113.888,22.5741,1422
粤B4MP95,113.886803,22.575199,1422
粤B4MP95,113.886101,22.576099,1422
粤B4MP95,113.885597,22.5779,1423
粤B4MP95,113.886703,22.576599,1423
粤B4MP95,113.886299,22.576,1423
粤B4MP95,113.8871,22.581499,1424
粤B4MP95,113.885498,22.5805,1424
粤B4MP95,113.884697,22.579399,1424
粤B4MP95,113.888199,22.580299,1425
粤B4MP95,113.888199,22.580299,1425
粤B4MP95,113.888199,22.580299,1425
粤B4MP95,113.888199,22.580299,1425
粤B4MP95,113.8918,22.5791,1425
粤B4MP95,113.893501,22.58,1426
粤B4MP95,113.8927,22.5793,1426
粤B4MP95,113.894203,22.580601,1426
粤B4MP95,113.894203,22.580601,1427
粤B4MP95,113.894203,22.580601,1427
粤B4MP95,113.894203,22.580601,1427
粤B4MP95,113.894203,22.580601,1427
粤B4MP95,113.894203,22.580601,1427
粤B4MP95,113.894402,22.580799,1428
粤B4MP95,113.894203,22.580601,1428
粤B4MP95,113.894402,22.5809,1428
粤B4MP95,113.893303,22.5798,1429
粤B4MP95,113.895897,22.575701,1429
粤B4MP95,113.894699,22.576799,1429
粤B4MP95,113.892403,22.578699,1429
粤B4MP95,113.893898,22.572701,1430
粤B4MP95,113.8946,22.5734,1430
粤B4MP95,113.896301,22.574699,1430
粤B4MP95,113.895302,22.570601,1431
粤B4MP95,113.8964,22.5695,1431
粤B4MP95,113.893898,22.572001,1431
粤B4MP95,113.896301,22.5702,1432
粤B4MP95,113.896599,22.5707,1432
粤B4MP95,113.896698,22.5709,1432
粤B4MP95,113.896698,22.570999,1432
粤B4MP95,113.896698,22.570999,1433
粤B4MP95,113.896698,22.570999,1433
粤B4MP95,113.896698,22.570999,1433
粤B4MP95,113.896698,22.570999,1434
粤B4MP95,113.896698,22.570999,1434
粤B4MP95,113.896698,22.570999,1434
粤B4MP95,113.896698,22.570999,1435
