粤B559ZK,114.006935,22.647387,4
粤B559ZK,114.020561,22.656969,7
粤B559ZK,114.017731,22.65465,8
粤B559ZK,114.017036,22.654444,9
粤B559ZK,114.016899,22.654264,10
粤B559ZK,114.016899,22.654264,10
粤B559ZK,114.014542,22.652575,11
粤B559ZK,114.009117,22.648655,12
粤B559ZK,114.009117,22.648655,13
粤B559ZK,114.006935,22.647387,13
粤B559ZK,113.999199,22.642641,14
粤B559ZK,113.999634,22.638025,15
粤B559ZK,114.004967,22.630657,16
粤B559ZK,114.008324,22.620522,17
粤B559ZK,114.010643,22.608025,18
粤B559ZK,114.010643,22.608025,19
粤B559ZK,114.01664,22.529852,20
粤B559ZK,114.014908,22.559467,23
粤B559ZK,114.020744,22.547804,24
粤B559ZK,114.020744,22.547804,25
粤B559ZK,114.024261,22.53602,25
粤B559ZK,114.020561,22.532314,26
粤B559ZK,114.012306,22.531363,27
粤B559ZK,114.014465,22.530605,28
粤B559ZK,114.01664,22.529852,29
粤B559ZK,114.01651,22.530104,29
粤B559ZK,114.016563,22.530396,30
粤B559ZK,114.022102,22.531767,31
粤B559ZK,114.016563,22.530396,31
粤B559ZK,114.027054,22.529722,32
粤B559ZK,114.026825,22.529783,33
粤B559ZK,114.026527,22.530136,34
粤B559ZK,114.026047,22.532911,35
粤B559ZK,114.026215,22.530455,35
粤B559ZK,114.026115,22.530569,36
粤B559ZK,114.02594,22.530775,37
粤B559ZK,114.026115,22.530569,37
粤B559ZK,114.025841,22.531059,38
粤B559ZK,114.025749,22.531204,39
粤B559ZK,114.025566,22.531607,40
粤B559ZK,114.025467,22.531887,41
粤B559ZK,114.025429,22.532059,42
粤B559ZK,114.025368,22.53231,43
粤B559ZK,114.025429,22.532059,43
粤B559ZK,114.025688,22.53404,44
粤B559ZK,114.026047,22.532911,45
粤B559ZK,114.025772,22.534414,46
粤B559ZK,114.025719,22.534416,47
粤B559ZK,114.026459,22.53289,48
粤B559ZK,114.026947,22.532932,49
粤B559ZK,114.027222,22.535025,49
粤B559ZK,114.026459,22.53289,49
粤B559ZK,114.027802,22.538658,50
粤B559ZK,114.031433,22.540548,51
粤B559ZK,114.067932,22.521143,51
粤B559ZK,114.037239,22.541519,52
粤B559ZK,114.043854,22.540373,53
粤B559ZK,114.044418,22.532246,54
粤B559ZK,114.048691,22.531277,55
粤B559ZK,114.044418,22.532246,55
粤B559ZK,114.061783,22.531446,56
粤B559ZK,114.067558,22.528023,57
粤B559ZK,114.066338,22.525599,58
粤B559ZK,114.065376,22.522943,59
粤B559ZK,114.067932,22.521143,60
粤B559ZK,114.067932,22.521143,60
粤B559ZK,114.067993,22.52125,61
粤B559ZK,114.068024,22.521267,62
粤B559ZK,114.067986,22.521257,62
粤B559ZK,114.06797,22.521282,63
粤B559ZK,114.067818,22.522211,64
粤B559ZK,114.066132,22.524187,65
粤B559ZK,114.067986,22.523676,66
粤B559ZK,114.067986,22.523676,66
粤B559ZK,114.067116,22.52593,67
粤B559ZK,114.02282,22.532642,67
粤B559ZK,114.068947,22.532841,68
粤B559ZK,114.060265,22.531801,69
粤B559ZK,114.048721,22.531647,70
粤B559ZK,114.039253,22.531069,71
粤B559ZK,114.029846,22.530506,72
粤B559ZK,114.039253,22.531069,72
粤B559ZK,114.02282,22.532642,73
粤B559ZK,114.02282,22.532642,78
粤B559ZK,114.02282,22.532642,84
粤B559ZK,114.02282,22.532642,90
粤B559ZK,114.03228,22.526396,112
粤B559ZK,114.03392,22.52895,113
粤B559ZK,114.042282,22.531199,114
粤B559ZK,114.03392,22.52895,114
粤B559ZK,114.041977,22.530991,114
粤B559ZK,114.055016,22.531494,115
粤B559ZK,114.067337,22.531679,116
粤B559ZK,114.078011,22.533018,117
粤B559ZK,114.081764,22.537897,118
粤B559ZK,114.081589,22.539433,119
粤B559ZK,114.081589,22.539434,119
粤B559ZK,114.07975,22.536392,120
粤B559ZK,114.081589,22.539433,120
粤B559ZK,114.074677,22.53199,121
粤B559ZK,114.065918,22.531898,122
粤B559ZK,114.054756,22.531496,123
粤B559ZK,114.042282,22.531199,124
粤B559ZK,114.029732,22.530409,125
粤B559ZK,114.029732,22.530409,126
粤B559ZK,114.017899,22.531687,126
粤B559ZK,114.00602,22.52989,127
粤B559ZK,113.995293,22.528612,128
粤B559ZK,113.986183,22.524145,129
粤B559ZK,113.975815,22.523172,130
粤B559ZK,113.966255,22.523127,131
粤B559ZK,113.966255,22.523127,132
粤B559ZK,113.955086,22.523592,132
粤B559ZK,113.94442,22.524759,133
粤B559ZK,113.936905,22.524864,134
粤B559ZK,113.933701,22.5214,135
粤B559ZK,113.924965,22.517973,174
粤B559ZK,113.924965,22.517973,174
粤B559ZK,113.920609,22.518867,176
粤B559ZK,113.9189,22.520929,177
粤B559ZK,113.918869,22.520958,177
粤B559ZK,113.918999,22.520987,178
粤B559ZK,113.918419,22.520554,179
粤B559ZK,113.918091,22.524309,180
粤B559ZK,113.918091,22.524309,180
粤B559ZK,113.918472,22.526531,181
粤B559ZK,113.919296,22.530256,182
粤B559ZK,113.919746,22.533543,183
粤B559ZK,113.895851,22.556585,193
粤B559ZK,113.897011,22.560251,197
粤B559ZK,113.89798,22.556997,202
粤B559ZK,113.895851,22.556585,203
粤B559ZK,113.895851,22.556585,203
粤B559ZK,113.895851,22.556585,208
粤B559ZK,113.895851,22.556585,209
粤B559ZK,113.895851,22.556585,215
粤B559ZK,113.895851,22.556585,221
粤B559ZK,113.895851,22.556585,224
粤B559ZK,113.895851,22.556585,227
粤B559ZK,113.895851,22.556585,233
粤B559ZK,113.895851,22.556585,239
粤B559ZK,113.895851,22.556585,240
粤B559ZK,113.895851,22.556585,245
粤B559ZK,113.895851,22.556585,251
粤B559ZK,113.895851,22.556585,255
粤B559ZK,113.895851,22.556585,257
粤B559ZK,113.895851,22.556585,263
粤B559ZK,113.895851,22.556585,269
粤B559ZK,113.895851,22.556585,271
粤B559ZK,113.895851,22.556585,275
粤B559ZK,113.895851,22.556585,281
粤B559ZK,113.895851,22.556585,287
粤B559ZK,113.895851,22.556585,287
粤B559ZK,113.895851,22.556585,293
粤B559ZK,113.895851,22.556585,299
粤B559ZK,113.895851,22.556585,303
粤B559ZK,113.895851,22.556585,305
粤B559ZK,113.895851,22.556585,311
粤B559ZK,113.895851,22.556585,317
粤B559ZK,113.895966,22.556612,319
粤B559ZK,113.895851,22.556585,323
粤B559ZK,113.895554,22.556828,327
粤B559ZK,113.895966,22.556612,328
粤B559ZK,113.895966,22.556612,329
粤B559ZK,113.895828,22.55674,329
粤B559ZK,113.89492,22.554327,330
粤B559ZK,113.894943,22.554295,331
粤B559ZK,113.897064,22.551342,332
粤B559ZK,113.902901,22.545372,333
粤B559ZK,113.909821,22.543516,334
粤B559ZK,113.916359,22.520342,334
粤B559ZK,113.909821,22.543516,335
粤B559ZK,113.910439,22.536432,335
粤B559ZK,113.910324,22.532129,336
粤B559ZK,113.910294,22.531494,337
粤B559ZK,113.913239,22.531258,338
粤B559ZK,113.91423,22.53525,339
粤B559ZK,113.919838,22.534723,340
粤B559ZK,113.919205,22.528692,341
粤B559ZK,113.919838,22.534723,341
粤B559ZK,113.918556,22.527449,342
粤B559ZK,113.918129,22.524801,343
粤B559ZK,113.916359,22.520342,344
粤B559ZK,113.914391,22.518442,345
粤B559ZK,113.914749,22.517584,346
粤B559ZK,113.914749,22.517584,346
粤B559ZK,113.912971,22.517067,347
粤B559ZK,113.912636,22.512978,348
粤B559ZK,113.924713,22.56753,350
粤B559ZK,113.91288,22.512718,350
粤B559ZK,113.912918,22.512638,350
粤B559ZK,113.915329,22.51041,351
粤B559ZK,113.918549,22.508064,352
粤B559ZK,113.918549,22.508064,352
粤B559ZK,113.920479,22.511559,353
粤B559ZK,113.922035,22.517677,354
粤B559ZK,113.923882,22.523006,355
粤B559ZK,113.92643,22.534151,356
粤B559ZK,113.92762,22.546787,357
粤B559ZK,113.929085,22.559162,358
粤B559ZK,113.929085,22.559162,358
粤B559ZK,113.930824,22.565958,359
粤B559ZK,113.924713,22.56753,360
粤B559ZK,113.919716,22.574867,361
粤B559ZK,113.9132,22.578342,362
粤B559ZK,113.902222,22.590088,363
粤B559ZK,113.889793,22.600613,364
粤B559ZK,113.889793,22.600613,364
粤B559ZK,113.879417,22.612143,365
粤B559ZK,113.807426,22.626474,366
粤B559ZK,113.868408,22.621403,366
粤B559ZK,113.807396,22.626467,366
粤B559ZK,113.855721,22.626263,367
粤B559ZK,113.850212,22.627277,368
粤B559ZK,113.850243,22.627201,369
粤B559ZK,113.844162,22.622023,370
粤B559ZK,113.844162,22.622023,370
粤B559ZK,113.833115,22.618818,371
粤B559ZK,113.823105,22.614077,372
粤B559ZK,113.816025,22.614582,373
粤B559ZK,113.811996,22.621918,374
粤B559ZK,113.811211,22.627989,375
粤B559ZK,113.807396,22.626467,376
粤B559ZK,113.807426,22.626474,376
粤B559ZK,113.807396,22.626467,376
粤B559ZK,113.806099,22.625483,377
粤B559ZK,113.809921,22.618067,378
粤B559ZK,113.814545,22.610537,379
粤B559ZK,113.819954,22.612331,380
粤B559ZK,113.827751,22.616041,381
粤B559ZK,113.837906,22.611845,381
粤B559ZK,113.834305,22.618914,382
粤B559ZK,113.834305,22.618914,382
粤B559ZK,113.837296,22.613197,383
粤B559ZK,113.837906,22.611845,384
粤B559ZK,113.837906,22.611845,388
粤B559ZK,113.837906,22.611845,394
粤B559ZK,113.845993,22.595633,397
粤B559ZK,113.878586,22.561167,397
粤B559ZK,113.851753,22.58931,398
粤B559ZK,113.85318,22.583965,399
粤B559ZK,113.854424,22.581169,400
粤B559ZK,113.854424,22.581169,400
粤B559ZK,113.859467,22.576899,401
粤B559ZK,113.862457,22.574499,402
粤B559ZK,113.865479,22.571993,403
粤B559ZK,113.865471,22.571957,404
粤B559ZK,113.870445,22.568043,405
粤B559ZK,113.875313,22.564123,406
粤B559ZK,113.875313,22.564123,406
粤B559ZK,113.878586,22.561167,407
粤B559ZK,113.878723,22.561012,408
粤B559ZK,113.880936,22.55901,409
粤B559ZK,113.882141,22.557838,410
粤B559ZK,113.886314,22.560863,411
粤B559ZK,113.891335,22.556721,412
粤B559ZK,113.886314,22.560863,412
粤B559ZK,113.894775,22.553473,413
粤B559ZK,113.914093,22.53392,413
粤B559ZK,113.895866,22.552345,413
粤B559ZK,113.898476,22.550037,414
粤B559ZK,113.904068,22.5431,415
粤B559ZK,113.904625,22.538927,416
粤B559ZK,113.904579,22.539631,416
粤B559ZK,113.906708,22.535097,417
粤B559ZK,113.908478,22.535286,418
粤B559ZK,113.906708,22.535097,418
粤B559ZK,113.909958,22.535212,419
粤B559ZK,113.910156,22.534992,420
粤B559ZK,113.914024,22.535124,421
粤B559ZK,113.91404,22.533876,422
粤B559ZK,113.914093,22.53392,423
粤B559ZK,113.914093,22.533842,424
粤B559ZK,113.914093,22.53392,424
粤B559ZK,113.913658,22.531483,425
粤B559ZK,113.91468,22.531115,426
粤B559ZK,113.916328,22.531134,427
粤B559ZK,113.919426,22.52998,428
粤B559ZK,113.91861,22.527361,429
粤B559ZK,113.91861,22.527361,430
粤B559ZK,113.919067,22.524082,430
粤B559ZK,113.921783,22.523188,431
粤B559ZK,113.922325,22.523964,432
粤B559ZK,113.91761,22.504993,441
粤B559ZK,113.91761,22.504993,442
粤B559ZK,113.913391,22.49666,443
粤B559ZK,113.911148,22.49276,444
粤B559ZK,113.906082,22.478493,444
粤B559ZK,113.907341,22.481558,445
粤B559ZK,113.910454,22.491207,445
粤B559ZK,113.908562,22.487514,446
粤B559ZK,113.907234,22.481642,447
粤B559ZK,113.907234,22.481642,448
粤B559ZK,113.904465,22.478018,448
粤B559ZK,113.902534,22.476601,449
粤B559ZK,113.906311,22.472307,450
粤B559ZK,113.908539,22.473547,453
粤B559ZK,113.908539,22.473547,453
粤B559ZK,113.906082,22.478493,454
粤B559ZK,113.907341,22.481558,455
粤B559ZK,113.908089,22.482687,456
粤B559ZK,113.909462,22.486752,457
粤B559ZK,113.910042,22.487288,457
粤B559ZK,113.910301,22.487505,458
粤B559ZK,113.910088,22.487368,459
粤B559ZK,113.910088,22.487368,459
粤B559ZK,113.907562,22.485359,460
粤B559ZK,113.907196,22.482021,461
粤B559ZK,113.904976,22.478424,462
粤B559ZK,113.902435,22.476498,463
粤B559ZK,113.89901,22.473335,464
粤B559ZK,113.89827,22.474222,465
粤B559ZK,113.89827,22.474222,465
粤B559ZK,113.900032,22.479385,466
粤B559ZK,113.893684,22.48601,467
粤B559ZK,113.887794,22.494192,468
粤B559ZK,113.882339,22.504145,469
粤B559ZK,113.876076,22.514812,470
粤B559ZK,113.88327,22.522413,471
粤B559ZK,113.88327,22.522413,471
粤B559ZK,113.882477,22.526175,472
粤B559ZK,113.879311,22.532936,473
粤B559ZK,113.87487,22.542665,474
粤B559ZK,113.866325,22.552183,475
粤B559ZK,113.856934,22.561268,476
粤B559ZK,113.852341,22.560329,477
粤B559ZK,113.852341,22.560329,477
粤B559ZK,113.850922,22.560858,478
粤B559ZK,113.848015,22.563906,479
粤B559ZK,113.84803,22.563902,480
粤B559ZK,113.847458,22.564339,481
粤B559ZK,113.842545,22.571808,482
粤B559ZK,113.83432,22.579376,483
粤B559ZK,113.83432,22.579376,483
粤B559ZK,113.826599,22.607483,488
粤B559ZK,113.826691,22.609411,489
粤B559ZK,113.826691,22.609411,489
粤B559ZK,113.824532,22.613411,490
粤B559ZK,113.829727,22.616867,491
粤B559ZK,113.827576,22.616371,492
粤B559ZK,113.824425,22.613211,492
粤B559ZK,113.81955,22.61244,493
粤B559ZK,113.814156,22.617851,494
粤B559ZK,113.812759,22.625908,495
粤B559ZK,113.812759,22.625908,495
粤B559ZK,113.809219,22.627357,496
粤B559ZK,113.809219,22.627356,496
粤B559ZK,113.806168,22.624304,497
粤B559ZK,113.809792,22.617767,498
粤B559ZK,113.812958,22.611971,499
粤B559ZK,113.816978,22.610813,500
粤B559ZK,113.821579,22.612959,501
粤B559ZK,113.821579,22.612959,501
粤B559ZK,113.824425,22.613211,502
粤B559ZK,113.824577,22.612843,503
粤B559ZK,113.824562,22.612883,503
粤B559ZK,113.826729,22.608509,504
粤B559ZK,113.826729,22.60849,505
粤B559ZK,113.827431,22.60605,506
粤B559ZK,113.829819,22.598883,507
粤B559ZK,113.829819,22.598883,507
粤B559ZK,113.831337,22.593092,508
粤B559ZK,113.83857,22.587473,509
粤B559ZK,113.841232,22.585648,510
粤B559ZK,113.842552,22.584768,511
粤B559ZK,113.848778,22.579948,512
粤B559ZK,113.852715,22.576773,513
粤B559ZK,113.852715,22.576773,513
粤B559ZK,113.853996,22.575731,514
粤B559ZK,113.854431,22.575371,515
粤B559ZK,113.856003,22.574038,516
粤B559ZK,113.856102,22.574207,517
粤B559ZK,113.85743,22.574303,518
粤B559ZK,113.862617,22.574392,519
粤B559ZK,113.862617,22.574392,519
粤B559ZK,113.864952,22.572376,520
粤B559ZK,113.864929,22.572374,520
粤B559ZK,113.865479,22.572006,521
粤B559ZK,113.865738,22.57184,522
粤B559ZK,113.869385,22.568975,523
粤B559ZK,113.872078,22.566774,524
粤B559ZK,113.875938,22.563581,525
粤B559ZK,113.875938,22.563581,525
粤B559ZK,113.875984,22.563576,526
粤B559ZK,113.878273,22.561518,527
粤B559ZK,113.878433,22.561333,528
粤B559ZK,113.881058,22.562447,529
粤B559ZK,113.882996,22.564157,530
粤B559ZK,113.881004,22.567469,534
粤B559ZK,113.880875,22.567497,534
粤B559ZK,113.879974,22.568718,535
粤B559ZK,113.882797,22.570253,536
粤B559ZK,113.88559,22.567493,537
粤B559ZK,113.88559,22.567493,537
粤B559ZK,113.929337,22.555132,547
粤B559ZK,113.94001,22.555281,548
粤B559ZK,113.95034,22.556107,549
粤B559ZK,113.95034,22.556107,549
粤B559ZK,113.961327,22.556643,550
粤B559ZK,113.97197,22.556881,551
粤B559ZK,113.981453,22.557949,552
粤B559ZK,114.051033,22.549849,555
粤B559ZK,113.981453,22.557949,555
粤B559ZK,114.00853,22.558062,555
粤B559ZK,114.018852,22.560093,556
粤B559ZK,114.028557,22.561632,557
粤B559ZK,114.034195,22.562344,558
粤B559ZK,114.040474,22.562017,559
粤B559ZK,114.042809,22.558447,560
粤B559ZK,114.044212,22.55423,561
粤B559ZK,114.044212,22.55423,561
粤B559ZK,114.044266,22.55154,562
粤B559ZK,114.044556,22.550583,563
粤B559ZK,114.050346,22.551088,564
粤B559ZK,114.051033,22.549849,565
粤B559ZK,114.051186,22.548027,565
粤B559ZK,114.051178,22.548033,566
粤B559ZK,114.051071,22.548031,567
粤B559ZK,114.051071,22.548031,567
粤B559ZK,114.048088,22.547392,568
粤B559ZK,114.047668,22.54324,569
粤B559ZK,114.047745,22.543324,569
粤B559ZK,114.071747,22.538609,570
粤B559ZK,114.044785,22.542734,570
粤B559ZK,114.04425,22.540663,571
粤B559ZK,114.044449,22.533512,572
粤B559ZK,114.044067,22.531158,573
粤B559ZK,114.044067,22.531158,573
粤B559ZK,114.053505,22.531519,574
粤B559ZK,114.063049,22.531483,575
粤B559ZK,114.066254,22.531534,576
粤B559ZK,114.068451,22.531452,577
粤B559ZK,114.068237,22.534546,578
粤B559ZK,114.070107,22.538671,579
粤B559ZK,114.070107,22.538671,579
粤B559ZK,114.071747,22.538609,580
粤B559ZK,114.071777,22.538597,581
粤B559ZK,114.075081,22.540003,582
粤B559ZK,114.074234,22.539787,582
粤B559ZK,114.076057,22.540405,583
粤B559ZK,114.073311,22.539173,584
粤B559ZK,114.072311,22.538893,585
粤B559ZK,114.072311,22.538893,585
粤B559ZK,114.0438,22.535864,586
粤B559ZK,114.071693,22.538757,586
粤B559ZK,114.065109,22.537996,587
粤B559ZK,114.064957,22.537903,588
粤B559ZK,114.064415,22.537769,589
粤B559ZK,114.063461,22.537699,590
粤B559ZK,114.061882,22.53767,591
粤B559ZK,114.061882,22.53767,591
粤B559ZK,114.060982,22.537647,592
粤B559ZK,114.058609,22.537695,593
粤B559ZK,114.053261,22.537518,594
粤B559ZK,114.04895,22.537407,595
粤B559ZK,114.0438,22.535864,596
粤B559ZK,114.042679,22.531389,597
粤B559ZK,114.042679,22.531389,597
粤B559ZK,114.036095,22.530712,598
粤B559ZK,114.029259,22.530581,599
粤B559ZK,114.028152,22.532475,600
粤B559ZK,114.028259,22.532288,600
粤B559ZK,114.025177,22.537487,602
粤B559ZK,114.025681,22.536882,603
粤B559ZK,114.02198,22.53652,604
粤B559ZK,114.01902,22.537886,605
粤B559ZK,114.019279,22.537628,605
粤B559ZK,114.021492,22.53887,606
粤B559ZK,114.027428,22.539816,607
粤B559ZK,114.025932,22.537035,608
粤B559ZK,114.025177,22.537487,609
粤B559ZK,114.025932,22.537035,609
粤B559ZK,114.025177,22.537487,615
粤B559ZK,114.025177,22.537487,617
粤B559ZK,114.025177,22.537487,621
粤B559ZK,114.025177,22.537487,627
粤B559ZK,113.969643,22.539946,641
粤B559ZK,113.96347,22.54216,641
粤B559ZK,114.011528,22.537783,641
粤B559ZK,114.008186,22.537064,642
粤B559ZK,114.008186,22.537064,643
粤B559ZK,114.00312,22.536451,643
粤B559ZK,114.001358,22.537178,644
粤B559ZK,113.997437,22.535263,645
粤B559ZK,113.989876,22.536068,646
粤B559ZK,113.983925,22.536587,647
粤B559ZK,113.978279,22.536718,648
粤B559ZK,113.975014,22.53775,649
粤B559ZK,113.9757,22.537403,649
粤B559ZK,113.983925,22.536587,649
粤B559ZK,113.969643,22.539946,650
粤B559ZK,113.96347,22.54216,651
粤B559ZK,113.96019,22.543209,652
粤B559ZK,113.959305,22.540737,653
粤B559ZK,113.959,22.538956,654
粤B559ZK,113.959,22.538956,655
粤B559ZK,113.960999,22.53837,656
粤B559ZK,113.960999,22.538366,656
粤B559ZK,113.96106,22.538317,657
粤B559ZK,113.946548,22.509157,657
粤B559ZK,113.961456,22.538212,657
粤B559ZK,113.962044,22.534809,658
粤B559ZK,113.962029,22.534212,659
粤B559ZK,113.962196,22.529016,660
粤B559ZK,113.962234,22.526155,661
粤B559ZK,113.962196,22.529016,661
粤B559ZK,113.962059,22.523209,662
粤B559ZK,113.952194,22.523943,663
粤B559ZK,113.949005,22.524599,664
粤B559ZK,113.948189,22.517729,665
粤B559ZK,113.946548,22.509157,666
粤B559ZK,113.94059,22.508202,667
粤B559ZK,113.946548,22.509157,667
粤B559ZK,113.93718,22.508192,668
粤B559ZK,113.94165,22.507967,669
粤B559ZK,113.943214,22.506475,670
粤B559ZK,113.94342,22.50692,671
粤B559ZK,113.943916,22.507282,672
粤B559ZK,113.943924,22.507288,673
粤B559ZK,113.943916,22.507282,673
粤B559ZK,113.945953,22.506908,673
粤B559ZK,113.944252,22.507326,673
粤B559ZK,113.94455,22.507282,674
粤B559ZK,113.944801,22.507286,675
粤B559ZK,113.945335,22.507215,676
粤B559ZK,113.944824,22.506586,677
粤B559ZK,113.944962,22.506544,678
粤B559ZK,113.945023,22.506531,679
粤B559ZK,113.944962,22.506544,679
粤B559ZK,113.945137,22.50655,680
粤B559ZK,113.945267,22.506582,681
粤B559ZK,113.945236,22.506586,681
粤B559ZK,113.945953,22.506908,682
粤B559ZK,113.945747,22.507442,683
粤B559ZK,113.944633,22.507504,684
粤B559ZK,113.943726,22.507486,685
粤B559ZK,113.944633,22.507504,685
粤B559ZK,113.942467,22.507618,686
粤B559ZK,113.947021,22.508062,687
粤B559ZK,113.961639,22.537416,688
粤B559ZK,113.947098,22.511183,688
粤B559ZK,113.948708,22.520597,689
粤B559ZK,113.949898,22.52953,690
粤B559ZK,113.952019,22.535463,691
粤B559ZK,113.949898,22.52953,691
粤B559ZK,113.960258,22.534239,692
粤B559ZK,113.961525,22.533792,693
粤B559ZK,113.96154,22.533808,693
粤B559ZK,113.965065,22.532642,694
粤B559ZK,113.962662,22.533575,695
粤B559ZK,113.962105,22.534477,696
粤B559ZK,113.962105,22.534477,697
粤B559ZK,113.961906,22.536472,697
粤B559ZK,113.961639,22.537416,698
粤B559ZK,113.961708,22.537607,699
粤B559ZK,113.961708,22.537607,703
粤B559ZK,113.961708,22.537607,704
粤B559ZK,113.961708,22.537607,709
粤B559ZK,113.961708,22.537607,715
粤B559ZK,113.959717,22.542593,719
粤B559ZK,113.959679,22.543215,720
粤B559ZK,113.94194,22.552588,720
粤B559ZK,113.959679,22.543215,721
粤B559ZK,113.951393,22.543497,721
粤B559ZK,113.947723,22.543533,722
粤B559ZK,113.947578,22.543476,723
粤B559ZK,113.947578,22.543459,723
粤B559ZK,113.944916,22.54517,724
粤B559ZK,113.94487,22.547199,725
粤B559ZK,113.946007,22.550287,726
粤B559ZK,113.946014,22.5515,727
粤B559ZK,113.946007,22.550287,727
粤B559ZK,113.943756,22.552799,728
粤B559ZK,113.94194,22.552588,729
粤B559ZK,113.941132,22.552799,730
粤B559ZK,113.941071,22.55489,731
粤B559ZK,113.950172,22.556011,732
粤B559ZK,113.950172,22.556011,732
粤B559ZK,113.961349,22.556635,733
粤B559ZK,113.972992,22.556618,734
粤B559ZK,113.984009,22.558533,735
粤B559ZK,113.994263,22.556671,736
粤B559ZK,114.008331,22.616272,736
粤B559ZK,114.004311,22.556057,737
粤B559ZK,114.013161,22.560266,738
粤B559ZK,114.013161,22.560266,738
粤B559ZK,114.01252,22.568165,739
粤B559ZK,114.010468,22.590425,742
粤B559ZK,114.01152,22.599398,743
粤B559ZK,114.010841,22.608044,744
粤B559ZK,114.010841,22.608044,744
粤B559ZK,114.008331,22.616272,745
粤B559ZK,114.008347,22.625772,746
粤B559ZK,114.010979,22.627977,747
粤B559ZK,114.013763,22.629705,748
粤B559ZK,114.013931,22.630665,749
粤B559ZK,114.010742,22.635355,750
粤B559ZK,114.010742,22.635355,750
粤B559ZK,114.01741,22.62011,751
粤B559ZK,114.01255,22.632483,751
粤B559ZK,114.014198,22.630243,752
粤B559ZK,114.014183,22.630243,753
粤B559ZK,114.016098,22.627384,754
粤B559ZK,114.016708,22.62742,755
粤B559ZK,114.016663,22.627375,755
粤B559ZK,114.017731,22.627993,755
粤B559ZK,114.022484,22.623901,756
粤B559ZK,114.022484,22.623901,756
粤B559ZK,114.018959,22.621708,757
粤B559ZK,114.01741,22.62011,758
粤B559ZK,114.029137,22.607515,760
粤B559ZK,114.029282,22.60734,761
粤B559ZK,114.01741,22.62011,762
粤B559ZK,114.032204,22.604353,762
粤B559ZK,114.038277,22.598366,763
粤B559ZK,114.045181,22.593513,764
粤B559ZK,114.059288,22.579172,766
粤B559ZK,114.061562,22.571493,767
粤B559ZK,114.040215,22.563448,767
粤B559ZK,114.062088,22.564875,768
粤B559ZK,114.062088,22.564875,768
粤B559ZK,114.061302,22.559757,769
粤B559ZK,114.058273,22.562208,770
粤B559ZK,114.05291,22.562622,771
粤B559ZK,114.04911,22.562195,772
粤B559ZK,114.046127,22.561365,773
粤B559ZK,114.045296,22.561623,774
粤B559ZK,114.045303,22.561632,774
粤B559ZK,114.045296,22.561623,774
粤B559ZK,114.044006,22.561325,775
粤B559ZK,114.042671,22.560305,776
粤B559ZK,114.040215,22.563448,777
粤B559ZK,114.036697,22.563301,778
粤B559ZK,114.031799,22.56251,779
粤B559ZK,114.024376,22.561186,780
粤B559ZK,114.024376,22.561186,780
粤B559ZK,114.025749,22.559235,781
粤B559ZK,114.027092,22.556253,782
粤B559ZK,113.984489,22.539297,783
粤B559ZK,114.020813,22.555651,783
粤B559ZK,114.015411,22.555532,784
粤B559ZK,114.009453,22.553337,785
粤B559ZK,114.007004,22.549915,786
粤B559ZK,114.007004,22.549915,786
粤B559ZK,113.998825,22.546408,788
粤B559ZK,113.99189,22.543922,789
粤B559ZK,113.989388,22.541527,790
粤B559ZK,113.986954,22.541182,791
粤B559ZK,113.984489,22.539297,792
粤B559ZK,113.986954,22.541182,792
粤B559ZK,113.978706,22.539991,793
粤B559ZK,113.97438,22.541025,794
粤B559ZK,113.972626,22.54043,795
粤B559ZK,113.971077,22.539553,796
粤B559ZK,113.9701,22.539869,797
粤B559ZK,114.013687,22.538967,798
粤B559ZK,113.9701,22.539869,798
粤B559ZK,113.9701,22.539869,798
粤B559ZK,113.970085,22.539875,799
粤B559ZK,113.970093,22.539871,799
粤B559ZK,113.965683,22.541317,800
粤B559ZK,113.972115,22.538719,801
粤B559ZK,113.981476,22.536263,802
粤B559ZK,113.983093,22.536213,803
粤B559ZK,113.989555,22.535658,804
粤B559ZK,113.989555,22.535658,804
粤B559ZK,113.999329,22.535196,805
粤B559ZK,114.002213,22.535635,806
粤B559ZK,114.006653,22.536392,807
粤B559ZK,114.013687,22.538967,808
粤B559ZK,114.015549,22.539768,809
粤B559ZK,114.01899,22.540386,810
粤B559ZK,114.01899,22.540386,810
粤B559ZK,114.020325,22.540552,811
粤B559ZK,114.020332,22.540543,811
粤B559ZK,114.018913,22.540449,812
粤B559ZK,114.01693,22.540068,813
粤B559ZK,114.016953,22.540028,813
粤B559ZK,114.017899,22.540333,814
粤B559ZK,114.043335,22.55736,814
粤B559ZK,114.018867,22.544411,815
粤B559ZK,114.021309,22.54446,816
粤B559ZK,114.021309,22.54446,816
粤B559ZK,114.020386,22.548588,817
粤B559ZK,114.015602,22.556723,818
粤B559ZK,114.016815,22.559849,819
粤B559ZK,114.025536,22.560776,820
粤B559ZK,114.03466,22.562428,821
粤B559ZK,114.041023,22.561523,822
粤B559ZK,114.041023,22.561523,822
粤B559ZK,114.043335,22.557388,823
粤B559ZK,114.043335,22.55736,824
粤B559ZK,114.043983,22.550867,825
粤B559ZK,114.041893,22.549803,826
粤B559ZK,114.041908,22.549807,826
粤B559ZK,114.04007,22.549452,827
粤B559ZK,114.039795,22.546946,828
粤B559ZK,114.039795,22.546946,828
粤B559ZK,114.039368,22.544544,829
粤B559ZK,114.036942,22.541903,830
粤B559ZK,114.033195,22.541307,831
粤B559ZK,114.026695,22.54026,832
粤B559ZK,114.021278,22.539383,833
粤B559ZK,114.015511,22.538214,834
粤B559ZK,114.015511,22.538214,834
粤B559ZK,114.014114,22.538141,835
粤B559ZK,114.008873,22.537275,836
粤B559ZK,114.00354,22.536263,837
粤B559ZK,113.967247,22.540911,844
粤B559ZK,113.963715,22.542679,845
粤B559ZK,113.963554,22.542677,846
粤B559ZK,113.963554,22.542677,846
粤B559ZK,113.930939,22.543619,846
粤B559ZK,113.963516,22.542755,847
粤B559ZK,113.963524,22.542709,847
粤B559ZK,113.961578,22.542788,848
粤B559ZK,113.960381,22.543242,849
粤B559ZK,113.959984,22.543411,850
粤B559ZK,113.951996,22.543451,851
粤B559ZK,113.949509,22.542891,852
粤B559ZK,113.949509,22.542891,852
粤B559ZK,113.941704,22.543234,853
粤B559ZK,113.933304,22.542824,854
粤B559ZK,113.930939,22.543619,855
粤B559ZK,113.929642,22.545441,856
粤B559ZK,113.928665,22.545433,857
粤B559ZK,113.928688,22.545404,857
粤B559ZK,113.928391,22.544769,858
粤B559ZK,113.928391,22.544769,858
粤B559ZK,113.929283,22.543772,859
粤B559ZK,113.928902,22.543966,859
粤B559ZK,113.930649,22.543661,860
粤B559ZK,113.926323,22.543987,861
粤B559ZK,113.91951,22.509708,861
粤B559ZK,113.927063,22.537571,862
粤B559ZK,113.924515,22.530781,863
粤B559ZK,113.924362,22.524233,864
粤B559ZK,113.924362,22.524233,864
粤B559ZK,113.923088,22.521227,865
粤B559ZK,113.922829,22.520592,866
粤B559ZK,113.922699,22.520241,867
粤B559ZK,113.922821,22.519365,868
粤B559ZK,113.922417,22.518055,869
粤B559ZK,113.9216,22.514952,870
粤B559ZK,113.9216,22.514952,870
粤B559ZK,113.91951,22.509708,871
粤B559ZK,113.917877,22.505465,872
粤B559ZK,113.918526,22.502859,873
粤B559ZK,113.919884,22.500956,874
粤B559ZK,113.919891,22.497059,875
粤B559ZK,113.920288,22.496729,876
粤B559ZK,113.920364,22.496727,876
粤B559ZK,113.919891,22.497059,876
粤B559ZK,113.919891,22.510826,877
粤B559ZK,113.92382,22.49769,877
粤B559ZK,113.924515,22.497658,878
粤B559ZK,113.925255,22.494658,879
粤B559ZK,113.922394,22.493607,880
粤B559ZK,113.920097,22.495018,881
粤B559ZK,113.920097,22.495047,881
粤B559ZK,113.920029,22.496811,882
粤B559ZK,113.920097,22.495047,882
粤B559ZK,113.919991,22.500267,883
粤B559ZK,113.919937,22.50219,884
粤B559ZK,113.917664,22.504702,885
粤B559ZK,113.918495,22.507055,886
粤B559ZK,113.919891,22.510826,887
粤B559ZK,113.919891,22.510826,888
粤B559ZK,113.920242,22.511433,888
粤B559ZK,113.921806,22.514618,889
粤B559ZK,113.92186,22.51569,890
粤B559ZK,113.922005,22.516754,891
粤B559ZK,113.922195,22.517616,892
粤B559ZK,113.922134,22.517765,893
粤B559ZK,113.922134,22.517765,894
粤B559ZK,113.922546,22.519447,894
粤B559ZK,113.922798,22.520262,895
粤B559ZK,113.923126,22.521069,896
粤B559ZK,113.923378,22.521734,897
粤B559ZK,113.923721,22.522385,898
粤B559ZK,113.924416,22.528393,899
粤B559ZK,113.921707,22.507771,909
粤B559ZK,113.917618,22.523457,911
粤B559ZK,113.917618,22.523457,912
粤B559ZK,113.917313,22.521317,912
粤B559ZK,113.919411,22.519728,913
粤B559ZK,113.921349,22.514725,914
粤B559ZK,113.920456,22.511877,915
粤B559ZK,113.919052,22.508543,916
粤B559ZK,113.91893,22.508287,917
粤B559ZK,113.921707,22.507771,918
粤B559ZK,113.91893,22.508287,918
粤B559ZK,113.92363,22.507324,919
粤B559ZK,113.923904,22.50494,920
粤B559ZK,113.923897,22.504925,920
粤B559ZK,113.923683,22.506855,921
粤B559ZK,113.92366,22.506485,921
粤B559ZK,113.924263,22.503021,922
粤B559ZK,113.924675,22.500944,923
粤B559ZK,113.924675,22.500944,924
粤B559ZK,113.928238,22.522852,924
粤B559ZK,113.928276,22.499762,924
粤B559ZK,113.929787,22.493637,925
粤B559ZK,113.929794,22.493641,925
粤B559ZK,113.929939,22.49366,926
粤B559ZK,113.928909,22.498619,927
粤B559ZK,113.928253,22.502472,928
粤B559ZK,113.927765,22.505253,929
粤B559ZK,113.927414,22.509539,930
粤B559ZK,113.927765,22.505253,930
粤B559ZK,113.927582,22.512133,931
粤B559ZK,113.927635,22.515112,932
粤B559ZK,113.927742,22.519636,933
粤B559ZK,113.927788,22.520027,933
粤B559ZK,113.928238,22.522852,934
粤B559ZK,113.930016,22.52766,935
粤B559ZK,113.930016,22.52766,936
粤B559ZK,113.929916,22.528154,936
粤B559ZK,113.927208,22.528454,937
粤B559ZK,113.925011,22.531319,938
粤B559ZK,113.926971,22.536718,939
粤B559ZK,113.910477,22.552486,940
粤B559ZK,113.921356,22.555645,940
粤B559ZK,113.927055,22.543207,940
粤B559ZK,113.928825,22.549595,941
粤B559ZK,113.928825,22.549595,942
粤B559ZK,113.936577,22.552671,943
粤B559ZK,113.939301,22.552879,944
粤B559ZK,113.939911,22.552757,945
粤B559ZK,113.940468,22.554695,946
粤B559ZK,113.936836,22.555838,947
粤B559ZK,113.936836,22.555838,948
粤B559ZK,113.931297,22.55538,948
粤B559ZK,113.921356,22.555645,949
粤B559ZK,113.910477,22.552486,950
粤B559ZK,113.904839,22.548351,951
粤B559ZK,113.900253,22.548794,952
粤B559ZK,113.892845,22.555922,953
粤B559ZK,113.891151,22.559517,954
粤B559ZK,113.892845,22.555922,954
粤B559ZK,113.893684,22.559828,955
粤B559ZK,113.896065,22.558086,956
粤B559ZK,113.912376,22.544348,956
粤B559ZK,113.915733,22.543369,956
粤B559ZK,113.896988,22.557432,957
粤B559ZK,113.896988,22.557432,960
粤B559ZK,113.912376,22.544348,965
粤B559ZK,113.915733,22.543369,966
粤B559ZK,113.912376,22.544348,966
粤B559ZK,113.91851,22.543093,967
粤B559ZK,113.918816,22.54307,968
粤B559ZK,113.923042,22.542753,969
粤B559ZK,113.923027,22.542761,970
粤B559ZK,113.926064,22.541624,971
粤B559ZK,113.926064,22.541624,972
粤B559ZK,113.927078,22.536617,972
粤B559ZK,113.924385,22.530352,973
粤B559ZK,113.92366,22.526831,974
粤B559ZK,113.926971,22.525314,975
粤B559ZK,113.935036,22.524876,976
粤B559ZK,113.94577,22.524305,977
粤B559ZK,113.958366,22.522861,978
粤B559ZK,113.94577,22.524305,978
粤B559ZK,113.969627,22.522741,979
粤B559ZK,113.979973,22.52281,980
粤B559ZK,113.989975,22.525042,981
粤B559ZK,113.999077,22.529696,982
粤B559ZK,114.010056,22.529806,983
粤B559ZK,114.010056,22.529806,984
粤B559ZK,114.02108,22.532001,984
粤B559ZK,114.031601,22.530155,985
粤B559ZK,114.043137,22.531197,986
粤B559ZK,114.055733,22.531507,987
粤B559ZK,114.076286,22.531843,989
粤B559ZK,114.076286,22.531843,990
粤B559ZK,114.079056,22.535107,990
粤B559ZK,114.086723,22.537365,991
粤B559ZK,114.095947,22.538069,992
粤B559ZK,114.101799,22.538065,994
粤B559ZK,114.105568,22.538286,995
粤B559ZK,114.105568,22.538286,996
粤B559ZK,114.106575,22.540142,996
粤B559ZK,114.106216,22.542801,997
粤B559ZK,114.106247,22.544127,998
粤B559ZK,114.112083,22.545628,999
粤B559ZK,114.112976,22.545872,1000
粤B559ZK,114.117111,22.546749,1001
粤B559ZK,114.117111,22.546749,1002
粤B559ZK,114.117119,22.550987,1003
粤B559ZK,114.117088,22.550974,1003
粤B559ZK,114.10997,22.545225,1003
粤B559ZK,114.116859,22.550491,1006
粤B559ZK,114.11129,22.545506,1008
粤B559ZK,114.116325,22.546545,1008
粤B559ZK,114.107025,22.544897,1009
粤B559ZK,114.104271,22.544348,1010
粤B559ZK,114.101265,22.543762,1011
粤B559ZK,114.103874,22.544191,1012
粤B559ZK,114.10997,22.545225,1013
粤B559ZK,114.112251,22.545666,1014
粤B559ZK,114.10997,22.545225,1014
粤B559ZK,114.11541,22.546127,1015
粤B559ZK,114.116142,22.546183,1016
粤B559ZK,114.11869,22.546629,1017
粤B559ZK,114.122482,22.5473,1018
粤B559ZK,114.123039,22.547413,1019
粤B559ZK,114.158257,22.561382,1019
粤B559ZK,114.124535,22.547657,1020
粤B559ZK,114.123039,22.547413,1020
粤B559ZK,114.17012,22.562788,1030
粤B559ZK,114.179871,22.558405,1031
粤B559ZK,114.179871,22.558405,1032
粤B559ZK,114.188515,22.555887,1033
粤B559ZK,114.191429,22.556089,1034
粤B559ZK,114.230026,22.553268,1035
粤B559ZK,114.21817,22.556917,1038
粤B559ZK,114.218491,22.556965,1039
粤B559ZK,114.223099,22.556973,1040
粤B559ZK,114.231102,22.557253,1041
粤B559ZK,114.232567,22.554667,1042
粤B559ZK,114.230461,22.554358,1043
粤B559ZK,114.230461,22.554358,1044
粤B559ZK,114.230011,22.553293,1044
粤B559ZK,114.230026,22.553268,1044
粤B559ZK,114.229652,22.551895,1045
粤B559ZK,114.228333,22.551908,1046
粤B559ZK,114.226028,22.551138,1047
粤B559ZK,114.222588,22.553434,1048
粤B559ZK,114.219536,22.556339,1050
粤B559ZK,114.220398,22.555573,1050
粤B559ZK,114.219727,22.556061,1050
粤B559ZK,114.219437,22.556322,1051
粤B559ZK,114.219307,22.556442,1052
粤B559ZK,114.219055,22.556795,1053
粤B559ZK,114.21904,22.556791,1054
粤B559ZK,114.221359,22.554543,1055
粤B559ZK,114.223373,22.552412,1056
粤B559ZK,114.221359,22.554543,1056
粤B559ZK,114.224106,22.552032,1057
粤B559ZK,114.221664,22.554182,1058
粤B559ZK,114.219749,22.556011,1059
粤B559ZK,114.219727,22.556061,1060
粤B559ZK,114.219048,22.556755,1061
粤B559ZK,114.219086,22.556797,1062
粤B559ZK,114.219048,22.556755,1062
粤B559ZK,114.219063,22.556807,1063
粤B559ZK,114.216866,22.557207,1064
粤B559ZK,114.216072,22.557446,1065
粤B559ZK,114.180984,22.557711,1066
粤B559ZK,114.190773,22.555964,1074
粤B559ZK,114.191536,22.556133,1074
粤B559ZK,114.188622,22.555941,1075
粤B559ZK,114.180984,22.557711,1076
粤B559ZK,114.177956,22.560076,1077
粤B559ZK,114.173149,22.562878,1078
粤B559ZK,114.17115,22.5639,1079
粤B559ZK,114.17115,22.5639,1080
粤B559ZK,114.170891,22.566036,1080
粤B559ZK,114.170799,22.566288,1081
粤B559ZK,114.154114,22.558582,1082
粤B559ZK,114.170784,22.56333,1082
粤B559ZK,114.168236,22.561813,1083
粤B559ZK,114.168304,22.56185,1083
粤B559ZK,114.168205,22.561764,1084
粤B559ZK,114.168282,22.561798,1084
粤B559ZK,114.169548,22.561808,1085
粤B559ZK,114.169548,22.561808,1086
粤B559ZK,114.170898,22.564224,1086
粤B559ZK,114.170845,22.564537,1087
粤B559ZK,114.166199,22.562878,1088
粤B559ZK,114.158241,22.561499,1089
粤B559ZK,114.156487,22.560423,1090
粤B559ZK,114.154114,22.558582,1091
粤B559ZK,114.149033,22.555946,1092
粤B559ZK,114.154114,22.558582,1092
粤B559ZK,114.135979,22.55765,1094
粤B559ZK,114.135506,22.558077,1095
粤B559ZK,114.135422,22.558123,1096
粤B559ZK,114.135422,22.558064,1097
粤B559ZK,114.134361,22.557711,1098
粤B559ZK,114.135422,22.558064,1098
粤B559ZK,114.132813,22.55555,1099
粤B559ZK,114.130325,22.554951,1100
粤B559ZK,114.130234,22.554968,1100
粤B559ZK,114.129997,22.555143,1101
粤B559ZK,114.128891,22.556086,1102
粤B559ZK,114.128769,22.556152,1103
粤B559ZK,114.126266,22.553513,1104
粤B559ZK,114.128769,22.556152,1104
粤B559ZK,114.125748,22.551388,1105
粤B559ZK,114.125748,22.551367,1106
粤B559ZK,114.125748,22.551052,1107
粤B559ZK,114.125763,22.550013,1108
粤B559ZK,114.12574,22.550009,1109
粤B559ZK,114.12574,22.550009,1109
粤B559ZK,114.12574,22.549644,1110
粤B559ZK,114.121223,22.547176,1111
粤B559ZK,114.118912,22.546675,1112
粤B559ZK,114.081894,22.543102,1113
粤B559ZK,114.114975,22.545973,1113
粤B559ZK,114.114662,22.54563,1114
粤B559ZK,114.109444,22.545149,1115
粤B559ZK,114.109444,22.545149,1115
粤B559ZK,114.10334,22.544144,1116
粤B559ZK,114.100342,22.54361,1117
粤B559ZK,114.099068,22.543566,1118
粤B559ZK,114.091682,22.543446,1119
粤B559ZK,114.088966,22.543343,1120
粤B559ZK,114.085068,22.5432,1121
粤B559ZK,114.085068,22.5432,1121
粤B559ZK,114.083405,22.543102,1122
粤B559ZK,114.08342,22.543104,1122
粤B559ZK,114.081894,22.543102,1123
粤B559ZK,114.074501,22.543047,1124
粤B559ZK,114.069405,22.542988,1125
粤B559ZK,114.061516,22.542845,1126
粤B559ZK,114.055565,22.543093,1127
粤B559ZK,114.055565,22.543093,1127
粤B559ZK,114.047653,22.54266,1128
粤B559ZK,114.044373,22.542549,1129
粤B559ZK,114.044312,22.54043,1130
粤B559ZK,114.04438,22.532623,1131
粤B559ZK,114.039268,22.530928,1132
粤B559ZK,114.028755,22.530622,1133
粤B559ZK,114.028755,22.530622,1133
粤B559ZK,114.020592,22.532356,1134
粤B559ZK,114.019775,22.533554,1135
粤B559ZK,114.019768,22.533543,1135
粤B559ZK,114.019737,22.53352,1136
粤B559ZK,114.018593,22.533077,1137
粤B559ZK,114.025635,22.531111,1144
粤B559ZK,114.028,22.533346,1145
粤B559ZK,114.035805,22.530333,1145
粤B559ZK,114.035805,22.530333,1145
粤B559ZK,114.028,22.532522,1145
粤B559ZK,114.047333,22.531235,1146
粤B559ZK,114.051338,22.526247,1147
粤B559ZK,114.051361,22.526978,1147
粤B559ZK,114.050438,22.52581,1148
粤B559ZK,114.046806,22.525766,1149
粤B559ZK,114.044937,22.529865,1150
粤B559ZK,114.041977,22.531273,1151
粤B559ZK,114.041977,22.531273,1151
粤B559ZK,114.035118,22.530483,1152
粤B559ZK,114.028793,22.530643,1153
粤B559ZK,114.028,22.533346,1154
粤B559ZK,114.028069,22.532915,1154
粤B559ZK,114.028,22.532522,1155
粤B559ZK,114.028351,22.531235,1156
粤B559ZK,114.027512,22.530903,1157
粤B559ZK,114.027512,22.530903,1157
粤B559ZK,114.022797,22.532648,1158
粤B559ZK,114.022575,22.534521,1159
粤B559ZK,114.025009,22.532692,1160
粤B559ZK,114.03051,22.527296,1161
粤B559ZK,114.03524,22.524654,1162
粤B559ZK,114.036324,22.522963,1163
粤B559ZK,114.03524,22.524654,1163
粤B559ZK,114.036636,22.522953,1163
粤B559ZK,114.0355,22.522394,1164
粤B559ZK,114.033195,22.522709,1165
粤B559ZK,114.032303,22.525616,1166
粤B559ZK,114.032135,22.526606,1167
粤B559ZK,114.026062,22.530373,1168
粤B559ZK,114.018829,22.53194,1169
粤B559ZK,114.018829,22.53194,1169
粤B559ZK,114.011124,22.530212,1170
粤B559ZK,113.994652,22.528202,1172
粤B559ZK,113.992325,22.526716,1173
粤B559ZK,113.983124,22.523258,1174
粤B559ZK,113.971741,22.522963,1175
粤B559ZK,113.971741,22.522963,1175
粤B559ZK,113.961525,22.522848,1176
粤B559ZK,113.950958,22.52384,1177
粤B559ZK,113.941185,22.525217,1178
粤B559ZK,113.941063,22.527588,1179
粤B559ZK,113.940941,22.529404,1179
粤B559ZK,113.940712,22.530008,1180
粤B559ZK,113.937859,22.52854,1181
粤B559ZK,113.937859,22.52854,1181
粤B559ZK,113.930832,22.528156,1186
粤B559ZK,113.930832,22.528156,1187
粤B559ZK,113.927689,22.528206,1187
粤B559ZK,113.926834,22.528353,1188
粤B559ZK,113.929024,22.528202,1188
粤B559ZK,113.928177,22.522812,1189
粤B559ZK,113.927719,22.521181,1190
粤B559ZK,113.929878,22.522417,1191
粤B559ZK,113.929535,22.521118,1192
粤B559ZK,113.92952,22.520973,1192
粤B559ZK,113.99305,22.525049,1192
粤B559ZK,113.931152,22.521832,1193
粤B559ZK,113.92952,22.520973,1193
粤B559ZK,113.931564,22.522238,1194
粤B559ZK,113.931099,22.52191,1194
粤B559ZK,113.932816,22.523687,1195
粤B559ZK,113.939644,22.524164,1196
粤B559ZK,113.948677,22.523886,1197
粤B559ZK,113.960411,22.52265,1198
粤B559ZK,113.971359,22.522722,1199
粤B559ZK,113.960411,22.52265,1199
粤B559ZK,113.983192,22.523018,1200
粤B559ZK,113.99305,22.525049,1201
粤B559ZK,113.993599,22.530588,1202
粤B559ZK,113.99305,22.534191,1204
粤B559ZK,113.992455,22.538,1205
粤B559ZK,113.993599,22.530588,1205
粤B559ZK,113.991898,22.541637,1206
粤B559ZK,113.992004,22.543606,1207
粤B559ZK,114.003105,22.547237,1207
粤B559ZK,113.999603,22.546331,1208
粤B559ZK,114.003433,22.5469,1209
粤B559ZK,114.006531,22.549112,1210
粤B559ZK,114.005318,22.550337,1211
粤B559ZK,114.006531,22.549112,1211
粤B559ZK,114.005363,22.555983,1212
粤B559ZK,114.005898,22.555607,1213
粤B559ZK,114.005852,22.555712,1213
粤B559ZK,114.008591,22.552185,1214
粤B559ZK,114.006836,22.549656,1215
粤B559ZK,114.003105,22.547237,1216
粤B559ZK,114.003105,22.547237,1217
粤B559ZK,113.991371,22.544058,1221
粤B559ZK,113.990334,22.541622,1222
粤B559ZK,113.989166,22.541561,1222
粤B559ZK,113.989166,22.541561,1223
粤B559ZK,113.990341,22.541676,1223
粤B559ZK,113.992531,22.535572,1224
粤B559ZK,113.99308,22.531771,1225
粤B559ZK,113.993622,22.527742,1226
粤B559ZK,113.984627,22.523457,1227
粤B559ZK,113.972824,22.522907,1228
粤B559ZK,113.972824,22.522907,1229
粤B559ZK,113.96244,22.522823,1229
粤B559ZK,113.952011,22.523685,1230
粤B559ZK,113.940971,22.524532,1231
粤B559ZK,113.931419,22.524918,1232
粤B559ZK,113.922256,22.526287,1233
粤B559ZK,113.919167,22.526949,1234
粤B559ZK,113.919167,22.526949,1234
粤B559ZK,113.91613,22.527443,1235
粤B559ZK,113.915184,22.527187,1236
粤B559ZK,113.910835,22.525942,1237
粤B559ZK,113.90992,22.525921,1238
粤B559ZK,113.908989,22.523121,1239
粤B559ZK,113.914131,22.518002,1239
粤B559ZK,113.907356,22.520737,1240
粤B559ZK,113.907356,22.520737,1240
粤B559ZK,113.904076,22.517162,1241
粤B559ZK,113.901535,22.514524,1242
粤B559ZK,113.900452,22.513512,1243
粤B559ZK,113.900452,22.513514,1243
粤B559ZK,113.900169,22.513247,1244
粤B559ZK,113.900169,22.513247,1244
粤B559ZK,113.903259,22.516062,1245
粤B559ZK,113.907959,22.514874,1246
粤B559ZK,113.907959,22.514874,1246
粤B559ZK,113.910332,22.515118,1247
粤B559ZK,113.914085,22.517942,1248
粤B559ZK,113.914131,22.518002,1249
粤B559ZK,113.917229,22.516573,1250
粤B559ZK,113.91996,22.514656,1251
粤B559ZK,113.9198,22.514669,1251
粤B559ZK,113.920906,22.513937,1252
粤B559ZK,113.920906,22.513937,1252
粤B559ZK,113.920601,22.511892,1253
粤B559ZK,113.921555,22.514229,1254
粤B559ZK,113.923706,22.51569,1255
粤B559ZK,113.930008,22.513079,1255
粤B559ZK,113.924355,22.513212,1256
粤B559ZK,113.927063,22.512943,1257
粤B559ZK,113.930008,22.513079,1258
粤B559ZK,113.930008,22.513079,1258
粤B559ZK,113.930008,22.513079,1264
粤B559ZK,113.940849,22.524467,1270
粤B559ZK,113.927727,22.517372,1273
粤B559ZK,113.929543,22.519238,1274
粤B559ZK,113.930779,22.519562,1275
粤B559ZK,113.928658,22.520117,1277
粤B559ZK,113.928665,22.520103,1277
粤B559ZK,113.928352,22.522337,1278
粤B559ZK,113.930801,22.524754,1279
粤B559ZK,113.940849,22.524467,1280
粤B559ZK,113.953117,22.523417,1281
粤B559ZK,113.966042,22.522688,1282
粤B559ZK,113.953117,22.523417,1282
粤B559ZK,113.978035,22.522762,1283
粤B559ZK,113.990128,22.525043,1284
粤B559ZK,114.000847,22.529905,1285
粤B559ZK,114.011292,22.529972,1286
粤B559ZK,114.050896,22.564854,1286
粤B559ZK,114.040154,22.563404,1286
粤B559ZK,114.020645,22.531952,1287
粤B559ZK,114.025887,22.530909,1288
粤B559ZK,114.025887,22.530909,1288
粤B559ZK,114.025436,22.531857,1289
粤B559ZK,114.023537,22.539154,1290
粤B559ZK,114.021118,22.547392,1291
粤B559ZK,114.01619,22.554535,1292
粤B559ZK,114.018639,22.559935,1293
粤B559ZK,114.028831,22.561483,1294
粤B559ZK,114.028831,22.561483,1294
粤B559ZK,114.040154,22.563404,1295
粤B559ZK,114.050896,22.564854,1296
粤B559ZK,114.060036,22.567215,1297
粤B559ZK,114.06974,22.569218,1298
粤B559ZK,114.07811,22.572517,1299
粤B559ZK,114.085335,22.569113,1300
粤B559ZK,114.085335,22.569113,1300
粤B559ZK,114.091141,22.56732,1301
粤B559ZK,114.047775,22.565502,1302
粤B559ZK,114.087524,22.565397,1306
粤B559ZK,114.087524,22.565397,1306
粤B559ZK,114.084259,22.570993,1307
粤B559ZK,114.076584,22.572428,1308
粤B559ZK,114.068909,22.569326,1309
粤B559ZK,114.061256,22.568071,1310
粤B559ZK,114.055122,22.565624,1311
粤B559ZK,114.047775,22.565502,1312
粤B559ZK,114.055122,22.565624,1312
粤B559ZK,114.046227,22.565397,1313
粤B559ZK,114.040359,22.562782,1316
粤B559ZK,114.0429,22.556837,1317
粤B559ZK,113.99234,22.544451,1318
粤B559ZK,114.037056,22.55615,1318
粤B559ZK,114.0429,22.556837,1318
粤B559ZK,114.036812,22.556099,1318
粤B559ZK,113.999115,22.546795,1318
粤B559ZK,114.035202,22.555187,1319
粤B559ZK,114.031395,22.55509,1320
粤B559ZK,114.02758,22.556248,1321
粤B559ZK,114.022804,22.555622,1322
粤B559ZK,114.013855,22.555492,1323
粤B559ZK,114.013855,22.555492,1324
粤B559ZK,114.00856,22.553448,1324
粤B559ZK,114.008919,22.55323,1324
粤B559ZK,114.007866,22.551132,1325
粤B559ZK,114.005119,22.548275,1326
粤B559ZK,113.999115,22.546795,1327
粤B559ZK,113.99234,22.544451,1328
粤B559ZK,113.990234,22.541597,1329
粤B559ZK,113.98938,22.541567,1329
粤B559ZK,113.98938,22.541567,1330
粤B559ZK,113.991158,22.541691,1330
粤B559ZK,113.99221,22.539228,1331
粤B559ZK,113.992828,22.544027,1332
粤B559ZK,113.99791,22.545797,1333
粤B559ZK,114.000496,22.546337,1334
粤B559ZK,114.036446,22.560656,1334
粤B559ZK,114.007576,22.550385,1336
粤B559ZK,114.0065,22.549026,1336
粤B559ZK,114.011574,22.555325,1337
粤B559ZK,114.01516,22.555351,1338
粤B559ZK,114.019905,22.555471,1339
粤B559ZK,114.031059,22.558271,1341
粤B559ZK,114.033272,22.560551,1342
粤B559ZK,114.031059,22.558271,1342
粤B559ZK,114.035904,22.560392,1343
粤B559ZK,114.036446,22.560656,1343
粤B559ZK,114.036751,22.560738,1344
粤B559ZK,114.036484,22.5606,1345
粤B559ZK,114.037109,22.557802,1346
粤B559ZK,114.037682,22.556227,1347
粤B559ZK,114.036415,22.555916,1347
粤B559ZK,114.034081,22.554098,1348
粤B559ZK,114.036415,22.555916,1348
粤B559ZK,114.034294,22.54858,1349
粤B559ZK,113.969498,22.522936,1349
粤B559ZK,114.026787,22.545956,1350
粤B559ZK,114.022339,22.545193,1351
粤B559ZK,114.022079,22.543526,1352
粤B559ZK,114.024094,22.536226,1353
粤B559ZK,114.024094,22.536226,1354
粤B559ZK,114.023109,22.532158,1354
粤B559ZK,114.013245,22.530647,1355
粤B559ZK,114.001686,22.530249,1356
粤B559ZK,113.99025,22.525381,1357
粤B559ZK,113.98156,22.523104,1358
粤B559ZK,113.969498,22.522936,1359
粤B559ZK,113.969498,22.522936,1359
粤B559ZK,113.958481,22.523039,1360
粤B559ZK,113.949875,22.524229,1361
粤B559ZK,113.948761,22.521858,1362
粤B559ZK,113.946854,22.510569,1363
粤B559ZK,113.942657,22.508158,1364
粤B559ZK,113.937462,22.508148,1365
粤B559ZK,113.937462,22.508148,1365
粤B559ZK,113.935371,22.504698,1366
粤B559ZK,113.935265,22.498108,1367
粤B559ZK,113.932961,22.493822,1368
粤B559ZK,113.930908,22.493353,1369
粤B559ZK,113.930916,22.493359,1369
粤B559ZK,113.929169,22.497129,1370
粤B559ZK,113.929977,22.498272,1371
粤B559ZK,113.929977,22.498272,1371
粤B559ZK,113.927589,22.512571,1376
粤B559ZK,113.927658,22.517534,1377
粤B559ZK,113.927658,22.517534,1377
粤B559ZK,113.925003,22.517904,1378
粤B559ZK,113.923462,22.517843,1379
粤B559ZK,113.919937,22.536016,1381
粤B559ZK,113.918594,22.520266,1381
粤B559ZK,113.917999,22.524303,1383
粤B559ZK,113.918015,22.524305,1383
粤B559ZK,113.918571,22.52688,1384
粤B559ZK,113.918549,22.526865,1385
粤B559ZK,113.91938,22.530107,1386
粤B559ZK,113.919983,22.535028,1387
粤B559ZK,113.919937,22.536016,1388
粤B559ZK,113.919937,22.536016,1389
粤B559ZK,113.907547,22.552113,1391
粤B559ZK,113.901276,22.559732,1392
粤B559ZK,113.892563,22.567261,1393
粤B559ZK,113.885307,22.574522,1394
粤B559ZK,113.879082,22.580317,1395
粤B559ZK,113.879082,22.580317,1395
粤B559ZK,113.879173,22.582479,1396
粤B559ZK,113.838387,22.636097,1396
粤B559ZK,113.875496,22.586197,1397
粤B559ZK,113.872536,22.590235,1398
粤B559ZK,113.872543,22.5902,1398
粤B559ZK,113.870903,22.592407,1399
粤B559ZK,113.868591,22.594217,1400
粤B559ZK,113.865044,22.59869,1401
粤B559ZK,113.865044,22.59869,1401
粤B559ZK,113.860207,22.605463,1402
粤B559ZK,113.853966,22.614243,1403
粤B559ZK,113.848373,22.622477,1404
粤B559ZK,113.843864,22.629696,1405
粤B559ZK,113.838387,22.636097,1406
粤B559ZK,113.842293,22.631042,1407
粤B559ZK,113.842293,22.631042,1407
粤B559ZK,113.844765,22.626812,1408
粤B559ZK,113.845932,22.62266,1409
粤B559ZK,113.836349,22.620007,1410
粤B559ZK,113.825134,22.615019,1411
粤B559ZK,113.813477,22.623592,1412
粤B559ZK,113.816666,22.613447,1412
粤B559ZK,113.813255,22.619993,1413
粤B559ZK,113.813255,22.619993,1413
粤B559ZK,113.813278,22.620073,1416
粤B559ZK,113.812218,22.621952,1419
粤B559ZK,113.812218,22.621952,1419
粤B559ZK,113.812141,22.622396,1420
粤B559ZK,113.812378,22.622375,1421
粤B559ZK,113.813477,22.623592,1422
粤B559ZK,113.813477,22.623592,1425
粤B559ZK,113.813477,22.623592,1431
粤B559ZK,113.813477,22.623592,1437
