粤BW7D25,114.086266,22.566151,8
粤BW7D25,114.087631,22.56605,8
粤BW7D25,114.089386,22.566868,8
粤BW7D25,114.087769,22.564516,9
粤BW7D25,114.088768,22.5625,9
粤BW7D25,114.089897,22.56085,9
粤BW7D25,114.090118,22.561184,10
粤BW7D25,114.09095,22.5613,10
粤BW7D25,114.089287,22.561184,10
粤BW7D25,114.097183,22.559483,13
粤BW7D25,114.099182,22.55945,15
粤BW7D25,114.103996,22.557917,16
粤BW7D25,114.101196,22.558649,16
粤BW7D25,114.111397,22.536949,22
粤BW7D25,114.111702,22.532417,23
粤BW7D25,114.112167,22.532084,24
粤BW7D25,114.111366,22.5354,25
粤BW7D25,114.111099,22.543449,27
粤BW7D25,114.111465,22.5457,28
粤BW7D25,114.116699,22.5502,30
粤BW7D25,114.117554,22.550682,30
粤BW7D25,114.1213,22.552267,34
粤BW7D25,114.120216,22.551783,34
粤BW7D25,114.115868,22.548,38
粤BW7D25,114.115501,22.545834,38
粤BW7D25,114.115814,22.548267,38
粤BW7D25,114.116318,22.548067,38
粤BW7D25,114.116867,22.548367,39
粤BW7D25,114.117104,22.54845,39
粤BW7D25,114.116951,22.548433,39
粤BW7D25,114.1166,22.548233,39
粤BW7D25,114.117317,22.548517,40
粤BW7D25,114.117371,22.5485,40
粤BW7D25,114.117065,22.548384,40
粤BW7D25,114.11692,22.548349,40
粤BW7D25,114.11692,22.548349,41
粤BW7D25,114.116768,22.54825,41
粤BW7D25,114.11705,22.548367,41
粤BW7D25,114.116837,22.548332,41
粤BW7D25,114.116898,22.548283,42
粤BW7D25,114.117081,22.548384,42
粤BW7D25,114.117035,22.548349,42
粤BW7D25,114.116951,22.548401,42
粤BW7D25,114.11657,22.5483,43
粤BW7D25,114.116936,22.548384,43
粤BW7D25,114.116631,22.548267,43
粤BW7D25,114.116882,22.548332,43
粤BW7D25,114.116951,22.548468,44
粤BW7D25,114.116882,22.548384,44
粤BW7D25,114.116814,22.5485,44
粤BW7D25,114.116798,22.548401,44
粤BW7D25,114.116653,22.548416,45
粤BW7D25,114.116547,22.548332,45
粤BW7D25,114.116837,22.548416,45
粤BW7D25,114.116882,22.54845,45
粤BW7D25,114.11705,22.54855,46
粤BW7D25,114.11673,22.548401,46
粤BW7D25,114.117134,22.548668,47
粤BW7D25,114.1166,22.548468,47
粤BW7D25,114.116768,22.5485,47
粤BW7D25,114.116486,22.54845,48
粤BW7D25,114.116814,22.5485,48
粤BW7D25,114.11747,22.548616,48
粤BW7D25,114.116219,22.548233,48
粤BW7D25,114.116165,22.548117,50
粤BW7D25,114.116219,22.548267,50
粤BW7D25,114.116432,22.548233,51
粤BW7D25,114.116501,22.54845,56
粤BW7D25,114.116249,22.548201,58
粤BW7D25,114.116081,22.548283,58
粤BW7D25,114.11615,22.54825,59
粤BW7D25,114.11615,22.548433,60
粤BW7D25,114.116035,22.548367,60
粤BW7D25,114.116135,22.5483,61
粤BW7D25,114.116165,22.5483,61
粤BW7D25,114.116066,22.548468,63
粤BW7D25,114.116768,22.550234,68
粤BW7D25,114.116768,22.549816,69
粤BW7D25,114.11718,22.54715,70
粤BW7D25,114.117332,22.544083,71
粤BW7D25,114.116837,22.541166,74
粤BW7D25,114.113564,22.537483,75
粤BW7D25,114.114014,22.538151,75
粤BW7D25,114.113617,22.537733,76
粤BW7D25,114.113884,22.537634,76
粤BW7D25,114.11377,22.537683,76
粤BW7D25,114.113953,22.537783,76
粤BW7D25,114.113617,22.537867,77
粤BW7D25,114.11438,22.537849,77
粤BW7D25,114.114182,22.537683,80
粤BW7D25,114.113182,22.537832,81
粤BW7D25,114.113617,22.537884,81
粤BW7D25,114.114037,22.537817,82
粤BW7D25,114.114098,22.537832,82
粤BW7D25,114.113899,22.537701,82
粤BW7D25,114.113701,22.5378,83
粤BW7D25,114.113731,22.537767,83
粤BW7D25,114.113831,22.5378,83
粤BW7D25,114.113914,22.537783,83
粤BW7D25,114.113831,22.537817,84
粤BW7D25,114.113869,22.537767,84
粤BW7D25,114.11377,22.5378,84
粤BW7D25,114.113899,22.5378,85
粤BW7D25,114.113647,22.537849,85
粤BW7D25,114.113953,22.537817,85
粤BW7D25,114.113701,22.5378,86
粤BW7D25,114.113998,22.537916,86
粤BW7D25,114.113815,22.538067,87
粤BW7D25,114.113632,22.538218,87
粤BW7D25,114.114182,22.538116,87
粤BW7D25,114.114067,22.538183,88
粤BW7D25,114.11393,22.538,88
粤BW7D25,114.113533,22.538116,88
粤BW7D25,114.11412,22.537951,88
粤BW7D25,114.114014,22.538151,89
粤BW7D25,114.11348,22.537884,91
粤BW7D25,114.113586,22.538099,93
粤BW7D25,114.113564,22.537983,93
粤BW7D25,114.113518,22.537951,94
粤BW7D25,114.114151,22.538017,94
粤BW7D25,114.114098,22.537951,95
粤BW7D25,114.113617,22.538467,97
粤BW7D25,114.114403,22.538099,97
粤BW7D25,114.114197,22.538082,97
粤BW7D25,114.11393,22.538134,97
粤BW7D25,114.113914,22.538082,98
粤BW7D25,114.114166,22.538,98
粤BW7D25,114.11412,22.538099,98
粤BW7D25,114.11393,22.538082,98
粤BW7D25,114.11412,22.538082,99
粤BW7D25,114.114136,22.53805,99
粤BW7D25,114.113998,22.538099,99
粤BW7D25,114.114136,22.538067,99
粤BW7D25,114.11412,22.5382,100
粤BW7D25,114.11412,22.538168,100
粤BW7D25,114.10833,22.537483,102
粤BW7D25,114.103134,22.53825,103
粤BW7D25,114.07943,22.535633,105
粤BW7D25,114.075966,22.531933,105
粤BW7D25,114.082169,22.537033,105
粤BW7D25,114.072464,22.531982,106
粤BW7D25,114.0709,22.531717,106
粤BW7D25,114.058899,22.531418,107
粤BW7D25,114.052681,22.531549,107
粤BW7D25,114.055099,22.531549,107
粤BW7D25,114.045753,22.53145,108
粤BW7D25,114.04892,22.53145,108
粤BW7D25,114.042152,22.531082,108
粤BW7D25,114.025215,22.531366,109
粤BW7D25,114.032318,22.530117,109
粤BW7D25,114.019051,22.531799,110
粤BW7D25,114.02195,22.532,110
粤BW7D25,114.012779,22.530399,110
粤BW7D25,114.015671,22.531099,110
粤BW7D25,114.00032,22.529966,111
粤BW7D25,114.006821,22.529682,111
粤BW7D25,114.009453,22.529766,111
粤BW7D25,113.991402,22.525967,112
粤BW7D25,113.996902,22.529083,112
粤BW7D25,113.994247,22.527666,112
粤BW7D25,113.988564,22.524633,112
粤BW7D25,113.985382,22.52355,113
粤BW7D25,113.979485,22.5229,113
粤BW7D25,113.97657,22.522966,113
粤BW7D25,113.969147,22.522966,114
粤BW7D25,113.96257,22.522751,114
粤BW7D25,113.959351,22.522783,115
粤BW7D25,113.942085,22.524418,116
粤BW7D25,113.939964,22.524549,116
粤BW7D25,113.941666,22.524366,116
粤BW7D25,113.937416,22.524883,116
粤BW7D25,113.927299,22.525433,117
粤BW7D25,113.935081,22.52495,117
粤BW7D25,113.924934,22.531532,118
粤BW7D25,113.926987,22.535833,119
粤BW7D25,113.911232,22.544634,122
粤BW7D25,113.899483,22.549168,123
粤BW7D25,113.904251,22.544767,123
粤BW7D25,113.894135,22.554317,124
粤BW7D25,113.892769,22.555983,124
粤BW7D25,113.870979,22.574932,127
粤BW7D25,113.869186,22.576233,127
粤BW7D25,113.863152,22.580784,129
粤BW7D25,113.861969,22.579599,129
粤BW7D25,113.859283,22.57715,130
粤BW7D25,113.859764,22.577217,130
粤BW7D25,113.854736,22.5812,131
粤BW7D25,113.85498,22.581232,132
粤BW7D25,113.85498,22.581051,132
粤BW7D25,113.85482,22.581182,132
粤BW7D25,113.853683,22.582033,132
粤BW7D25,113.852432,22.582951,133
粤BW7D25,113.852333,22.584633,133
粤BW7D25,113.851753,22.584467,133
粤BW7D25,113.876198,22.578518,164
粤BW7D25,113.876152,22.578617,165
粤BW7D25,113.876137,22.578583,165
粤BW7D25,113.876183,22.5786,165
粤BW7D25,113.876152,22.5786,165
粤BW7D25,113.876167,22.578533,166
粤BW7D25,113.876198,22.578518,166
粤BW7D25,113.876251,22.578518,166
粤BW7D25,113.876221,22.578533,166
粤BW7D25,113.876152,22.578518,167
粤BW7D25,113.876167,22.578518,167
粤BW7D25,113.876167,22.57855,167
粤BW7D25,113.876114,22.57855,167
粤BW7D25,113.876198,22.57855,168
粤BW7D25,113.876198,22.578568,168
粤BW7D25,113.876167,22.578568,168
粤BW7D25,113.876167,22.578568,168
粤BW7D25,113.876183,22.578518,169
粤BW7D25,113.876083,22.5786,169
粤BW7D25,113.876152,22.578568,169
粤BW7D25,113.876732,22.578167,169
粤BW7D25,113.87558,22.578867,170
粤BW7D25,113.876419,22.578382,170
粤BW7D25,113.876617,22.578234,170
粤BW7D25,113.876633,22.578182,170
粤BW7D25,113.876167,22.578432,171
粤BW7D25,113.875465,22.578882,171
粤BW7D25,113.875969,22.578617,171
粤BW7D25,113.876053,22.578568,171
粤BW7D25,113.876282,22.578501,172
粤BW7D25,113.876015,22.57865,172
粤BW7D25,113.875999,22.57855,172
粤BW7D25,113.876198,22.578501,173
粤BW7D25,113.876282,22.578501,173
粤BW7D25,113.876282,22.578501,173
粤BW7D25,113.876198,22.578501,173
粤BW7D25,113.876198,22.578501,174
粤BW7D25,113.876198,22.578501,174
粤BW7D25,113.876198,22.578501,174
粤BW7D25,113.876198,22.578501,174
粤BW7D25,113.87603,22.57855,175
粤BW7D25,113.876114,22.578501,175
粤BW7D25,113.876198,22.578501,175
粤BW7D25,113.876335,22.578684,175
粤BW7D25,113.879097,22.579849,176
粤BW7D25,113.877266,22.5791,176
粤BW7D25,113.878601,22.579567,176
粤BW7D25,113.87928,22.579817,176
粤BW7D25,113.87928,22.579817,177
粤BW7D25,113.87928,22.579817,177
粤BW7D25,113.87928,22.579817,177
粤BW7D25,113.87928,22.579817,177
粤BW7D25,113.878937,22.5798,178
粤BW7D25,113.87928,22.579817,178
粤BW7D25,113.87928,22.579817,178
粤BW7D25,113.87928,22.579817,178
粤BW7D25,113.878799,22.57975,179
粤BW7D25,113.879021,22.579817,179
粤BW7D25,113.878937,22.5798,179
粤BW7D25,113.879051,22.579901,180
粤BW7D25,113.879036,22.579901,180
粤BW7D25,113.879066,22.57975,180
粤BW7D25,113.87915,22.579884,181
粤BW7D25,113.878998,22.579849,181
粤BW7D25,113.879097,22.579884,181
粤BW7D25,113.878952,22.579849,182
粤BW7D25,113.878868,22.579817,182
粤BW7D25,113.895531,22.575216,192
粤BW7D25,113.894516,22.574083,192
粤BW7D25,113.896881,22.574551,192
粤BW7D25,113.894783,22.574383,192
粤BW7D25,113.899513,22.571983,193
粤BW7D25,113.899231,22.572067,193
粤BW7D25,113.898331,22.572968,193
粤BW7D25,113.8992,22.572149,193
粤BW7D25,113.902817,22.574867,194
粤BW7D25,113.90078,22.573151,194
粤BW7D25,113.90567,22.577583,194
粤BW7D25,113.904381,22.576349,194
粤BW7D25,113.910866,22.581734,195
粤BW7D25,113.909302,22.580467,195
粤BW7D25,113.90593,22.577917,195
粤BW7D25,113.907684,22.579184,195
粤BW7D25,113.910767,22.581717,196
粤BW7D25,113.910515,22.581783,196
粤BW7D25,113.912003,22.583134,196
粤BW7D25,113.910797,22.5819,196
粤BW7D25,113.91568,22.585966,197
粤BW7D25,113.918221,22.588266,197
粤BW7D25,113.91713,22.587334,197
粤BW7D25,113.913666,22.584499,197
粤BW7D25,113.921265,22.58535,198
粤BW7D25,113.919334,22.587032,198
粤BW7D25,113.920715,22.585466,198
粤BW7D25,113.921249,22.585251,198
粤BW7D25,113.922318,22.584766,199
粤BW7D25,113.9245,22.584299,199
粤BW7D25,113.92498,22.584368,199
粤BW7D25,113.932419,22.583332,200
粤BW7D25,113.926834,22.584433,200
粤BW7D25,113.931984,22.583467,200
粤BW7D25,113.932335,22.583483,201
粤BW7D25,113.932419,22.583332,201
粤BW7D25,113.93367,22.583366,201
粤BW7D25,113.936501,22.583282,201
粤BW7D25,113.942047,22.583418,202
粤BW7D25,113.939697,22.583349,202
粤BW7D25,113.943367,22.583467,202
粤BW7D25,113.943985,22.583532,202
粤BW7D25,113.946617,22.583433,203
粤BW7D25,113.94648,22.58345,203
粤BW7D25,113.943436,22.58345,203
粤BW7D25,113.944466,22.583633,203
粤BW7D25,113.948647,22.583483,204
粤BW7D25,113.946953,22.583549,204
粤BW7D25,113.949318,22.580532,204
粤BW7D25,113.949402,22.582617,204
粤BW7D25,113.949387,22.576633,205
粤BW7D25,113.949501,22.57555,205
粤BW7D25,113.949615,22.574484,205
粤BW7D25,113.949234,22.57885,205
粤BW7D25,113.949867,22.571583,206
粤BW7D25,113.949997,22.57155,206
粤BW7D25,113.949951,22.57155,206
粤BW7D25,113.949753,22.571768,206
粤BW7D25,113.952164,22.571266,207
粤BW7D25,113.950569,22.571234,207
粤BW7D25,113.952164,22.571266,207
粤BW7D25,113.951935,22.571266,207
粤BW7D25,113.959251,22.570667,208
粤BW7D25,113.952682,22.571199,208
粤BW7D25,113.954315,22.571167,208
粤BW7D25,113.956764,22.5711,208
粤BW7D25,113.961586,22.56995,209
粤BW7D25,113.962303,22.569782,209
粤BW7D25,113.960464,22.57025,209
粤BW7D25,113.963768,22.569633,210
粤BW7D25,113.96553,22.569151,210
粤BW7D25,113.969582,22.566982,210
粤BW7D25,113.967682,22.568184,210
粤BW7D25,113.970085,22.566717,211
粤BW7D25,113.969536,22.567066,211
粤BW7D25,113.969704,22.56675,211
粤BW7D25,113.97155,22.566017,212
粤BW7D25,113.972504,22.565399,212
粤BW7D25,113.97403,22.564333,212
粤BW7D25,113.971786,22.565701,212
粤BW7D25,113.974983,22.562584,213
粤BW7D25,113.97522,22.562616,213
粤BW7D25,113.975571,22.563267,213
粤BW7D25,113.974701,22.561333,214
粤BW7D25,113.976334,22.560232,215
粤BW7D25,113.976913,22.559784,215
粤BW7D25,113.976997,22.559566,215
粤BW7D25,113.976814,22.5597,216
粤BW7D25,113.977051,22.559532,216
粤BW7D25,113.976814,22.559799,216
粤BW7D25,113.978119,22.559784,217
粤BW7D25,113.977531,22.557484,218
粤BW7D25,113.973969,22.556618,219
粤BW7D25,113.975754,22.556984,219
粤BW7D25,113.97245,22.5564,219
粤BW7D25,113.964867,22.559549,220
粤BW7D25,113.96637,22.559401,220
粤BW7D25,113.96183,22.55825,221
粤BW7D25,113.962601,22.559933,221
粤BW7D25,113.961586,22.556334,221
粤BW7D25,113.962036,22.560066,221
粤BW7D25,113.960548,22.556049,222
粤BW7D25,113.973236,22.55625,223
粤BW7D25,113.97448,22.556017,224
粤BW7D25,113.974266,22.556284,224
粤BW7D25,113.97435,22.55615,225
粤BW7D25,113.974281,22.5562,225
粤BW7D25,113.974632,22.556017,225
粤BW7D25,113.974564,22.555782,228
粤BW7D25,113.974785,22.556084,229
粤BW7D25,113.974731,22.556232,229
粤BW7D25,113.974617,22.556084,231
粤BW7D25,113.974915,22.555634,231
粤BW7D25,113.974815,22.555651,231
粤BW7D25,113.974686,22.556084,232
粤BW7D25,113.974785,22.556049,232
粤BW7D25,113.974815,22.556049,232
粤BW7D25,113.974899,22.555901,232
粤BW7D25,113.97467,22.556133,233
粤BW7D25,113.974785,22.556032,233
粤BW7D25,113.974731,22.556032,233
粤BW7D25,113.974701,22.556084,233
粤BW7D25,113.974731,22.555967,234
粤BW7D25,113.974686,22.556067,234
粤BW7D25,113.974785,22.555918,234
粤BW7D25,113.9748,22.555918,234
粤BW7D25,113.97467,22.556067,235
粤BW7D25,113.974632,22.556116,235
粤BW7D25,113.974686,22.556017,235
粤BW7D25,113.974899,22.555634,236
粤BW7D25,113.975067,22.555767,236
粤BW7D25,113.975235,22.5555,236
粤BW7D25,113.974831,22.555683,236
粤BW7D25,113.974884,22.555668,237
粤BW7D25,113.974716,22.555918,237
粤BW7D25,113.97467,22.556084,237
粤BW7D25,113.974701,22.556017,237
粤BW7D25,113.97467,22.556017,238
粤BW7D25,113.974701,22.555983,238
粤BW7D25,113.974731,22.55595,238
粤BW7D25,113.974648,22.556049,238
粤BW7D25,113.974731,22.556116,239
粤BW7D25,113.974701,22.556017,239
粤BW7D25,113.974747,22.556067,239
粤BW7D25,113.974701,22.556101,239
粤BW7D25,113.975037,22.555866,240
粤BW7D25,113.97477,22.556017,240
粤BW7D25,113.974884,22.556049,240
粤BW7D25,113.974686,22.556084,240
粤BW7D25,113.974632,22.556067,241
粤BW7D25,113.974785,22.555933,241
粤BW7D25,113.974701,22.555967,241
粤BW7D25,113.974548,22.5562,241
粤BW7D25,113.976402,22.556784,242
粤BW7D25,113.974953,22.556417,242
粤BW7D25,113.974617,22.556183,242
粤BW7D25,113.977936,22.556967,242
粤BW7D25,113.98243,22.557966,243
粤BW7D25,113.987114,22.558683,243
粤BW7D25,113.984596,22.558132,243
粤BW7D25,113.989685,22.556133,245
粤BW7D25,113.986702,22.556717,245
粤BW7D25,114.026268,22.560617,250
粤BW7D25,114.026764,22.560766,250
粤BW7D25,114.033234,22.5627,251
粤BW7D25,114.031937,22.561617,251
粤BW7D25,114.035515,22.560368,252
粤BW7D25,114.034081,22.560249,252
粤BW7D25,114.037865,22.560917,253
粤BW7D25,114.040184,22.556482,255
粤BW7D25,114.03878,22.556351,256
粤BW7D25,114.040466,22.55645,257
粤BW7D25,114.043602,22.55695,257
粤BW7D25,114.042084,22.556732,257
粤BW7D25,114.043953,22.55105,258
粤BW7D25,114.044266,22.549517,259
粤BW7D25,114.044136,22.547667,259
粤BW7D25,114.04425,22.550833,259
粤BW7D25,114.044136,22.5432,260
粤BW7D25,114.044235,22.545282,260
粤BW7D25,114.062347,22.542101,263
粤BW7D25,114.066414,22.533751,265
粤BW7D25,114.061966,22.530701,265
粤BW7D25,114.061348,22.531883,266
粤BW7D25,114.061546,22.531834,269
粤BW7D25,114.043617,22.556499,274
粤BW7D25,114.038818,22.555733,278
粤BW7D25,114.036964,22.557083,280
粤BW7D25,114.03875,22.556032,280
粤BW7D25,114.044182,22.550817,282
粤BW7D25,114.044319,22.54405,283
粤BW7D25,114.044067,22.55055,283
粤BW7D25,114.044319,22.549,283
粤BW7D25,114.044319,22.535351,284
粤BW7D25,114.044548,22.54125,284
粤BW7D25,114.044418,22.539267,284
粤BW7D25,114.044502,22.536682,284
粤BW7D25,114.058479,22.533617,288
粤BW7D25,114.058052,22.535534,288
粤BW7D25,114.059418,22.529383,310
粤BW7D25,114.059547,22.529234,310
粤BW7D25,114.059402,22.529217,310
粤BW7D25,114.059464,22.529234,310
粤BW7D25,114.059532,22.529234,311
粤BW7D25,114.05938,22.52935,311
粤BW7D25,114.059502,22.529234,311
粤BW7D25,114.059303,22.529083,311
粤BW7D25,114.059669,22.529066,312
粤BW7D25,114.059464,22.529333,312
粤BW7D25,114.059349,22.529417,312
粤BW7D25,114.059433,22.529284,312
粤BW7D25,114.059486,22.529833,313
粤BW7D25,114.059631,22.529301,313
粤BW7D25,114.059303,22.529118,313
粤BW7D25,114.059265,22.529284,313
粤BW7D25,114.059532,22.529568,314
粤BW7D25,114.059402,22.5296,314
粤BW7D25,114.059418,22.529167,314
粤BW7D25,114.059418,22.529217,315
粤BW7D25,114.059181,22.529333,315
粤BW7D25,114.059532,22.529499,315
粤BW7D25,114.059418,22.529467,316
粤BW7D25,114.059601,22.529699,316
粤BW7D25,114.059502,22.529484,316
粤BW7D25,114.059486,22.529484,316
粤BW7D25,114.059799,22.529417,317
粤BW7D25,114.059715,22.529484,317
粤BW7D25,114.059669,22.5296,317
粤BW7D25,114.059334,22.529432,318
粤BW7D25,114.059731,22.529682,318
粤BW7D25,114.059448,22.529449,318
粤BW7D25,114.059433,22.529551,319
粤BW7D25,114.059486,22.529333,319
粤BW7D25,114.059715,22.529583,319
粤BW7D25,114.059799,22.529467,319
粤BW7D25,114.059586,22.529484,320
粤BW7D25,114.059486,22.529667,320
粤BW7D25,114.059631,22.52935,321
粤BW7D25,114.059616,22.529583,321
粤BW7D25,114.059937,22.529499,321
粤BW7D25,114.059715,22.5296,322
粤BW7D25,114.059464,22.5294,322
粤BW7D25,114.059669,22.529333,322
粤BW7D25,114.059547,22.529417,322
粤BW7D25,114.059532,22.529699,323
粤BW7D25,114.059868,22.529617,323
粤BW7D25,114.059601,22.529417,323
粤BW7D25,114.059601,22.529318,323
粤BW7D25,114.059601,22.529383,324
粤BW7D25,114.059532,22.529249,324
粤BW7D25,114.059486,22.529617,324
粤BW7D25,114.059547,22.52935,324
粤BW7D25,114.05938,22.529333,325
粤BW7D25,114.05957,22.529432,325
粤BW7D25,114.059586,22.529699,325
粤BW7D25,114.059647,22.529383,325
粤BW7D25,114.059669,22.529551,326
粤BW7D25,114.059433,22.529301,326
粤BW7D25,114.059532,22.529333,326
粤BW7D25,114.059631,22.529284,326
粤BW7D25,114.059502,22.529318,327
粤BW7D25,114.059647,22.529432,327
粤BW7D25,114.059433,22.529417,327
粤BW7D25,114.059601,22.529234,327
粤BW7D25,114.059532,22.529417,328
粤BW7D25,114.059731,22.5294,328
粤BW7D25,114.059502,22.529217,329
粤BW7D25,114.059753,22.529333,329
粤BW7D25,114.059517,22.529217,329
粤BW7D25,114.05957,22.529266,329
粤BW7D25,114.059647,22.529301,330
粤BW7D25,114.059883,22.529266,330
粤BW7D25,114.059448,22.529318,330
粤BW7D25,114.059647,22.5294,330
粤BW7D25,114.059532,22.529383,331
粤BW7D25,114.059799,22.529284,331
粤BW7D25,114.059616,22.529417,331
粤BW7D25,114.059769,22.529432,332
粤BW7D25,114.0597,22.529417,332
粤BW7D25,114.05957,22.52915,332
粤BW7D25,114.059547,22.52935,332
粤BW7D25,114.059669,22.529484,333
粤BW7D25,114.059685,22.52935,333
粤BW7D25,114.059769,22.529301,333
粤BW7D25,114.059433,22.529383,334
粤BW7D25,114.059883,22.529284,334
粤BW7D25,114.059669,22.529383,334
粤BW7D25,114.059517,22.529167,335
粤BW7D25,114.059601,22.529333,335
粤BW7D25,114.059631,22.529266,335
粤BW7D25,114.059814,22.5294,335
粤BW7D25,114.059799,22.529249,336
粤BW7D25,114.059731,22.529449,336
粤BW7D25,114.05983,22.5296,336
粤BW7D25,114.059532,22.528799,337
粤BW7D25,114.059547,22.529432,337
粤BW7D25,114.059532,22.529734,337
粤BW7D25,114.059547,22.5291,337
粤BW7D25,114.059517,22.529551,338
粤BW7D25,114.059448,22.529066,338
粤BW7D25,114.059769,22.52935,339
粤BW7D25,114.059265,22.52935,339
粤BW7D25,114.059464,22.529484,339
粤BW7D25,114.059166,22.529249,340
粤BW7D25,114.059418,22.529301,340
粤BW7D25,114.059265,22.529167,340
粤BW7D25,114.058884,22.529449,341
粤BW7D25,114.091835,22.538218,344
粤BW7D25,114.092247,22.5383,344
粤BW7D25,114.096535,22.538116,345
粤BW7D25,114.09877,22.538151,345
粤BW7D25,114.101616,22.538099,345
粤BW7D25,114.112236,22.531616,347
粤BW7D25,114.111984,22.5315,347
粤BW7D25,114.11248,22.531532,347
粤BW7D25,114.113686,22.532232,348
粤BW7D25,114.113419,22.532499,348
粤BW7D25,114.114304,22.531918,348
粤BW7D25,114.113518,22.5317,348
粤BW7D25,114.114182,22.536118,349
粤BW7D25,114.114983,22.533234,349
粤BW7D25,114.113586,22.53755,349
粤BW7D25,114.114449,22.534983,349
粤BW7D25,114.114197,22.538317,353
粤BW7D25,114.119598,22.54055,354
粤BW7D25,114.120064,22.541582,354
粤BW7D25,114.120201,22.5415,354
粤BW7D25,114.119949,22.5415,354
粤BW7D25,114.120132,22.541517,355
粤BW7D25,114.119881,22.541883,355
粤BW7D25,114.119835,22.545668,358
粤BW7D25,114.107666,22.537184,383
粤BW7D25,114.11113,22.537901,383
粤BW7D25,114.105652,22.537434,384
粤BW7D25,114.084633,22.537683,385
粤BW7D25,114.078415,22.534218,386
粤BW7D25,114.07737,22.532284,386
粤BW7D25,114.066383,22.5256,389
粤BW7D25,114.064796,22.52285,389
粤BW7D25,114.067451,22.527582,389
粤BW7D25,114.068115,22.521282,390
粤BW7D25,114.068153,22.5219,392
粤BW7D25,114.066437,22.522583,392
粤BW7D25,114.068283,22.524616,393
粤BW7D25,114.068047,22.523617,393
粤BW7D25,114.066933,22.524183,393
粤BW7D25,114.068214,22.530268,394
粤BW7D25,114.068169,22.533367,394
粤BW7D25,114.066986,22.525633,394
粤BW7D25,114.067413,22.527617,394
粤BW7D25,114.068886,22.53405,395
粤BW7D25,114.068619,22.5345,395
粤BW7D25,114.068932,22.534067,395
粤BW7D25,114.068932,22.534117,396
粤BW7D25,114.068932,22.534134,396
粤BW7D25,114.068932,22.534067,396
粤BW7D25,114.068718,22.534117,396
粤BW7D25,114.068932,22.534082,397
粤BW7D25,114.06897,22.53405,397
粤BW7D25,114.068916,22.5341,397
粤BW7D25,114.068932,22.534067,397
粤BW7D25,114.069054,22.534117,398
粤BW7D25,114.068947,22.534067,398
粤BW7D25,114.069069,22.534134,398
粤BW7D25,114.068932,22.5341,398
粤BW7D25,114.068901,22.534033,399
粤BW7D25,114.069069,22.534166,399
粤BW7D25,114.068985,22.53405,399
粤BW7D25,114.068932,22.534,399
粤BW7D25,114.068817,22.533951,400
粤BW7D25,114.06868,22.534683,401
粤BW7D25,114.068764,22.534517,401
粤BW7D25,114.06842,22.535267,401
粤BW7D25,114.069,22.534149,401
粤BW7D25,114.068031,22.534517,402
粤BW7D25,114.067566,22.533216,403
粤BW7D25,114.067398,22.53315,403
粤BW7D25,114.067818,22.533117,403
粤BW7D25,114.0681,22.533216,403
粤BW7D25,114.067131,22.533133,404
粤BW7D25,114.067047,22.533083,404
粤BW7D25,114.06752,22.53315,404
粤BW7D25,114.067352,22.533182,404
粤BW7D25,114.067299,22.533117,405
粤BW7D25,114.067535,22.533068,405
粤BW7D25,114.067596,22.533033,405
粤BW7D25,114.066963,22.532967,406
粤BW7D25,114.066582,22.532717,407
粤BW7D25,114.055115,22.530817,408
粤BW7D25,114.053749,22.531668,409
粤BW7D25,114.05703,22.531366,411
粤BW7D25,114.05703,22.531366,411
粤BW7D25,114.059135,22.528366,430
粤BW7D25,114.059036,22.529284,430
粤BW7D25,114.059196,22.528467,430
粤BW7D25,114.058517,22.530184,430
粤BW7D25,114.063499,22.526518,433
粤BW7D25,114.063049,22.527033,433
粤BW7D25,114.063316,22.526667,433
粤BW7D25,114.063499,22.526484,433
粤BW7D25,114.063164,22.526367,434
粤BW7D25,114.063034,22.526501,434
粤BW7D25,114.063347,22.529118,434
粤BW7D25,114.06308,22.530434,435
粤BW7D25,114.06353,22.532316,435
粤BW7D25,114.063484,22.534349,435
粤BW7D25,114.070236,22.54735,442
粤BW7D25,114.069199,22.547617,442
粤BW7D25,114.071335,22.547216,443
粤BW7D25,114.042252,22.597,453
粤BW7D25,114.04258,22.596933,453
粤BW7D25,114.040947,22.597082,454
粤BW7D25,114.03788,22.597933,454
粤BW7D25,114.033363,22.612717,459
粤BW7D25,114.035164,22.610832,459
粤BW7D25,114.034683,22.61105,459
粤BW7D25,114.031914,22.614218,460
粤BW7D25,114.032318,22.614517,460
粤BW7D25,114.009048,22.626949,481
粤BW7D25,114.008049,22.626551,481
粤BW7D25,114.007401,22.627768,481
粤BW7D25,114.009651,22.627451,481
粤BW7D25,114.009552,22.627399,481
粤BW7D25,114.002335,22.634382,482
粤BW7D25,114.005318,22.630417,482
粤BW7D25,114.006371,22.629032,482
粤BW7D25,114.000435,22.636633,483
粤BW7D25,113.975586,22.678749,488
粤BW7D25,113.974434,22.679916,488
粤BW7D25,113.973198,22.680983,488
粤BW7D25,113.968536,22.687767,489
粤BW7D25,113.971451,22.683018,489
粤BW7D25,113.968536,22.687767,489
粤BW7D25,113.970001,22.68545,489
粤BW7D25,113.968536,22.687767,489
粤BW7D25,113.968536,22.687767,489
粤BW7D25,113.965553,22.688999,490
粤BW7D25,113.965515,22.689484,490
粤BW7D25,113.965553,22.688999,490
粤BW7D25,113.967468,22.691383,490
粤BW7D25,113.967735,22.691299,490
粤BW7D25,113.967735,22.691299,490
粤BW7D25,113.96595,22.690533,490
粤BW7D25,113.965515,22.689484,490
粤BW7D25,113.965553,22.688999,490
粤BW7D25,113.96595,22.690533,490
粤BW7D25,113.967735,22.691299,490
粤BW7D25,113.965553,22.688999,490
粤BW7D25,113.965515,22.689484,490
粤BW7D25,113.96595,22.690533,490
粤BW7D25,113.967468,22.691383,490
粤BW7D25,113.96595,22.690533,490
粤BW7D25,113.967468,22.691383,490
粤BW7D25,113.967735,22.691299,490
粤BW7D25,113.965515,22.689484,490
粤BW7D25,113.967468,22.691383,490
粤BW7D25,113.965584,22.688732,491
粤BW7D25,113.965584,22.688732,491
粤BW7D25,113.965698,22.688417,491
粤BW7D25,113.965584,22.688732,491
粤BW7D25,113.965668,22.688551,491
粤BW7D25,113.965698,22.688417,491
粤BW7D25,113.965584,22.688732,491
粤BW7D25,113.965584,22.688732,491
粤BW7D25,113.965668,22.688551,491
粤BW7D25,113.965698,22.688417,491
粤BW7D25,113.965584,22.688732,491
粤BW7D25,113.965584,22.688732,491
粤BW7D25,113.965668,22.688551,491
粤BW7D25,113.965584,22.688732,491
粤BW7D25,113.965698,22.688417,491
粤BW7D25,113.965668,22.688551,491
粤BW7D25,113.965935,22.686951,492
粤BW7D25,113.96463,22.685717,492
粤BW7D25,113.965614,22.688284,492
粤BW7D25,113.96463,22.685717,492
粤BW7D25,113.965935,22.686951,492
粤BW7D25,113.965614,22.688284,492
粤BW7D25,113.96463,22.685717,492
粤BW7D25,113.965935,22.686951,492
粤BW7D25,113.965614,22.688284,492
粤BW7D25,113.96463,22.685717,492
粤BW7D25,113.965614,22.688284,492
粤BW7D25,113.965935,22.686951,492
粤BW7D25,113.960648,22.6847,493
粤BW7D25,113.962585,22.685217,493
粤BW7D25,113.960648,22.6847,493
粤BW7D25,113.962585,22.685217,493
粤BW7D25,113.960648,22.6847,493
粤BW7D25,113.962585,22.685217,493
粤BW7D25,113.960648,22.6847,493
粤BW7D25,113.962585,22.685217,493
粤BW7D25,113.941879,22.67445,495
粤BW7D25,113.945618,22.6775,495
粤BW7D25,113.937469,22.671984,495
粤BW7D25,113.945335,22.67725,495
粤BW7D25,113.945335,22.67725,495
粤BW7D25,113.941879,22.67445,495
粤BW7D25,113.945618,22.6775,495
粤BW7D25,113.945618,22.6775,495
粤BW7D25,113.937469,22.671984,495
粤BW7D25,113.940514,22.6735,495
粤BW7D25,113.941879,22.67445,495
粤BW7D25,113.941879,22.67445,495
粤BW7D25,113.945618,22.6775,495
粤BW7D25,113.945335,22.67725,495
粤BW7D25,113.937469,22.671984,495
粤BW7D25,113.940514,22.6735,495
粤BW7D25,113.937469,22.671984,495
粤BW7D25,113.940514,22.6735,495
粤BW7D25,113.940514,22.6735,495
粤BW7D25,113.945335,22.67725,495
粤BW7D25,113.927536,22.665768,496
粤BW7D25,113.93235,22.669666,496
粤BW7D25,113.927536,22.665768,496
粤BW7D25,113.930054,22.668083,496
粤BW7D25,113.935036,22.671017,496
粤BW7D25,113.927536,22.665768,496
粤BW7D25,113.930054,22.668083,496
粤BW7D25,113.93235,22.669666,496
粤BW7D25,113.935036,22.671017,496
粤BW7D25,113.927536,22.665768,496
粤BW7D25,113.930054,22.668083,496
粤BW7D25,113.93235,22.669666,496
粤BW7D25,113.935036,22.671017,496
粤BW7D25,113.930054,22.668083,496
粤BW7D25,113.93235,22.669666,496
粤BW7D25,113.935036,22.671017,496
粤BW7D25,113.91597,22.658934,497
粤BW7D25,113.925247,22.663218,497
粤BW7D25,113.922333,22.660933,497
粤BW7D25,113.925247,22.663218,497
粤BW7D25,113.925247,22.663218,497
粤BW7D25,113.91597,22.658934,497
粤BW7D25,113.91597,22.658934,497
粤BW7D25,113.925247,22.663218,497
粤BW7D25,113.919464,22.659567,497
粤BW7D25,113.922333,22.660933,497
粤BW7D25,113.919464,22.659567,497
粤BW7D25,113.922333,22.660933,497
粤BW7D25,113.91597,22.658934,497
粤BW7D25,113.919464,22.659567,497
粤BW7D25,113.919464,22.659567,497
粤BW7D25,113.922333,22.660933,497
粤BW7D25,113.905563,22.6591,498
粤BW7D25,113.912804,22.658934,498
粤BW7D25,113.908936,22.659,498
粤BW7D25,113.912804,22.658934,498
粤BW7D25,113.912804,22.658934,498
粤BW7D25,113.905563,22.6591,498
粤BW7D25,113.908936,22.659,498
粤BW7D25,113.905563,22.6591,498
粤BW7D25,113.912804,22.658934,498
粤BW7D25,113.908936,22.659,498
粤BW7D25,113.905563,22.6591,498
粤BW7D25,113.908936,22.659,498
粤BW7D25,113.874763,22.656683,500
粤BW7D25,113.874763,22.656683,500
粤BW7D25,113.861618,22.645901,501
粤BW7D25,113.859932,22.638767,502
粤BW7D25,113.859268,22.636766,502
粤BW7D25,113.861282,22.644699,502
粤BW7D25,113.860649,22.64185,502
粤BW7D25,113.858498,22.636417,503
粤BW7D25,113.858086,22.636368,503
粤BW7D25,113.853386,22.629,504
粤BW7D25,113.857635,22.634382,504
粤BW7D25,113.851151,22.62965,504
粤BW7D25,113.850235,22.624849,505
粤BW7D25,113.849831,22.626932,505
粤BW7D25,113.849434,22.628616,505
粤BW7D25,113.823433,22.614233,507
粤BW7D25,113.828682,22.616667,507
粤BW7D25,113.828346,22.616501,507
粤BW7D25,113.815765,22.614799,508
粤BW7D25,113.821281,22.613268,508
粤BW7D25,113.8172,22.612534,508
粤BW7D25,113.819084,22.612167,508
粤BW7D25,113.813248,22.6194,509
粤BW7D25,113.814568,22.617018,509
粤BW7D25,113.811836,22.623716,509
粤BW7D25,113.812065,22.621584,509
粤BW7D25,113.811234,22.628082,510
粤BW7D25,113.81282,22.625816,510
粤BW7D25,113.808701,22.627132,510
粤BW7D25,113.809799,22.627716,510
粤BW7D25,113.807465,22.626717,511
粤BW7D25,113.808182,22.626932,511
粤BW7D25,113.80748,22.626717,511
粤BW7D25,113.80777,22.626783,511
粤BW7D25,113.806351,22.626633,512
粤BW7D25,113.807137,22.626783,512
粤BW7D25,113.806953,22.623466,512
粤BW7D25,113.80603,22.625334,512
粤BW7D25,113.80793,22.621782,513
粤BW7D25,113.809814,22.618334,513
粤BW7D25,113.808914,22.619967,513
粤BW7D25,113.810936,22.61635,513
粤BW7D25,113.811966,22.614416,514
粤BW7D25,113.814697,22.610416,514
粤BW7D25,113.8172,22.609966,514
粤BW7D25,113.813286,22.612066,514
粤BW7D25,113.823196,22.613867,515
粤BW7D25,113.825882,22.615084,515
粤BW7D25,113.818932,22.610832,515
粤BW7D25,113.820747,22.612801,515
粤BW7D25,113.828217,22.616199,516
粤BW7D25,113.830917,22.617382,516
粤BW7D25,113.833252,22.618433,516
粤BW7D25,113.834885,22.618917,516
粤BW7D25,113.836433,22.615383,517
粤BW7D25,113.835884,22.61585,517
粤BW7D25,113.835716,22.617201,517
粤BW7D25,113.836784,22.614332,517
粤BW7D25,113.837135,22.613632,518
粤BW7D25,113.839653,22.6085,518
粤BW7D25,113.837898,22.612,518
粤BW7D25,113.838615,22.610367,518
粤BW7D25,113.839867,22.608049,519
粤BW7D25,113.839867,22.608049,519
粤BW7D25,113.8405,22.606649,519
粤BW7D25,113.840065,22.607767,519
粤BW7D25,113.840981,22.605284,520
粤BW7D25,113.84317,22.601267,520
粤BW7D25,113.842201,22.603167,520
粤BW7D25,113.843636,22.600483,520
粤BW7D25,113.844017,22.598967,521
粤BW7D25,113.844971,22.597383,521
粤BW7D25,113.846031,22.595699,521
粤BW7D25,113.843765,22.6003,521
粤BW7D25,113.849815,22.590834,522
粤BW7D25,113.848015,22.592983,522
粤BW7D25,113.849098,22.591717,522
粤BW7D25,113.846947,22.594316,522
粤BW7D25,113.851234,22.589617,523
粤BW7D25,113.851234,22.589617,523
粤BW7D25,113.851234,22.589617,523
粤BW7D25,113.85128,22.589666,524
粤BW7D25,113.851234,22.589617,524
粤BW7D25,113.85128,22.589666,524
粤BW7D25,113.851234,22.589617,524
粤BW7D25,113.85128,22.589666,525
粤BW7D25,113.85128,22.589666,525
粤BW7D25,113.85128,22.589666,525
粤BW7D25,113.85128,22.589666,525
粤BW7D25,113.851196,22.589533,526
粤BW7D25,113.851135,22.589417,526
粤BW7D25,113.851196,22.589533,526
粤BW7D25,113.851196,22.589533,526
粤BW7D25,113.851196,22.589533,527
粤BW7D25,113.851196,22.589533,527
粤BW7D25,113.851196,22.589533,527
粤BW7D25,113.851196,22.589533,527
粤BW7D25,113.851196,22.589533,528
粤BW7D25,113.851196,22.589533,528
粤BW7D25,113.851196,22.589533,528
粤BW7D25,113.851196,22.589533,528
粤BW7D25,113.852814,22.588617,529
粤BW7D25,113.851631,22.589367,529
粤BW7D25,113.854416,22.58725,529
粤BW7D25,113.856865,22.585617,530
粤BW7D25,113.857582,22.584633,530
粤BW7D25,113.857849,22.584867,530
粤BW7D25,113.857803,22.584984,530
粤BW7D25,113.857635,22.58465,531
粤BW7D25,113.857933,22.585117,531
粤BW7D25,113.85788,22.585051,531
粤BW7D25,113.857803,22.584833,531
粤BW7D25,113.859718,22.583767,532
粤BW7D25,113.858353,22.584917,532
粤BW7D25,113.862885,22.581051,532
粤BW7D25,113.861847,22.582033,532
粤BW7D25,113.862915,22.581051,533
粤BW7D25,113.862831,22.581051,533
粤BW7D25,113.862915,22.581051,533
粤BW7D25,113.86293,22.581066,533
粤BW7D25,113.868301,22.5765,534
粤BW7D25,113.863983,22.58025,534
粤BW7D25,113.865463,22.578817,534
粤BW7D25,113.867264,22.577168,534
粤BW7D25,113.86927,22.575968,535
粤BW7D25,113.868385,22.5765,535
粤BW7D25,113.868233,22.576517,535
粤BW7D25,113.868233,22.576517,535
粤BW7D25,113.87133,22.57465,536
粤BW7D25,113.874016,22.5728,536
粤BW7D25,113.873154,22.573418,536
粤BW7D25,113.87397,22.5728,536
粤BW7D25,113.875099,22.572018,537
粤BW7D25,113.874496,22.572533,537
粤BW7D25,113.886284,22.56175,546
粤BW7D25,113.886467,22.561867,546
粤BW7D25,113.886284,22.561617,547
粤BW7D25,113.88633,22.561733,547
粤BW7D25,113.886383,22.561768,547
粤BW7D25,113.886314,22.561666,547
粤BW7D25,113.8871,22.560932,548
粤BW7D25,113.891418,22.5569,548
粤BW7D25,113.886368,22.561632,548
粤BW7D25,113.889351,22.559116,548
粤BW7D25,113.89595,22.552601,549
粤BW7D25,113.89373,22.55455,549
粤BW7D25,113.900467,22.548134,549
粤BW7D25,113.898453,22.550333,549
粤BW7D25,113.905029,22.544451,550
粤BW7D25,113.902481,22.545799,550
粤BW7D25,113.903915,22.544649,550
粤BW7D25,113.905533,22.544268,550
粤BW7D25,113.904564,22.54355,551
粤BW7D25,113.905403,22.54335,551
粤BW7D25,113.904846,22.548018,551
粤BW7D25,113.913864,22.554132,552
粤BW7D25,113.90638,22.5502,552
粤BW7D25,113.911415,22.552567,552
粤BW7D25,113.918701,22.55575,553
粤BW7D25,113.920998,22.555683,553
粤BW7D25,113.916336,22.555349,553
粤BW7D25,113.922882,22.555532,553
粤BW7D25,113.933647,22.555201,554
粤BW7D25,113.931129,22.555218,554
粤BW7D25,113.925468,22.555332,554
粤BW7D25,113.928085,22.555099,554
粤BW7D25,113.936966,22.555017,555
粤BW7D25,113.940681,22.554632,559
粤BW7D25,113.940247,22.553467,560
粤BW7D25,113.937065,22.552999,562
粤BW7D25,113.9375,22.552883,562
粤BW7D25,113.937035,22.552883,563
粤BW7D25,113.933853,22.549833,566
粤BW7D25,113.933746,22.549116,566
粤BW7D25,113.933746,22.549717,566
粤BW7D25,113.929283,22.542784,570
粤BW7D25,113.922653,22.543283,571
粤BW7D25,113.922585,22.543133,572
粤BW7D25,113.92205,22.543333,572
粤BW7D25,113.922653,22.543234,572
粤BW7D25,113.920967,22.543301,573
粤BW7D25,113.919151,22.543833,573
粤BW7D25,113.919121,22.545918,574
粤BW7D25,113.919167,22.543949,574
粤BW7D25,113.918747,22.543833,575
粤BW7D25,113.9188,22.545033,575
粤BW7D25,113.918633,22.544483,575
粤BW7D25,113.918816,22.543249,576
粤BW7D25,113.916298,22.543266,576
粤BW7D25,113.915184,22.54175,578
粤BW7D25,113.915001,22.541616,578
粤BW7D25,113.919449,22.535418,583
粤BW7D25,113.920166,22.53545,583
粤BW7D25,113.919365,22.535067,583
粤BW7D25,113.919853,22.535233,584
粤BW7D25,113.91967,22.53525,584
粤BW7D25,113.920219,22.5352,585
粤BW7D25,113.922699,22.536066,585
粤BW7D25,113.9217,22.535517,585
粤BW7D25,113.922615,22.536249,585
粤BW7D25,113.922653,22.536217,586
粤BW7D25,113.923302,22.536016,586
粤BW7D25,113.924614,22.536182,586
粤BW7D25,113.92263,22.536283,586
粤BW7D25,113.926331,22.535517,587
粤BW7D25,113.926498,22.535749,587
粤BW7D25,113.928047,22.536533,588
粤BW7D25,113.927948,22.536383,588
粤BW7D25,113.927231,22.540434,589
粤BW7D25,113.927002,22.540649,590
粤BW7D25,113.927017,22.543118,590
粤BW7D25,113.927032,22.541317,590
粤BW7D25,113.927048,22.54195,590
粤BW7D25,113.927116,22.544333,591
粤BW7D25,113.929016,22.567883,595
粤BW7D25,113.928864,22.565567,595
粤BW7D25,113.928917,22.566217,595
粤BW7D25,113.9291,22.569517,595
粤BW7D25,113.914467,22.585484,608
粤BW7D25,113.912537,22.583851,609
粤BW7D25,113.911583,22.582968,609
粤BW7D25,113.913597,22.584566,609
粤BW7D25,113.911346,22.582832,610
粤BW7D25,113.911049,22.5826,610
粤BW7D25,113.910553,22.582067,610
粤BW7D25,113.911148,22.582832,610
粤BW7D25,113.909569,22.581167,611
粤BW7D25,113.90863,22.580366,612
粤BW7D25,113.907784,22.5797,612
粤BW7D25,113.906548,22.578484,613
粤BW7D25,113.906219,22.578033,613
粤BW7D25,113.906464,22.578318,613
粤BW7D25,113.906403,22.578466,613
粤BW7D25,113.904915,22.577066,614
粤BW7D25,113.905029,22.577101,614
粤BW7D25,113.904831,22.576967,614
粤BW7D25,113.905769,22.577801,614
粤BW7D25,113.904984,22.577133,615
粤BW7D25,113.90477,22.577118,615
粤BW7D25,113.90477,22.577049,615
粤BW7D25,113.90435,22.5765,615
粤BW7D25,113.899452,22.572083,620
粤BW7D25,113.897934,22.571133,620
粤BW7D25,113.899681,22.572184,620
粤BW7D25,113.896469,22.569883,621
粤BW7D25,113.896614,22.569901,621
粤BW7D25,113.896881,22.570133,621
粤BW7D25,113.8965,22.569883,621
粤BW7D25,113.896667,22.569901,622
粤BW7D25,113.896698,22.569901,622
粤BW7D25,113.896629,22.569901,622
粤BW7D25,113.89608,22.56945,622
粤BW7D25,113.891647,22.568367,623
粤BW7D25,113.894897,22.568501,623
粤BW7D25,113.891502,22.56855,623
粤BW7D25,113.893219,22.567699,623
粤BW7D25,113.881531,22.577801,625
粤BW7D25,113.883202,22.576332,625
粤BW7D25,113.884148,22.575451,625
粤BW7D25,113.884369,22.575283,625
粤BW7D25,113.88015,22.579184,625
粤BW7D25,113.878319,22.580999,626
粤BW7D25,113.877029,22.582216,626
粤BW7D25,113.87558,22.583817,626
粤BW7D25,113.874496,22.585117,626
粤BW7D25,113.871918,22.588167,627
粤BW7D25,113.873352,22.586517,627
粤BW7D25,113.871231,22.588934,627
粤BW7D25,113.872681,22.587282,627
粤BW7D25,113.87075,22.589317,628
粤BW7D25,113.86927,22.591333,628
粤BW7D25,113.869797,22.59045,628
粤BW7D25,113.870316,22.589649,628
粤BW7D25,113.868652,22.592617,629
粤BW7D25,113.868469,22.59325,629
粤BW7D25,113.867119,22.59535,630
粤BW7D25,113.856621,22.613268,643
粤BW7D25,113.857552,22.613583,643
粤BW7D25,113.865486,22.605633,646
粤BW7D25,113.865685,22.605083,646
粤BW7D25,113.865318,22.605949,646
粤BW7D25,113.865486,22.605583,646
粤BW7D25,113.870567,22.6005,647
粤BW7D25,113.86908,22.601633,647
粤BW7D25,113.871513,22.599768,648
粤BW7D25,113.871964,22.599068,648
粤BW7D25,113.87233,22.599083,648
粤BW7D25,113.872131,22.598932,648
粤BW7D25,113.872269,22.598717,649
粤BW7D25,113.872284,22.598734,649
粤BW7D25,113.872314,22.599068,649
粤BW7D25,113.872314,22.599068,649
粤BW7D25,113.872353,22.598499,650
粤BW7D25,113.872284,22.598734,650
粤BW7D25,113.872284,22.598734,650
粤BW7D25,113.872681,22.598049,650
粤BW7D25,113.873268,22.597717,651
粤BW7D25,113.87323,22.597584,651
粤BW7D25,113.873016,22.598049,651
粤BW7D25,113.873436,22.597816,651
粤BW7D25,113.873436,22.597816,652
粤BW7D25,113.873436,22.597816,652
粤BW7D25,113.873436,22.597816,652
粤BW7D25,113.873436,22.597816,652
粤BW7D25,113.873283,22.597082,653
粤BW7D25,113.877769,22.593367,653
粤BW7D25,113.876282,22.594601,653
粤BW7D25,113.875053,22.595783,653
粤BW7D25,113.876564,22.59145,654
粤BW7D25,113.876602,22.591717,655
粤BW7D25,113.876602,22.591534,655
粤BW7D25,113.876602,22.591801,655
粤BW7D25,113.876602,22.591534,655
粤BW7D25,113.876579,22.591682,656
粤BW7D25,113.876831,22.592016,656
粤BW7D25,113.876831,22.592016,656
粤BW7D25,113.876831,22.592016,656
粤BW7D25,113.876564,22.591618,657
粤BW7D25,113.876579,22.591682,657
粤BW7D25,113.876564,22.591618,657
粤BW7D25,113.876549,22.59165,657
粤BW7D25,113.87648,22.591467,658
粤BW7D25,113.875969,22.59095,658
粤BW7D25,113.874718,22.590282,658
粤BW7D25,113.876602,22.5917,658
粤BW7D25,113.873398,22.5886,659
粤BW7D25,113.87822,22.592234,660
粤BW7D25,113.876434,22.5912,660
粤BW7D25,113.878197,22.592283,660
粤BW7D25,113.878281,22.592182,661
粤BW7D25,113.878166,22.592199,661
粤BW7D25,113.878136,22.592266,661
粤BW7D25,113.878166,22.592167,661
粤BW7D25,113.879631,22.592716,662
粤BW7D25,113.88427,22.593149,662
粤BW7D25,113.881683,22.593,662
粤BW7D25,113.886864,22.593283,662
粤BW7D25,113.892265,22.593533,663
粤BW7D25,113.889816,22.593367,663
粤BW7D25,113.894363,22.59355,664
粤BW7D25,113.925949,22.565901,669
粤BW7D25,113.925797,22.566151,669
粤BW7D25,113.925797,22.566151,669
粤BW7D25,113.925797,22.566151,669
粤BW7D25,113.925797,22.566151,669
粤BW7D25,113.925949,22.565916,670
粤BW7D25,113.926033,22.565817,670
粤BW7D25,113.926033,22.565901,670
粤BW7D25,113.926033,22.565901,670
粤BW7D25,113.926735,22.565201,671
粤BW7D25,113.928185,22.565317,671
粤BW7D25,113.930984,22.563932,672
粤BW7D25,113.929153,22.564449,672
粤BW7D25,113.929085,22.566616,672
粤BW7D25,113.936836,22.571199,674
粤BW7D25,113.934937,22.571383,674
粤BW7D25,113.938637,22.571234,674
粤BW7D25,113.935204,22.571367,674
粤BW7D25,113.94088,22.571301,674
粤BW7D25,113.943604,22.571266,675
粤BW7D25,113.94352,22.571068,675
粤BW7D25,113.949837,22.570917,676
粤BW7D25,113.950119,22.570217,676
粤BW7D25,113.950897,22.56905,676
粤BW7D25,113.950699,22.5681,677
粤BW7D25,113.950668,22.568199,677
粤BW7D25,113.951431,22.568399,677
粤BW7D25,113.950684,22.567818,677
粤BW7D25,113.950699,22.5681,678
粤BW7D25,113.950699,22.5681,678
粤BW7D25,113.950699,22.5681,678
粤BW7D25,113.950699,22.5681,678
粤BW7D25,113.952187,22.5669,679
粤BW7D25,113.95137,22.56835,679
粤BW7D25,113.948685,22.566,681
粤BW7D25,113.948586,22.565916,681
粤BW7D25,113.948402,22.565933,681
粤BW7D25,113.948502,22.565817,682
粤BW7D25,113.948265,22.566183,682
粤BW7D25,113.948448,22.565866,682
粤BW7D25,113.948433,22.566467,682
粤BW7D25,113.948433,22.566467,683
粤BW7D25,113.948433,22.566467,683
粤BW7D25,113.948433,22.566467,683
粤BW7D25,113.948433,22.566467,683
粤BW7D25,113.948517,22.566549,684
粤BW7D25,113.948433,22.566467,684
粤BW7D25,113.948517,22.566549,684
粤BW7D25,113.948433,22.566467,684
粤BW7D25,113.948486,22.566633,685
粤BW7D25,113.948418,22.566299,685
粤BW7D25,113.948318,22.565533,685
粤BW7D25,113.947098,22.563717,686
粤BW7D25,113.948448,22.563299,686
粤BW7D25,113.946968,22.564016,686
粤BW7D25,113.946533,22.561199,687
粤BW7D25,113.946419,22.563801,687
粤BW7D25,113.946602,22.562201,687
粤BW7D25,113.946648,22.561399,687
粤BW7D25,113.946701,22.559601,688
粤BW7D25,113.947197,22.558216,688
粤BW7D25,113.947365,22.558916,688
粤BW7D25,113.947449,22.556549,689
粤BW7D25,113.947418,22.556316,690
粤BW7D25,113.952682,22.558517,692
粤BW7D25,113.953033,22.554399,692
粤BW7D25,113.952881,22.5569,692
粤BW7D25,113.952721,22.558867,692
粤BW7D25,113.956703,22.543217,694
粤BW7D25,113.96067,22.54295,694
粤BW7D25,113.964119,22.541599,695
粤BW7D25,113.963165,22.542032,695
粤BW7D25,113.962982,22.542316,695
粤BW7D25,113.962914,22.542168,695
粤BW7D25,113.966904,22.540968,696
粤BW7D25,113.970901,22.5392,696
粤BW7D25,113.971481,22.538933,696
粤BW7D25,113.969231,22.539833,696
粤BW7D25,113.97258,22.538717,697
粤BW7D25,113.974365,22.537832,697
粤BW7D25,113.974731,22.537718,697
粤BW7D25,113.973564,22.538233,697
粤BW7D25,113.971016,22.539551,698
粤BW7D25,113.97113,22.539499,698
粤BW7D25,113.972031,22.539133,698
粤BW7D25,113.972237,22.539316,698
粤BW7D25,113.971016,22.539551,699
粤BW7D25,113.968582,22.540518,699
粤BW7D25,113.969284,22.539883,699
粤BW7D25,113.971016,22.539267,699
粤BW7D25,113.966202,22.541384,700
粤BW7D25,113.965179,22.541582,700
粤BW7D25,113.967468,22.540983,700
粤BW7D25,113.958649,22.543449,702
粤BW7D25,113.959084,22.543383,702
粤BW7D25,113.94725,22.544283,704
粤BW7D25,113.947731,22.543449,704
粤BW7D25,113.947685,22.543417,704
粤BW7D25,113.944931,22.546083,705
粤BW7D25,113.944946,22.546118,705
粤BW7D25,113.94458,22.545017,705
粤BW7D25,113.944916,22.546333,705
粤BW7D25,113.944946,22.547167,706
粤BW7D25,113.944931,22.546133,706
粤BW7D25,113.946136,22.550484,707
粤BW7D25,113.949936,22.55595,708
粤BW7D25,113.948433,22.555634,708
粤BW7D25,113.948898,22.552601,708
粤BW7D25,113.9543,22.556049,709
粤BW7D25,113.952499,22.55595,709
粤BW7D25,113.957314,22.556049,709
粤BW7D25,113.958183,22.556049,709
粤BW7D25,113.969749,22.557217,710
粤BW7D25,113.967514,22.557667,710
粤BW7D25,113.960983,22.556499,710
粤BW7D25,113.97747,22.556932,711
粤BW7D25,113.974983,22.556517,711
粤BW7D25,113.979736,22.557467,711
粤BW7D25,113.972534,22.556816,711
粤BW7D25,113.990021,22.558599,712
粤BW7D25,113.984482,22.558582,712
粤BW7D25,113.987267,22.559017,712
粤BW7D25,113.982246,22.558132,712
粤BW7D25,114.073334,22.570217,720
粤BW7D25,114.070396,22.569233,720
粤BW7D25,114.074982,22.571417,720
粤BW7D25,114.070686,22.569267,720
粤BW7D25,114.076767,22.572832,721
粤BW7D25,114.078949,22.572634,721
粤BW7D25,114.079147,22.572666,721
粤BW7D25,114.07798,22.572683,721
粤BW7D25,114.081131,22.571617,722
粤BW7D25,114.083321,22.570766,722
粤BW7D25,114.082733,22.570667,722
粤BW7D25,114.085617,22.568817,723
粤BW7D25,114.083885,22.570284,723
粤BW7D25,114.084915,22.569683,723
粤BW7D25,114.084564,22.5702,723
粤BW7D25,114.089287,22.561783,724
粤BW7D25,114.0868,22.56645,724
粤BW7D25,114.088066,22.5641,724
粤BW7D25,114.089447,22.561567,724
粤BW7D25,114.089668,22.561268,725
粤BW7D25,114.089531,22.561632,725
粤BW7D25,114.089699,22.56155,725
粤BW7D25,114.089531,22.561518,725
粤BW7D25,114.089668,22.561268,726
粤BW7D25,114.089668,22.561268,726
粤BW7D25,114.089668,22.561268,726
粤BW7D25,114.089668,22.561268,726
粤BW7D25,114.089668,22.561268,727
粤BW7D25,114.091934,22.561649,729
粤BW7D25,114.090149,22.562201,729
粤BW7D25,114.092751,22.562433,730
粤BW7D25,114.094536,22.561216,730
粤BW7D25,114.094566,22.560883,731
粤BW7D25,114.094437,22.560467,731
粤BW7D25,114.094635,22.55995,731
粤BW7D25,114.096931,22.560118,733
粤BW7D25,114.096764,22.559549,733
粤BW7D25,114.099503,22.558517,734
粤BW7D25,114.100037,22.557983,734
粤BW7D25,114.099869,22.55895,734
粤BW7D25,114.106354,22.558117,735
粤BW7D25,114.104317,22.55785,735
粤BW7D25,114.108765,22.558149,735
粤BW7D25,114.1036,22.55765,735
粤BW7D25,114.109703,22.544832,738
粤BW7D25,114.109329,22.54385,738
粤BW7D25,114.11068,22.538082,739
粤BW7D25,114.109901,22.538567,740
粤BW7D25,114.109352,22.538868,740
粤BW7D25,114.11425,22.531616,742
粤BW7D25,114.112648,22.531601,742
粤BW7D25,114.11367,22.539949,745
粤BW7D25,114.113464,22.541668,746
粤BW7D25,114.113899,22.5431,746
粤BW7D25,114.113533,22.5443,747
粤BW7D25,114.113602,22.543318,747
粤BW7D25,114.113518,22.542316,747
粤BW7D25,114.113449,22.545517,748
粤BW7D25,114.116516,22.546333,748
粤BW7D25,114.113602,22.54645,748
粤BW7D25,114.11338,22.545799,748
粤BW7D25,114.116699,22.546118,749
粤BW7D25,114.117035,22.54565,749
粤BW7D25,114.116936,22.545732,749
粤BW7D25,114.116936,22.545967,749
粤BW7D25,114.11805,22.547182,750
粤BW7D25,114.117584,22.54645,750
粤BW7D25,114.116486,22.5504,751
粤BW7D25,114.11647,22.550432,751
粤BW7D25,114.11647,22.550432,751
粤BW7D25,114.116798,22.55015,752
粤BW7D25,114.116814,22.550182,752
粤BW7D25,114.116798,22.550249,752
粤BW7D25,114.116615,22.549999,752
粤BW7D25,114.117233,22.551382,753
粤BW7D25,114.12323,22.558916,755
粤BW7D25,114.123451,22.558884,755
粤BW7D25,114.124451,22.558567,755
粤BW7D25,114.124535,22.558849,756
粤BW7D25,114.124519,22.558849,756
粤BW7D25,114.125099,22.558268,756
粤BW7D25,114.124451,22.558817,756
粤BW7D25,114.1269,22.559717,757
粤BW7D25,114.124901,22.5585,757
粤BW7D25,114.125519,22.558733,757
粤BW7D25,114.131668,22.5618,758
粤BW7D25,114.132149,22.562099,759
粤BW7D25,114.137115,22.562567,760
粤BW7D25,114.137283,22.565666,761
粤BW7D25,114.135948,22.566584,762
粤BW7D25,114.136147,22.566999,762
粤BW7D25,114.136131,22.566566,763
粤BW7D25,114.133965,22.566732,766
粤BW7D25,114.132698,22.561068,771
粤BW7D25,114.13195,22.562201,771
粤BW7D25,114.131966,22.562017,771
粤BW7D25,114.131935,22.562117,771
粤BW7D25,114.135147,22.558451,772
粤BW7D25,114.134666,22.558783,772
粤BW7D25,114.134735,22.55875,772
粤BW7D25,114.130753,22.544733,775
粤BW7D25,114.12928,22.544132,775
粤BW7D25,114.132851,22.545233,775
粤BW7D25,114.133102,22.545433,775
粤BW7D25,114.120369,22.538868,776
粤BW7D25,114.12278,22.54035,776
粤BW7D25,114.123398,22.540783,776
粤BW7D25,114.127319,22.54315,776
粤BW7D25,114.111153,22.537567,777
粤BW7D25,114.114265,22.538799,777
粤BW7D25,114.108482,22.537399,778
粤BW7D25,114.113403,22.531134,783
粤BW7D25,114.114571,22.5312,783
粤BW7D25,114.113686,22.531233,783
粤BW7D25,114.113899,22.537283,786
粤BW7D25,114.113647,22.538633,786
粤BW7D25,114.115768,22.542982,788
粤BW7D25,114.115898,22.543118,788
粤BW7D25,114.115768,22.543051,789
粤BW7D25,114.116264,22.541483,790
粤BW7D25,114.116264,22.540117,790
粤BW7D25,114.115997,22.540466,790
粤BW7D25,114.116165,22.540567,790
粤BW7D25,114.121368,22.542583,797
粤BW7D25,114.119934,22.541582,798
粤BW7D25,114.118835,22.540268,799
粤BW7D25,114.119286,22.540434,799
粤BW7D25,114.113968,22.538218,801
粤BW7D25,114.107414,22.537149,802
粤BW7D25,114.109947,22.53755,802
粤BW7D25,114.0821,22.53735,804
粤BW7D25,114.08445,22.537268,804
粤BW7D25,114.087219,22.537518,804
粤BW7D25,114.087601,22.537483,804
粤BW7D25,114.088333,22.537483,804
粤BW7D25,114.081718,22.541483,805
粤BW7D25,114.081833,22.538601,805
粤BW7D25,114.08168,22.540466,805
粤BW7D25,114.081886,22.54015,805
粤BW7D25,114.081413,22.54335,806
粤BW7D25,114.080284,22.542999,806
粤BW7D25,114.081352,22.543533,806
粤BW7D25,114.076202,22.543467,807
粤BW7D25,114.077568,22.542683,807
粤BW7D25,114.078651,22.542784,807
粤BW7D25,114.075951,22.548983,809
粤BW7D25,114.075951,22.548983,809
粤BW7D25,114.075981,22.550516,809
粤BW7D25,114.07608,22.551399,810
粤BW7D25,114.076515,22.55155,811
粤BW7D25,114.081047,22.557083,812
粤BW7D25,114.0811,22.558933,813
粤BW7D25,114.080254,22.558332,813
粤BW7D25,114.08152,22.55875,813
粤BW7D25,114.081329,22.558968,813
粤BW7D25,114.067802,22.552183,816
粤BW7D25,114.067818,22.552267,816
粤BW7D25,114.067917,22.54995,817
粤BW7D25,114.068016,22.5492,817
粤BW7D25,114.0681,22.54565,818
粤BW7D25,114.068016,22.545851,818
粤BW7D25,114.067551,22.543051,818
粤BW7D25,114.068069,22.537399,819
粤BW7D25,114.06765,22.53315,820
粤BW7D25,114.067413,22.533133,820
粤BW7D25,114.06768,22.533216,820
粤BW7D25,114.06633,22.532316,821
粤BW7D25,114.065582,22.532183,821
粤BW7D25,114.0634,22.52965,822
粤BW7D25,114.062302,22.532566,822
粤BW7D25,114.061729,22.527283,823
粤BW7D25,114.062401,22.527117,823
粤BW7D25,114.062836,22.527866,823
粤BW7D25,114.06115,22.527582,823
粤BW7D25,114.06012,22.527567,824
粤BW7D25,114.059769,22.527651,824
粤BW7D25,114.059303,22.5277,825
粤BW7D25,114.058701,22.527582,825
粤BW7D25,114.058449,22.525967,826
粤BW7D25,114.056732,22.52825,827
粤BW7D25,114.056999,22.528933,827
粤BW7D25,114.05687,22.529751,828
粤BW7D25,114.057053,22.530001,828
粤BW7D25,114.057137,22.529818,828
粤BW7D25,114.05703,22.529966,828
粤BW7D25,114.057053,22.529917,829
粤BW7D25,114.056969,22.529949,829
粤BW7D25,114.056984,22.529949,829
粤BW7D25,114.057137,22.52985,829
粤BW7D25,114.056953,22.529966,830
粤BW7D25,114.05703,22.529949,830
粤BW7D25,114.057068,22.529882,830
粤BW7D25,114.057053,22.529917,830
粤BW7D25,114.057014,22.529882,831
粤BW7D25,114.056969,22.529966,831
粤BW7D25,114.057014,22.529882,831
粤BW7D25,114.056969,22.529949,831
粤BW7D25,114.056931,22.5299,832
粤BW7D25,114.056847,22.529934,832
粤BW7D25,114.056984,22.529917,832
粤BW7D25,114.05687,22.529966,832
粤BW7D25,114.057098,22.5299,833
粤BW7D25,114.057137,22.529949,833
粤BW7D25,114.056969,22.529934,833
粤BW7D25,114.057236,22.529966,833
粤BW7D25,114.056915,22.530001,834
粤BW7D25,114.05722,22.530018,834
粤BW7D25,114.056931,22.530018,834
粤BW7D25,114.056465,22.530718,835
粤BW7D25,114.057083,22.529966,835
粤BW7D25,114.057083,22.52985,836
粤BW7D25,114.057137,22.529833,836
粤BW7D25,114.057137,22.529867,836
粤BW7D25,114.057014,22.5299,836
粤BW7D25,114.057053,22.530132,837
粤BW7D25,114.057053,22.530132,837
粤BW7D25,114.057053,22.530132,837
粤BW7D25,114.05703,22.530149,837
粤BW7D25,114.057114,22.530067,844
粤BW7D25,114.056999,22.529984,844
粤BW7D25,114.057236,22.529966,844
粤BW7D25,114.057236,22.529966,844
粤BW7D25,114.057236,22.529966,845
粤BW7D25,114.057236,22.529966,845
粤BW7D25,114.057236,22.529966,845
粤BW7D25,114.057281,22.530167,845
粤BW7D25,114.057236,22.530184,846
粤BW7D25,114.057236,22.530184,846
粤BW7D25,114.057236,22.530184,846
粤BW7D25,114.057281,22.530167,846
粤BW7D25,114.05722,22.530233,847
粤BW7D25,114.057236,22.529766,847
粤BW7D25,114.05722,22.530233,847
粤BW7D25,114.057198,22.53005,847
粤BW7D25,114.057182,22.529783,848
粤BW7D25,114.057236,22.529551,848
粤BW7D25,114.057182,22.529984,848
粤BW7D25,114.057182,22.529783,848
粤BW7D25,114.057182,22.529783,849
粤BW7D25,114.057182,22.529783,849
粤BW7D25,114.057182,22.529783,849
粤BW7D25,114.057182,22.529783,849
粤BW7D25,114.057182,22.529783,850
粤BW7D25,114.057182,22.529783,850
粤BW7D25,114.057182,22.529783,850
粤BW7D25,114.057182,22.529783,850
粤BW7D25,114.057182,22.529783,851
粤BW7D25,114.057182,22.529783,851
粤BW7D25,114.057182,22.529783,851
粤BW7D25,114.057182,22.529783,851
粤BW7D25,114.057182,22.529783,852
粤BW7D25,114.057182,22.529783,852
粤BW7D25,114.057182,22.529783,852
粤BW7D25,114.057182,22.529783,852
粤BW7D25,114.057182,22.529783,853
粤BW7D25,114.057182,22.529783,853
粤BW7D25,114.057182,22.529783,853
粤BW7D25,114.057182,22.529783,853
粤BW7D25,114.057137,22.529984,854
粤BW7D25,114.057137,22.529966,854
粤BW7D25,114.057137,22.529984,854
粤BW7D25,114.057137,22.529984,854
粤BW7D25,114.057152,22.529934,855
粤BW7D25,114.057137,22.529984,855
粤BW7D25,114.057152,22.529934,855
粤BW7D25,114.057152,22.529934,855
粤BW7D25,114.057152,22.529934,856
粤BW7D25,114.057152,22.529934,856
粤BW7D25,114.057152,22.529934,856
粤BW7D25,114.057152,22.529934,856
粤BW7D25,114.057152,22.529934,857
粤BW7D25,114.057152,22.529934,857
粤BW7D25,114.057152,22.529934,857
粤BW7D25,114.057152,22.529934,857
粤BW7D25,114.057152,22.529934,858
粤BW7D25,114.057152,22.529934,858
粤BW7D25,114.057152,22.529934,858
粤BW7D25,114.057152,22.529934,858
粤BW7D25,114.057152,22.529934,859
粤BW7D25,114.057152,22.529934,859
粤BW7D25,114.057152,22.529934,859
粤BW7D25,114.057152,22.529934,859
粤BW7D25,114.057152,22.529934,860
粤BW7D25,114.057152,22.529934,860
粤BW7D25,114.057152,22.529934,860
粤BW7D25,114.057152,22.529934,860
粤BW7D25,114.057152,22.529934,861
粤BW7D25,114.057152,22.529934,861
粤BW7D25,114.057152,22.529934,861
粤BW7D25,114.057152,22.529934,861
粤BW7D25,114.057251,22.530033,863
粤BW7D25,114.057251,22.530033,863
粤BW7D25,114.057251,22.530033,863
粤BW7D25,114.057266,22.530067,864
粤BW7D25,114.057266,22.530067,864
粤BW7D25,114.057335,22.530233,864
粤BW7D25,114.057335,22.530233,864
粤BW7D25,114.057266,22.530067,865
粤BW7D25,114.057266,22.530067,865
粤BW7D25,114.057266,22.530067,865
粤BW7D25,114.057266,22.530067,865
粤BW7D25,114.057266,22.530067,866
粤BW7D25,114.057266,22.530067,866
粤BW7D25,114.057266,22.530067,868
粤BW7D25,114.057266,22.530067,868
粤BW7D25,114.057266,22.530067,868
粤BW7D25,114.057266,22.530067,868
粤BW7D25,114.057266,22.530067,869
粤BW7D25,114.057266,22.530067,869
粤BW7D25,114.057266,22.530067,869
粤BW7D25,114.057266,22.530067,869
粤BW7D25,114.057266,22.530067,870
粤BW7D25,114.057266,22.530067,870
粤BW7D25,114.057266,22.530067,870
粤BW7D25,114.057266,22.530067,870
粤BW7D25,114.057266,22.530067,871
粤BW7D25,114.057266,22.530067,871
粤BW7D25,114.057266,22.530067,871
粤BW7D25,114.057266,22.530067,871
粤BW7D25,114.057167,22.529917,872
粤BW7D25,114.057266,22.530067,872
粤BW7D25,114.057182,22.529917,872
粤BW7D25,114.057266,22.530067,872
粤BW7D25,114.057167,22.529917,873
粤BW7D25,114.057137,22.5299,873
粤BW7D25,114.05703,22.530132,873
粤BW7D25,114.057137,22.5299,873
粤BW7D25,114.056618,22.528618,874
粤BW7D25,114.056717,22.5299,874
粤BW7D25,114.056953,22.528099,874
粤BW7D25,114.056953,22.529734,874
粤BW7D25,114.058617,22.527683,875
粤BW7D25,114.057831,22.527517,875
粤BW7D25,114.05867,22.527483,875
粤BW7D25,114.058914,22.527517,876
粤BW7D25,114.05938,22.527767,876
粤BW7D25,114.058914,22.527517,876
粤BW7D25,114.05938,22.527767,876
粤BW7D25,114.05938,22.527767,877
粤BW7D25,114.05938,22.527767,877
粤BW7D25,114.061501,22.527517,877
粤BW7D25,114.060303,22.527582,877
粤BW7D25,114.063698,22.528084,878
粤BW7D25,114.06337,22.525932,878
粤BW7D25,114.063202,22.526167,878
粤BW7D25,114.063118,22.530083,879
粤BW7D25,114.063271,22.526484,879
粤BW7D25,114.063065,22.53215,879
粤BW7D25,114.063286,22.528549,879
粤BW7D25,114.063019,22.534849,880
粤BW7D25,114.063049,22.533567,880
粤BW7D25,114.063019,22.534849,880
粤BW7D25,114.062965,22.534599,880
粤BW7D25,114.063065,22.534849,881
粤BW7D25,114.062935,22.532766,881
粤BW7D25,114.063065,22.534849,881
粤BW7D25,114.063034,22.535217,881
粤BW7D25,114.062897,22.529318,882
粤BW7D25,114.062935,22.526917,882
粤BW7D25,114.062881,22.528032,882
粤BW7D25,114.062981,22.530849,882
粤BW7D25,114.063286,22.527666,883
粤BW7D25,114.063347,22.529449,883
粤BW7D25,114.063148,22.526318,883
粤BW7D25,114.063301,22.530684,883
粤BW7D25,114.063316,22.531082,884
粤BW7D25,114.064583,22.531733,884
粤BW7D25,114.063599,22.53145,884
粤BW7D25,114.073051,22.5317,886
粤BW7D25,114.073616,22.531668,886
粤BW7D25,114.074753,22.531633,886
粤BW7D25,114.073997,22.531668,886
粤BW7D25,114.073265,22.5317,886
粤BW7D25,114.074364,22.531668,886
粤BW7D25,114.0765,22.531767,887
粤BW7D25,114.077118,22.532084,887
粤BW7D25,114.07785,22.532583,887
粤BW7D25,114.075546,22.53175,887
粤BW7D25,114.079918,22.536301,888
粤BW7D25,114.081497,22.537268,888
粤BW7D25,114.07888,22.5348,888
粤BW7D25,114.078331,22.533567,888
粤BW7D25,114.08857,22.537399,889
粤BW7D25,114.09005,22.5375,889
粤BW7D25,114.086571,22.537333,889
粤BW7D25,114.084,22.537382,889
粤BW7D25,114.091682,22.537783,890
粤BW7D25,114.094986,22.537666,890
粤BW7D25,114.093063,22.537968,890
粤BW7D25,114.092598,22.538,890
粤BW7D25,114.097282,22.537649,891
粤BW7D25,114.100586,22.537767,891
粤BW7D25,114.098648,22.53775,891
粤BW7D25,114.099899,22.537683,891
粤BW7D25,114.101631,22.537733,892
粤BW7D25,114.100952,22.537718,892
粤BW7D25,114.100998,22.53775,892
粤BW7D25,114.105598,22.538151,894
粤BW7D25,114.103249,22.537817,894
粤BW7D25,114.103882,22.537483,894
粤BW7D25,114.104797,22.537333,894
粤BW7D25,114.106453,22.53915,895
粤BW7D25,114.106415,22.539383,895
粤BW7D25,114.10675,22.540068,896
粤BW7D25,114.106636,22.540133,896
粤BW7D25,114.10675,22.540068,896
粤BW7D25,114.10675,22.540068,896
粤BW7D25,114.106636,22.540133,897
粤BW7D25,114.106735,22.540533,897
粤BW7D25,114.106697,22.540283,897
粤BW7D25,114.10672,22.54055,897
粤BW7D25,114.106781,22.540733,898
粤BW7D25,114.106621,22.5406,898
粤BW7D25,114.106781,22.540733,898
粤BW7D25,114.106453,22.540934,899
粤BW7D25,114.10643,22.540916,899
粤BW7D25,114.10643,22.540916,899
粤BW7D25,114.106621,22.540867,899
粤BW7D25,114.106483,22.541117,900
粤BW7D25,114.117729,22.550817,911
粤BW7D25,114.117897,22.551117,911
粤BW7D25,114.11792,22.551117,911
粤BW7D25,114.117897,22.551117,912
粤BW7D25,114.117821,22.551184,912
粤BW7D25,114.117821,22.551184,912
粤BW7D25,114.117821,22.551184,913
粤BW7D25,114.117821,22.551184,913
粤BW7D25,114.11705,22.5513,914
粤BW7D25,114.116684,22.55065,914
粤BW7D25,114.116699,22.550783,914
粤BW7D25,114.116753,22.55065,914
粤BW7D25,114.116333,22.549816,915
粤BW7D25,114.116051,22.548166,915
粤BW7D25,114.116364,22.549183,915
粤BW7D25,114.115982,22.548384,916
粤BW7D25,114.11628,22.548134,916
粤BW7D25,114.117134,22.544018,917
粤BW7D25,114.117416,22.544683,917
粤BW7D25,114.116982,22.543432,918
粤BW7D25,114.118065,22.543617,918
粤BW7D25,114.117668,22.54425,918
粤BW7D25,114.116837,22.543501,919
粤BW7D25,114.11692,22.543533,919
粤BW7D25,114.116867,22.543432,919
粤BW7D25,114.116783,22.543333,919
粤BW7D25,114.116714,22.543583,921
粤BW7D25,114.112747,22.542334,923
粤BW7D25,114.112297,22.54215,925
粤BW7D25,114.110931,22.542999,926
粤BW7D25,114.109451,22.5446,926
粤BW7D25,114.110046,22.542833,927
粤BW7D25,114.110298,22.5431,927
粤BW7D25,114.110016,22.543167,927
粤BW7D25,114.109184,22.541901,928
粤BW7D25,114.110214,22.542683,928
粤BW7D25,114.110168,22.543016,928
粤BW7D25,114.094482,22.538067,931
粤BW7D25,114.094482,22.538082,931
粤BW7D25,114.092834,22.538134,932
粤BW7D25,114.093697,22.538099,932
粤BW7D25,114.091667,22.538151,932
粤BW7D25,114.094086,22.538116,932
粤BW7D25,114.090416,22.538082,933
粤BW7D25,114.089485,22.537849,933
粤BW7D25,114.088898,22.537683,933
粤BW7D25,114.089935,22.537968,933
粤BW7D25,114.087601,22.537416,934
粤BW7D25,114.08815,22.537649,934
粤BW7D25,114.086815,22.537033,934
粤BW7D25,114.088501,22.537666,934
粤BW7D25,114.084846,22.537399,935
粤BW7D25,114.085602,22.537767,935
粤BW7D25,114.086067,22.537683,935
粤BW7D25,114.086731,22.537649,935
粤BW7D25,114.083183,22.537416,936
粤BW7D25,114.083885,22.537201,936
粤BW7D25,114.084534,22.537483,936
粤BW7D25,114.082764,22.537466,936
粤BW7D25,114.080536,22.536917,937
粤BW7D25,114.079552,22.535982,937
粤BW7D25,114.082047,22.53735,937
粤BW7D25,114.07843,22.533966,938
粤BW7D25,114.073418,22.531834,938
粤BW7D25,114.0774,22.532301,938
粤BW7D25,114.075813,22.531866,938
粤BW7D25,114.068314,22.531883,939
粤BW7D25,114.071152,22.531816,939
粤BW7D25,114.063416,22.532,939
粤BW7D25,114.0653,22.531834,939
粤BW7D25,114.0578,22.5319,940
粤BW7D25,114.055901,22.532049,940
粤BW7D25,114.05632,22.531683,940
粤BW7D25,114.05365,22.531733,941
粤BW7D25,114.0168,22.544083,961
粤BW7D25,114.01693,22.544083,961
粤BW7D25,114.016983,22.544567,962
粤BW7D25,114.01667,22.544201,962
粤BW7D25,114.025284,22.54565,963
粤BW7D25,114.034386,22.54825,964
粤BW7D25,114.032181,22.5478,964
粤BW7D25,114.035187,22.54155,970
粤BW7D25,114.036285,22.541733,970
粤BW7D25,114.031769,22.541367,971
粤BW7D25,114.030479,22.541267,972
粤BW7D25,114.027168,22.540768,972
粤BW7D25,114.025566,22.540251,972
粤BW7D25,114.019249,22.539017,973
粤BW7D25,114.016983,22.538183,973
粤BW7D25,114.021599,22.53945,973
粤BW7D25,114.013168,22.537983,975
粤BW7D25,114.010498,22.53965,975
粤BW7D25,114.010452,22.5396,975
粤BW7D25,114.010132,22.539583,976
粤BW7D25,114.0065,22.542883,976
粤BW7D25,114.010483,22.539618,976
粤BW7D25,114.00885,22.541082,976
粤BW7D25,114.00248,22.544666,977
粤BW7D25,113.979599,22.554083,978
粤BW7D25,113.976982,22.556517,978
粤BW7D25,113.979286,22.554449,978
粤BW7D25,113.970169,22.56045,979
粤BW7D25,113.966515,22.561317,979
粤BW7D25,113.963097,22.561666,979
粤BW7D25,113.959702,22.562384,980
粤BW7D25,113.92485,22.567266,982
粤BW7D25,113.923615,22.568001,982
粤BW7D25,113.9245,22.56745,982
粤BW7D25,113.879364,22.611967,989
粤BW7D25,113.882713,22.607149,989
粤BW7D25,113.87722,22.614967,989
粤BW7D25,113.881218,22.609333,989
粤BW7D25,113.882431,22.6075,989
粤BW7D25,113.875015,22.617233,990
粤BW7D25,113.86602,22.622267,990
粤BW7D25,113.869232,22.620983,990
粤BW7D25,113.872299,22.619516,990
粤BW7D25,113.854584,22.627268,991
粤BW7D25,113.863266,22.623301,991
粤BW7D25,113.860046,22.624582,991
粤BW7D25,113.857018,22.625732,991
粤BW7D25,113.849731,22.629084,992
粤BW7D25,113.852402,22.629217,992
粤BW7D25,113.84552,22.622417,993
粤BW7D25,113.848518,22.623484,993
粤BW7D25,113.83847,22.620417,994
粤BW7D25,113.84095,22.621017,994
粤BW7D25,113.832336,22.618467,995
粤BW7D25,113.823997,22.614616,995
粤BW7D25,113.826797,22.615883,995
粤BW7D25,113.829384,22.61705,995
粤BW7D25,113.821915,22.613733,996
粤BW7D25,113.820198,22.6129,996
粤BW7D25,113.818069,22.61215,996
粤BW7D25,113.819031,22.612267,996
粤BW7D25,113.814079,22.61795,997
粤BW7D25,113.812752,22.620434,997
粤BW7D25,113.8153,22.615667,997
粤BW7D25,113.816765,22.613268,997
粤BW7D25,113.811836,22.622351,998
粤BW7D25,113.812347,22.6269,998
粤BW7D25,113.812965,22.625116,998
粤BW7D25,113.812569,22.623783,998
粤BW7D25,113.811417,22.627951,999
粤BW7D25,113.810432,22.627867,999
粤BW7D25,113.808815,22.627251,1000
粤BW7D25,113.808632,22.627216,1000
粤BW7D25,113.808868,22.627283,1000
粤BW7D25,113.808197,22.627132,1000
粤BW7D25,113.807365,22.6276,1001
粤BW7D25,113.807365,22.6276,1001
粤BW7D25,113.807365,22.6276,1001
粤BW7D25,113.807365,22.6276,1001
粤BW7D25,113.808052,22.627199,1001
粤BW7D25,113.80793,22.626699,1002
粤BW7D25,113.806236,22.628267,1002
粤BW7D25,113.806236,22.628267,1002
粤BW7D25,113.806236,22.628267,1002
粤BW7D25,113.806236,22.628267,1002
粤BW7D25,113.8078,22.626568,1003
粤BW7D25,113.805817,22.625217,1003
粤BW7D25,113.807465,22.626316,1003
粤BW7D25,113.80687,22.626083,1003
粤BW7D25,113.807549,22.621834,1004
粤BW7D25,113.80658,22.623383,1004
粤BW7D25,113.807716,22.621834,1004
粤BW7D25,113.812347,22.623632,1005
粤BW7D25,113.812248,22.623068,1005
粤BW7D25,113.811668,22.624067,1005
粤BW7D25,113.808952,22.62285,1005
粤BW7D25,113.813454,22.623934,1007
粤BW7D25,113.813454,22.623934,1007
粤BW7D25,113.813454,22.623934,1007
粤BW7D25,113.813454,22.623934,1007
粤BW7D25,113.813454,22.623934,1008
粤BW7D25,113.813454,22.623934,1008
粤BW7D25,113.813454,22.623934,1008
粤BW7D25,113.813454,22.623934,1008
粤BW7D25,113.813454,22.623934,1009
粤BW7D25,113.813454,22.623934,1009
粤BW7D25,113.813454,22.623934,1009
粤BW7D25,113.813454,22.623934,1009
粤BW7D25,113.813454,22.623934,1010
粤BW7D25,113.813454,22.623934,1010
粤BW7D25,113.813454,22.623934,1010
粤BW7D25,113.813454,22.623934,1010
粤BW7D25,113.813454,22.623934,1011
粤BW7D25,113.813454,22.623934,1011
粤BW7D25,113.813454,22.623934,1011
粤BW7D25,113.813454,22.623934,1011
粤BW7D25,113.813454,22.623934,1012
粤BW7D25,113.813454,22.623934,1012
粤BW7D25,113.813454,22.623934,1012
粤BW7D25,113.813454,22.623934,1013
粤BW7D25,113.813454,22.623934,1013
粤BW7D25,113.813454,22.623934,1013
粤BW7D25,113.813454,22.623934,1013
粤BW7D25,113.813454,22.623934,1014
粤BW7D25,113.813454,22.623934,1014
粤BW7D25,113.813454,22.623934,1014
粤BW7D25,113.813454,22.623934,1014
粤BW7D25,113.813454,22.623934,1015
粤BW7D25,113.813454,22.623934,1015
粤BW7D25,113.813454,22.623934,1015
粤BW7D25,113.813454,22.623934,1015
粤BW7D25,113.813454,22.623934,1016
粤BW7D25,113.813454,22.623934,1016
粤BW7D25,113.813454,22.623934,1016
粤BW7D25,113.813454,22.623934,1016
粤BW7D25,113.813454,22.623934,1017
粤BW7D25,113.813454,22.623934,1017
粤BW7D25,113.813454,22.623934,1017
粤BW7D25,113.813454,22.623934,1017
粤BW7D25,113.813454,22.623934,1018
粤BW7D25,113.813454,22.623934,1018
粤BW7D25,113.813454,22.623934,1018
粤BW7D25,113.813454,22.623934,1019
粤BW7D25,113.813301,22.623934,1019
粤BW7D25,113.813301,22.623934,1019
粤BW7D25,113.813484,22.624001,1020
粤BW7D25,113.813568,22.624233,1020
粤BW7D25,113.811996,22.627666,1029
粤BW7D25,113.810547,22.627768,1030
粤BW7D25,113.812134,22.627617,1030
粤BW7D25,113.811996,22.627666,1030
粤BW7D25,113.811546,22.62805,1030
粤BW7D25,113.810753,22.627867,1030
粤BW7D25,113.810318,22.627617,1031
粤BW7D25,113.810234,22.627617,1031
粤BW7D25,113.809914,22.627417,1031
粤BW7D25,113.809601,22.6271,1031
粤BW7D25,113.8097,22.626867,1032
粤BW7D25,113.809647,22.62685,1032
粤BW7D25,113.8097,22.626568,1032
粤BW7D25,113.8097,22.626699,1032
粤BW7D25,113.809868,22.626499,1033
粤BW7D25,113.810081,22.626417,1033
粤BW7D25,113.809853,22.626484,1033
粤BW7D25,113.8097,22.626534,1033
粤BW7D25,113.810081,22.626417,1034
粤BW7D25,113.809303,22.618982,1036
粤BW7D25,113.80687,22.623016,1036
粤BW7D25,113.8106,22.616632,1036
粤BW7D25,113.807884,22.62145,1036
粤BW7D25,113.81353,22.611467,1037
粤BW7D25,113.814102,22.610701,1037
粤BW7D25,113.812767,22.612766,1037
粤BW7D25,113.811813,22.614384,1037
粤BW7D25,113.814667,22.610399,1038
粤BW7D25,113.81575,22.6101,1038
粤BW7D25,113.815201,22.610201,1038
粤BW7D25,113.816299,22.610001,1038
粤BW7D25,113.816818,22.609949,1039
粤BW7D25,113.819733,22.612133,1039
粤BW7D25,113.818901,22.610767,1039
粤BW7D25,113.817581,22.609983,1039
粤BW7D25,113.826653,22.615601,1040
粤BW7D25,113.829063,22.616817,1040
粤BW7D25,113.821632,22.613234,1040
粤BW7D25,113.834282,22.619232,1041
粤BW7D25,113.831802,22.618151,1041
粤BW7D25,113.837463,22.620216,1041
粤BW7D25,113.878716,22.613016,1045
粤BW7D25,113.877853,22.614117,1045
粤BW7D25,113.878136,22.61375,1045
粤BW7D25,113.88073,22.609934,1046
粤BW7D25,113.88237,22.6075,1046
粤BW7D25,113.886917,22.602551,1046
粤BW7D25,113.884369,22.604918,1046
粤BW7D25,113.8946,22.597116,1047
粤BW7D25,113.889336,22.600733,1047
粤BW7D25,113.89225,22.598833,1047
粤BW7D25,113.909065,22.58275,1053
粤BW7D25,113.909218,22.582582,1053
粤BW7D25,113.91053,22.581217,1053
粤BW7D25,113.911148,22.580566,1053
粤BW7D25,113.9104,22.581432,1053
粤BW7D25,113.914146,22.577299,1054
粤BW7D25,113.911934,22.579666,1054
粤BW7D25,113.913116,22.578432,1054
粤BW7D25,113.912514,22.579184,1054
粤BW7D25,113.914619,22.576834,1055
粤BW7D25,113.916885,22.574284,1055
粤BW7D25,113.916069,22.575216,1055
粤BW7D25,113.915337,22.576,1055
粤BW7D25,113.941948,22.5651,1058
粤BW7D25,113.945015,22.564917,1058
粤BW7D25,113.939735,22.565132,1058
粤BW7D25,113.94062,22.565117,1058
粤BW7D25,113.948631,22.564568,1059
粤BW7D25,113.95192,22.564068,1059
粤BW7D25,113.955635,22.563482,1059
粤BW7D25,113.958916,22.562782,1059
粤BW7D25,113.967499,22.560833,1060
粤BW7D25,113.962631,22.561968,1060
粤BW7D25,114.001915,22.544733,1062
粤BW7D25,114.00148,22.544884,1062
粤BW7D25,114.003166,22.54425,1063
粤BW7D25,114.014183,22.532017,1064
粤BW7D25,114.015182,22.529867,1064
粤BW7D25,114.014366,22.531584,1064
粤BW7D25,114.033302,22.517599,1065
粤BW7D25,114.028648,22.520166,1065
粤BW7D25,114.029114,22.519899,1065
粤BW7D25,114.046616,22.513117,1066
粤BW7D25,114.043152,22.513468,1066
粤BW7D25,114.036079,22.516083,1066
粤BW7D25,114.039268,22.514584,1066
粤BW7D25,114.053253,22.513983,1067
粤BW7D25,114.056084,22.5151,1067
粤BW7D25,114.057716,22.515867,1067
粤BW7D25,114.050232,22.513332,1067
粤BW7D25,114.057732,22.515882,1068
粤BW7D25,114.057732,22.515882,1068
粤BW7D25,114.057732,22.515882,1068
粤BW7D25,114.057732,22.515882,1068
粤BW7D25,114.057732,22.515882,1069
粤BW7D25,114.058083,22.516068,1069
粤BW7D25,114.057732,22.515882,1069
粤BW7D25,114.058083,22.516068,1069
粤BW7D25,114.058235,22.51615,1070
粤BW7D25,114.058296,22.51635,1070
粤BW7D25,114.058319,22.516283,1070
粤BW7D25,114.058319,22.516283,1070
粤BW7D25,114.059181,22.516968,1071
粤BW7D25,114.068665,22.532833,1073
粤BW7D25,114.068619,22.532833,1073
粤BW7D25,114.069397,22.532301,1074
粤BW7D25,114.069214,22.5327,1074
粤BW7D25,114.069237,22.532049,1074
粤BW7D25,114.068298,22.531918,1075
粤BW7D25,114.067436,22.532917,1075
粤BW7D25,114.067299,22.531933,1075
粤BW7D25,114.068115,22.532217,1075
粤BW7D25,114.066597,22.526966,1076
粤BW7D25,114.066597,22.526966,1076
粤BW7D25,114.068115,22.530117,1076
粤BW7D25,114.067848,22.528566,1076
粤BW7D25,114.065735,22.526182,1077
粤BW7D25,114.066231,22.526167,1077
粤BW7D25,114.065483,22.526234,1078
粤BW7D25,114.065582,22.525499,1079
粤BW7D25,114.066116,22.52615,1079
粤BW7D25,114.065651,22.5259,1079
粤BW7D25,114.065948,22.525949,1079
粤BW7D25,114.065132,22.523951,1080
粤BW7D25,114.065414,22.5245,1080
粤BW7D25,114.065002,22.523817,1080
粤BW7D25,114.065018,22.523718,1081
粤BW7D25,114.064934,22.523483,1081
粤BW7D25,114.064934,22.523483,1081
粤BW7D25,114.064384,22.522751,1082
粤BW7D25,114.06498,22.5231,1082
粤BW7D25,114.061317,22.520718,1084
粤BW7D25,114.061317,22.520733,1084
粤BW7D25,114.062531,22.518517,1085
粤BW7D25,114.062866,22.518967,1085
粤BW7D25,114.062782,22.519318,1085
粤BW7D25,114.062881,22.519068,1085
粤BW7D25,114.061996,22.520018,1085
粤BW7D25,114.06105,22.5175,1086
粤BW7D25,114.061584,22.517866,1086
粤BW7D25,114.059502,22.516367,1086
粤BW7D25,114.06028,22.516899,1086
粤BW7D25,114.058899,22.51585,1087
粤BW7D25,114.058418,22.515568,1087
粤BW7D25,114.057198,22.514601,1089
粤BW7D25,114.052429,22.514549,1091
粤BW7D25,114.053169,22.51465,1091
粤BW7D25,114.052879,22.514633,1091
粤BW7D25,114.051003,22.51495,1092
粤BW7D25,114.051697,22.514351,1092
粤BW7D25,114.050583,22.516132,1092
粤BW7D25,114.05098,22.517668,1093
粤BW7D25,114.050949,22.517767,1093
粤BW7D25,114.050468,22.517134,1093
粤BW7D25,114.05098,22.5177,1093
粤BW7D25,114.050766,22.517584,1094
粤BW7D25,114.050766,22.517584,1094
粤BW7D25,114.05085,22.518084,1094
粤BW7D25,114.050766,22.517584,1094
粤BW7D25,114.044983,22.519518,1095
粤BW7D25,114.049614,22.518467,1095
粤BW7D25,114.043915,22.520082,1095
粤BW7D25,114.046967,22.518818,1095
粤BW7D25,114.042099,22.521217,1096
粤BW7D25,114.042336,22.522083,1096
粤BW7D25,114.043587,22.520117,1096
粤BW7D25,114.042999,22.522917,1097
粤BW7D25,114.043587,22.523783,1097
粤BW7D25,114.042816,22.5226,1097
粤BW7D25,114.042816,22.5226,1097
粤BW7D25,114.044296,22.525417,1098
粤BW7D25,114.043671,22.524332,1098
粤BW7D25,114.043549,22.524282,1098
粤BW7D25,114.043671,22.524,1098
粤BW7D25,114.044731,22.526318,1099
粤BW7D25,114.045135,22.527651,1099
粤BW7D25,114.044853,22.530434,1099
粤BW7D25,114.044952,22.528482,1099
粤BW7D25,114.045685,22.531549,1100
粤BW7D25,114.045418,22.532249,1100
粤BW7D25,114.044647,22.531433,1100
粤BW7D25,114.044632,22.531418,1100
粤BW7D25,114.042664,22.531183,1101
粤BW7D25,114.036865,22.530399,1101
粤BW7D25,114.039635,22.5305,1101
粤BW7D25,114.032867,22.529917,1102
粤BW7D25,114.031487,22.530067,1102
粤BW7D25,114.020218,22.532,1103
粤BW7D25,114.019318,22.5319,1103
粤BW7D25,114.020386,22.532066,1103
粤BW7D25,114.019981,22.531851,1103
粤BW7D25,114.017349,22.5315,1104
粤BW7D25,114.018433,22.531782,1104
粤BW7D25,114.014214,22.530767,1104
粤BW7D25,114.009636,22.529766,1105
粤BW7D25,114.011902,22.530216,1105
粤BW7D25,114.00692,22.529682,1105
粤BW7D25,114.00428,22.529984,1105
粤BW7D25,114.00145,22.530184,1106
粤BW7D25,113.99913,22.5298,1106
粤BW7D25,113.996582,22.528933,1106
粤BW7D25,113.985985,22.523767,1107
粤BW7D25,113.987152,22.524099,1107
粤BW7D25,113.987518,22.524218,1107
粤BW7D25,113.961266,22.522882,1109
粤BW7D25,113.969368,22.522932,1109
粤BW7D25,113.96627,22.5229,1109
粤BW7D25,113.968269,22.522949,1109
粤BW7D25,113.969048,22.522932,1109
粤BW7D25,113.963547,22.5229,1109
粤BW7D25,113.958549,22.523018,1110
粤BW7D25,113.948814,22.524384,1111
粤BW7D25,113.948097,22.5245,1111
粤BW7D25,113.948631,22.524433,1111
粤BW7D25,113.948799,22.522682,1112
粤BW7D25,113.948914,22.524317,1112
粤BW7D25,113.948135,22.525717,1112
粤BW7D25,113.949066,22.524866,1112
粤BW7D25,113.948631,22.521133,1113
粤BW7D25,113.944733,22.519234,1114
粤BW7D25,113.942299,22.519867,1115
粤BW7D25,113.943535,22.519367,1115
粤BW7D25,113.943703,22.51935,1115
粤BW7D25,113.944069,22.519266,1115
粤BW7D25,113.941147,22.521967,1116
粤BW7D25,113.94117,22.521749,1116
粤BW7D25,113.94133,22.521749,1116
粤BW7D25,113.940804,22.52075,1116
粤BW7D25,113.941917,22.52165,1117
粤BW7D25,113.9422,22.521767,1118
粤BW7D25,113.942352,22.52195,1118
粤BW7D25,113.942467,22.521917,1118
粤BW7D25,113.94072,22.522682,1119
粤BW7D25,113.941116,22.522417,1119
粤BW7D25,113.944817,22.523951,1120
粤BW7D25,113.941566,22.524033,1120
粤BW7D25,113.946297,22.5238,1120
粤BW7D25,113.942947,22.524117,1120
粤BW7D25,113.949715,22.528217,1121
粤BW7D25,113.949203,22.526033,1121
粤BW7D25,113.949951,22.530233,1122
粤BW7D25,113.95018,22.534067,1122
粤BW7D25,113.95005,22.531967,1122
粤BW7D25,113.95047,22.535667,1122
粤BW7D25,113.951416,22.537268,1123
粤BW7D25,113.953453,22.540083,1123
粤BW7D25,113.954269,22.541384,1123
粤BW7D25,113.952301,22.53845,1123
粤BW7D25,113.954399,22.542917,1124
粤BW7D25,113.956764,22.543182,1126
粤BW7D25,113.956863,22.543083,1126
粤BW7D25,113.957436,22.543083,1126
粤BW7D25,113.95723,22.543118,1126
粤BW7D25,113.956833,22.543068,1126
粤BW7D25,113.957718,22.543083,1127
粤BW7D25,113.958069,22.543301,1127
粤BW7D25,113.957932,22.543118,1127
粤BW7D25,113.957901,22.54315,1127
粤BW7D25,113.957848,22.542967,1128
粤BW7D25,113.957985,22.543266,1128
粤BW7D25,113.958153,22.543417,1128
粤BW7D25,113.957985,22.543266,1128
粤BW7D25,113.95797,22.543167,1129
粤BW7D25,113.95813,22.543383,1129
粤BW7D25,113.958633,22.543167,1129
粤BW7D25,113.959999,22.543068,1129
粤BW7D25,113.963997,22.541767,1130
粤BW7D25,113.961815,22.542732,1130
粤BW7D25,113.965515,22.541201,1130
粤BW7D25,113.967064,22.540567,1130
粤BW7D25,113.9702,22.5392,1131
粤BW7D25,113.9702,22.5392,1131
粤BW7D25,113.968781,22.539801,1131
粤BW7D25,113.9702,22.53915,1131
粤BW7D25,113.9702,22.5392,1132
粤BW7D25,113.9702,22.5392,1132
粤BW7D25,113.9702,22.5392,1132
粤BW7D25,113.9702,22.5392,1133
粤BW7D25,113.970284,22.539232,1133
粤BW7D25,113.971199,22.538816,1133
粤BW7D25,113.972771,22.538317,1133
粤BW7D25,113.980965,22.536266,1134
粤BW7D25,113.97477,22.537582,1134
粤BW7D25,113.978882,22.536318,1134
粤BW7D25,113.976433,22.536751,1134
粤BW7D25,113.985832,22.53615,1135
粤BW7D25,113.981331,22.536182,1135
粤BW7D25,113.982147,22.536182,1135
粤BW7D25,113.98407,22.536133,1135
粤BW7D25,113.990135,22.535433,1136
粤BW7D25,113.991699,22.534651,1136
粤BW7D25,113.988365,22.53595,1136
粤BW7D25,113.992821,22.534451,1136
粤BW7D25,113.993118,22.531683,1137
粤BW7D25,113.993149,22.533518,1137
粤BW7D25,113.993034,22.531633,1137
粤BW7D25,114.016884,22.531134,1144
粤BW7D25,114.017166,22.531267,1144
粤BW7D25,114.018913,22.5317,1145
粤BW7D25,114.019051,22.531733,1145
粤BW7D25,114.020164,22.531851,1146
粤BW7D25,114.019432,22.531918,1146
粤BW7D25,114.019547,22.531883,1146
粤BW7D25,114.020103,22.531918,1146
粤BW7D25,114.020935,22.531918,1147
粤BW7D25,114.022148,22.531834,1147
粤BW7D25,114.021431,22.531918,1147
粤BW7D25,114.020531,22.531767,1147
粤BW7D25,114.026299,22.530968,1148
粤BW7D25,114.023064,22.531567,1148
粤BW7D25,114.024414,22.5313,1148
粤BW7D25,114.027885,22.530617,1148
粤BW7D25,114.0336,22.530117,1149
粤BW7D25,114.029686,22.530233,1149
粤BW7D25,114.031464,22.530018,1149
粤BW7D25,114.035767,22.5303,1149
粤BW7D25,114.043053,22.531116,1150
粤BW7D25,114.040466,22.530832,1150
粤BW7D25,114.038101,22.530582,1150
粤BW7D25,114.044914,22.531233,1150
粤BW7D25,114.053101,22.531282,1151
粤BW7D25,114.051285,22.531233,1151
粤BW7D25,114.048752,22.531183,1151
粤BW7D25,114.046715,22.531218,1151
粤BW7D25,114.055069,22.531334,1152
粤BW7D25,114.057281,22.531218,1152
粤BW7D25,114.057014,22.531233,1152
粤BW7D25,114.056618,22.531267,1152
粤BW7D25,114.057281,22.531218,1153
粤BW7D25,114.057281,22.531218,1153
粤BW7D25,114.057281,22.531218,1153
粤BW7D25,114.057281,22.531218,1153
粤BW7D25,114.057281,22.531218,1154
粤BW7D25,114.05722,22.53125,1154
粤BW7D25,114.057198,22.531267,1154
粤BW7D25,114.057236,22.531334,1154
粤BW7D25,114.057236,22.531334,1155
粤BW7D25,114.058136,22.531282,1155
粤BW7D25,114.067886,22.5285,1157
粤BW7D25,114.067917,22.528667,1157
粤BW7D25,114.06665,22.526117,1158
粤BW7D25,114.066719,22.525999,1158
粤BW7D25,114.066948,22.526667,1158
粤BW7D25,114.066399,22.525682,1158
粤BW7D25,114.066315,22.525551,1159
粤BW7D25,114.066383,22.525682,1159
粤BW7D25,114.066315,22.525551,1159
粤BW7D25,114.066315,22.525618,1159
粤BW7D25,114.066315,22.525551,1160
粤BW7D25,114.066315,22.525551,1160
粤BW7D25,114.066315,22.525551,1160
粤BW7D25,114.0662,22.525232,1161
粤BW7D25,114.066254,22.525316,1161
粤BW7D25,114.065918,22.5247,1163
粤BW7D25,114.065948,22.524782,1163
粤BW7D25,114.066452,22.524218,1164
粤BW7D25,114.066483,22.524218,1164
粤BW7D25,114.066704,22.524117,1165
粤BW7D25,114.06662,22.524117,1165
粤BW7D25,114.066414,22.5242,1165
粤BW7D25,114.066704,22.524117,1165
粤BW7D25,114.066704,22.524117,1166
粤BW7D25,114.066704,22.524117,1166
粤BW7D25,114.066704,22.524117,1166
粤BW7D25,114.066704,22.524117,1166
粤BW7D25,114.066704,22.524117,1167
粤BW7D25,114.066704,22.524117,1167
粤BW7D25,114.066704,22.524117,1167
粤BW7D25,114.066704,22.524117,1167
粤BW7D25,114.066948,22.524017,1168
粤BW7D25,114.066948,22.524017,1168
粤BW7D25,114.066933,22.524017,1168
粤BW7D25,114.066948,22.524017,1168
粤BW7D25,114.066948,22.524017,1169
粤BW7D25,114.066948,22.524017,1169
粤BW7D25,114.066948,22.524017,1169
粤BW7D25,114.066948,22.524017,1169
粤BW7D25,114.067383,22.523767,1170
粤BW7D25,114.067383,22.523767,1170
粤BW7D25,114.067253,22.523817,1170
粤BW7D25,114.067413,22.523916,1170
粤BW7D25,114.067352,22.523916,1171
粤BW7D25,114.067352,22.523933,1171
粤BW7D25,114.067352,22.523933,1171
粤BW7D25,114.067665,22.523832,1171
粤BW7D25,114.068047,22.523649,1172
粤BW7D25,114.067902,22.523733,1172
粤BW7D25,114.067902,22.523733,1172
粤BW7D25,114.06813,22.5236,1172
粤BW7D25,114.06797,22.523718,1173
粤BW7D25,114.068314,22.52445,1176
粤BW7D25,114.06765,22.524067,1176
粤BW7D25,114.067703,22.524332,1176
粤BW7D25,114.068382,22.523867,1177
粤BW7D25,114.068047,22.523916,1177
粤BW7D25,114.067848,22.524117,1177
粤BW7D25,114.0681,22.523933,1178
粤BW7D25,114.067818,22.523817,1178
粤BW7D25,114.067802,22.523733,1178
粤BW7D25,114.0681,22.523933,1178
粤BW7D25,114.066917,22.526016,1179
粤BW7D25,114.067329,22.524933,1179
粤BW7D25,114.067863,22.524017,1179
粤BW7D25,114.067451,22.52445,1179
粤BW7D25,114.067551,22.527,1180
粤BW7D25,114.068047,22.547068,1182
粤BW7D25,114.068352,22.545,1182
粤BW7D25,114.068214,22.54525,1182
粤BW7D25,114.06852,22.54475,1182
粤BW7D25,114.0681,22.547867,1183
粤BW7D25,114.068115,22.549232,1183
粤BW7D25,114.068047,22.5504,1183
粤BW7D25,114.068016,22.550383,1184
粤BW7D25,114.06797,22.5504,1184
粤BW7D25,114.068016,22.550417,1184
粤BW7D25,114.06797,22.550432,1184
粤BW7D25,114.067947,22.5504,1185
粤BW7D25,114.067986,22.55065,1185
粤BW7D25,114.067947,22.550383,1185
粤BW7D25,114.067902,22.5518,1185
粤BW7D25,114.067848,22.553568,1186
粤BW7D25,114.067863,22.555767,1186
粤BW7D25,114.067902,22.557199,1186
粤BW7D25,114.067932,22.557632,1186
粤BW7D25,114.067932,22.557667,1187
粤BW7D25,114.067902,22.557699,1187
粤BW7D25,114.067932,22.557667,1187
粤BW7D25,114.067932,22.557667,1187
粤BW7D25,114.06765,22.5639,1188
粤BW7D25,114.067719,22.56645,1188
粤BW7D25,114.067551,22.560818,1188
粤BW7D25,114.067886,22.558968,1188
粤BW7D25,114.067749,22.568832,1189
粤BW7D25,114.067703,22.569332,1189
粤BW7D25,114.067719,22.570299,1190
粤BW7D25,114.067566,22.571783,1190
粤BW7D25,114.067551,22.570517,1190
粤BW7D25,114.067268,22.573217,1190
粤BW7D25,114.062149,22.578217,1191
粤BW7D25,114.066933,22.57465,1191
粤BW7D25,114.064247,22.577682,1191
粤BW7D25,114.054382,22.58165,1192
粤BW7D25,114.054764,22.579866,1192
粤BW7D25,114.059319,22.578367,1192
粤BW7D25,114.056953,22.578733,1192
粤BW7D25,114.051804,22.588617,1193
粤BW7D25,114.05323,22.585083,1193
粤BW7D25,114.050613,22.589649,1194
粤BW7D25,114.05127,22.59235,1194
粤BW7D25,114.050018,22.591084,1194
粤BW7D25,114.05648,22.595051,1195
粤BW7D25,114.056915,22.596916,1196
粤BW7D25,114.056465,22.598049,1196
粤BW7D25,114.05687,22.596001,1196
粤BW7D25,114.060654,22.603767,1197
粤BW7D25,114.06282,22.605417,1198
粤BW7D25,114.068268,22.622967,1204
粤BW7D25,114.068047,22.62295,1204
粤BW7D25,114.065849,22.6294,1205
粤BW7D25,114.066368,22.62665,1205
粤BW7D25,114.06665,22.624582,1205
粤BW7D25,114.066963,22.623533,1205
粤BW7D25,114.066071,22.628366,1205
粤BW7D25,114.065567,22.628283,1206
粤BW7D25,114.066017,22.626417,1206
粤BW7D25,114.06633,22.625282,1206
粤BW7D25,114.065598,22.629168,1206
粤BW7D25,114.066414,22.619467,1207
粤BW7D25,114.067284,22.620132,1207
粤BW7D25,114.066818,22.623301,1207
粤BW7D25,114.064514,22.6194,1208
粤BW7D25,114.063316,22.619383,1208
粤BW7D25,114.062584,22.619118,1208
粤BW7D25,114.062866,22.6194,1208
粤BW7D25,114.062698,22.6182,1209
粤BW7D25,114.06263,22.618317,1209
粤BW7D25,114.0625,22.619167,1209
粤BW7D25,114.06282,22.618183,1209
粤BW7D25,114.061836,22.619801,1210
粤BW7D25,114.058601,22.619267,1210
粤BW7D25,114.062553,22.619249,1210
粤BW7D25,114.060135,22.619467,1210
粤BW7D25,114.056068,22.619301,1211
粤BW7D25,114.057281,22.619316,1211
粤BW7D25,114.055847,22.6199,1211
粤BW7D25,114.055916,22.62055,1211
粤BW7D25,114.055847,22.621201,1212
粤BW7D25,114.054764,22.619267,1212
粤BW7D25,114.055283,22.620001,1212
粤BW7D25,114.05555,22.621166,1212
粤BW7D25,114.053299,22.619249,1213
粤BW7D25,114.050652,22.622316,1214
粤BW7D25,114.050583,22.622267,1214
粤BW7D25,114.049149,22.62195,1214
粤BW7D25,114.05072,22.622183,1214
粤BW7D25,114.04747,22.621532,1215
粤BW7D25,114.04232,22.620068,1215
粤BW7D25,114.046402,22.621149,1215
粤BW7D25,114.044586,22.620617,1215
粤BW7D25,114.041283,22.6196,1216
粤BW7D25,114.037331,22.61725,1217
粤BW7D25,114.038651,22.617933,1217
粤BW7D25,114.032753,22.615049,1218
粤BW7D25,114.032799,22.615084,1219
粤BW7D25,114.0327,22.615017,1219
粤BW7D25,114.0327,22.615116,1219
粤BW7D25,114.0326,22.615133,1219
粤BW7D25,114.032654,22.615032,1220
粤BW7D25,114.031616,22.614416,1220
粤BW7D25,114.032654,22.615032,1220
粤BW7D25,114.032654,22.615032,1220
粤BW7D25,114.030098,22.613117,1221
粤BW7D25,114.029533,22.6126,1221
粤BW7D25,114.029533,22.612633,1221
粤BW7D25,114.029533,22.612633,1221
粤BW7D25,114.023933,22.609133,1222
粤BW7D25,114.029335,22.612499,1222
粤BW7D25,114.027786,22.611517,1222
粤BW7D25,114.025833,22.610332,1222
粤BW7D25,114.022865,22.6087,1223
粤BW7D25,114.022163,22.609182,1223
粤BW7D25,114.02182,22.6101,1223
粤BW7D25,114.021919,22.609751,1223
粤BW7D25,114.022064,22.609667,1224
粤BW7D25,114.023087,22.6105,1224
粤BW7D25,114.031219,22.529867,1270
粤BW7D25,114.055252,22.5315,1272
粤BW7D25,114.048851,22.531633,1272
粤BW7D25,114.049232,22.53175,1272
粤BW7D25,114.050697,22.531782,1272
粤BW7D25,114.061249,22.531616,1273
粤BW7D25,114.063454,22.531418,1273
粤BW7D25,114.057114,22.531233,1273
粤BW7D25,114.06485,22.531532,1274
粤BW7D25,114.066437,22.531418,1274
粤BW7D25,114.06823,22.528868,1274
粤BW7D25,114.067184,22.5273,1275
粤BW7D25,114.066681,22.526068,1275
粤BW7D25,114.067184,22.5273,1275
粤BW7D25,114.066437,22.526016,1276
粤BW7D25,114.066437,22.526083,1276
粤BW7D25,114.066254,22.525818,1276
粤BW7D25,114.065781,22.525749,1276
粤BW7D25,114.066315,22.527901,1277
粤BW7D25,114.066666,22.527134,1277
粤BW7D25,114.066414,22.5263,1277
粤BW7D25,114.064682,22.529751,1278
粤BW7D25,114.068283,22.528618,1279
粤BW7D25,114.064835,22.5315,1279
粤BW7D25,114.067482,22.530718,1279
粤BW7D25,114.067184,22.526951,1280
粤BW7D25,114.067184,22.525017,1280
粤BW7D25,114.066071,22.525084,1280
粤BW7D25,114.067413,22.52375,1281
粤BW7D25,114.067131,22.523832,1281
粤BW7D25,114.0681,22.524317,1281
粤BW7D25,114.067482,22.524067,1281
粤BW7D25,114.067535,22.523533,1282
粤BW7D25,114.067947,22.523817,1282
粤BW7D25,114.067764,22.523684,1282
粤BW7D25,114.068268,22.524166,1282
粤BW7D25,114.067703,22.523718,1283
粤BW7D25,114.067635,22.523718,1283
粤BW7D25,114.067802,22.523701,1283
粤BW7D25,114.06768,22.523733,1283
粤BW7D25,114.068214,22.523582,1284
粤BW7D25,114.068298,22.523533,1284
粤BW7D25,114.068314,22.523582,1284
粤BW7D25,114.068298,22.523582,1284
粤BW7D25,114.068565,22.523666,1285
粤BW7D25,114.06823,22.523483,1285
粤BW7D25,114.068352,22.523451,1285
粤BW7D25,114.068214,22.523718,1286
粤BW7D25,114.068985,22.523767,1286
粤BW7D25,114.068481,22.523718,1286
粤BW7D25,114.068565,22.523849,1287
粤BW7D25,114.068352,22.523849,1287
粤BW7D25,114.06813,22.523701,1287
粤BW7D25,114.06852,22.523849,1287
粤BW7D25,114.068481,22.523867,1288
粤BW7D25,114.068619,22.523867,1288
粤BW7D25,114.068649,22.523849,1288
粤BW7D25,114.06852,22.523849,1288
粤BW7D25,114.068634,22.5238,1289
粤BW7D25,114.068848,22.523817,1289
粤BW7D25,114.068581,22.5238,1289
粤BW7D25,114.068619,22.523817,1289
粤BW7D25,114.068497,22.524401,1290
粤BW7D25,114.068634,22.523832,1290
粤BW7D25,114.068565,22.524082,1290
粤BW7D25,114.068169,22.524233,1290
粤BW7D25,114.068069,22.524349,1291
粤BW7D25,114.068085,22.524401,1291
粤BW7D25,114.068031,22.524349,1291
粤BW7D25,114.068314,22.5243,1291
粤BW7D25,114.067734,22.52425,1292
粤BW7D25,114.067833,22.52445,1292
粤BW7D25,114.06778,22.52445,1292
粤BW7D25,114.068016,22.524183,1292
粤BW7D25,114.068367,22.524151,1293
粤BW7D25,114.068298,22.5238,1293
粤BW7D25,114.06813,22.523849,1293
粤BW7D25,114.06852,22.523718,1293
粤BW7D25,114.0672,22.525967,1294
粤BW7D25,114.067497,22.524483,1294
粤BW7D25,114.067314,22.524851,1294
粤BW7D25,114.068001,22.523884,1294
粤BW7D25,114.068153,22.5277,1295
粤BW7D25,114.068581,22.530184,1295
粤BW7D25,114.06958,22.532784,1295
粤BW7D25,114.068718,22.53215,1295
粤BW7D25,114.069199,22.531816,1296
粤BW7D25,114.064514,22.531733,1296
粤BW7D25,114.065933,22.53195,1296
粤BW7D25,114.060249,22.531733,1297
粤BW7D25,114.04998,22.532084,1298
粤BW7D25,114.050552,22.533649,1298
粤BW7D25,114.052536,22.531683,1298
粤BW7D25,114.050529,22.53425,1299
粤BW7D25,114.050415,22.535366,1299
粤BW7D25,114.04847,22.535351,1301
粤BW7D25,114.048866,22.535633,1301
粤BW7D25,114.048935,22.535933,1301
粤BW7D25,114.048485,22.5355,1301
粤BW7D25,114.048653,22.535833,1301
粤BW7D25,114.046997,22.531834,1303
粤BW7D25,114.046501,22.531834,1303
粤BW7D25,114.046829,22.531851,1303
粤BW7D25,114.045403,22.531668,1303
粤BW7D25,114.044617,22.530968,1304
粤BW7D25,114.044403,22.532133,1304
粤BW7D25,114.043083,22.531967,1304
粤BW7D25,114.044983,22.526917,1305
粤BW7D25,114.044785,22.529551,1305
粤BW7D25,114.046997,22.528032,1307
粤BW7D25,114.045334,22.527634,1308
粤BW7D25,114.0457,22.527617,1308
粤BW7D25,114.046532,22.527817,1308
粤BW7D25,114.04467,22.530582,1309
粤BW7D25,114.045349,22.528366,1309
粤BW7D25,114.044533,22.538467,1310
粤BW7D25,114.044685,22.535383,1310
粤BW7D25,114.044479,22.541082,1310
粤BW7D25,114.044601,22.53285,1310
粤BW7D25,114.044167,22.5499,1311
粤BW7D25,114.044334,22.544149,1311
粤BW7D25,114.044136,22.546867,1311
粤BW7D25,114.044029,22.549999,1312
粤BW7D25,114.044136,22.550034,1312
粤BW7D25,114.04377,22.549932,1312
粤BW7D25,114.044167,22.5501,1312
粤BW7D25,114.044281,22.556316,1313
粤BW7D25,114.044281,22.551001,1313
粤BW7D25,114.04435,22.555099,1313
粤BW7D25,114.0439,22.556618,1314
粤BW7D25,114.044182,22.556217,1314
粤BW7D25,114.04348,22.557699,1314
粤BW7D25,114.038933,22.566116,1315
粤BW7D25,114.041534,22.561083,1315
粤BW7D25,114.041603,22.560783,1315
粤BW7D25,114.040604,22.562817,1315
粤BW7D25,114.040535,22.566816,1316
粤BW7D25,114.042618,22.569283,1317
粤BW7D25,114.042252,22.567833,1317
粤BW7D25,114.04232,22.570517,1317
粤BW7D25,114.042603,22.568333,1317
粤BW7D25,114.042297,22.570383,1318
粤BW7D25,114.041481,22.570566,1318
粤BW7D25,114.041519,22.574467,1319
粤BW7D25,114.041763,22.574516,1319
粤BW7D25,114.041115,22.57445,1320
粤BW7D25,114.04142,22.574417,1320
粤BW7D25,114.041199,22.574432,1320
粤BW7D25,114.041199,22.574432,1320
粤BW7D25,114.041183,22.574583,1321
粤BW7D25,114.041115,22.57445,1321
粤BW7D25,114.037918,22.573566,1323
粤BW7D25,114.037933,22.573418,1323
粤BW7D25,114.040016,22.570017,1324
粤BW7D25,114.04007,22.570084,1324
粤BW7D25,114.04068,22.568632,1325
粤BW7D25,114.040199,22.569683,1325
粤BW7D25,114.040314,22.569283,1325
粤BW7D25,114.040047,22.570084,1325
粤BW7D25,114.040932,22.568317,1326
粤BW7D25,114.041252,22.567417,1326
粤BW7D25,114.041031,22.567766,1326
粤BW7D25,114.041252,22.566967,1326
粤BW7D25,114.045067,22.567699,1327
粤BW7D25,114.043282,22.567766,1327
粤BW7D25,114.04673,22.567467,1327
粤BW7D25,114.048798,22.568434,1328
粤BW7D25,114.048714,22.567499,1329
粤BW7D25,114.04612,22.571383,1330
粤BW7D25,114.048531,22.571068,1330
粤BW7D25,114.048332,22.571167,1330
粤BW7D25,114.042503,22.5704,1331
粤BW7D25,114.044151,22.5711,1331
粤BW7D25,114.042419,22.570368,1331
粤BW7D25,114.042549,22.570433,1331
粤BW7D25,114.041451,22.570284,1332
粤BW7D25,114.037903,22.573816,1334
粤BW7D25,114.038353,22.572918,1335
粤BW7D25,114.037537,22.573933,1335
粤BW7D25,114.037735,22.574301,1335
粤BW7D25,114.039749,22.570667,1336
粤BW7D25,114.039917,22.569817,1337
粤BW7D25,114.039932,22.570032,1337
粤BW7D25,114.040764,22.568233,1338
粤BW7D25,114.040314,22.56925,1338
粤BW7D25,114.04377,22.565001,1339
粤BW7D25,114.043617,22.56625,1339
粤BW7D25,114.043404,22.567633,1339
粤BW7D25,114.045036,22.564667,1340
粤BW7D25,114.044983,22.564716,1340
粤BW7D25,114.047852,22.5646,1341
粤BW7D25,114.048851,22.564568,1341
粤BW7D25,114.049187,22.563368,1341
粤BW7D25,114.04908,22.564016,1342
粤BW7D25,114.050186,22.5646,1342
粤BW7D25,114.05162,22.564484,1342
粤BW7D25,114.053101,22.5644,1342
粤BW7D25,114.054398,22.562634,1343
粤BW7D25,114.054283,22.562599,1343
粤BW7D25,114.054153,22.564383,1343
粤BW7D25,114.054268,22.563833,1343
粤BW7D25,114.055115,22.562,1344
粤BW7D25,114.054283,22.562599,1344
粤BW7D25,114.054482,22.562483,1344
粤BW7D25,114.064919,22.557817,1345
粤BW7D25,114.060883,22.559549,1345
粤BW7D25,114.059052,22.561968,1345
粤BW7D25,114.062737,22.557934,1345
粤BW7D25,114.065369,22.557783,1346
粤BW7D25,114.066948,22.558332,1346
粤BW7D25,114.065819,22.557617,1346
粤BW7D25,114.062263,22.551817,1348
粤BW7D25,114.06237,22.554716,1348
粤BW7D25,114.061836,22.5515,1348
粤BW7D25,114.062515,22.557501,1348
粤BW7D25,114.059799,22.55135,1349
粤BW7D25,114.05632,22.551117,1349
粤BW7D25,114.057854,22.551132,1349
粤BW7D25,114.051315,22.551382,1350
粤BW7D25,114.051216,22.551268,1350
粤BW7D25,114.05117,22.551216,1351
粤BW7D25,114.051132,22.550249,1351
粤BW7D25,114.051147,22.551233,1351
粤BW7D25,114.051117,22.549749,1351
粤BW7D25,114.051048,22.549549,1352
粤BW7D25,114.050781,22.540649,1353
粤BW7D25,114.051453,22.539167,1354
粤BW7D25,114.047882,22.537533,1355
粤BW7D25,114.048431,22.537767,1355
粤BW7D25,114.047897,22.538267,1356
粤BW7D25,114.05127,22.537466,1358
粤BW7D25,114.051048,22.538099,1358
粤BW7D25,114.051003,22.5301,1359
粤BW7D25,114.052429,22.531218,1360
粤BW7D25,114.072281,22.530767,1362
粤BW7D25,114.070198,22.531633,1362
粤BW7D25,114.071884,22.5306,1363
粤BW7D25,114.072182,22.530817,1363
粤BW7D25,114.072052,22.531334,1363
粤BW7D25,114.072197,22.530832,1363
粤BW7D25,114.071983,22.529051,1364
粤BW7D25,114.071999,22.528982,1364
粤BW7D25,114.072098,22.530117,1364
粤BW7D25,114.071335,22.5257,1365
粤BW7D25,114.071404,22.52655,1365
粤BW7D25,114.070213,22.526283,1366
粤BW7D25,114.067635,22.528418,1366
粤BW7D25,114.068184,22.530649,1366
粤BW7D25,114.068352,22.527117,1366
粤BW7D25,114.06813,22.531099,1367
粤BW7D25,114.069252,22.531633,1367
粤BW7D25,114.069565,22.53315,1367
粤BW7D25,114.068199,22.5322,1368
粤BW7D25,114.067314,22.532883,1368
粤BW7D25,114.067116,22.523899,1370
粤BW7D25,114.067116,22.523951,1370
粤BW7D25,114.066803,22.524099,1370
粤BW7D25,114.067268,22.523832,1371
粤BW7D25,114.067146,22.523951,1371
粤BW7D25,114.067314,22.523884,1371
粤BW7D25,114.067299,22.523983,1371
粤BW7D25,114.06752,22.52375,1372
粤BW7D25,114.06778,22.523817,1372
粤BW7D25,114.067764,22.523849,1372
粤BW7D25,114.067482,22.523933,1372
粤BW7D25,114.067917,22.5238,1373
粤BW7D25,114.068336,22.523849,1374
粤BW7D25,114.068336,22.523884,1374
粤BW7D25,114.068535,22.524,1375
粤BW7D25,114.068398,22.523983,1375
粤BW7D25,114.068466,22.523968,1376
粤BW7D25,114.068497,22.524218,1376
粤BW7D25,114.06765,22.524233,1377
粤BW7D25,114.067581,22.525034,1377
粤BW7D25,114.067932,22.524517,1377
粤BW7D25,114.067818,22.523951,1378
粤BW7D25,114.067902,22.524033,1378
粤BW7D25,114.067764,22.523767,1379
粤BW7D25,114.068085,22.523884,1379
粤BW7D25,114.067413,22.524567,1379
粤BW7D25,114.06765,22.523832,1379
粤BW7D25,114.06852,22.531767,1380
粤BW7D25,114.068314,22.529333,1380
粤BW7D25,114.066803,22.525551,1380
粤BW7D25,114.06765,22.526917,1380
粤BW7D25,114.068764,22.533449,1381
粤BW7D25,114.06292,22.531651,1382
粤BW7D25,114.062347,22.529583,1382
粤BW7D25,114.062065,22.527317,1383
粤BW7D25,114.06295,22.527517,1383
粤BW7D25,114.063164,22.526318,1383
粤BW7D25,114.059967,22.526917,1384
粤BW7D25,114.059769,22.527634,1384
粤BW7D25,114.058449,22.523983,1387
粤BW7D25,114.058449,22.523916,1387
粤BW7D25,114.059349,22.524467,1388
粤BW7D25,114.058563,22.52585,1388
粤BW7D25,114.058701,22.52475,1388
粤BW7D25,114.059334,22.526068,1389
粤BW7D25,114.071518,22.526251,1394
粤BW7D25,114.070633,22.5263,1395
粤BW7D25,114.070915,22.526583,1395
粤BW7D25,114.067986,22.528282,1396
粤BW7D25,114.065598,22.524418,1398
粤BW7D25,114.067085,22.523951,1398
粤BW7D25,114.067284,22.527384,1398
粤BW7D25,114.067169,22.527166,1398
粤BW7D25,114.067566,22.523832,1399
粤BW7D25,114.067497,22.52375,1399
粤BW7D25,114.067551,22.52375,1399
粤BW7D25,114.067551,22.52375,1399
粤BW7D25,114.067566,22.523849,1400
粤BW7D25,114.067986,22.523733,1400
粤BW7D25,114.06752,22.524033,1400
粤BW7D25,114.067818,22.52375,1400
粤BW7D25,114.067986,22.523733,1401
粤BW7D25,114.06842,22.52355,1401
粤BW7D25,114.067986,22.523733,1401
粤BW7D25,114.067986,22.523733,1401
粤BW7D25,114.06855,22.523733,1402
粤BW7D25,114.06842,22.523783,1402
粤BW7D25,114.06855,22.523733,1402
粤BW7D25,114.068787,22.523632,1402
粤BW7D25,114.068581,22.524218,1403
粤BW7D25,114.06842,22.52445,1403
粤BW7D25,114.068787,22.52375,1403
粤BW7D25,114.06868,22.524017,1403
粤BW7D25,114.068268,22.524233,1404
粤BW7D25,114.068069,22.524067,1404
粤BW7D25,114.068382,22.524134,1404
粤BW7D25,114.068153,22.524282,1404
粤BW7D25,114.068153,22.523684,1405
粤BW7D25,114.067566,22.524668,1405
粤BW7D25,114.067383,22.524717,1405
粤BW7D25,114.068214,22.523817,1405
粤BW7D25,114.068001,22.523968,1406
粤BW7D25,114.067467,22.524317,1406
粤BW7D25,114.067451,22.524317,1406
粤BW7D25,114.067917,22.52405,1406
粤BW7D25,114.066948,22.524616,1407
粤BW7D25,114.068985,22.526768,1407
粤BW7D25,114.067352,22.526501,1407
粤BW7D25,114.07003,22.530466,1408
粤BW7D25,114.07132,22.53145,1408
粤BW7D25,114.068748,22.529499,1408
粤BW7D25,114.072136,22.531517,1408
粤BW7D25,114.06897,22.5291,1409
粤BW7D25,114.07148,22.528868,1409
粤BW7D25,114.072449,22.529249,1409
粤BW7D25,114.06752,22.528084,1409
粤BW7D25,114.067352,22.525583,1410
粤BW7D25,114.066849,22.525034,1410
粤BW7D25,114.063118,22.519867,1411
粤BW7D25,114.063118,22.519867,1411
粤BW7D25,114.062233,22.520201,1412
粤BW7D25,114.062035,22.520367,1412
粤BW7D25,114.062714,22.520267,1412
粤BW7D25,114.061897,22.5217,1412
粤BW7D25,114.064079,22.527399,1413
粤BW7D25,114.063683,22.525932,1413
粤BW7D25,114.063652,22.52545,1413
粤BW7D25,114.065514,22.531668,1414
粤BW7D25,114.064186,22.5287,1414
粤BW7D25,114.063347,22.532017,1414
粤BW7D25,114.063271,22.530849,1414
粤BW7D25,114.068153,22.527451,1415
粤BW7D25,114.066917,22.53105,1415
粤BW7D25,114.068718,22.5291,1415
粤BW7D25,114.066933,22.525467,1415
粤BW7D25,114.064598,22.525417,1416
粤BW7D25,114.066498,22.523951,1418
粤BW7D25,114.06662,22.52405,1418
粤BW7D25,114.06662,22.524067,1418
粤BW7D25,114.066437,22.524033,1418
粤BW7D25,114.066681,22.524082,1418
粤BW7D25,114.066498,22.524082,1418
粤BW7D25,114.066582,22.524233,1419
粤BW7D25,114.066986,22.524067,1419
粤BW7D25,114.066864,22.524099,1419
粤BW7D25,114.066582,22.524233,1419
粤BW7D25,114.067184,22.523951,1420
粤BW7D25,114.067184,22.523933,1420
粤BW7D25,114.066986,22.524067,1420
粤BW7D25,114.067184,22.523951,1420
粤BW7D25,114.06707,22.524,1421
粤BW7D25,114.06707,22.524,1421
粤BW7D25,114.067314,22.523884,1421
粤BW7D25,114.067314,22.523884,1421
粤BW7D25,114.067314,22.523884,1422
粤BW7D25,114.067314,22.523884,1422
粤BW7D25,114.067314,22.523884,1422
粤BW7D25,114.067314,22.523884,1422
粤BW7D25,114.067314,22.523884,1423
粤BW7D25,114.067314,22.523884,1423
粤BW7D25,114.067314,22.523884,1423
粤BW7D25,114.067314,22.523884,1423
粤BW7D25,114.067413,22.523867,1424
粤BW7D25,114.067665,22.5238,1424
粤BW7D25,114.067413,22.523867,1424
粤BW7D25,114.067314,22.523884,1424
粤BW7D25,114.06797,22.523666,1425
粤BW7D25,114.067665,22.5238,1425
粤BW7D25,114.067719,22.523783,1425
粤BW7D25,114.067665,22.5238,1425
粤BW7D25,114.068314,22.523666,1426
粤BW7D25,114.067932,22.523684,1426
粤BW7D25,114.068497,22.524,1426
粤BW7D25,114.068367,22.524017,1426
粤BW7D25,114.068466,22.524033,1427
粤BW7D25,114.068497,22.524,1427
粤BW7D25,114.068367,22.524183,1427
粤BW7D25,114.068001,22.524282,1427
粤BW7D25,114.067665,22.524349,1428
粤BW7D25,114.06765,22.524117,1428
粤BW7D25,114.067749,22.524418,1428
粤BW7D25,114.067413,22.52445,1428
粤BW7D25,114.067932,22.523884,1429
粤BW7D25,114.068169,22.524067,1429
粤BW7D25,114.067719,22.523933,1429
粤BW7D25,114.068085,22.523649,1429
粤BW7D25,114.067085,22.52615,1430
粤BW7D25,114.067749,22.523933,1430
粤BW7D25,114.06813,22.527533,1430
粤BW7D25,114.067719,22.524384,1430
粤BW7D25,114.068352,22.529682,1431
粤BW7D25,114.071671,22.531668,1431
粤BW7D25,114.07428,22.531782,1431
粤BW7D25,114.070198,22.531067,1431
粤BW7D25,114.078598,22.533867,1432
粤BW7D25,114.076797,22.531866,1432
粤BW7D25,114.079666,22.535982,1432
粤BW7D25,114.082298,22.537434,1432
粤BW7D25,114.095116,22.538099,1433
粤BW7D25,114.085335,22.537367,1433
粤BW7D25,114.088516,22.537617,1433
粤BW7D25,114.091599,22.538134,1433
粤BW7D25,114.101585,22.538134,1434
粤BW7D25,114.098129,22.538134,1434
粤BW7D25,114.118263,22.539682,1437
粤BW7D25,114.118553,22.539133,1437
粤BW7D25,114.118629,22.539083,1437
粤BW7D25,114.118118,22.539867,1437
粤BW7D25,114.118484,22.539167,1437
粤BW7D25,114.118179,22.539734,1438
粤BW7D25,114.118301,22.539516,1438
粤BW7D25,114.118217,22.539801,1438
粤BW7D25,114.118217,22.539801,1438
粤BW7D25,114.118248,22.539917,1439
粤BW7D25,114.118248,22.539917,1439
粤BW7D25,114.118202,22.540001,1439
粤BW7D25,114.118248,22.539917,1439
