粤BZ5Z26,114.048401,22.5231,7
粤BZ5Z26,114.048401,22.5231,9
粤BZ5Z26,114.048401,22.5231,10
粤BZ5Z26,114.048401,22.5231,11
粤BZ5Z26,114.048401,22.5231,11
粤BZ5Z26,114.048401,22.5231,13
粤BZ5Z26,114.048401,22.5231,13
粤BZ5Z26,114.048401,22.5231,13
粤BZ5Z26,114.048401,22.5231,14
粤BZ5Z26,114.048401,22.5231,14
粤BZ5Z26,114.048401,22.5231,14
粤BZ5Z26,114.048401,22.5231,16
粤BZ5Z26,114.048401,22.5231,17
粤BZ5Z26,114.048401,22.5231,17
粤BZ5Z26,114.048401,22.5231,17
粤BZ5Z26,114.048401,22.5231,18
粤BZ5Z26,114.048401,22.5231,18
粤BZ5Z26,114.048401,22.5231,20
粤BZ5Z26,114.048401,22.5231,20
粤BZ5Z26,114.048401,22.5231,21
粤BZ5Z26,114.048401,22.5231,21
粤BZ5Z26,114.048401,22.5231,23
粤BZ5Z26,114.048401,22.5231,24
粤BZ5Z26,114.048401,22.5231,25
粤BZ5Z26,114.048401,22.5231,25
粤BZ5Z26,114.048401,22.5231,25
粤BZ5Z26,114.048401,22.5231,27
粤BZ5Z26,114.048401,22.5231,27
粤BZ5Z26,114.048401,22.5231,28
粤BZ5Z26,114.048401,22.5231,28
粤BZ5Z26,114.048401,22.5231,29
粤BZ5Z26,114.048401,22.5231,31
粤BZ5Z26,114.048401,22.5231,31
粤BZ5Z26,114.048401,22.5231,32
粤BZ5Z26,114.048401,22.5231,32
粤BZ5Z26,114.048401,22.5231,35
粤BZ5Z26,114.048401,22.5231,35
粤BZ5Z26,114.048401,22.5231,35
粤BZ5Z26,114.048401,22.5231,36
粤BZ5Z26,114.048401,22.5231,38
粤BZ5Z26,114.048401,22.5231,38
粤BZ5Z26,114.048401,22.5231,38
粤BZ5Z26,114.048401,22.5231,39
粤BZ5Z26,114.048401,22.5231,39
粤BZ5Z26,114.048401,22.5231,41
粤BZ5Z26,114.048401,22.5231,42
粤BZ5Z26,114.048401,22.5231,42
粤BZ5Z26,114.048401,22.5231,43
粤BZ5Z26,114.048401,22.5231,43
粤BZ5Z26,114.048401,22.5231,43
粤BZ5Z26,114.048401,22.5231,45
粤BZ5Z26,114.048401,22.5231,46
粤BZ5Z26,114.048401,22.5231,46
粤BZ5Z26,114.048401,22.5231,47
粤BZ5Z26,114.048401,22.5231,48
粤BZ5Z26,114.048401,22.5231,49
粤BZ5Z26,114.048401,22.5231,49
粤BZ5Z26,114.048401,22.5231,49
粤BZ5Z26,114.048401,22.5231,50
粤BZ5Z26,114.048401,22.5231,52
粤BZ5Z26,114.048401,22.5231,54
粤BZ5Z26,114.048401,22.5231,55
粤BZ5Z26,114.048401,22.5231,56
粤BZ5Z26,114.048401,22.5231,56
粤BZ5Z26,114.048401,22.5231,59
粤BZ5Z26,114.048401,22.5231,60
粤BZ5Z26,114.048401,22.5231,60
粤BZ5Z26,114.048401,22.5231,60
粤BZ5Z26,114.048401,22.5231,61
粤BZ5Z26,114.048401,22.5231,63
粤BZ5Z26,114.048401,22.5231,63
粤BZ5Z26,114.048401,22.5231,64
粤BZ5Z26,114.048401,22.5231,64
粤BZ5Z26,114.048401,22.5231,65
粤BZ5Z26,114.048401,22.5231,66
粤BZ5Z26,114.048401,22.5231,67
粤BZ5Z26,114.048401,22.5231,67
粤BZ5Z26,114.048401,22.5231,67
粤BZ5Z26,114.048401,22.5231,68
粤BZ5Z26,114.048401,22.5231,68
粤BZ5Z26,114.048401,22.5231,68
粤BZ5Z26,114.048401,22.5231,70
粤BZ5Z26,114.048401,22.5231,70
粤BZ5Z26,114.048401,22.5231,71
粤BZ5Z26,114.048401,22.5231,72
粤BZ5Z26,114.048401,22.5231,72
粤BZ5Z26,114.048401,22.5231,74
粤BZ5Z26,114.048401,22.5231,75
粤BZ5Z26,114.048401,22.5231,75
粤BZ5Z26,114.048401,22.5231,75
粤BZ5Z26,114.048401,22.5231,77
粤BZ5Z26,114.048401,22.5231,78
粤BZ5Z26,114.048401,22.5231,79
粤BZ5Z26,114.048401,22.5231,80
粤BZ5Z26,114.048401,22.5231,81
粤BZ5Z26,114.048401,22.5231,82
粤BZ5Z26,114.048401,22.5231,85
粤BZ5Z26,114.048401,22.5231,85
粤BZ5Z26,114.048401,22.5231,85
粤BZ5Z26,114.048401,22.5231,88
粤BZ5Z26,114.048401,22.5231,89
粤BZ5Z26,114.048401,22.5231,89
粤BZ5Z26,114.048401,22.5231,91
粤BZ5Z26,114.048401,22.5231,92
粤BZ5Z26,114.048401,22.5231,92
粤BZ5Z26,114.048401,22.5231,94
粤BZ5Z26,114.048401,22.5231,95
粤BZ5Z26,114.048401,22.5231,95
粤BZ5Z26,114.048401,22.5231,95
粤BZ5Z26,114.048401,22.5231,96
粤BZ5Z26,114.048401,22.5231,98
粤BZ5Z26,114.048401,22.5231,99
粤BZ5Z26,114.048401,22.5231,100
粤BZ5Z26,114.048401,22.5231,100
粤BZ5Z26,114.048401,22.5231,102
粤BZ5Z26,114.048401,22.5231,102
粤BZ5Z26,114.048401,22.5231,103
粤BZ5Z26,114.048401,22.5231,103
粤BZ5Z26,114.048401,22.5231,103
粤BZ5Z26,114.048401,22.5231,105
粤BZ5Z26,114.048401,22.5231,106
粤BZ5Z26,114.048401,22.5231,106
粤BZ5Z26,114.048401,22.5231,106
粤BZ5Z26,114.048401,22.5231,107
粤BZ5Z26,114.048401,22.5231,107
粤BZ5Z26,114.048401,22.5231,109
粤BZ5Z26,114.048401,22.5231,110
粤BZ5Z26,114.048401,22.5231,110
粤BZ5Z26,114.048401,22.5231,110
粤BZ5Z26,114.048401,22.5231,111
粤BZ5Z26,114.048401,22.5231,113
粤BZ5Z26,114.048401,22.5231,113
粤BZ5Z26,114.048401,22.5231,114
粤BZ5Z26,114.048401,22.5231,114
粤BZ5Z26,114.048401,22.5231,116
粤BZ5Z26,114.048401,22.5231,117
粤BZ5Z26,114.048401,22.5231,118
粤BZ5Z26,114.048401,22.5231,118
粤BZ5Z26,114.048401,22.5231,120
粤BZ5Z26,114.048401,22.5231,120
粤BZ5Z26,114.048401,22.5231,120
粤BZ5Z26,114.048401,22.5231,121
粤BZ5Z26,114.048401,22.5231,122
粤BZ5Z26,114.048401,22.5231,123
粤BZ5Z26,114.048401,22.5231,124
粤BZ5Z26,114.048401,22.5231,124
粤BZ5Z26,114.048401,22.5231,125
粤BZ5Z26,114.048401,22.5231,125
粤BZ5Z26,114.048401,22.5231,125
粤BZ5Z26,114.048401,22.5231,127
粤BZ5Z26,114.048401,22.5231,127
粤BZ5Z26,114.048401,22.5231,128
粤BZ5Z26,114.048401,22.5231,128
粤BZ5Z26,114.048401,22.5231,129
粤BZ5Z26,114.048401,22.5231,131
粤BZ5Z26,114.048401,22.5231,132
粤BZ5Z26,114.048401,22.5231,133
粤BZ5Z26,114.048401,22.5231,134
粤BZ5Z26,114.048401,22.5231,135
粤BZ5Z26,114.048401,22.5231,135
粤BZ5Z26,114.048401,22.5231,135
粤BZ5Z26,114.048401,22.5231,136
粤BZ5Z26,114.048401,22.5231,136
粤BZ5Z26,114.048401,22.5231,136
粤BZ5Z26,114.048401,22.5231,138
粤BZ5Z26,114.048401,22.5231,138
粤BZ5Z26,114.048401,22.5231,139
粤BZ5Z26,114.048401,22.5231,139
粤BZ5Z26,114.048401,22.5231,140
粤BZ5Z26,114.048401,22.5231,140
粤BZ5Z26,114.048401,22.5231,142
粤BZ5Z26,114.048401,22.5231,142
粤BZ5Z26,114.048401,22.5231,143
粤BZ5Z26,114.048401,22.5231,143
粤BZ5Z26,114.048401,22.5231,143
粤BZ5Z26,114.048401,22.5231,146
粤BZ5Z26,114.048401,22.5231,147
粤BZ5Z26,114.048401,22.5231,147
粤BZ5Z26,114.048401,22.5231,148
粤BZ5Z26,114.048401,22.5231,148
粤BZ5Z26,114.048401,22.5231,150
粤BZ5Z26,114.048401,22.5231,150
粤BZ5Z26,114.048401,22.5231,151
粤BZ5Z26,114.048401,22.5231,152
粤BZ5Z26,114.048401,22.5231,153
粤BZ5Z26,114.048401,22.5231,154
粤BZ5Z26,114.048401,22.5231,154
粤BZ5Z26,114.048401,22.5231,155
粤BZ5Z26,114.048401,22.5231,155
粤BZ5Z26,114.048401,22.5231,157
粤BZ5Z26,114.048401,22.5231,159
粤BZ5Z26,114.048401,22.5231,159
粤BZ5Z26,114.048401,22.5231,161
粤BZ5Z26,114.048401,22.5231,161
粤BZ5Z26,114.048401,22.5231,162
粤BZ5Z26,114.048401,22.5231,162
粤BZ5Z26,114.048401,22.5231,162
粤BZ5Z26,114.048401,22.5231,163
粤BZ5Z26,114.048401,22.5231,165
粤BZ5Z26,114.048401,22.5231,165
粤BZ5Z26,114.048401,22.5231,166
粤BZ5Z26,114.048401,22.5231,166
粤BZ5Z26,114.048401,22.5231,166
粤BZ5Z26,114.048401,22.5231,167
粤BZ5Z26,114.048401,22.5231,168
粤BZ5Z26,114.048401,22.5231,169
粤BZ5Z26,114.048401,22.5231,170
粤BZ5Z26,114.048401,22.5231,170
粤BZ5Z26,114.048401,22.5231,173
粤BZ5Z26,114.048401,22.5231,173
粤BZ5Z26,114.048401,22.5231,173
粤BZ5Z26,114.048401,22.5231,174
粤BZ5Z26,114.048401,22.5231,174
粤BZ5Z26,114.048401,22.5231,174
粤BZ5Z26,114.048401,22.5231,176
粤BZ5Z26,114.048401,22.5231,178
粤BZ5Z26,114.048401,22.5231,178
粤BZ5Z26,114.048401,22.5231,180
粤BZ5Z26,114.048401,22.5231,180
粤BZ5Z26,114.048401,22.5231,181
粤BZ5Z26,114.048401,22.5231,181
粤BZ5Z26,114.048401,22.5231,182
粤BZ5Z26,114.048401,22.5231,192
粤BZ5Z26,114.048401,22.5231,192
粤BZ5Z26,114.048401,22.5231,193
粤BZ5Z26,114.048401,22.5231,193
粤BZ5Z26,114.048401,22.5231,195
粤BZ5Z26,114.048401,22.5231,195
粤BZ5Z26,114.048401,22.5231,196
粤BZ5Z26,114.048401,22.5231,196
粤BZ5Z26,114.048401,22.5231,197
粤BZ5Z26,114.048401,22.5231,199
粤BZ5Z26,114.048401,22.5231,199
粤BZ5Z26,114.048401,22.5231,199
粤BZ5Z26,114.048401,22.5231,200
粤BZ5Z26,114.048401,22.5231,200
粤BZ5Z26,114.048401,22.5231,200
粤BZ5Z26,114.048401,22.5231,203
粤BZ5Z26,114.048401,22.5231,203
粤BZ5Z26,114.048401,22.5231,204
粤BZ5Z26,114.048401,22.5231,204
粤BZ5Z26,114.048401,22.5231,204
粤BZ5Z26,114.048401,22.5231,207
粤BZ5Z26,114.048401,22.5231,207
粤BZ5Z26,114.048401,22.5231,208
粤BZ5Z26,114.048401,22.5231,208
粤BZ5Z26,114.048401,22.5231,210
粤BZ5Z26,114.048401,22.5231,210
粤BZ5Z26,114.048401,22.5231,211
粤BZ5Z26,114.048401,22.5231,212
粤BZ5Z26,114.048401,22.5231,213
粤BZ5Z26,114.048401,22.5231,214
粤BZ5Z26,114.048401,22.5231,215
粤BZ5Z26,114.048401,22.5231,215
粤BZ5Z26,114.048401,22.5231,217
粤BZ5Z26,114.048401,22.5231,217
粤BZ5Z26,114.048401,22.5231,218
粤BZ5Z26,114.048401,22.5231,218
粤BZ5Z26,114.048401,22.5231,219
粤BZ5Z26,114.048401,22.5231,221
粤BZ5Z26,114.048401,22.5231,221
粤BZ5Z26,114.048401,22.5231,222
粤BZ5Z26,114.048401,22.5231,222
粤BZ5Z26,114.048401,22.5231,223
粤BZ5Z26,114.048401,22.5231,224
粤BZ5Z26,114.048401,22.5231,225
粤BZ5Z26,114.048401,22.5231,225
粤BZ5Z26,114.048401,22.5231,226
粤BZ5Z26,114.048401,22.5231,229
粤BZ5Z26,114.048401,22.5231,229
粤BZ5Z26,114.048401,22.5231,230
粤BZ5Z26,114.048401,22.5231,230
粤BZ5Z26,114.048401,22.5231,230
粤BZ5Z26,114.048401,22.5231,232
粤BZ5Z26,114.048401,22.5231,233
粤BZ5Z26,114.048401,22.5231,234
粤BZ5Z26,114.048401,22.5231,236
粤BZ5Z26,114.048401,22.5231,236
粤BZ5Z26,114.048401,22.5231,237
粤BZ5Z26,114.048401,22.5231,237
粤BZ5Z26,114.048401,22.5231,238
粤BZ5Z26,114.048401,22.5231,238
粤BZ5Z26,114.048401,22.5231,240
粤BZ5Z26,114.048401,22.5231,241
粤BZ5Z26,114.048401,22.5231,241
粤BZ5Z26,114.048401,22.5231,242
粤BZ5Z26,114.048401,22.5231,242
粤BZ5Z26,114.048401,22.5231,244
粤BZ5Z26,114.048401,22.5231,244
粤BZ5Z26,114.048401,22.5231,244
粤BZ5Z26,114.048401,22.5231,245
粤BZ5Z26,114.048401,22.5231,245
粤BZ5Z26,114.048401,22.5231,246
粤BZ5Z26,114.048401,22.5231,247
粤BZ5Z26,114.048401,22.5231,248
粤BZ5Z26,114.048401,22.5231,248
粤BZ5Z26,114.048401,22.5231,249
粤BZ5Z26,114.048401,22.5231,249
粤BZ5Z26,114.048401,22.5231,249
粤BZ5Z26,114.048401,22.5231,251
粤BZ5Z26,114.048401,22.5231,252
粤BZ5Z26,114.048401,22.5231,252
粤BZ5Z26,114.048401,22.5231,253
粤BZ5Z26,114.048401,22.5231,253
粤BZ5Z26,114.048401,22.5231,255
粤BZ5Z26,114.048401,22.5231,256
粤BZ5Z26,114.048401,22.5231,257
粤BZ5Z26,114.048401,22.5231,257
粤BZ5Z26,114.048401,22.5231,259
粤BZ5Z26,114.048401,22.5231,259
粤BZ5Z26,114.048401,22.5231,260
粤BZ5Z26,114.048401,22.5231,260
粤BZ5Z26,114.048401,22.5231,261
粤BZ5Z26,114.048401,22.5231,262
粤BZ5Z26,114.048401,22.5231,263
粤BZ5Z26,114.048401,22.5231,263
粤BZ5Z26,114.048401,22.5231,263
粤BZ5Z26,114.048401,22.5231,264
粤BZ5Z26,114.048401,22.5231,266
粤BZ5Z26,114.048401,22.5231,267
粤BZ5Z26,114.048401,22.5231,267
粤BZ5Z26,114.048401,22.5231,268
粤BZ5Z26,114.048401,22.5231,270
粤BZ5Z26,114.048401,22.5231,271
粤BZ5Z26,114.048401,22.5231,271
粤BZ5Z26,114.048401,22.5231,271
粤BZ5Z26,114.048401,22.5231,272
粤BZ5Z26,114.048401,22.5231,274
粤BZ5Z26,114.048401,22.5231,274
粤BZ5Z26,114.048401,22.5231,274
粤BZ5Z26,114.048401,22.5231,275
粤BZ5Z26,114.048401,22.5231,275
粤BZ5Z26,114.048401,22.5231,275
粤BZ5Z26,114.048401,22.5231,276
粤BZ5Z26,114.048401,22.5231,277
粤BZ5Z26,114.048401,22.5231,278
粤BZ5Z26,114.048401,22.5231,278
粤BZ5Z26,114.048401,22.5231,279
粤BZ5Z26,114.048401,22.5231,279
粤BZ5Z26,114.048401,22.5231,281
粤BZ5Z26,114.048401,22.5231,283
粤BZ5Z26,114.048401,22.5231,285
粤BZ5Z26,114.048401,22.5231,285
粤BZ5Z26,114.048401,22.5231,286
粤BZ5Z26,114.048401,22.5231,286
粤BZ5Z26,114.048401,22.5231,287
粤BZ5Z26,114.048401,22.5231,287
粤BZ5Z26,114.048401,22.5231,287
粤BZ5Z26,114.048401,22.5231,289
粤BZ5Z26,114.048401,22.5231,289
粤BZ5Z26,114.048401,22.5231,290
粤BZ5Z26,114.048401,22.5231,291
粤BZ5Z26,114.048401,22.5231,291
粤BZ5Z26,114.048401,22.5231,293
粤BZ5Z26,114.048401,22.5231,294
粤BZ5Z26,114.048401,22.5231,294
粤BZ5Z26,114.048401,22.5231,297
粤BZ5Z26,114.048401,22.5231,297
粤BZ5Z26,114.048401,22.5231,298
粤BZ5Z26,114.048401,22.5231,299
粤BZ5Z26,114.048401,22.5231,299
粤BZ5Z26,114.048401,22.5231,301
粤BZ5Z26,114.048401,22.5231,301
粤BZ5Z26,114.048401,22.5231,301
粤BZ5Z26,114.048401,22.5231,302
粤BZ5Z26,114.048401,22.5231,302
粤BZ5Z26,114.048401,22.5231,305
粤BZ5Z26,114.048401,22.5231,306
粤BZ5Z26,114.048401,22.5231,307
粤BZ5Z26,114.048401,22.5231,309
粤BZ5Z26,114.048401,22.5231,309
粤BZ5Z26,114.048401,22.5231,309
粤BZ5Z26,114.048401,22.5231,310
粤BZ5Z26,114.048401,22.5231,310
粤BZ5Z26,114.048401,22.5231,310
粤BZ5Z26,114.048401,22.5231,312
粤BZ5Z26,114.048401,22.5231,313
粤BZ5Z26,114.048401,22.5231,313
粤BZ5Z26,114.048401,22.5231,314
粤BZ5Z26,114.048401,22.5231,314
粤BZ5Z26,114.048401,22.5231,316
粤BZ5Z26,114.048401,22.5231,316
粤BZ5Z26,114.048401,22.5231,317
粤BZ5Z26,114.048401,22.5231,320
粤BZ5Z26,114.048401,22.5231,321
粤BZ5Z26,114.048401,22.5231,321
粤BZ5Z26,114.048401,22.5231,323
粤BZ5Z26,114.048401,22.5231,324
粤BZ5Z26,114.048401,22.5231,324
粤BZ5Z26,114.048401,22.5231,325
粤BZ5Z26,114.048401,22.5231,325
粤BZ5Z26,114.048401,22.5231,325
粤BZ5Z26,114.048401,22.5231,328
粤BZ5Z26,114.048401,22.5231,328
粤BZ5Z26,114.048401,22.5231,328
粤BZ5Z26,114.048401,22.5231,331
粤BZ5Z26,114.048401,22.5231,331
粤BZ5Z26,114.048401,22.5231,331
粤BZ5Z26,114.048401,22.5231,332
粤BZ5Z26,114.048401,22.5231,332
粤BZ5Z26,114.048401,22.5231,333
粤BZ5Z26,114.048401,22.5231,334
粤BZ5Z26,114.048401,22.5231,335
粤BZ5Z26,114.048401,22.5231,335
粤BZ5Z26,114.048401,22.5231,336
粤BZ5Z26,114.048401,22.5231,338
粤BZ5Z26,114.048401,22.5231,339
粤BZ5Z26,114.048401,22.5231,339
粤BZ5Z26,114.048401,22.5231,339
粤BZ5Z26,114.048401,22.5231,341
粤BZ5Z26,114.048401,22.5231,343
粤BZ5Z26,114.048401,22.5231,343
粤BZ5Z26,114.048401,22.5231,344
粤BZ5Z26,114.048401,22.5231,344
粤BZ5Z26,114.048401,22.5231,346
粤BZ5Z26,114.048401,22.5231,347
粤BZ5Z26,114.048401,22.5231,347
粤BZ5Z26,114.048401,22.5231,348
粤BZ5Z26,114.048401,22.5231,348
粤BZ5Z26,114.048401,22.5231,348
粤BZ5Z26,114.048401,22.5231,350
粤BZ5Z26,114.048401,22.5231,351
粤BZ5Z26,114.048401,22.5231,352
粤BZ5Z26,114.048401,22.5231,352
粤BZ5Z26,114.048401,22.5231,354
粤BZ5Z26,114.048401,22.5231,355
粤BZ5Z26,114.048401,22.5231,355
粤BZ5Z26,114.048401,22.5231,356
粤BZ5Z26,114.048401,22.5231,356
粤BZ5Z26,114.048401,22.5231,356
粤BZ5Z26,114.048401,22.5231,358
粤BZ5Z26,114.048401,22.5231,359
粤BZ5Z26,114.048401,22.5231,359
粤BZ5Z26,114.048401,22.5231,359
粤BZ5Z26,114.048401,22.5231,360
粤BZ5Z26,114.048401,22.5231,363
粤BZ5Z26,114.048401,22.5231,366
粤BZ5Z26,114.048401,22.5231,366
粤BZ5Z26,114.048401,22.5231,367
粤BZ5Z26,114.048401,22.5231,367
粤BZ5Z26,114.048401,22.5231,368
粤BZ5Z26,114.048401,22.5231,368
粤BZ5Z26,114.048401,22.5231,370
粤BZ5Z26,114.048401,22.5231,371
粤BZ5Z26,114.048401,22.5231,371
粤BZ5Z26,114.048401,22.5231,371
粤BZ5Z26,114.048401,22.5231,372
粤BZ5Z26,114.048401,22.5231,374
粤BZ5Z26,114.048401,22.5231,374
粤BZ5Z26,114.048401,22.5231,374
粤BZ5Z26,114.048401,22.5231,375
粤BZ5Z26,114.048401,22.5231,376
粤BZ5Z26,114.048401,22.5231,378
粤BZ5Z26,114.048401,22.5231,378
粤BZ5Z26,114.048401,22.5231,379
粤BZ5Z26,114.048401,22.5231,379
粤BZ5Z26,114.048401,22.5231,379
粤BZ5Z26,114.048401,22.5231,381
粤BZ5Z26,114.048401,22.5231,382
粤BZ5Z26,114.048401,22.5231,382
粤BZ5Z26,114.048401,22.5231,382
粤BZ5Z26,114.048401,22.5231,383
粤BZ5Z26,114.048401,22.5231,383
粤BZ5Z26,114.048401,22.5231,383
粤BZ5Z26,114.048401,22.5231,385
粤BZ5Z26,114.048401,22.5231,386
粤BZ5Z26,114.048401,22.5231,386
粤BZ5Z26,114.048401,22.5231,386
粤BZ5Z26,114.048401,22.5231,387
粤BZ5Z26,114.048401,22.5231,389
粤BZ5Z26,114.048401,22.5231,389
粤BZ5Z26,114.048401,22.5231,390
粤BZ5Z26,114.048401,22.5231,390
粤BZ5Z26,114.048401,22.5231,390
粤BZ5Z26,114.048401,22.5231,391
粤BZ5Z26,114.048401,22.5231,393
粤BZ5Z26,114.048401,22.5231,393
粤BZ5Z26,114.048401,22.5231,394
粤BZ5Z26,114.048401,22.5231,394
粤BZ5Z26,114.048401,22.5231,395
粤BZ5Z26,114.048401,22.5231,395
粤BZ5Z26,114.048401,22.5231,397
粤BZ5Z26,114.048401,22.5231,397
粤BZ5Z26,114.048401,22.5231,397
粤BZ5Z26,114.048401,22.5231,398
粤BZ5Z26,114.048401,22.5231,398
粤BZ5Z26,114.048401,22.5231,398
粤BZ5Z26,114.048401,22.5231,399
粤BZ5Z26,114.048401,22.5231,400
粤BZ5Z26,114.048401,22.5231,401
粤BZ5Z26,114.048401,22.5231,402
粤BZ5Z26,114.048401,22.5231,402
粤BZ5Z26,114.048401,22.5231,402
粤BZ5Z26,114.048401,22.5231,404
粤BZ5Z26,114.048401,22.5231,404
粤BZ5Z26,114.048401,22.5231,405
粤BZ5Z26,114.048401,22.5231,405
粤BZ5Z26,114.048401,22.5231,406
粤BZ5Z26,114.048401,22.5231,408
粤BZ5Z26,114.048401,22.5231,408
粤BZ5Z26,114.048401,22.5231,408
粤BZ5Z26,114.048401,22.5231,409
粤BZ5Z26,114.048401,22.5231,409
粤BZ5Z26,114.048401,22.5231,410
粤BZ5Z26,114.048401,22.5231,410
粤BZ5Z26,114.048401,22.5231,412
粤BZ5Z26,114.048401,22.5231,414
粤BZ5Z26,114.048401,22.5231,416
粤BZ5Z26,114.048401,22.5231,417
粤BZ5Z26,114.048401,22.5231,417
粤BZ5Z26,114.048401,22.5231,417
粤BZ5Z26,114.048401,22.5231,418
粤BZ5Z26,114.048401,22.5231,420
粤BZ5Z26,114.048401,22.5231,420
粤BZ5Z26,114.048401,22.5231,421
粤BZ5Z26,114.048401,22.5231,421
粤BZ5Z26,114.048401,22.5231,422
粤BZ5Z26,114.048401,22.5231,422
粤BZ5Z26,114.048401,22.5231,424
粤BZ5Z26,114.048401,22.5231,424
粤BZ5Z26,114.048401,22.5231,425
粤BZ5Z26,114.048401,22.5231,426
粤BZ5Z26,114.048401,22.5231,427
粤BZ5Z26,114.048401,22.5231,428
粤BZ5Z26,114.048401,22.5231,429
粤BZ5Z26,114.048401,22.5231,429
粤BZ5Z26,114.048401,22.5231,432
粤BZ5Z26,114.048401,22.5231,432
粤BZ5Z26,114.048401,22.5231,433
粤BZ5Z26,114.048401,22.5231,435
粤BZ5Z26,114.048401,22.5231,435
粤BZ5Z26,114.048401,22.5231,436
粤BZ5Z26,114.048698,22.522301,438
粤BZ5Z26,114.048599,22.519899,439
粤BZ5Z26,114.048599,22.5208,439
粤BZ5Z26,114.048401,22.5186,440
粤BZ5Z26,114.043297,22.5203,440
粤BZ5Z26,114.045799,22.519199,440
粤BZ5Z26,114.042198,22.521099,442
粤BZ5Z26,114.042198,22.521099,442
粤BZ5Z26,114.042198,22.521099,442
粤BZ5Z26,114.042198,22.521099,443
粤BZ5Z26,114.042198,22.521099,443
粤BZ5Z26,114.0411,22.516001,446
粤BZ5Z26,114.041702,22.5172,446
粤BZ5Z26,114.040604,22.5152,446
粤BZ5Z26,114.040604,22.5152,447
粤BZ5Z26,114.039497,22.515301,447
粤BZ5Z26,114.038803,22.5156,448
粤BZ5Z26,114.038696,22.516001,449
粤BZ5Z26,114.040298,22.518499,450
粤BZ5Z26,114.0392,22.516899,450
粤BZ5Z26,114.041298,22.5201,450
粤BZ5Z26,114.0438,22.52,451
粤BZ5Z26,114.042,22.520901,451
粤BZ5Z26,114.047302,22.518801,453
粤BZ5Z26,114.050301,22.5182,453
粤BZ5Z26,114.043297,22.5233,454
粤BZ5Z26,114.042603,22.522301,454
粤BZ5Z26,114.042397,22.521099,454
粤BZ5Z26,114.044403,22.542801,457
粤BZ5Z26,114.044403,22.5394,457
粤BZ5Z26,114.044502,22.536501,457
粤BZ5Z26,114.044296,22.5506,460
粤BZ5Z26,114.044098,22.556,461
粤BZ5Z26,114.044296,22.552099,461
粤BZ5Z26,114.044197,22.5543,461
粤BZ5Z26,114.043999,22.5564,462
粤BZ5Z26,114.043999,22.556499,464
粤BZ5Z26,114.042603,22.559099,465
粤BZ5Z26,114.042198,22.5599,465
粤BZ5Z26,114.041801,22.560499,466
粤BZ5Z26,114.035698,22.567301,467
粤BZ5Z26,114.036003,22.566799,467
粤BZ5Z26,114.035698,22.567301,468
粤BZ5Z26,114.034698,22.5686,469
粤BZ5Z26,114.033096,22.5707,471
粤BZ5Z26,114.0326,22.5711,473
粤BZ5Z26,114.0326,22.5711,474
粤BZ5Z26,114.0326,22.5711,474
粤BZ5Z26,114.0326,22.5711,475
粤BZ5Z26,114.0326,22.5711,475
粤BZ5Z26,114.0326,22.5711,475
粤BZ5Z26,114.0326,22.5711,476
粤BZ5Z26,114.034599,22.568701,479
粤BZ5Z26,114.035202,22.5679,479
粤BZ5Z26,114.039001,22.565399,480
粤BZ5Z26,114.0373,22.565599,480
粤BZ5Z26,114.042801,22.558201,483
粤BZ5Z26,114.034599,22.5543,486
粤BZ5Z26,114.0354,22.5536,486
粤BZ5Z26,114.036003,22.551701,487
粤BZ5Z26,114.035797,22.5518,487
粤BZ5Z26,114.035698,22.552099,487
粤BZ5Z26,114.037399,22.552601,488
粤BZ5Z26,114.039803,22.5511,490
粤BZ5Z26,114.039803,22.549999,490
粤BZ5Z26,114.039803,22.549999,491
粤BZ5Z26,114.044098,22.549299,494
粤BZ5Z26,114.044197,22.5431,495
粤BZ5Z26,114.043701,22.5411,497
粤BZ5Z26,114.045998,22.542299,498
粤BZ5Z26,114.049698,22.5424,499
粤BZ5Z26,114.0616,22.542101,501
粤BZ5Z26,114.062897,22.5389,501
粤BZ5Z26,114.063004,22.538601,502
粤BZ5Z26,114.063202,22.538401,503
粤BZ5Z26,114.063202,22.537901,504
粤BZ5Z26,114.063202,22.538401,504
粤BZ5Z26,114.064003,22.535101,505
粤BZ5Z26,114.064102,22.534401,506
粤BZ5Z26,114.065598,22.5326,507
粤BZ5Z26,114.065201,22.5329,507
粤BZ5Z26,114.065498,22.5326,508
粤BZ5Z26,114.063904,22.5329,509
粤BZ5Z26,114.063004,22.5373,511
粤BZ5Z26,114.063004,22.5373,511
粤BZ5Z26,114.063004,22.5376,512
粤BZ5Z26,114.063004,22.5376,512
粤BZ5Z26,114.063004,22.5376,513
粤BZ5Z26,114.059196,22.5376,515
粤BZ5Z26,114.057999,22.540001,515
粤BZ5Z26,114.058098,22.538401,515
粤BZ5Z26,114.058098,22.544901,516
粤BZ5Z26,114.060303,22.5492,519
粤BZ5Z26,114.060303,22.5492,519
粤BZ5Z26,114.0606,22.5495,522
粤BZ5Z26,114.0606,22.5495,522
粤BZ5Z26,114.0606,22.5495,523
粤BZ5Z26,114.0606,22.5495,525
粤BZ5Z26,114.0606,22.5495,525
粤BZ5Z26,114.0606,22.5495,525
粤BZ5Z26,114.0606,22.5495,527
粤BZ5Z26,114.0606,22.5495,528
粤BZ5Z26,114.0606,22.5495,529
粤BZ5Z26,114.060799,22.5494,530
粤BZ5Z26,114.056297,22.551399,533
粤BZ5Z26,114.0513,22.5513,534
粤BZ5Z26,114.0448,22.5508,535
粤BZ5Z26,114.0448,22.5508,536
粤BZ5Z26,114.013702,22.546301,546
粤BZ5Z26,114.012299,22.548201,547
粤BZ5Z26,114.010201,22.548201,548
粤BZ5Z26,114.013199,22.5469,550
粤BZ5Z26,114.013901,22.546101,551
粤BZ5Z26,114.013901,22.546101,551
粤BZ5Z26,114.012001,22.548599,553
粤BZ5Z26,114.011803,22.5488,553
粤BZ5Z26,114.013199,22.5508,554
粤BZ5Z26,114.012199,22.5494,554
粤BZ5Z26,114.009499,22.552799,555
粤BZ5Z26,114.009499,22.552799,555
粤BZ5Z26,114.009499,22.552799,557
粤BZ5Z26,114.007599,22.5509,557
粤BZ5Z26,114.007599,22.5508,558
粤BZ5Z26,114.006897,22.5497,558
粤BZ5Z26,114.006897,22.5497,559
粤BZ5Z26,114.016602,22.553499,561
粤BZ5Z26,114.018501,22.5509,561
粤BZ5Z26,114.021698,22.5455,562
粤BZ5Z26,114.032997,22.530001,565
粤BZ5Z26,114.039597,22.530701,565
粤BZ5Z26,114.036301,22.530399,565
粤BZ5Z26,114.043098,22.531099,566
粤BZ5Z26,114.049301,22.5312,566
粤BZ5Z26,114.052002,22.5364,569
粤BZ5Z26,114.052002,22.5364,569
粤BZ5Z26,114.052002,22.5364,569
粤BZ5Z26,114.0513,22.5294,571
粤BZ5Z26,114.050301,22.5287,572
粤BZ5Z26,114.050003,22.528601,572
粤BZ5Z26,114.049698,22.528601,573
粤BZ5Z26,114.049797,22.5282,573
粤BZ5Z26,114.051399,22.526199,575
粤BZ5Z26,114.054298,22.525801,576
粤BZ5Z26,114.051697,22.5257,576
粤BZ5Z26,114.057198,22.5238,579
粤BZ5Z26,114.056503,22.523199,580
粤BZ5Z26,114.059402,22.525801,583
粤BZ5Z26,114.059402,22.527201,584
粤BZ5Z26,114.059402,22.527201,584
粤BZ5Z26,114.059402,22.527201,584
粤BZ5Z26,114.058296,22.534599,586
粤BZ5Z26,114.057999,22.544201,587
粤BZ5Z26,114.058098,22.5385,587
粤BZ5Z26,114.058502,22.5455,588
粤BZ5Z26,114.058502,22.5455,588
粤BZ5Z26,114.060699,22.5495,591
粤BZ5Z26,114.060699,22.5495,591
粤BZ5Z26,114.060699,22.5495,593
粤BZ5Z26,114.060699,22.5495,594
粤BZ5Z26,114.060699,22.5495,594
粤BZ5Z26,114.060699,22.5495,594
粤BZ5Z26,114.060699,22.5495,595
粤BZ5Z26,114.060699,22.5495,595
粤BZ5Z26,114.060699,22.5495,596
粤BZ5Z26,114.060699,22.5495,597
粤BZ5Z26,114.052399,22.551399,601
粤BZ5Z26,114.051201,22.551399,602
粤BZ5Z26,114.051201,22.551399,602
粤BZ5Z26,114.044502,22.5509,603
粤BZ5Z26,114.044098,22.5553,604
粤BZ5Z26,114.043999,22.556299,605
粤BZ5Z26,114.043999,22.556299,605
粤BZ5Z26,114.043999,22.556299,605
粤BZ5Z26,114.039902,22.5639,607
粤BZ5Z26,114.036499,22.563101,608
粤BZ5Z26,114.034203,22.562599,609
粤BZ5Z26,114.034897,22.562799,609
粤BZ5Z26,114.029099,22.5618,611
粤BZ5Z26,114.029999,22.561899,611
粤BZ5Z26,114.031197,22.562201,611
粤BZ5Z26,114.028198,22.5616,612
粤BZ5Z26,114.026802,22.5613,612
粤BZ5Z26,114.0252,22.561001,612
粤BZ5Z26,114.0093,22.558399,614
粤BZ5Z26,114.003899,22.556101,615
粤BZ5Z26,113.997398,22.555901,616
粤BZ5Z26,114.0009,22.555901,616
粤BZ5Z26,113.984001,22.558599,617
粤BZ5Z26,113.973297,22.5567,618
粤BZ5Z26,113.980301,22.5578,618
粤BZ5Z26,113.970001,22.557501,619
粤BZ5Z26,113.960503,22.5567,620
粤BZ5Z26,113.950996,22.5564,621
粤BZ5Z26,113.944702,22.5553,622
粤BZ5Z26,113.942001,22.5555,622
粤BZ5Z26,113.997398,22.555901,622
粤BZ5Z26,113.940598,22.5495,626
粤BZ5Z26,113.948402,22.550501,631
粤BZ5Z26,113.948898,22.5497,632
粤BZ5Z26,113.948898,22.5474,632
粤BZ5Z26,113.949203,22.5445,634
粤BZ5Z26,113.949203,22.5445,634
粤BZ5Z26,113.952904,22.5432,635
粤BZ5Z26,113.955498,22.543301,636
粤BZ5Z26,113.9617,22.5425,637
粤BZ5Z26,113.961998,22.541599,638
粤BZ5Z26,113.962097,22.5364,639
粤BZ5Z26,113.962097,22.5364,639
粤BZ5Z26,113.965103,22.5326,641
粤BZ5Z26,113.969002,22.5312,641
粤BZ5Z26,113.971298,22.530399,642
粤BZ5Z26,113.977699,22.5226,644
粤BZ5Z26,113.989197,22.5247,645
粤BZ5Z26,113.985603,22.5235,645
粤BZ5Z26,113.982101,22.5228,645
粤BZ5Z26,113.993103,22.5266,646
粤BZ5Z26,114.0037,22.530001,647
粤BZ5Z26,114.007103,22.5296,647
粤BZ5Z26,114.016098,22.531099,648
粤BZ5Z26,114.026703,22.530899,649
粤BZ5Z26,114.039703,22.5308,650
粤BZ5Z26,114.055801,22.531401,652
粤BZ5Z26,114.053398,22.5313,652
粤BZ5Z26,114.060699,22.521999,655
粤BZ5Z26,114.060402,22.523399,655
粤BZ5Z26,114.062302,22.518499,657
粤BZ5Z26,114.062103,22.5186,658
粤BZ5Z26,114.062401,22.518801,658
粤BZ5Z26,114.061401,22.5182,658
粤BZ5Z26,114.061897,22.5187,659
粤BZ5Z26,114.058998,22.5184,661
粤BZ5Z26,114.058899,22.5175,661
粤BZ5Z26,114.055298,22.515499,662
粤BZ5Z26,114.054199,22.5151,663
粤BZ5Z26,114.050797,22.517799,664
粤BZ5Z26,114.050797,22.517799,665
粤BZ5Z26,114.050499,22.5166,666
粤BZ5Z26,114.050797,22.517799,666
粤BZ5Z26,114.047302,22.510099,668
粤BZ5Z26,114.047302,22.509701,668
粤BZ5Z26,114.047302,22.509701,668
粤BZ5Z26,114.047302,22.509701,669
粤BZ5Z26,114.047699,22.509501,669
粤BZ5Z26,114.051598,22.5098,670
粤BZ5Z26,114.055702,22.508699,672
粤BZ5Z26,114.055702,22.508699,672
粤BZ5Z26,114.055801,22.5133,675
粤BZ5Z26,114.055702,22.5135,675
粤BZ5Z26,114.055397,22.514099,676
粤BZ5Z26,114.053703,22.5149,676
粤BZ5Z26,114.050903,22.5179,678
粤BZ5Z26,114.050903,22.5179,678
粤BZ5Z26,114.048599,22.518999,681
粤BZ5Z26,114.048599,22.518999,682
粤BZ5Z26,114.048599,22.518999,685
粤BZ5Z26,114.048599,22.518999,685
粤BZ5Z26,114.048599,22.518999,688
粤BZ5Z26,114.048599,22.518999,689
粤BZ5Z26,114.048599,22.518999,689
粤BZ5Z26,114.048599,22.518999,689
粤BZ5Z26,114.048599,22.518999,690
粤BZ5Z26,114.048599,22.518999,692
粤BZ5Z26,114.048599,22.518999,692
粤BZ5Z26,114.048599,22.518999,693
粤BZ5Z26,114.048599,22.518999,695
粤BZ5Z26,114.048599,22.518999,696
粤BZ5Z26,114.048599,22.518999,696
粤BZ5Z26,114.048599,22.518999,697
粤BZ5Z26,114.048798,22.521099,698
粤BZ5Z26,114.051102,22.521,699
粤BZ5Z26,114.050003,22.5212,699
粤BZ5Z26,114.050903,22.5187,699
粤BZ5Z26,114.050903,22.518499,700
粤BZ5Z26,114.059097,22.519899,702
粤BZ5Z26,114.0606,22.5208,702
粤BZ5Z26,114.059303,22.520201,703
粤BZ5Z26,114.058899,22.52,704
粤BZ5Z26,114.054001,22.518801,705
粤BZ5Z26,114.054001,22.518801,706
粤BZ5Z26,114.054001,22.518801,707
粤BZ5Z26,114.054001,22.518801,707
粤BZ5Z26,114.0541,22.518499,708
粤BZ5Z26,114.051201,22.518299,709
粤BZ5Z26,114.049599,22.5184,710
粤BZ5Z26,114.051201,22.518299,710
粤BZ5Z26,114.038002,22.523399,712
粤BZ5Z26,114.038002,22.523399,712
粤BZ5Z26,114.037498,22.523701,713
粤BZ5Z26,114.038002,22.523399,713
粤BZ5Z26,114.024597,22.535299,715
粤BZ5Z26,114.0252,22.532801,715
粤BZ5Z26,114.023201,22.5406,716
粤BZ5Z26,114.023903,22.537901,716
粤BZ5Z26,114.019798,22.549299,717
粤BZ5Z26,114.0215,22.546499,717
粤BZ5Z26,114.015099,22.5592,718
粤BZ5Z26,114.015404,22.557199,718
粤BZ5Z26,114.011299,22.559401,719
粤BZ5Z26,114.014801,22.5613,719
粤BZ5Z26,114.013397,22.5609,719
粤BZ5Z26,113.997803,22.555901,721
粤BZ5Z26,114.009499,22.558599,721
粤BZ5Z26,114.009499,22.558599,721
粤BZ5Z26,113.991302,22.5583,722
粤BZ5Z26,114.019798,22.549299,723
粤BZ5Z26,113.987503,22.5606,724
粤BZ5Z26,113.987503,22.5606,727
粤BZ5Z26,113.987503,22.5606,727
粤BZ5Z26,113.987503,22.5606,728
粤BZ5Z26,113.987503,22.5606,728
粤BZ5Z26,113.987503,22.5606,728
粤BZ5Z26,113.987503,22.5606,729
粤BZ5Z26,113.987503,22.5606,729
粤BZ5Z26,113.987503,22.5606,729
粤BZ5Z26,113.987503,22.5606,735
粤BZ5Z26,113.987503,22.5606,735
粤BZ5Z26,113.987503,22.5606,735
粤BZ5Z26,113.987503,22.5606,736
粤BZ5Z26,113.987503,22.5606,736
粤BZ5Z26,113.987503,22.5606,739
粤BZ5Z26,113.987503,22.5606,740
粤BZ5Z26,113.987503,22.5606,740
粤BZ5Z26,113.987503,22.5606,740
粤BZ5Z26,113.987503,22.5606,741
粤BZ5Z26,113.987503,22.5606,741
粤BZ5Z26,113.987503,22.5606,741
粤BZ5Z26,113.987503,22.5606,742
粤BZ5Z26,113.987503,22.5606,742
粤BZ5Z26,113.987503,22.5606,742
粤BZ5Z26,113.987503,22.5606,743
粤BZ5Z26,113.987503,22.5606,743
粤BZ5Z26,113.987503,22.5606,743
粤BZ5Z26,113.987503,22.5606,744
粤BZ5Z26,113.987503,22.5606,744
粤BZ5Z26,113.987503,22.5606,744
粤BZ5Z26,113.987503,22.5606,745
粤BZ5Z26,113.987503,22.5606,745
粤BZ5Z26,113.987503,22.5606,745
粤BZ5Z26,113.987503,22.5606,747
粤BZ5Z26,113.987503,22.5606,747
粤BZ5Z26,113.987503,22.5606,749
粤BZ5Z26,113.987503,22.5606,749
粤BZ5Z26,113.987503,22.5606,749
粤BZ5Z26,113.987503,22.5606,750
粤BZ5Z26,113.987503,22.5606,750
粤BZ5Z26,113.987503,22.5606,750
粤BZ5Z26,113.987503,22.5606,751
粤BZ5Z26,113.987503,22.5606,751
粤BZ5Z26,113.987503,22.5606,751
粤BZ5Z26,113.987503,22.5606,752
粤BZ5Z26,113.987503,22.5606,752
粤BZ5Z26,113.987503,22.5606,752
粤BZ5Z26,113.987503,22.5606,753
粤BZ5Z26,113.987503,22.5606,753
粤BZ5Z26,113.987503,22.5606,755
粤BZ5Z26,113.987503,22.5606,756
粤BZ5Z26,113.987503,22.5606,756
粤BZ5Z26,113.987503,22.5606,759
粤BZ5Z26,113.987503,22.5606,759
粤BZ5Z26,113.987503,22.5606,760
粤BZ5Z26,113.987503,22.5606,762
粤BZ5Z26,113.987503,22.5606,762
粤BZ5Z26,113.987503,22.5606,763
粤BZ5Z26,113.987503,22.5606,763
粤BZ5Z26,113.987503,22.5606,763
粤BZ5Z26,113.987503,22.5606,764
粤BZ5Z26,113.987503,22.5606,765
粤BZ5Z26,113.987503,22.5606,767
粤BZ5Z26,113.987503,22.5606,768
粤BZ5Z26,113.987503,22.5606,770
粤BZ5Z26,113.987503,22.5606,773
粤BZ5Z26,113.987503,22.5606,773
粤BZ5Z26,113.987503,22.5606,773
粤BZ5Z26,113.987503,22.5606,774
粤BZ5Z26,113.987503,22.5606,780
粤BZ5Z26,113.987503,22.5606,786
粤BZ5Z26,113.987503,22.5606,787
粤BZ5Z26,113.987503,22.5606,787
粤BZ5Z26,113.987503,22.5606,787
粤BZ5Z26,113.987503,22.5606,791
粤BZ5Z26,113.987503,22.5606,828
粤BZ5Z26,113.987503,22.5606,828
粤BZ5Z26,113.987503,22.5606,828
粤BZ5Z26,113.987503,22.5606,829
粤BZ5Z26,113.987503,22.5606,829
粤BZ5Z26,113.987503,22.5606,833
粤BZ5Z26,113.987503,22.5606,834
粤BZ5Z26,113.987801,22.5595,834
粤BZ5Z26,113.988098,22.560101,834
粤BZ5Z26,113.9851,22.5609,835
粤BZ5Z26,113.985497,22.560101,835
粤BZ5Z26,113.983704,22.563801,836
粤BZ5Z26,113.982597,22.5639,837
粤BZ5Z26,113.985298,22.5634,838
粤BZ5Z26,113.985802,22.563101,839
粤BZ5Z26,113.985802,22.563101,839
粤BZ5Z26,113.985802,22.563101,840
粤BZ5Z26,113.985397,22.561899,841
粤BZ5Z26,113.985497,22.5618,842
粤BZ5Z26,113.985497,22.5618,842
粤BZ5Z26,113.985497,22.5618,843
粤BZ5Z26,113.985497,22.5618,843
粤BZ5Z26,113.985497,22.5618,843
粤BZ5Z26,113.985802,22.5627,844
粤BZ5Z26,113.985901,22.563101,845
粤BZ5Z26,113.985901,22.563101,845
粤BZ5Z26,113.985901,22.563101,845
粤BZ5Z26,113.985901,22.563101,846
粤BZ5Z26,113.985901,22.563101,846
粤BZ5Z26,113.985901,22.563101,846
粤BZ5Z26,113.985901,22.563101,847
粤BZ5Z26,113.985901,22.563101,847
粤BZ5Z26,113.985901,22.563101,849
粤BZ5Z26,113.985901,22.563101,850
粤BZ5Z26,113.985901,22.563101,850
粤BZ5Z26,113.985901,22.563101,850
粤BZ5Z26,113.985901,22.563101,851
粤BZ5Z26,113.985901,22.563101,852
粤BZ5Z26,113.985901,22.563101,852
粤BZ5Z26,113.978996,22.5639,855
粤BZ5Z26,113.979698,22.5648,855
粤BZ5Z26,113.981796,22.564301,855
粤BZ5Z26,113.983002,22.5555,857
粤BZ5Z26,113.981102,22.5553,859
粤BZ5Z26,113.981102,22.5553,859
粤BZ5Z26,113.985397,22.561899,860
粤BZ5Z26,113.9823,22.5532,860
粤BZ5Z26,113.980202,22.550699,861
粤BZ5Z26,113.9879,22.5441,862
粤BZ5Z26,113.985901,22.545401,862
粤BZ5Z26,113.990402,22.5438,862
粤BZ5Z26,113.9925,22.535999,864
粤BZ5Z26,113.9925,22.535999,865
粤BZ5Z26,113.9925,22.535999,865
粤BZ5Z26,113.9925,22.5359,865
粤BZ5Z26,113.993599,22.5277,867
粤BZ5Z26,113.986504,22.524,868
粤BZ5Z26,113.988503,22.5247,868
粤BZ5Z26,113.982697,22.523199,869
粤BZ5Z26,113.960503,22.5229,871
粤BZ5Z26,113.954399,22.5233,872
粤BZ5Z26,113.950897,22.5238,872
粤BZ5Z26,113.933701,22.525,874
粤BZ5Z26,113.929802,22.526699,875
粤BZ5Z26,113.929802,22.526699,876
粤BZ5Z26,113.9384,22.5291,878
粤BZ5Z26,113.9403,22.530001,879
粤BZ5Z26,113.940697,22.530001,879
粤BZ5Z26,113.940697,22.530001,880
粤BZ5Z26,113.813202,22.6234,931
粤BZ5Z26,113.813202,22.6234,932
粤BZ5Z26,113.813202,22.6234,932
粤BZ5Z26,113.813202,22.6234,933
粤BZ5Z26,113.813202,22.6234,933
粤BZ5Z26,113.813202,22.6234,935
粤BZ5Z26,113.813202,22.6234,936
粤BZ5Z26,113.813202,22.6234,937
粤BZ5Z26,113.813202,22.6234,939
粤BZ5Z26,113.813202,22.6234,940
粤BZ5Z26,113.813202,22.6234,942
粤BZ5Z26,113.813202,22.6234,943
粤BZ5Z26,113.813202,22.6234,943
粤BZ5Z26,113.813202,22.6234,944
粤BZ5Z26,113.813202,22.6234,945
粤BZ5Z26,113.813202,22.6234,947
粤BZ5Z26,113.813202,22.6234,947
粤BZ5Z26,113.8134,22.6241,948
粤BZ5Z26,113.813301,22.6252,950
粤BZ5Z26,113.813599,22.624599,950
粤BZ5Z26,113.813599,22.6248,950
粤BZ5Z26,113.813301,22.6252,951
粤BZ5Z26,113.813301,22.6252,951
粤BZ5Z26,113.813301,22.6252,952
粤BZ5Z26,113.813301,22.6252,952
粤BZ5Z26,113.813301,22.6252,953
粤BZ5Z26,113.813301,22.6252,953
粤BZ5Z26,113.813301,22.6252,953
粤BZ5Z26,113.813301,22.6252,954
粤BZ5Z26,113.813301,22.6252,954
粤BZ5Z26,113.813103,22.6257,955
粤BZ5Z26,113.811798,22.627899,955
粤BZ5Z26,113.8125,22.626699,955
粤BZ5Z26,113.811699,22.628,956
粤BZ5Z26,113.8106,22.6278,957
粤BZ5Z26,113.8106,22.6278,957
粤BZ5Z26,113.8106,22.6278,958
粤BZ5Z26,113.809799,22.627399,959
粤BZ5Z26,113.809799,22.627399,960
粤BZ5Z26,113.8097,22.627199,960
粤BZ5Z26,113.809799,22.627001,961
粤BZ5Z26,113.809799,22.627001,962
粤BZ5Z26,113.809799,22.627001,963
粤BZ5Z26,113.809799,22.627001,963
粤BZ5Z26,113.809799,22.627001,964
粤BZ5Z26,113.809799,22.627001,965
粤BZ5Z26,113.809799,22.627001,965
粤BZ5Z26,113.809799,22.627001,969
粤BZ5Z26,113.809799,22.627001,970
粤BZ5Z26,113.809799,22.627001,970
粤BZ5Z26,113.841797,22.621201,971
粤BZ5Z26,113.8517,22.625401,972
粤BZ5Z26,113.852203,22.6255,972
粤BZ5Z26,113.879601,22.611601,975
粤BZ5Z26,113.882401,22.607401,975
粤BZ5Z26,113.876701,22.615499,975
粤BZ5Z26,113.893501,22.597799,976
粤BZ5Z26,113.9011,22.591101,978
粤BZ5Z26,113.9021,22.590099,979
粤BZ5Z26,113.902702,22.5895,979
粤BZ5Z26,113.904701,22.5874,980
粤BZ5Z26,113.908798,22.583,982
粤BZ5Z26,113.911003,22.580601,982
粤BZ5Z26,113.913803,22.5776,983
粤BZ5Z26,113.911598,22.579901,983
粤BZ5Z26,113.914902,22.576401,984
粤BZ5Z26,113.9272,22.566099,986
粤BZ5Z26,113.931999,22.5653,986
粤BZ5Z26,113.923302,22.568001,986
粤BZ5Z26,113.942398,22.565001,987
粤BZ5Z26,113.971703,22.559401,989
粤BZ5Z26,113.975502,22.557501,990
粤BZ5Z26,114.012802,22.5354,993
粤BZ5Z26,114.014603,22.531,993
粤BZ5Z26,114.025101,22.5221,994
粤BZ5Z26,114.0327,22.5179,995
粤BZ5Z26,114.036499,22.5158,995
粤BZ5Z26,114.054703,22.5145,997
粤BZ5Z26,114.057701,22.5159,998
粤BZ5Z26,114.057899,22.516001,999
粤BZ5Z26,114.057899,22.516001,1000
粤BZ5Z26,114.057899,22.516001,1001
粤BZ5Z26,114.058403,22.516199,1002
粤BZ5Z26,114.059998,22.517401,1002
粤BZ5Z26,114.059998,22.517401,1008
粤BZ5Z26,114.018799,22.5319,1025
粤BZ5Z26,114.006302,22.5298,1026
粤BZ5Z26,113.999702,22.5301,1027
粤BZ5Z26,114.002899,22.530199,1027
粤BZ5Z26,113.997101,22.529499,1027
粤BZ5Z26,113.993896,22.528999,1028
粤BZ5Z26,113.9935,22.531099,1028
粤BZ5Z26,113.993103,22.5333,1029
粤BZ5Z26,113.992699,22.5338,1030
粤BZ5Z26,113.992699,22.5338,1030
粤BZ5Z26,113.992897,22.533199,1031
粤BZ5Z26,113.993202,22.531401,1032
粤BZ5Z26,113.993202,22.5315,1032
粤BZ5Z26,114.0,22.535299,1034
粤BZ5Z26,114.0028,22.5357,1035
粤BZ5Z26,114.002296,22.5357,1035
粤BZ5Z26,114.0028,22.5357,1037
粤BZ5Z26,114.004303,22.535999,1037
粤BZ5Z26,114.007202,22.5364,1038
粤BZ5Z26,114.008904,22.536699,1038
粤BZ5Z26,114.011597,22.537201,1038
粤BZ5Z26,114.014397,22.5376,1039
粤BZ5Z26,114.014603,22.5376,1039
粤BZ5Z26,114.013901,22.5376,1039
粤BZ5Z26,114.018097,22.5382,1040
粤BZ5Z26,114.026199,22.5397,1041
粤BZ5Z26,114.028999,22.540199,1042
粤BZ5Z26,114.031097,22.5406,1042
粤BZ5Z26,114.035004,22.541201,1043
粤BZ5Z26,114.0364,22.5415,1043
粤BZ5Z26,114.044502,22.5354,1046
粤BZ5Z26,114.044403,22.5383,1046
粤BZ5Z26,114.0448,22.5289,1047
粤BZ5Z26,114.0429,22.5238,1049
粤BZ5Z26,114.0429,22.523701,1049
粤BZ5Z26,114.032898,22.5261,1052
粤BZ5Z26,114.032898,22.5261,1053
粤BZ5Z26,114.032898,22.5261,1053
粤BZ5Z26,114.032898,22.5261,1053
粤BZ5Z26,114.029602,22.527901,1054
粤BZ5Z26,114.0271,22.5294,1055
粤BZ5Z26,114.013901,22.5308,1056
粤BZ5Z26,114.003098,22.530199,1057
粤BZ5Z26,114.010696,22.530001,1057
粤BZ5Z26,114.0,22.5301,1058
粤BZ5Z26,113.975601,22.5229,1060
粤BZ5Z26,113.9608,22.5229,1061
粤BZ5Z26,113.963799,22.5229,1061
粤BZ5Z26,113.967598,22.5229,1061
粤BZ5Z26,113.958099,22.5231,1062
粤BZ5Z26,113.949303,22.5243,1063
粤BZ5Z26,113.947998,22.525499,1063
粤BZ5Z26,113.948502,22.520201,1064
粤BZ5Z26,113.948898,22.523199,1064
粤BZ5Z26,113.948997,22.524599,1064
粤BZ5Z26,113.9431,22.490299,1069
粤BZ5Z26,113.936897,22.4877,1070
粤BZ5Z26,113.931801,22.4846,1072
粤BZ5Z26,113.934196,22.4853,1072
粤BZ5Z26,113.927101,22.486,1073
粤BZ5Z26,113.929497,22.4851,1073
粤BZ5Z26,113.930298,22.4848,1073
粤BZ5Z26,113.926399,22.4863,1074
粤BZ5Z26,113.926399,22.4863,1074
粤BZ5Z26,113.919403,22.4884,1077
粤BZ5Z26,113.919403,22.4884,1077
粤BZ5Z26,113.915604,22.487499,1078
粤BZ5Z26,113.9114,22.484699,1080
粤BZ5Z26,113.912003,22.4846,1080
粤BZ5Z26,113.910797,22.4848,1081
粤BZ5Z26,113.910797,22.4848,1081
粤BZ5Z26,113.9104,22.485001,1083
粤BZ5Z26,113.9104,22.485001,1084
粤BZ5Z26,113.9095,22.4855,1085
粤BZ5Z26,113.909897,22.4853,1085
粤BZ5Z26,113.9095,22.4855,1085
粤BZ5Z26,113.910004,22.487301,1087
粤BZ5Z26,113.910301,22.4874,1087
粤BZ5Z26,113.910301,22.4874,1087
粤BZ5Z26,113.912201,22.4886,1088
粤BZ5Z26,113.918297,22.489799,1090
粤BZ5Z26,113.918297,22.489799,1091
粤BZ5Z26,113.919296,22.489799,1091
粤BZ5Z26,113.918297,22.489799,1091
粤BZ5Z26,113.919296,22.4888,1092
粤BZ5Z26,113.919296,22.4891,1092
粤BZ5Z26,113.925697,22.483601,1094
粤BZ5Z26,113.925598,22.4865,1094
粤BZ5Z26,113.926003,22.4853,1094
粤BZ5Z26,113.927299,22.482599,1095
粤BZ5Z26,113.927299,22.482599,1095
粤BZ5Z26,113.926003,22.4828,1095
粤BZ5Z26,113.925697,22.483299,1097
粤BZ5Z26,113.925697,22.483299,1097
粤BZ5Z26,113.925697,22.483299,1098
粤BZ5Z26,113.925697,22.483299,1098
粤BZ5Z26,113.925697,22.483299,1099
粤BZ5Z26,113.926003,22.4848,1099
粤BZ5Z26,113.927299,22.4886,1101
粤BZ5Z26,113.927002,22.488199,1101
粤BZ5Z26,113.924599,22.4904,1102
粤BZ5Z26,113.922501,22.491501,1103
粤BZ5Z26,113.920097,22.4928,1104
粤BZ5Z26,113.920403,22.4923,1104
粤BZ5Z26,113.921501,22.4918,1104
粤BZ5Z26,113.922501,22.4935,1105
粤BZ5Z26,113.920197,22.493299,1105
粤BZ5Z26,113.921097,22.493401,1105
粤BZ5Z26,113.923897,22.493999,1106
粤BZ5Z26,113.924698,22.500401,1111
粤BZ5Z26,113.9244,22.502001,1111
粤BZ5Z26,113.926003,22.504999,1112
粤BZ5Z26,113.926201,22.504999,1113
粤BZ5Z26,113.923698,22.507099,1115
粤BZ5Z26,113.919403,22.5079,1116
粤BZ5Z26,113.919403,22.5079,1116
粤BZ5Z26,113.917801,22.508801,1118
粤BZ5Z26,113.917801,22.508801,1118
粤BZ5Z26,113.917,22.509199,1119
粤BZ5Z26,113.917801,22.508801,1119
粤BZ5Z26,113.916603,22.5096,1120
粤BZ5Z26,113.913498,22.5121,1122
粤BZ5Z26,113.9123,22.5138,1122
粤BZ5Z26,113.9114,22.514999,1122
粤BZ5Z26,113.909897,22.5152,1123
粤BZ5Z26,113.904099,22.5163,1126
粤BZ5Z26,113.904099,22.5163,1126
粤BZ5Z26,113.903801,22.5165,1127
粤BZ5Z26,113.902802,22.5158,1127
粤BZ5Z26,113.9021,22.5151,1129
粤BZ5Z26,113.9021,22.5151,1129
粤BZ5Z26,113.9021,22.5151,1129
粤BZ5Z26,113.901199,22.5142,1130
粤BZ5Z26,113.901199,22.5142,1130
粤BZ5Z26,113.898903,22.5119,1133
粤BZ5Z26,113.894203,22.508101,1134
粤BZ5Z26,113.891998,22.504499,1135
粤BZ5Z26,113.8918,22.5044,1136
粤BZ5Z26,113.8918,22.5044,1136
粤BZ5Z26,113.903297,22.516899,1141
粤BZ5Z26,113.903297,22.516899,1142
粤BZ5Z26,113.916298,22.520201,1146
粤BZ5Z26,113.914902,22.518801,1146
粤BZ5Z26,113.917099,22.520901,1147
粤BZ5Z26,113.918602,22.526699,1149
粤BZ5Z26,113.919601,22.5266,1150
粤BZ5Z26,113.920197,22.526501,1150
粤BZ5Z26,113.921204,22.526501,1151
粤BZ5Z26,113.923302,22.525999,1151
粤BZ5Z26,113.9505,22.5238,1154
粤BZ5Z26,113.946297,22.5242,1154
粤BZ5Z26,113.962601,22.522699,1155
粤BZ5Z26,113.958298,22.5228,1155
粤BZ5Z26,113.9785,22.5229,1156
粤BZ5Z26,113.9823,22.523001,1157
粤BZ5Z26,113.995399,22.528099,1158
粤BZ5Z26,113.992203,22.526199,1158
粤BZ5Z26,113.998398,22.529499,1158
粤BZ5Z26,114.001999,22.5301,1159
粤BZ5Z26,114.016403,22.5306,1161
粤BZ5Z26,114.016998,22.528999,1161
粤BZ5Z26,114.020302,22.5256,1162
粤BZ5Z26,114.018303,22.527201,1162
粤BZ5Z26,114.024002,22.5261,1164
粤BZ5Z26,114.024002,22.5261,1164
粤BZ5Z26,114.024002,22.5261,1165
粤BZ5Z26,114.0242,22.526501,1165
粤BZ5Z26,114.024002,22.5261,1165
粤BZ5Z26,114.0243,22.5268,1166
粤BZ5Z26,114.0242,22.5266,1166
粤BZ5Z26,114.024696,22.527201,1167
粤BZ5Z26,114.024696,22.527201,1167
粤BZ5Z26,114.025002,22.523399,1170
粤BZ5Z26,114.025002,22.5229,1170
粤BZ5Z26,114.027603,22.5215,1171
粤BZ5Z26,114.0299,22.5221,1172
粤BZ5Z26,114.0289,22.520901,1172
粤BZ5Z26,114.037102,22.5238,1174
粤BZ5Z26,114.037201,22.523701,1174
粤BZ5Z26,114.037201,22.523701,1175
粤BZ5Z26,114.037201,22.523701,1175
粤BZ5Z26,114.043098,22.520399,1177
粤BZ5Z26,114.048599,22.519199,1179
粤BZ5Z26,114.048599,22.519199,1181
粤BZ5Z26,114.048599,22.519199,1181
粤BZ5Z26,114.048599,22.519199,1182
粤BZ5Z26,114.048599,22.519199,1182
粤BZ5Z26,114.048599,22.519199,1182
粤BZ5Z26,114.048599,22.519199,1186
粤BZ5Z26,114.048599,22.519199,1190
粤BZ5Z26,114.048599,22.519199,1190
粤BZ5Z26,114.048599,22.519199,1191
粤BZ5Z26,114.048599,22.519199,1191
粤BZ5Z26,114.048599,22.519199,1192
粤BZ5Z26,114.048599,22.519199,1193
粤BZ5Z26,114.048599,22.519199,1193
粤BZ5Z26,114.048599,22.519199,1194
粤BZ5Z26,114.048599,22.519199,1194
粤BZ5Z26,114.048599,22.519199,1195
粤BZ5Z26,114.048599,22.519199,1197
粤BZ5Z26,114.048599,22.519199,1198
粤BZ5Z26,114.048599,22.519199,1202
粤BZ5Z26,114.048599,22.519199,1203
粤BZ5Z26,114.048599,22.519199,1203
粤BZ5Z26,114.048599,22.519199,1205
粤BZ5Z26,114.048599,22.519199,1205
粤BZ5Z26,114.048599,22.519199,1206
粤BZ5Z26,114.048599,22.519199,1207
粤BZ5Z26,114.048599,22.519199,1208
粤BZ5Z26,114.048599,22.519199,1209
粤BZ5Z26,114.048599,22.519199,1210
粤BZ5Z26,114.048599,22.519199,1210
粤BZ5Z26,114.048599,22.519199,1210
粤BZ5Z26,114.048599,22.519199,1212
粤BZ5Z26,114.048599,22.519199,1215
粤BZ5Z26,114.048599,22.519199,1215
粤BZ5Z26,114.048599,22.519199,1216
粤BZ5Z26,114.048599,22.519199,1216
粤BZ5Z26,114.048599,22.519199,1217
粤BZ5Z26,114.048599,22.519199,1220
粤BZ5Z26,114.048599,22.519199,1221
粤BZ5Z26,114.048599,22.519199,1221
粤BZ5Z26,114.048599,22.519199,1222
粤BZ5Z26,114.048599,22.519199,1224
粤BZ5Z26,114.048599,22.519199,1224
粤BZ5Z26,114.048599,22.519199,1224
粤BZ5Z26,114.048599,22.519199,1225
粤BZ5Z26,114.048599,22.519199,1225
粤BZ5Z26,114.048599,22.519199,1225
粤BZ5Z26,114.048599,22.519199,1226
粤BZ5Z26,114.048599,22.519199,1226
粤BZ5Z26,114.048599,22.519199,1228
粤BZ5Z26,114.048599,22.519199,1229
粤BZ5Z26,114.048599,22.519199,1229
粤BZ5Z26,114.048599,22.519199,1231
粤BZ5Z26,114.048599,22.519199,1231
粤BZ5Z26,114.048599,22.519199,1232
粤BZ5Z26,114.048599,22.519199,1232
粤BZ5Z26,114.048599,22.519199,1233
粤BZ5Z26,114.048599,22.519199,1234
粤BZ5Z26,114.048599,22.519199,1235
粤BZ5Z26,114.048599,22.519199,1236
粤BZ5Z26,114.048599,22.519199,1238
粤BZ5Z26,114.048599,22.519199,1241
粤BZ5Z26,114.048599,22.519199,1245
粤BZ5Z26,114.048599,22.519199,1245
粤BZ5Z26,114.048599,22.519199,1245
粤BZ5Z26,114.048599,22.519199,1246
粤BZ5Z26,114.048599,22.519199,1246
粤BZ5Z26,114.048599,22.519199,1246
粤BZ5Z26,114.048599,22.519199,1249
粤BZ5Z26,114.048599,22.519199,1249
粤BZ5Z26,114.048599,22.519199,1249
粤BZ5Z26,114.048599,22.519199,1252
粤BZ5Z26,114.048599,22.519199,1253
粤BZ5Z26,114.048599,22.519199,1253
粤BZ5Z26,114.048599,22.519199,1255
粤BZ5Z26,114.048599,22.519199,1256
粤BZ5Z26,114.048599,22.519199,1256
粤BZ5Z26,114.048599,22.519199,1257
粤BZ5Z26,114.048599,22.519199,1260
粤BZ5Z26,114.048599,22.519199,1260
粤BZ5Z26,114.048599,22.519199,1261
粤BZ5Z26,114.048599,22.519199,1262
粤BZ5Z26,114.048599,22.519199,1262
粤BZ5Z26,114.048599,22.519199,1264
粤BZ5Z26,114.048599,22.519199,1264
粤BZ5Z26,114.048599,22.519199,1264
粤BZ5Z26,114.048599,22.519199,1265
粤BZ5Z26,114.048599,22.519199,1265
粤BZ5Z26,114.048599,22.519199,1265
粤BZ5Z26,114.048599,22.519199,1267
粤BZ5Z26,114.048599,22.519199,1267
粤BZ5Z26,114.048599,22.519199,1268
粤BZ5Z26,114.048599,22.519199,1268
粤BZ5Z26,114.048599,22.519199,1269
粤BZ5Z26,114.048599,22.519199,1271
粤BZ5Z26,114.048599,22.519199,1274
粤BZ5Z26,114.048599,22.519199,1274
粤BZ5Z26,114.048599,22.519199,1275
粤BZ5Z26,114.048599,22.519199,1275
粤BZ5Z26,114.048599,22.519199,1276
粤BZ5Z26,114.048599,22.519199,1277
粤BZ5Z26,114.048599,22.519199,1277
粤BZ5Z26,114.048599,22.519199,1278
粤BZ5Z26,114.048599,22.519199,1279
粤BZ5Z26,114.048599,22.519199,1279
粤BZ5Z26,114.048599,22.519199,1281
粤BZ5Z26,114.048599,22.519199,1282
粤BZ5Z26,114.048599,22.519199,1282
粤BZ5Z26,114.048599,22.519199,1284
粤BZ5Z26,114.048599,22.519199,1285
粤BZ5Z26,114.048599,22.519199,1286
粤BZ5Z26,114.048599,22.519199,1288
粤BZ5Z26,114.048599,22.519199,1288
粤BZ5Z26,114.048599,22.519199,1288
粤BZ5Z26,114.048599,22.519199,1289
粤BZ5Z26,114.048599,22.519199,1289
粤BZ5Z26,114.048599,22.519199,1291
粤BZ5Z26,114.048599,22.519199,1291
粤BZ5Z26,114.048599,22.519199,1292
粤BZ5Z26,114.048599,22.519199,1292
粤BZ5Z26,114.048599,22.519199,1292
粤BZ5Z26,114.048599,22.519199,1293
粤BZ5Z26,114.048599,22.519199,1295
粤BZ5Z26,114.048599,22.519199,1295
粤BZ5Z26,114.048599,22.519199,1298
粤BZ5Z26,114.048599,22.519199,1298
粤BZ5Z26,114.048599,22.519199,1299
粤BZ5Z26,114.048599,22.519199,1300
粤BZ5Z26,114.048599,22.519199,1302
粤BZ5Z26,114.048599,22.519199,1302
粤BZ5Z26,114.048599,22.519199,1302
粤BZ5Z26,114.048599,22.519199,1303
粤BZ5Z26,114.048599,22.519199,1308
粤BZ5Z26,114.048599,22.519199,1309
粤BZ5Z26,114.048599,22.519199,1310
粤BZ5Z26,114.048599,22.519199,1310
粤BZ5Z26,114.048599,22.519199,1310
粤BZ5Z26,114.048599,22.519199,1311
粤BZ5Z26,114.048599,22.519199,1311
粤BZ5Z26,114.048599,22.519199,1311
粤BZ5Z26,114.048599,22.519199,1314
粤BZ5Z26,114.048599,22.519199,1314
粤BZ5Z26,114.048599,22.519199,1314
粤BZ5Z26,114.048599,22.519199,1315
粤BZ5Z26,114.048599,22.519199,1315
粤BZ5Z26,114.048599,22.519199,1315
粤BZ5Z26,114.048599,22.519199,1317
粤BZ5Z26,114.048599,22.519199,1318
粤BZ5Z26,114.048599,22.519199,1325
粤BZ5Z26,114.048599,22.519199,1326
粤BZ5Z26,114.048599,22.519199,1326
粤BZ5Z26,114.048599,22.519199,1327
粤BZ5Z26,114.048599,22.519199,1327
粤BZ5Z26,114.048599,22.519199,1330
粤BZ5Z26,114.048599,22.519199,1332
粤BZ5Z26,114.048599,22.519199,1332
粤BZ5Z26,114.048599,22.519199,1334
粤BZ5Z26,114.048599,22.519199,1334
粤BZ5Z26,114.048599,22.519199,1335
粤BZ5Z26,114.048599,22.519199,1335
粤BZ5Z26,114.048599,22.519199,1336
粤BZ5Z26,114.048599,22.519199,1337
粤BZ5Z26,114.048599,22.519199,1338
粤BZ5Z26,114.048599,22.519199,1339
粤BZ5Z26,114.048599,22.519199,1339
粤BZ5Z26,114.048599,22.519199,1341
粤BZ5Z26,114.048599,22.519199,1341
粤BZ5Z26,114.048599,22.519199,1341
粤BZ5Z26,114.048599,22.519199,1342
粤BZ5Z26,114.048599,22.519199,1342
粤BZ5Z26,114.048599,22.519199,1343
粤BZ5Z26,114.048599,22.519199,1344
粤BZ5Z26,114.048599,22.519199,1345
粤BZ5Z26,114.048599,22.519199,1346
粤BZ5Z26,114.048599,22.519199,1346
粤BZ5Z26,114.048599,22.519199,1348
粤BZ5Z26,114.048599,22.519199,1349
粤BZ5Z26,114.048599,22.519199,1351
粤BZ5Z26,114.048599,22.519199,1352
粤BZ5Z26,114.048599,22.519199,1352
粤BZ5Z26,114.048599,22.519199,1352
粤BZ5Z26,114.048599,22.519199,1353
粤BZ5Z26,114.048599,22.519199,1353
粤BZ5Z26,114.048599,22.519199,1358
粤BZ5Z26,114.048599,22.519199,1358
粤BZ5Z26,114.048599,22.519199,1359
粤BZ5Z26,114.048599,22.519199,1359
粤BZ5Z26,114.048599,22.519199,1360
粤BZ5Z26,114.048599,22.519199,1360
粤BZ5Z26,114.048599,22.519199,1364
粤BZ5Z26,114.048599,22.519199,1365
粤BZ5Z26,114.048599,22.519199,1366
粤BZ5Z26,114.048599,22.519199,1368
粤BZ5Z26,114.048599,22.519199,1369
粤BZ5Z26,114.048599,22.519199,1372
粤BZ5Z26,114.048599,22.519199,1372
粤BZ5Z26,114.048599,22.519199,1373
粤BZ5Z26,114.048599,22.519199,1376
粤BZ5Z26,114.048599,22.519199,1377
粤BZ5Z26,114.048599,22.519199,1377
粤BZ5Z26,114.048599,22.519199,1377
粤BZ5Z26,114.048599,22.519199,1378
粤BZ5Z26,114.048599,22.519199,1378
粤BZ5Z26,114.048599,22.519199,1378
粤BZ5Z26,114.048599,22.519199,1380
粤BZ5Z26,114.048599,22.519199,1381
粤BZ5Z26,114.048599,22.519199,1381
粤BZ5Z26,114.048599,22.519199,1383
粤BZ5Z26,114.048599,22.519199,1384
粤BZ5Z26,114.048599,22.519199,1386
粤BZ5Z26,114.048599,22.519199,1387
粤BZ5Z26,114.048599,22.519199,1387
粤BZ5Z26,114.048599,22.519199,1388
粤BZ5Z26,114.048599,22.519199,1390
粤BZ5Z26,114.048599,22.519199,1391
粤BZ5Z26,114.048599,22.519199,1391
粤BZ5Z26,114.048599,22.519199,1391
粤BZ5Z26,114.048599,22.519199,1392
粤BZ5Z26,114.048599,22.519199,1394
粤BZ5Z26,114.048599,22.519199,1394
粤BZ5Z26,114.048599,22.519199,1394
粤BZ5Z26,114.048599,22.519199,1395
粤BZ5Z26,114.048599,22.519199,1395
粤BZ5Z26,114.048599,22.519199,1397
粤BZ5Z26,114.048599,22.519199,1398
粤BZ5Z26,114.048599,22.519199,1398
粤BZ5Z26,114.048599,22.519199,1401
粤BZ5Z26,114.048599,22.519199,1401
粤BZ5Z26,114.048599,22.519199,1402
粤BZ5Z26,114.048599,22.519199,1402
粤BZ5Z26,114.048599,22.519199,1404
粤BZ5Z26,114.048599,22.519199,1405
粤BZ5Z26,114.048599,22.519199,1406
粤BZ5Z26,114.048599,22.519199,1406
粤BZ5Z26,114.048599,22.519199,1410
粤BZ5Z26,114.048599,22.519199,1410
粤BZ5Z26,114.048599,22.519199,1411
粤BZ5Z26,114.048599,22.519199,1412
粤BZ5Z26,114.048599,22.519199,1412
粤BZ5Z26,114.048599,22.519199,1414
粤BZ5Z26,114.048599,22.519199,1415
粤BZ5Z26,114.048599,22.519199,1415
粤BZ5Z26,114.048599,22.519199,1415
粤BZ5Z26,114.048599,22.519199,1416
粤BZ5Z26,114.048599,22.519199,1416
粤BZ5Z26,114.048599,22.519199,1418
粤BZ5Z26,114.048599,22.519199,1418
粤BZ5Z26,114.048599,22.519199,1418
粤BZ5Z26,114.048599,22.519199,1420
粤BZ5Z26,114.048599,22.519199,1422
粤BZ5Z26,114.048599,22.519199,1423
粤BZ5Z26,114.048599,22.519199,1423
粤BZ5Z26,114.048599,22.519199,1423
粤BZ5Z26,114.048599,22.519199,1424
粤BZ5Z26,114.048599,22.519199,1426
粤BZ5Z26,114.048599,22.519199,1426
粤BZ5Z26,114.048599,22.519199,1427
粤BZ5Z26,114.048599,22.519199,1430
粤BZ5Z26,114.048599,22.519199,1430
粤BZ5Z26,114.048599,22.519199,1431
粤BZ5Z26,114.048599,22.519199,1431
粤BZ5Z26,114.048599,22.519199,1432
粤BZ5Z26,114.048599,22.519199,1432
粤BZ5Z26,114.048599,22.519199,1433
粤BZ5Z26,114.048599,22.519199,1433
粤BZ5Z26,114.048599,22.519199,1434
