粤BF6329,114.114998,22.602034,12
粤BF6329,114.114998,22.602034,18
粤BF6329,114.114998,22.602034,24
粤BF6329,114.114998,22.602034,30
粤BF6329,114.114998,22.602034,36
粤BF6329,114.114998,22.602034,42
粤BF6329,114.114998,22.602034,48
粤BF6329,114.114998,22.602034,54
粤BF6329,114.114998,22.602034,60
粤BF6329,114.114998,22.602034,66
粤BF6329,114.114998,22.602034,72
粤BF6329,114.114998,22.602034,78
粤BF6329,114.114998,22.602034,84
粤BF6329,114.114998,22.602034,90
粤BF6329,114.114998,22.602034,96
粤BF6329,114.114998,22.602034,102
粤BF6329,114.114998,22.602034,108
粤BF6329,114.114998,22.602034,114
粤BF6329,114.114998,22.602034,120
粤BF6329,114.114998,22.602034,126
粤BF6329,114.114998,22.602034,132
粤BF6329,114.114998,22.602034,138
粤BF6329,114.114998,22.602034,144
粤BF6329,114.114998,22.602034,150
粤BF6329,114.114998,22.602034,156
粤BF6329,114.114998,22.602034,162
粤BF6329,114.114998,22.602034,168
粤BF6329,114.114998,22.602034,174
粤BF6329,114.114998,22.602034,180
粤BF6329,114.114998,22.602034,192
粤BF6329,114.114998,22.602034,198
粤BF6329,114.114998,22.602034,204
粤BF6329,114.114998,22.602034,210
粤BF6329,114.114998,22.602034,216
粤BF6329,114.114998,22.602034,222
粤BF6329,114.114998,22.602034,228
粤BF6329,114.114998,22.602034,234
粤BF6329,114.114998,22.602034,240
粤BF6329,114.114998,22.602034,246
粤BF6329,114.114998,22.602034,252
粤BF6329,114.114998,22.602034,258
粤BF6329,114.114998,22.602034,264
粤BF6329,114.114998,22.602034,270
粤BF6329,114.114998,22.602034,276
粤BF6329,114.114998,22.602034,282
粤BF6329,114.114998,22.602034,288
粤BF6329,114.114998,22.602034,294
粤BF6329,114.114998,22.602034,300
粤BF6329,114.114998,22.602034,306
粤BF6329,114.114998,22.602034,312
粤BF6329,114.114998,22.602034,318
粤BF6329,114.114998,22.602034,324
粤BF6329,114.114998,22.602034,330
粤BF6329,114.114998,22.602034,336
粤BF6329,114.114998,22.602034,342
粤BF6329,114.114998,22.602034,348
粤BF6329,114.114998,22.602034,354
粤BF6329,114.114998,22.602034,360
粤BF6329,114.114998,22.602034,366
粤BF6329,114.114998,22.602034,372
粤BF6329,114.114998,22.602034,378
粤BF6329,114.114998,22.602034,384
粤BF6329,114.114998,22.602034,390
粤BF6329,114.114998,22.602034,396
粤BF6329,114.114998,22.602034,402
粤BF6329,114.114998,22.602034,408
粤BF6329,114.114998,22.602034,414
粤BF6329,114.114998,22.602034,420
粤BF6329,114.114998,22.602034,426
粤BF6329,114.114998,22.602034,432
粤BF6329,114.114998,22.602034,438
粤BF6329,114.114998,22.602034,444
粤BF6329,114.114998,22.602034,450
粤BF6329,114.114998,22.602034,456
粤BF6329,114.114998,22.602034,462
粤BF6329,114.114998,22.602034,468
粤BF6329,114.114998,22.602034,474
粤BF6329,114.114998,22.602034,480
粤BF6329,114.114998,22.602034,492
粤BF6329,114.114998,22.602034,498
粤BF6329,114.114998,22.602034,504
粤BF6329,114.114998,22.602034,510
粤BF6329,114.114998,22.602034,516
粤BF6329,114.114998,22.602034,522
粤BF6329,114.114998,22.602034,528
粤BF6329,114.114998,22.602034,534
粤BF6329,114.114998,22.602034,552
粤BF6329,114.114998,22.602034,558
粤BF6329,114.114998,22.602034,564
粤BF6329,114.114998,22.602034,570
粤BF6329,114.114998,22.602034,576
粤BF6329,114.114998,22.602034,582
粤BF6329,114.114998,22.602034,588
粤BF6329,114.114998,22.602034,594
粤BF6329,114.114998,22.602034,600
粤BF6329,114.114998,22.602034,606
粤BF6329,114.114998,22.602034,612
粤BF6329,114.114998,22.602034,618
粤BF6329,114.114998,22.602034,624
粤BF6329,114.114998,22.602034,630
粤BF6329,114.114998,22.602034,636
粤BF6329,114.114998,22.602034,642
粤BF6329,114.114998,22.602034,648
粤BF6329,114.114998,22.602034,654
粤BF6329,114.114998,22.602034,660
粤BF6329,114.114998,22.602034,666
粤BF6329,114.114998,22.602034,672
粤BF6329,114.114998,22.602034,678
粤BF6329,114.114998,22.602034,684
粤BF6329,114.114998,22.602034,690
粤BF6329,114.114998,22.602034,696
粤BF6329,114.114998,22.602034,702
粤BF6329,114.114998,22.602034,708
粤BF6329,114.114998,22.602034,714
粤BF6329,114.114998,22.602034,720
粤BF6329,114.114998,22.602034,726
粤BF6329,114.114998,22.602034,732
粤BF6329,114.114998,22.602034,738
粤BF6329,114.114998,22.602034,744
粤BF6329,114.114998,22.602034,750
粤BF6329,114.114998,22.602034,756
粤BF6329,114.114998,22.602034,762
粤BF6329,114.114998,22.602034,768
粤BF6329,114.114998,22.602034,774
粤BF6329,114.114998,22.602034,780
粤BF6329,114.114998,22.602034,786
粤BF6329,114.114998,22.602034,792
粤BF6329,114.114998,22.602034,798
粤BF6329,114.114998,22.602034,804
粤BF6329,114.114998,22.602034,810
粤BF6329,114.114998,22.602034,816
粤BF6329,114.114998,22.602034,822
粤BF6329,114.114998,22.602034,828
粤BF6329,114.114998,22.602034,834
粤BF6329,114.114998,22.602034,846
粤BF6329,114.114998,22.602034,852
粤BF6329,114.114998,22.602034,858
粤BF6329,114.114998,22.602034,864
粤BF6329,114.114998,22.602034,870
粤BF6329,114.114998,22.602034,876
粤BF6329,114.114998,22.602034,882
粤BF6329,114.114998,22.602034,888
粤BF6329,114.114998,22.602034,894
粤BF6329,114.114998,22.602034,900
粤BF6329,114.044296,22.54665,911
粤BF6329,114.044365,22.54435,911
粤BF6329,114.044434,22.541332,912
粤BF6329,114.044449,22.538383,912
粤BF6329,114.044502,22.535316,912
粤BF6329,114.044998,22.5275,913
粤BF6329,114.044586,22.532232,913
粤BF6329,114.044815,22.529249,913
粤BF6329,114.044731,22.526518,914
粤BF6329,114.043915,22.52475,914
粤BF6329,114.044914,22.527018,914
粤BF6329,114.041916,22.521618,915
粤BF6329,114.040833,22.521833,915
粤BF6329,114.042747,22.522766,915
粤BF6329,114.037735,22.523466,916
粤BF6329,114.039101,22.522734,916
粤BF6329,114.037735,22.523466,916
粤BF6329,114.037735,22.523466,917
粤BF6329,114.036613,22.522917,917
粤BF6329,114.037498,22.523518,917
粤BF6329,114.035851,22.522984,918
粤BF6329,114.035851,22.522984,918
粤BF6329,114.035332,22.523233,918
粤BF6329,114.035332,22.523233,919
粤BF6329,114.035332,22.523233,919
粤BF6329,114.035332,22.523233,919
粤BF6329,114.034737,22.5236,920
粤BF6329,114.03492,22.523466,920
粤BF6329,114.035332,22.523233,920
粤BF6329,114.034233,22.523867,921
粤BF6329,114.034233,22.523867,921
粤BF6329,114.034264,22.524433,921
粤BF6329,114.034286,22.52445,922
粤BF6329,114.035019,22.52475,922
粤BF6329,114.034286,22.52445,922
粤BF6329,114.035019,22.52475,923
粤BF6329,114.035019,22.52475,923
粤BF6329,114.035019,22.52475,923
粤BF6329,114.035019,22.52475,924
粤BF6329,114.035019,22.52475,924
粤BF6329,114.035019,22.52475,924
粤BF6329,114.035019,22.52475,925
粤BF6329,114.035019,22.52475,925
粤BF6329,114.035019,22.52475,925
粤BF6329,114.035019,22.52475,925
粤BF6329,114.036652,22.523899,926
粤BF6329,114.035484,22.524549,926
粤BF6329,114.036499,22.523983,926
粤BF6329,114.037964,22.523167,927
粤BF6329,114.039818,22.522217,927
粤BF6329,114.041214,22.521366,927
粤BF6329,114.049553,22.518217,928
粤BF6329,114.043068,22.520399,928
粤BF6329,114.046051,22.519016,928
粤BF6329,114.050552,22.518101,929
粤BF6329,114.050552,22.518101,929
粤BF6329,114.050552,22.518101,929
粤BF6329,114.052071,22.518101,930
粤BF6329,114.055031,22.518482,930
粤BF6329,114.058014,22.519417,930
粤BF6329,114.059883,22.520399,931
粤BF6329,114.061699,22.521618,931
粤BF6329,114.062965,22.523382,931
粤BF6329,114.063301,22.528366,932
粤BF6329,114.063316,22.529432,932
粤BF6329,114.063301,22.525932,932
粤BF6329,114.063065,22.534451,933
粤BF6329,114.062614,22.53615,933
粤BF6329,114.063103,22.531483,933
粤BF6329,114.062599,22.536667,934
粤BF6329,114.062599,22.536667,934
粤BF6329,114.062599,22.536667,934
粤BF6329,114.062332,22.537683,935
粤BF6329,114.062447,22.53705,935
粤BF6329,114.0625,22.538982,935
粤BF6329,114.062531,22.545549,936
粤BF6329,114.062347,22.539568,936
粤BF6329,114.062485,22.54215,936
粤BF6329,114.062401,22.547283,937
粤BF6329,114.062401,22.547283,937
粤BF6329,114.062401,22.547283,937
粤BF6329,114.062401,22.547283,938
粤BF6329,114.062469,22.550716,938
粤BF6329,114.062515,22.548384,938
粤BF6329,114.0625,22.5509,939
粤BF6329,114.0625,22.5509,939
粤BF6329,114.0625,22.5509,939
粤BF6329,114.0625,22.5509,940
粤BF6329,114.0625,22.5509,940
粤BF6329,114.0625,22.5509,940
粤BF6329,114.062584,22.551233,941
粤BF6329,114.062569,22.552967,941
粤BF6329,114.0625,22.5509,941
粤BF6329,114.062698,22.558332,942
粤BF6329,114.062767,22.554983,942
粤BF6329,114.062752,22.555918,942
粤BF6329,114.06282,22.563101,943
粤BF6329,114.062836,22.56435,943
粤BF6329,114.062653,22.56085,943
粤BF6329,114.064499,22.5644,944
粤BF6329,114.06353,22.564367,944
粤BF6329,114.066467,22.564432,944
粤BF6329,114.067131,22.564432,945
粤BF6329,114.067131,22.564432,945
粤BF6329,114.067169,22.563017,945
粤BF6329,114.067169,22.562851,946
粤BF6329,114.067436,22.562799,946
粤BF6329,114.067497,22.56255,946
粤BF6329,114.067497,22.562517,947
粤BF6329,114.067535,22.560034,947
粤BF6329,114.067535,22.561199,947
粤BF6329,114.067413,22.558233,948
粤BF6329,114.066483,22.558201,948
粤BF6329,114.066483,22.558201,948
粤BF6329,114.066483,22.558201,949
粤BF6329,114.066483,22.558201,949
粤BF6329,114.066483,22.558201,950
粤BF6329,114.066483,22.558201,950
粤BF6329,114.066483,22.558201,950
粤BF6329,114.066483,22.558201,951
粤BF6329,114.066483,22.558201,951
粤BF6329,114.066483,22.558201,951
粤BF6329,114.066483,22.558201,952
粤BF6329,114.066483,22.558201,952
粤BF6329,114.066483,22.558201,952
粤BF6329,114.06443,22.558083,953
粤BF6329,114.062714,22.559282,953
粤BF6329,114.066483,22.558201,953
粤BF6329,114.06282,22.564768,954
粤BF6329,114.062569,22.561434,954
粤BF6329,114.062782,22.56325,954
粤BF6329,114.063232,22.568317,955
粤BF6329,114.065033,22.568466,955
粤BF6329,114.062599,22.566633,955
粤BF6329,114.066704,22.568567,956
粤BF6329,114.067398,22.567766,956
粤BF6329,114.068047,22.568684,956
粤BF6329,114.069153,22.569017,957
粤BF6329,114.068398,22.568867,957
粤BF6329,114.070465,22.569218,957
粤BF6329,114.075714,22.571867,958
粤BF6329,114.073402,22.570217,958
粤BF6329,114.071884,22.569433,958
粤BF6329,114.078201,22.57255,959
粤BF6329,114.076736,22.572233,959
粤BF6329,114.077499,22.572451,959
粤BF6329,114.078697,22.572582,960
粤BF6329,114.079918,22.572533,960
粤BF6329,114.079269,22.572582,960
粤BF6329,114.080383,22.572451,961
粤BF6329,114.081398,22.572201,961
粤BF6329,114.082451,22.571867,961
粤BF6329,114.084068,22.570932,962
粤BF6329,114.083618,22.571266,962
粤BF6329,114.084518,22.570517,962
粤BF6329,114.085052,22.569834,963
粤BF6329,114.085716,22.568518,963
粤BF6329,114.085381,22.569183,963
粤BF6329,114.091766,22.567568,964
粤BF6329,114.086617,22.56715,964
粤BF6329,114.088982,22.5669,964
粤BF6329,114.099586,22.570299,965
粤BF6329,114.096748,22.569017,965
粤BF6329,114.094215,22.56815,965
粤BF6329,114.106514,22.574484,966
粤BF6329,114.105217,22.5737,966
粤BF6329,114.102417,22.572018,966
粤BF6329,114.109665,22.576233,967
粤BF6329,114.112564,22.576532,967
粤BF6329,114.122086,22.5767,968
粤BF6329,114.1185,22.576584,968
粤BF6329,114.115265,22.576567,968
粤BF6329,114.133163,22.577017,969
粤BF6329,114.125534,22.577118,969
粤BF6329,114.129364,22.577633,969
粤BF6329,114.137451,22.569401,970
粤BF6329,114.136986,22.575666,970
粤BF6329,114.138367,22.572832,970
粤BF6329,114.140701,22.5616,971
粤BF6329,114.139198,22.563999,971
粤BF6329,114.137337,22.566183,971
粤BF6329,114.140251,22.559217,972
粤BF6329,114.139732,22.557318,972
粤BF6329,114.141151,22.555717,973
粤BF6329,114.138351,22.555384,973
粤BF6329,114.143867,22.5553,974
粤BF6329,114.144897,22.555033,974
粤BF6329,114.142166,22.555616,974
粤BF6329,114.146446,22.554567,975
粤BF6329,114.145447,22.554968,975
粤BF6329,114.146133,22.554068,975
粤BF6329,114.146133,22.554068,975
粤BF6329,114.146133,22.554068,976
粤BF6329,114.146133,22.554068,976
粤BF6329,114.146133,22.554068,976
粤BF6329,114.14518,22.553232,977
粤BF6329,114.145752,22.553734,977
粤BF6329,114.145699,22.553699,977
粤BF6329,114.143997,22.55245,978
粤BF6329,114.144035,22.55245,978
粤BF6329,114.144516,22.552601,978
粤BF6329,114.14312,22.55055,979
粤BF6329,114.143318,22.551649,979
粤BF6329,114.14312,22.55055,979
粤BF6329,114.141617,22.55015,980
粤BF6329,114.142914,22.550333,980
粤BF6329,114.141884,22.5502,980
粤BF6329,114.141617,22.55015,981
粤BF6329,114.141617,22.55015,981
粤BF6329,114.141617,22.55015,981
粤BF6329,114.141617,22.55015,982
粤BF6329,114.139603,22.549917,982
粤BF6329,114.139717,22.549932,982
粤BF6329,114.139603,22.549917,983
粤BF6329,114.138618,22.549833,983
粤BF6329,114.13662,22.54965,983
粤BF6329,114.13028,22.548717,984
粤BF6329,114.132065,22.549017,984
粤BF6329,114.134247,22.549368,984
粤BF6329,114.127853,22.548349,985
粤BF6329,114.127235,22.548267,985
粤BF6329,114.127235,22.548267,985
粤BF6329,114.125801,22.544201,986
粤BF6329,114.125816,22.545967,986
粤BF6329,114.12587,22.547667,986
粤BF6329,114.122818,22.5404,987
粤BF6329,114.125648,22.542351,987
粤BF6329,114.123917,22.541149,987
粤BF6329,114.119583,22.539049,988
粤BF6329,114.118332,22.540199,988
粤BF6329,114.121399,22.539482,988
粤BF6329,114.112434,22.538168,989
粤BF6329,114.116531,22.539583,989
粤BF6329,114.114418,22.538683,989
粤BF6329,114.110016,22.5378,990
粤BF6329,114.107651,22.537283,990
粤BF6329,114.102486,22.538168,991
粤BF6329,114.097298,22.538134,991
粤BF6329,114.099266,22.538134,991
粤BF6329,114.08812,22.537617,992
粤BF6329,114.094368,22.538168,992
粤BF6329,114.081398,22.53735,993
粤BF6329,114.082916,22.537434,993
粤BF6329,114.084846,22.537483,993
粤BF6329,114.080002,22.536682,994
粤BF6329,114.07785,22.533367,994
粤BF6329,114.076668,22.532133,995
粤BF6329,114.076164,22.532066,995
粤BF6329,114.077431,22.532633,995
粤BF6329,114.075531,22.532,996
粤BF6329,114.074852,22.531918,996
粤BF6329,114.073219,22.531883,996
粤BF6329,114.072166,22.531851,997
粤BF6329,114.070198,22.531851,997
粤BF6329,114.066719,22.531767,997
粤BF6329,114.063469,22.531717,998
粤BF6329,114.059898,22.531651,998
粤BF6329,114.056885,22.531668,998
粤BF6329,114.050682,22.531567,999
粤BF6329,114.05397,22.531633,999
粤BF6329,114.046967,22.531483,999
粤BF6329,114.040001,22.531017,1000
粤BF6329,114.043648,22.531384,1000
粤BF6329,114.036964,22.530684,1000
粤BF6329,114.033432,22.53035,1001
粤BF6329,114.030464,22.530382,1001
粤BF6329,114.028084,22.530849,1001
粤BF6329,114.025185,22.533133,1002
粤BF6329,114.024651,22.535116,1002
粤BF6329,114.025833,22.53175,1002
粤BF6329,114.023315,22.5403,1003
粤BF6329,114.0243,22.536449,1003
粤BF6329,114.023918,22.537951,1003
粤BF6329,114.02282,22.542467,1004
粤BF6329,114.021065,22.545,1004
粤BF6329,114.022316,22.544317,1004
粤BF6329,114.0186,22.544451,1005
粤BF6329,114.019432,22.544683,1005
粤BF6329,114.0186,22.544451,1005
粤BF6329,114.017952,22.54435,1006
粤BF6329,114.017952,22.54435,1006
粤BF6329,114.017952,22.54435,1006
粤BF6329,114.016647,22.544117,1007
粤BF6329,114.017952,22.54435,1007
粤BF6329,114.017952,22.54435,1007
粤BF6329,114.014832,22.543833,1008
粤BF6329,114.012733,22.543266,1008
粤BF6329,114.012085,22.544533,1009
粤BF6329,114.012398,22.5446,1009
粤BF6329,114.012085,22.544533,1009
粤BF6329,114.012085,22.544533,1009
粤BF6329,114.014381,22.545183,1010
粤BF6329,114.013718,22.544968,1010
粤BF6329,114.015915,22.545517,1010
粤BF6329,114.016464,22.545633,1011
粤BF6329,114.016464,22.545633,1011
粤BF6329,114.016464,22.545633,1011
粤BF6329,114.016464,22.545633,1012
粤BF6329,114.016464,22.545633,1012
粤BF6329,114.016464,22.545633,1012
粤BF6329,114.016464,22.545633,1013
粤BF6329,114.016464,22.545633,1013
粤BF6329,114.016464,22.545633,1013
粤BF6329,114.016563,22.545616,1014
粤BF6329,114.016464,22.545633,1014
粤BF6329,114.016464,22.545633,1014
粤BF6329,114.016563,22.545616,1015
粤BF6329,114.016563,22.545616,1015
粤BF6329,114.016563,22.545616,1015
粤BF6329,114.016563,22.545616,1016
粤BF6329,114.016563,22.545616,1016
粤BF6329,114.016563,22.545616,1016
粤BF6329,114.016563,22.545616,1017
粤BF6329,114.016563,22.545616,1017
粤BF6329,114.016563,22.545616,1017
粤BF6329,114.016563,22.545616,1018
粤BF6329,114.016563,22.545616,1018
粤BF6329,114.016563,22.545616,1018
粤BF6329,114.016563,22.545616,1019
粤BF6329,114.016563,22.545616,1019
粤BF6329,114.016563,22.545616,1019
粤BF6329,114.016563,22.545616,1020
粤BF6329,114.016563,22.545616,1020
粤BF6329,114.014053,22.545116,1029
粤BF6329,114.014717,22.545282,1029
粤BF6329,114.01313,22.544832,1030
粤BF6329,114.01255,22.544634,1030
粤BF6329,114.01255,22.544634,1030
粤BF6329,114.01255,22.544634,1030
粤BF6329,114.01255,22.544634,1031
粤BF6329,114.01255,22.544634,1031
粤BF6329,114.01255,22.544634,1031
粤BF6329,114.01255,22.544634,1032
粤BF6329,114.01255,22.544634,1032
粤BF6329,114.01255,22.544634,1032
粤BF6329,114.01255,22.544634,1033
粤BF6329,114.01255,22.544634,1033
粤BF6329,114.01255,22.544634,1033
粤BF6329,114.01255,22.544634,1034
粤BF6329,114.01255,22.544634,1034
粤BF6329,114.01255,22.544634,1034
粤BF6329,114.01255,22.544634,1035
粤BF6329,114.01255,22.544634,1035
粤BF6329,114.01255,22.544634,1035
粤BF6329,114.01255,22.544634,1036
粤BF6329,114.01255,22.544634,1036
粤BF6329,114.01255,22.544634,1036
粤BF6329,114.01255,22.544634,1037
粤BF6329,114.01255,22.544634,1037
粤BF6329,114.01255,22.544634,1037
粤BF6329,114.01255,22.544634,1038
粤BF6329,114.01255,22.544634,1038
粤BF6329,114.01255,22.544634,1038
粤BF6329,114.01255,22.544634,1039
粤BF6329,114.01255,22.544634,1039
粤BF6329,114.01255,22.544634,1039
粤BF6329,114.01255,22.544634,1040
粤BF6329,114.01255,22.544634,1040
粤BF6329,114.012016,22.543467,1040
粤BF6329,114.012115,22.543068,1041
粤BF6329,114.012115,22.543068,1041
粤BF6329,114.012115,22.543068,1041
粤BF6329,114.01223,22.542784,1042
粤BF6329,114.012115,22.543068,1042
粤BF6329,114.012817,22.541149,1042
粤BF6329,114.013367,22.539717,1043
粤BF6329,114.013367,22.539717,1043
粤BF6329,114.013367,22.539717,1043
粤BF6329,114.015404,22.539766,1044
粤BF6329,114.014801,22.5397,1044
粤BF6329,114.013832,22.539568,1044
粤BF6329,114.016136,22.539917,1045
粤BF6329,114.017197,22.540016,1045
粤BF6329,114.016136,22.539917,1045
粤BF6329,114.017982,22.5401,1046
粤BF6329,114.017883,22.541317,1046
粤BF6329,114.017197,22.540016,1046
粤BF6329,114.017799,22.541733,1047
粤BF6329,114.017799,22.541733,1047
粤BF6329,114.017799,22.541733,1047
粤BF6329,114.019447,22.544451,1048
粤BF6329,114.017418,22.543633,1048
粤BF6329,114.017632,22.542101,1048
粤BF6329,114.023384,22.545099,1049
粤BF6329,114.029381,22.546482,1049
粤BF6329,114.026848,22.545732,1049
粤BF6329,114.033867,22.547832,1050
粤BF6329,114.033585,22.54775,1050
粤BF6329,114.031403,22.547117,1050
粤BF6329,114.033867,22.547832,1051
粤BF6329,114.033867,22.547832,1051
粤BF6329,114.033867,22.547832,1051
粤BF6329,114.033867,22.547832,1052
粤BF6329,114.034882,22.548134,1052
粤BF6329,114.033867,22.547832,1052
粤BF6329,114.037819,22.54895,1053
粤BF6329,114.036201,22.548532,1053
粤BF6329,114.039116,22.549232,1053
粤BF6329,114.039818,22.548933,1054
粤BF6329,114.039818,22.5469,1054
粤BF6329,114.039818,22.547951,1054
粤BF6329,114.03978,22.544767,1055
粤BF6329,114.03978,22.544849,1055
粤BF6329,114.039818,22.5462,1055
粤BF6329,114.041214,22.544233,1056
粤BF6329,114.041214,22.544233,1056
粤BF6329,114.040497,22.544367,1056
粤BF6329,114.041214,22.544233,1057
粤BF6329,114.041214,22.544233,1057
粤BF6329,114.041214,22.544233,1057
粤BF6329,114.041214,22.544233,1057
粤BF6329,114.041214,22.544233,1058
粤BF6329,114.043503,22.544617,1058
粤BF6329,114.041214,22.544233,1058
粤BF6329,114.042969,22.5431,1059
粤BF6329,114.043449,22.5436,1059
粤BF6329,114.043602,22.5446,1059
粤BF6329,114.042686,22.543133,1060
粤BF6329,114.042686,22.543133,1060
粤BF6329,114.042686,22.543133,1060
粤BF6329,114.042686,22.543133,1061
粤BF6329,114.042686,22.543133,1061
粤BF6329,114.042686,22.543133,1061
粤BF6329,114.042686,22.543133,1062
粤BF6329,114.042686,22.543133,1062
粤BF6329,114.042686,22.543133,1062
粤BF6329,114.041466,22.542749,1063
粤BF6329,114.040184,22.542517,1063
粤BF6329,114.040184,22.542517,1063
粤BF6329,114.03933,22.5424,1064
粤BF6329,114.037949,22.54215,1064
粤BF6329,114.040184,22.542517,1064
粤BF6329,114.036247,22.541782,1065
粤BF6329,114.036186,22.541782,1065
粤BF6329,114.036186,22.541782,1065
粤BF6329,114.036186,22.541782,1066
粤BF6329,114.036186,22.541782,1066
粤BF6329,114.035347,22.541634,1066
粤BF6329,114.026497,22.540117,1067
粤BF6329,114.032616,22.541166,1067
粤BF6329,114.029671,22.540667,1067
粤BF6329,114.023285,22.539583,1068
粤BF6329,114.020233,22.539133,1068
粤BF6329,114.017464,22.538567,1068
粤BF6329,114.009949,22.537283,1069
粤BF6329,114.013046,22.53775,1069
粤BF6329,114.015152,22.538134,1069
粤BF6329,114.008163,22.536983,1070
粤BF6329,114.006683,22.536734,1070
粤BF6329,114.008163,22.536983,1070
粤BF6329,114.003868,22.536217,1071
粤BF6329,114.00502,22.536432,1071
粤BF6329,114.003868,22.536217,1071
粤BF6329,114.003868,22.536217,1072
粤BF6329,114.003868,22.536217,1072
粤BF6329,114.003868,22.536217,1072
粤BF6329,114.003548,22.536133,1073
粤BF6329,114.003868,22.536217,1073
粤BF6329,114.003868,22.536217,1073
粤BF6329,114.003517,22.533434,1074
粤BF6329,114.003304,22.534933,1074
粤BF6329,114.003448,22.534,1074
粤BF6329,114.001503,22.532766,1075
粤BF6329,113.997818,22.532118,1075
粤BF6329,113.99427,22.531349,1075
粤BF6329,113.99382,22.531233,1076
粤BF6329,113.99382,22.531233,1076
粤BF6329,113.99382,22.531233,1076
粤BF6329,113.99382,22.531233,1077
粤BF6329,113.99263,22.530951,1077
粤BF6329,113.99382,22.531233,1077
粤BF6329,113.989685,22.530434,1078
粤BF6329,113.984047,22.529417,1078
粤BF6329,113.986801,22.529917,1078
粤BF6329,113.98098,22.528868,1079
粤BF6329,113.978203,22.528366,1079
粤BF6329,113.977798,22.528351,1079
粤BF6329,113.981514,22.528833,1080
粤BF6329,113.983849,22.529167,1080
粤BF6329,113.978714,22.528334,1080
粤BF6329,113.987053,22.529716,1081
粤BF6329,113.985985,22.529551,1081
粤BF6329,113.98452,22.529266,1081
粤BF6329,113.987053,22.529716,1082
粤BF6329,113.987053,22.529716,1082
粤BF6329,113.987053,22.529716,1082
粤BF6329,113.987053,22.529716,1083
粤BF6329,113.987053,22.529716,1083
粤BF6329,113.987053,22.529716,1083
粤BF6329,113.987053,22.529716,1083
粤BF6329,113.992035,22.530733,1084
粤BF6329,113.988533,22.530033,1084
粤BF6329,113.990135,22.530399,1084
粤BF6329,113.988914,22.530283,1085
粤BF6329,113.988914,22.530283,1085
粤BF6329,113.991447,22.53075,1085
粤BF6329,113.98597,22.529751,1086
粤BF6329,113.98243,22.529182,1086
粤BF6329,113.988602,22.530216,1086
粤BF6329,113.978531,22.528467,1087
粤BF6329,113.97303,22.529934,1087
粤BF6329,113.975433,22.529051,1087
粤BF6329,113.96772,22.531918,1088
粤BF6329,113.96772,22.531918,1088
粤BF6329,113.971016,22.530666,1088
粤BF6329,113.96933,22.5313,1088
粤BF6329,113.96772,22.531918,1089
粤BF6329,113.96772,22.531918,1089
粤BF6329,113.96772,22.531918,1089
粤BF6329,113.965782,22.532516,1090
粤BF6329,113.964066,22.533133,1090
粤BF6329,113.966454,22.532301,1090
粤BF6329,113.962936,22.53355,1091
粤BF6329,113.963264,22.533434,1091
粤BF6329,113.962646,22.533684,1091
粤BF6329,113.962646,22.533684,1092
粤BF6329,113.962646,22.533684,1092
粤BF6329,113.962646,22.533684,1092
粤BF6329,113.962151,22.534401,1093
粤BF6329,113.96212,22.53475,1093
粤BF6329,113.962646,22.533684,1093
粤BF6329,113.962013,22.535334,1094
粤BF6329,113.961884,22.537451,1094
粤BF6329,113.961967,22.536217,1094
粤BF6329,113.961899,22.539284,1095
粤BF6329,113.961929,22.540417,1095
粤BF6329,113.9618,22.538433,1095
粤BF6329,113.961853,22.541718,1096
粤BF6329,113.961899,22.541134,1096
粤BF6329,113.961853,22.541733,1096
粤BF6329,113.961853,22.541733,1097
粤BF6329,113.961853,22.541733,1097
粤BF6329,113.961853,22.541733,1097
粤BF6329,113.961914,22.541267,1098
粤BF6329,113.961853,22.541733,1098
粤BF6329,113.961853,22.541733,1098
粤BF6329,113.961998,22.53965,1099
粤BF6329,113.961983,22.540117,1099
粤BF6329,113.961998,22.539316,1099
粤BF6329,113.961868,22.538183,1100
粤BF6329,113.961967,22.536633,1100
粤BF6329,113.962067,22.537382,1100
粤BF6329,113.961967,22.536133,1101
粤BF6329,113.962067,22.535151,1101
粤BF6329,113.962036,22.534651,1101
粤BF6329,113.960747,22.53425,1102
粤BF6329,113.962036,22.534651,1102
粤BF6329,113.962036,22.534067,1102
粤BF6329,113.959999,22.534451,1103
粤BF6329,113.959999,22.534451,1103
粤BF6329,113.959999,22.534451,1103
粤BF6329,113.958298,22.534834,1104
粤BF6329,113.959999,22.534451,1104
粤BF6329,113.955498,22.535217,1104
粤BF6329,113.949165,22.535868,1105
粤BF6329,113.94828,22.535917,1105
粤BF6329,113.949417,22.535868,1105
粤BF6329,113.947769,22.535833,1106
粤BF6329,113.945465,22.535982,1106
粤BF6329,113.945129,22.536667,1106
粤BF6329,113.945129,22.536699,1107
粤BF6329,113.945099,22.538134,1107
粤BF6329,113.945084,22.537399,1107
粤BF6329,113.945084,22.538683,1108
粤BF6329,113.945084,22.538683,1108
粤BF6329,113.945084,22.540533,1108
粤BF6329,113.945099,22.541668,1109
粤BF6329,113.94503,22.5418,1109
粤BF6329,113.94503,22.5418,1109
粤BF6329,113.94503,22.5418,1110
粤BF6329,113.94503,22.5418,1110
粤BF6329,113.94503,22.5418,1110
粤BF6329,113.945183,22.5424,1111
粤BF6329,113.945618,22.542683,1111
粤BF6329,113.94503,22.5418,1111
粤BF6329,113.94622,22.542784,1112
粤BF6329,113.94622,22.542784,1112
粤BF6329,113.94622,22.542784,1112
粤BF6329,113.94622,22.542784,1113
粤BF6329,113.94622,22.542784,1113
粤BF6329,113.94622,22.542784,1113
粤BF6329,113.94622,22.542784,1114
粤BF6329,113.94622,22.542784,1114
粤BF6329,113.94622,22.542784,1114
粤BF6329,113.947502,22.542917,1115
粤BF6329,113.947502,22.542917,1115
粤BF6329,113.947502,22.542917,1115
粤BF6329,113.947502,22.542917,1116
粤BF6329,113.947502,22.542917,1116
粤BF6329,113.947502,22.542917,1116
粤BF6329,113.947502,22.542917,1117
粤BF6329,113.947502,22.542917,1117
粤BF6329,113.947502,22.542917,1117
粤BF6329,113.948448,22.543432,1118
粤BF6329,113.94838,22.54315,1118
粤BF6329,113.948448,22.543432,1118
粤BF6329,113.948936,22.5434,1118
粤BF6329,113.946198,22.543318,1119
粤BF6329,113.944534,22.543283,1119
粤BF6329,113.947449,22.543383,1119
粤BF6329,113.942886,22.543217,1120
粤BF6329,113.941536,22.54315,1120
粤BF6329,113.939583,22.542999,1120
粤BF6329,113.936302,22.542816,1121
粤BF6329,113.934364,22.5427,1121
粤BF6329,113.934433,22.542717,1121
粤BF6329,113.933701,22.542683,1122
粤BF6329,113.933701,22.542683,1122
粤BF6329,113.933701,22.542683,1122
粤BF6329,113.932884,22.54265,1123
粤BF6329,113.933701,22.542683,1123
粤BF6329,113.932114,22.54265,1123
粤BF6329,113.927498,22.542868,1124
粤BF6329,113.931168,22.5427,1124
粤BF6329,113.929604,22.542767,1124
粤BF6329,113.927017,22.5429,1125
粤BF6329,113.927017,22.5429,1125
粤BF6329,113.927017,22.5429,1125
粤BF6329,113.925552,22.542917,1126
粤BF6329,113.926369,22.542933,1126
粤BF6329,113.927017,22.5429,1126
粤BF6329,113.92437,22.54295,1127
粤BF6329,113.923668,22.542967,1127
粤BF6329,113.925415,22.542917,1127
粤BF6329,113.922546,22.543016,1128
粤BF6329,113.923615,22.542967,1128
粤BF6329,113.923134,22.542999,1128
粤BF6329,113.922302,22.543016,1129
粤BF6329,113.922302,22.543016,1129
粤BF6329,113.922302,22.543016,1129
粤BF6329,113.922302,22.543016,1130
粤BF6329,113.920998,22.543118,1130
粤BF6329,113.920502,22.543167,1130
粤BF6329,113.919464,22.543217,1131
粤BF6329,113.917213,22.543301,1131
粤BF6329,113.91597,22.543383,1132
粤BF6329,113.913452,22.5441,1132
粤BF6329,113.915787,22.5434,1132
粤BF6329,113.911583,22.545282,1132
粤BF6329,113.909615,22.548416,1133
粤BF6329,113.910233,22.5473,1133
粤BF6329,113.908348,22.55085,1133
粤BF6329,113.904549,22.556601,1134
粤BF6329,113.90728,22.552732,1134
粤BF6329,113.905685,22.555218,1134
粤BF6329,113.900032,22.56065,1135
粤BF6329,113.90168,22.559433,1135
粤BF6329,113.903183,22.558117,1135
粤BF6329,113.894531,22.565033,1136
粤BF6329,113.898048,22.562149,1136
粤BF6329,113.896133,22.563583,1136
粤BF6329,113.891235,22.568684,1137
粤BF6329,113.892868,22.566868,1137
粤BF6329,113.86628,22.596867,1144
粤BF6329,113.865166,22.598551,1144
粤BF6329,113.864952,22.598883,1145
粤BF6329,113.864319,22.5998,1145
粤BF6329,113.864929,22.598917,1145
粤BF6329,113.861847,22.60375,1146
粤BF6329,113.863464,22.601133,1146
粤BF6329,113.862869,22.602118,1146
粤BF6329,113.858597,22.60725,1147
粤BF6329,113.85685,22.6091,1147
粤BF6329,113.860451,22.60535,1147
粤BF6329,113.853699,22.615,1148
粤BF6329,113.855652,22.610983,1148
粤BF6329,113.854515,22.613333,1148
粤BF6329,113.851402,22.619133,1149
粤BF6329,113.852051,22.618082,1149
粤BF6329,113.852684,22.616867,1149
粤BF6329,113.85025,22.618168,1150
粤BF6329,113.85083,22.617849,1150
粤BF6329,113.852501,22.618982,1150
粤BF6329,113.85083,22.618767,1151
粤BF6329,113.852615,22.616432,1151
粤BF6329,113.851753,22.6178,1151
粤BF6329,113.853165,22.614983,1152
粤BF6329,113.851219,22.614134,1152
粤BF6329,113.852249,22.6145,1152
粤BF6329,113.847565,22.613934,1153
粤BF6329,113.849968,22.613934,1153
粤BF6329,113.849434,22.614717,1153
粤BF6329,113.844551,22.61265,1154
粤BF6329,113.846016,22.613251,1154
粤BF6329,113.842934,22.611982,1154
粤BF6329,113.839165,22.610518,1155
粤BF6329,113.84095,22.611134,1155
粤BF6329,113.838318,22.611967,1155
粤BF6329,113.837418,22.613649,1156
粤BF6329,113.836098,22.616484,1156
粤BF6329,113.835251,22.618401,1156
粤BF6329,113.835167,22.618616,1157
粤BF6329,113.835167,22.618616,1157
粤BF6329,113.835167,22.618616,1157
粤BF6329,113.832664,22.618717,1158
粤BF6329,113.834648,22.6194,1158
粤BF6329,113.835167,22.618616,1158
粤BF6329,113.830521,22.617649,1159
粤BF6329,113.824348,22.614668,1159
粤BF6329,113.827637,22.616182,1159
粤BF6329,113.821182,22.613167,1160
粤BF6329,113.816597,22.613567,1160
粤BF6329,113.818581,22.612118,1160
粤BF6329,113.815231,22.616167,1161
粤BF6329,113.814034,22.618549,1161
粤BF6329,113.812447,22.621468,1161
粤BF6329,113.812065,22.622316,1162
粤BF6329,113.812065,22.622316,1162
粤BF6329,113.812134,22.6227,1162
粤BF6329,113.812683,22.622967,1163
粤BF6329,113.813286,22.623783,1163
粤BF6329,113.813316,22.623882,1163
粤BF6329,113.813316,22.623882,1164
粤BF6329,113.813316,22.623882,1164
粤BF6329,113.813316,22.623882,1164
粤BF6329,113.813316,22.623882,1165
粤BF6329,113.813316,22.623882,1165
粤BF6329,113.813316,22.623882,1165
粤BF6329,113.813316,22.623882,1166
粤BF6329,113.813316,22.623882,1166
粤BF6329,113.813316,22.623882,1166
粤BF6329,113.813316,22.623882,1167
粤BF6329,113.813316,22.623882,1167
粤BF6329,113.813316,22.623882,1167
粤BF6329,113.813316,22.623882,1168
粤BF6329,113.813316,22.623882,1168
粤BF6329,113.813316,22.623882,1168
粤BF6329,113.813316,22.623882,1169
粤BF6329,113.813316,22.623882,1169
粤BF6329,113.813316,22.623882,1169
粤BF6329,113.813316,22.623882,1170
粤BF6329,113.813316,22.623882,1170
粤BF6329,113.813316,22.623882,1170
粤BF6329,113.813316,22.623882,1171
粤BF6329,113.813316,22.623882,1171
粤BF6329,113.813316,22.623882,1171
粤BF6329,113.813316,22.623882,1172
粤BF6329,113.813316,22.623882,1172
粤BF6329,113.813316,22.623882,1172
粤BF6329,113.813316,22.623882,1173
粤BF6329,113.813316,22.623882,1173
粤BF6329,113.813316,22.623882,1173
粤BF6329,113.813316,22.623882,1174
粤BF6329,113.813316,22.623882,1174
粤BF6329,113.813316,22.623882,1174
粤BF6329,113.813316,22.623882,1175
粤BF6329,113.813316,22.623882,1175
粤BF6329,113.813316,22.623882,1175
粤BF6329,113.813316,22.623882,1176
粤BF6329,113.813316,22.623882,1176
粤BF6329,113.813316,22.623882,1176
粤BF6329,113.813316,22.623882,1177
粤BF6329,113.813316,22.623882,1177
粤BF6329,113.813316,22.623882,1177
粤BF6329,113.813316,22.623882,1178
粤BF6329,113.813316,22.623882,1178
粤BF6329,113.813316,22.623882,1178
粤BF6329,113.813316,22.623882,1179
粤BF6329,113.813316,22.623882,1179
粤BF6329,113.813316,22.623882,1179
粤BF6329,113.813316,22.623882,1180
粤BF6329,113.813316,22.623882,1180
粤BF6329,113.813316,22.623882,1180
粤BF6329,113.813316,22.623882,1181
粤BF6329,113.813316,22.623882,1181
粤BF6329,113.813316,22.623882,1181
粤BF6329,113.813316,22.623882,1182
粤BF6329,113.813316,22.623882,1182
粤BF6329,113.813316,22.623882,1182
粤BF6329,113.813316,22.623882,1183
粤BF6329,113.813316,22.623882,1183
粤BF6329,113.813316,22.623882,1183
粤BF6329,113.813316,22.623882,1184
粤BF6329,113.813316,22.623882,1184
粤BF6329,113.813316,22.623882,1184
粤BF6329,113.813316,22.623882,1185
粤BF6329,113.813316,22.623882,1185
粤BF6329,113.813316,22.623882,1185
粤BF6329,113.813316,22.623882,1186
粤BF6329,113.813316,22.623882,1186
粤BF6329,113.813316,22.623882,1186
粤BF6329,113.813316,22.623882,1187
粤BF6329,113.813316,22.623882,1187
粤BF6329,113.813316,22.623882,1187
粤BF6329,113.813583,22.624767,1188
粤BF6329,113.813316,22.623882,1188
粤BF6329,113.813332,22.625267,1188
粤BF6329,113.813065,22.625767,1189
粤BF6329,113.813232,22.625483,1189
粤BF6329,113.812851,22.626133,1189
粤BF6329,113.812485,22.626867,1190
粤BF6329,113.812614,22.626617,1190
粤BF6329,113.8125,22.62685,1190
粤BF6329,113.811729,22.627867,1191
粤BF6329,113.812485,22.626867,1191
粤BF6329,113.812218,22.627283,1191
粤BF6329,113.810852,22.627684,1192
粤BF6329,113.811081,22.627733,1192
粤BF6329,113.810852,22.627684,1192
粤BF6329,113.810852,22.627684,1193
粤BF6329,113.810852,22.627684,1193
粤BF6329,113.810852,22.627684,1193
粤BF6329,113.809814,22.627382,1194
粤BF6329,113.809753,22.62735,1194
粤BF6329,113.810852,22.627684,1194
粤BF6329,113.8097,22.627184,1195
粤BF6329,113.809753,22.62735,1195
粤BF6329,113.8097,22.627184,1195
粤BF6329,113.8097,22.627184,1196
粤BF6329,113.8097,22.627184,1196
粤BF6329,113.8097,22.627184,1196
粤BF6329,113.8097,22.627184,1197
粤BF6329,113.8097,22.627184,1197
粤BF6329,113.8097,22.627184,1197
粤BF6329,113.8097,22.627184,1198
粤BF6329,113.8097,22.627184,1198
粤BF6329,113.8097,22.627184,1198
粤BF6329,113.8097,22.627184,1199
粤BF6329,113.8097,22.627184,1199
粤BF6329,113.8097,22.627184,1199
粤BF6329,113.807434,22.624367,1200
粤BF6329,113.808853,22.62505,1200
粤BF6329,113.807167,22.622732,1200
粤BF6329,113.806686,22.623949,1200
粤BF6329,113.807434,22.622232,1200
粤BF6329,113.808037,22.621117,1200
粤BF6329,113.806648,22.623716,1200
粤BF6329,113.807716,22.6217,1200
粤BF6329,113.806984,22.624149,1200
粤BF6329,113.807899,22.624582,1200
粤BF6329,113.80835,22.624783,1200
粤BF6329,113.806885,22.623266,1200
粤BF6329,113.80925,22.619133,1201
粤BF6329,113.810081,22.617649,1201
粤BF6329,113.80883,22.61985,1201
粤BF6329,113.812302,22.613632,1201
粤BF6329,113.811951,22.614283,1201
粤BF6329,113.808418,22.620501,1201
粤BF6329,113.8116,22.614918,1201
粤BF6329,113.810501,22.616917,1201
粤BF6329,113.812683,22.612949,1201
粤BF6329,113.813683,22.6112,1202
粤BF6329,113.815598,22.610083,1202
粤BF6329,113.813034,22.612316,1202
粤BF6329,113.81337,22.611717,1202
粤BF6329,113.814064,22.610783,1202
粤BF6329,113.815048,22.610216,1202
粤BF6329,113.81678,22.609949,1202
粤BF6329,113.817818,22.609983,1202
粤BF6329,113.818314,22.610167,1202
粤BF6329,113.816185,22.610001,1202
粤BF6329,113.817314,22.609934,1202
粤BF6329,113.814499,22.610468,1202
粤BF6329,113.818764,22.61055,1203
粤BF6329,113.82,22.612301,1203
粤BF6329,113.819069,22.611067,1203
粤BF6329,113.819298,22.611549,1203
粤BF6329,113.82048,22.612568,1203
粤BF6329,113.823051,22.613832,1203
粤BF6329,113.829063,22.616699,1204
粤BF6329,113.831985,22.618099,1204
粤BF6329,113.84362,22.6217,1205
粤BF6329,113.839981,22.620716,1205
粤BF6329,113.835464,22.619516,1205
粤BF6329,113.836365,22.619766,1205
粤BF6329,113.847153,22.6227,1206
粤BF6329,113.852318,22.625,1206
粤BF6329,113.855164,22.631683,1207
粤BF6329,113.853752,22.6259,1207
粤BF6329,113.853821,22.628817,1207
粤BF6329,113.858353,22.635517,1208
粤BF6329,113.856918,22.633717,1208
粤BF6329,113.858551,22.635767,1208
粤BF6329,113.858551,22.635767,1209
粤BF6329,113.859154,22.636732,1209
粤BF6329,113.858551,22.635767,1209
粤BF6329,113.86042,22.640284,1210
粤BF6329,113.862396,22.648518,1210
粤BF6329,113.861465,22.644617,1210
粤BF6329,113.871498,22.656099,1211
粤BF6329,113.867332,22.654617,1211
粤BF6329,113.864136,22.651867,1211
粤BF6329,113.881287,22.6576,1212
粤BF6329,113.876381,22.656851,1212
粤BF6329,113.8862,22.65835,1212
粤BF6329,113.891136,22.658983,1213
粤BF6329,113.900452,22.659149,1213
粤BF6329,113.895836,22.659201,1213
粤BF6329,113.904221,22.6591,1214
粤BF6329,113.908051,22.659,1214
粤BF6329,113.91188,22.658934,1214
粤BF6329,113.924149,22.661949,1215
粤BF6329,113.920197,22.659817,1215
粤BF6329,113.916031,22.658916,1215
粤BF6329,113.933136,22.67,1216
粤BF6329,113.930016,22.667917,1216
粤BF6329,113.927383,22.665216,1216
粤BF6329,113.936798,22.671583,1217
粤BF6329,113.94458,22.676468,1217
粤BF6329,113.940903,22.673567,1217
粤BF6329,113.955948,22.683216,1218
粤BF6329,113.947929,22.679117,1218
粤BF6329,113.951668,22.681383,1218
粤BF6329,113.964333,22.685534,1219
粤BF6329,113.967415,22.686333,1219
粤BF6329,113.970764,22.686916,1220
粤BF6329,113.973816,22.687033,1220
粤BF6329,113.974747,22.687067,1220
粤BF6329,113.978615,22.687599,1221
粤BF6329,113.982231,22.688932,1221
粤BF6329,113.986603,22.690468,1221
粤BF6329,113.999115,22.689699,1222
粤BF6329,113.990685,22.691084,1222
粤BF6329,113.994919,22.690832,1222
粤BF6329,114.012802,22.686483,1223
粤BF6329,114.003319,22.687817,1223
粤BF6329,114.027168,22.684067,1224
粤BF6329,114.017731,22.686068,1224
粤BF6329,114.022369,22.685049,1224
粤BF6329,114.037086,22.683933,1225
粤BF6329,114.031952,22.6838,1225
粤BF6329,114.039368,22.683968,1225
粤BF6329,114.049332,22.683083,1226
粤BF6329,114.0466,22.68335,1226
粤BF6329,114.043068,22.68375,1226
粤BF6329,114.05143,22.68285,1227
粤BF6329,114.050163,22.683001,1227
粤BF6329,114.0532,22.682617,1227
粤BF6329,114.056267,22.68185,1228
粤BF6329,114.05735,22.68145,1228
粤BF6329,114.054718,22.682301,1228
粤BF6329,114.059914,22.680166,1229
粤BF6329,114.059036,22.680668,1229
粤BF6329,114.058281,22.681017,1229
粤BF6329,114.061264,22.679268,1230
粤BF6329,114.060585,22.679733,1230
粤BF6329,114.061783,22.678883,1230
粤BF6329,114.063034,22.678017,1231
粤BF6329,114.064529,22.67695,1231
粤BF6329,114.06237,22.678482,1231
粤BF6329,114.067886,22.67535,1232
粤BF6329,114.066071,22.6761,1232
粤BF6329,114.069466,22.674816,1232
粤BF6329,114.072571,22.6742,1233
粤BF6329,114.070602,22.674549,1233
粤BF6329,114.0755,22.673834,1233
粤BF6329,114.077751,22.673166,1234
粤BF6329,114.083351,22.669333,1234
粤BF6329,114.080269,22.67165,1234
粤BF6329,114.091118,22.666233,1235
粤BF6329,114.087097,22.667383,1235
粤BF6329,114.095596,22.665382,1235
粤BF6329,114.104614,22.6646,1236
粤BF6329,114.109619,22.664867,1236
粤BF6329,114.099854,22.664667,1236
粤BF6329,114.12278,22.664633,1237
粤BF6329,114.119102,22.665167,1237
粤BF6329,114.114571,22.665117,1237
粤BF6329,114.12632,22.663633,1238
粤BF6329,114.129715,22.662434,1238
粤BF6329,114.133217,22.661266,1238
粤BF6329,114.145798,22.661432,1239
粤BF6329,114.137016,22.660801,1239
粤BF6329,114.141464,22.6611,1239
粤BF6329,114.150215,22.661467,1240
粤BF6329,114.154221,22.660467,1240
粤BF6329,114.15773,22.6593,1240
粤BF6329,114.168648,22.656099,1241
粤BF6329,114.164497,22.657101,1241
粤BF6329,114.160881,22.658283,1241
粤BF6329,114.180801,22.6602,1242
粤BF6329,114.177551,22.657867,1242
粤BF6329,114.173431,22.656384,1242
粤BF6329,114.186218,22.665167,1243
粤BF6329,114.183319,22.6625,1243
粤BF6329,114.188881,22.66815,1243
粤BF6329,114.191299,22.671232,1244
粤BF6329,114.193985,22.673967,1244
粤BF6329,114.196884,22.6759,1244
粤BF6329,114.203346,22.677982,1245
粤BF6329,114.205215,22.680149,1245
粤BF6329,114.200218,22.677082,1245
粤BF6329,114.205521,22.680733,1246
粤BF6329,114.205521,22.680733,1246
粤BF6329,114.205521,22.680733,1246
粤BF6329,114.205521,22.680733,1247
粤BF6329,114.205521,22.680733,1247
粤BF6329,114.205521,22.680733,1247
粤BF6329,114.205521,22.680733,1248
粤BF6329,114.205521,22.680733,1248
粤BF6329,114.205521,22.680733,1248
粤BF6329,114.205521,22.680733,1249
粤BF6329,114.205467,22.682367,1249
粤BF6329,114.205521,22.680733,1249
粤BF6329,114.208649,22.68915,1250
粤BF6329,114.205299,22.684799,1250
粤BF6329,114.206665,22.687067,1250
粤BF6329,114.214081,22.69475,1251
粤BF6329,114.210831,22.691418,1251
粤BF6329,114.216217,22.696867,1252
粤BF6329,114.214333,22.695,1252
粤BF6329,114.21582,22.696449,1252
粤BF6329,114.216217,22.696867,1253
粤BF6329,114.217453,22.698183,1253
粤BF6329,114.216217,22.696867,1253
粤BF6329,114.216217,22.696867,1253
粤BF6329,114.220863,22.701668,1254
粤BF6329,114.223,22.70385,1254
粤BF6329,114.219017,22.6998,1254
粤BF6329,114.22477,22.7055,1255
粤BF6329,114.226486,22.707067,1255
粤BF6329,114.228165,22.708517,1255
粤BF6329,114.229431,22.70965,1256
粤BF6329,114.231331,22.711399,1256
粤BF6329,114.233086,22.712982,1256
粤BF6329,114.234833,22.714518,1257
粤BF6329,114.234802,22.7145,1257
粤BF6329,114.236916,22.71645,1257
粤BF6329,114.240181,22.718218,1258
粤BF6329,114.240181,22.718218,1258
粤BF6329,114.239365,22.718533,1258
粤BF6329,114.238266,22.717632,1258
粤BF6329,114.240181,22.718218,1259
粤BF6329,114.240181,22.718218,1259
粤BF6329,114.240181,22.718218,1259
粤BF6329,114.240181,22.718218,1260
粤BF6329,114.239853,22.7187,1260
粤BF6329,114.240181,22.718218,1260
粤BF6329,114.239967,22.719101,1261
粤BF6329,114.239967,22.719101,1261
粤BF6329,114.239967,22.719101,1261
粤BF6329,114.239967,22.719101,1262
粤BF6329,114.239967,22.719101,1262
粤BF6329,114.239967,22.719101,1262
粤BF6329,114.239967,22.719101,1263
粤BF6329,114.239967,22.719101,1263
粤BF6329,114.239967,22.719101,1263
粤BF6329,114.239967,22.719101,1264
粤BF6329,114.239967,22.719101,1264
粤BF6329,114.239967,22.719101,1264
粤BF6329,114.239967,22.719101,1265
粤BF6329,114.239967,22.719101,1265
粤BF6329,114.239967,22.719101,1265
粤BF6329,114.239967,22.719101,1266
粤BF6329,114.239967,22.719101,1266
粤BF6329,114.239967,22.719101,1266
粤BF6329,114.239967,22.719101,1267
粤BF6329,114.239967,22.719101,1267
粤BF6329,114.239967,22.719101,1267
粤BF6329,114.239967,22.719101,1268
粤BF6329,114.239967,22.719101,1268
粤BF6329,114.239967,22.719101,1268
粤BF6329,114.239967,22.719101,1269
粤BF6329,114.239967,22.719101,1269
粤BF6329,114.239967,22.719101,1269
粤BF6329,114.239967,22.719101,1270
粤BF6329,114.239967,22.719101,1270
粤BF6329,114.239967,22.719101,1270
粤BF6329,114.239967,22.719101,1271
粤BF6329,114.239967,22.719101,1271
粤BF6329,114.239967,22.719101,1271
粤BF6329,114.240829,22.719982,1272
粤BF6329,114.239967,22.719101,1272
粤BF6329,114.239967,22.719101,1272
粤BF6329,114.243484,22.722401,1273
粤BF6329,114.240913,22.720051,1273
粤BF6329,114.242035,22.721067,1273
粤BF6329,114.243515,22.722433,1274
粤BF6329,114.245003,22.723766,1274
粤BF6329,114.243515,22.722433,1274
粤BF6329,114.245468,22.724199,1275
粤BF6329,114.245979,22.724667,1275
粤BF6329,114.245468,22.724199,1275
粤BF6329,114.247299,22.725533,1276
粤BF6329,114.247581,22.723083,1276
粤BF6329,114.247482,22.725018,1276
粤BF6329,114.247681,22.7243,1277
粤BF6329,114.247581,22.723083,1277
粤BF6329,114.247681,22.723,1277
粤BF6329,114.247597,22.725483,1278
粤BF6329,114.247353,22.726084,1278
粤BF6329,114.246429,22.725451,1278
粤BF6329,114.244431,22.725616,1279
粤BF6329,114.24472,22.7253,1279
粤BF6329,114.245552,22.724701,1279
粤BF6329,114.244904,22.726049,1280
粤BF6329,114.244431,22.725616,1280
粤BF6329,114.245247,22.726351,1280
粤BF6329,114.245247,22.726351,1281
粤BF6329,114.244965,22.726067,1281
粤BF6329,114.245247,22.726351,1281
粤BF6329,114.24482,22.725533,1282
粤BF6329,114.245903,22.725433,1282
粤BF6329,114.245171,22.72525,1282
粤BF6329,114.245949,22.725967,1283
粤BF6329,114.245949,22.725967,1283
粤BF6329,114.246002,22.7255,1283
粤BF6329,114.246086,22.725967,1283
粤BF6329,114.244667,22.725733,1284
粤BF6329,114.245697,22.725117,1284
粤BF6329,114.244667,22.725733,1284
粤BF6329,114.245148,22.7248,1285
粤BF6329,114.24527,22.724649,1285
粤BF6329,114.24527,22.724649,1285
粤BF6329,114.24527,22.724649,1286
粤BF6329,114.24543,22.724483,1286
粤BF6329,114.24527,22.724649,1286
粤BF6329,114.247498,22.725317,1287
粤BF6329,114.247498,22.722967,1287
粤BF6329,114.246185,22.7248,1287
粤BF6329,114.24752,22.722733,1288
粤BF6329,114.24752,22.722733,1288
粤BF6329,114.24752,22.722733,1288
粤BF6329,114.244682,22.717234,1289
粤BF6329,114.24752,22.721184,1289
粤BF6329,114.247185,22.719151,1289
粤BF6329,114.238182,22.711367,1290
粤BF6329,114.239418,22.712467,1290
粤BF6329,114.241898,22.71475,1290
粤BF6329,114.236168,22.709551,1291
粤BF6329,114.233032,22.706167,1291
粤BF6329,114.23465,22.708067,1291
粤BF6329,114.2304,22.701982,1292
粤BF6329,114.231697,22.704166,1292
粤BF6329,114.228584,22.699066,1292
粤BF6329,114.224731,22.693199,1293
粤BF6329,114.226265,22.695633,1293
粤BF6329,114.226898,22.69655,1293
粤BF6329,114.222931,22.6866,1294
粤BF6329,114.223351,22.689882,1294
粤BF6329,114.222397,22.683184,1294
粤BF6329,114.221664,22.680267,1295
粤BF6329,114.221718,22.680483,1295
粤BF6329,114.221664,22.680267,1295
粤BF6329,114.221664,22.680267,1296
粤BF6329,114.220398,22.677767,1296
粤BF6329,114.221481,22.679583,1296
粤BF6329,114.217865,22.673668,1297
粤BF6329,114.219353,22.676067,1297
粤BF6329,114.216217,22.670834,1297
粤BF6329,114.216034,22.670401,1298
粤BF6329,114.216034,22.670401,1298
粤BF6329,114.216034,22.670401,1298
粤BF6329,114.215446,22.6679,1299
粤BF6329,114.21447,22.664967,1299
粤BF6329,114.216034,22.670401,1299
粤BF6329,114.21328,22.662466,1300
粤BF6329,114.211548,22.659433,1300
粤BF6329,114.209801,22.657867,1300
粤BF6329,114.207802,22.656183,1301
粤BF6329,114.2089,22.657066,1301
粤BF6329,114.20668,22.657249,1301
粤BF6329,114.205597,22.6584,1302
粤BF6329,114.205467,22.65855,1302
粤BF6329,114.205467,22.65855,1302
粤BF6329,114.205467,22.65855,1303
粤BF6329,114.205467,22.65855,1303
粤BF6329,114.205971,22.657883,1303
粤BF6329,114.207817,22.655899,1304
粤BF6329,114.206551,22.657316,1304
粤BF6329,114.207268,22.656616,1304
粤BF6329,114.206749,22.654533,1305
粤BF6329,114.204102,22.651466,1305
粤BF6329,114.205551,22.652983,1305
粤BF6329,114.201881,22.6497,1306
粤BF6329,114.203217,22.650717,1306
粤BF6329,114.202965,22.650551,1306
粤BF6329,114.201881,22.6497,1307
粤BF6329,114.201881,22.6497,1307
粤BF6329,114.201881,22.6497,1307
粤BF6329,114.201881,22.6497,1308
粤BF6329,114.201317,22.649233,1308
粤BF6329,114.200447,22.64855,1308
粤BF6329,114.197151,22.646084,1309
粤BF6329,114.198753,22.647249,1309
粤BF6329,114.195297,22.645132,1309
粤BF6329,114.194916,22.645018,1310
粤BF6329,114.193314,22.644667,1310
粤BF6329,114.194916,22.645018,1310
粤BF6329,114.191681,22.644333,1311
粤BF6329,114.191383,22.645399,1311
粤BF6329,114.191551,22.644632,1311
粤BF6329,114.191399,22.645149,1312
粤BF6329,114.189819,22.643784,1312
粤BF6329,114.191536,22.6444,1312
粤BF6329,114.187447,22.642633,1313
粤BF6329,114.183884,22.640717,1313
粤BF6329,114.185982,22.64185,1313
粤BF6329,114.179718,22.638567,1314
粤BF6329,114.181801,22.639618,1314
粤BF6329,114.183319,22.640432,1314
粤BF6329,114.179398,22.638399,1315
粤BF6329,114.179398,22.638399,1315
粤BF6329,114.179398,22.638399,1315
粤BF6329,114.179398,22.638399,1316
粤BF6329,114.179398,22.638399,1316
粤BF6329,114.179398,22.638399,1316
粤BF6329,114.179398,22.638399,1317
粤BF6329,114.179398,22.638399,1317
粤BF6329,114.179398,22.638399,1317
粤BF6329,114.179398,22.638399,1318
粤BF6329,114.179398,22.638399,1318
粤BF6329,114.179398,22.638399,1318
粤BF6329,114.179398,22.638399,1319
粤BF6329,114.179398,22.638399,1319
粤BF6329,114.179398,22.638399,1319
粤BF6329,114.17852,22.637966,1320
粤BF6329,114.177147,22.637417,1320
粤BF6329,114.177467,22.637501,1320
粤BF6329,114.182732,22.639883,1321
粤BF6329,114.181099,22.638933,1321
粤BF6329,114.178185,22.637449,1321
粤BF6329,114.1828,22.640318,1322
粤BF6329,114.182587,22.640568,1322
粤BF6329,114.182732,22.639883,1322
粤BF6329,114.182587,22.640568,1323
粤BF6329,114.182587,22.640568,1323
粤BF6329,114.182632,22.6401,1323
粤BF6329,114.181267,22.639299,1323
粤BF6329,114.176849,22.637417,1324
粤BF6329,114.179466,22.63835,1324
粤BF6329,114.17688,22.637432,1324
粤BF6329,114.176849,22.637417,1325
粤BF6329,114.17395,22.63695,1325
粤BF6329,114.176849,22.637417,1325
粤BF6329,114.169029,22.636118,1326
粤BF6329,114.171547,22.6366,1326
粤BF6329,114.165703,22.635283,1326
粤BF6329,114.159714,22.632168,1327
粤BF6329,114.162598,22.633984,1327
粤BF6329,114.157631,22.630217,1327
粤BF6329,114.151817,22.623966,1328
粤BF6329,114.154297,22.6257,1328
粤BF6329,114.155998,22.628067,1328
粤BF6329,114.145737,22.622784,1329
粤BF6329,114.148933,22.623318,1329
粤BF6329,114.142601,22.622583,1329
粤BF6329,114.140167,22.622534,1330
粤BF6329,114.139954,22.622499,1330
粤BF6329,114.139954,22.622499,1330
粤BF6329,114.139954,22.622499,1331
粤BF6329,114.138916,22.622267,1331
粤BF6329,114.139954,22.622499,1331
粤BF6329,114.138397,22.622101,1332
粤BF6329,114.138397,22.622101,1332
粤BF6329,114.138397,22.622101,1332
粤BF6329,114.138397,22.622101,1333
粤BF6329,114.137283,22.621483,1333
粤BF6329,114.138397,22.622101,1333
粤BF6329,114.13427,22.618233,1334
粤BF6329,114.135735,22.619984,1334
粤BF6329,114.13308,22.616632,1334
粤BF6329,114.126518,22.610649,1335
粤BF6329,114.131584,22.614849,1335
粤BF6329,114.128998,22.612368,1335
粤BF6329,114.121902,22.607901,1336
粤BF6329,114.12455,22.609318,1336
粤BF6329,114.11792,22.605633,1337
粤BF6329,114.11792,22.605633,1337
粤BF6329,114.119514,22.606733,1337
粤BF6329,114.116348,22.603767,1338
粤BF6329,114.114586,22.601816,1338
粤BF6329,114.117348,22.605049,1338
粤BF6329,114.111267,22.600567,1339
粤BF6329,114.112267,22.600599,1339
粤BF6329,114.113297,22.600332,1339
粤BF6329,114.112,22.602551,1340
粤BF6329,114.111053,22.600683,1340
粤BF6329,114.111465,22.601732,1340
粤BF6329,114.112251,22.603233,1341
粤BF6329,114.112,22.602583,1341
粤BF6329,114.112251,22.603233,1341
粤BF6329,114.112251,22.603233,1341
粤BF6329,114.112251,22.603233,1342
粤BF6329,114.1129,22.603184,1342
粤BF6329,114.112251,22.603233,1342
粤BF6329,114.112602,22.6022,1343
粤BF6329,114.112099,22.600901,1343
粤BF6329,114.11235,22.601351,1343
粤BF6329,114.110619,22.597467,1344
粤BF6329,114.111435,22.5993,1344
粤BF6329,114.109451,22.594967,1344
粤BF6329,114.110718,22.597483,1345
粤BF6329,114.109268,22.59465,1345
粤BF6329,114.109848,22.595667,1345
粤BF6329,114.111084,22.598217,1346
粤BF6329,114.111084,22.598217,1346
粤BF6329,114.111084,22.598217,1346
粤BF6329,114.111084,22.598217,1347
粤BF6329,114.111084,22.598217,1347
粤BF6329,114.111084,22.598217,1347
粤BF6329,114.111084,22.598217,1348
粤BF6329,114.111084,22.598217,1348
粤BF6329,114.11187,22.59985,1349
粤BF6329,114.111351,22.598783,1349
粤BF6329,114.11335,22.603251,1350
粤BF6329,114.113167,22.604433,1350
粤BF6329,114.113167,22.604433,1350
粤BF6329,114.113167,22.60445,1351
粤BF6329,114.113167,22.60445,1351
粤BF6329,114.113167,22.60445,1351
粤BF6329,114.113029,22.604868,1352
粤BF6329,114.113167,22.60445,1352
粤BF6329,114.112503,22.606167,1352
粤BF6329,114.111732,22.607283,1353
粤BF6329,114.111732,22.607283,1353
粤BF6329,114.111832,22.607166,1353
粤BF6329,114.111732,22.607283,1354
粤BF6329,114.111732,22.607283,1354
粤BF6329,114.110916,22.608517,1354
粤BF6329,114.108521,22.611017,1355
粤BF6329,114.108521,22.611017,1355
粤BF6329,114.109581,22.610132,1355
粤BF6329,114.106102,22.615633,1356
粤BF6329,114.107033,22.613234,1356
粤BF6329,114.107964,22.611349,1356
粤BF6329,114.105103,22.619734,1357
粤BF6329,114.105553,22.6178,1357
粤BF6329,114.105049,22.619949,1357
粤BF6329,114.104584,22.621918,1358
粤BF6329,114.104584,22.621901,1358
粤BF6329,114.105049,22.619949,1358
粤BF6329,114.104584,22.621918,1359
粤BF6329,114.102081,22.624933,1359
粤BF6329,114.103851,22.622999,1359
粤BF6329,114.101486,22.626432,1360
粤BF6329,114.101585,22.62595,1360
粤BF6329,114.101486,22.626432,1360
粤BF6329,114.101486,22.626432,1361
粤BF6329,114.101486,22.626432,1361
粤BF6329,114.101486,22.626432,1361
粤BF6329,114.100914,22.627783,1362
粤BF6329,114.101463,22.626818,1362
粤BF6329,114.099648,22.628967,1362
粤BF6329,114.095215,22.632151,1363
粤BF6329,114.09803,22.6306,1363
粤BF6329,114.092247,22.632618,1363
粤BF6329,114.090149,22.631367,1364
粤BF6329,114.085266,22.63035,1364
粤BF6329,114.087952,22.630751,1364
粤BF6329,114.081581,22.629017,1365
粤BF6329,114.080399,22.628668,1365
粤BF6329,114.082581,22.629417,1365
粤BF6329,114.077499,22.629049,1366
粤BF6329,114.0756,22.629417,1366
粤BF6329,114.075348,22.629467,1366
粤BF6329,114.069534,22.630417,1367
粤BF6329,114.07225,22.630016,1367
粤BF6329,114.074181,22.629683,1367
粤BF6329,114.066635,22.630501,1368
粤BF6329,114.064766,22.630283,1368
粤BF6329,114.055763,22.630367,1369
粤BF6329,114.056114,22.629833,1369
粤BF6329,114.058197,22.629717,1369
粤BF6329,114.056015,22.62985,1369
粤BF6329,114.055565,22.6339,1370
粤BF6329,114.055603,22.632418,1370
粤BF6329,114.055702,22.630917,1370
粤BF6329,114.05558,22.635218,1371
粤BF6329,114.055534,22.634768,1371
粤BF6329,114.05558,22.635218,1371
粤BF6329,114.05558,22.635218,1372
粤BF6329,114.055649,22.635584,1372
粤BF6329,114.055016,22.636066,1372
粤BF6329,114.053566,22.63645,1373
粤BF6329,114.052521,22.636984,1373
粤BF6329,114.052521,22.636984,1373
粤BF6329,114.052521,22.636984,1374
粤BF6329,114.051682,22.637432,1374
粤BF6329,114.051682,22.637432,1374
粤BF6329,114.051682,22.637432,1375
粤BF6329,114.051369,22.637568,1375
粤BF6329,114.051682,22.637432,1375
粤BF6329,114.051369,22.637568,1376
粤BF6329,114.051201,22.637899,1376
粤BF6329,114.051369,22.637568,1376
粤BF6329,114.051498,22.637583,1377
粤BF6329,114.053253,22.636583,1377
粤BF6329,114.051201,22.637882,1377
粤BF6329,114.055199,22.635983,1378
粤BF6329,114.055199,22.635983,1378
粤BF6329,114.055199,22.635983,1378
粤BF6329,114.055199,22.635983,1379
粤BF6329,114.055199,22.635983,1379
粤BF6329,114.055199,22.635983,1379
粤BF6329,114.05545,22.6376,1380
粤BF6329,114.055481,22.636267,1380
粤BF6329,114.05545,22.6362,1380
粤BF6329,114.054886,22.642067,1381
粤BF6329,114.055183,22.640249,1381
粤BF6329,114.05452,22.644251,1382
粤BF6329,114.05452,22.644251,1382
粤BF6329,114.05452,22.644251,1382
粤BF6329,114.053703,22.648733,1383
粤BF6329,114.05442,22.644917,1383
粤BF6329,114.054047,22.646633,1383
粤BF6329,114.05558,22.648899,1384
粤BF6329,114.056519,22.648884,1384
粤BF6329,114.056168,22.648899,1384
粤BF6329,114.057381,22.648916,1384
粤BF6329,114.058952,22.648951,1385
粤BF6329,114.05867,22.648933,1385
粤BF6329,114.05867,22.648933,1385
粤BF6329,114.060883,22.649,1386
粤BF6329,114.060852,22.649017,1386
粤BF6329,114.060883,22.649,1386
粤BF6329,114.060883,22.649,1387
粤BF6329,114.061317,22.649,1387
粤BF6329,114.061234,22.648983,1387
粤BF6329,114.061501,22.650534,1388
粤BF6329,114.062119,22.652666,1388
粤BF6329,114.061768,22.651649,1388
粤BF6329,114.062119,22.652666,1389
粤BF6329,114.062119,22.652666,1389
粤BF6329,114.062119,22.652666,1389
粤BF6329,114.061119,22.649717,1390
粤BF6329,114.061653,22.651583,1390
粤BF6329,114.062119,22.652666,1390
粤BF6329,114.061081,22.647699,1391
粤BF6329,114.060997,22.646099,1391
粤BF6329,114.061081,22.64925,1391
粤BF6329,114.062134,22.639799,1392
粤BF6329,114.06102,22.644016,1392
粤BF6329,114.061333,22.641832,1392
粤BF6329,114.062332,22.639282,1393
粤BF6329,114.062332,22.639282,1393
粤BF6329,114.062332,22.639282,1393
粤BF6329,114.062965,22.637716,1394
粤BF6329,114.064232,22.634733,1394
粤BF6329,114.064766,22.633249,1394
粤BF6329,114.064766,22.633249,1395
粤BF6329,114.065247,22.631483,1395
粤BF6329,114.064766,22.633249,1395
粤BF6329,114.065353,22.630983,1395
粤BF6329,114.065353,22.630983,1396
粤BF6329,114.065353,22.630983,1396
粤BF6329,114.065353,22.630983,1396
粤BF6329,114.064316,22.630199,1397
粤BF6329,114.05748,22.629667,1398
粤BF6329,114.05117,22.63065,1398
粤BF6329,114.055267,22.629816,1398
粤BF6329,114.04808,22.6315,1398
粤BF6329,114.043198,22.63265,1399
粤BF6329,114.043198,22.63265,1399
粤BF6329,114.043198,22.63265,1399
粤BF6329,114.044785,22.632351,1399
粤BF6329,114.043198,22.63265,1400
粤BF6329,114.041649,22.632851,1400
粤BF6329,114.043198,22.63265,1400
粤BF6329,114.03965,22.633101,1401
粤BF6329,114.038666,22.6332,1401
粤BF6329,114.03965,22.633101,1401
粤BF6329,114.033318,22.634068,1402
粤BF6329,114.036163,22.633467,1402
粤BF6329,114.032135,22.634718,1402
粤BF6329,114.031799,22.636368,1403
粤BF6329,114.031815,22.6369,1403
粤BF6329,114.031815,22.6369,1403
粤BF6329,114.031967,22.63835,1404
粤BF6329,114.03212,22.6387,1404
粤BF6329,114.03212,22.6387,1404
粤BF6329,114.03212,22.6387,1405
粤BF6329,114.03212,22.6387,1405
粤BF6329,114.03212,22.6387,1405
粤BF6329,114.03212,22.6387,1406
粤BF6329,114.03212,22.6387,1406
粤BF6329,114.03212,22.6387,1406
粤BF6329,114.03212,22.6387,1407
粤BF6329,114.03212,22.6387,1407
粤BF6329,114.03212,22.6387,1407
粤BF6329,114.03212,22.6387,1408
粤BF6329,114.03212,22.6387,1408
粤BF6329,114.03212,22.6387,1408
粤BF6329,114.03212,22.6387,1409
粤BF6329,114.03212,22.6387,1409
粤BF6329,114.03212,22.6387,1409
粤BF6329,114.03212,22.6387,1410
粤BF6329,114.03212,22.6387,1410
粤BF6329,114.03212,22.6387,1410
粤BF6329,114.03212,22.6387,1411
粤BF6329,114.03212,22.6387,1411
粤BF6329,114.03212,22.6387,1411
粤BF6329,114.03212,22.6387,1412
粤BF6329,114.03212,22.6387,1412
粤BF6329,114.03212,22.6387,1412
粤BF6329,114.03212,22.6387,1413
粤BF6329,114.03212,22.6387,1413
粤BF6329,114.03212,22.6387,1413
粤BF6329,114.03212,22.6387,1414
粤BF6329,114.03212,22.6387,1414
粤BF6329,114.03212,22.6387,1414
粤BF6329,114.03212,22.6387,1415
粤BF6329,114.03212,22.6387,1415
粤BF6329,114.03212,22.6387,1415
粤BF6329,114.03212,22.6387,1416
粤BF6329,114.03212,22.6387,1416
粤BF6329,114.03212,22.6387,1416
粤BF6329,114.03212,22.6387,1417
粤BF6329,114.03212,22.6387,1417
粤BF6329,114.03212,22.6387,1417
粤BF6329,114.03212,22.6387,1418
粤BF6329,114.03212,22.6387,1418
粤BF6329,114.03212,22.6387,1418
粤BF6329,114.03212,22.6387,1419
粤BF6329,114.03212,22.6387,1419
粤BF6329,114.03212,22.6387,1419
粤BF6329,114.03212,22.6387,1420
粤BF6329,114.03212,22.6387,1420
粤BF6329,114.03212,22.6387,1420
粤BF6329,114.03212,22.6387,1421
粤BF6329,114.03212,22.6387,1421
粤BF6329,114.03212,22.6387,1421
粤BF6329,114.03212,22.6387,1422
粤BF6329,114.03212,22.6387,1422
粤BF6329,114.03212,22.6387,1422
粤BF6329,114.03212,22.6387,1423
粤BF6329,114.03212,22.6387,1423
粤BF6329,114.03212,22.6387,1423
粤BF6329,114.03212,22.6387,1424
粤BF6329,114.03212,22.6387,1424
粤BF6329,114.03212,22.6387,1424
粤BF6329,114.03212,22.6387,1425
粤BF6329,114.03212,22.6387,1425
粤BF6329,114.03212,22.6387,1425
粤BF6329,114.03212,22.6387,1426
粤BF6329,114.03212,22.6387,1426
粤BF6329,114.03212,22.6387,1426
粤BF6329,114.03212,22.6387,1427
粤BF6329,114.03212,22.6387,1427
粤BF6329,114.03212,22.6387,1427
粤BF6329,114.03212,22.6387,1428
粤BF6329,114.03212,22.6387,1428
粤BF6329,114.03212,22.6387,1428
粤BF6329,114.03212,22.6387,1428
粤BF6329,114.03212,22.6387,1429
粤BF6329,114.03212,22.6387,1429
粤BF6329,114.03212,22.6387,1429
粤BF6329,114.031731,22.637033,1430
粤BF6329,114.03212,22.6387,1430
粤BF6329,114.03212,22.6387,1430
粤BF6329,114.027267,22.635782,1431
粤BF6329,114.032082,22.634617,1431
粤BF6329,114.02562,22.639584,1432
粤BF6329,114.025764,22.639933,1433
粤BF6329,114.025764,22.639933,1433
粤BF6329,114.027534,22.644567,1433
粤BF6329,114.026535,22.641951,1433
粤BF6329,114.023399,22.64785,1434
粤BF6329,114.026733,22.645384,1434
粤BF6329,114.021164,22.652468,1435
粤BF6329,114.023064,22.6495,1435
粤BF6329,114.02182,22.651583,1435
粤BF6329,114.021164,22.652468,1436
粤BF6329,114.021164,22.652468,1436
粤BF6329,114.021164,22.652468,1436
粤BF6329,114.021164,22.652468,1437
粤BF6329,114.021164,22.652468,1437
粤BF6329,114.021629,22.651867,1437
粤BF6329,114.022636,22.650351,1438
粤BF6329,114.023415,22.647932,1438
粤BF6329,114.023315,22.648167,1438
粤BF6329,114.023415,22.647932,1438
粤BF6329,114.023636,22.646566,1439
粤BF6329,114.023621,22.646667,1439
粤BF6329,114.023636,22.646566,1439
