粤BX3Y78,114.113861,22.534559,0
粤BX3Y78,114.03051,22.530413,7
粤BX3Y78,114.040565,22.531139,7
粤BX3Y78,114.022667,22.532303,8
粤BX3Y78,114.019386,22.53648,10
粤BX3Y78,114.020538,22.537445,11
粤BX3Y78,114.021355,22.538378,11
粤BX3Y78,114.0214,22.538397,12
粤BX3Y78,114.0214,22.538397,13
粤BX3Y78,114.021461,22.538467,13
粤BX3Y78,114.0214,22.538403,13
粤BX3Y78,114.021454,22.538322,14
粤BX3Y78,114.022667,22.532303,15
粤BX3Y78,114.021294,22.537792,15
粤BX3Y78,114.019623,22.537512,16
粤BX3Y78,114.020309,22.53866,17
粤BX3Y78,114.025749,22.539686,17
粤BX3Y78,114.031403,22.540607,18
粤BX3Y78,114.025749,22.539686,18
粤BX3Y78,114.031403,22.540607,19
粤BX3Y78,114.035446,22.541311,19
粤BX3Y78,114.038284,22.541813,20
粤BX3Y78,114.041817,22.542206,21
粤BX3Y78,114.021294,22.537792,21
粤BX3Y78,114.047234,22.54175,22
粤BX3Y78,114.047531,22.539505,22
粤BX3Y78,114.048843,22.539314,23
粤BX3Y78,114.047531,22.539505,23
粤BX3Y78,114.048561,22.537487,24
粤BX3Y78,114.047913,22.538273,25
粤BX3Y78,114.047935,22.537773,25
粤BX3Y78,114.038284,22.541813,26
粤BX3Y78,114.047882,22.538822,26
粤BX3Y78,114.051033,22.537722,27
粤BX3Y78,114.048767,22.539364,27
粤BX3Y78,114.051033,22.537722,28
粤BX3Y78,114.051079,22.535078,28
粤BX3Y78,114.050491,22.531729,29
粤BX3Y78,114.043152,22.531408,30
粤BX3Y78,114.035324,22.53068,31
粤BX3Y78,114.047913,22.538273,31
粤BX3Y78,114.021263,22.532385,32
粤BX3Y78,114.028282,22.530857,32
粤BX3Y78,114.021263,22.532385,33
粤BX3Y78,114.019661,22.534946,33
粤BX3Y78,114.019272,22.536795,34
粤BX3Y78,114.019661,22.534946,34
粤BX3Y78,114.020683,22.537628,35
粤BX3Y78,114.043152,22.531408,36
粤BX3Y78,114.020683,22.537628,38
粤BX3Y78,114.020683,22.537628,41
粤BX3Y78,114.021217,22.537912,41
粤BX3Y78,114.021263,22.537897,42
粤BX3Y78,114.02092,22.53788,42
粤BX3Y78,114.020859,22.53787,43
粤BX3Y78,114.020859,22.53787,43
粤BX3Y78,114.020805,22.537823,44
粤BX3Y78,114.020813,22.537832,44
粤BX3Y78,114.020775,22.537823,45
粤BX3Y78,114.020782,22.537825,45
粤BX3Y78,114.018944,22.537292,46
粤BX3Y78,114.021225,22.538837,47
粤BX3Y78,114.028755,22.540262,48
粤BX3Y78,114.027397,22.540243,48
粤BX3Y78,114.027397,22.540243,49
粤BX3Y78,114.0196,22.539064,49
粤BX3Y78,114.027397,22.540243,49
粤BX3Y78,114.011261,22.537561,50
粤BX3Y78,114.004654,22.536432,51
粤BX3Y78,114.018944,22.537292,51
粤BX3Y78,114.003326,22.536213,52
粤BX3Y78,113.99707,22.53511,53
粤BX3Y78,113.999992,22.535597,53
粤BX3Y78,113.999992,22.535597,54
粤BX3Y78,113.989273,22.536077,54
粤BX3Y78,113.979767,22.536528,55
粤BX3Y78,113.97187,22.539192,56
粤BX3Y78,113.967018,22.540974,57
粤BX3Y78,114.004654,22.536432,57
粤BX3Y78,113.962738,22.542519,58
粤BX3Y78,113.955162,22.543537,58
粤BX3Y78,113.949066,22.544233,59
粤BX3Y78,113.955162,22.543537,59
粤BX3Y78,113.948082,22.544907,60
粤BX3Y78,113.947792,22.544882,61
粤BX3Y78,113.9478,22.544821,61
粤BX3Y78,113.97187,22.539192,62
粤BX3Y78,113.94545,22.546165,62
粤BX3Y78,113.944176,22.546272,63
粤BX3Y78,113.940895,22.546642,63
粤BX3Y78,113.940643,22.549662,64
粤BX3Y78,113.940895,22.546642,64
粤BX3Y78,113.940895,22.546642,64
粤BX3Y78,113.940567,22.551758,65
粤BX3Y78,113.940598,22.551556,66
粤BX3Y78,113.947792,22.544882,67
粤BX3Y78,113.940788,22.551334,67
粤BX3Y78,113.94101,22.551346,68
粤BX3Y78,113.941055,22.551338,68
粤BX3Y78,113.940819,22.551355,69
粤BX3Y78,113.94101,22.551346,69
粤BX3Y78,113.940422,22.550077,72
粤BX3Y78,113.940598,22.551556,72
粤BX3Y78,113.939934,22.555597,73
粤BX3Y78,113.940521,22.552464,73
粤BX3Y78,113.933174,22.555517,74
粤BX3Y78,113.933174,22.555517,74
粤BX3Y78,113.924896,22.555437,75
粤BX3Y78,113.915108,22.555016,76
粤BX3Y78,113.906174,22.550014,77
粤BX3Y78,113.940422,22.550077,77
粤BX3Y78,113.894714,22.554043,78
粤BX3Y78,113.901451,22.547564,78
粤BX3Y78,113.888382,22.560122,79
粤BX3Y78,113.888382,22.560122,79
粤BX3Y78,113.887047,22.56127,80
粤BX3Y78,113.888382,22.560122,80
粤BX3Y78,113.886925,22.561342,81
粤BX3Y78,113.8825,22.557833,82
粤BX3Y78,113.906174,22.550014,82
粤BX3Y78,113.879738,22.556322,83
粤BX3Y78,113.876015,22.557297,83
粤BX3Y78,113.873352,22.556692,84
粤BX3Y78,113.873352,22.556692,85
粤BX3Y78,113.8825,22.557833,88
粤BX3Y78,113.872322,22.55677,89
粤BX3Y78,113.872322,22.55677,90
粤BX3Y78,113.871071,22.55757,90
粤BX3Y78,113.869965,22.558735,91
粤BX3Y78,113.86824,22.560364,92
粤BX3Y78,113.866592,22.562128,93
粤BX3Y78,113.86631,22.562428,93
粤BX3Y78,113.863693,22.562916,94
粤BX3Y78,113.863693,22.562916,95
粤BX3Y78,113.863693,22.562916,95
粤BX3Y78,113.859566,22.564432,96
粤BX3Y78,113.857315,22.566273,97
粤BX3Y78,113.86824,22.560364,97
粤BX3Y78,113.854301,22.568825,98
粤BX3Y78,113.855255,22.568052,98
粤BX3Y78,113.854279,22.56888,99
粤BX3Y78,113.854279,22.568895,100
粤BX3Y78,113.854279,22.568895,100
粤BX3Y78,113.854248,22.568911,101
粤BX3Y78,113.857315,22.566273,102
粤BX3Y78,113.853386,22.569473,102
粤BX3Y78,113.861183,22.563128,103
粤BX3Y78,113.857117,22.566332,103
粤BX3Y78,113.865311,22.562614,104
粤BX3Y78,113.865379,22.562611,105
粤BX3Y78,113.865379,22.562611,105
粤BX3Y78,113.867317,22.561157,106
粤BX3Y78,113.857117,22.566332,107
粤BX3Y78,113.8703,22.558226,107
粤BX3Y78,113.865379,22.562386,108
粤BX3Y78,113.867592,22.560989,108
粤BX3Y78,113.86113,22.557871,109
粤BX3Y78,113.86113,22.557871,110
粤BX3Y78,113.855118,22.556038,110
粤BX3Y78,113.853073,22.55851,111
粤BX3Y78,113.855118,22.556038,111
粤BX3Y78,113.848015,22.563908,112
粤BX3Y78,113.867317,22.561157,112
粤BX3Y78,113.847946,22.563988,113
粤BX3Y78,113.843124,22.57099,113
粤BX3Y78,113.835762,22.578119,114
粤BX3Y78,113.832687,22.585737,115
粤BX3Y78,113.832687,22.585737,116
粤BX3Y78,113.830933,22.592918,116
粤BX3Y78,113.828941,22.602013,117
粤BX3Y78,113.847946,22.563988,117
粤BX3Y78,113.830238,22.598919,118
粤BX3Y78,113.830368,22.598886,118
粤BX3Y78,113.830299,22.598925,118
粤BX3Y78,113.83017,22.598909,119
粤BX3Y78,113.829636,22.600767,120
粤BX3Y78,113.829636,22.600767,121
粤BX3Y78,113.82856,22.603716,121
粤BX3Y78,113.826965,22.607622,122
粤BX3Y78,113.830299,22.598925,123
粤BX3Y78,113.826843,22.609018,123
粤BX3Y78,113.825584,22.611097,123
粤BX3Y78,113.826797,22.615505,124
粤BX3Y78,113.826797,22.615505,125
粤BX3Y78,113.828018,22.616512,125
粤BX3Y78,113.821037,22.613115,126
粤BX3Y78,113.826797,22.615505,126
粤BX3Y78,113.815331,22.615786,127
粤BX3Y78,113.81205,22.622904,128
粤BX3Y78,113.826843,22.609018,128
粤BX3Y78,113.810638,22.627975,128
粤BX3Y78,113.807816,22.626802,129
粤BX3Y78,113.80777,22.626831,130
粤BX3Y78,113.80777,22.626802,131
粤BX3Y78,113.80777,22.626802,131
粤BX3Y78,113.807831,22.62681,132
粤BX3Y78,113.810638,22.627975,133
粤BX3Y78,113.80777,22.62681,133
粤BX3Y78,113.807808,22.626827,133
粤BX3Y78,113.805908,22.624947,134
粤BX3Y78,113.808311,22.621273,135
粤BX3Y78,113.81147,22.623976,136
粤BX3Y78,113.81147,22.623976,136
粤BX3Y78,113.813133,22.623409,137
粤BX3Y78,113.812752,22.626352,138
粤BX3Y78,113.812347,22.627069,138
粤BX3Y78,113.807808,22.626827,138
粤BX3Y78,113.812347,22.627069,140
粤BX3Y78,113.812347,22.627069,141
粤BX3Y78,113.812347,22.627069,143
粤BX3Y78,113.811623,22.62796,147
粤BX3Y78,113.812347,22.627069,148
粤BX3Y78,113.811623,22.62796,152
粤BX3Y78,113.811623,22.62796,154
粤BX3Y78,113.811623,22.62796,155
粤BX3Y78,113.811623,22.62796,157
粤BX3Y78,113.811623,22.62796,159
粤BX3Y78,113.811623,22.62796,162
粤BX3Y78,113.811623,22.62796,164
粤BX3Y78,113.811623,22.62796,167
粤BX3Y78,113.811623,22.62796,169
粤BX3Y78,113.811623,22.62796,170
粤BX3Y78,113.811623,22.62796,172
粤BX3Y78,113.811623,22.62796,174
粤BX3Y78,113.811623,22.62796,178
粤BX3Y78,113.811623,22.62796,179
粤BX3Y78,113.811623,22.62796,183
粤BX3Y78,113.811623,22.62796,185
粤BX3Y78,113.811623,22.62796,193
粤BX3Y78,113.811623,22.62796,198
粤BX3Y78,113.811623,22.62796,200
粤BX3Y78,113.811623,22.62796,201
粤BX3Y78,113.811279,22.628008,202
粤BX3Y78,113.811279,22.628008,203
粤BX3Y78,113.810272,22.627607,207
粤BX3Y78,113.810234,22.627632,207
粤BX3Y78,113.810234,22.627632,209
粤BX3Y78,113.810234,22.627632,214
粤BX3Y78,113.810234,22.627632,216
粤BX3Y78,113.810234,22.627632,219
粤BX3Y78,113.809952,22.627453,223
粤BX3Y78,113.809952,22.627453,224
粤BX3Y78,113.810234,22.627632,226
粤BX3Y78,113.809952,22.627453,229
粤BX3Y78,113.809952,22.627453,231
粤BX3Y78,113.809952,22.627453,231
粤BX3Y78,113.809868,22.627422,234
粤BX3Y78,113.809868,22.627422,234
粤BX3Y78,113.809952,22.627453,236
粤BX3Y78,113.809868,22.627422,239
粤BX3Y78,113.809868,22.627422,241
粤BX3Y78,113.809868,22.627422,245
粤BX3Y78,113.809868,22.627422,246
粤BX3Y78,113.809868,22.627422,247
粤BX3Y78,113.809868,22.627422,250
粤BX3Y78,113.809868,22.627422,252
粤BX3Y78,113.809868,22.627422,255
粤BX3Y78,113.809868,22.627422,257
粤BX3Y78,113.809868,22.627422,260
粤BX3Y78,113.809868,22.627422,261
粤BX3Y78,113.809868,22.627422,262
粤BX3Y78,113.809868,22.627422,265
粤BX3Y78,113.809868,22.627422,267
粤BX3Y78,113.809624,22.627068,267
粤BX3Y78,113.809639,22.627052,268
粤BX3Y78,113.809631,22.627054,268
粤BX3Y78,113.809845,22.626753,270
粤BX3Y78,113.809845,22.626753,270
粤BX3Y78,113.809624,22.627068,272
粤BX3Y78,113.809914,22.626633,274
粤BX3Y78,113.809929,22.626629,274
粤BX3Y78,113.809898,22.626812,276
粤BX3Y78,113.809898,22.626812,276
粤BX3Y78,113.809845,22.626753,277
粤BX3Y78,113.809914,22.626503,280
粤BX3Y78,113.809914,22.626503,281
粤BX3Y78,113.809898,22.626812,283
粤BX3Y78,113.809914,22.626503,286
粤BX3Y78,113.809914,22.626503,288
粤BX3Y78,113.809914,22.626503,291
粤BX3Y78,113.809914,22.626503,292
粤BX3Y78,113.809914,22.626503,293
粤BX3Y78,113.809914,22.626503,296
粤BX3Y78,113.809914,22.626503,298
粤BX3Y78,113.809914,22.626503,301
粤BX3Y78,113.809914,22.626503,303
粤BX3Y78,113.809914,22.626503,307
粤BX3Y78,113.809914,22.626503,307
粤BX3Y78,113.809914,22.626503,308
粤BX3Y78,113.809914,22.626503,312
粤BX3Y78,113.809914,22.626503,314
粤BX3Y78,113.809914,22.626503,317
粤BX3Y78,113.809914,22.626503,319
粤BX3Y78,113.809914,22.626503,322
粤BX3Y78,113.809914,22.626503,322
粤BX3Y78,113.809914,22.626503,324
粤BX3Y78,113.809914,22.626503,327
粤BX3Y78,113.809914,22.626503,329
粤BX3Y78,113.809914,22.626503,332
粤BX3Y78,113.809914,22.626503,334
粤BX3Y78,113.806633,22.623922,344
粤BX3Y78,113.810158,22.617613,344
粤BX3Y78,113.813972,22.610903,345
粤BX3Y78,113.8209,22.612839,346
粤BX3Y78,113.841431,22.621126,348
粤BX3Y78,113.8209,22.612839,348
粤BX3Y78,113.856087,22.625488,349
粤BX3Y78,113.850365,22.624821,349
粤BX3Y78,113.868584,22.621067,350
粤BX3Y78,113.806633,22.623922,350
粤BX3Y78,113.879692,22.611397,351
粤BX3Y78,113.886559,22.602833,352
粤BX3Y78,113.886559,22.602833,352
粤BX3Y78,113.896706,22.595228,353
粤BX3Y78,113.896706,22.595228,353
粤BX3Y78,113.917,22.574125,354
粤BX3Y78,113.907089,22.584793,354
粤BX3Y78,113.856087,22.625488,355
粤BX3Y78,113.922501,22.568304,355
粤BX3Y78,113.925797,22.565851,356
粤BX3Y78,113.929024,22.562428,357
粤BX3Y78,113.928658,22.551809,358
粤BX3Y78,113.928658,22.551809,358
粤BX3Y78,113.925224,22.532082,359
粤BX3Y78,113.926956,22.541586,359
粤BX3Y78,113.917,22.574125,360
粤BX3Y78,113.924324,22.524153,360
粤BX3Y78,113.922272,22.518213,361
粤BX3Y78,113.920448,22.512318,362
粤BX3Y78,113.918777,22.508123,363
粤BX3Y78,113.918777,22.508123,363
粤BX3Y78,113.91758,22.503059,364
粤BX3Y78,113.925224,22.532082,365
粤BX3Y78,113.920204,22.492479,367
粤BX3Y78,113.919861,22.490864,368
粤BX3Y78,113.919846,22.490831,368
粤BX3Y78,113.919846,22.490831,368
粤BX3Y78,113.919762,22.490808,369
粤BX3Y78,113.919716,22.490755,369
粤BX3Y78,113.9198,22.490828,370
粤BX3Y78,113.919388,22.488869,371
粤BX3Y78,113.919083,22.488367,372
粤BX3Y78,113.922668,22.487368,373
粤BX3Y78,113.925972,22.485859,374
粤BX3Y78,113.925926,22.484076,374
粤BX3Y78,113.922668,22.487368,374
粤BX3Y78,113.928886,22.485247,375
粤BX3Y78,113.919716,22.490755,376
粤BX3Y78,113.933212,22.484867,376
粤BX3Y78,113.936897,22.487478,377
粤BX3Y78,113.941864,22.490173,378
粤BX3Y78,113.946777,22.501528,379
粤BX3Y78,113.941864,22.490173,379
粤BX3Y78,113.946564,22.504988,380
粤BX3Y78,113.928886,22.485247,381
粤BX3Y78,113.948761,22.521082,382
粤BX3Y78,113.949875,22.529545,383
粤BX3Y78,113.946564,22.504988,383
粤BX3Y78,113.952621,22.538973,384
粤BX3Y78,113.951347,22.53697,384
粤BX3Y78,113.946564,22.504988,384
粤BX3Y78,113.9543,22.545296,385
粤BX3Y78,113.946564,22.504988,386
粤BX3Y78,113.953407,22.55282,386
粤BX3Y78,113.956825,22.556042,387
粤BX3Y78,113.964355,22.557056,388
粤BX3Y78,113.971169,22.556538,389
粤BX3Y78,113.971169,22.556538,389
粤BX3Y78,113.952621,22.538973,391
粤BX3Y78,113.9795,22.557108,398
粤BX3Y78,113.985359,22.558369,399
粤BX3Y78,113.985359,22.558369,399
粤BX3Y78,114.022514,22.542362,404
粤BX3Y78,114.022514,22.542362,404
粤BX3Y78,114.02449,22.534632,405
粤BX3Y78,113.985359,22.558369,405
粤BX3Y78,114.021072,22.532349,406
粤BX3Y78,114.013298,22.530819,407
粤BX3Y78,114.01265,22.529497,407
粤BX3Y78,114.016251,22.530809,408
粤BX3Y78,114.018478,22.525503,410
粤BX3Y78,114.013298,22.530819,410
粤BX3Y78,114.0186,22.525539,411
粤BX3Y78,114.018623,22.525537,411
粤BX3Y78,114.021072,22.532349,411
粤BX3Y78,114.018623,22.525537,413
粤BX3Y78,114.018524,22.525429,415
粤BX3Y78,114.018623,22.525537,416
粤BX3Y78,114.01725,22.526218,418
粤BX3Y78,114.019203,22.527252,419
粤BX3Y78,114.01812,22.527477,419
粤BX3Y78,114.020821,22.52656,420
粤BX3Y78,114.020622,22.526121,421
粤BX3Y78,114.018524,22.525429,421
粤BX3Y78,114.020622,22.526121,426
粤BX3Y78,114.020622,22.526121,428
粤BX3Y78,114.020622,22.526121,430
粤BX3Y78,114.020622,22.526121,431
粤BX3Y78,114.020622,22.526121,435
粤BX3Y78,114.020622,22.526121,436
粤BX3Y78,114.020622,22.526121,441
粤BX3Y78,114.020622,22.526121,442
粤BX3Y78,114.020622,22.526121,443
粤BX3Y78,114.021317,22.527483,446
粤BX3Y78,114.021317,22.527483,446
粤BX3Y78,114.020622,22.526121,447
粤BX3Y78,114.021675,22.52787,447
粤BX3Y78,114.021484,22.52722,447
粤BX3Y78,114.021454,22.526342,448
粤BX3Y78,114.021225,22.525539,449
粤BX3Y78,114.021339,22.525522,450
粤BX3Y78,114.021339,22.525507,450
粤BX3Y78,114.021904,22.526535,451
粤BX3Y78,114.021904,22.526535,451
粤BX3Y78,114.022552,22.527468,452
粤BX3Y78,114.021675,22.52787,452
粤BX3Y78,114.022415,22.528551,452
粤BX3Y78,114.022896,22.529646,453
粤BX3Y78,114.024315,22.531279,454
粤BX3Y78,114.030174,22.529972,455
粤BX3Y78,114.035515,22.530085,456
粤BX3Y78,114.035515,22.530085,456
粤BX3Y78,114.05352,22.531433,457
粤BX3Y78,114.022415,22.528551,457
粤BX3Y78,114.043747,22.531204,457
粤BX3Y78,114.060944,22.53149,458
粤BX3Y78,114.060944,22.53149,458
粤BX3Y78,114.062737,22.529503,459
粤BX3Y78,114.062416,22.52957,460
粤BX3Y78,114.06237,22.529518,460
粤BX3Y78,114.059891,22.529436,461
粤BX3Y78,114.059891,22.529436,461
粤BX3Y78,114.060524,22.529518,461
粤BX3Y78,114.058945,22.529488,462
粤BX3Y78,114.059837,22.533876,462
粤BX3Y78,114.05352,22.531433,462
粤BX3Y78,114.056274,22.531851,463
粤BX3Y78,114.050117,22.532108,464
粤BX3Y78,114.047859,22.53665,465
粤BX3Y78,114.048004,22.535513,465
粤BX3Y78,114.047783,22.536707,466
粤BX3Y78,114.047783,22.536707,466
粤BX3Y78,114.049385,22.539457,467
粤BX3Y78,114.048355,22.539207,467
粤BX3Y78,114.059837,22.533876,467
粤BX3Y78,114.049385,22.539457,472
粤BX3Y78,114.049385,22.539457,473
粤BX3Y78,114.049385,22.539457,474
粤BX3Y78,114.051201,22.537693,476
粤BX3Y78,114.051201,22.537693,477
粤BX3Y78,114.051003,22.537027,477
粤BX3Y78,114.051025,22.535175,478
粤BX3Y78,114.051231,22.530111,478
粤BX3Y78,114.050163,22.528849,479
粤BX3Y78,114.05024,22.528749,480
粤BX3Y78,114.050186,22.528788,481
粤BX3Y78,114.050095,22.528896,482
粤BX3Y78,114.050095,22.528896,482
粤BX3Y78,114.050316,22.528837,483
粤BX3Y78,114.050133,22.528839,483
粤BX3Y78,114.051468,22.534283,486
粤BX3Y78,114.05114,22.536438,487
粤BX3Y78,114.051247,22.536118,487
粤BX3Y78,114.051247,22.536118,487
粤BX3Y78,114.050316,22.528837,488
粤BX3Y78,114.051544,22.537092,488
粤BX3Y78,114.051788,22.535658,488
粤BX3Y78,114.051567,22.535517,489
粤BX3Y78,114.051788,22.535658,489
粤BX3Y78,114.051193,22.532133,490
粤BX3Y78,114.052162,22.531235,491
粤BX3Y78,114.052597,22.531088,491
粤BX3Y78,114.052116,22.530876,492
粤BX3Y78,114.052116,22.530876,492
粤BX3Y78,114.051735,22.528959,493
粤BX3Y78,114.051888,22.529804,493
粤BX3Y78,114.051544,22.537092,493
粤BX3Y78,114.051613,22.528704,494
粤BX3Y78,114.051437,22.532326,495
粤BX3Y78,114.051407,22.533224,496
粤BX3Y78,114.051407,22.53331,497
粤BX3Y78,114.051407,22.53331,497
粤BX3Y78,114.051735,22.528959,498
粤BX3Y78,114.051384,22.534622,498
粤BX3Y78,114.051376,22.534637,498
粤BX3Y78,114.051193,22.537636,499
粤BX3Y78,114.052094,22.538618,500
粤BX3Y78,114.052162,22.538643,500
粤BX3Y78,114.05233,22.537918,501
粤BX3Y78,114.051567,22.537563,502
粤BX3Y78,114.051567,22.537563,502
粤BX3Y78,114.051262,22.531082,503
粤BX3Y78,114.051247,22.533672,503
粤BX3Y78,114.051262,22.531082,504
粤BX3Y78,114.051376,22.534637,504
粤BX3Y78,114.053467,22.531191,504
粤BX3Y78,114.053474,22.528828,505
粤BX3Y78,114.052422,22.528513,506
粤BX3Y78,114.052383,22.528345,507
粤BX3Y78,114.052361,22.528433,508
粤BX3Y78,114.052383,22.528345,508
粤BX3Y78,114.052101,22.528507,508
粤BX3Y78,114.051506,22.53137,509
粤BX3Y78,114.051262,22.531082,509
粤BX3Y78,114.051445,22.532881,510
粤BX3Y78,114.051437,22.532988,511
粤BX3Y78,114.051369,22.534082,512
粤BX3Y78,114.051369,22.534576,513
粤BX3Y78,114.051369,22.534576,513
粤BX3Y78,114.051315,22.534792,513
粤BX3Y78,114.052101,22.528507,514
粤BX3Y78,114.05011,22.531673,514
粤BX3Y78,114.042503,22.531242,515
粤BX3Y78,114.033821,22.530388,516
粤BX3Y78,114.029633,22.530613,517
粤BX3Y78,114.028641,22.530792,518
粤BX3Y78,114.028801,22.530745,518
粤BX3Y78,114.028801,22.530745,518
粤BX3Y78,114.028503,22.530872,519
粤BX3Y78,114.028641,22.530792,519
粤BX3Y78,114.051315,22.534792,519
粤BX3Y78,114.028389,22.531221,520
粤BX3Y78,114.027687,22.534769,521
粤BX3Y78,114.027252,22.5366,522
粤BX3Y78,114.027611,22.537468,523
粤BX3Y78,114.02858,22.53517,523
粤BX3Y78,114.027611,22.537468,523
粤BX3Y78,114.028641,22.530792,524
粤BX3Y78,114.028664,22.534002,524
粤BX3Y78,114.028786,22.533541,524
粤BX3Y78,114.029625,22.531294,525
粤BX3Y78,114.02813,22.530844,526
粤BX3Y78,114.019783,22.532116,527
粤BX3Y78,114.003273,22.530205,528
粤BX3Y78,114.01223,22.530413,528
粤BX3Y78,114.01223,22.530413,528
粤BX3Y78,113.995056,22.528473,529
粤BX3Y78,114.028786,22.533541,529
粤BX3Y78,113.989403,22.525473,530
粤BX3Y78,113.98941,22.528133,531
粤BX3Y78,113.989319,22.528095,531
粤BX3Y78,113.989441,22.5282,532
粤BX3Y78,113.988808,22.529093,532
粤BX3Y78,113.993576,22.526552,533
粤BX3Y78,113.993469,22.529884,533
粤BX3Y78,113.993469,22.529884,533
粤BX3Y78,113.993576,22.526552,534
粤BX3Y78,113.995056,22.528473,534
粤BX3Y78,114.000526,22.529907,534
粤BX3Y78,114.009895,22.529697,535
粤BX3Y78,114.019234,22.531784,536
粤BX3Y78,114.029457,22.530289,537
粤BX3Y78,114.000526,22.529907,540
粤BX3Y78,114.044357,22.547762,543
粤BX3Y78,114.044266,22.547842,544
粤BX3Y78,114.044289,22.547806,545
粤BX3Y78,114.044373,22.548569,546
粤BX3Y78,114.044365,22.548637,547
粤BX3Y78,114.044388,22.549482,548
粤BX3Y78,114.044403,22.54863,548
粤BX3Y78,114.044388,22.549482,549
粤BX3Y78,114.044388,22.549482,549
粤BX3Y78,114.044418,22.549751,550
粤BX3Y78,114.044411,22.54977,551
粤BX3Y78,114.044289,22.553892,552
粤BX3Y78,114.044037,22.556313,553
粤BX3Y78,114.044067,22.556232,553
粤BX3Y78,114.043419,22.557777,554
粤BX3Y78,114.043419,22.557789,554
粤BX3Y78,114.044037,22.556313,554
粤BX3Y78,114.042221,22.55991,555
粤BX3Y78,114.042007,22.560297,555
粤BX3Y78,114.044411,22.549776,555
粤BX3Y78,114.04467,22.564177,556
粤BX3Y78,114.052437,22.5641,557
粤BX3Y78,114.054176,22.56258,558
粤BX3Y78,114.054245,22.562656,558
粤BX3Y78,114.054176,22.56258,559
粤BX3Y78,114.058083,22.56213,559
粤BX3Y78,114.042221,22.55991,560
粤BX3Y78,114.064629,22.557962,560
粤BX3Y78,114.06778,22.55356,561
粤BX3Y78,114.067818,22.552034,562
粤BX3Y78,114.070976,22.551025,563
粤BX3Y78,114.075851,22.551085,563
粤BX3Y78,114.07637,22.546932,564
粤BX3Y78,114.07637,22.546932,564
粤BX3Y78,114.07637,22.546932,564
粤BX3Y78,114.064629,22.557962,565
粤BX3Y78,114.076279,22.546913,565
粤BX3Y78,114.076981,22.547005,566
粤BX3Y78,114.077614,22.547117,567
粤BX3Y78,114.076836,22.54711,568
粤BX3Y78,114.071495,22.546785,569
粤BX3Y78,114.070992,22.545984,570
粤BX3Y78,114.07077,22.545893,570
粤BX3Y78,114.071495,22.546785,570
粤BX3Y78,114.069824,22.546797,571
粤BX3Y78,114.07637,22.546932,571
粤BX3Y78,114.070915,22.548059,572
粤BX3Y78,114.076088,22.54554,573
粤BX3Y78,114.075096,22.547195,573
粤BX3Y78,114.076118,22.545538,574
粤BX3Y78,114.076118,22.545538,575
粤BX3Y78,114.078018,22.545458,575
粤BX3Y78,114.079147,22.544706,576
粤BX3Y78,114.07914,22.544718,576
粤BX3Y78,114.07077,22.545893,576
粤BX3Y78,114.07914,22.543266,577
粤BX3Y78,114.076576,22.543135,578
粤BX3Y78,114.076569,22.543137,578
粤BX3Y78,114.072289,22.543058,579
粤BX3Y78,114.071732,22.543806,580
粤BX3Y78,114.076576,22.543135,580
粤BX3Y78,114.072289,22.543058,580
粤BX3Y78,114.078018,22.545458,581
粤BX3Y78,114.071693,22.543802,581
粤BX3Y78,114.071609,22.543753,582
粤BX3Y78,114.07151,22.543728,583
粤BX3Y78,114.071541,22.543764,583
粤BX3Y78,114.071426,22.543707,584
粤BX3Y78,114.071449,22.543636,585
粤BX3Y78,114.07045,22.543013,585
粤BX3Y78,114.071449,22.543636,585
粤BX3Y78,114.071732,22.543806,586
粤BX3Y78,114.062141,22.542908,586
粤BX3Y78,114.054848,22.543188,587
粤BX3Y78,114.0513,22.544937,588
粤BX3Y78,114.051178,22.544954,588
粤BX3Y78,114.050735,22.545378,589
粤BX3Y78,114.050583,22.545427,589
粤BX3Y78,114.050514,22.545578,590
粤BX3Y78,114.050583,22.545427,590
粤BX3Y78,114.048279,22.54541,591
粤BX3Y78,114.062141,22.542908,591
粤BX3Y78,114.045876,22.545347,592
粤BX3Y78,114.044975,22.549177,593
粤BX3Y78,114.044708,22.546417,593
粤BX3Y78,114.046562,22.549332,594
粤BX3Y78,114.045609,22.549232,594
粤BX3Y78,114.044601,22.549335,595
粤BX3Y78,114.044601,22.549335,595
粤BX3Y78,114.046562,22.549332,595
粤BX3Y78,114.044464,22.552168,596
粤BX3Y78,114.048279,22.54541,596
粤BX3Y78,114.04464,22.557175,597
粤BX3Y78,114.049477,22.561504,598
粤BX3Y78,114.048805,22.560898,598
粤BX3Y78,114.0495,22.561502,599
粤BX3Y78,114.048859,22.561138,600
粤BX3Y78,114.048859,22.561138,600
粤BX3Y78,114.044464,22.552168,602
粤BX3Y78,114.045135,22.557949,603
粤BX3Y78,114.044212,22.5571,603
粤BX3Y78,114.045593,22.558388,603
粤BX3Y78,114.044182,22.5571,604
粤BX3Y78,114.044022,22.554489,605
粤BX3Y78,114.044075,22.552553,606
粤BX3Y78,114.044022,22.554489,606
粤BX3Y78,114.044106,22.551483,607
粤BX3Y78,114.044113,22.551479,608
粤BX3Y78,114.044197,22.547462,608
粤BX3Y78,114.044365,22.540398,609
粤BX3Y78,114.044365,22.540398,610
粤BX3Y78,114.044594,22.531206,610
粤BX3Y78,114.044868,22.528105,611
粤BX3Y78,114.044594,22.531206,611
粤BX3Y78,114.044075,22.552553,612
粤BX3Y78,114.044167,22.527683,612
粤BX3Y78,114.041519,22.527151,613
粤BX3Y78,114.039291,22.529247,613
粤BX3Y78,114.038116,22.52985,614
粤BX3Y78,114.038506,22.529778,614
粤BX3Y78,114.04071,22.53009,615
粤BX3Y78,114.040939,22.528219,616
粤BX3Y78,114.04071,22.53009,616
粤BX3Y78,114.044868,22.528105,617
粤BX3Y78,114.041801,22.527254,617
粤BX3Y78,114.043182,22.527468,618
粤BX3Y78,114.044724,22.527096,618
粤BX3Y78,114.044449,22.525955,619
粤BX3Y78,114.047585,22.52553,620
粤BX3Y78,114.048454,22.524397,621
粤BX3Y78,114.048454,22.524397,621
粤BX3Y78,114.048599,22.523643,622
粤BX3Y78,114.041801,22.527254,622
粤BX3Y78,114.048569,22.52334,622
粤BX3Y78,114.046371,22.525751,623
粤BX3Y78,114.049034,22.525782,623
粤BX3Y78,114.044907,22.530006,624
粤BX3Y78,114.044563,22.538431,625
粤BX3Y78,114.044907,22.530006,625
粤BX3Y78,114.044563,22.53853,625
粤BX3Y78,114.044556,22.538595,626
粤BX3Y78,114.044556,22.538595,626
粤BX3Y78,114.045364,22.541636,627
粤BX3Y78,114.048599,22.523643,627
粤BX3Y78,114.045097,22.545174,628
粤BX3Y78,114.045586,22.545387,628
粤BX3Y78,114.044495,22.547161,629
粤BX3Y78,114.044434,22.549183,630
粤BX3Y78,114.044365,22.54837,630
粤BX3Y78,114.044487,22.550119,631
粤BX3Y78,114.044487,22.550119,631
粤BX3Y78,114.044449,22.550135,632
粤BX3Y78,114.045364,22.541636,633
粤BX3Y78,114.044289,22.554293,633
粤BX3Y78,114.043602,22.557285,633
粤BX3Y78,114.041161,22.561575,634
粤BX3Y78,114.040169,22.566404,635
粤BX3Y78,114.043465,22.567575,636
粤BX3Y78,114.043465,22.567575,637
粤BX3Y78,114.047539,22.567392,637
粤BX3Y78,114.048805,22.570051,638
粤BX3Y78,114.044449,22.550135,638
粤BX3Y78,114.048058,22.567394,638
粤BX3Y78,114.048683,22.569574,639
粤BX3Y78,114.048805,22.570225,639
粤BX3Y78,114.048767,22.568113,640
粤BX3Y78,114.048767,22.568113,640
粤BX3Y78,114.04628,22.567568,641
粤BX3Y78,114.048691,22.567488,641
粤BX3Y78,114.044975,22.565413,642
粤BX3Y78,114.04628,22.567568,642
粤BX3Y78,114.03833,22.563416,643
粤BX3Y78,114.047539,22.567392,643
粤BX3Y78,114.028931,22.561743,643
粤BX3Y78,114.021614,22.560455,644
粤BX3Y78,114.015182,22.560369,645
粤BX3Y78,114.015114,22.558243,646
粤BX3Y78,114.015114,22.558243,647
粤BX3Y78,114.01825,22.551342,647
粤BX3Y78,114.023415,22.539343,648
粤BX3Y78,114.021774,22.545237,648
粤BX3Y78,114.044975,22.565413,648
粤BX3Y78,114.0243,22.535273,649
粤BX3Y78,114.024574,22.533529,650
粤BX3Y78,114.024338,22.532009,651
粤BX3Y78,114.018829,22.531942,652
粤BX3Y78,114.018829,22.531942,652
粤BX3Y78,114.009972,22.529938,653
粤BX3Y78,114.01825,22.551342,653
粤BX3Y78,114.000008,22.530018,653
粤BX3Y78,113.990768,22.525539,654
粤BX3Y78,113.981071,22.522991,655
粤BX3Y78,113.981071,22.522991,655
粤BX3Y78,113.971161,22.522873,656
粤BX3Y78,113.961769,22.522806,657
粤BX3Y78,113.961769,22.522806,657
粤BX3Y78,113.952957,22.523573,658
粤BX3Y78,114.009972,22.529938,658
粤BX3Y78,113.943619,22.524498,658
粤BX3Y78,113.934929,22.52494,659
粤BX3Y78,113.934059,22.527178,660
粤BX3Y78,113.934044,22.527323,660
粤BX3Y78,113.933853,22.527073,661
粤BX3Y78,113.933609,22.526161,662
粤BX3Y78,113.933609,22.526161,662
粤BX3Y78,113.933632,22.526066,663
粤BX3Y78,113.936363,22.525867,663
粤BX3Y78,113.933655,22.526108,663
粤BX3Y78,113.952957,22.523573,663
粤BX3Y78,113.94014,22.527834,664
粤BX3Y78,113.940948,22.522837,665
粤BX3Y78,113.941315,22.523607,666
粤BX3Y78,113.949188,22.523462,667
粤BX3Y78,113.958191,22.522896,668
粤BX3Y78,113.949188,22.523462,668
粤BX3Y78,113.968712,22.522745,668
粤BX3Y78,113.933655,22.526108,669
粤BX3Y78,113.97879,22.522802,669
粤BX3Y78,113.988663,22.524517,670
粤BX3Y78,113.988663,22.524517,671
粤BX3Y78,113.997353,22.529144,671
粤BX3Y78,114.00695,22.529581,672
粤BX3Y78,114.020508,22.531588,673
粤BX3Y78,114.015747,22.530981,673
粤BX3Y78,114.015747,22.530981,673
粤BX3Y78,113.958191,22.522896,674
粤BX3Y78,114.020798,22.531059,674
粤BX3Y78,114.020798,22.531181,674
粤BX3Y78,114.020851,22.529568,675
粤BX3Y78,114.018845,22.528223,676
粤BX3Y78,114.019707,22.527235,676
粤BX3Y78,114.020866,22.526476,677
粤BX3Y78,114.021698,22.527573,678
粤BX3Y78,114.022949,22.529257,678
粤BX3Y78,114.021698,22.527573,678
粤BX3Y78,114.015747,22.530981,679
粤BX3Y78,114.024239,22.531281,679
粤BX3Y78,114.029793,22.530001,680
粤BX3Y78,114.03804,22.530396,681
粤BX3Y78,114.041893,22.530558,682
粤BX3Y78,114.042686,22.527472,683
粤BX3Y78,114.042671,22.528143,683
粤BX3Y78,114.042908,22.527821,683
粤BX3Y78,114.042671,22.528143,683
粤BX3Y78,114.04126,22.526434,684
粤BX3Y78,114.022949,22.529257,684
粤BX3Y78,114.041481,22.525776,685
粤BX3Y78,114.041504,22.524944,686
粤BX3Y78,114.041481,22.525776,686
粤BX3Y78,114.04319,22.523594,687
粤BX3Y78,114.043236,22.522373,688
粤BX3Y78,114.042442,22.522039,688
粤BX3Y78,114.042442,22.522039,688
粤BX3Y78,114.042686,22.527472,689
粤BX3Y78,114.04306,22.522467,689
粤BX3Y78,114.043571,22.523897,689
粤BX3Y78,114.044487,22.525642,690
粤BX3Y78,114.044891,22.530216,691
粤BX3Y78,114.044022,22.53145,692
粤BX3Y78,114.027878,22.530897,693
粤BX3Y78,114.034515,22.530453,693
粤BX3Y78,114.04306,22.522467,693
粤BX3Y78,114.034515,22.530453,693
粤BX3Y78,114.024811,22.53422,694
粤BX3Y78,114.023338,22.539677,695
粤BX3Y78,114.021118,22.547367,696
粤BX3Y78,114.016953,22.553417,697
粤BX3Y78,114.014984,22.559612,698
粤BX3Y78,114.034515,22.530453,698
粤BX3Y78,114.013519,22.566202,698
粤BX3Y78,114.014984,22.559612,698
粤BX3Y78,114.011871,22.603107,703
粤BX3Y78,114.013519,22.566202,704
粤BX3Y78,114.011871,22.603107,704
粤BX3Y78,114.009445,22.610996,704
粤BX3Y78,114.008369,22.616993,705
粤BX3Y78,114.008728,22.624134,706
粤BX3Y78,114.010864,22.627832,707
粤BX3Y78,114.011604,22.6283,708
粤BX3Y78,114.014366,22.629789,708
粤BX3Y78,114.016548,22.627317,709
粤BX3Y78,114.014366,22.629789,709
粤BX3Y78,114.011871,22.603107,709
粤BX3Y78,114.021156,22.625853,710
粤BX3Y78,114.02272,22.625668,711
粤BX3Y78,114.022217,22.625452,711
粤BX3Y78,114.023857,22.624331,712
粤BX3Y78,114.024162,22.624083,713
粤BX3Y78,114.024025,22.624166,713
粤BX3Y78,114.024139,22.625797,714
粤BX3Y78,114.024162,22.624083,714
粤BX3Y78,114.016548,22.627317,714
粤BX3Y78,114.023575,22.627678,715
粤BX3Y78,114.024094,22.626066,715
粤BX3Y78,114.023178,22.628363,716
粤BX3Y78,114.023178,22.628363,716
粤BX3Y78,114.022141,22.630478,717
粤BX3Y78,114.014549,22.630327,718
粤BX3Y78,114.018326,22.632792,718
粤BX3Y78,114.014496,22.630327,719
粤BX3Y78,114.014549,22.630327,719
粤BX3Y78,114.024139,22.625797,719
粤BX3Y78,114.008568,22.626684,720
粤BX3Y78,114.00779,22.626198,721
粤BX3Y78,114.008224,22.620716,722
粤BX3Y78,114.01136,22.603922,723
粤BX3Y78,114.008553,22.612579,723
粤BX3Y78,114.010796,22.596977,724
粤BX3Y78,114.01136,22.603922,724
粤BX3Y78,114.014496,22.630327,724
粤BX3Y78,114.009987,22.590738,725
粤BX3Y78,114.013573,22.564899,728
粤BX3Y78,114.010796,22.596977,729
粤BX3Y78,114.018623,22.559942,729
粤BX3Y78,114.018623,22.559942,729
粤BX3Y78,114.026489,22.560749,730
粤BX3Y78,114.033066,22.561396,731
粤BX3Y78,114.033066,22.561396,731
粤BX3Y78,114.035309,22.559902,732
粤BX3Y78,114.038071,22.560062,733
粤BX3Y78,114.037323,22.561172,733
粤BX3Y78,114.038109,22.56007,734
粤BX3Y78,114.038109,22.56007,735
粤BX3Y78,114.038109,22.560062,735
粤BX3Y78,114.038376,22.559698,735
粤BX3Y78,114.018623,22.559942,735
粤BX3Y78,114.03717,22.558481,736
粤BX3Y78,114.035255,22.559641,737
粤BX3Y78,114.034958,22.559872,737
粤BX3Y78,114.030975,22.558468,738
粤BX3Y78,114.031998,22.559187,738
粤BX3Y78,114.028206,22.556488,739
粤BX3Y78,114.022293,22.555622,740
粤BX3Y78,114.028206,22.556488,740
粤BX3Y78,114.038109,22.560062,740
粤BX3Y78,114.014244,22.555485,741
粤BX3Y78,114.010262,22.558065,742
粤BX3Y78,114.013527,22.559324,743
粤BX3Y78,114.013535,22.559322,743
粤BX3Y78,114.015022,22.559708,743
粤BX3Y78,114.015007,22.559807,744
粤BX3Y78,114.028206,22.556488,745
粤BX3Y78,114.015007,22.559807,745
粤BX3Y78,114.022789,22.560238,745
粤BX3Y78,114.026871,22.560637,746
粤BX3Y78,114.026871,22.560637,746
粤BX3Y78,114.027351,22.56011,747
粤BX3Y78,114.027367,22.560118,747
粤BX3Y78,114.022789,22.560238,750
粤BX3Y78,114.027367,22.560118,750
粤BX3Y78,114.027367,22.560118,755
粤BX3Y78,114.027367,22.560118,755
粤BX3Y78,114.027367,22.560118,760
粤BX3Y78,114.027367,22.560118,760
粤BX3Y78,114.027328,22.560369,762
粤BX3Y78,114.027206,22.560434,763
粤BX3Y78,114.027206,22.560383,763
粤BX3Y78,114.029427,22.558149,764
粤BX3Y78,114.031105,22.5583,764
粤BX3Y78,114.03405,22.555767,765
粤BX3Y78,114.03405,22.555767,766
粤BX3Y78,114.034584,22.555071,766
粤BX3Y78,114.027367,22.560118,766
粤BX3Y78,114.036469,22.55571,767
粤BX3Y78,114.036255,22.555637,767
粤BX3Y78,114.034851,22.555279,768
粤BX3Y78,114.034065,22.554222,769
粤BX3Y78,114.032562,22.557281,769
粤BX3Y78,114.033562,22.553759,770
粤BX3Y78,114.03405,22.555767,771
粤BX3Y78,114.033218,22.553013,771
粤BX3Y78,114.033562,22.553759,771
粤BX3Y78,114.030449,22.553131,772
粤BX3Y78,114.03096,22.553308,772
粤BX3Y78,114.029655,22.552015,773
粤BX3Y78,114.034698,22.546762,774
粤BX3Y78,114.031967,22.548594,774
粤BX3Y78,114.035599,22.541958,775
粤BX3Y78,114.033218,22.553013,776
粤BX3Y78,114.035599,22.541958,776
粤BX3Y78,114.039162,22.541962,776
粤BX3Y78,114.043961,22.542269,777
粤BX3Y78,114.039162,22.541962,777
粤BX3Y78,114.046539,22.540289,778
粤BX3Y78,114.046524,22.540493,778
粤BX3Y78,114.046684,22.53982,779
粤BX3Y78,114.044601,22.542116,779
粤BX3Y78,114.046371,22.547148,780
粤BX3Y78,114.039162,22.541962,781
粤BX3Y78,114.045761,22.545393,781
粤BX3Y78,114.046371,22.547148,781
粤BX3Y78,114.045212,22.545128,784
粤BX3Y78,114.044357,22.550385,784
粤BX3Y78,114.044289,22.55534,785
粤BX3Y78,114.045761,22.545393,786
粤BX3Y78,114.044197,22.555847,786
粤BX3Y78,114.044197,22.555847,786
粤BX3Y78,114.04335,22.557987,787
粤BX3Y78,114.043358,22.557983,787
粤BX3Y78,114.039146,22.565428,788
粤BX3Y78,114.042229,22.559814,788
粤BX3Y78,114.036095,22.566498,789
粤BX3Y78,114.036621,22.565639,790
粤BX3Y78,114.03669,22.565643,791
粤BX3Y78,114.044197,22.555847,791
粤BX3Y78,114.03669,22.565643,791
粤BX3Y78,114.03669,22.565643,792
粤BX3Y78,114.036751,22.565598,793
粤BX3Y78,114.040344,22.562794,794
粤BX3Y78,114.043907,22.556072,795
粤BX3Y78,114.044159,22.551399,796
粤BX3Y78,114.044159,22.551399,796
粤BX3Y78,114.03669,22.565643,797
粤BX3Y78,114.044182,22.550465,797
粤BX3Y78,114.044243,22.542593,797
粤BX3Y78,114.046745,22.54228,798
粤BX3Y78,114.054253,22.542013,799
粤BX3Y78,114.057983,22.539263,800
粤BX3Y78,114.057396,22.536774,801
粤BX3Y78,114.058205,22.535568,801
粤BX3Y78,114.05912,22.534733,802
粤BX3Y78,114.044182,22.550465,802
粤BX3Y78,114.058205,22.535568,802
粤BX3Y78,114.058769,22.535435,802
粤BX3Y78,114.06031,22.533516,802
粤BX3Y78,114.062325,22.533777,803
粤BX3Y78,114.062866,22.528734,804
粤BX3Y78,114.063225,22.528742,805
粤BX3Y78,114.064278,22.531454,806
粤BX3Y78,114.072815,22.531712,807
粤BX3Y78,114.07933,22.535402,807
粤BX3Y78,114.058769,22.535435,807
粤BX3Y78,114.072815,22.531712,807
粤BX3Y78,114.072815,22.531712,807
粤BX3Y78,114.086899,22.537354,808
粤BX3Y78,114.095444,22.537985,809
粤BX3Y78,114.101364,22.537901,810
粤BX3Y78,114.099747,22.540775,811
粤BX3Y78,114.100426,22.541677,812
粤BX3Y78,114.100426,22.541677,812
粤BX3Y78,114.072815,22.531712,812
粤BX3Y78,114.100502,22.541767,812
粤BX3Y78,114.10083,22.541269,812
粤BX3Y78,114.10244,22.54051,813
粤BX3Y78,114.102524,22.539661,814
粤BX3Y78,114.102661,22.539087,815
粤BX3Y78,114.102638,22.539036,816
粤BX3Y78,114.10257,22.539022,817
粤BX3Y78,114.100426,22.541677,817
粤BX3Y78,114.10257,22.539143,817
粤BX3Y78,114.10257,22.539143,817
粤BX3Y78,114.102417,22.538551,818
粤BX3Y78,114.096367,22.538313,819
粤BX3Y78,114.095261,22.539644,820
粤BX3Y78,114.095116,22.541147,821
粤BX3Y78,114.10257,22.539143,822
粤BX3Y78,114.095726,22.543064,822
粤BX3Y78,114.095726,22.543064,822
粤BX3Y78,114.096924,22.543209,822
粤BX3Y78,114.095726,22.543064,822
粤BX3Y78,114.098808,22.543249,823
粤BX3Y78,114.099457,22.542221,824
粤BX3Y78,114.09964,22.542288,825
粤BX3Y78,114.099854,22.542347,826
粤BX3Y78,114.096092,22.54018,827
粤BX3Y78,114.09771,22.541195,827
粤BX3Y78,114.096924,22.543209,827
粤BX3Y78,114.09771,22.541195,827
粤BX3Y78,114.095078,22.540627,828
粤BX3Y78,114.095184,22.541573,829
粤BX3Y78,114.092583,22.541712,830
粤BX3Y78,114.092613,22.541733,830
粤BX3Y78,114.093925,22.541561,831
粤BX3Y78,114.094406,22.540806,832
粤BX3Y78,114.095001,22.540339,832
粤BX3Y78,114.096092,22.54018,833
粤BX3Y78,114.095001,22.540339,833
粤BX3Y78,114.100655,22.537994,834
粤BX3Y78,114.102936,22.538008,835
粤BX3Y78,114.10331,22.538082,836
粤BX3Y78,114.103905,22.53805,837
粤BX3Y78,114.095001,22.540339,838
粤BX3Y78,114.145805,22.555292,843
粤BX3Y78,114.154259,22.558449,844
粤BX3Y78,114.16198,22.562637,845
粤BX3Y78,114.171173,22.562733,846
粤BX3Y78,114.179054,22.558775,847
粤BX3Y78,114.225494,22.568426,852
粤BX3Y78,114.229126,22.567497,852
粤BX3Y78,114.229126,22.567497,853
粤BX3Y78,114.227676,22.56394,853
粤BX3Y78,114.229126,22.567497,853
粤BX3Y78,114.23082,22.563137,854
粤BX3Y78,114.231789,22.562187,855
粤BX3Y78,114.232925,22.560616,856
粤BX3Y78,114.232964,22.5606,856
粤BX3Y78,114.234077,22.559698,857
粤BX3Y78,114.23391,22.55958,857
粤BX3Y78,114.235405,22.557076,858
粤BX3Y78,114.235405,22.557076,858
粤BX3Y78,114.227676,22.56394,858
粤BX3Y78,114.232559,22.554398,859
粤BX3Y78,114.23159,22.552385,860
粤BX3Y78,114.228302,22.551935,861
粤BX3Y78,114.22641,22.549288,862
粤BX3Y78,114.226021,22.551212,862
粤BX3Y78,114.225868,22.549868,863
粤BX3Y78,114.226021,22.551212,864
粤BX3Y78,114.235405,22.557076,864
粤BX3Y78,114.22052,22.555437,865
粤BX3Y78,114.219254,22.556721,866
粤BX3Y78,114.219147,22.556862,867
粤BX3Y78,114.219116,22.556892,867
粤BX3Y78,114.219116,22.556892,868
粤BX3Y78,114.215126,22.557274,868
粤BX3Y78,114.215126,22.557274,869
粤BX3Y78,114.226021,22.551212,869
粤BX3Y78,114.215126,22.557274,874
粤BX3Y78,114.192169,22.556337,875
粤BX3Y78,114.187317,22.555975,876
粤BX3Y78,114.178558,22.559725,877
粤BX3Y78,114.181915,22.557089,877
粤BX3Y78,114.175423,22.56188,878
粤BX3Y78,114.16748,22.56287,879
粤BX3Y78,114.175423,22.56188,879
粤BX3Y78,114.158516,22.561638,880
粤BX3Y78,114.153664,22.558132,881
粤BX3Y78,114.146294,22.555517,882
粤BX3Y78,114.153664,22.558132,883
粤BX3Y78,114.146294,22.555517,884
粤BX3Y78,114.175423,22.56188,884
粤BX3Y78,114.127281,22.555073,885
粤BX3Y78,114.125931,22.553108,886
粤BX3Y78,114.125435,22.552683,887
粤BX3Y78,114.123611,22.552017,887
粤BX3Y78,114.122391,22.552031,888
粤BX3Y78,114.122391,22.552032,888
粤BX3Y78,114.122208,22.551956,889
粤BX3Y78,114.122208,22.551956,889
粤BX3Y78,114.122276,22.552019,889
粤BX3Y78,114.146294,22.555517,889
粤BX3Y78,114.122543,22.549992,890
粤BX3Y78,114.122841,22.548603,891
粤BX3Y78,114.120987,22.547108,892
粤BX3Y78,114.122955,22.547874,892
粤BX3Y78,114.118317,22.546749,893
粤BX3Y78,114.11824,22.546675,894
粤BX3Y78,114.11824,22.546675,894
粤BX3Y78,114.118233,22.546745,895
粤BX3Y78,114.122208,22.551956,895
粤BX3Y78,114.118195,22.546677,896
粤BX3Y78,114.118187,22.546661,897
粤BX3Y78,114.117752,22.546602,897
粤BX3Y78,114.117813,22.544006,898
粤BX3Y78,114.117752,22.546602,898
粤BX3Y78,114.117973,22.543858,899
粤BX3Y78,114.11824,22.546675,900
粤BX3Y78,114.117973,22.543858,900
粤BX3Y78,114.117973,22.543858,905
粤BX3Y78,114.113968,22.534168,911
粤BX3Y78,114.114479,22.5348,912
粤BX3Y78,114.113869,22.53421,912
粤BX3Y78,114.113831,22.534203,912
粤BX3Y78,114.114265,22.535681,913
粤BX3Y78,114.114479,22.5348,913
粤BX3Y78,114.111984,22.539061,914
粤BX3Y78,114.111526,22.541405,915
粤BX3Y78,114.111526,22.541405,915
粤BX3Y78,114.110657,22.545822,916
粤BX3Y78,114.112251,22.547752,917
粤BX3Y78,114.111595,22.547834,917
粤BX3Y78,114.111618,22.547796,917
粤BX3Y78,114.112686,22.547678,918
粤BX3Y78,114.112701,22.547647,919
粤BX3Y78,114.112267,22.546904,920
粤BX3Y78,114.111526,22.541405,920
粤BX3Y78,114.11264,22.547562,920
粤BX3Y78,114.112267,22.546904,920
粤BX3Y78,114.110535,22.547602,921
粤BX3Y78,114.110481,22.547617,922
粤BX3Y78,114.109955,22.546331,922
粤BX3Y78,114.110214,22.542625,923
粤BX3Y78,114.110176,22.542597,924
粤BX3Y78,114.110405,22.541809,925
粤BX3Y78,114.110405,22.541809,925
粤BX3Y78,114.111824,22.53797,926
粤BX3Y78,114.112267,22.546904,926
粤BX3Y78,114.113884,22.537292,927
粤BX3Y78,114.11335,22.535679,927
粤BX3Y78,114.113754,22.538446,928
粤BX3Y78,114.113754,22.537441,928
粤BX3Y78,114.113785,22.537392,928
粤BX3Y78,114.113754,22.537441,928
粤BX3Y78,114.113701,22.538635,929
粤BX3Y78,114.113747,22.540718,930
粤BX3Y78,114.113747,22.540718,931
粤BX3Y78,114.113869,22.544809,931
粤BX3Y78,114.110405,22.541809,931
粤BX3Y78,114.114838,22.545883,932
粤BX3Y78,114.113884,22.54517,932
粤BX3Y78,114.115395,22.546038,933
粤BX3Y78,114.116859,22.547194,934
粤BX3Y78,114.116631,22.547621,935
粤BX3Y78,114.113747,22.540718,936
粤BX3Y78,114.116631,22.547998,936
粤BX3Y78,114.116631,22.547621,936
粤BX3Y78,114.117218,22.548223,937
粤BX3Y78,114.11734,22.548138,937
粤BX3Y78,114.117157,22.548204,938
粤BX3Y78,114.117332,22.548138,938
粤BX3Y78,114.116516,22.550056,939
粤BX3Y78,114.117233,22.551094,940
粤BX3Y78,114.116547,22.551855,941
粤BX3Y78,114.116547,22.551855,941
粤BX3Y78,114.116631,22.547621,941
粤BX3Y78,114.115562,22.553177,942
粤BX3Y78,114.115608,22.553198,942
粤BX3Y78,114.1147,22.553251,943
粤BX3Y78,114.1147,22.553251,943
粤BX3Y78,114.114281,22.552734,944
粤BX3Y78,114.113922,22.552277,945
粤BX3Y78,114.112106,22.548464,946
粤BX3Y78,114.117233,22.551094,946
粤BX3Y78,114.112846,22.549498,946
粤BX3Y78,114.112846,22.549498,946
粤BX3Y78,114.111862,22.548199,947
粤BX3Y78,114.110329,22.54785,947
粤BX3Y78,114.110085,22.542624,948
粤BX3Y78,114.110382,22.541597,949
粤BX3Y78,114.110664,22.538507,950
粤BX3Y78,114.105392,22.537558,951
粤BX3Y78,114.112846,22.549498,951
粤BX3Y78,114.105392,22.537558,951
粤BX3Y78,114.097725,22.538256,952
粤BX3Y78,114.093361,22.538465,952
粤BX3Y78,114.089485,22.53813,953
粤BX3Y78,114.087639,22.537832,954
粤BX3Y78,114.085976,22.537729,955
粤BX3Y78,114.084061,22.537758,956
粤BX3Y78,114.084061,22.537758,956
粤BX3Y78,114.105392,22.537558,957
粤BX3Y78,114.082214,22.537647,957
粤BX3Y78,114.080399,22.537006,957
粤BX3Y78,114.078445,22.534782,958
粤BX3Y78,114.078445,22.534773,958
粤BX3Y78,114.078445,22.534773,959
粤BX3Y78,114.077827,22.535006,959
粤BX3Y78,114.076569,22.535173,960
粤BX3Y78,114.075714,22.534248,961
粤BX3Y78,114.07402,22.535425,962
粤BX3Y78,114.072433,22.535915,962
粤BX3Y78,114.075714,22.534248,962
粤BX3Y78,114.084061,22.537758,962
粤BX3Y78,114.072151,22.538614,963
粤BX3Y78,114.07457,22.539656,964
粤BX3Y78,114.077187,22.540077,965
粤BX3Y78,114.07769,22.540157,966
粤BX3Y78,114.079788,22.540358,967
粤BX3Y78,114.079788,22.540358,967
粤BX3Y78,114.075714,22.534248,967
粤BX3Y78,114.079933,22.540384,967
粤BX3Y78,114.079956,22.54039,968
粤BX3Y78,114.081573,22.539307,968
粤BX3Y78,114.080208,22.536955,969
粤BX3Y78,114.078217,22.534163,970
粤BX3Y78,114.07534,22.532101,971
粤BX3Y78,114.072449,22.532124,972
粤BX3Y78,114.072433,22.53212,972
粤BX3Y78,114.07769,22.540157,972
粤BX3Y78,114.072899,22.532099,972
粤BX3Y78,114.072899,22.532099,972
粤BX3Y78,114.072128,22.534849,973
粤BX3Y78,114.07299,22.539007,974
粤BX3Y78,114.072128,22.534849,974
粤BX3Y78,114.073364,22.539185,975
粤BX3Y78,114.073723,22.539383,975
粤BX3Y78,114.066956,22.538597,976
粤BX3Y78,114.063644,22.537645,977
粤BX3Y78,114.060661,22.535479,977
粤BX3Y78,114.063644,22.537645,977
粤BX3Y78,114.072899,22.532099,977
粤BX3Y78,114.060745,22.535557,978
粤BX3Y78,114.059227,22.53371,979
粤BX3Y78,114.05909,22.533669,979
粤BX3Y78,114.058334,22.534557,980
粤BX3Y78,114.058372,22.535048,981
粤BX3Y78,114.058342,22.534973,982
粤BX3Y78,114.05838,22.534786,982
粤BX3Y78,114.063644,22.537645,982
粤BX3Y78,114.05838,22.534786,982
粤BX3Y78,114.05912,22.531168,983
粤BX3Y78,114.06427,22.531418,984
粤BX3Y78,114.066673,22.530909,985
粤BX3Y78,114.066566,22.526312,986
粤BX3Y78,114.066757,22.52247,987
粤BX3Y78,114.067902,22.521381,987
粤BX3Y78,114.05838,22.534786,987
粤BX3Y78,114.066757,22.52247,987
粤BX3Y78,114.067978,22.521696,988
粤BX3Y78,114.067505,22.522299,988
粤BX3Y78,114.066917,22.523979,989
粤BX3Y78,114.067902,22.521381,989
粤BX3Y78,114.067566,22.524185,990
粤BX3Y78,114.067894,22.52389,991
粤BX3Y78,114.067825,22.523897,992
粤BX3Y78,114.066757,22.52247,992
粤BX3Y78,114.067589,22.523943,992
粤BX3Y78,114.067703,22.541979,994
粤BX3Y78,114.065384,22.543095,995
粤BX3Y78,114.058594,22.542875,996
粤BX3Y78,114.067589,22.523943,997
粤BX3Y78,114.04821,22.542564,997
粤BX3Y78,114.051552,22.542662,997
粤BX3Y78,114.042046,22.542461,998
粤BX3Y78,114.04821,22.542564,998
粤BX3Y78,114.035965,22.541872,999
粤BX3Y78,114.035324,22.543898,1000
粤BX3Y78,114.034492,22.548273,1001
粤BX3Y78,114.03389,22.551517,1002
粤BX3Y78,114.032158,22.554806,1002
粤BX3Y78,114.051552,22.542662,1002
粤BX3Y78,114.030975,22.555855,1003
粤BX3Y78,114.031929,22.555004,1003
粤BX3Y78,114.031929,22.555004,1003
粤BX3Y78,114.030975,22.555855,1004
粤BX3Y78,114.026215,22.556047,1004
粤BX3Y78,114.019798,22.555605,1005
粤BX3Y78,114.016624,22.555435,1006
粤BX3Y78,114.032158,22.554806,1007
粤BX3Y78,114.016495,22.555445,1007
粤BX3Y78,114.016525,22.555424,1007
粤BX3Y78,114.016487,22.555449,1008
粤BX3Y78,114.016495,22.555445,1008
粤BX3Y78,114.016449,22.555452,1009
粤BX3Y78,114.017822,22.555361,1010
粤BX3Y78,114.019279,22.555372,1011
粤BX3Y78,114.026077,22.555883,1012
粤BX3Y78,114.016495,22.555445,1012
粤BX3Y78,114.032814,22.553877,1012
粤BX3Y78,114.033798,22.551477,1013
粤BX3Y78,114.032814,22.553877,1013
粤BX3Y78,114.034386,22.548258,1014
粤BX3Y78,114.034943,22.545322,1015
粤BX3Y78,114.037262,22.541727,1016
粤BX3Y78,114.032814,22.553877,1017
粤BX3Y78,114.043465,22.537029,1017
粤BX3Y78,114.043571,22.541178,1017
粤BX3Y78,114.047836,22.536398,1018
粤BX3Y78,114.043465,22.537029,1018
粤BX3Y78,114.047874,22.535458,1019
粤BX3Y78,114.047874,22.535458,1019
粤BX3Y78,114.048775,22.535219,1020
粤BX3Y78,114.048752,22.535238,1020
粤BX3Y78,114.043465,22.537029,1022
粤BX3Y78,114.055923,22.535404,1029
粤BX3Y78,114.057587,22.535397,1030
粤BX3Y78,114.060387,22.535282,1031
粤BX3Y78,114.060387,22.535299,1031
粤BX3Y78,114.059113,22.534283,1032
粤BX3Y78,114.060478,22.533846,1032
粤BX3Y78,114.059097,22.534313,1033
粤BX3Y78,114.060272,22.53532,1033
粤BX3Y78,114.060272,22.53532,1034
粤BX3Y78,114.060555,22.533794,1034
粤BX3Y78,114.060555,22.533794,1034
粤BX3Y78,114.060318,22.531969,1035
粤BX3Y78,114.053017,22.5317,1036
粤BX3Y78,114.037888,22.530704,1037
粤BX3Y78,114.04599,22.53154,1037
粤BX3Y78,114.060272,22.53532,1038
粤BX3Y78,114.027931,22.530718,1038
粤BX3Y78,114.027931,22.530718,1039
粤BX3Y78,114.018425,22.531782,1039
粤BX3Y78,114.011993,22.530325,1040
粤BX3Y78,114.002678,22.530157,1041
粤BX3Y78,113.987846,22.524349,1042
粤BX3Y78,113.995392,22.528259,1042
粤BX3Y78,113.979523,22.522947,1043
粤BX3Y78,114.027931,22.530718,1043
粤BX3Y78,113.970253,22.522873,1044
粤BX3Y78,113.979523,22.522947,1044
粤BX3Y78,113.961288,22.522812,1045
粤BX3Y78,113.951988,22.523661,1046
粤BX3Y78,113.941078,22.527187,1047
粤BX3Y78,113.943306,22.524715,1047
粤BX3Y78,113.94101,22.529783,1048
粤BX3Y78,113.979523,22.522947,1048
粤BX3Y78,113.940994,22.53133,1049
粤BX3Y78,113.940994,22.53133,1049
粤BX3Y78,113.940704,22.535257,1050
粤BX3Y78,113.940994,22.53133,1050
粤BX3Y78,113.940681,22.535246,1051
粤BX3Y78,113.940804,22.538752,1052
粤BX3Y78,113.940826,22.53883,1052
粤BX3Y78,113.94072,22.542208,1053
粤BX3Y78,113.94101,22.529783,1053
粤BX3Y78,113.94072,22.542221,1054
粤BX3Y78,113.94072,22.542221,1054
粤BX3Y78,113.940498,22.545233,1055
粤BX3Y78,113.940483,22.545231,1055
粤BX3Y78,113.940475,22.54497,1056
粤BX3Y78,113.940048,22.544718,1057
粤BX3Y78,113.938148,22.545807,1057
粤BX3Y78,113.938835,22.546093,1058
粤BX3Y78,113.94072,22.542208,1059
粤BX3Y78,113.939011,22.546061,1059
粤BX3Y78,113.939659,22.54608,1059
粤BX3Y78,113.940544,22.543907,1060
粤BX3Y78,113.939659,22.54608,1060
粤BX3Y78,113.940559,22.539764,1061
粤BX3Y78,113.940498,22.535833,1062
粤BX3Y78,113.944221,22.535677,1062
粤BX3Y78,113.944557,22.535719,1063
粤BX3Y78,113.945366,22.535753,1064
粤BX3Y78,113.939011,22.546061,1064
粤BX3Y78,113.945366,22.535753,1065
粤BX3Y78,113.950089,22.535505,1065
粤BX3Y78,113.945366,22.535753,1065
粤BX3Y78,113.95903,22.534332,1066
粤BX3Y78,113.961739,22.530935,1067
粤BX3Y78,113.960083,22.530972,1067
粤BX3Y78,113.96138,22.530897,1067
粤BX3Y78,113.962616,22.533401,1068
粤BX3Y78,113.945366,22.535753,1069
粤BX3Y78,113.969215,22.531096,1069
粤BX3Y78,113.969215,22.531096,1070
粤BX3Y78,113.97406,22.529377,1070
粤BX3Y78,113.977638,22.524977,1071
粤BX3Y78,113.978691,22.522375,1072
粤BX3Y78,113.986771,22.523741,1072
粤BX3Y78,113.991455,22.525351,1073
粤BX3Y78,113.996666,22.528637,1074
粤BX3Y78,113.969215,22.531096,1074
粤BX3Y78,113.996666,22.528637,1075
粤BX3Y78,114.003098,22.529913,1075
粤BX3Y78,114.009598,22.529572,1076
粤BX3Y78,114.015434,22.530754,1077
粤BX3Y78,114.016533,22.529938,1077
粤BX3Y78,114.016518,22.529917,1078
粤BX3Y78,113.996666,22.528637,1079
粤BX3Y78,114.016983,22.528851,1079
粤BX3Y78,114.018478,22.526735,1080
粤BX3Y78,114.016983,22.528851,1080
粤BX3Y78,114.018478,22.526735,1080
粤BX3Y78,114.022354,22.524391,1081
粤BX3Y78,114.016983,22.528851,1084
粤BX3Y78,114.022865,22.525318,1085
粤BX3Y78,114.022758,22.52511,1089
粤BX3Y78,114.022865,22.525318,1090
粤BX3Y78,114.022774,22.525232,1090
粤BX3Y78,114.022774,22.525232,1090
粤BX3Y78,114.021027,22.526163,1091
粤BX3Y78,114.019569,22.526897,1094
粤BX3Y78,114.019569,22.526897,1095
粤BX3Y78,114.022774,22.525232,1095
粤BX3Y78,114.0186,22.52813,1095
粤BX3Y78,114.019562,22.529028,1096
粤BX3Y78,114.0186,22.52813,1096
粤BX3Y78,114.021271,22.529472,1097
粤BX3Y78,114.020828,22.530933,1098
粤BX3Y78,114.023094,22.531443,1099
粤BX3Y78,114.020767,22.53149,1099
粤BX3Y78,114.019569,22.526897,1100
粤BX3Y78,114.026535,22.530672,1100
粤BX3Y78,114.026535,22.530672,1101
粤BX3Y78,114.027695,22.530254,1101
粤BX3Y78,114.027184,22.529697,1102
粤BX3Y78,114.026382,22.530285,1103
粤BX3Y78,114.025742,22.531183,1104
粤BX3Y78,114.025505,22.531933,1104
粤BX3Y78,114.023094,22.531443,1105
粤BX3Y78,114.025261,22.532692,1105
粤BX3Y78,114.024986,22.534101,1106
粤BX3Y78,114.025261,22.532692,1106
粤BX3Y78,114.024879,22.534462,1107
粤BX3Y78,114.024887,22.534452,1107
粤BX3Y78,114.02417,22.536886,1108
粤BX3Y78,114.022018,22.544445,1109
粤BX3Y78,114.022903,22.541782,1109
粤BX3Y78,114.022018,22.544445,1110
粤BX3Y78,114.025261,22.532692,1110
粤BX3Y78,114.023132,22.539963,1110
粤BX3Y78,114.023132,22.539963,1111
粤BX3Y78,114.02449,22.535044,1111
粤BX3Y78,114.027611,22.5289,1112
粤BX3Y78,114.031853,22.526442,1113
粤BX3Y78,114.031868,22.525328,1114
粤BX3Y78,114.031746,22.525251,1114
粤BX3Y78,114.023132,22.539963,1115
粤BX3Y78,114.031731,22.525238,1115
粤BX3Y78,114.031517,22.524813,1116
粤BX3Y78,114.031517,22.524813,1116
粤BX3Y78,114.030884,22.52413,1117
粤BX3Y78,114.030884,22.524124,1117
粤BX3Y78,114.030815,22.523775,1118
粤BX3Y78,114.029007,22.522312,1119
粤BX3Y78,114.029846,22.52236,1119
粤BX3Y78,114.028053,22.522873,1120
粤BX3Y78,114.026955,22.523188,1121
粤BX3Y78,114.026955,22.523188,1121
粤BX3Y78,114.031731,22.525238,1121
粤BX3Y78,114.026978,22.523188,1121
粤BX3Y78,114.025452,22.523626,1122
粤BX3Y78,114.024506,22.523258,1123
粤BX3Y78,114.019554,22.525835,1124
粤BX3Y78,114.017288,22.528578,1124
粤BX3Y78,114.016838,22.529606,1125
粤BX3Y78,114.016838,22.529606,1125
粤BX3Y78,114.028053,22.522873,1126
粤BX3Y78,114.018623,22.531477,1126
粤BX3Y78,114.022285,22.531773,1127
粤BX3Y78,114.018623,22.531477,1127
粤BX3Y78,114.028725,22.530384,1128
粤BX3Y78,114.04393,22.531221,1129
粤BX3Y78,114.03582,22.530336,1129
粤BX3Y78,114.051102,22.531267,1130
粤BX3Y78,114.016838,22.529606,1131
粤BX3Y78,114.053848,22.534967,1132
粤BX3Y78,114.053703,22.535917,1133
粤BX3Y78,114.053375,22.537813,1134
粤BX3Y78,114.053406,22.537098,1134
粤BX3Y78,114.053413,22.537825,1135
粤BX3Y78,114.053307,22.53837,1136
粤BX3Y78,114.051102,22.531267,1136
粤BX3Y78,114.053284,22.539394,1136
粤BX3Y78,114.051476,22.539536,1137
粤BX3Y78,114.053284,22.539394,1137
粤BX3Y78,114.053284,22.539394,1141
粤BX3Y78,114.048531,22.537268,1144
粤BX3Y78,114.049545,22.537184,1145
粤BX3Y78,114.049583,22.53685,1146
粤BX3Y78,114.049789,22.53673,1147
粤BX3Y78,114.049789,22.53673,1147
粤BX3Y78,114.049843,22.536667,1148
粤BX3Y78,114.049728,22.536722,1149
粤BX3Y78,114.049782,22.536657,1149
粤BX3Y78,114.049789,22.536652,1150
粤BX3Y78,114.049751,22.536758,1151
粤BX3Y78,114.049583,22.53685,1152
粤BX3Y78,114.049767,22.53677,1152
粤BX3Y78,114.049767,22.53677,1152
粤BX3Y78,114.049789,22.535938,1153
粤BX3Y78,114.047981,22.5368,1154
粤BX3Y78,114.048088,22.535385,1154
粤BX3Y78,114.047997,22.536345,1154
粤BX3Y78,114.04911,22.537252,1155
粤BX3Y78,114.04911,22.537252,1156
粤BX3Y78,114.051056,22.537226,1156
粤BX3Y78,114.053452,22.537222,1157
粤BX3Y78,114.049751,22.536758,1157
粤BX3Y78,114.054779,22.537251,1158
粤BX3Y78,114.053452,22.537222,1158
粤BX3Y78,114.053749,22.537233,1158
粤BX3Y78,114.055817,22.537428,1159
粤BX3Y78,114.057869,22.537189,1159
粤BX3Y78,114.057877,22.537252,1160
粤BX3Y78,114.057831,22.53723,1161
粤BX3Y78,114.057861,22.537209,1162
粤BX3Y78,114.051056,22.537226,1162
粤BX3Y78,114.057739,22.537066,1163
粤BX3Y78,114.057861,22.537209,1163
粤BX3Y78,114.05793,22.536947,1164
粤BX3Y78,114.057877,22.536993,1164
粤BX3Y78,114.058121,22.536852,1165
粤BX3Y78,114.057899,22.536787,1166
粤BX3Y78,114.057831,22.53723,1167
粤BX3Y78,114.058052,22.536753,1167
粤BX3Y78,114.057953,22.536913,1168
粤BX3Y78,114.057953,22.536913,1168
粤BX3Y78,114.057915,22.536812,1169
粤BX3Y78,114.057999,22.536825,1169
粤BX3Y78,114.057945,22.536827,1170
粤BX3Y78,114.057892,22.536852,1171
粤BX3Y78,114.057945,22.536827,1171
粤BX3Y78,114.058052,22.536753,1172
粤BX3Y78,114.058022,22.536858,1172
粤BX3Y78,114.058006,22.536879,1173
粤BX3Y78,114.058006,22.536879,1173
粤BX3Y78,114.058228,22.536924,1174
粤BX3Y78,114.058128,22.536884,1174
粤BX3Y78,114.058281,22.536978,1175
粤BX3Y78,114.058197,22.536779,1176
粤BX3Y78,114.058022,22.536858,1177
粤BX3Y78,114.05838,22.536783,1177
粤BX3Y78,114.058479,22.536745,1178
粤BX3Y78,114.058479,22.536745,1178
粤BX3Y78,114.058434,22.536659,1179
粤BX3Y78,114.058472,22.536734,1179
粤BX3Y78,114.058395,22.536568,1180
粤BX3Y78,114.058426,22.536579,1181
粤BX3Y78,114.05838,22.535929,1182
粤BX3Y78,114.05838,22.536783,1183
粤BX3Y78,114.058098,22.535513,1183
粤BX3Y78,114.058098,22.535513,1183
粤BX3Y78,114.05806,22.535484,1184
粤BX3Y78,114.05806,22.535486,1184
粤BX3Y78,114.057465,22.531931,1184
粤BX3Y78,114.05088,22.531733,1185
粤BX3Y78,114.044563,22.531649,1186
粤BX3Y78,114.05088,22.531733,1186
粤BX3Y78,114.044495,22.530819,1187
粤BX3Y78,114.04483,22.527822,1188
粤BX3Y78,114.05838,22.535929,1188
粤BX3Y78,114.04483,22.527822,1188
粤BX3Y78,114.04364,22.527576,1189
粤BX3Y78,114.044083,22.527678,1189
粤BX3Y78,114.042999,22.527515,1190
粤BX3Y78,114.042976,22.527502,1190
粤BX3Y78,114.042328,22.527224,1191
粤BX3Y78,114.04245,22.527317,1191
粤BX3Y78,114.0411,22.527258,1192
粤BX3Y78,114.03923,22.527311,1193
粤BX3Y78,114.044495,22.530819,1193
粤BX3Y78,114.03923,22.527311,1194
粤BX3Y78,114.037827,22.523928,1194
粤BX3Y78,114.037727,22.523815,1195
粤BX3Y78,114.03775,22.523806,1196
粤BX3Y78,114.036873,22.523151,1197
粤BX3Y78,114.0411,22.527258,1198
粤BX3Y78,114.035736,22.522463,1198
粤BX3Y78,114.034256,22.522064,1199
粤BX3Y78,114.034714,22.521957,1199
粤BX3Y78,114.034462,22.521948,1199
粤BX3Y78,114.034714,22.521957,1199
粤BX3Y78,114.032829,22.522827,1200
粤BX3Y78,114.032684,22.522758,1200
粤BX3Y78,114.031403,22.523678,1201
粤BX3Y78,114.031403,22.523678,1201
粤BX3Y78,114.031082,22.523823,1202
粤BX3Y78,114.028915,22.522411,1203
粤BX3Y78,114.035736,22.522463,1203
粤BX3Y78,114.026878,22.523445,1204
粤BX3Y78,114.026878,22.523445,1204
粤BX3Y78,114.026451,22.524864,1204
粤BX3Y78,114.025307,22.526552,1205
粤BX3Y78,114.025047,22.527023,1206
粤BX3Y78,114.024689,22.5271,1207
粤BX3Y78,114.023987,22.526131,1208
粤BX3Y78,114.028915,22.522411,1208
粤BX3Y78,114.023468,22.525223,1209
粤BX3Y78,114.022598,22.524387,1209
粤BX3Y78,114.023468,22.525223,1209
粤BX3Y78,114.023468,22.525261,1209
粤BX3Y78,114.024559,22.523125,1210
粤BX3Y78,114.028419,22.520994,1211
粤BX3Y78,114.030586,22.523008,1212
粤BX3Y78,114.032372,22.522867,1213
粤BX3Y78,114.033501,22.522308,1214
粤BX3Y78,114.034172,22.522047,1214
粤BX3Y78,114.034126,22.522085,1214
粤BX3Y78,114.033501,22.522308,1214
粤BX3Y78,114.023987,22.526131,1214
粤BX3Y78,114.035629,22.522594,1215
粤BX3Y78,114.037102,22.523577,1216
粤BX3Y78,114.037102,22.523577,1216
粤BX3Y78,114.033829,22.525658,1217
粤BX3Y78,114.032928,22.526224,1218
粤BX3Y78,114.032707,22.526323,1219
粤BX3Y78,114.027924,22.529013,1219
粤BX3Y78,114.032707,22.526323,1219
粤BX3Y78,114.032372,22.522867,1219
粤BX3Y78,114.025063,22.533625,1220
粤BX3Y78,114.024384,22.536518,1221
粤BX3Y78,114.024361,22.536707,1222
粤BX3Y78,114.025078,22.536898,1223
粤BX3Y78,114.032928,22.526224,1224
粤BX3Y78,114.023888,22.536713,1224
粤BX3Y78,114.026184,22.537117,1224
粤BX3Y78,114.022293,22.536507,1225
粤BX3Y78,114.023888,22.536713,1225
粤BX3Y78,114.019897,22.536196,1226
粤BX3Y78,114.019325,22.536873,1227
粤BX3Y78,114.019661,22.534573,1228
粤BX3Y78,114.020638,22.534592,1229
粤BX3Y78,114.021278,22.534687,1229
粤BX3Y78,114.026184,22.537117,1229
粤BX3Y78,114.020561,22.534576,1229
粤BX3Y78,114.021645,22.534712,1230
粤BX3Y78,114.020561,22.534576,1230
粤BX3Y78,114.024078,22.535107,1231
粤BX3Y78,114.024078,22.535107,1231
粤BX3Y78,114.025444,22.53196,1232
粤BX3Y78,114.023758,22.538208,1233
粤BX3Y78,114.017128,22.553072,1234
粤BX3Y78,114.021278,22.534687,1234
粤BX3Y78,114.021385,22.546677,1234
粤BX3Y78,114.014961,22.559628,1235
粤BX3Y78,114.017128,22.553072,1235
粤BX3Y78,114.013702,22.565903,1236
粤BX3Y78,114.014458,22.590677,1239
粤BX3Y78,114.021385,22.546677,1239
粤BX3Y78,114.014458,22.590677,1240
粤BX3Y78,114.021851,22.592146,1240
粤BX3Y78,114.025436,22.597357,1241
粤BX3Y78,114.024666,22.603685,1242
粤BX3Y78,114.024208,22.604261,1243
粤BX3Y78,114.013702,22.565903,1244
粤BX3Y78,114.028893,22.612001,1244
粤BX3Y78,114.02388,22.609037,1244
粤BX3Y78,114.028893,22.612001,1245
粤BX3Y78,114.0289,22.612007,1245
粤BX3Y78,114.031502,22.614145,1246
粤BX3Y78,114.031502,22.614145,1247
粤BX3Y78,114.032166,22.614752,1247
粤BX3Y78,114.032166,22.614748,1248
粤BX3Y78,114.032166,22.614744,1249
粤BX3Y78,114.031685,22.616064,1249
粤BX3Y78,114.03167,22.6161,1250
粤BX3Y78,114.031693,22.616083,1250
粤BX3Y78,114.032166,22.614744,1250
粤BX3Y78,114.02388,22.609037,1250
粤BX3Y78,114.029755,22.618484,1251
粤BX3Y78,114.02861,22.620964,1252
粤BX3Y78,114.027863,22.623217,1253
粤BX3Y78,114.028755,22.620111,1254
粤BX3Y78,114.02787,22.623215,1254
粤BX3Y78,114.031876,22.614702,1255
粤BX3Y78,114.032166,22.614744,1255
粤BX3Y78,114.031876,22.614702,1256
粤BX3Y78,114.028984,22.612297,1256
粤BX3Y78,114.022087,22.609472,1258
粤BX3Y78,114.028755,22.620111,1260
粤BX3Y78,114.021889,22.610804,1264
粤BX3Y78,114.021629,22.610857,1264
粤BX3Y78,114.021866,22.610806,1265
粤BX3Y78,114.021866,22.610806,1266
粤BX3Y78,114.021851,22.610807,1266
粤BX3Y78,114.021835,22.610777,1267
粤BX3Y78,114.021744,22.610888,1268
粤BX3Y78,114.022011,22.611383,1269
粤BX3Y78,114.02179,22.610842,1269
粤BX3Y78,114.021889,22.610804,1270
粤BX3Y78,114.021973,22.610559,1272
粤BX3Y78,114.022263,22.610659,1273
粤BX3Y78,114.021591,22.61017,1274
粤BX3Y78,114.018181,22.61274,1275
粤BX3Y78,114.022011,22.611383,1275
粤BX3Y78,114.013901,22.609108,1276
粤BX3Y78,114.018181,22.61274,1276
粤BX3Y78,114.009689,22.605803,1277
粤BX3Y78,114.013901,22.609108,1277
粤BX3Y78,114.010094,22.602474,1278
粤BX3Y78,114.010803,22.59779,1279
粤BX3Y78,114.021591,22.61017,1281
粤BX3Y78,114.013702,22.564384,1283
粤BX3Y78,114.005119,22.556622,1284
粤BX3Y78,114.011353,22.559441,1284
粤BX3Y78,113.997269,22.555918,1285
粤BX3Y78,113.989258,22.55891,1286
粤BX3Y78,113.989258,22.55891,1286
粤BX3Y78,113.979828,22.55765,1287
粤BX3Y78,113.970222,22.557417,1288
粤BX3Y78,113.951469,22.556351,1289
粤BX3Y78,113.959915,22.556652,1289
粤BX3Y78,113.94458,22.555302,1290
粤BX3Y78,113.997269,22.555918,1290
粤BX3Y78,113.936867,22.555571,1291
粤BX3Y78,113.930573,22.555387,1292
粤BX3Y78,113.936867,22.555571,1292
粤BX3Y78,113.936867,22.555571,1292
粤BX3Y78,113.928528,22.555208,1293
粤BX3Y78,113.928581,22.549305,1294
粤BX3Y78,113.926979,22.542137,1294
粤BX3Y78,113.926811,22.535067,1295
粤BX3Y78,113.94458,22.555302,1295
粤BX3Y78,113.92421,22.529747,1296
粤BX3Y78,113.92421,22.529747,1297
粤BX3Y78,113.918083,22.530872,1298
粤BX3Y78,113.916283,22.531214,1299
粤BX3Y78,113.926811,22.535067,1300
粤BX3Y78,113.914024,22.533518,1300
粤BX3Y78,113.913902,22.533512,1301
粤BX3Y78,113.913887,22.533491,1301
粤BX3Y78,113.915108,22.535358,1302
粤BX3Y78,113.913887,22.533491,1302
粤BX3Y78,113.919426,22.535309,1303
粤BX3Y78,113.919746,22.532619,1304
粤BX3Y78,113.91951,22.531115,1304
粤BX3Y78,113.918869,22.527914,1305
粤BX3Y78,113.914024,22.533518,1305
粤BX3Y78,113.91951,22.531115,1305
粤BX3Y78,113.918228,22.525393,1306
粤BX3Y78,113.917694,22.523409,1307
粤BX3Y78,113.917694,22.523409,1307
粤BX3Y78,113.917412,22.522409,1308
粤BX3Y78,113.917412,22.522408,1308
粤BX3Y78,113.910187,22.515173,1309
粤BX3Y78,113.907784,22.514921,1310
粤BX3Y78,113.91951,22.531115,1310
粤BX3Y78,113.90612,22.515369,1311
粤BX3Y78,113.905052,22.515879,1312
粤BX3Y78,113.905014,22.515882,1313
粤BX3Y78,113.904045,22.516438,1314
粤BX3Y78,113.902527,22.520178,1314
粤BX3Y78,113.905106,22.525476,1315
粤BX3Y78,113.907784,22.514921,1316
粤BX3Y78,113.905098,22.52582,1316
粤BX3Y78,113.904999,22.531277,1317
粤BX3Y78,113.904999,22.531277,1317
粤BX3Y78,113.904976,22.532194,1318
粤BX3Y78,113.9049,22.534943,1319
粤BX3Y78,113.904831,22.541622,1319
粤BX3Y78,113.90377,22.546177,1320
粤BX3Y78,113.904831,22.541622,1320
粤BX3Y78,113.905098,22.52582,1321
粤BX3Y78,113.898926,22.550018,1321
粤BX3Y78,113.893059,22.555595,1322
粤BX3Y78,113.888908,22.559668,1323
粤BX3Y78,113.893059,22.555595,1323
粤BX3Y78,113.887535,22.56098,1324
粤BX3Y78,113.888733,22.559828,1324
粤BX3Y78,113.887527,22.561005,1325
粤BX3Y78,113.898926,22.550018,1326
粤BX3Y78,113.886772,22.56171,1326
粤BX3Y78,113.884315,22.564144,1327
粤BX3Y78,113.884315,22.564144,1328
粤BX3Y78,113.8834,22.565039,1328
粤BX3Y78,113.8797,22.568447,1329
粤BX3Y78,113.876724,22.570749,1329
粤BX3Y78,113.876717,22.570747,1330
粤BX3Y78,113.876266,22.571156,1331
粤BX3Y78,113.886772,22.56171,1331
粤BX3Y78,113.876106,22.571312,1332
粤BX3Y78,113.876099,22.571329,1333
粤BX3Y78,113.876099,22.571329,1333
粤BX3Y78,113.873322,22.573402,1334
粤BX3Y78,113.876099,22.571323,1334
粤BX3Y78,113.873322,22.573402,1335
粤BX3Y78,113.869705,22.575796,1335
粤BX3Y78,113.869209,22.576113,1336
粤BX3Y78,113.876266,22.571156,1336
粤BX3Y78,113.869209,22.576122,1337
粤BX3Y78,113.869202,22.576118,1338
粤BX3Y78,113.869202,22.576118,1338
粤BX3Y78,113.864128,22.573277,1339
粤BX3Y78,113.867081,22.573708,1339
粤BX3Y78,113.862137,22.574844,1340
粤BX3Y78,113.869209,22.576113,1341
粤BX3Y78,113.860222,22.576342,1341
粤BX3Y78,113.857025,22.574142,1342
粤BX3Y78,113.855354,22.574751,1343
粤BX3Y78,113.855354,22.574751,1343
粤BX3Y78,113.854362,22.57563,1344
粤BX3Y78,113.854362,22.575705,1344
粤BX3Y78,113.852959,22.576742,1345
粤BX3Y78,113.85157,22.577812,1346
粤BX3Y78,113.860222,22.576342,1347
粤BX3Y78,113.85157,22.577806,1347
粤BX3Y78,113.85022,22.576635,1348
粤BX3Y78,113.850319,22.57667,1348
粤BX3Y78,113.85022,22.576635,1348
粤BX3Y78,113.850311,22.576672,1349
粤BX3Y78,113.85125,22.577698,1349
粤BX3Y78,113.854492,22.581001,1351
粤BX3Y78,113.854927,22.58147,1352
粤BX3Y78,113.854782,22.581276,1352
粤BX3Y78,113.85157,22.577812,1352
粤BX3Y78,113.857857,22.58449,1353
粤BX3Y78,113.860771,22.582922,1354
粤BX3Y78,113.857857,22.58449,1354
粤BX3Y78,113.863045,22.580931,1354
粤BX3Y78,113.864716,22.579447,1355
粤BX3Y78,113.868034,22.576777,1356
粤BX3Y78,113.868484,22.576427,1357
粤BX3Y78,113.854927,22.58147,1357
粤BX3Y78,113.873734,22.572863,1358
粤BX3Y78,113.874977,22.571907,1359
粤BX3Y78,113.874985,22.571909,1359
粤BX3Y78,113.874985,22.571909,1359
粤BX3Y78,113.875244,22.571709,1360
粤BX3Y78,113.881737,22.566133,1361
粤BX3Y78,113.868484,22.576427,1362
粤BX3Y78,113.886406,22.561716,1362
粤BX3Y78,113.886429,22.561733,1363
粤BX3Y78,113.890938,22.55739,1364
粤BX3Y78,113.897247,22.551296,1364
粤BX3Y78,113.897247,22.551296,1365
粤BX3Y78,113.902435,22.545876,1365
粤BX3Y78,113.909554,22.544567,1366
粤BX3Y78,113.917038,22.543171,1367
粤BX3Y78,113.886406,22.561716,1367
粤BX3Y78,113.918877,22.543022,1368
粤BX3Y78,113.918861,22.543013,1369
粤BX3Y78,113.922577,22.542873,1369
粤BX3Y78,113.918861,22.543013,1369
粤BX3Y78,113.931557,22.542398,1370
粤BX3Y78,113.917038,22.543171,1372
粤BX3Y78,113.948792,22.542999,1372
粤BX3Y78,113.953484,22.543114,1373
粤BX3Y78,113.95887,22.538893,1374
粤BX3Y78,113.953484,22.543114,1374
粤BX3Y78,113.958969,22.535667,1375
粤BX3Y78,113.959145,22.534952,1376
粤BX3Y78,113.961838,22.533808,1377
粤BX3Y78,113.962212,22.534012,1378
粤BX3Y78,113.962219,22.533978,1378
粤BX3Y78,113.962204,22.534033,1378
粤BX3Y78,113.948792,22.542999,1378
粤BX3Y78,113.966347,22.532143,1379
粤BX3Y78,113.974136,22.529371,1379
粤BX3Y78,113.966347,22.532143,1379
粤BX3Y78,113.977478,22.528273,1380
粤BX3Y78,113.974136,22.529371,1380
粤BX3Y78,113.977608,22.528269,1381
粤BX3Y78,113.962204,22.534033,1383
粤BX3Y78,113.988426,22.530077,1383
粤BX3Y78,113.993378,22.531109,1384
粤BX3Y78,113.992889,22.535927,1384
粤BX3Y78,113.993378,22.531109,1384
粤BX3Y78,113.992538,22.538122,1385
粤BX3Y78,113.991966,22.541388,1386
粤BX3Y78,113.992996,22.544012,1387
粤BX3Y78,113.988426,22.530077,1388
粤BX3Y78,113.998787,22.546057,1388
粤BX3Y78,114.006584,22.549183,1389
粤BX3Y78,114.004654,22.547447,1389
粤BX3Y78,114.006554,22.549526,1390
粤BX3Y78,114.006584,22.549183,1390
粤BX3Y78,114.006302,22.549522,1391
粤BX3Y78,114.006386,22.549465,1391
粤BX3Y78,114.006416,22.549425,1392
粤BX3Y78,114.00811,22.548487,1393
粤BX3Y78,113.998787,22.546057,1393
粤BX3Y78,114.011497,22.544809,1394
粤BX3Y78,114.00959,22.547422,1394
粤BX3Y78,114.012932,22.540705,1395
粤BX3Y78,114.011497,22.544809,1395
粤BX3Y78,114.012932,22.540705,1395
粤BX3Y78,114.015533,22.539667,1396
粤BX3Y78,114.016335,22.539995,1397
粤BX3Y78,114.016426,22.540028,1397
粤BX3Y78,114.017593,22.540213,1398
粤BX3Y78,114.00811,22.548487,1398
粤BX3Y78,114.0177,22.54187,1399
粤BX3Y78,114.019585,22.544306,1399
粤BX3Y78,114.021584,22.544632,1400
粤BX3Y78,114.019585,22.544306,1400
粤BX3Y78,114.021561,22.546591,1401
粤BX3Y78,114.016838,22.553518,1402
粤BX3Y78,114.014648,22.56146,1403
粤BX3Y78,114.017593,22.540213,1403
粤BX3Y78,114.011604,22.569523,1404
粤BX3Y78,114.010941,22.607738,1407
粤BX3Y78,114.0084,22.617685,1408
粤BX3Y78,114.014648,22.56146,1408
粤BX3Y78,114.007446,22.627373,1409
粤BX3Y78,114.002457,22.634478,1409
粤BX3Y78,113.999359,22.639526,1410
粤BX3Y78,114.007446,22.627373,1410
粤BX3Y78,113.999359,22.639526,1411
粤BX3Y78,114.000908,22.643528,1411
粤BX3Y78,114.00531,22.646255,1412
粤BX3Y78,114.006737,22.646698,1413
粤BX3Y78,114.006577,22.646835,1413
粤BX3Y78,114.007256,22.647272,1414
粤BX3Y78,114.007446,22.627373,1414
粤BX3Y78,114.009453,22.645737,1414
粤BX3Y78,114.009453,22.645737,1415
粤BX3Y78,114.013206,22.640738,1417
粤BX3Y78,114.017487,22.638117,1418
粤BX3Y78,114.007256,22.647272,1419
粤BX3Y78,114.020538,22.637224,1419
粤BX3Y78,114.025078,22.632561,1420
粤BX3Y78,114.022034,22.636744,1420
粤BX3Y78,114.02552,22.630939,1421
粤BX3Y78,114.025078,22.632561,1421
粤BX3Y78,114.025871,22.62957,1422
粤BX3Y78,114.027496,22.623756,1423
粤BX3Y78,114.02755,22.623699,1424
粤BX3Y78,114.020538,22.637224,1424
粤BX3Y78,114.031616,22.614447,1425
粤BX3Y78,114.028763,22.620096,1425
粤BX3Y78,114.026581,22.610855,1426
粤BX3Y78,114.031616,22.614447,1426
粤BX3Y78,114.031616,22.614447,1426
粤BX3Y78,114.022362,22.609056,1427
粤BX3Y78,114.022209,22.609304,1428
粤BX3Y78,114.022415,22.609364,1429
粤BX3Y78,114.02755,22.623699,1429
粤BX3Y78,114.022629,22.609459,1430
粤BX3Y78,114.02327,22.609812,1430
粤BX3Y78,114.022606,22.609428,1430
粤BX3Y78,114.02327,22.609812,1431
粤BX3Y78,114.022362,22.609005,1431
粤BX3Y78,114.020477,22.611427,1432
粤BX3Y78,114.016129,22.612074,1433
粤BX3Y78,114.0103,22.605818,1434
粤BX3Y78,114.022415,22.609364,1434
粤BX3Y78,114.001526,22.596678,1435
粤BX3Y78,114.003983,22.599525,1435
粤BX3Y78,113.992561,22.591679,1436
粤BX3Y78,114.001526,22.596678,1436
粤BX3Y78,113.98391,22.588423,1437
粤BX3Y78,113.973763,22.587231,1438
粤BX3Y78,114.0103,22.605818,1439
粤BX3Y78,113.964691,22.585365,1439
