粤B0FQ10,114.117905,22.621647,3
粤B0FQ10,114.117905,22.621647,12
粤B0FQ10,114.117905,22.621647,18
粤B0FQ10,114.117905,22.621647,19
粤B0FQ10,114.117905,22.621647,24
粤B0FQ10,114.117905,22.621647,30
粤B0FQ10,114.117905,22.621647,35
粤B0FQ10,114.117905,22.621647,36
粤B0FQ10,114.117905,22.621647,42
粤B0FQ10,114.117905,22.621647,48
粤B0FQ10,114.117905,22.621647,50
粤B0FQ10,114.117905,22.621647,54
粤B0FQ10,114.117905,22.621647,60
粤B0FQ10,114.117905,22.621647,66
粤B0FQ10,114.117905,22.621647,66
粤B0FQ10,114.117905,22.621647,72
粤B0FQ10,114.117905,22.621647,78
粤B0FQ10,114.117905,22.621647,82
粤B0FQ10,114.117905,22.621647,84
粤B0FQ10,114.117905,22.621647,90
粤B0FQ10,114.117905,22.621647,96
粤B0FQ10,114.117905,22.621647,98
粤B0FQ10,114.117905,22.621647,102
粤B0FQ10,114.117905,22.621647,107
粤B0FQ10,114.117905,22.621647,113
粤B0FQ10,114.117905,22.621647,113
粤B0FQ10,114.117905,22.621647,119
粤B0FQ10,114.117905,22.621647,125
粤B0FQ10,114.117905,22.621647,129
粤B0FQ10,114.117905,22.621647,131
粤B0FQ10,114.117905,22.621647,137
粤B0FQ10,114.117905,22.621647,143
粤B0FQ10,114.117905,22.621647,145
粤B0FQ10,114.117905,22.621647,149
粤B0FQ10,114.117905,22.621647,155
粤B0FQ10,114.117905,22.621647,161
粤B0FQ10,114.117905,22.621647,161
粤B0FQ10,114.117905,22.621647,167
粤B0FQ10,114.117905,22.621647,173
粤B0FQ10,114.117905,22.621647,179
粤B0FQ10,114.117905,22.621647,192
粤B0FQ10,114.117905,22.621647,197
粤B0FQ10,114.117905,22.621647,203
粤B0FQ10,114.117905,22.621647,208
粤B0FQ10,114.117905,22.621647,209
粤B0FQ10,114.117905,22.621647,215
粤B0FQ10,114.117905,22.621647,221
粤B0FQ10,114.117905,22.621647,224
粤B0FQ10,114.117905,22.621647,227
粤B0FQ10,114.117905,22.621647,233
粤B0FQ10,114.117905,22.621647,239
粤B0FQ10,114.117905,22.621647,239
粤B0FQ10,114.117905,22.621647,245
粤B0FQ10,114.117905,22.621647,251
粤B0FQ10,114.117905,22.621647,255
粤B0FQ10,114.117905,22.621647,257
粤B0FQ10,114.117905,22.621647,263
粤B0FQ10,114.117905,22.621647,269
粤B0FQ10,114.117905,22.621647,271
粤B0FQ10,114.117905,22.621647,275
粤B0FQ10,114.117905,22.621647,281
粤B0FQ10,114.117905,22.621647,287
粤B0FQ10,114.117905,22.621647,287
粤B0FQ10,114.117905,22.621647,293
粤B0FQ10,114.117905,22.621647,299
粤B0FQ10,114.117905,22.621647,302
粤B0FQ10,114.117905,22.621647,305
粤B0FQ10,114.117905,22.621647,311
粤B0FQ10,114.117905,22.621647,316
粤B0FQ10,114.117905,22.621647,318
粤B0FQ10,114.117905,22.621647,322
粤B0FQ10,114.117905,22.621647,328
粤B0FQ10,114.117905,22.621647,334
粤B0FQ10,114.117905,22.621647,334
粤B0FQ10,114.117905,22.621647,340
粤B0FQ10,114.117905,22.621647,346
粤B0FQ10,114.117905,22.621647,350
粤B0FQ10,114.117905,22.621647,352
粤B0FQ10,114.117905,22.621647,358
粤B0FQ10,114.117905,22.621647,364
粤B0FQ10,114.117905,22.621647,365
粤B0FQ10,114.117905,22.621647,370
粤B0FQ10,114.117905,22.621647,376
粤B0FQ10,114.117905,22.621647,381
粤B0FQ10,114.117905,22.621647,382
粤B0FQ10,114.117905,22.621647,388
粤B0FQ10,114.117905,22.621647,394
粤B0FQ10,114.117905,22.621647,397
粤B0FQ10,114.117905,22.621647,400
粤B0FQ10,114.117905,22.621647,406
粤B0FQ10,114.117905,22.621647,412
粤B0FQ10,114.117905,22.621647,413
粤B0FQ10,114.117905,22.621647,417
粤B0FQ10,114.117905,22.621647,423
粤B0FQ10,114.117905,22.621647,428
粤B0FQ10,114.117905,22.621647,429
粤B0FQ10,114.117905,22.621647,435
粤B0FQ10,114.117905,22.621647,441
粤B0FQ10,114.117905,22.621647,444
粤B0FQ10,114.117905,22.621647,447
粤B0FQ10,114.117905,22.621647,453
粤B0FQ10,114.117905,22.621647,459
粤B0FQ10,114.117905,22.621647,460
粤B0FQ10,114.117905,22.621647,465
粤B0FQ10,114.117905,22.621647,471
粤B0FQ10,114.117905,22.621647,477
粤B0FQ10,114.117905,22.621647,483
粤B0FQ10,114.117905,22.621647,489
粤B0FQ10,114.117905,22.621647,491
粤B0FQ10,114.117905,22.621647,495
粤B0FQ10,114.117905,22.621647,501
粤B0FQ10,114.117905,22.621647,507
粤B0FQ10,114.117905,22.621647,507
粤B0FQ10,114.117905,22.621647,513
粤B0FQ10,114.117905,22.621647,519
粤B0FQ10,114.117905,22.621647,525
粤B0FQ10,114.117905,22.621647,537
粤B0FQ10,114.117905,22.621647,538
粤B0FQ10,114.117905,22.621647,549
粤B0FQ10,114.117905,22.621647,554
粤B0FQ10,114.117905,22.621647,555
粤B0FQ10,114.117905,22.621647,561
粤B0FQ10,114.117905,22.621647,567
粤B0FQ10,114.117905,22.621647,570
粤B0FQ10,114.117905,22.621647,573
粤B0FQ10,114.117905,22.621647,578
粤B0FQ10,114.117905,22.621647,584
粤B0FQ10,114.117905,22.621647,585
粤B0FQ10,114.117905,22.621647,590
粤B0FQ10,114.117905,22.621647,596
粤B0FQ10,114.117905,22.621647,601
粤B0FQ10,114.117905,22.621647,608
粤B0FQ10,114.117905,22.621647,614
粤B0FQ10,114.117905,22.621647,617
粤B0FQ10,114.117905,22.621647,620
粤B0FQ10,114.117905,22.621647,625
粤B0FQ10,114.117905,22.621647,626
粤B0FQ10,114.117905,22.621647,632
粤B0FQ10,114.117905,22.621647,641
粤B0FQ10,114.117905,22.621647,642
粤B0FQ10,114.117905,22.621647,648
粤B0FQ10,114.117905,22.621647,654
粤B0FQ10,114.117905,22.621647,656
粤B0FQ10,114.117905,22.621647,660
粤B0FQ10,114.117905,22.621647,666
粤B0FQ10,114.117905,22.621647,672
粤B0FQ10,114.117905,22.621647,672
粤B0FQ10,114.117905,22.621647,678
粤B0FQ10,114.117905,22.621647,684
粤B0FQ10,114.117905,22.621647,688
粤B0FQ10,114.117905,22.621647,690
粤B0FQ10,114.117905,22.621647,696
粤B0FQ10,114.117905,22.621647,702
粤B0FQ10,114.117905,22.621647,704
粤B0FQ10,114.117905,22.621647,708
粤B0FQ10,114.117905,22.621647,714
粤B0FQ10,114.117905,22.621647,719
粤B0FQ10,114.117905,22.621647,720
粤B0FQ10,114.117905,22.621647,726
粤B0FQ10,114.117905,22.621647,732
粤B0FQ10,114.117905,22.621647,735
粤B0FQ10,114.117905,22.621647,738
粤B0FQ10,114.117905,22.621647,744
粤B0FQ10,114.117905,22.621647,750
粤B0FQ10,114.117905,22.621647,751
粤B0FQ10,114.117905,22.621647,756
粤B0FQ10,114.117905,22.621647,762
粤B0FQ10,114.117905,22.621647,766
粤B0FQ10,114.117905,22.621647,768
粤B0FQ10,114.117905,22.621647,774
粤B0FQ10,114.117905,22.621647,780
粤B0FQ10,114.117905,22.621647,782
粤B0FQ10,114.117905,22.621647,786
粤B0FQ10,114.117905,22.621647,792
粤B0FQ10,114.117905,22.621647,798
粤B0FQ10,114.117905,22.621647,798
粤B0FQ10,114.117905,22.621647,804
粤B0FQ10,114.117905,22.621647,810
粤B0FQ10,114.117905,22.621647,814
粤B0FQ10,114.117905,22.621647,816
粤B0FQ10,114.117905,22.621647,822
粤B0FQ10,114.117905,22.621647,828
粤B0FQ10,114.117905,22.621647,834
粤B0FQ10,114.117905,22.621647,845
粤B0FQ10,114.117905,22.621647,846
粤B0FQ10,114.117905,22.621647,852
粤B0FQ10,114.117905,22.621647,858
粤B0FQ10,114.117905,22.621647,861
粤B0FQ10,114.117905,22.621647,864
粤B0FQ10,114.117905,22.621647,870
粤B0FQ10,114.117905,22.621647,876
粤B0FQ10,114.117905,22.621647,877
粤B0FQ10,114.117905,22.621647,882
粤B0FQ10,114.117905,22.621647,888
粤B0FQ10,114.117905,22.621647,894
粤B0FQ10,114.117905,22.621647,900
粤B0FQ10,114.117905,22.621647,908
粤B0FQ10,114.117905,22.621647,912
粤B0FQ10,114.117905,22.621647,918
粤B0FQ10,114.117905,22.621647,924
粤B0FQ10,114.117905,22.621647,924
粤B0FQ10,114.117905,22.621647,930
粤B0FQ10,114.117905,22.621647,935
粤B0FQ10,114.117905,22.621647,939
粤B0FQ10,114.117905,22.621647,941
粤B0FQ10,114.117905,22.621647,947
粤B0FQ10,114.117905,22.621647,953
粤B0FQ10,114.117905,22.621647,955
粤B0FQ10,114.117905,22.621647,959
粤B0FQ10,114.117905,22.621647,965
粤B0FQ10,114.117905,22.621647,971
粤B0FQ10,114.117905,22.621647,971
粤B0FQ10,114.117905,22.621647,977
粤B0FQ10,114.117905,22.621647,983
粤B0FQ10,114.117905,22.621647,987
粤B0FQ10,114.117905,22.621647,989
粤B0FQ10,114.117905,22.621647,1001
粤B0FQ10,114.117905,22.621647,1002
粤B0FQ10,114.117905,22.621647,1007
粤B0FQ10,114.117905,22.621647,1013
粤B0FQ10,114.117905,22.621647,1019
粤B0FQ10,114.117905,22.621647,1031
粤B0FQ10,114.117905,22.621647,1034
粤B0FQ10,114.117905,22.621647,1037
粤B0FQ10,114.117905,22.621647,1043
粤B0FQ10,114.117905,22.621647,1049
粤B0FQ10,114.117905,22.621647,1050
粤B0FQ10,114.117905,22.621647,1055
粤B0FQ10,114.117905,22.621647,1061
粤B0FQ10,114.117905,22.621647,1065
粤B0FQ10,114.117905,22.621647,1067
粤B0FQ10,114.117905,22.621647,1073
粤B0FQ10,114.117905,22.621647,1079
粤B0FQ10,114.117905,22.621647,1081
粤B0FQ10,114.117905,22.621647,1085
粤B0FQ10,114.117905,22.621647,1091
粤B0FQ10,114.117905,22.621647,1097
粤B0FQ10,114.117905,22.621647,1097
粤B0FQ10,114.117905,22.621647,1103
粤B0FQ10,114.117905,22.621647,1109
粤B0FQ10,114.117905,22.621647,1113
粤B0FQ10,114.117905,22.621647,1115
粤B0FQ10,114.117905,22.621647,1121
粤B0FQ10,114.117905,22.621647,1127
粤B0FQ10,114.117905,22.621647,1133
粤B0FQ10,114.117905,22.621647,1144
粤B0FQ10,114.117905,22.621647,1145
粤B0FQ10,114.117905,22.621647,1151
粤B0FQ10,114.117905,22.621647,1157
粤B0FQ10,114.117905,22.621647,1160
粤B0FQ10,114.117905,22.621647,1163
粤B0FQ10,114.117905,22.621647,1169
粤B0FQ10,114.117905,22.621647,1175
粤B0FQ10,114.117905,22.621647,1176
粤B0FQ10,114.117905,22.621647,1181
粤B0FQ10,114.117905,22.621647,1187
粤B0FQ10,114.117905,22.621647,1193
粤B0FQ10,114.117905,22.621647,1198
粤B0FQ10,114.117905,22.621647,1204
粤B0FQ10,114.117905,22.621647,1207
粤B0FQ10,114.117905,22.621647,1210
粤B0FQ10,114.117905,22.621647,1216
粤B0FQ10,114.117905,22.621647,1222
粤B0FQ10,114.117905,22.621647,1223
粤B0FQ10,114.117905,22.621647,1228
粤B0FQ10,114.117905,22.621647,1234
粤B0FQ10,114.117905,22.621647,1238
粤B0FQ10,114.117905,22.621647,1240
粤B0FQ10,114.117905,22.621647,1246
粤B0FQ10,114.117905,22.621647,1252
粤B0FQ10,114.117905,22.621647,1254
粤B0FQ10,114.117905,22.621647,1258
粤B0FQ10,114.117905,22.621647,1264
粤B0FQ10,114.117905,22.621647,1270
粤B0FQ10,114.117905,22.621647,1270
粤B0FQ10,114.117905,22.621647,1276
粤B0FQ10,114.117905,22.621647,1282
粤B0FQ10,114.117905,22.621647,1286
粤B0FQ10,114.117905,22.621647,1288
粤B0FQ10,114.117905,22.621647,1294
粤B0FQ10,114.117905,22.621647,1300
粤B0FQ10,114.117905,22.621647,1301
粤B0FQ10,114.117905,22.621647,1306
粤B0FQ10,114.117905,22.621647,1312
粤B0FQ10,114.117905,22.621647,1317
粤B0FQ10,114.117905,22.621647,1317
粤B0FQ10,114.117905,22.621647,1323
粤B0FQ10,114.117905,22.621647,1329
粤B0FQ10,114.117905,22.621647,1333
粤B0FQ10,114.117905,22.621647,1335
粤B0FQ10,114.117905,22.621647,1341
粤B0FQ10,114.117905,22.621647,1347
粤B0FQ10,114.117905,22.621647,1349
粤B0FQ10,114.117905,22.621647,1353
粤B0FQ10,114.117905,22.621647,1359
粤B0FQ10,114.117905,22.621647,1365
粤B0FQ10,114.117905,22.621647,1371
粤B0FQ10,114.117905,22.621647,1377
粤B0FQ10,114.117905,22.621647,1380
粤B0FQ10,114.117905,22.621647,1383
粤B0FQ10,114.117905,22.621647,1389
粤B0FQ10,114.117905,22.621647,1395
粤B0FQ10,114.117905,22.621647,1396
粤B0FQ10,114.117905,22.621647,1401
粤B0FQ10,114.117905,22.621647,1407
粤B0FQ10,114.117905,22.621647,1412
粤B0FQ10,114.117905,22.621647,1413
粤B0FQ10,114.117905,22.621647,1419
粤B0FQ10,114.117905,22.621647,1425
粤B0FQ10,114.117905,22.621647,1431
粤B0FQ10,114.117905,22.621647,1437
