粤B4KK15,114.278503,22.7244,8
粤B4KK15,114.278503,22.7244,8
粤B4KK15,114.278503,22.7244,9
粤B4KK15,114.278503,22.7244,9
粤B4KK15,114.278503,22.7244,10
粤B4KK15,114.278503,22.7244,10
粤B4KK15,114.278503,22.7244,11
粤B4KK15,114.278503,22.7244,11
粤B4KK15,114.278503,22.7244,12
粤B4KK15,114.278503,22.7244,12
粤B4KK15,114.278503,22.7244,13
粤B4KK15,114.278503,22.7244,13
粤B4KK15,114.278503,22.7244,14
粤B4KK15,114.278503,22.7244,14
粤B4KK15,114.278503,22.7244,15
粤B4KK15,114.278503,22.7244,15
粤B4KK15,114.278503,22.7244,16
粤B4KK15,114.278503,22.7244,17
粤B4KK15,114.278503,22.7244,17
粤B4KK15,114.278503,22.7244,18
粤B4KK15,114.278503,22.7244,18
粤B4KK15,114.278503,22.7244,19
粤B4KK15,114.278503,22.7244,19
粤B4KK15,114.278503,22.7244,20
粤B4KK15,114.278503,22.7244,20
粤B4KK15,114.278503,22.7244,21
粤B4KK15,114.278503,22.7244,21
粤B4KK15,114.278503,22.7244,22
粤B4KK15,114.278503,22.7244,22
粤B4KK15,114.278503,22.7244,23
粤B4KK15,114.278503,22.7244,23
粤B4KK15,114.278503,22.7244,24
粤B4KK15,114.278503,22.7244,24
粤B4KK15,114.278503,22.7244,25
粤B4KK15,114.278503,22.7244,25
粤B4KK15,114.278503,22.7244,26
粤B4KK15,114.278503,22.7244,27
粤B4KK15,114.278503,22.7244,27
粤B4KK15,114.278503,22.7244,28
粤B4KK15,114.278503,22.7244,28
粤B4KK15,114.278503,22.7244,29
粤B4KK15,114.278503,22.7244,29
粤B4KK15,114.278503,22.7244,30
粤B4KK15,114.278503,22.7244,30
粤B4KK15,114.278503,22.7244,31
粤B4KK15,114.278503,22.7244,31
粤B4KK15,114.278503,22.7244,32
粤B4KK15,114.278503,22.7244,32
粤B4KK15,114.278503,22.7244,33
粤B4KK15,114.278503,22.7244,33
粤B4KK15,114.278503,22.7244,34
粤B4KK15,114.278503,22.7244,34
粤B4KK15,114.278503,22.7244,35
粤B4KK15,114.278503,22.7244,35
粤B4KK15,114.278503,22.7244,36
粤B4KK15,114.278503,22.7244,36
粤B4KK15,114.278503,22.7244,37
粤B4KK15,114.278503,22.7244,37
粤B4KK15,114.278503,22.7244,38
粤B4KK15,114.278503,22.7244,38
粤B4KK15,114.278503,22.7244,39
粤B4KK15,114.278503,22.7244,39
粤B4KK15,114.278503,22.7244,40
粤B4KK15,114.278503,22.7244,40
粤B4KK15,114.278503,22.7244,41
粤B4KK15,114.278503,22.7244,41
粤B4KK15,114.278503,22.7244,42
粤B4KK15,114.278503,22.7244,42
粤B4KK15,114.278503,22.7244,43
粤B4KK15,114.278503,22.7244,43
粤B4KK15,114.278503,22.7244,44
粤B4KK15,114.278503,22.7244,44
粤B4KK15,114.278503,22.7244,45
粤B4KK15,114.278503,22.7244,45
粤B4KK15,114.278503,22.7244,46
粤B4KK15,114.278503,22.7244,46
粤B4KK15,114.278503,22.7244,47
粤B4KK15,114.278503,22.7244,47
粤B4KK15,114.278503,22.7244,48
粤B4KK15,114.278503,22.7244,48
粤B4KK15,114.278503,22.7244,49
粤B4KK15,114.278503,22.7244,49
粤B4KK15,114.278503,22.7244,50
粤B4KK15,114.278503,22.7244,50
粤B4KK15,114.278503,22.7244,51
粤B4KK15,114.278503,22.7244,51
粤B4KK15,114.278503,22.7244,52
粤B4KK15,114.278503,22.7244,52
粤B4KK15,114.278503,22.7244,53
粤B4KK15,114.278503,22.7244,53
粤B4KK15,114.278503,22.7244,54
粤B4KK15,114.278503,22.7244,54
粤B4KK15,114.278503,22.7244,55
粤B4KK15,114.278503,22.7244,55
粤B4KK15,114.278503,22.7244,56
粤B4KK15,114.278503,22.7244,56
粤B4KK15,114.278503,22.7244,57
粤B4KK15,114.278503,22.7244,57
粤B4KK15,114.278503,22.7244,58
粤B4KK15,114.278503,22.7244,58
粤B4KK15,114.278503,22.7244,59
粤B4KK15,114.278503,22.7244,59
粤B4KK15,114.278503,22.7244,60
粤B4KK15,114.278503,22.7244,60
粤B4KK15,114.278503,22.7244,61
粤B4KK15,114.278503,22.7244,61
粤B4KK15,114.278503,22.7244,62
粤B4KK15,114.278503,22.7244,62
粤B4KK15,114.278503,22.7244,63
粤B4KK15,114.278503,22.7244,63
粤B4KK15,114.278503,22.7244,64
粤B4KK15,114.278503,22.7244,65
粤B4KK15,114.278503,22.7244,65
粤B4KK15,114.278503,22.7244,66
粤B4KK15,114.278503,22.7244,66
粤B4KK15,114.278503,22.7244,67
粤B4KK15,114.278503,22.7244,67
粤B4KK15,114.278503,22.7244,68
粤B4KK15,114.278503,22.7244,68
粤B4KK15,114.278503,22.7244,69
粤B4KK15,114.278503,22.7244,69
粤B4KK15,114.278503,22.7244,70
粤B4KK15,114.278503,22.7244,70
粤B4KK15,114.278503,22.7244,71
粤B4KK15,114.278503,22.7244,71
粤B4KK15,114.278503,22.7244,72
粤B4KK15,114.278503,22.7244,72
粤B4KK15,114.278503,22.7244,73
粤B4KK15,114.278503,22.7244,73
粤B4KK15,114.278503,22.7244,74
粤B4KK15,114.278503,22.7244,74
粤B4KK15,114.278503,22.7244,75
粤B4KK15,114.278503,22.7244,75
粤B4KK15,114.278503,22.7244,76
粤B4KK15,114.278503,22.7244,76
粤B4KK15,114.278503,22.7244,77
粤B4KK15,114.278503,22.7244,77
粤B4KK15,114.278503,22.7244,78
粤B4KK15,114.278503,22.7244,78
粤B4KK15,114.278503,22.7244,79
粤B4KK15,114.278503,22.7244,79
粤B4KK15,114.278503,22.7244,80
粤B4KK15,114.278503,22.7244,80
粤B4KK15,114.278503,22.7244,81
粤B4KK15,114.278503,22.7244,81
粤B4KK15,114.278503,22.7244,82
粤B4KK15,114.278503,22.7244,82
粤B4KK15,114.278503,22.7244,83
粤B4KK15,114.278503,22.7244,83
粤B4KK15,114.278503,22.7244,84
粤B4KK15,114.278503,22.7244,84
粤B4KK15,114.278503,22.7244,85
粤B4KK15,114.278503,22.7244,85
粤B4KK15,114.278503,22.7244,86
粤B4KK15,114.278503,22.7244,86
粤B4KK15,114.278503,22.7244,87
粤B4KK15,114.278503,22.7244,87
粤B4KK15,114.278503,22.7244,88
粤B4KK15,114.278503,22.7244,88
粤B4KK15,114.278503,22.7244,89
粤B4KK15,114.278503,22.7244,89
粤B4KK15,114.278503,22.7244,90
粤B4KK15,114.278503,22.7244,90
粤B4KK15,114.278503,22.7244,91
粤B4KK15,114.278503,22.7244,91
粤B4KK15,114.278503,22.7244,92
粤B4KK15,114.278503,22.7244,92
粤B4KK15,114.278503,22.7244,93
粤B4KK15,114.278503,22.7244,94
粤B4KK15,114.278503,22.7244,94
粤B4KK15,114.278503,22.7244,95
粤B4KK15,114.278503,22.7244,95
粤B4KK15,114.278503,22.7244,96
粤B4KK15,114.278503,22.7244,96
粤B4KK15,114.278503,22.7244,97
粤B4KK15,114.278503,22.7244,97
粤B4KK15,114.278503,22.7244,98
粤B4KK15,114.278503,22.7244,98
粤B4KK15,114.278503,22.7244,99
粤B4KK15,114.278503,22.7244,99
粤B4KK15,114.278503,22.7244,100
粤B4KK15,114.278503,22.7244,100
粤B4KK15,114.278503,22.7244,101
粤B4KK15,114.278503,22.7244,101
粤B4KK15,114.278503,22.7244,102
粤B4KK15,114.278503,22.7244,102
粤B4KK15,114.278503,22.7244,103
粤B4KK15,114.278503,22.7244,103
粤B4KK15,114.278503,22.7244,104
粤B4KK15,114.278503,22.7244,104
粤B4KK15,114.278503,22.7244,105
粤B4KK15,114.278503,22.7244,105
粤B4KK15,114.278503,22.7244,106
粤B4KK15,114.278503,22.7244,106
粤B4KK15,114.278503,22.7244,107
粤B4KK15,114.278503,22.7244,107
粤B4KK15,114.278503,22.7244,108
粤B4KK15,114.278503,22.7244,108
粤B4KK15,114.278503,22.7244,109
粤B4KK15,114.278503,22.7244,109
粤B4KK15,114.278503,22.7244,110
粤B4KK15,114.278503,22.7244,110
粤B4KK15,114.278503,22.7244,111
粤B4KK15,114.278503,22.7244,111
粤B4KK15,114.278503,22.7244,112
粤B4KK15,114.278503,22.7244,112
粤B4KK15,114.278503,22.7244,113
粤B4KK15,114.278503,22.7244,113
粤B4KK15,114.278503,22.7244,114
粤B4KK15,114.278503,22.7244,114
粤B4KK15,114.278503,22.7244,115
粤B4KK15,114.278503,22.7244,115
粤B4KK15,114.278503,22.7244,116
粤B4KK15,114.278503,22.7244,116
粤B4KK15,114.278503,22.7244,117
粤B4KK15,114.278503,22.7244,117
粤B4KK15,114.278503,22.7244,118
粤B4KK15,114.278503,22.7244,118
粤B4KK15,114.278503,22.7244,119
粤B4KK15,114.278503,22.7244,119
粤B4KK15,114.278503,22.7244,120
粤B4KK15,114.278503,22.7244,120
粤B4KK15,114.278503,22.7244,121
粤B4KK15,114.278503,22.7244,121
粤B4KK15,114.278503,22.7244,122
粤B4KK15,114.278503,22.7244,122
粤B4KK15,114.278503,22.7244,123
粤B4KK15,114.278503,22.7244,124
粤B4KK15,114.278503,22.7244,124
粤B4KK15,114.278503,22.7244,125
粤B4KK15,114.278503,22.7244,125
粤B4KK15,114.278503,22.7244,126
粤B4KK15,114.278503,22.7244,126
粤B4KK15,114.278503,22.7244,127
粤B4KK15,114.278503,22.7244,127
粤B4KK15,114.278503,22.7244,128
粤B4KK15,114.278503,22.7244,128
粤B4KK15,114.278503,22.7244,129
粤B4KK15,114.278503,22.7244,129
粤B4KK15,114.278503,22.7244,130
粤B4KK15,114.278503,22.7244,131
粤B4KK15,114.278503,22.7244,131
粤B4KK15,114.278503,22.7244,132
粤B4KK15,114.278503,22.7244,133
粤B4KK15,114.278503,22.7244,133
粤B4KK15,114.278503,22.7244,134
粤B4KK15,114.278503,22.7244,135
粤B4KK15,114.278503,22.7244,135
粤B4KK15,114.278503,22.7244,136
粤B4KK15,114.278503,22.7244,136
粤B4KK15,114.278503,22.7244,137
粤B4KK15,114.278503,22.7244,137
粤B4KK15,114.278503,22.7244,138
粤B4KK15,114.278503,22.7244,138
粤B4KK15,114.278503,22.7244,139
粤B4KK15,114.278503,22.7244,139
粤B4KK15,114.278503,22.7244,140
粤B4KK15,114.278503,22.7244,141
粤B4KK15,114.278503,22.7244,141
粤B4KK15,114.278503,22.7244,142
粤B4KK15,114.278503,22.7244,142
粤B4KK15,114.278503,22.7244,143
粤B4KK15,114.278503,22.7244,144
粤B4KK15,114.278503,22.7244,145
粤B4KK15,114.278503,22.7244,145
粤B4KK15,114.278503,22.7244,146
粤B4KK15,114.278503,22.7244,146
粤B4KK15,114.278503,22.7244,147
粤B4KK15,114.278503,22.7244,147
粤B4KK15,114.278503,22.7244,148
粤B4KK15,114.278503,22.7244,148
粤B4KK15,114.278503,22.7244,149
粤B4KK15,114.278503,22.7244,150
粤B4KK15,114.278503,22.7244,150
粤B4KK15,114.278503,22.7244,151
粤B4KK15,114.278503,22.7244,151
粤B4KK15,114.278503,22.7244,152
粤B4KK15,114.278503,22.7244,152
粤B4KK15,114.278503,22.7244,153
粤B4KK15,114.278503,22.7244,153
粤B4KK15,114.278503,22.7244,154
粤B4KK15,114.278503,22.7244,154
粤B4KK15,114.278503,22.7244,155
粤B4KK15,114.278503,22.7244,155
粤B4KK15,114.278503,22.7244,156
粤B4KK15,114.278503,22.7244,156
粤B4KK15,114.278503,22.7244,157
粤B4KK15,114.278503,22.7244,157
粤B4KK15,114.278503,22.7244,158
粤B4KK15,114.278503,22.7244,158
粤B4KK15,114.278503,22.7244,159
粤B4KK15,114.278503,22.7244,159
粤B4KK15,114.278503,22.7244,160
粤B4KK15,114.278503,22.7244,160
粤B4KK15,114.278503,22.7244,161
粤B4KK15,114.278503,22.7244,161
粤B4KK15,114.278503,22.7244,162
粤B4KK15,114.278503,22.7244,162
粤B4KK15,114.278503,22.7244,163
粤B4KK15,114.278503,22.7244,163
粤B4KK15,114.278503,22.7244,164
粤B4KK15,114.278503,22.7244,164
粤B4KK15,114.278503,22.7244,165
粤B4KK15,114.278503,22.7244,165
粤B4KK15,114.278503,22.7244,166
粤B4KK15,114.278503,22.7244,166
粤B4KK15,114.278503,22.7244,167
粤B4KK15,114.278503,22.7244,167
粤B4KK15,114.278503,22.7244,168
粤B4KK15,114.278503,22.7244,168
粤B4KK15,114.278503,22.7244,169
粤B4KK15,114.278503,22.7244,169
粤B4KK15,114.278503,22.7244,170
粤B4KK15,114.278503,22.7244,170
粤B4KK15,114.278503,22.7244,171
粤B4KK15,114.278503,22.7244,172
粤B4KK15,114.278503,22.7244,172
粤B4KK15,114.278503,22.7244,173
粤B4KK15,114.278503,22.7244,173
粤B4KK15,114.278503,22.7244,174
粤B4KK15,114.278503,22.7244,174
粤B4KK15,114.278503,22.7244,175
粤B4KK15,114.278503,22.7244,175
粤B4KK15,114.278503,22.7244,176
粤B4KK15,114.278503,22.7244,176
粤B4KK15,114.278503,22.7244,177
粤B4KK15,114.278503,22.7244,177
粤B4KK15,114.278503,22.7244,178
粤B4KK15,114.278503,22.7244,178
粤B4KK15,114.278503,22.7244,179
粤B4KK15,114.278503,22.7244,179
粤B4KK15,114.278503,22.7244,180
粤B4KK15,114.278503,22.7244,180
粤B4KK15,114.278503,22.7244,181
粤B4KK15,114.278503,22.7244,181
粤B4KK15,114.278503,22.7244,182
粤B4KK15,114.278503,22.7244,182
粤B4KK15,114.278503,22.7244,183
粤B4KK15,114.278503,22.7244,192
粤B4KK15,114.278503,22.7244,192
粤B4KK15,114.278503,22.7244,193
粤B4KK15,114.278503,22.7244,193
粤B4KK15,114.278503,22.7244,194
粤B4KK15,114.278503,22.7244,194
粤B4KK15,114.278503,22.7244,195
粤B4KK15,114.278503,22.7244,195
粤B4KK15,114.278503,22.7244,196
粤B4KK15,114.278503,22.7244,196
粤B4KK15,114.278503,22.7244,197
粤B4KK15,114.278503,22.7244,198
粤B4KK15,114.278503,22.7244,198
粤B4KK15,114.278503,22.7244,199
粤B4KK15,114.278503,22.7244,199
粤B4KK15,114.278503,22.7244,200
粤B4KK15,114.278503,22.7244,200
粤B4KK15,114.278503,22.7244,201
粤B4KK15,114.278503,22.7244,201
粤B4KK15,114.278503,22.7244,202
粤B4KK15,114.278503,22.7244,202
粤B4KK15,114.278503,22.7244,203
粤B4KK15,114.278503,22.7244,203
粤B4KK15,114.278503,22.7244,204
粤B4KK15,114.278503,22.7244,204
粤B4KK15,114.278503,22.7244,205
粤B4KK15,114.278503,22.7244,205
粤B4KK15,114.278503,22.7244,206
粤B4KK15,114.278503,22.7244,206
粤B4KK15,114.278503,22.7244,207
粤B4KK15,114.278503,22.7244,207
粤B4KK15,114.278503,22.7244,208
粤B4KK15,114.278503,22.7244,208
粤B4KK15,114.278503,22.7244,209
粤B4KK15,114.278503,22.7244,209
粤B4KK15,114.278503,22.7244,210
粤B4KK15,114.278503,22.7244,210
粤B4KK15,114.278503,22.7244,211
粤B4KK15,114.278503,22.7244,211
粤B4KK15,114.278503,22.7244,212
粤B4KK15,114.278503,22.7244,212
粤B4KK15,114.278503,22.7244,213
粤B4KK15,114.278503,22.7244,213
粤B4KK15,114.278503,22.7244,214
粤B4KK15,114.278503,22.7244,214
粤B4KK15,114.278503,22.7244,215
粤B4KK15,114.278503,22.7244,216
粤B4KK15,114.278503,22.7244,216
粤B4KK15,114.278503,22.7244,217
粤B4KK15,114.278503,22.7244,217
粤B4KK15,114.278503,22.7244,218
粤B4KK15,114.278503,22.7244,218
粤B4KK15,114.278503,22.7244,219
粤B4KK15,114.278503,22.7244,219
粤B4KK15,114.278503,22.7244,220
粤B4KK15,114.278503,22.7244,220
粤B4KK15,114.278503,22.7244,221
粤B4KK15,114.278503,22.7244,221
粤B4KK15,114.278503,22.7244,222
粤B4KK15,114.278503,22.7244,222
粤B4KK15,114.278503,22.7244,223
粤B4KK15,114.278503,22.7244,223
粤B4KK15,114.278503,22.7244,224
粤B4KK15,114.278503,22.7244,224
粤B4KK15,114.278503,22.7244,225
粤B4KK15,114.278503,22.7244,225
粤B4KK15,114.278503,22.7244,226
粤B4KK15,114.278503,22.7244,226
粤B4KK15,114.278503,22.7244,227
粤B4KK15,114.278503,22.7244,227
粤B4KK15,114.278503,22.7244,228
粤B4KK15,114.278503,22.7244,228
粤B4KK15,114.278503,22.7244,229
粤B4KK15,114.278503,22.7244,229
粤B4KK15,114.278503,22.7244,230
粤B4KK15,114.278503,22.7244,230
粤B4KK15,114.278503,22.7244,231
粤B4KK15,114.278503,22.7244,232
粤B4KK15,114.278503,22.7244,232
粤B4KK15,114.278503,22.7244,233
粤B4KK15,114.280502,22.723499,233
粤B4KK15,114.285599,22.7213,234
粤B4KK15,114.282898,22.7225,234
粤B4KK15,114.287598,22.7204,235
粤B4KK15,114.289101,22.7222,235
粤B4KK15,114.291298,22.724199,236
粤B4KK15,114.294899,22.722601,236
粤B4KK15,114.301498,22.7187,237
粤B4KK15,114.298203,22.721201,237
粤B4KK15,114.303703,22.7152,238
粤B4KK15,114.306198,22.712299,238
粤B4KK15,114.313904,22.708099,239
粤B4KK15,114.310303,22.7106,239
粤B4KK15,114.319397,22.704201,240
粤B4KK15,114.316803,22.705999,240
粤B4KK15,114.322098,22.7024,241
粤B4KK15,114.3255,22.7013,241
粤B4KK15,114.328903,22.7001,242
粤B4KK15,114.331902,22.6982,242
粤B4KK15,114.331802,22.6987,243
粤B4KK15,114.331802,22.6987,244
粤B4KK15,114.331802,22.6987,244
粤B4KK15,114.331802,22.6987,245
粤B4KK15,114.331802,22.6987,245
粤B4KK15,114.331802,22.6987,246
粤B4KK15,114.331802,22.6987,246
粤B4KK15,114.331802,22.6987,247
粤B4KK15,114.331802,22.6987,247
粤B4KK15,114.331802,22.6987,248
粤B4KK15,114.331802,22.6987,248
粤B4KK15,114.331802,22.6987,249
粤B4KK15,114.3312,22.698799,249
粤B4KK15,114.327499,22.701,250
粤B4KK15,114.3228,22.7022,250
粤B4KK15,114.322403,22.7024,251
粤B4KK15,114.318703,22.704901,251
粤B4KK15,114.310204,22.710899,252
粤B4KK15,114.3144,22.707899,252
粤B4KK15,114.304199,22.714701,253
粤B4KK15,114.307297,22.7124,253
粤B4KK15,114.297798,22.7216,254
粤B4KK15,114.301804,22.718599,254
粤B4KK15,114.291702,22.7243,255
粤B4KK15,114.294197,22.723301,255
粤B4KK15,114.2901,22.7243,256
粤B4KK15,114.290802,22.724701,256
粤B4KK15,114.2882,22.7209,257
粤B4KK15,114.285797,22.721201,257
粤B4KK15,114.280403,22.7236,258
粤B4KK15,114.283203,22.722401,258
粤B4KK15,114.277702,22.7274,259
粤B4KK15,114.278099,22.7248,259
粤B4KK15,114.276802,22.7286,260
粤B4KK15,114.277397,22.7283,260
粤B4KK15,114.276604,22.728399,261
粤B4KK15,114.276604,22.728399,261
粤B4KK15,114.276604,22.728399,262
粤B4KK15,114.276604,22.728399,262
粤B4KK15,114.276604,22.728399,263
粤B4KK15,114.276604,22.728399,263
粤B4KK15,114.276604,22.728399,264
粤B4KK15,114.276604,22.728399,264
粤B4KK15,114.276604,22.728399,265
粤B4KK15,114.276604,22.728399,265
粤B4KK15,114.276604,22.728399,266
粤B4KK15,114.276604,22.728399,266
粤B4KK15,114.276604,22.728399,267
粤B4KK15,114.276604,22.728399,267
粤B4KK15,114.276604,22.728399,268
粤B4KK15,114.276604,22.728399,268
粤B4KK15,114.276604,22.728399,269
粤B4KK15,114.276604,22.728399,269
粤B4KK15,114.276604,22.728399,270
粤B4KK15,114.276604,22.728399,270
粤B4KK15,114.276604,22.728399,271
粤B4KK15,114.276604,22.728399,271
粤B4KK15,114.276604,22.728399,272
粤B4KK15,114.276604,22.728399,272
粤B4KK15,114.276604,22.728399,273
粤B4KK15,114.276604,22.728399,273
粤B4KK15,114.276604,22.728399,274
粤B4KK15,114.276604,22.728399,274
粤B4KK15,114.276604,22.728399,275
粤B4KK15,114.276604,22.728399,275
粤B4KK15,114.276604,22.728399,276
粤B4KK15,114.276604,22.728399,276
粤B4KK15,114.276604,22.728399,277
粤B4KK15,114.276604,22.728399,277
粤B4KK15,114.276604,22.728399,278
粤B4KK15,114.276604,22.728399,278
粤B4KK15,114.276604,22.728399,279
粤B4KK15,114.276604,22.728399,279
粤B4KK15,114.276604,22.728399,280
粤B4KK15,114.276604,22.728399,280
粤B4KK15,114.276604,22.728399,281
粤B4KK15,114.276604,22.728399,281
粤B4KK15,114.276604,22.728399,282
粤B4KK15,114.276604,22.728399,282
粤B4KK15,114.276604,22.728399,283
粤B4KK15,114.276604,22.728399,283
粤B4KK15,114.276604,22.728399,284
粤B4KK15,114.276604,22.728399,284
粤B4KK15,114.276604,22.728399,285
粤B4KK15,114.276604,22.728399,285
粤B4KK15,114.276604,22.728399,286
粤B4KK15,114.276604,22.728399,286
粤B4KK15,114.276604,22.728399,287
粤B4KK15,114.276604,22.728399,287
粤B4KK15,114.276604,22.728399,288
粤B4KK15,114.276604,22.728399,288
粤B4KK15,114.276604,22.728399,289
粤B4KK15,114.276604,22.728399,289
粤B4KK15,114.276604,22.728399,290
粤B4KK15,114.276604,22.728399,290
粤B4KK15,114.276604,22.728399,291
粤B4KK15,114.276604,22.728399,291
粤B4KK15,114.276604,22.728399,292
粤B4KK15,114.276604,22.728399,292
粤B4KK15,114.276604,22.728399,293
粤B4KK15,114.276604,22.728399,293
粤B4KK15,114.276604,22.728399,294
粤B4KK15,114.276604,22.728399,294
粤B4KK15,114.276604,22.728399,295
粤B4KK15,114.276604,22.728399,295
粤B4KK15,114.276604,22.728399,296
粤B4KK15,114.276604,22.728399,296
粤B4KK15,114.276604,22.728399,297
粤B4KK15,114.276604,22.728399,297
粤B4KK15,114.276604,22.728399,298
粤B4KK15,114.276604,22.728399,298
粤B4KK15,114.276604,22.728399,299
粤B4KK15,114.276604,22.728399,299
粤B4KK15,114.276604,22.728399,300
粤B4KK15,114.276604,22.728399,300
粤B4KK15,114.276604,22.728399,301
粤B4KK15,114.276604,22.728399,301
粤B4KK15,114.276604,22.728399,302
粤B4KK15,114.276604,22.728399,302
粤B4KK15,114.276604,22.728399,303
粤B4KK15,114.276604,22.728399,303
粤B4KK15,114.276604,22.728399,304
粤B4KK15,114.276604,22.728399,305
粤B4KK15,114.276604,22.728399,305
粤B4KK15,114.276604,22.728399,306
粤B4KK15,114.276604,22.728399,306
粤B4KK15,114.276604,22.728399,307
粤B4KK15,114.276604,22.728399,307
粤B4KK15,114.276604,22.728399,308
粤B4KK15,114.276604,22.728399,308
粤B4KK15,114.276604,22.728399,309
粤B4KK15,114.276604,22.728399,309
粤B4KK15,114.276604,22.728399,310
粤B4KK15,114.276604,22.728399,310
粤B4KK15,114.276604,22.728399,311
粤B4KK15,114.276604,22.728399,311
粤B4KK15,114.276604,22.728399,312
粤B4KK15,114.276604,22.728399,312
粤B4KK15,114.276604,22.728399,313
粤B4KK15,114.276604,22.728399,313
粤B4KK15,114.276604,22.728399,314
粤B4KK15,114.276604,22.728399,314
粤B4KK15,114.276604,22.728399,315
粤B4KK15,114.276604,22.728399,315
粤B4KK15,114.276604,22.728399,316
粤B4KK15,114.276604,22.728399,316
粤B4KK15,114.276604,22.728399,317
粤B4KK15,114.276604,22.728399,317
粤B4KK15,114.276604,22.728399,318
粤B4KK15,114.276604,22.728399,318
粤B4KK15,114.276604,22.728399,319
粤B4KK15,114.276604,22.728399,320
粤B4KK15,114.276604,22.728399,320
粤B4KK15,114.276604,22.728399,321
粤B4KK15,114.276604,22.728399,321
粤B4KK15,114.276604,22.728399,322
粤B4KK15,114.276604,22.728399,322
粤B4KK15,114.276604,22.728399,323
粤B4KK15,114.276604,22.728399,323
粤B4KK15,114.276604,22.728399,324
粤B4KK15,114.276604,22.728399,325
粤B4KK15,114.276604,22.728399,326
粤B4KK15,114.276604,22.728399,326
粤B4KK15,114.276604,22.728399,327
粤B4KK15,114.276604,22.728399,327
粤B4KK15,114.276604,22.728399,328
粤B4KK15,114.276604,22.728399,328
粤B4KK15,114.276604,22.728399,329
粤B4KK15,114.276604,22.728399,329
粤B4KK15,114.276604,22.728399,330
粤B4KK15,114.276604,22.728399,331
粤B4KK15,114.276604,22.728399,331
粤B4KK15,114.276604,22.728399,332
粤B4KK15,114.276604,22.728399,332
粤B4KK15,114.276604,22.728399,333
粤B4KK15,114.276604,22.728399,333
粤B4KK15,114.276604,22.728399,334
粤B4KK15,114.276604,22.728399,335
粤B4KK15,114.276604,22.728399,335
粤B4KK15,114.276604,22.728399,336
粤B4KK15,114.276604,22.728399,336
粤B4KK15,114.276604,22.728399,337
粤B4KK15,114.276604,22.728399,337
粤B4KK15,114.276604,22.728399,338
粤B4KK15,114.276604,22.728399,338
粤B4KK15,114.276604,22.728399,339
粤B4KK15,114.276604,22.728399,339
粤B4KK15,114.276604,22.728399,340
粤B4KK15,114.276604,22.728399,340
粤B4KK15,114.276604,22.728399,341
粤B4KK15,114.276604,22.728399,342
粤B4KK15,114.276604,22.728399,342
粤B4KK15,114.276604,22.728399,343
粤B4KK15,114.276604,22.728399,344
粤B4KK15,114.276604,22.728399,345
粤B4KK15,114.276604,22.728399,345
粤B4KK15,114.276604,22.728399,346
粤B4KK15,114.276604,22.728399,346
粤B4KK15,114.276604,22.728399,347
粤B4KK15,114.276604,22.728399,347
粤B4KK15,114.276604,22.728399,348
粤B4KK15,114.276604,22.728399,348
粤B4KK15,114.276604,22.728399,349
粤B4KK15,114.276604,22.728399,349
粤B4KK15,114.276604,22.728399,350
粤B4KK15,114.276604,22.728399,350
粤B4KK15,114.276604,22.728399,351
粤B4KK15,114.276604,22.728399,351
粤B4KK15,114.276604,22.728399,352
粤B4KK15,114.276604,22.728399,352
粤B4KK15,114.276604,22.728399,353
粤B4KK15,114.276604,22.728399,353
粤B4KK15,114.276604,22.728399,354
粤B4KK15,114.276604,22.728399,354
粤B4KK15,114.276604,22.728399,355
粤B4KK15,114.276604,22.728399,355
粤B4KK15,114.276604,22.728399,356
粤B4KK15,114.276604,22.728399,356
粤B4KK15,114.276604,22.728399,357
粤B4KK15,114.276604,22.728399,357
粤B4KK15,114.276604,22.728399,358
粤B4KK15,114.276604,22.728399,359
粤B4KK15,114.276604,22.728399,359
粤B4KK15,114.276604,22.728399,360
粤B4KK15,114.276604,22.728399,360
粤B4KK15,114.276604,22.728399,361
粤B4KK15,114.276299,22.7283,361
粤B4KK15,114.276299,22.7283,362
粤B4KK15,114.276299,22.7283,362
粤B4KK15,114.276299,22.7283,363
粤B4KK15,114.276299,22.7283,364
粤B4KK15,114.276299,22.7283,364
粤B4KK15,114.276398,22.728201,365
粤B4KK15,114.276299,22.7283,365
粤B4KK15,114.276398,22.728201,366
粤B4KK15,114.276398,22.728201,366
粤B4KK15,114.276398,22.728201,367
粤B4KK15,114.276398,22.728201,367
粤B4KK15,114.276398,22.728201,368
粤B4KK15,114.276398,22.728201,368
粤B4KK15,114.276398,22.728201,369
粤B4KK15,114.276398,22.728201,369
粤B4KK15,114.276398,22.728201,370
粤B4KK15,114.276398,22.728201,370
粤B4KK15,114.276398,22.728201,371
粤B4KK15,114.276398,22.728201,371
粤B4KK15,114.276398,22.728201,372
粤B4KK15,114.276398,22.728201,372
粤B4KK15,114.276398,22.728201,373
粤B4KK15,114.276398,22.728201,373
粤B4KK15,114.276398,22.728201,374
粤B4KK15,114.276398,22.728201,374
粤B4KK15,114.276398,22.728201,375
粤B4KK15,114.276398,22.728201,375
粤B4KK15,114.276398,22.728201,376
粤B4KK15,114.276398,22.728201,376
粤B4KK15,114.276398,22.728201,377
粤B4KK15,114.276398,22.728201,377
粤B4KK15,114.276398,22.728201,378
粤B4KK15,114.276398,22.728201,378
粤B4KK15,114.276398,22.728201,379
粤B4KK15,114.276398,22.728201,380
粤B4KK15,114.276398,22.728201,380
粤B4KK15,114.276398,22.728201,381
粤B4KK15,114.276398,22.728201,381
粤B4KK15,114.276398,22.728201,382
粤B4KK15,114.276398,22.728201,382
粤B4KK15,114.276703,22.7283,383
粤B4KK15,114.276703,22.7283,383
粤B4KK15,114.276703,22.7283,384
粤B4KK15,114.276703,22.7283,385
粤B4KK15,114.276703,22.7283,385
粤B4KK15,114.276703,22.7283,386
粤B4KK15,114.276703,22.7283,386
粤B4KK15,114.276604,22.7283,387
粤B4KK15,114.276703,22.7283,387
粤B4KK15,114.276299,22.728201,388
粤B4KK15,114.276299,22.728201,388
粤B4KK15,114.276299,22.728201,389
粤B4KK15,114.276299,22.728201,389
粤B4KK15,114.276802,22.7283,390
粤B4KK15,114.276802,22.7283,390
粤B4KK15,114.276802,22.7283,391
粤B4KK15,114.276802,22.7283,391
粤B4KK15,114.276802,22.7283,392
粤B4KK15,114.276802,22.7283,393
粤B4KK15,114.276802,22.7283,393
粤B4KK15,114.276497,22.7283,394
粤B4KK15,114.276497,22.7283,395
粤B4KK15,114.276497,22.7283,395
粤B4KK15,114.276703,22.7283,396
粤B4KK15,114.276703,22.7283,397
粤B4KK15,114.276703,22.7283,397
粤B4KK15,114.276703,22.7283,398
粤B4KK15,114.276703,22.7283,398
粤B4KK15,114.276703,22.7283,399
粤B4KK15,114.276703,22.7283,399
粤B4KK15,114.276703,22.7283,400
粤B4KK15,114.276703,22.7283,400
粤B4KK15,114.276703,22.7283,401
粤B4KK15,114.276703,22.7283,402
粤B4KK15,114.276703,22.7283,403
粤B4KK15,114.276703,22.7283,403
粤B4KK15,114.276703,22.7283,404
粤B4KK15,114.276703,22.7283,404
粤B4KK15,114.276703,22.7283,405
粤B4KK15,114.276703,22.7283,405
粤B4KK15,114.276703,22.7283,406
粤B4KK15,114.276703,22.7283,406
粤B4KK15,114.276703,22.7283,407
粤B4KK15,114.276703,22.7283,408
粤B4KK15,114.276703,22.7283,408
粤B4KK15,114.276703,22.7283,409
粤B4KK15,114.276703,22.7283,409
粤B4KK15,114.276703,22.7283,410
粤B4KK15,114.276703,22.7283,410
粤B4KK15,114.276703,22.7283,411
粤B4KK15,114.276703,22.7283,411
粤B4KK15,114.276703,22.7283,412
粤B4KK15,114.276703,22.7283,412
粤B4KK15,114.276703,22.7283,413
粤B4KK15,114.276703,22.7283,413
粤B4KK15,114.276703,22.7283,414
粤B4KK15,114.276703,22.7283,415
粤B4KK15,114.276703,22.7283,416
粤B4KK15,114.276703,22.7283,417
粤B4KK15,114.276703,22.7283,417
粤B4KK15,114.276703,22.7283,418
粤B4KK15,114.276703,22.7283,418
粤B4KK15,114.276703,22.7283,419
粤B4KK15,114.276703,22.7283,420
粤B4KK15,114.276703,22.7283,420
粤B4KK15,114.276703,22.7283,421
粤B4KK15,114.276703,22.7283,421
粤B4KK15,114.276703,22.7283,422
粤B4KK15,114.276703,22.7283,423
粤B4KK15,114.276703,22.7283,423
粤B4KK15,114.276703,22.7283,424
粤B4KK15,114.276703,22.7283,424
粤B4KK15,114.276703,22.7283,425
粤B4KK15,114.276703,22.7283,426
粤B4KK15,114.276703,22.7283,426
粤B4KK15,114.276703,22.7283,427
粤B4KK15,114.276703,22.7283,427
粤B4KK15,114.276703,22.7283,428
粤B4KK15,114.276703,22.7283,428
粤B4KK15,114.276703,22.7283,429
粤B4KK15,114.276703,22.7283,430
粤B4KK15,114.276703,22.7283,430
粤B4KK15,114.276703,22.7283,431
粤B4KK15,114.276703,22.7283,431
粤B4KK15,114.276703,22.7283,432
粤B4KK15,114.276703,22.7283,432
粤B4KK15,114.276802,22.7286,433
粤B4KK15,114.276802,22.7286,433
粤B4KK15,114.276802,22.7286,434
粤B4KK15,114.276802,22.7286,434
粤B4KK15,114.276802,22.7286,435
粤B4KK15,114.276802,22.7286,435
粤B4KK15,114.276802,22.7286,436
粤B4KK15,114.276802,22.7286,436
粤B4KK15,114.276604,22.728399,437
粤B4KK15,114.276604,22.728399,437
粤B4KK15,114.276604,22.7283,438
粤B4KK15,114.276497,22.728201,438
粤B4KK15,114.276604,22.7285,439
粤B4KK15,114.276497,22.728399,440
粤B4KK15,114.276398,22.728201,440
粤B4KK15,114.276299,22.7281,441
粤B4KK15,114.276299,22.7281,442
粤B4KK15,114.276497,22.7283,442
粤B4KK15,114.276497,22.7283,443
粤B4KK15,114.276497,22.7283,444
粤B4KK15,114.276497,22.7283,444
粤B4KK15,114.276497,22.7283,445
粤B4KK15,114.276497,22.7283,446
粤B4KK15,114.276497,22.7283,446
粤B4KK15,114.276497,22.7283,447
粤B4KK15,114.276497,22.7283,447
粤B4KK15,114.276497,22.7283,448
粤B4KK15,114.276497,22.7283,449
粤B4KK15,114.276497,22.7283,449
粤B4KK15,114.276497,22.7283,450
粤B4KK15,114.276497,22.7283,450
粤B4KK15,114.276497,22.7283,451
粤B4KK15,114.276497,22.7283,451
粤B4KK15,114.276497,22.7283,452
粤B4KK15,114.276497,22.7283,453
粤B4KK15,114.276497,22.7281,453
粤B4KK15,114.276497,22.7281,454
粤B4KK15,114.276497,22.7281,455
粤B4KK15,114.276497,22.7281,455
粤B4KK15,114.276497,22.7281,456
粤B4KK15,114.276497,22.7281,457
粤B4KK15,114.276497,22.7281,457
粤B4KK15,114.276497,22.7281,458
粤B4KK15,114.276497,22.7281,458
粤B4KK15,114.276497,22.7281,459
粤B4KK15,114.276497,22.7281,459
粤B4KK15,114.276497,22.7281,460
粤B4KK15,114.276497,22.7281,460
粤B4KK15,114.276497,22.7281,461
粤B4KK15,114.276497,22.7281,462
粤B4KK15,114.276497,22.7281,462
粤B4KK15,114.276802,22.7285,463
粤B4KK15,114.276497,22.7281,463
粤B4KK15,114.277802,22.728001,464
粤B4KK15,114.277397,22.7283,464
粤B4KK15,114.277802,22.7257,465
粤B4KK15,114.278999,22.724199,465
粤B4KK15,114.282501,22.722601,466
粤B4KK15,114.280899,22.723301,466
粤B4KK15,114.283997,22.721901,467
粤B4KK15,114.285301,22.721399,467
粤B4KK15,114.2854,22.7213,468
粤B4KK15,114.287399,22.720501,468
粤B4KK15,114.287598,22.7204,469
粤B4KK15,114.287598,22.7204,469
粤B4KK15,114.288803,22.721399,470
粤B4KK15,114.290199,22.723801,470
粤B4KK15,114.290298,22.7241,471
粤B4KK15,114.2911,22.724199,471
粤B4KK15,114.290604,22.723101,472
粤B4KK15,114.288399,22.7201,474
粤B4KK15,114.287498,22.720501,474
粤B4KK15,114.286102,22.7211,475
粤B4KK15,114.2855,22.7215,475
粤B4KK15,114.285896,22.725201,476
粤B4KK15,114.285797,22.7232,476
粤B4KK15,114.288399,22.725599,477
粤B4KK15,114.287102,22.7262,477
粤B4KK15,114.289902,22.724899,478
粤B4KK15,114.289101,22.7253,478
粤B4KK15,114.289902,22.724899,479
粤B4KK15,114.289902,22.724899,479
粤B4KK15,114.289902,22.724899,480
粤B4KK15,114.291702,22.7264,481
粤B4KK15,114.2929,22.7281,481
粤B4KK15,114.289299,22.730801,482
粤B4KK15,114.291199,22.729401,482
粤B4KK15,114.286797,22.7306,483
粤B4KK15,114.281799,22.728201,486
粤B4KK15,114.276497,22.732901,487
粤B4KK15,114.2789,22.7297,487
粤B4KK15,114.277,22.736601,488
粤B4KK15,114.277298,22.738701,488
粤B4KK15,114.277603,22.7416,489
粤B4KK15,114.277603,22.741301,489
粤B4KK15,114.276901,22.738199,490
粤B4KK15,114.277298,22.7404,490
粤B4KK15,114.276604,22.7362,491
粤B4KK15,114.276199,22.734301,491
粤B4KK15,114.274803,22.7335,492
粤B4KK15,114.2686,22.732599,493
粤B4KK15,114.271004,22.732901,493
粤B4KK15,114.268097,22.732401,494
粤B4KK15,114.266403,22.732201,494
粤B4KK15,114.266296,22.732201,495
粤B4KK15,114.265701,22.732401,495
粤B4KK15,114.262199,22.733601,496
粤B4KK15,114.263199,22.733299,496
粤B4KK15,114.257103,22.7355,497
粤B4KK15,114.259903,22.7344,497
粤B4KK15,114.256897,22.7356,498
粤B4KK15,114.256897,22.7356,498
粤B4KK15,114.256302,22.7348,499
粤B4KK15,114.255501,22.7337,499
粤B4KK15,114.252502,22.7307,500
粤B4KK15,114.253601,22.732201,500
粤B4KK15,114.249702,22.7283,501
粤B4KK15,114.250801,22.7292,501
粤B4KK15,114.248398,22.726999,502
粤B4KK15,114.247704,22.7279,502
粤B4KK15,114.247704,22.7279,503
粤B4KK15,114.247597,22.729401,503
粤B4KK15,114.248901,22.734699,504
粤B4KK15,114.247498,22.7325,504
粤B4KK15,114.248497,22.734501,504
粤B4KK15,114.253403,22.736099,505
粤B4KK15,114.253601,22.736099,506
粤B4KK15,114.2537,22.736099,506
粤B4KK15,114.2537,22.736099,507
粤B4KK15,114.2537,22.736099,507
粤B4KK15,114.254799,22.7363,508
粤B4KK15,114.255302,22.7362,508
粤B4KK15,114.255302,22.7362,509
粤B4KK15,114.255302,22.7362,509
粤B4KK15,114.255302,22.7362,510
粤B4KK15,114.258301,22.729799,511
粤B4KK15,114.256599,22.7325,511
粤B4KK15,114.258301,22.729799,512
粤B4KK15,114.258301,22.729799,512
粤B4KK15,114.260101,22.727501,513
粤B4KK15,114.2584,22.7297,513
粤B4KK15,114.2612,22.726,514
粤B4KK15,114.2612,22.726,514
粤B4KK15,114.261497,22.7255,515
粤B4KK15,114.2612,22.726,515
粤B4KK15,114.263901,22.7264,516
粤B4KK15,114.266701,22.723301,517
粤B4KK15,114.265701,22.725201,517
粤B4KK15,114.267799,22.7234,518
粤B4KK15,114.2677,22.723301,518
粤B4KK15,114.266197,22.7229,519
粤B4KK15,114.264,22.7222,519
粤B4KK15,114.263496,22.722099,520
粤B4KK15,114.263496,22.722099,520
粤B4KK15,114.263496,22.722099,521
粤B4KK15,114.263,22.721901,521
粤B4KK15,114.2584,22.720501,522
粤B4KK15,114.260803,22.721201,522
粤B4KK15,114.254601,22.719299,523
粤B4KK15,114.256104,22.719801,523
粤B4KK15,114.256104,22.719801,523
粤B4KK15,114.252403,22.7188,524
粤B4KK15,114.251701,22.719801,525
粤B4KK15,114.251701,22.719801,525
粤B4KK15,114.250504,22.719999,526
粤B4KK15,114.247704,22.7216,527
粤B4KK15,114.247704,22.7216,527
粤B4KK15,114.247704,22.723801,528
粤B4KK15,114.247704,22.7216,528
粤B4KK15,114.247704,22.7243,529
粤B4KK15,114.247704,22.7243,530
粤B4KK15,114.247704,22.7243,530
粤B4KK15,114.247704,22.7255,531
粤B4KK15,114.247597,22.7278,531
粤B4KK15,114.247597,22.7278,532
粤B4KK15,114.247597,22.728201,532
粤B4KK15,114.245598,22.7285,533
粤B4KK15,114.240196,22.7285,534
粤B4KK15,114.243301,22.7285,534
粤B4KK15,114.235001,22.728399,535
粤B4KK15,114.236397,22.728399,535
粤B4KK15,114.234001,22.728399,536
粤B4KK15,114.233398,22.728399,537
粤B4KK15,114.223999,22.729799,543
粤B4KK15,114.224197,22.7225,546
粤B4KK15,114.224403,22.7222,547
粤B4KK15,114.224197,22.7225,547
粤B4KK15,114.228302,22.7222,548
粤B4KK15,114.227402,22.7222,548
粤B4KK15,114.232498,22.7222,549
粤B4KK15,114.233498,22.719801,549
粤B4KK15,114.233498,22.719299,550
粤B4KK15,114.233597,22.716801,550
粤B4KK15,114.2342,22.7155,551
粤B4KK15,114.233803,22.716299,551
粤B4KK15,114.234398,22.7153,552
粤B4KK15,114.238701,22.7152,553
粤B4KK15,114.240402,22.7134,553
粤B4KK15,114.239899,22.7129,553
粤B4KK15,114.239601,22.7127,554
粤B4KK15,114.239899,22.7129,554
粤B4KK15,114.239601,22.7127,555
粤B4KK15,114.239601,22.7127,555
粤B4KK15,114.237801,22.7124,555
粤B4KK15,114.235802,22.714199,556
粤B4KK15,114.235603,22.714399,556
粤B4KK15,114.2342,22.715799,557
粤B4KK15,114.233704,22.7192,557
粤B4KK15,114.232002,22.722401,558
粤B4KK15,114.233597,22.7215,558
粤B4KK15,114.231903,22.7236,559
粤B4KK15,114.231499,22.724199,559
粤B4KK15,114.231499,22.724199,559
粤B4KK15,114.231598,22.724899,560
粤B4KK15,114.232002,22.7251,561
粤B4KK15,114.233002,22.7251,561
粤B4KK15,114.2314,22.722401,562
粤B4KK15,114.233398,22.723101,562
粤B4KK15,114.2276,22.7227,563
粤B4KK15,114.228104,22.722401,563
粤B4KK15,114.227501,22.7232,564
粤B4KK15,114.228996,22.7222,565
粤B4KK15,114.233498,22.720699,566
粤B4KK15,114.232803,22.7223,566
粤B4KK15,114.233498,22.7199,567
粤B4KK15,114.233597,22.7185,567
粤B4KK15,114.233704,22.7167,568
粤B4KK15,114.233803,22.7162,568
粤B4KK15,114.234299,22.715401,569
粤B4KK15,114.235199,22.7145,569
粤B4KK15,114.236801,22.712999,570
粤B4KK15,114.236702,22.7131,570
粤B4KK15,114.236801,22.712999,571
粤B4KK15,114.236801,22.712999,571
粤B4KK15,114.237,22.7129,572
粤B4KK15,114.236801,22.712999,572
粤B4KK15,114.237503,22.712299,573
粤B4KK15,114.237503,22.712299,573
粤B4KK15,114.237701,22.7124,574
粤B4KK15,114.237701,22.7124,574
粤B4KK15,114.237801,22.7122,574
粤B4KK15,114.237701,22.7124,574
粤B4KK15,114.236702,22.7134,575
粤B4KK15,114.235397,22.7145,575
粤B4KK15,114.235397,22.7145,576
粤B4KK15,114.2342,22.714399,577
粤B4KK15,114.235397,22.7145,577
粤B4KK15,114.229797,22.7103,578
粤B4KK15,114.2323,22.712601,578
粤B4KK15,114.227501,22.7082,579
粤B4KK15,114.225899,22.706699,579
粤B4KK15,114.224503,22.7055,580
粤B4KK15,114.222298,22.704201,580
粤B4KK15,114.221298,22.704901,581
粤B4KK15,114.2201,22.7061,581
粤B4KK15,114.222198,22.704201,582
粤B4KK15,114.222397,22.7041,583
粤B4KK15,114.222397,22.7041,583
粤B4KK15,114.222397,22.7041,584
粤B4KK15,114.226097,22.7066,585
粤B4KK15,114.225197,22.705799,585
粤B4KK15,114.228798,22.709,586
粤B4KK15,114.228798,22.709,586
粤B4KK15,114.228897,22.709101,587
粤B4KK15,114.231796,22.7117,587
粤B4KK15,114.235901,22.7138,588
粤B4KK15,114.234001,22.7136,588
粤B4KK15,114.237503,22.712299,589
粤B4KK15,114.237396,22.7108,589
粤B4KK15,114.233398,22.7069,590
粤B4KK15,114.235497,22.709,590
粤B4KK15,114.229897,22.7085,591
粤B4KK15,114.232002,22.706699,591
粤B4KK15,114.229103,22.7092,592
粤B4KK15,114.229103,22.7092,592
粤B4KK15,114.227501,22.7104,593
粤B4KK15,114.229103,22.7092,593
粤B4KK15,114.225899,22.713301,594
粤B4KK15,114.225304,22.712,594
粤B4KK15,114.224998,22.7125,595
粤B4KK15,114.228203,22.709801,596
粤B4KK15,114.2286,22.7094,596
粤B4KK15,114.2286,22.7094,597
粤B4KK15,114.2286,22.7094,597
粤B4KK15,114.228699,22.7094,598
粤B4KK15,114.2286,22.7094,598
粤B4KK15,114.2313,22.707001,599
粤B4KK15,114.232002,22.704599,599
粤B4KK15,114.230202,22.7017,600
粤B4KK15,114.229698,22.701,600
粤B4KK15,114.225403,22.7017,602
粤B4KK15,114.225403,22.7017,603
粤B4KK15,114.225403,22.7017,603
粤B4KK15,114.225197,22.7019,604
粤B4KK15,114.226402,22.7008,604
粤B4KK15,114.227203,22.696899,605
粤B4KK15,114.2285,22.6992,605
粤B4KK15,114.227501,22.6968,606
粤B4KK15,114.228798,22.698799,606
粤B4KK15,114.229202,22.699301,607
粤B4KK15,114.229202,22.699301,607
粤B4KK15,114.230499,22.701599,607
粤B4KK15,114.232498,22.7052,608
粤B4KK15,114.232597,22.705099,608
粤B4KK15,114.230598,22.7022,609
粤B4KK15,114.229202,22.7001,609
粤B4KK15,114.227798,22.6998,610
粤B4KK15,114.225304,22.701799,610
粤B4KK15,114.224899,22.701799,611
粤B4KK15,114.224899,22.701799,611
粤B4KK15,114.224899,22.701799,612
粤B4KK15,114.224899,22.701799,612
粤B4KK15,114.224503,22.7012,613
粤B4KK15,114.224899,22.701799,613
粤B4KK15,114.223701,22.6999,614
粤B4KK15,114.224098,22.7006,614
粤B4KK15,114.2248,22.7017,615
粤B4KK15,114.228302,22.699301,616
粤B4KK15,114.227097,22.700199,616
粤B4KK15,114.230598,22.701799,617
粤B4KK15,114.232201,22.704599,618
粤B4KK15,114.232201,22.704901,618
粤B4KK15,114.229202,22.700199,619
粤B4KK15,114.230598,22.702299,619
粤B4KK15,114.227203,22.7003,620
粤B4KK15,114.224701,22.702299,620
粤B4KK15,114.223396,22.7041,621
粤B4KK15,114.225403,22.7061,621
粤B4KK15,114.228401,22.708799,622
粤B4KK15,114.227699,22.7082,622
粤B4KK15,114.228798,22.709101,623
粤B4KK15,114.228401,22.708799,623
粤B4KK15,114.233398,22.713301,624
粤B4KK15,114.230904,22.7111,624
粤B4KK15,114.233101,22.712999,624
粤B4KK15,114.234703,22.7146,625
粤B4KK15,114.233704,22.7216,626
粤B4KK15,114.233704,22.7192,626
粤B4KK15,114.233597,22.723101,627
粤B4KK15,114.233704,22.7216,627
粤B4KK15,114.233498,22.728001,628
粤B4KK15,114.233498,22.728001,629
粤B4KK15,114.233101,22.728399,630
粤B4KK15,114.2323,22.728399,630
粤B4KK15,114.2313,22.73,631
粤B4KK15,114.2313,22.73,632
粤B4KK15,114.2313,22.73,632
粤B4KK15,114.2313,22.73,633
粤B4KK15,114.2313,22.73,633
粤B4KK15,114.2313,22.73,634
粤B4KK15,114.2313,22.73,634
粤B4KK15,114.2313,22.73,635
粤B4KK15,114.2313,22.73,635
粤B4KK15,114.2313,22.73,636
粤B4KK15,114.2313,22.73,636
粤B4KK15,114.2313,22.73,637
粤B4KK15,114.2313,22.73,638
粤B4KK15,114.231499,22.7293,638
粤B4KK15,114.231499,22.7288,639
粤B4KK15,114.232399,22.7285,640
粤B4KK15,114.232803,22.728399,640
粤B4KK15,114.232803,22.728399,641
粤B4KK15,114.233398,22.7279,642
粤B4KK15,114.233398,22.724701,642
粤B4KK15,114.233498,22.722799,643
粤B4KK15,114.234497,22.7223,643
粤B4KK15,114.235901,22.7222,643
粤B4KK15,114.235901,22.7222,644
粤B4KK15,114.235901,22.7222,644
粤B4KK15,114.2397,22.724001,645
粤B4KK15,114.237602,22.7223,645
粤B4KK15,114.240501,22.7248,646
粤B4KK15,114.240501,22.7248,646
粤B4KK15,114.240601,22.725,647
粤B4KK15,114.239601,22.725901,647
粤B4KK15,114.238998,22.728001,648
粤B4KK15,114.238998,22.7281,648
粤B4KK15,114.2379,22.7285,649
粤B4KK15,114.2379,22.7285,649
粤B4KK15,114.233902,22.728201,650
粤B4KK15,114.236099,22.728399,650
粤B4KK15,114.233902,22.728201,651
粤B4KK15,114.233902,22.728201,651
粤B4KK15,114.233902,22.728201,652
粤B4KK15,114.232201,22.7283,652
粤B4KK15,114.2313,22.7299,653
粤B4KK15,114.231102,22.73,653
粤B4KK15,114.231102,22.73,654
粤B4KK15,114.231102,22.73,654
粤B4KK15,114.231102,22.73,655
粤B4KK15,114.231102,22.73,655
粤B4KK15,114.2314,22.729799,656
粤B4KK15,114.231102,22.73,656
粤B4KK15,114.231499,22.7292,657
粤B4KK15,114.231499,22.7292,657
粤B4KK15,114.2314,22.7288,658
粤B4KK15,114.2314,22.7288,658
粤B4KK15,114.232101,22.728399,659
粤B4KK15,114.231499,22.7285,659
粤B4KK15,114.233398,22.723499,660
粤B4KK15,114.233398,22.727301,660
粤B4KK15,114.233398,22.7229,661
粤B4KK15,114.233398,22.7229,661
粤B4KK15,114.233398,22.7229,662
粤B4KK15,114.233597,22.7183,663
粤B4KK15,114.234596,22.7152,664
粤B4KK15,114.234596,22.7152,664
粤B4KK15,114.234596,22.7152,665
粤B4KK15,114.239601,22.714001,666
粤B4KK15,114.238998,22.7146,666
粤B4KK15,114.237396,22.716,666
粤B4KK15,114.2397,22.7127,667
粤B4KK15,114.2397,22.7139,667
粤B4KK15,114.237,22.7129,668
粤B4KK15,114.238098,22.711901,668
粤B4KK15,114.235298,22.714701,669
粤B4KK15,114.237,22.716499,670
粤B4KK15,114.239403,22.718599,671
粤B4KK15,114.239403,22.718599,671
粤B4KK15,114.2425,22.7216,672
粤B4KK15,114.240997,22.7201,672
粤B4KK15,114.241898,22.7213,673
粤B4KK15,114.239998,22.719601,673
粤B4KK15,114.2379,22.721701,674
粤B4KK15,114.238297,22.720301,674
粤B4KK15,114.2379,22.7218,675
粤B4KK15,114.238503,22.7197,676
粤B4KK15,114.239098,22.7187,676
粤B4KK15,114.237198,22.716999,677
粤B4KK15,114.237198,22.716999,677
粤B4KK15,114.235703,22.7155,678
粤B4KK15,114.235199,22.715099,678
粤B4KK15,114.235298,22.7145,679
粤B4KK15,114.2379,22.711901,679
粤B4KK15,114.236397,22.7097,680
粤B4KK15,114.233299,22.706499,680
粤B4KK15,114.2332,22.7064,681
粤B4KK15,114.2332,22.7064,681
粤B4KK15,114.2332,22.7064,682
粤B4KK15,114.231903,22.704399,682
粤B4KK15,114.228203,22.6985,683
粤B4KK15,114.223701,22.691299,684
粤B4KK15,114.226196,22.695299,684
粤B4KK15,114.222198,22.6824,685
粤B4KK15,114.222,22.681999,686
粤B4KK15,114.222,22.681601,686
粤B4KK15,114.221901,22.681299,687
粤B4KK15,114.217697,22.6735,688
粤B4KK15,114.219803,22.6768,688
粤B4KK15,114.216499,22.671499,689
粤B4KK15,114.2146,22.665501,690
粤B4KK15,114.213501,22.6628,690
粤B4KK15,114.210602,22.6586,691
粤B4KK15,114.210098,22.6581,692
粤B4KK15,114.210098,22.6581,692
粤B4KK15,114.210098,22.6581,693
粤B4KK15,114.210098,22.6581,693
粤B4KK15,114.208603,22.656601,694
粤B4KK15,114.206398,22.653999,694
粤B4KK15,114.203003,22.6506,695
粤B4KK15,114.205299,22.6527,695
粤B4KK15,114.200203,22.648399,696
粤B4KK15,114.196503,22.645599,696
粤B4KK15,114.190399,22.6439,697
粤B4KK15,114.194702,22.644899,697
粤B4KK15,114.183098,22.640301,698
粤B4KK15,114.186203,22.641899,698
粤B4KK15,114.183098,22.640301,699
粤B4KK15,114.183098,22.640301,699
粤B4KK15,114.177902,22.637699,700
粤B4KK15,114.173302,22.636801,701
粤B4KK15,114.168297,22.636,701
粤B4KK15,114.159401,22.632,702
粤B4KK15,114.163498,22.634501,702
粤B4KK15,114.154198,22.6259,703
粤B4KK15,114.156303,22.628599,703
粤B4KK15,114.152199,22.628599,704
粤B4KK15,114.151604,22.6318,704
粤B4KK15,114.150398,22.6406,705
粤B4KK15,114.150902,22.636499,705
粤B4KK15,114.147003,22.6457,706
粤B4KK15,114.145699,22.648199,707
粤B4KK15,114.151901,22.651899,708
粤B4KK15,114.151901,22.651899,708
粤B4KK15,114.152,22.652201,709
粤B4KK15,114.150703,22.6521,709
粤B4KK15,114.151398,22.6521,710
粤B4KK15,114.150703,22.6521,710
粤B4KK15,114.151901,22.652201,711
粤B4KK15,114.151901,22.6521,711
粤B4KK15,114.148697,22.6502,712
粤B4KK15,114.151703,22.6516,712
粤B4KK15,114.145699,22.648399,713
粤B4KK15,114.146004,22.6486,713
粤B4KK15,114.144798,22.6478,714
粤B4KK15,114.1464,22.646,714
粤B4KK15,114.148598,22.643801,715
粤B4KK15,114.150398,22.639601,715
粤B4KK15,114.1511,22.6346,716
粤B4KK15,114.151497,22.6304,716
粤B4KK15,114.151901,22.6278,717
粤B4KK15,114.152496,22.6257,717
粤B4KK15,114.152901,22.624399,718
粤B4KK15,114.152603,22.6252,718
粤B4KK15,114.152901,22.624399,719
粤B4KK15,114.152901,22.624399,719
粤B4KK15,114.152901,22.624399,720
粤B4KK15,114.152901,22.624399,720
粤B4KK15,114.153702,22.6243,721
粤B4KK15,114.155403,22.6262,721
粤B4KK15,114.156601,22.628099,722
粤B4KK15,114.158401,22.6306,722
粤B4KK15,114.161102,22.632799,723
粤B4KK15,114.165398,22.6348,723
粤B4KK15,114.172096,22.636299,724
粤B4KK15,114.170197,22.636101,724
粤B4KK15,114.1754,22.636999,725
粤B4KK15,114.178596,22.637699,725
粤B4KK15,114.181999,22.6394,726
粤B4KK15,114.1819,22.639299,726
粤B4KK15,114.186897,22.641899,727
粤B4KK15,114.183701,22.640301,727
粤B4KK15,114.191399,22.643801,728
粤B4KK15,114.190102,22.6436,728
粤B4KK15,114.191399,22.643801,729
粤B4KK15,114.191399,22.643801,729
粤B4KK15,114.191399,22.643801,730
粤B4KK15,114.192703,22.644199,731
粤B4KK15,114.192703,22.644199,731
粤B4KK15,114.192703,22.644199,732
粤B4KK15,114.192703,22.644199,732
粤B4KK15,114.203697,22.650801,733
粤B4KK15,114.204102,22.6511,733
粤B4KK15,114.200996,22.6485,733
粤B4KK15,114.200996,22.6485,733
粤B4KK15,114.200996,22.6485,733
粤B4KK15,114.204697,22.651699,734
粤B4KK15,114.204697,22.651699,734
粤B4KK15,114.204697,22.651699,735
粤B4KK15,114.204697,22.651699,735
粤B4KK15,114.204697,22.651699,736
粤B4KK15,114.205399,22.651501,736
粤B4KK15,114.2061,22.650999,737
粤B4KK15,114.207298,22.650299,738
粤B4KK15,114.208504,22.6495,738
粤B4KK15,114.208702,22.6493,739
粤B4KK15,114.208504,22.649401,739
粤B4KK15,114.2089,22.649099,741
粤B4KK15,114.2089,22.649099,741
粤B4KK15,114.209503,22.6499,742
粤B4KK15,114.2089,22.649099,742
粤B4KK15,114.209099,22.653099,743
粤B4KK15,114.209503,22.6565,743
粤B4KK15,114.211502,22.659,744
粤B4KK15,114.213699,22.6625,744
粤B4KK15,114.216301,22.670401,745
粤B4KK15,114.2155,22.666599,745
粤B4KK15,114.218201,22.673599,746
粤B4KK15,114.219498,22.675699,746
粤B4KK15,114.220901,22.677999,747
粤B4KK15,114.2211,22.678499,747
粤B4KK15,114.2211,22.678499,748
粤B4KK15,114.2211,22.678499,748
粤B4KK15,114.222298,22.6817,749
粤B4KK15,114.222801,22.684601,750
粤B4KK15,114.223198,22.687099,750
粤B4KK15,114.223999,22.691601,751
粤B4KK15,114.223396,22.688801,751
粤B4KK15,114.227402,22.6968,752
粤B4KK15,114.226196,22.695101,752
粤B4KK15,114.228699,22.6987,753
粤B4KK15,114.231796,22.703899,754
粤B4KK15,114.234001,22.7071,754
粤B4KK15,114.238701,22.711399,755
粤B4KK15,114.236603,22.7096,755
粤B4KK15,114.240898,22.7134,756
粤B4KK15,114.243599,22.715799,756
粤B4KK15,114.246803,22.7185,757
粤B4KK15,114.246498,22.7183,757
粤B4KK15,114.247803,22.719,758
粤B4KK15,114.246803,22.7185,758
粤B4KK15,114.250397,22.7197,759
粤B4KK15,114.252602,22.720501,759
粤B4KK15,114.258904,22.7237,760
粤B4KK15,114.256104,22.7223,760
粤B4KK15,114.258904,22.7237,761
粤B4KK15,114.259003,22.7237,761
粤B4KK15,114.263901,22.726601,762
粤B4KK15,114.261497,22.7251,762
粤B4KK15,114.263901,22.726601,763
粤B4KK15,114.264397,22.726801,763
粤B4KK15,114.269096,22.729601,764
粤B4KK15,114.266403,22.728001,764
粤B4KK15,114.269501,22.7299,765
粤B4KK15,114.269501,22.7299,765
粤B4KK15,114.2696,22.73,766
粤B4KK15,114.271896,22.731199,766
粤B4KK15,114.2752,22.732599,767
粤B4KK15,114.278099,22.7304,767
粤B4KK15,114.276802,22.7286,768
粤B4KK15,114.277702,22.729601,768
粤B4KK15,114.276299,22.728201,769
粤B4KK15,114.276398,22.7281,769
粤B4KK15,114.276398,22.7281,770
粤B4KK15,114.276398,22.7281,770
粤B4KK15,114.276398,22.7281,771
粤B4KK15,114.276398,22.7281,772
粤B4KK15,114.276398,22.7281,772
粤B4KK15,114.276398,22.7281,773
粤B4KK15,114.276398,22.7281,773
粤B4KK15,114.276398,22.7281,774
粤B4KK15,114.276398,22.7281,774
粤B4KK15,114.276398,22.7281,775
粤B4KK15,114.276398,22.7281,775
粤B4KK15,114.276398,22.7281,776
粤B4KK15,114.276398,22.7281,776
粤B4KK15,114.276398,22.7281,777
粤B4KK15,114.276398,22.7281,778
粤B4KK15,114.276398,22.7281,778
粤B4KK15,114.276398,22.7281,779
粤B4KK15,114.276398,22.7281,779
粤B4KK15,114.276398,22.7281,780
粤B4KK15,114.276398,22.7281,780
粤B4KK15,114.276398,22.7281,781
粤B4KK15,114.276398,22.7281,781
粤B4KK15,114.276398,22.7281,782
粤B4KK15,114.276398,22.7281,782
粤B4KK15,114.276398,22.7281,783
粤B4KK15,114.276398,22.7281,783
粤B4KK15,114.276398,22.7281,784
粤B4KK15,114.276398,22.7281,784
粤B4KK15,114.276398,22.7281,785
粤B4KK15,114.276398,22.7281,785
粤B4KK15,114.276398,22.7281,786
粤B4KK15,114.276398,22.7281,786
粤B4KK15,114.276398,22.7281,787
粤B4KK15,114.276398,22.7281,787
粤B4KK15,114.276398,22.7281,788
粤B4KK15,114.276398,22.7281,788
粤B4KK15,114.276398,22.7281,789
粤B4KK15,114.276398,22.7281,789
粤B4KK15,114.276398,22.7281,790
粤B4KK15,114.276398,22.7281,790
粤B4KK15,114.276398,22.7281,791
粤B4KK15,114.276398,22.7281,791
粤B4KK15,114.276398,22.7281,792
粤B4KK15,114.276398,22.7281,792
粤B4KK15,114.276398,22.7281,793
粤B4KK15,114.276398,22.7281,793
粤B4KK15,114.276398,22.7281,794
粤B4KK15,114.276398,22.7281,794
粤B4KK15,114.276398,22.7281,795
粤B4KK15,114.276398,22.7281,795
粤B4KK15,114.276398,22.7281,796
粤B4KK15,114.276398,22.7281,796
粤B4KK15,114.276398,22.7281,797
粤B4KK15,114.276398,22.7281,797
粤B4KK15,114.276398,22.7281,798
粤B4KK15,114.276398,22.7281,798
粤B4KK15,114.276398,22.7281,799
粤B4KK15,114.276398,22.7281,799
粤B4KK15,114.276398,22.7281,800
粤B4KK15,114.276398,22.7281,800
粤B4KK15,114.276398,22.7281,801
粤B4KK15,114.276398,22.7281,801
粤B4KK15,114.276398,22.7281,802
粤B4KK15,114.276398,22.7281,802
粤B4KK15,114.276398,22.7281,803
粤B4KK15,114.276398,22.7281,803
粤B4KK15,114.276398,22.7281,804
粤B4KK15,114.276398,22.7281,804
粤B4KK15,114.276398,22.7281,805
粤B4KK15,114.276398,22.7281,805
粤B4KK15,114.276398,22.7281,806
粤B4KK15,114.276398,22.7281,806
粤B4KK15,114.276398,22.7281,807
粤B4KK15,114.276398,22.7281,807
粤B4KK15,114.276398,22.7281,808
粤B4KK15,114.276398,22.7281,808
粤B4KK15,114.276398,22.7281,809
粤B4KK15,114.276398,22.7281,809
粤B4KK15,114.276398,22.7281,810
粤B4KK15,114.276398,22.7281,810
粤B4KK15,114.276398,22.7281,811
粤B4KK15,114.276398,22.7281,811
粤B4KK15,114.276398,22.7281,812
粤B4KK15,114.276398,22.7281,812
粤B4KK15,114.276398,22.7281,813
粤B4KK15,114.276398,22.7281,813
粤B4KK15,114.276398,22.7281,814
粤B4KK15,114.276398,22.7281,814
粤B4KK15,114.276398,22.7281,815
粤B4KK15,114.276398,22.7281,815
粤B4KK15,114.276398,22.7281,816
粤B4KK15,114.276398,22.7281,816
粤B4KK15,114.276398,22.7281,817
粤B4KK15,114.276398,22.7281,817
粤B4KK15,114.276398,22.7281,818
粤B4KK15,114.276398,22.7281,818
粤B4KK15,114.276398,22.7281,819
粤B4KK15,114.276398,22.7281,820
粤B4KK15,114.276398,22.7281,820
粤B4KK15,114.276398,22.7281,821
粤B4KK15,114.276398,22.7281,821
粤B4KK15,114.276497,22.7283,822
粤B4KK15,114.276398,22.7281,822
粤B4KK15,114.276001,22.7288,823
粤B4KK15,114.275101,22.7292,823
粤B4KK15,114.274696,22.7307,824
粤B4KK15,114.274696,22.730301,824
粤B4KK15,114.275002,22.7316,825
粤B4KK15,114.275002,22.732599,825
粤B4KK15,114.2743,22.7327,826
粤B4KK15,114.273399,22.7332,826
粤B4KK15,114.271599,22.732901,827
粤B4KK15,114.272003,22.733,827
粤B4KK15,114.270302,22.7328,828
粤B4KK15,114.268501,22.7325,828
粤B4KK15,114.265999,22.7323,829
粤B4KK15,114.266701,22.7323,829
粤B4KK15,114.264198,22.732901,830
粤B4KK15,114.261597,22.7337,831
粤B4KK15,114.256699,22.729,833
粤B4KK15,114.258301,22.728901,833
粤B4KK15,114.252899,22.726601,834
粤B4KK15,114.254799,22.728201,834
粤B4KK15,114.251297,22.7248,835
粤B4KK15,114.249802,22.723,835
粤B4KK15,114.2509,22.7211,836
粤B4KK15,114.250397,22.722099,836
粤B4KK15,114.250298,22.7201,837
粤B4KK15,114.250298,22.7201,837
粤B4KK15,114.247902,22.7332,844
粤B4KK15,114.247902,22.7332,844
粤B4KK15,114.247902,22.7332,845
粤B4KK15,114.247803,22.7342,846
粤B4KK15,114.247803,22.7342,846
粤B4KK15,114.250504,22.735201,847
粤B4KK15,114.2491,22.734699,847
粤B4KK15,114.250504,22.735201,847
粤B4KK15,114.253304,22.736,848
粤B4KK15,114.254501,22.7362,848
粤B4KK15,114.254501,22.7362,849
粤B4KK15,114.255501,22.7362,849
粤B4KK15,114.255798,22.736099,850
粤B4KK15,114.255798,22.736099,850
粤B4KK15,114.255798,22.736099,851
粤B4KK15,114.255798,22.736099,851
粤B4KK15,114.255798,22.736099,852
粤B4KK15,114.258202,22.735001,852
粤B4KK15,114.261101,22.733999,853
粤B4KK15,114.260201,22.7342,853
粤B4KK15,114.261101,22.733999,854
粤B4KK15,114.261101,22.733999,854
粤B4KK15,114.261597,22.7339,855
粤B4KK15,114.263901,22.735399,855
粤B4KK15,114.266701,22.7369,856
粤B4KK15,114.266899,22.7372,856
粤B4KK15,114.269203,22.738501,857
粤B4KK15,114.270897,22.739599,857
粤B4KK15,114.272598,22.7407,858
粤B4KK15,114.274597,22.7407,858
粤B4KK15,114.276802,22.7386,859
粤B4KK15,114.276802,22.740499,859
粤B4KK15,114.276802,22.7384,860
粤B4KK15,114.276802,22.7384,860
粤B4KK15,114.276802,22.7384,860
粤B4KK15,114.276398,22.7349,861
粤B4KK15,114.276802,22.7374,861
粤B4KK15,114.274399,22.7334,862
粤B4KK15,114.275902,22.7337,862
粤B4KK15,114.272903,22.7332,863
粤B4KK15,114.2715,22.733,863
粤B4KK15,114.268402,22.7325,864
粤B4KK15,114.269897,22.7327,864
粤B4KK15,114.2677,22.732401,865
粤B4KK15,114.268402,22.7325,865
粤B4KK15,114.266602,22.7323,866
粤B4KK15,114.266701,22.7323,866
粤B4KK15,114.265503,22.7325,867
粤B4KK15,114.263702,22.733101,867
粤B4KK15,114.262199,22.7335,868
粤B4KK15,114.2631,22.733299,868
粤B4KK15,114.262199,22.7335,869
粤B4KK15,114.262199,22.7335,869
粤B4KK15,114.262001,22.7337,870
粤B4KK15,114.262199,22.7335,870
粤B4KK15,114.260902,22.7325,871
粤B4KK15,114.261101,22.732901,871
粤B4KK15,114.260399,22.7314,872
粤B4KK15,114.260803,22.731899,872
粤B4KK15,114.259804,22.7306,873
粤B4KK15,114.259697,22.730499,873
粤B4KK15,114.260902,22.7323,874
粤B4KK15,114.260696,22.731701,874
粤B4KK15,114.261002,22.7325,875
粤B4KK15,114.261002,22.7325,875
粤B4KK15,114.261101,22.7328,876
粤B4KK15,114.261101,22.7328,876
粤B4KK15,114.261101,22.7328,876
粤B4KK15,114.2612,22.733,877
粤B4KK15,114.261101,22.7328,877
粤B4KK15,114.260101,22.7342,878
粤B4KK15,114.257301,22.735399,878
粤B4KK15,114.257301,22.7355,879
粤B4KK15,114.257301,22.7355,879
粤B4KK15,114.2565,22.740101,880
粤B4KK15,114.256599,22.737301,880
粤B4KK15,114.252403,22.7404,881
粤B4KK15,114.248497,22.7409,881
粤B4KK15,114.2481,22.7409,882
粤B4KK15,114.2481,22.7409,882
粤B4KK15,114.2481,22.7409,883
粤B4KK15,114.2481,22.7409,883
粤B4KK15,114.241798,22.740999,884
粤B4KK15,114.245697,22.7411,884
粤B4KK15,114.2342,22.7409,885
粤B4KK15,114.237602,22.740999,885
粤B4KK15,114.230003,22.744499,886
粤B4KK15,114.230103,22.7409,886
粤B4KK15,114.229897,22.747499,887
粤B4KK15,114.229897,22.749201,887
粤B4KK15,114.229897,22.7493,888
粤B4KK15,114.229897,22.7493,888
粤B4KK15,114.228401,22.749599,889
粤B4KK15,114.227898,22.750601,889
粤B4KK15,114.227898,22.750799,890
粤B4KK15,114.227898,22.750799,890
粤B4KK15,114.227699,22.750999,891
粤B4KK15,114.227798,22.7498,891
粤B4KK15,114.229301,22.749599,892
粤B4KK15,114.229797,22.748699,893
粤B4KK15,114.229797,22.747601,893
粤B4KK15,114.229897,22.7456,894
粤B4KK15,114.229897,22.742701,894
粤B4KK15,114.230003,22.737,895
粤B4KK15,114.230003,22.738501,895
粤B4KK15,114.230103,22.7365,896
粤B4KK15,114.233101,22.7363,897
粤B4KK15,114.233299,22.732901,897
粤B4KK15,114.2332,22.7327,898
粤B4KK15,114.2332,22.7327,898
粤B4KK15,114.233299,22.7304,899
粤B4KK15,114.2332,22.7327,899
粤B4KK15,114.233299,22.7288,900
粤B4KK15,114.243896,22.7164,911
粤B4KK15,114.240997,22.7139,911
粤B4KK15,114.237999,22.712099,912
粤B4KK15,114.239098,22.712299,912
粤B4KK15,114.236397,22.7136,913
粤B4KK15,114.236,22.715599,913
粤B4KK15,114.237701,22.7171,914
粤B4KK15,114.2369,22.7164,914
粤B4KK15,114.239403,22.718599,915
粤B4KK15,114.239403,22.718599,915
粤B4KK15,114.241699,22.7208,916
粤B4KK15,114.239998,22.7192,916
粤B4KK15,114.244301,22.7232,917
粤B4KK15,114.2453,22.724199,917
粤B4KK15,114.2453,22.724199,918
粤B4KK15,114.2453,22.724199,918
粤B4KK15,114.245102,22.7248,919
粤B4KK15,114.245003,22.725,919
粤B4KK15,114.245201,22.724501,920
粤B4KK15,114.243599,22.722799,920
粤B4KK15,114.241798,22.721201,921
粤B4KK15,114.239403,22.7192,921
粤B4KK15,114.2379,22.721701,922
粤B4KK15,114.238098,22.720699,922
粤B4KK15,114.2379,22.721701,922
粤B4KK15,114.2379,22.722,923
粤B4KK15,114.2379,22.722,923
粤B4KK15,114.2341,22.722401,924
粤B4KK15,114.237297,22.722401,924
粤B4KK15,114.233498,22.7246,925
粤B4KK15,114.233398,22.7234,926
粤B4KK15,114.233398,22.7234,926
粤B4KK15,114.233398,22.725401,926
粤B4KK15,114.233498,22.722799,927
粤B4KK15,114.233498,22.722799,927
粤B4KK15,114.233498,22.7209,928
粤B4KK15,114.233498,22.722799,928
粤B4KK15,114.233902,22.7159,929
粤B4KK15,114.233498,22.7187,929
粤B4KK15,114.231796,22.712,930
粤B4KK15,114.234497,22.714701,930
粤B4KK15,114.228996,22.709,931
粤B4KK15,114.228996,22.709499,931
粤B4KK15,114.231598,22.704,932
粤B4KK15,114.231598,22.706699,932
粤B4KK15,114.229103,22.6999,933
粤B4KK15,114.229301,22.700199,933
粤B4KK15,114.227997,22.698299,934
粤B4KK15,114.228996,22.6999,934
粤B4KK15,114.225197,22.694201,935
粤B4KK15,114.226196,22.695601,935
粤B4KK15,114.225197,22.694099,936
粤B4KK15,114.223099,22.692801,936
粤B4KK15,114.220398,22.694599,937
粤B4KK15,114.221001,22.696199,937
粤B4KK15,114.222397,22.697701,938
粤B4KK15,114.223297,22.6991,939
粤B4KK15,114.223999,22.7003,939
粤B4KK15,114.224602,22.701401,940
粤B4KK15,114.2267,22.700399,940
粤B4KK15,114.228104,22.699301,941
粤B4KK15,114.229202,22.6994,942
粤B4KK15,114.232201,22.7043,943
粤B4KK15,114.230698,22.7017,943
粤B4KK15,114.232697,22.705299,944
粤B4KK15,114.232697,22.705299,944
粤B4KK15,114.230499,22.707899,945
粤B4KK15,114.232903,22.7059,945
粤B4KK15,114.229698,22.709801,946
粤B4KK15,114.232002,22.711901,946
粤B4KK15,114.233597,22.7134,947
粤B4KK15,114.235298,22.714899,947
粤B4KK15,114.233597,22.713301,947
粤B4KK15,114.237701,22.717199,948
粤B4KK15,114.240097,22.7192,948
粤B4KK15,114.242996,22.721901,949
粤B4KK15,114.242798,22.7218,949
粤B4KK15,114.2453,22.7241,950
粤B4KK15,114.244598,22.723499,950
粤B4KK15,114.244598,22.7253,951
粤B4KK15,114.2453,22.7241,951
粤B4KK15,114.242798,22.7274,952
粤B4KK15,114.242897,22.7281,952
粤B4KK15,114.242897,22.7281,953
粤B4KK15,114.242897,22.728201,953
粤B4KK15,114.242897,22.7299,954
粤B4KK15,114.242897,22.730301,954
粤B4KK15,114.242897,22.730301,954
粤B4KK15,114.242798,22.728901,955
粤B4KK15,114.242897,22.730301,955
粤B4KK15,114.239899,22.728399,956
粤B4KK15,114.235703,22.7283,957
粤B4KK15,114.237503,22.7283,957
粤B4KK15,114.233902,22.7283,958
粤B4KK15,114.235397,22.7283,958
粤B4KK15,114.233902,22.7283,959
粤B4KK15,114.233902,22.7283,959
粤B4KK15,114.233902,22.7283,960
粤B4KK15,114.233597,22.728399,960
粤B4KK15,114.228798,22.7262,961
粤B4KK15,114.227303,22.7255,962
粤B4KK15,114.221497,22.7262,963
粤B4KK15,114.224998,22.725401,963
粤B4KK15,114.221901,22.725201,963
粤B4KK15,114.221497,22.725401,964
粤B4KK15,114.2192,22.725201,964
粤B4KK15,114.218597,22.7295,965
粤B4KK15,114.223701,22.7316,966
粤B4KK15,114.2201,22.731199,966
粤B4KK15,114.2239,22.7297,967
粤B4KK15,114.223999,22.729401,968
粤B4KK15,114.223999,22.729401,969
粤B4KK15,114.223999,22.729401,970
粤B4KK15,114.223999,22.729401,970
粤B4KK15,114.221497,22.7262,970
粤B4KK15,114.223999,22.729401,971
粤B4KK15,114.223999,22.729401,971
粤B4KK15,114.223999,22.729401,972
粤B4KK15,114.223999,22.729401,972
粤B4KK15,114.223999,22.729401,973
粤B4KK15,114.223999,22.729401,973
粤B4KK15,114.223999,22.729401,974
粤B4KK15,114.223999,22.729401,974
粤B4KK15,114.223999,22.729401,975
粤B4KK15,114.224197,22.7253,976
粤B4KK15,114.224098,22.7271,976
粤B4KK15,114.224197,22.7283,977
粤B4KK15,114.224197,22.731501,978
粤B4KK15,114.224197,22.731501,979
粤B4KK15,114.224197,22.731501,979
粤B4KK15,114.224197,22.7341,980
粤B4KK15,114.230202,22.736601,981
粤B4KK15,114.230103,22.738701,981
粤B4KK15,114.230003,22.7446,982
粤B4KK15,114.230003,22.7474,983
粤B4KK15,114.230003,22.745199,983
粤B4KK15,114.230003,22.748301,984
粤B4KK15,114.229897,22.7491,985
粤B4KK15,114.229897,22.7491,985
粤B4KK15,114.229897,22.749599,986
粤B4KK15,114.229401,22.750401,986
粤B4KK15,114.229897,22.749599,986
粤B4KK15,114.228996,22.750299,986
粤B4KK15,114.226097,22.751499,988
粤B4KK15,114.226303,22.751499,988
粤B4KK15,114.226097,22.751499,988
粤B4KK15,114.227798,22.7514,989
粤B4KK15,114.227898,22.7498,990
粤B4KK15,114.227798,22.7509,990
粤B4KK15,114.229202,22.749599,991
粤B4KK15,114.229797,22.747999,991
粤B4KK15,114.230003,22.7402,993
粤B4KK15,114.230103,22.737,993
粤B4KK15,114.230103,22.7367,994
粤B4KK15,114.232803,22.736401,994
粤B4KK15,114.233299,22.7328,995
粤B4KK15,114.233299,22.7328,995
粤B4KK15,114.233398,22.730499,996
粤B4KK15,114.233498,22.7232,997
粤B4KK15,114.233398,22.722799,998
粤B4KK15,114.233398,22.722799,998
粤B4KK15,114.233498,22.7195,999
粤B4KK15,114.233498,22.7213,999
粤B4KK15,114.233597,22.7169,1000
粤B4KK15,114.234299,22.7155,1000
粤B4KK15,114.234596,22.7152,1001
粤B4KK15,114.234901,22.714899,1001
粤B4KK15,114.240097,22.7132,1002
粤B4KK15,114.239799,22.7138,1002
粤B4KK15,114.239899,22.712999,1003
粤B4KK15,114.239899,22.712999,1003
粤B4KK15,114.239098,22.712299,1004
粤B4KK15,114.239601,22.712799,1004
粤B4KK15,114.238602,22.7118,1005
粤B4KK15,114.2379,22.7122,1005
粤B4KK15,114.236504,22.713499,1006
粤B4KK15,114.235397,22.714701,1006
粤B4KK15,114.236801,22.716299,1007
粤B4KK15,114.237602,22.716999,1007
粤B4KK15,114.237198,22.7169,1008
粤B4KK15,114.238503,22.718201,1008
粤B4KK15,114.235497,22.7155,1009
粤B4KK15,114.235001,22.715099,1009
粤B4KK15,114.2342,22.7145,1010
粤B4KK15,114.231003,22.7115,1010
粤B4KK15,114.226501,22.711,1011
粤B4KK15,114.225998,22.712099,1012
粤B4KK15,114.225899,22.711599,1012
粤B4KK15,114.225998,22.712099,1012
粤B4KK15,114.225998,22.712099,1013
粤B4KK15,114.225998,22.712099,1013
粤B4KK15,114.225998,22.712099,1014
粤B4KK15,114.225998,22.712099,1014
粤B4KK15,114.226898,22.710501,1014
粤B4KK15,114.2285,22.7094,1015
粤B4KK15,114.2285,22.7094,1016
粤B4KK15,114.234901,22.714701,1018
粤B4KK15,114.234901,22.714701,1019
粤B4KK15,114.227798,22.725401,1029
粤B4KK15,114.2313,22.728201,1030
粤B4KK15,114.229202,22.726601,1030
粤B4KK15,114.233101,22.7283,1031
粤B4KK15,114.2342,22.7283,1032
粤B4KK15,114.235001,22.728399,1032
粤B4KK15,114.2379,22.728399,1033
粤B4KK15,114.238403,22.7285,1033
粤B4KK15,114.238403,22.7285,1034
粤B4KK15,114.239304,22.728399,1034
粤B4KK15,114.242203,22.7286,1035
粤B4KK15,114.242599,22.7286,1035
粤B4KK15,114.242599,22.7286,1035
粤B4KK15,114.245903,22.7285,1036
粤B4KK15,114.247299,22.726999,1036
粤B4KK15,114.247498,22.7237,1037
粤B4KK15,114.247398,22.725901,1037
粤B4KK15,114.247597,22.7202,1039
粤B4KK15,114.247597,22.7202,1039
粤B4KK15,114.247597,22.7202,1041
粤B4KK15,114.247704,22.7194,1041
粤B4KK15,114.249298,22.7194,1042
粤B4KK15,114.250702,22.719801,1043
粤B4KK15,114.250702,22.719801,1043
粤B4KK15,114.2509,22.719801,1044
粤B4KK15,114.251602,22.7192,1044
粤B4KK15,114.251602,22.7192,1045
粤B4KK15,114.251602,22.7192,1045
粤B4KK15,114.251701,22.7194,1046
粤B4KK15,114.251602,22.719801,1046
粤B4KK15,114.251602,22.719801,1047
粤B4KK15,114.251602,22.719801,1047
粤B4KK15,114.251602,22.719801,1048
粤B4KK15,114.251602,22.719801,1048
粤B4KK15,114.248299,22.719601,1049
粤B4KK15,114.251602,22.7199,1049
粤B4KK15,114.247704,22.721901,1050
粤B4KK15,114.247704,22.722099,1050
粤B4KK15,114.247704,22.7243,1051
粤B4KK15,114.247704,22.722099,1051
粤B4KK15,114.247597,22.7257,1052
粤B4KK15,114.247704,22.725401,1052
粤B4KK15,114.247498,22.727501,1053
粤B4KK15,114.247498,22.7274,1053
粤B4KK15,114.245796,22.7288,1054
粤B4KK15,114.2472,22.7286,1054
粤B4KK15,114.245796,22.730499,1055
粤B4KK15,114.245796,22.731899,1055
粤B4KK15,114.2472,22.731199,1056
粤B4KK15,114.245796,22.731899,1056
粤B4KK15,114.245796,22.7316,1056
粤B4KK15,114.247398,22.7288,1057
粤B4KK15,114.247398,22.7288,1057
粤B4KK15,114.247398,22.7288,1058
粤B4KK15,114.247398,22.7288,1058
粤B4KK15,114.247498,22.726999,1059
粤B4KK15,114.247498,22.726999,1059
粤B4KK15,114.247498,22.726999,1060
粤B4KK15,114.247803,22.726299,1060
粤B4KK15,114.249298,22.7278,1061
粤B4KK15,114.250504,22.7288,1061
粤B4KK15,114.254204,22.7327,1062
粤B4KK15,114.2528,22.7309,1062
粤B4KK15,114.257301,22.7311,1063
粤B4KK15,114.255997,22.7341,1063
粤B4KK15,114.258499,22.7295,1064
粤B4KK15,114.258499,22.7295,1064
粤B4KK15,114.258797,22.7292,1065
粤B4KK15,114.258499,22.7295,1065
粤B4KK15,114.261002,22.7262,1066
粤B4KK15,114.261398,22.7257,1067
粤B4KK15,114.261398,22.7257,1068
粤B4KK15,114.264999,22.726299,1069
粤B4KK15,114.266403,22.7258,1070
粤B4KK15,114.267899,22.726299,1070
粤B4KK15,114.269699,22.726999,1071
粤B4KK15,114.2715,22.7283,1071
粤B4KK15,114.272797,22.7295,1072
粤B4KK15,114.273804,22.7306,1072
粤B4KK15,114.274803,22.7306,1073
粤B4KK15,114.275902,22.728701,1074
粤B4KK15,114.275101,22.7292,1074
粤B4KK15,114.276497,22.728399,1075
粤B4KK15,114.276497,22.728399,1075
粤B4KK15,114.276497,22.728399,1076
粤B4KK15,114.276497,22.728399,1076
粤B4KK15,114.276497,22.728399,1077
粤B4KK15,114.276497,22.728399,1077
粤B4KK15,114.276802,22.7286,1078
粤B4KK15,114.276497,22.728399,1078
粤B4KK15,114.277397,22.728399,1079
粤B4KK15,114.277901,22.7281,1079
粤B4KK15,114.278702,22.729,1080
粤B4KK15,114.278702,22.729,1080
粤B4KK15,114.278702,22.729,1081
粤B4KK15,114.278702,22.729,1081
粤B4KK15,114.278702,22.729,1082
粤B4KK15,114.278702,22.729,1082
粤B4KK15,114.278702,22.729,1083
粤B4KK15,114.279297,22.7292,1083
粤B4KK15,114.280296,22.728399,1084
粤B4KK15,114.280296,22.728399,1084
粤B4KK15,114.280296,22.728399,1085
粤B4KK15,114.281601,22.728001,1086
粤B4KK15,114.282799,22.727501,1086
粤B4KK15,114.281502,22.725201,1087
粤B4KK15,114.282303,22.726299,1087
粤B4KK15,114.279602,22.726601,1088
粤B4KK15,114.280602,22.7251,1088
粤B4KK15,114.278801,22.727301,1089
粤B4KK15,114.278397,22.7278,1089
粤B4KK15,114.278198,22.728001,1090
粤B4KK15,114.277802,22.728001,1090
粤B4KK15,114.2771,22.7286,1091
粤B4KK15,114.276901,22.7285,1091
粤B4KK15,114.276497,22.7286,1092
粤B4KK15,114.276497,22.7286,1092
粤B4KK15,114.276497,22.7286,1092
粤B4KK15,114.277298,22.728399,1093
粤B4KK15,114.277298,22.728399,1093
粤B4KK15,114.277802,22.7281,1094
粤B4KK15,114.277802,22.7281,1094
粤B4KK15,114.277603,22.726801,1095
粤B4KK15,114.277802,22.728001,1095
粤B4KK15,114.277901,22.7253,1096
粤B4KK15,114.278099,22.724701,1096
粤B4KK15,114.277603,22.7229,1097
粤B4KK15,114.277702,22.720501,1097
粤B4KK15,114.278397,22.716,1098
粤B4KK15,114.278198,22.718399,1098
粤B4KK15,114.278297,22.7115,1099
粤B4KK15,114.278198,22.7132,1099
粤B4KK15,114.276901,22.7106,1100
粤B4KK15,114.277496,22.7106,1100
粤B4KK15,114.276901,22.7106,1101
粤B4KK15,114.276901,22.7106,1101
粤B4KK15,114.276802,22.709101,1102
粤B4KK15,114.277603,22.7104,1102
粤B4KK15,114.274399,22.7092,1103
粤B4KK15,114.272102,22.7087,1103
粤B4KK15,114.270401,22.708099,1104
粤B4KK15,114.269501,22.7076,1104
粤B4KK15,114.268402,22.7045,1105
粤B4KK15,114.2687,22.7069,1105
粤B4KK15,114.267502,22.702801,1106
粤B4KK15,114.272003,22.697201,1107
粤B4KK15,114.269997,22.6999,1107
粤B4KK15,114.272697,22.694,1108
粤B4KK15,114.272499,22.6964,1108
粤B4KK15,114.272797,22.6915,1109
粤B4KK15,114.272903,22.6912,1109
粤B4KK15,114.272903,22.691601,1110
粤B4KK15,114.272903,22.692101,1110
粤B4KK15,114.2724,22.6968,1111
粤B4KK15,114.272797,22.6938,1111
粤B4KK15,114.270599,22.6994,1112
粤B4KK15,114.271301,22.698601,1112
粤B4KK15,114.267601,22.702801,1113
粤B4KK15,114.268997,22.7012,1113
粤B4KK15,114.265999,22.7045,1114
粤B4KK15,114.266296,22.704201,1114
粤B4KK15,114.264999,22.7055,1115
粤B4KK15,114.265404,22.705099,1115
粤B4KK15,114.264397,22.7062,1116
粤B4KK15,114.264603,22.7059,1116
粤B4KK15,114.264397,22.7062,1117
粤B4KK15,114.263496,22.707199,1118
粤B4KK15,114.263397,22.7073,1119
粤B4KK15,114.263199,22.7075,1120
粤B4KK15,114.263397,22.7073,1120
粤B4KK15,114.262901,22.7085,1121
粤B4KK15,114.262802,22.708799,1121
粤B4KK15,114.262802,22.7089,1122
粤B4KK15,114.262703,22.709,1122
粤B4KK15,114.262703,22.709,1122
粤B4KK15,114.262802,22.7089,1122
粤B4KK15,114.262703,22.709,1123
粤B4KK15,114.262497,22.709999,1123
粤B4KK15,114.264503,22.711201,1124
粤B4KK15,114.263496,22.7111,1124
粤B4KK15,114.264397,22.7152,1125
粤B4KK15,114.264801,22.711201,1125
粤B4KK15,114.264099,22.718901,1126
粤B4KK15,114.264099,22.718901,1126
粤B4KK15,114.264099,22.719,1127
粤B4KK15,114.264099,22.718901,1127
粤B4KK15,114.263298,22.7218,1128
粤B4KK15,114.262299,22.7243,1128
粤B4KK15,114.262001,22.725,1129
粤B4KK15,114.261902,22.725,1129
粤B4KK15,114.264503,22.7269,1129
粤B4KK15,114.262199,22.7257,1130
粤B4KK15,114.259697,22.728201,1130
粤B4KK15,114.259003,22.7292,1131
粤B4KK15,114.259003,22.7292,1131
粤B4KK15,114.259003,22.7292,1132
粤B4KK15,114.259003,22.7292,1132
粤B4KK15,114.258102,22.730301,1133
粤B4KK15,114.256401,22.733601,1134
粤B4KK15,114.256401,22.733601,1134
粤B4KK15,114.256401,22.733601,1135
粤B4KK15,114.2565,22.7346,1135
粤B4KK15,114.2565,22.7349,1136
粤B4KK15,114.2565,22.7349,1136
粤B4KK15,114.2565,22.7349,1137
粤B4KK15,114.247498,22.733299,1143
粤B4KK15,114.248497,22.734501,1143
粤B4KK15,114.250198,22.7351,1144
粤B4KK15,114.250198,22.7351,1144
粤B4KK15,114.254402,22.7363,1145
粤B4KK15,114.251602,22.7356,1145
粤B4KK15,114.254997,22.736401,1146
粤B4KK15,114.255501,22.7362,1146
粤B4KK15,114.255501,22.7362,1147
粤B4KK15,114.255501,22.7362,1147
粤B4KK15,114.255501,22.7362,1148
粤B4KK15,114.255501,22.7362,1148
粤B4KK15,114.2565,22.736099,1149
粤B4KK15,114.256897,22.739599,1149
粤B4KK15,114.257797,22.7421,1150
粤B4KK15,114.259003,22.744801,1150
粤B4KK15,114.261703,22.744499,1151
粤B4KK15,114.264603,22.744101,1151
粤B4KK15,114.2668,22.742001,1152
粤B4KK15,114.266403,22.7437,1152
粤B4KK15,114.267303,22.7402,1153
粤B4KK15,114.267303,22.7402,1154
粤B4KK15,114.267303,22.7402,1154
粤B4KK15,114.267303,22.7402,1155
粤B4KK15,114.2677,22.7404,1155
粤B4KK15,114.269203,22.739401,1156
粤B4KK15,114.269302,22.740499,1156
粤B4KK15,114.267303,22.739401,1157
粤B4KK15,114.267303,22.7402,1158
粤B4KK15,114.267303,22.7402,1158
粤B4KK15,114.267303,22.7402,1159
粤B4KK15,114.267303,22.7402,1159
粤B4KK15,114.267303,22.7402,1160
粤B4KK15,114.267303,22.7402,1160
粤B4KK15,114.267303,22.7402,1161
粤B4KK15,114.267303,22.7402,1161
粤B4KK15,114.267303,22.7402,1162
粤B4KK15,114.267303,22.7402,1162
粤B4KK15,114.2668,22.742001,1163
粤B4KK15,114.266502,22.743601,1163
粤B4KK15,114.271103,22.743299,1164
粤B4KK15,114.268303,22.743601,1164
粤B4KK15,114.274597,22.742901,1165
粤B4KK15,114.277,22.7384,1166
粤B4KK15,114.277199,22.7409,1166
粤B4KK15,114.276604,22.735001,1167
粤B4KK15,114.277603,22.7311,1167
粤B4KK15,114.280403,22.728399,1168
粤B4KK15,114.2817,22.728001,1168
粤B4KK15,114.2817,22.728001,1169
粤B4KK15,114.2817,22.728001,1169
粤B4KK15,114.284599,22.726999,1170
粤B4KK15,114.285896,22.726,1171
粤B4KK15,114.285698,22.723101,1172
粤B4KK15,114.285896,22.724701,1172
粤B4KK15,114.285599,22.7213,1173
粤B4KK15,114.2855,22.7218,1173
粤B4KK15,114.287201,22.7206,1174
粤B4KK15,114.287598,22.7204,1174
粤B4KK15,114.287598,22.7204,1175
粤B4KK15,114.2883,22.7206,1175
粤B4KK15,114.290298,22.7241,1176
粤B4KK15,114.292397,22.7237,1176
粤B4KK15,114.294601,22.722799,1177
粤B4KK15,114.294601,22.722799,1177
粤B4KK15,114.294601,22.722799,1178
粤B4KK15,114.294197,22.723101,1178
粤B4KK15,114.289497,22.7253,1179
粤B4KK15,114.291901,22.724199,1179
粤B4KK15,114.292603,22.724001,1179
粤B4KK15,114.286201,22.7269,1180
粤B4KK15,114.284897,22.727301,1180
粤B4KK15,114.2798,22.729099,1181
粤B4KK15,114.2826,22.728001,1181
粤B4KK15,114.276001,22.733101,1182
粤B4KK15,114.277298,22.731899,1182
粤B4KK15,114.272903,22.731899,1183
粤B4KK15,114.272903,22.731899,1183
粤B4KK15,114.272202,22.7316,1184
粤B4KK15,114.272202,22.7316,1184
粤B4KK15,114.272202,22.7316,1186
粤B4KK15,114.272202,22.7316,1186
粤B4KK15,114.272202,22.7316,1187
粤B4KK15,114.272202,22.7316,1188
粤B4KK15,114.272202,22.7316,1188
粤B4KK15,114.272202,22.7316,1189
粤B4KK15,114.272202,22.7316,1189
粤B4KK15,114.272202,22.7316,1190
粤B4KK15,114.272202,22.7316,1190
粤B4KK15,114.272202,22.7316,1191
粤B4KK15,114.272202,22.7316,1191
粤B4KK15,114.272202,22.7316,1192
粤B4KK15,114.272202,22.7316,1192
粤B4KK15,114.269997,22.7306,1193
粤B4KK15,114.269997,22.7306,1193
粤B4KK15,114.2659,22.7281,1194
粤B4KK15,114.269897,22.730499,1194
粤B4KK15,114.262703,22.726101,1195
粤B4KK15,114.259903,22.724501,1195
粤B4KK15,114.252197,22.7206,1196
粤B4KK15,114.252296,22.716499,1197
粤B4KK15,114.251701,22.718901,1197
粤B4KK15,114.252701,22.7148,1198
粤B4KK15,114.252998,22.713301,1198
粤B4KK15,114.252998,22.713301,1199
粤B4KK15,114.252701,22.714899,1200
粤B4KK15,114.252602,22.7155,1200
粤B4KK15,114.252701,22.7159,1201
粤B4KK15,114.254898,22.7166,1201
粤B4KK15,114.256699,22.7171,1202
粤B4KK15,114.256699,22.7171,1203
粤B4KK15,114.256699,22.7171,1204
粤B4KK15,114.256699,22.7171,1204
粤B4KK15,114.256699,22.7171,1205
粤B4KK15,114.256699,22.7171,1205
粤B4KK15,114.257797,22.7174,1206
粤B4KK15,114.260201,22.7181,1206
粤B4KK15,114.261101,22.7183,1207
粤B4KK15,114.261101,22.7183,1207
粤B4KK15,114.260597,22.720699,1208
粤B4KK15,114.260696,22.7202,1208
粤B4KK15,114.261803,22.725,1209
粤B4KK15,114.259499,22.723499,1209
粤B4KK15,114.264702,22.7269,1210
粤B4KK15,114.267403,22.7286,1210
粤B4KK15,114.268997,22.729601,1211
粤B4KK15,114.268997,22.729601,1211
粤B4KK15,114.271797,22.731001,1212
粤B4KK15,114.269699,22.73,1212
粤B4KK15,114.277,22.731501,1213
粤B4KK15,114.273804,22.732,1213
粤B4KK15,114.2789,22.729401,1214
粤B4KK15,114.277802,22.7279,1214
粤B4KK15,114.277901,22.7253,1215
粤B4KK15,114.278603,22.7244,1215
粤B4KK15,114.278603,22.7244,1216
粤B4KK15,114.278603,22.7244,1216
粤B4KK15,114.278603,22.7244,1217
粤B4KK15,114.278603,22.7244,1217
粤B4KK15,114.278603,22.7244,1218
粤B4KK15,114.278603,22.7244,1219
粤B4KK15,114.278603,22.7244,1219
粤B4KK15,114.278603,22.7244,1220
粤B4KK15,114.278603,22.7244,1221
粤B4KK15,114.278603,22.7244,1221
粤B4KK15,114.278603,22.7244,1222
粤B4KK15,114.278603,22.7244,1223
粤B4KK15,114.278603,22.7244,1224
粤B4KK15,114.278603,22.7244,1224
粤B4KK15,114.278603,22.7244,1225
粤B4KK15,114.278603,22.7244,1225
粤B4KK15,114.278603,22.7244,1226
粤B4KK15,114.278603,22.7244,1226
粤B4KK15,114.278603,22.7244,1227
粤B4KK15,114.278603,22.7244,1227
粤B4KK15,114.278603,22.7244,1228
粤B4KK15,114.278603,22.7244,1228
粤B4KK15,114.278603,22.7244,1229
粤B4KK15,114.278603,22.7244,1230
粤B4KK15,114.278603,22.7244,1230
粤B4KK15,114.278603,22.7244,1231
粤B4KK15,114.278603,22.7244,1231
粤B4KK15,114.278603,22.7244,1232
粤B4KK15,114.278603,22.7244,1232
粤B4KK15,114.278603,22.7244,1233
粤B4KK15,114.278603,22.7244,1233
粤B4KK15,114.278603,22.7244,1234
粤B4KK15,114.278603,22.7244,1234
粤B4KK15,114.278603,22.7244,1235
粤B4KK15,114.278603,22.7244,1235
粤B4KK15,114.278603,22.7244,1236
粤B4KK15,114.278603,22.7244,1236
粤B4KK15,114.278603,22.7244,1237
粤B4KK15,114.278603,22.7244,1237
粤B4KK15,114.278603,22.7244,1238
粤B4KK15,114.278603,22.7244,1238
粤B4KK15,114.278603,22.7244,1239
粤B4KK15,114.278603,22.7244,1239
粤B4KK15,114.278603,22.7244,1240
粤B4KK15,114.278603,22.7244,1240
粤B4KK15,114.278603,22.7244,1241
粤B4KK15,114.278603,22.7244,1241
粤B4KK15,114.278603,22.7244,1242
粤B4KK15,114.278603,22.7244,1242
粤B4KK15,114.278603,22.7244,1243
粤B4KK15,114.278603,22.7244,1243
粤B4KK15,114.278603,22.7244,1244
粤B4KK15,114.278603,22.7244,1244
粤B4KK15,114.278603,22.7244,1245
粤B4KK15,114.278603,22.7244,1245
粤B4KK15,114.278603,22.7244,1246
粤B4KK15,114.278603,22.7244,1246
粤B4KK15,114.278603,22.7244,1247
粤B4KK15,114.278603,22.7244,1247
粤B4KK15,114.278603,22.7244,1248
粤B4KK15,114.278603,22.7244,1248
粤B4KK15,114.278603,22.7244,1249
粤B4KK15,114.278603,22.7244,1249
粤B4KK15,114.278603,22.7244,1250
粤B4KK15,114.278603,22.7244,1250
粤B4KK15,114.278603,22.7244,1251
粤B4KK15,114.278603,22.7244,1251
粤B4KK15,114.278603,22.7244,1252
粤B4KK15,114.278603,22.7244,1252
粤B4KK15,114.278603,22.7244,1253
粤B4KK15,114.278603,22.7244,1253
粤B4KK15,114.278603,22.7244,1254
粤B4KK15,114.278603,22.7244,1254
粤B4KK15,114.278603,22.7244,1256
粤B4KK15,114.278603,22.7244,1256
粤B4KK15,114.278603,22.7244,1257
粤B4KK15,114.278603,22.7244,1257
粤B4KK15,114.278603,22.7244,1258
粤B4KK15,114.278603,22.7244,1258
粤B4KK15,114.278603,22.7244,1259
粤B4KK15,114.278603,22.7244,1259
粤B4KK15,114.278603,22.7244,1260
粤B4KK15,114.278603,22.7244,1260
粤B4KK15,114.278603,22.7244,1261
粤B4KK15,114.278603,22.7244,1262
粤B4KK15,114.278603,22.7244,1262
粤B4KK15,114.278603,22.7244,1263
粤B4KK15,114.278603,22.7244,1263
粤B4KK15,114.278603,22.7244,1264
粤B4KK15,114.278603,22.7244,1264
粤B4KK15,114.278603,22.7244,1265
粤B4KK15,114.278603,22.7244,1265
粤B4KK15,114.278603,22.7244,1266
粤B4KK15,114.278603,22.7244,1266
粤B4KK15,114.278603,22.7244,1267
粤B4KK15,114.278603,22.7244,1267
粤B4KK15,114.278603,22.7244,1268
粤B4KK15,114.278603,22.7244,1269
粤B4KK15,114.278603,22.7244,1269
粤B4KK15,114.278603,22.7244,1270
粤B4KK15,114.278603,22.7244,1270
粤B4KK15,114.278603,22.7244,1271
粤B4KK15,114.278603,22.7244,1271
粤B4KK15,114.278603,22.7244,1272
粤B4KK15,114.278603,22.7244,1272
粤B4KK15,114.278603,22.7244,1273
粤B4KK15,114.278603,22.7244,1273
粤B4KK15,114.278603,22.7244,1274
粤B4KK15,114.278603,22.7244,1274
粤B4KK15,114.278603,22.7244,1275
粤B4KK15,114.278603,22.7244,1275
粤B4KK15,114.278603,22.7244,1276
粤B4KK15,114.278603,22.7244,1276
粤B4KK15,114.278603,22.7244,1277
粤B4KK15,114.278603,22.7244,1278
粤B4KK15,114.278603,22.7244,1278
粤B4KK15,114.278603,22.7244,1279
粤B4KK15,114.278603,22.7244,1280
粤B4KK15,114.278603,22.7244,1280
粤B4KK15,114.278603,22.7244,1281
粤B4KK15,114.278603,22.7244,1282
粤B4KK15,114.278603,22.7244,1282
粤B4KK15,114.278603,22.7244,1283
粤B4KK15,114.278603,22.7244,1284
粤B4KK15,114.278603,22.7244,1284
粤B4KK15,114.278603,22.7244,1286
粤B4KK15,114.278603,22.7244,1286
粤B4KK15,114.278603,22.7244,1287
粤B4KK15,114.278603,22.7244,1287
粤B4KK15,114.278603,22.7244,1288
粤B4KK15,114.278603,22.7244,1288
粤B4KK15,114.278603,22.7244,1289
粤B4KK15,114.278603,22.7244,1289
粤B4KK15,114.278603,22.7244,1290
粤B4KK15,114.278603,22.7244,1290
粤B4KK15,114.278603,22.7244,1291
粤B4KK15,114.278603,22.7244,1291
粤B4KK15,114.278603,22.7244,1292
粤B4KK15,114.278603,22.7244,1292
粤B4KK15,114.278603,22.7244,1293
粤B4KK15,114.278603,22.7244,1293
粤B4KK15,114.278603,22.7244,1294
粤B4KK15,114.278603,22.7244,1294
粤B4KK15,114.278603,22.7244,1295
粤B4KK15,114.278603,22.7244,1295
粤B4KK15,114.278603,22.7244,1296
粤B4KK15,114.278603,22.7244,1296
粤B4KK15,114.278603,22.7244,1297
粤B4KK15,114.278603,22.7244,1298
粤B4KK15,114.278603,22.7244,1299
粤B4KK15,114.278603,22.7244,1299
粤B4KK15,114.278603,22.7244,1300
粤B4KK15,114.278603,22.7244,1300
粤B4KK15,114.278603,22.7244,1302
粤B4KK15,114.278603,22.7244,1303
粤B4KK15,114.278603,22.7244,1304
粤B4KK15,114.278603,22.7244,1305
粤B4KK15,114.278603,22.7244,1305
粤B4KK15,114.278603,22.7244,1306
粤B4KK15,114.278603,22.7244,1306
粤B4KK15,114.278603,22.7244,1307
粤B4KK15,114.278603,22.7244,1307
粤B4KK15,114.278603,22.7244,1308
粤B4KK15,114.278603,22.7244,1309
粤B4KK15,114.278603,22.7244,1309
粤B4KK15,114.278603,22.7244,1310
粤B4KK15,114.278603,22.7244,1311
粤B4KK15,114.278603,22.7244,1312
粤B4KK15,114.278603,22.7244,1312
粤B4KK15,114.278603,22.7244,1313
粤B4KK15,114.278603,22.7244,1313
粤B4KK15,114.278603,22.7244,1314
粤B4KK15,114.278603,22.7244,1315
粤B4KK15,114.278603,22.7244,1315
粤B4KK15,114.278603,22.7244,1316
粤B4KK15,114.278603,22.7244,1317
粤B4KK15,114.278603,22.7244,1317
粤B4KK15,114.278603,22.7244,1318
粤B4KK15,114.278603,22.7244,1318
粤B4KK15,114.278603,22.7244,1319
粤B4KK15,114.278603,22.7244,1319
粤B4KK15,114.278603,22.7244,1320
粤B4KK15,114.278603,22.7244,1324
粤B4KK15,114.278603,22.7244,1326
粤B4KK15,114.278603,22.7244,1328
粤B4KK15,114.278603,22.7244,1329
粤B4KK15,114.278603,22.7244,1330
粤B4KK15,114.278603,22.7244,1331
粤B4KK15,114.278603,22.7244,1332
粤B4KK15,114.278603,22.7244,1332
粤B4KK15,114.278603,22.7244,1333
粤B4KK15,114.278603,22.7244,1333
粤B4KK15,114.278603,22.7244,1334
粤B4KK15,114.278603,22.7244,1335
粤B4KK15,114.278603,22.7244,1335
粤B4KK15,114.278603,22.7244,1336
粤B4KK15,114.278603,22.7244,1336
粤B4KK15,114.278603,22.7244,1337
粤B4KK15,114.278603,22.7244,1337
粤B4KK15,114.278603,22.7244,1338
粤B4KK15,114.278603,22.7244,1338
粤B4KK15,114.278603,22.7244,1339
粤B4KK15,114.278603,22.7244,1339
粤B4KK15,114.278603,22.7244,1340
粤B4KK15,114.278603,22.7244,1340
粤B4KK15,114.278603,22.7244,1341
粤B4KK15,114.278603,22.7244,1341
粤B4KK15,114.278603,22.7244,1342
粤B4KK15,114.278603,22.7244,1342
粤B4KK15,114.278603,22.7244,1343
粤B4KK15,114.278603,22.7244,1343
粤B4KK15,114.278603,22.7244,1344
粤B4KK15,114.278603,22.7244,1344
粤B4KK15,114.278603,22.7244,1345
粤B4KK15,114.278603,22.7244,1345
粤B4KK15,114.278603,22.7244,1346
粤B4KK15,114.278603,22.7244,1347
粤B4KK15,114.278603,22.7244,1347
粤B4KK15,114.278603,22.7244,1348
粤B4KK15,114.278603,22.7244,1348
粤B4KK15,114.278603,22.7244,1349
粤B4KK15,114.278603,22.7244,1349
粤B4KK15,114.278603,22.7244,1350
粤B4KK15,114.278603,22.7244,1350
粤B4KK15,114.278603,22.7244,1351
粤B4KK15,114.278603,22.7244,1351
粤B4KK15,114.278603,22.7244,1352
粤B4KK15,114.278603,22.7244,1352
粤B4KK15,114.278603,22.7244,1353
粤B4KK15,114.278603,22.7244,1354
粤B4KK15,114.278603,22.7244,1354
粤B4KK15,114.278603,22.7244,1355
粤B4KK15,114.278603,22.7244,1357
粤B4KK15,114.278603,22.7244,1358
粤B4KK15,114.278603,22.7244,1359
粤B4KK15,114.278603,22.7244,1360
粤B4KK15,114.278603,22.7244,1362
粤B4KK15,114.278603,22.7244,1363
粤B4KK15,114.278603,22.7244,1364
粤B4KK15,114.278603,22.7244,1365
粤B4KK15,114.278603,22.7244,1366
粤B4KK15,114.278603,22.7244,1367
粤B4KK15,114.278603,22.7244,1367
粤B4KK15,114.278603,22.7244,1368
粤B4KK15,114.278603,22.7244,1369
粤B4KK15,114.278603,22.7244,1369
粤B4KK15,114.278603,22.7244,1370
粤B4KK15,114.278603,22.7244,1370
粤B4KK15,114.278603,22.7244,1371
粤B4KK15,114.278603,22.7244,1372
粤B4KK15,114.278603,22.7244,1373
粤B4KK15,114.278603,22.7244,1373
粤B4KK15,114.278603,22.7244,1374
粤B4KK15,114.278603,22.7244,1375
粤B4KK15,114.278603,22.7244,1375
粤B4KK15,114.278603,22.7244,1376
粤B4KK15,114.278603,22.7244,1376
粤B4KK15,114.278603,22.7244,1377
粤B4KK15,114.278603,22.7244,1377
粤B4KK15,114.278603,22.7244,1378
粤B4KK15,114.278603,22.7244,1378
粤B4KK15,114.278603,22.7244,1379
粤B4KK15,114.278603,22.7244,1379
粤B4KK15,114.278603,22.7244,1380
粤B4KK15,114.280502,22.7234,1380
粤B4KK15,114.2826,22.722601,1381
粤B4KK15,114.284103,22.721901,1381
粤B4KK15,114.2855,22.7218,1382
粤B4KK15,114.285896,22.7236,1382
粤B4KK15,114.286003,22.724899,1383
粤B4KK15,114.286301,22.7265,1383
粤B4KK15,114.2882,22.7258,1384
粤B4KK15,114.289902,22.724899,1384
粤B4KK15,114.280502,22.728701,1385
粤B4KK15,114.2836,22.7276,1385
粤B4KK15,114.277702,22.731199,1386
粤B4KK15,114.276299,22.7334,1386
粤B4KK15,114.269997,22.7316,1387
粤B4KK15,114.272202,22.731501,1387
粤B4KK15,114.269699,22.7325,1388
粤B4KK15,114.268204,22.732401,1388
粤B4KK15,114.265198,22.732599,1389
粤B4KK15,114.266296,22.7323,1389
粤B4KK15,114.262299,22.733601,1390
粤B4KK15,114.261497,22.7339,1390
粤B4KK15,114.257896,22.735201,1391
粤B4KK15,114.257103,22.7356,1391
粤B4KK15,114.257103,22.7356,1392
粤B4KK15,114.254898,22.7363,1392
粤B4KK15,114.251701,22.735701,1393
粤B4KK15,114.248901,22.7348,1393
粤B4KK15,114.246696,22.7341,1394
粤B4KK15,114.245697,22.7344,1396
粤B4KK15,114.244003,22.7332,1396
粤B4KK15,114.245697,22.7344,1396
粤B4KK15,114.239098,22.7321,1397
粤B4KK15,114.240501,22.732201,1397
粤B4KK15,114.239098,22.7321,1398
粤B4KK15,114.239197,22.732,1398
粤B4KK15,114.245399,22.7335,1399
粤B4KK15,114.242401,22.732599,1399
粤B4KK15,114.247398,22.7323,1400
粤B4KK15,114.247498,22.728701,1400
粤B4KK15,114.247597,22.7286,1401
粤B4KK15,114.247498,22.728701,1401
粤B4KK15,114.247597,22.726601,1402
粤B4KK15,114.247597,22.726601,1402
粤B4KK15,114.248596,22.7271,1403
粤B4KK15,114.249496,22.7279,1403
粤B4KK15,114.250397,22.728701,1404
粤B4KK15,114.248398,22.7269,1405
粤B4KK15,114.247704,22.7307,1406
粤B4KK15,114.247498,22.734301,1407
粤B4KK15,114.239197,22.732201,1408
粤B4KK15,114.233398,22.7321,1409
粤B4KK15,114.235397,22.7321,1409
粤B4KK15,114.228897,22.731899,1410
粤B4KK15,114.228401,22.731899,1410
粤B4KK15,114.226097,22.7321,1411
粤B4KK15,114.226097,22.7321,1411
粤B4KK15,114.2285,22.7302,1412
粤B4KK15,114.227303,22.731701,1412
粤B4KK15,114.2314,22.728701,1413
粤B4KK15,114.2313,22.729799,1413
粤B4KK15,114.233299,22.7281,1414
粤B4KK15,114.233398,22.7241,1414
粤B4KK15,114.233498,22.722601,1415
粤B4KK15,114.233498,22.722601,1415
粤B4KK15,114.233704,22.7181,1416
粤B4KK15,114.231697,22.711901,1417
粤B4KK15,114.234703,22.7148,1417
粤B4KK15,114.232399,22.7061,1418
粤B4KK15,114.228897,22.709101,1418
粤B4KK15,114.230904,22.7029,1419
粤B4KK15,114.228798,22.699301,1420
粤B4KK15,114.229698,22.700899,1420
粤B4KK15,114.229698,22.700899,1420
粤B4KK15,114.230301,22.698,1421
粤B4KK15,114.237,22.6961,1422
粤B4KK15,114.235199,22.695101,1422
粤B4KK15,114.244003,22.698999,1423
粤B4KK15,114.240097,22.6996,1423
粤B4KK15,114.249603,22.697701,1424
粤B4KK15,114.253304,22.695299,1424
粤B4KK15,114.2612,22.691999,1425
粤B4KK15,114.2575,22.692801,1425
粤B4KK15,114.262497,22.6917,1426
粤B4KK15,114.262497,22.6917,1426
粤B4KK15,114.262802,22.691601,1427
粤B4KK15,114.262802,22.691601,1427
粤B4KK15,114.263603,22.6915,1428
粤B4KK15,114.262802,22.691601,1428
粤B4KK15,114.267097,22.691,1429
粤B4KK15,114.2677,22.690901,1429
粤B4KK15,114.272903,22.691,1430
粤B4KK15,114.270599,22.6908,1430
粤B4KK15,114.272903,22.693399,1431
粤B4KK15,114.272903,22.694201,1431
粤B4KK15,114.272903,22.695999,1432
粤B4KK15,114.272903,22.6957,1432
粤B4KK15,114.269096,22.7013,1433
粤B4KK15,114.271103,22.6989,1433
粤B4KK15,114.268898,22.7015,1434
粤B4KK15,114.2668,22.703699,1434
粤B4KK15,114.264503,22.7062,1435
