粤BY5W42,114.016602,22.5315,7
粤BY5W42,114.020599,22.532301,7
粤BY5W42,114.016403,22.5338,8
粤BY5W42,114.018997,22.5373,10
粤BY5W42,114.018997,22.5373,11
粤BY5W42,114.018997,22.5373,13
粤BY5W42,114.019203,22.537201,13
粤BY5W42,114.019501,22.5362,13
粤BY5W42,114.020401,22.5345,14
粤BY5W42,114.023102,22.534901,14
粤BY5W42,114.0196,22.534901,14
粤BY5W42,114.024498,22.534201,15
粤BY5W42,114.032402,22.5263,16
粤BY5W42,114.033203,22.527,17
粤BY5W42,114.032402,22.5263,17
粤BY5W42,114.034897,22.5282,18
粤BY5W42,114.034897,22.5282,18
粤BY5W42,114.0383,22.527599,20
粤BY5W42,114.038803,22.5263,20
粤BY5W42,114.039001,22.5245,20
粤BY5W42,114.034302,22.5254,21
粤BY5W42,114.0383,22.523899,21
粤BY5W42,114.032799,22.526199,22
粤BY5W42,114.028801,22.5284,23
粤BY5W42,114.020103,22.5322,24
粤BY5W42,114.016403,22.5315,25
粤BY5W42,114.015404,22.5327,25
粤BY5W42,114.018997,22.5376,27
粤BY5W42,114.018898,22.5378,28
粤BY5W42,114.041801,22.5422,31
粤BY5W42,114.044403,22.5474,32
粤BY5W42,114.041603,22.560801,34
粤BY5W42,114.050598,22.567301,38
粤BY5W42,114.054703,22.567499,39
粤BY5W42,114.059601,22.5676,42
粤BY5W42,114.058601,22.5709,43
粤BY5W42,114.064598,22.572599,45
粤BY5W42,114.065598,22.571501,45
粤BY5W42,114.0672,22.5711,46
粤BY5W42,114.0672,22.5711,46
粤BY5W42,114.0672,22.5711,47
粤BY5W42,114.0672,22.571199,48
粤BY5W42,114.0672,22.5711,48
粤BY5W42,114.0672,22.571199,48
粤BY5W42,114.0672,22.571199,49
粤BY5W42,114.0672,22.571199,49
粤BY5W42,114.0672,22.571199,52
粤BY5W42,114.0672,22.571199,52
粤BY5W42,114.0672,22.571199,53
粤BY5W42,114.0672,22.571199,53
粤BY5W42,114.0672,22.571199,53
粤BY5W42,114.0653,22.569,55
粤BY5W42,114.055,22.565201,56
粤BY5W42,114.062599,22.568399,56
粤BY5W42,114.050598,22.5651,57
粤BY5W42,114.042198,22.564199,57
粤BY5W42,114.046097,22.5651,57
粤BY5W42,114.040901,22.5564,59
粤BY5W42,114.038101,22.556101,60
粤BY5W42,114.0354,22.555401,60
粤BY5W42,114.034103,22.554199,60
粤BY5W42,114.033699,22.552,61
粤BY5W42,114.036003,22.5518,62
粤BY5W42,114.040001,22.5501,63
粤BY5W42,114.044197,22.5504,65
粤BY5W42,114.044403,22.531601,66
粤BY5W42,114.044403,22.534599,66
粤BY5W42,114.050598,22.5313,68
粤BY5W42,114.047302,22.5312,68
粤BY5W42,114.059502,22.526199,70
粤BY5W42,114.060097,22.524599,70
粤BY5W42,114.060402,22.523199,71
粤BY5W42,114.063004,22.5194,72
粤BY5W42,114.067398,22.5194,74
粤BY5W42,114.067398,22.5194,74
粤BY5W42,114.067398,22.5194,74
粤BY5W42,114.067398,22.519699,75
粤BY5W42,114.067101,22.5205,75
粤BY5W42,114.060699,22.522301,77
粤BY5W42,114.059303,22.527399,78
粤BY5W42,114.059303,22.527399,79
粤BY5W42,114.057198,22.5277,80
粤BY5W42,114.057198,22.5277,80
粤BY5W42,114.057198,22.5277,81
粤BY5W42,114.057198,22.5277,81
粤BY5W42,114.057198,22.5277,81
粤BY5W42,114.057198,22.5277,81
粤BY5W42,114.057098,22.527599,82
粤BY5W42,114.058701,22.5303,83
粤BY5W42,114.063004,22.5315,84
粤BY5W42,114.059502,22.531401,84
粤BY5W42,114.069801,22.5315,85
粤BY5W42,114.071899,22.5313,85
粤BY5W42,114.071899,22.530399,86
粤BY5W42,114.071899,22.530399,86
粤BY5W42,114.071198,22.5263,87
粤BY5W42,114.071098,22.526199,88
粤BY5W42,114.068398,22.5326,89
粤BY5W42,114.057999,22.534,91
粤BY5W42,114.057999,22.5352,91
粤BY5W42,114.058098,22.534,92
粤BY5W42,114.058296,22.530899,92
粤BY5W42,114.058701,22.527599,93
粤BY5W42,114.057098,22.5278,95
粤BY5W42,114.057098,22.5278,96
粤BY5W42,114.057098,22.5278,96
粤BY5W42,114.051804,22.525801,98
粤BY5W42,114.049896,22.525801,99
粤BY5W42,114.0467,22.525801,99
粤BY5W42,114.045303,22.5257,100
粤BY5W42,114.045303,22.5257,100
粤BY5W42,114.0513,22.5259,102
粤BY5W42,114.053001,22.531401,103
粤BY5W42,114.055496,22.531401,103
粤BY5W42,114.051598,22.5303,103
粤BY5W42,114.056999,22.527599,105
粤BY5W42,114.0569,22.5275,105
粤BY5W42,114.0569,22.5275,106
粤BY5W42,114.0569,22.5275,107
粤BY5W42,114.0569,22.5275,107
粤BY5W42,114.060097,22.5277,109
粤BY5W42,114.058403,22.527599,109
粤BY5W42,114.062103,22.527201,110
粤BY5W42,114.062202,22.5264,110
粤BY5W42,114.062202,22.5264,111
粤BY5W42,114.059303,22.527599,113
粤BY5W42,114.060097,22.527599,113
粤BY5W42,114.061798,22.527599,113
粤BY5W42,114.057098,22.527599,114
粤BY5W42,114.057098,22.527599,116
粤BY5W42,114.057098,22.527599,116
粤BY5W42,114.057098,22.527599,117
粤BY5W42,114.057098,22.527599,117
粤BY5W42,114.057098,22.527599,118
粤BY5W42,114.057098,22.527599,120
粤BY5W42,114.057098,22.527599,120
粤BY5W42,114.057098,22.527599,120
粤BY5W42,114.057098,22.527599,123
粤BY5W42,114.057098,22.527599,124
粤BY5W42,114.057098,22.527599,125
粤BY5W42,114.057098,22.527599,127
粤BY5W42,114.057098,22.527599,127
粤BY5W42,114.057098,22.527599,128
粤BY5W42,114.057098,22.527599,128
粤BY5W42,114.057098,22.527599,129
粤BY5W42,114.057098,22.527599,129
粤BY5W42,114.057602,22.5277,131
粤BY5W42,114.0588,22.5301,132
粤BY5W42,114.063797,22.531401,133
粤BY5W42,114.068001,22.5212,135
粤BY5W42,114.065498,22.524099,135
粤BY5W42,114.065201,22.5229,135
粤BY5W42,114.0662,22.5226,135
粤BY5W42,114.0681,22.521601,136
粤BY5W42,114.067902,22.521099,136
粤BY5W42,114.0681,22.521601,136
粤BY5W42,114.069,22.524099,139
粤BY5W42,114.0681,22.524401,139
粤BY5W42,114.068199,22.529499,140
粤BY5W42,114.0672,22.5261,140
粤BY5W42,114.067902,22.5499,142
粤BY5W42,114.067703,22.557699,144
粤BY5W42,114.065201,22.5581,144
粤BY5W42,114.060501,22.5613,146
粤BY5W42,114.0606,22.5613,146
粤BY5W42,114.060501,22.5613,146
粤BY5W42,114.060501,22.5613,147
粤BY5W42,114.060501,22.5613,147
粤BY5W42,114.060501,22.5613,150
粤BY5W42,114.060501,22.5613,150
粤BY5W42,114.060501,22.5613,150
粤BY5W42,114.060501,22.5613,151
粤BY5W42,114.060501,22.5613,151
粤BY5W42,114.060501,22.5613,152
粤BY5W42,114.060501,22.5613,152
粤BY5W42,114.060501,22.5613,152
粤BY5W42,114.060501,22.5613,153
粤BY5W42,114.060501,22.5613,154
粤BY5W42,114.060501,22.5613,155
粤BY5W42,114.060501,22.5613,157
粤BY5W42,114.060501,22.5613,157
粤BY5W42,114.060501,22.5613,158
粤BY5W42,114.060501,22.5613,158
粤BY5W42,114.060501,22.5613,159
粤BY5W42,114.060501,22.5613,159
粤BY5W42,114.060501,22.5613,161
粤BY5W42,114.060501,22.5613,162
粤BY5W42,114.060501,22.5613,162
粤BY5W42,114.060501,22.5613,163
粤BY5W42,114.060501,22.5613,165
粤BY5W42,114.060501,22.5613,165
粤BY5W42,114.060501,22.5613,165
粤BY5W42,114.060501,22.5613,166
粤BY5W42,114.060501,22.5613,166
粤BY5W42,114.060501,22.5613,166
粤BY5W42,114.060501,22.5613,167
粤BY5W42,114.060501,22.5613,168
粤BY5W42,114.060501,22.5613,169
粤BY5W42,114.060501,22.5613,169
粤BY5W42,114.060501,22.5613,169
粤BY5W42,114.060501,22.5613,170
粤BY5W42,114.060501,22.5613,170
粤BY5W42,114.060501,22.5613,170
粤BY5W42,114.060501,22.5613,172
粤BY5W42,114.060501,22.5613,173
粤BY5W42,114.060501,22.5613,173
粤BY5W42,114.060501,22.5613,174
粤BY5W42,114.060501,22.5613,177
粤BY5W42,114.060501,22.5613,177
粤BY5W42,114.060501,22.5613,177
粤BY5W42,114.060501,22.5613,178
粤BY5W42,114.060501,22.5613,178
粤BY5W42,114.060501,22.5613,180
粤BY5W42,114.060501,22.5613,181
粤BY5W42,114.060501,22.5613,181
粤BY5W42,114.060501,22.5613,191
粤BY5W42,114.060501,22.5613,192
粤BY5W42,114.060501,22.5613,192
粤BY5W42,114.060501,22.5613,193
粤BY5W42,114.060501,22.5613,195
粤BY5W42,114.060501,22.5613,195
粤BY5W42,114.060501,22.5613,195
粤BY5W42,114.060501,22.5613,196
粤BY5W42,114.060501,22.5613,196
粤BY5W42,114.060501,22.5613,199
粤BY5W42,114.060501,22.5613,199
粤BY5W42,114.060501,22.5613,200
粤BY5W42,114.060501,22.5613,202
粤BY5W42,114.060501,22.5613,203
粤BY5W42,114.060501,22.5613,203
粤BY5W42,114.060501,22.5613,203
粤BY5W42,114.060501,22.5613,204
粤BY5W42,114.060501,22.5613,204
粤BY5W42,114.060501,22.5613,206
粤BY5W42,114.060501,22.5613,206
粤BY5W42,114.060501,22.5613,207
粤BY5W42,114.060501,22.5613,207
粤BY5W42,114.060501,22.5613,208
粤BY5W42,114.060501,22.5613,210
粤BY5W42,114.060501,22.5613,211
粤BY5W42,114.060501,22.5613,211
粤BY5W42,114.060501,22.5613,211
粤BY5W42,114.060501,22.5613,212
粤BY5W42,114.060501,22.5613,212
粤BY5W42,114.060501,22.5613,213
粤BY5W42,114.060501,22.5613,214
粤BY5W42,114.060501,22.5613,214
粤BY5W42,114.060501,22.5613,215
粤BY5W42,114.060501,22.5613,215
粤BY5W42,114.060501,22.5613,215
粤BY5W42,114.060501,22.5613,217
粤BY5W42,114.060501,22.5613,218
粤BY5W42,114.060501,22.5613,221
粤BY5W42,114.060501,22.5613,221
粤BY5W42,114.060501,22.5613,221
粤BY5W42,114.060501,22.5613,222
粤BY5W42,114.060501,22.5613,222
粤BY5W42,114.060501,22.5613,222
粤BY5W42,114.060501,22.5613,223
粤BY5W42,114.060501,22.5613,223
粤BY5W42,114.060501,22.5613,225
粤BY5W42,114.060501,22.5613,225
粤BY5W42,114.060501,22.5613,225
粤BY5W42,114.060501,22.5613,226
粤BY5W42,114.060501,22.5613,226
粤BY5W42,114.060501,22.5613,227
粤BY5W42,114.060501,22.5613,228
粤BY5W42,114.060501,22.5613,229
粤BY5W42,114.060501,22.5613,229
粤BY5W42,114.060501,22.5613,229
粤BY5W42,114.060501,22.5613,230
粤BY5W42,114.060501,22.5613,230
粤BY5W42,114.060501,22.5613,232
粤BY5W42,114.060501,22.561199,233
粤BY5W42,114.059898,22.560801,233
粤BY5W42,114.0569,22.562401,234
粤BY5W42,114.054199,22.562401,234
粤BY5W42,114.044098,22.5546,236
粤BY5W42,114.0438,22.5569,236
粤BY5W42,114.044197,22.5509,238
粤BY5W42,114.044197,22.549101,238
粤BY5W42,114.047798,22.5415,240
粤BY5W42,114.047997,22.5403,240
粤BY5W42,114.047997,22.5387,241
粤BY5W42,114.047997,22.5387,242
粤BY5W42,114.047897,22.538,244
粤BY5W42,114.047897,22.538,245
粤BY5W42,114.047897,22.538,245
粤BY5W42,114.0439,22.535801,248
粤BY5W42,114.044296,22.5373,248
粤BY5W42,114.0382,22.5308,249
粤BY5W42,114.012703,22.5305,251
粤BY5W42,114.016998,22.5315,251
粤BY5W42,114.000999,22.530199,252
粤BY5W42,113.996803,22.5291,252
粤BY5W42,113.992897,22.5268,253
粤BY5W42,113.968002,22.5229,255
粤BY5W42,113.960297,22.5229,255
粤BY5W42,113.956596,22.523199,256
粤BY5W42,113.952904,22.523701,256
粤BY5W42,113.950104,22.5243,257
粤BY5W42,113.951797,22.5378,259
粤BY5W42,113.951797,22.5378,259
粤BY5W42,113.949303,22.5394,260
粤BY5W42,113.949097,22.5396,260
粤BY5W42,113.948601,22.538401,263
粤BY5W42,113.947197,22.5371,263
粤BY5W42,113.944901,22.535801,264
粤BY5W42,113.947197,22.5362,264
粤BY5W42,113.934196,22.533001,266
粤BY5W42,113.931602,22.5306,266
粤BY5W42,113.927299,22.5284,267
粤BY5W42,113.929298,22.528,267
粤BY5W42,113.925598,22.528799,268
粤BY5W42,113.9244,22.530701,270
粤BY5W42,113.9244,22.530701,270
粤BY5W42,113.923698,22.526699,271
粤BY5W42,113.925301,22.5254,272
粤BY5W42,113.947098,22.524099,273
粤BY5W42,113.955902,22.5231,274
粤BY5W42,113.960297,22.522699,275
粤BY5W42,113.9935,22.526899,277
粤BY5W42,114.005898,22.529699,278
粤BY5W42,114.017303,22.531401,279
粤BY5W42,114.010002,22.5298,279
粤BY5W42,114.0438,22.531099,282
粤BY5W42,114.044601,22.536699,283
粤BY5W42,114.048103,22.538099,285
粤BY5W42,114.048103,22.538099,286
粤BY5W42,114.048103,22.538099,286
粤BY5W42,114.048103,22.538099,286
粤BY5W42,114.048103,22.538099,287
粤BY5W42,114.048103,22.538099,287
粤BY5W42,114.058296,22.5425,290
粤BY5W42,114.062103,22.542601,290
粤BY5W42,114.066299,22.5427,291
粤BY5W42,114.081902,22.5432,292
粤BY5W42,114.087898,22.542801,293
粤BY5W42,114.083397,22.542801,294
粤BY5W42,114.079201,22.5429,295
粤BY5W42,114.069099,22.5432,296
粤BY5W42,114.068001,22.535999,297
粤BY5W42,114.068001,22.5399,297
粤BY5W42,114.061897,22.532301,298
粤BY5W42,114.064796,22.5319,298
粤BY5W42,114.063004,22.531401,299
粤BY5W42,114.061096,22.521299,301
粤BY5W42,114.059097,22.520201,301
粤BY5W42,114.061096,22.521299,301
粤BY5W42,114.0578,22.520201,303
粤BY5W42,114.057198,22.5236,305
粤BY5W42,114.057503,22.5224,305
粤BY5W42,114.056503,22.5235,306
粤BY5W42,114.056503,22.5235,306
粤BY5W42,114.056503,22.522699,308
粤BY5W42,114.056503,22.5194,309
粤BY5W42,114.051498,22.518101,310
粤BY5W42,114.054298,22.518499,310
粤BY5W42,114.044403,22.525499,312
粤BY5W42,114.043198,22.5231,312
粤BY5W42,114.044601,22.525999,313
粤BY5W42,114.044899,22.5289,313
粤BY5W42,114.044403,22.525499,313
粤BY5W42,114.044601,22.5326,314
粤BY5W42,114.044502,22.5366,314
粤BY5W42,114.048203,22.538401,316
粤BY5W42,114.048203,22.538401,316
粤BY5W42,114.048203,22.538401,317
粤BY5W42,114.048203,22.538401,317
粤BY5W42,114.048203,22.538401,318
粤BY5W42,114.048203,22.538401,319
粤BY5W42,114.048203,22.538401,320
粤BY5W42,114.048203,22.538401,321
粤BY5W42,114.048203,22.538401,322
粤BY5W42,114.048203,22.538401,323
粤BY5W42,114.048203,22.538401,323
粤BY5W42,114.048203,22.538401,324
粤BY5W42,114.048203,22.538401,324
粤BY5W42,114.048203,22.538401,325
粤BY5W42,114.048203,22.538401,325
粤BY5W42,114.048203,22.538401,325
粤BY5W42,114.048203,22.538401,327
粤BY5W42,114.048203,22.538401,327
粤BY5W42,114.048203,22.538401,328
粤BY5W42,114.048203,22.538401,331
粤BY5W42,114.048203,22.538401,331
粤BY5W42,114.048203,22.538401,332
粤BY5W42,114.048203,22.538401,332
粤BY5W42,114.048203,22.538401,332
粤BY5W42,114.048203,22.538401,333
粤BY5W42,114.048203,22.538401,334
粤BY5W42,114.048203,22.538401,335
粤BY5W42,114.048203,22.538401,336
粤BY5W42,114.048203,22.538401,337
粤BY5W42,114.048203,22.538401,338
粤BY5W42,114.048203,22.538401,339
粤BY5W42,114.048203,22.538401,339
粤BY5W42,114.048203,22.538401,339
粤BY5W42,114.048203,22.538401,340
粤BY5W42,114.048203,22.538401,340
粤BY5W42,114.048203,22.538401,342
粤BY5W42,114.048203,22.538401,342
粤BY5W42,114.044502,22.5338,344
粤BY5W42,114.043503,22.5364,344
粤BY5W42,114.044899,22.5278,345
粤BY5W42,114.044601,22.5268,346
粤BY5W42,114.044601,22.5312,347
粤BY5W42,114.044502,22.538601,348
粤BY5W42,114.044601,22.535,348
粤BY5W42,114.060402,22.542601,350
粤BY5W42,114.067497,22.5427,351
粤BY5W42,114.068901,22.542601,351
粤BY5W42,114.068001,22.552,352
粤BY5W42,114.0681,22.5457,352
粤BY5W42,114.068001,22.548901,352
粤BY5W42,114.080299,22.5581,354
粤BY5W42,114.0868,22.5658,355
粤BY5W42,114.082802,22.560101,355
粤BY5W42,114.089798,22.5669,356
粤BY5W42,114.101097,22.5814,359
粤BY5W42,114.101898,22.5818,359
粤BY5W42,114.101898,22.582399,360
粤BY5W42,114.101898,22.582399,360
粤BY5W42,114.101898,22.582399,362
粤BY5W42,114.101898,22.582399,363
粤BY5W42,114.101898,22.582399,363
粤BY5W42,114.101898,22.582399,363
粤BY5W42,114.101898,22.582399,364
粤BY5W42,114.101898,22.582399,364
粤BY5W42,114.101898,22.582399,366
粤BY5W42,114.101898,22.582399,367
粤BY5W42,114.101898,22.582399,367
粤BY5W42,114.101898,22.582399,367
粤BY5W42,114.101898,22.582399,368
粤BY5W42,114.101898,22.582399,368
粤BY5W42,114.101898,22.582399,370
粤BY5W42,114.101898,22.582399,370
粤BY5W42,114.101898,22.582399,371
粤BY5W42,114.101898,22.582399,371
粤BY5W42,114.101898,22.582399,371
粤BY5W42,114.101898,22.582399,372
粤BY5W42,114.101898,22.582399,374
粤BY5W42,114.101898,22.582399,374
粤BY5W42,114.101898,22.582399,374
粤BY5W42,114.101898,22.582399,375
粤BY5W42,114.101898,22.582399,375
粤BY5W42,114.101898,22.582399,375
粤BY5W42,114.101898,22.582399,376
粤BY5W42,114.101898,22.582399,378
粤BY5W42,114.101898,22.582399,378
粤BY5W42,114.101898,22.582399,379
粤BY5W42,114.101898,22.582399,380
粤BY5W42,114.101898,22.582399,381
粤BY5W42,114.101898,22.582399,382
粤BY5W42,114.101898,22.582399,382
粤BY5W42,114.101898,22.582399,383
粤BY5W42,114.101898,22.582399,383
粤BY5W42,114.1017,22.5825,385
粤BY5W42,114.1017,22.5825,386
粤BY5W42,114.1017,22.5825,386
粤BY5W42,114.1017,22.5825,389
粤BY5W42,114.1017,22.5825,390
粤BY5W42,114.1017,22.5825,390
粤BY5W42,114.1017,22.5825,391
粤BY5W42,114.1017,22.5825,391
粤BY5W42,114.1017,22.5825,391
粤BY5W42,114.1017,22.5825,393
粤BY5W42,114.1017,22.5825,393
粤BY5W42,114.1017,22.5825,394
粤BY5W42,114.1017,22.5825,394
粤BY5W42,114.1017,22.5825,395
粤BY5W42,114.103203,22.5881,397
粤BY5W42,114.101196,22.585699,397
粤BY5W42,114.1054,22.5898,397
粤BY5W42,114.108002,22.5928,398
粤BY5W42,114.113403,22.599701,400
粤BY5W42,114.117203,22.604601,401
粤BY5W42,114.115601,22.602699,401
粤BY5W42,114.114098,22.600599,401
粤BY5W42,114.117203,22.6047,402
粤BY5W42,114.117203,22.6047,402
粤BY5W42,114.116402,22.6098,405
粤BY5W42,114.116402,22.6098,408
粤BY5W42,114.116402,22.6098,408
粤BY5W42,114.116402,22.6098,408
粤BY5W42,114.116402,22.6098,409
粤BY5W42,114.116402,22.6098,409
粤BY5W42,114.116402,22.6098,409
粤BY5W42,114.116402,22.6098,410
粤BY5W42,114.116402,22.6098,411
粤BY5W42,114.116402,22.6098,412
粤BY5W42,114.116402,22.6098,412
粤BY5W42,114.116402,22.6098,413
粤BY5W42,114.116402,22.6098,413
粤BY5W42,114.116302,22.6098,416
粤BY5W42,114.116302,22.6098,416
粤BY5W42,114.116302,22.6098,417
粤BY5W42,114.116302,22.6098,417
粤BY5W42,114.116302,22.6098,420
粤BY5W42,114.116302,22.6098,421
粤BY5W42,114.116302,22.6098,422
粤BY5W42,114.115898,22.606501,424
粤BY5W42,114.115898,22.606501,424
粤BY5W42,114.117897,22.6052,425
粤BY5W42,114.119698,22.6049,425
粤BY5W42,114.117203,22.6052,425
粤BY5W42,114.121399,22.6033,427
粤BY5W42,114.121803,22.603201,428
粤BY5W42,114.124901,22.603399,429
粤BY5W42,114.125397,22.6036,429
粤BY5W42,114.127098,22.601,432
粤BY5W42,114.128098,22.599899,432
粤BY5W42,114.128601,22.599899,433
粤BY5W42,114.128601,22.599899,433
粤BY5W42,114.128899,22.6015,435
粤BY5W42,114.128899,22.601601,436
粤BY5W42,114.128899,22.601601,436
粤BY5W42,114.128899,22.601601,438
粤BY5W42,114.128899,22.601601,439
粤BY5W42,114.128899,22.602501,439
粤BY5W42,114.128899,22.602501,440
粤BY5W42,114.128899,22.6028,440
粤BY5W42,114.128899,22.6028,440
粤BY5W42,114.128899,22.6036,442
粤BY5W42,114.128899,22.602301,443
粤BY5W42,114.128899,22.602301,444
粤BY5W42,114.128899,22.602301,445
粤BY5W42,114.128899,22.602301,446
粤BY5W42,114.128799,22.601801,447
粤BY5W42,114.128799,22.601801,448
粤BY5W42,114.127197,22.6005,449
粤BY5W42,114.127197,22.6003,449
粤BY5W42,114.126999,22.601601,450
粤BY5W42,114.126198,22.6036,451
粤BY5W42,114.121597,22.6031,453
粤BY5W42,114.120102,22.603201,454
粤BY5W42,114.116501,22.601999,455
粤BY5W42,114.116302,22.601801,455
粤BY5W42,114.113503,22.6003,457
粤BY5W42,114.114998,22.6022,457
粤BY5W42,114.1101,22.5944,458
粤BY5W42,114.111504,22.586399,460
粤BY5W42,114.111603,22.586201,461
粤BY5W42,114.111702,22.5861,462
粤BY5W42,114.111702,22.5861,462
粤BY5W42,114.112602,22.5847,464
粤BY5W42,114.113197,22.584,465
粤BY5W42,114.113899,22.583099,466
粤BY5W42,114.115303,22.5791,467
粤BY5W42,114.115402,22.578699,468
粤BY5W42,114.115097,22.576799,468
粤BY5W42,114.113701,22.5767,469
粤BY5W42,114.099403,22.570299,471
粤BY5W42,114.098701,22.57,471
粤BY5W42,114.095398,22.5686,473
粤BY5W42,114.096298,22.568899,473
粤BY5W42,114.089203,22.567101,475
粤BY5W42,114.085899,22.568399,475
粤BY5W42,114.078499,22.572701,476
粤BY5W42,114.059601,22.567101,478
粤BY5W42,114.065002,22.568701,478
粤BY5W42,114.056099,22.5655,479
粤BY5W42,114.048599,22.5651,480
粤BY5W42,114.044998,22.565001,480
粤BY5W42,114.0429,22.5585,482
粤BY5W42,114.041496,22.562901,486
粤BY5W42,114.041496,22.562901,486
粤BY5W42,114.041496,22.562901,486
粤BY5W42,114.041496,22.562901,487
粤BY5W42,114.041496,22.562901,487
粤BY5W42,114.041496,22.562901,487
粤BY5W42,114.048103,22.564699,490
粤BY5W42,114.048798,22.5646,491
粤BY5W42,114.048897,22.564501,491
粤BY5W42,114.053497,22.5644,494
粤BY5W42,114.054802,22.564699,495
粤BY5W42,114.053497,22.5644,495
粤BY5W42,114.054802,22.564699,495
粤BY5W42,114.056702,22.565201,498
粤BY5W42,114.057297,22.565399,499
粤BY5W42,114.057701,22.5655,499
粤BY5W42,114.059502,22.563,501
粤BY5W42,114.059601,22.5639,501
粤BY5W42,114.059502,22.563,502
粤BY5W42,114.061996,22.562599,504
粤BY5W42,114.062302,22.561501,505
粤BY5W42,114.062103,22.5616,505
粤BY5W42,114.0625,22.5602,506
粤BY5W42,114.0625,22.559299,506
粤BY5W42,114.0625,22.559099,506
粤BY5W42,114.0625,22.5583,507
粤BY5W42,114.062599,22.556,508
粤BY5W42,114.062599,22.5548,508
粤BY5W42,114.062599,22.5609,511
粤BY5W42,114.062302,22.568899,512
粤BY5W42,114.061798,22.570601,512
粤BY5W42,114.062401,22.566999,512
粤BY5W42,114.058701,22.580999,514
粤BY5W42,114.058701,22.580999,515
粤BY5W42,114.045097,22.5944,516
粤BY5W42,114.033096,22.603901,518
粤BY5W42,114.031601,22.6054,518
粤BY5W42,114.034302,22.602699,518
粤BY5W42,114.029999,22.6071,519
粤BY5W42,114.025703,22.6124,521
粤BY5W42,114.026604,22.6113,522
粤BY5W42,114.028099,22.606199,524
粤BY5W42,114.026901,22.6054,525
粤BY5W42,114.026901,22.6054,525
粤BY5W42,114.025703,22.6047,526
粤BY5W42,114.025703,22.6047,528
粤BY5W42,114.025703,22.6047,528
粤BY5W42,114.025101,22.6043,529
粤BY5W42,114.0252,22.6043,529
粤BY5W42,114.024101,22.6038,530
粤BY5W42,114.024002,22.6035,530
粤BY5W42,114.025703,22.597799,533
粤BY5W42,114.023399,22.5954,533
粤BY5W42,114.022697,22.594,533
粤BY5W42,114.022301,22.5938,534
粤BY5W42,114.019302,22.592699,536
粤BY5W42,114.010002,22.5895,546
粤BY5W42,114.010002,22.5895,546
粤BY5W42,114.010002,22.5895,547
粤BY5W42,114.010002,22.5895,547
粤BY5W42,114.010002,22.5895,547
粤BY5W42,114.010002,22.5895,548
粤BY5W42,114.015701,22.555599,551
粤BY5W42,114.019402,22.549601,551
粤BY5W42,114.012497,22.5431,554
粤BY5W42,114.012497,22.5431,554
粤BY5W42,114.012497,22.5431,555
粤BY5W42,114.013603,22.5389,557
粤BY5W42,114.013603,22.5389,557
粤BY5W42,114.013496,22.539101,557
粤BY5W42,114.013702,22.5385,558
粤BY5W42,114.006302,22.5369,560
粤BY5W42,114.0065,22.538099,561
粤BY5W42,114.006104,22.537399,561
粤BY5W42,114.006699,22.5382,562
粤BY5W42,114.006699,22.5382,562
粤BY5W42,114.008102,22.5385,564
粤BY5W42,114.006302,22.538,564
粤BY5W42,114.005203,22.5378,565
粤BY5W42,114.003197,22.5376,566
粤BY5W42,114.003899,22.532,569
粤BY5W42,114.003601,22.5336,569
粤BY5W42,114.003799,22.5303,570
粤BY5W42,113.989403,22.525499,571
粤BY5W42,113.990601,22.525801,571
粤BY5W42,113.989304,22.5278,572
粤BY5W42,113.989304,22.5278,572
粤BY5W42,113.988998,22.5275,572
粤BY5W42,113.989304,22.5278,573
粤BY5W42,113.988998,22.5284,575
粤BY5W42,113.988998,22.5284,576
粤BY5W42,113.988998,22.5284,576
粤BY5W42,113.989601,22.5303,577
粤BY5W42,113.988701,22.529699,577
粤BY5W42,113.9935,22.5296,579
粤BY5W42,113.986603,22.524,581
粤BY5W42,113.9627,22.5228,583
粤BY5W42,113.966904,22.5229,583
粤BY5W42,113.945,22.524401,584
粤BY5W42,113.954903,22.523399,584
粤BY5W42,113.931198,22.525,586
粤BY5W42,113.927803,22.5252,586
粤BY5W42,113.926498,22.5343,590
粤BY5W42,113.926003,22.5334,590
粤BY5W42,113.927101,22.537201,591
粤BY5W42,113.927002,22.543699,593
粤BY5W42,113.927101,22.544901,593
粤BY5W42,113.9272,22.5457,594
粤BY5W42,113.927498,22.546301,594
粤BY5W42,113.931099,22.548901,597
粤BY5W42,113.930901,22.545,598
粤BY5W42,113.930901,22.5453,598
粤BY5W42,113.930702,22.5436,601
粤BY5W42,113.930702,22.5436,602
粤BY5W42,113.930702,22.5436,602
粤BY5W42,113.9272,22.5438,603
粤BY5W42,113.927803,22.5457,604
粤BY5W42,113.928398,22.545799,605
粤BY5W42,113.928398,22.545799,605
粤BY5W42,113.932503,22.5455,608
粤BY5W42,113.934196,22.5455,608
粤BY5W42,113.935699,22.545601,609
粤BY5W42,113.937401,22.5462,609
粤BY5W42,113.940598,22.543501,611
粤BY5W42,113.940697,22.544399,611
粤BY5W42,113.940498,22.5452,611
粤BY5W42,113.940598,22.5424,612
粤BY5W42,113.940697,22.540701,612
粤BY5W42,113.940697,22.539801,614
粤BY5W42,113.940697,22.539801,615
粤BY5W42,113.944603,22.539301,616
粤BY5W42,113.9487,22.5394,617
粤BY5W42,113.949203,22.5394,618
粤BY5W42,113.948997,22.5394,618
粤BY5W42,113.948997,22.5394,618
粤BY5W42,113.957703,22.5432,621
粤BY5W42,113.9589,22.5432,621
粤BY5W42,113.959396,22.5422,622
粤BY5W42,113.959099,22.538799,623
粤BY5W42,113.962196,22.533701,627
粤BY5W42,113.963898,22.533001,628
粤BY5W42,113.965698,22.532499,629
粤BY5W42,113.965698,22.5338,629
粤BY5W42,113.965698,22.533701,629
粤BY5W42,113.962196,22.533899,631
粤BY5W42,113.962402,22.533701,631
粤BY5W42,113.962196,22.533899,632
粤BY5W42,113.962196,22.533899,634
粤BY5W42,113.962196,22.533899,635
粤BY5W42,113.962196,22.533899,635
粤BY5W42,113.962196,22.533899,636
粤BY5W42,113.962196,22.533899,636
粤BY5W42,113.962196,22.533899,637
粤BY5W42,113.962196,22.533899,639
粤BY5W42,113.962097,22.5345,639
粤BY5W42,113.962097,22.534201,639
粤BY5W42,113.9618,22.537901,640
粤BY5W42,113.961899,22.5366,640
粤BY5W42,113.9618,22.5382,641
粤BY5W42,113.961899,22.540001,641
粤BY5W42,113.963799,22.5417,642
粤BY5W42,113.962196,22.533899,642
粤BY5W42,113.970497,22.5392,644
粤BY5W42,113.9674,22.5404,644
粤BY5W42,113.9674,22.5404,644
粤BY5W42,113.971802,22.5387,645
粤BY5W42,113.973801,22.537901,645
粤BY5W42,113.9757,22.540001,648
粤BY5W42,113.9674,22.5404,648
粤BY5W42,113.976601,22.540501,649
粤BY5W42,113.976898,22.5406,649
粤BY5W42,113.980698,22.5389,651
粤BY5W42,113.9841,22.536301,651
粤BY5W42,113.989403,22.5357,652
粤BY5W42,114.004204,22.535801,654
粤BY5W42,114.004501,22.535801,654
粤BY5W42,114.002296,22.535601,654
粤BY5W42,114.027,22.5399,657
粤BY5W42,114.029999,22.5404,658
粤BY5W42,114.031601,22.540701,658
粤BY5W42,114.034103,22.5411,659
粤BY5W42,114.0467,22.541401,661
粤BY5W42,114.0467,22.541401,662
粤BY5W42,114.0467,22.541401,662
粤BY5W42,114.047096,22.5417,664
粤BY5W42,114.0467,22.541401,664
粤BY5W42,114.047501,22.5418,665
粤BY5W42,114.071999,22.542999,668
粤BY5W42,114.075401,22.542999,668
粤BY5W42,114.075203,22.542999,668
粤BY5W42,114.0755,22.542999,669
粤BY5W42,114.077003,22.5431,669
粤BY5W42,114.078598,22.5431,670
粤BY5W42,114.087402,22.5432,671
粤BY5W42,114.087997,22.5436,672
粤BY5W42,114.087997,22.5436,672
粤BY5W42,114.087997,22.5436,672
粤BY5W42,114.087997,22.544001,673
粤BY5W42,114.087997,22.5473,674
粤BY5W42,114.091103,22.546301,675
粤BY5W42,114.088898,22.547199,675
粤BY5W42,114.084702,22.5432,678
粤BY5W42,114.078598,22.5431,679
粤BY5W42,114.075401,22.542999,680
粤BY5W42,114.052696,22.542801,682
粤BY5W42,114.047897,22.542601,682
粤BY5W42,114.038002,22.542,684
粤BY5W42,114.0308,22.5408,687
粤BY5W42,114.018204,22.539101,689
粤BY5W42,114.018303,22.539101,689
粤BY5W42,114.019897,22.5392,689
粤BY5W42,114.018097,22.5397,690
粤BY5W42,114.021698,22.541,692
粤BY5W42,114.020897,22.5408,692
粤BY5W42,114.017899,22.540199,695
粤BY5W42,114.0187,22.5404,695
粤BY5W42,114.018097,22.5394,696
粤BY5W42,114.014702,22.5382,697
粤BY5W42,113.998001,22.535299,698
粤BY5W42,113.990997,22.5355,699
粤BY5W42,113.994698,22.535,699
粤BY5W42,113.983902,22.5364,700
粤BY5W42,113.971802,22.539,702
粤BY5W42,113.973297,22.5383,702
粤BY5W42,113.971802,22.539,703
粤BY5W42,113.956398,22.5436,706
粤BY5W42,113.960602,22.5432,706
粤BY5W42,113.959,22.543501,706
粤BY5W42,113.953499,22.543501,707
粤BY5W42,113.953499,22.543501,712
粤BY5W42,113.9375,22.5462,712
粤BY5W42,113.938698,22.546101,713
粤BY5W42,113.939796,22.5462,714
粤BY5W42,113.940201,22.5462,715
粤BY5W42,113.940498,22.545401,715
粤BY5W42,113.940498,22.544701,716
粤BY5W42,113.940498,22.544701,716
粤BY5W42,113.9403,22.543501,717
粤BY5W42,113.937103,22.544201,719
粤BY5W42,113.937202,22.5434,719
粤BY5W42,113.939499,22.544701,720
粤BY5W42,113.940598,22.5436,721
粤BY5W42,113.940598,22.5422,721
粤BY5W42,113.9533,22.543301,724
粤BY5W42,113.959,22.5434,725
粤BY5W42,113.959999,22.544001,726
粤BY5W42,113.960098,22.5441,727
粤BY5W42,113.960098,22.5441,728
粤BY5W42,113.963799,22.543501,728
粤BY5W42,113.960098,22.5441,728
粤BY5W42,113.963799,22.5434,729
粤BY5W42,113.9636,22.542801,730
粤BY5W42,113.959999,22.5432,732
粤BY5W42,113.959702,22.542101,733
粤BY5W42,113.959503,22.541201,733
粤BY5W42,113.960098,22.542,735
粤BY5W42,113.960098,22.542,736
粤BY5W42,113.960098,22.542,739
粤BY5W42,113.960098,22.542,740
粤BY5W42,113.960098,22.542,740
粤BY5W42,113.960098,22.542,740
粤BY5W42,113.960197,22.5418,742
粤BY5W42,113.960197,22.5418,742
粤BY5W42,113.960197,22.5418,742
粤BY5W42,113.960197,22.5418,743
粤BY5W42,113.960197,22.5418,744
粤BY5W42,113.960197,22.5418,744
粤BY5W42,113.960197,22.5418,746
粤BY5W42,113.960197,22.5418,747
粤BY5W42,113.960197,22.5418,748
粤BY5W42,113.960197,22.5418,749
粤BY5W42,113.960197,22.5418,749
粤BY5W42,113.960197,22.5418,750
粤BY5W42,113.960197,22.5418,750
粤BY5W42,113.960197,22.5418,751
粤BY5W42,113.960197,22.5418,753
粤BY5W42,113.960197,22.5418,754
粤BY5W42,113.960197,22.5418,755
粤BY5W42,113.960197,22.5418,756
粤BY5W42,113.960197,22.5418,757
粤BY5W42,113.960197,22.5418,757
粤BY5W42,113.960197,22.5418,757
粤BY5W42,113.960197,22.5418,758
粤BY5W42,113.960197,22.5418,758
粤BY5W42,113.960197,22.5418,760
粤BY5W42,113.960197,22.5418,760
粤BY5W42,113.960197,22.5418,760
粤BY5W42,113.960197,22.5418,761
粤BY5W42,113.960197,22.5418,761
粤BY5W42,113.960197,22.5418,763
粤BY5W42,113.960197,22.5418,764
粤BY5W42,113.960197,22.5418,764
粤BY5W42,113.960197,22.5418,764
粤BY5W42,113.960197,22.5418,767
粤BY5W42,113.960197,22.5418,767
粤BY5W42,113.960197,22.5418,767
粤BY5W42,113.960197,22.5418,768
粤BY5W42,113.960197,22.5418,768
粤BY5W42,113.960197,22.5418,768
粤BY5W42,113.960197,22.5418,770
粤BY5W42,113.960197,22.5418,770
粤BY5W42,113.960197,22.5418,771
粤BY5W42,113.960197,22.5418,771
粤BY5W42,113.960197,22.5418,771
粤BY5W42,113.960197,22.5418,772
粤BY5W42,113.960197,22.5418,773
粤BY5W42,113.960197,22.5418,774
粤BY5W42,113.960197,22.5418,775
粤BY5W42,113.960197,22.5418,775
粤BY5W42,113.960197,22.5418,775
粤BY5W42,113.960197,22.5418,777
粤BY5W42,113.960197,22.5418,777
粤BY5W42,113.960197,22.5418,777
粤BY5W42,113.960197,22.5418,778
粤BY5W42,113.960197,22.5418,778
粤BY5W42,113.960197,22.5418,779
粤BY5W42,113.960197,22.5418,780
粤BY5W42,113.960197,22.5418,781
粤BY5W42,113.960197,22.5418,782
粤BY5W42,113.960197,22.5418,782
粤BY5W42,113.960197,22.5418,784
粤BY5W42,113.960197,22.5418,784
粤BY5W42,113.960197,22.5418,784
粤BY5W42,113.960197,22.5418,785
粤BY5W42,113.960197,22.5418,785
粤BY5W42,113.960197,22.5418,786
粤BY5W42,113.960197,22.5418,788
粤BY5W42,113.960197,22.5418,789
粤BY5W42,113.960197,22.5418,791
粤BY5W42,113.960197,22.5418,792
粤BY5W42,113.960197,22.5418,792
粤BY5W42,113.960197,22.5418,792
粤BY5W42,113.960197,22.5418,793
粤BY5W42,113.960197,22.5418,794
粤BY5W42,113.960197,22.5418,794
粤BY5W42,113.960197,22.5418,795
粤BY5W42,113.960197,22.5418,795
粤BY5W42,113.960197,22.5418,795
粤BY5W42,113.961998,22.542299,798
粤BY5W42,113.961998,22.542299,798
粤BY5W42,113.962898,22.542,798
粤BY5W42,113.963097,22.541901,799
粤BY5W42,113.974197,22.5378,802
粤BY5W42,113.969704,22.5396,802
粤BY5W42,113.963699,22.542101,804
粤BY5W42,113.960899,22.5431,805
粤BY5W42,113.960899,22.5431,805
粤BY5W42,113.957497,22.543501,806
粤BY5W42,113.943802,22.5432,808
粤BY5W42,113.940102,22.542999,808
粤BY5W42,113.947601,22.543301,808
粤BY5W42,113.930298,22.542801,809
粤BY5W42,113.925797,22.5429,809
粤BY5W42,113.912903,22.544201,812
粤BY5W42,113.904198,22.545799,813
粤BY5W42,113.904701,22.532301,815
粤BY5W42,113.904602,22.534599,815
粤BY5W42,113.901604,22.5196,818
粤BY5W42,113.901604,22.5196,818
粤BY5W42,113.901199,22.519199,819
粤BY5W42,113.900002,22.519899,820
粤BY5W42,113.8965,22.523001,822
粤BY5W42,113.895897,22.523399,822
粤BY5W42,113.896202,22.523001,823
粤BY5W42,113.895599,22.5236,823
粤BY5W42,113.898804,22.5208,825
粤BY5W42,113.899498,22.5201,826
粤BY5W42,113.900597,22.519199,827
粤BY5W42,113.900703,22.519199,828
粤BY5W42,113.903397,22.516399,829
粤BY5W42,113.902901,22.5173,829
粤BY5W42,113.9021,22.514999,829
粤BY5W42,113.900497,22.513399,830
粤BY5W42,113.9095,22.525801,837
粤BY5W42,113.918198,22.5355,843
粤BY5W42,113.918198,22.5355,844
粤BY5W42,113.918404,22.5355,845
粤BY5W42,113.918404,22.5355,845
粤BY5W42,113.918404,22.5355,846
粤BY5W42,113.918404,22.5355,847
粤BY5W42,113.918404,22.5355,848
粤BY5W42,113.918404,22.5355,848
粤BY5W42,113.918404,22.5355,848
粤BY5W42,113.918404,22.5355,850
粤BY5W42,113.918404,22.5355,851
粤BY5W42,113.918404,22.5355,854
粤BY5W42,113.918404,22.5355,855
粤BY5W42,113.918404,22.5355,855
粤BY5W42,113.914703,22.535299,858
粤BY5W42,113.914703,22.535299,859
粤BY5W42,113.914703,22.535299,860
粤BY5W42,113.911301,22.5354,861
粤BY5W42,113.910599,22.535299,861
粤BY5W42,113.910599,22.535299,862
粤BY5W42,113.905098,22.535101,864
粤BY5W42,113.905098,22.535101,865
粤BY5W42,113.9048,22.527,867
粤BY5W42,113.9048,22.530001,867
粤BY5W42,113.903198,22.5212,869
粤BY5W42,113.903198,22.521099,869
粤BY5W42,113.901497,22.5194,871
粤BY5W42,113.901398,22.5194,872
粤BY5W42,113.894897,22.513,873
粤BY5W42,113.887497,22.5075,874
粤BY5W42,113.884399,22.510099,875
粤BY5W42,113.885498,22.509199,875
粤BY5W42,113.882301,22.512199,876
粤BY5W42,113.885002,22.5096,880
粤BY5W42,113.889198,22.5058,881
粤BY5W42,113.889198,22.5058,881
粤BY5W42,113.889503,22.505699,882
粤BY5W42,113.893402,22.511299,883
粤BY5W42,113.899803,22.5175,885
粤BY5W42,113.899803,22.5175,885
粤BY5W42,113.899803,22.5175,886
粤BY5W42,113.900497,22.518101,886
粤BY5W42,113.904999,22.5249,889
粤BY5W42,113.9049,22.5306,890
粤BY5W42,113.9048,22.5406,892
粤BY5W42,113.9048,22.537201,892
粤BY5W42,113.905998,22.5438,893
粤BY5W42,113.9077,22.544399,893
粤BY5W42,113.9095,22.5441,893
粤BY5W42,113.909599,22.5443,896
粤BY5W42,113.9086,22.544901,897
粤BY5W42,113.907799,22.544901,897
粤BY5W42,113.9086,22.544901,897
粤BY5W42,113.918404,22.527201,911
粤BY5W42,113.919296,22.527,911
粤BY5W42,113.927803,22.520901,913
粤BY5W42,113.928299,22.5236,913
粤BY5W42,113.927597,22.516399,915
粤BY5W42,113.927399,22.5117,915
粤BY5W42,113.927299,22.507401,917
粤BY5W42,113.928001,22.503,918
粤BY5W42,113.927696,22.5051,918
粤BY5W42,113.928497,22.5007,918
粤BY5W42,113.928902,22.4981,919
粤BY5W42,113.932899,22.499001,921
粤BY5W42,113.932999,22.5023,922
粤BY5W42,113.932999,22.504299,925
粤BY5W42,113.932999,22.504299,926
粤BY5W42,113.938698,22.507999,928
粤BY5W42,113.941101,22.507999,928
粤BY5W42,113.947502,22.507601,929
粤BY5W42,113.949501,22.523399,931
粤BY5W42,113.950897,22.523399,932
粤BY5W42,113.967102,22.5228,933
粤BY5W42,113.963699,22.522699,933
粤BY5W42,113.987396,22.524099,935
粤BY5W42,113.982803,22.5231,935
粤BY5W42,113.994598,22.527599,936
粤BY5W42,114.000603,22.530001,936
粤BY5W42,114.0047,22.5299,937
粤BY5W42,114.0205,22.5333,938
粤BY5W42,114.029999,22.530199,939
粤BY5W42,114.037804,22.5305,940
粤BY5W42,114.0438,22.5312,941
粤BY5W42,114.044701,22.532101,942
粤BY5W42,114.044403,22.5432,944
粤BY5W42,114.044403,22.5504,945
粤BY5W42,114.044403,22.5504,946
粤BY5W42,114.044403,22.5504,946
粤BY5W42,114.044403,22.5504,946
粤BY5W42,114.044403,22.5504,947
粤BY5W42,114.0439,22.5564,948
粤BY5W42,114.043503,22.557699,949
粤BY5W42,114.043503,22.557699,949
粤BY5W42,114.043297,22.5578,949
粤BY5W42,114.043999,22.564199,952
粤BY5W42,114.046799,22.565001,953
粤BY5W42,114.049103,22.565001,953
粤BY5W42,114.050201,22.564899,953
粤BY5W42,114.069504,22.5693,957
粤BY5W42,114.063698,22.568501,957
粤BY5W42,114.0756,22.571699,958
粤BY5W42,114.072998,22.570101,958
粤BY5W42,114.080399,22.572399,959
粤BY5W42,114.083,22.5707,960
粤BY5W42,114.083199,22.570499,960
粤BY5W42,114.084503,22.5702,961
粤BY5W42,114.099998,22.570601,964
粤BY5W42,114.099998,22.570601,969
粤BY5W42,114.1399,22.5581,970
粤BY5W42,114.141296,22.555799,971
粤BY5W42,114.146896,22.555599,972
粤BY5W42,114.1633,22.5627,974
粤BY5W42,114.168297,22.562799,974
粤BY5W42,114.1717,22.562901,975
粤BY5W42,114.177399,22.5602,975
粤BY5W42,114.181801,22.556999,976
粤BY5W42,114.193398,22.5567,979
粤BY5W42,114.193398,22.5567,979
粤BY5W42,114.218597,22.5574,982
粤BY5W42,114.220001,22.558399,983
粤BY5W42,114.229301,22.559999,985
粤BY5W42,114.2313,22.562201,986
粤BY5W42,114.232597,22.5634,987
粤BY5W42,114.232201,22.562799,990
粤BY5W42,114.233101,22.5637,990
粤BY5W42,114.234001,22.5595,994
粤BY5W42,114.233902,22.5597,994
粤BY5W42,114.235001,22.5583,995
粤BY5W42,114.232101,22.5534,997
粤BY5W42,114.231697,22.551001,998
粤BY5W42,114.231697,22.551001,1000
粤BY5W42,114.231697,22.551001,1001
粤BY5W42,114.227097,22.5518,1003
粤BY5W42,114.224098,22.5518,1004
粤BY5W42,114.225403,22.5509,1004
粤BY5W42,114.2267,22.5516,1004
粤BY5W42,114.224098,22.5518,1005
粤BY5W42,114.219299,22.5567,1007
粤BY5W42,114.217903,22.556999,1009
粤BY5W42,114.217003,22.5571,1011
粤BY5W42,114.217003,22.5571,1011
粤BY5W42,114.217003,22.5571,1012
粤BY5W42,114.215897,22.557301,1012
粤BY5W42,114.214996,22.5571,1014
粤BY5W42,114.214996,22.5571,1014
粤BY5W42,114.214996,22.5571,1015
粤BY5W42,114.214996,22.5571,1016
粤BY5W42,114.214996,22.5571,1016
粤BY5W42,114.214996,22.5571,1017
粤BY5W42,114.214996,22.5571,1018
粤BY5W42,114.152702,22.5574,1028
粤BY5W42,114.148003,22.555799,1028
粤BY5W42,114.150398,22.556299,1028
粤BY5W42,114.142502,22.555799,1029
粤BY5W42,114.137703,22.551901,1031
粤BY5W42,114.133698,22.5464,1031
粤BY5W42,114.131203,22.545,1032
粤BY5W42,114.128998,22.5439,1032
粤BY5W42,114.132698,22.5459,1032
粤BY5W42,114.118896,22.540001,1034
粤BY5W42,114.115097,22.5387,1035
粤BY5W42,114.112297,22.538099,1035
粤BY5W42,114.109001,22.537701,1035
粤BY5W42,114.106102,22.537201,1036
粤BY5W42,114.106598,22.540899,1038
粤BY5W42,114.1054,22.541,1038
粤BY5W42,114.106003,22.5413,1038
粤BY5W42,114.1064,22.5413,1039
粤BY5W42,114.1064,22.5413,1039
粤BY5W42,114.1064,22.5413,1039
粤BY5W42,114.106201,22.5441,1042
粤BY5W42,114.106102,22.5443,1042
粤BY5W42,114.104897,22.549101,1045
粤BY5W42,114.104599,22.551901,1046
粤BY5W42,114.104599,22.551901,1046
粤BY5W42,114.104897,22.549601,1046
粤BY5W42,114.103996,22.5557,1048
粤BY5W42,114.103897,22.556601,1049
粤BY5W42,114.103897,22.558399,1050
粤BY5W42,114.103897,22.558399,1050
粤BY5W42,114.103897,22.564301,1052
粤BY5W42,114.103897,22.564501,1052
粤BY5W42,114.103897,22.564501,1053
粤BY5W42,114.103897,22.564501,1053
粤BY5W42,114.103897,22.564501,1053
粤BY5W42,114.103897,22.564501,1054
粤BY5W42,114.107597,22.5723,1057
粤BY5W42,114.107597,22.5723,1057
粤BY5W42,114.105698,22.5711,1057
粤BY5W42,114.107597,22.5723,1058
粤BY5W42,114.107399,22.5735,1059
粤BY5W42,114.105202,22.5779,1060
粤BY5W42,114.103996,22.581499,1060
粤BY5W42,114.107101,22.572001,1099
粤BY5W42,114.107101,22.572001,1100
粤BY5W42,114.107101,22.572001,1100
粤BY5W42,114.101898,22.5826,1102
粤BY5W42,114.101898,22.5826,1102
粤BY5W42,114.101898,22.5826,1104
粤BY5W42,114.101898,22.5826,1104
粤BY5W42,114.101898,22.5826,1104
粤BY5W42,114.101898,22.5826,1106
粤BY5W42,114.101898,22.5826,1106
粤BY5W42,114.101898,22.5826,1107
粤BY5W42,114.101898,22.5826,1108
粤BY5W42,114.101898,22.5826,1109
粤BY5W42,114.101898,22.5826,1111
粤BY5W42,114.101898,22.5826,1112
粤BY5W42,114.101898,22.5826,1112
粤BY5W42,114.101898,22.5826,1113
粤BY5W42,114.101898,22.5826,1114
粤BY5W42,114.101898,22.5826,1115
粤BY5W42,114.101898,22.5826,1115
粤BY5W42,114.101898,22.5826,1115
粤BY5W42,114.101898,22.5826,1116
粤BY5W42,114.101898,22.5826,1116
粤BY5W42,114.101898,22.5826,1116
粤BY5W42,114.104103,22.580799,1118
粤BY5W42,114.107803,22.572901,1120
粤BY5W42,114.105202,22.5776,1120
粤BY5W42,114.107697,22.571199,1122
粤BY5W42,114.107697,22.571199,1122
粤BY5W42,114.107597,22.5702,1122
粤BY5W42,114.107697,22.569201,1123
粤BY5W42,114.107597,22.568199,1123
粤BY5W42,114.107399,22.566799,1125
粤BY5W42,114.107002,22.5655,1125
粤BY5W42,114.107399,22.558599,1126
粤BY5W42,114.107002,22.5604,1126
粤BY5W42,114.107399,22.558599,1126
粤BY5W42,114.106796,22.562799,1126
粤BY5W42,114.1101,22.556101,1128
粤BY5W42,114.109901,22.5515,1129
粤BY5W42,114.110298,22.548901,1129
粤BY5W42,114.110298,22.548901,1130
粤BY5W42,114.110199,22.543301,1132
粤BY5W42,114.110397,22.5418,1133
粤BY5W42,114.111504,22.540899,1133
粤BY5W42,114.111801,22.5389,1133
粤BY5W42,114.112198,22.5371,1134
粤BY5W42,114.113297,22.5357,1135
粤BY5W42,114.1138,22.535801,1135
粤BY5W42,114.114197,22.5352,1135
粤BY5W42,114.113998,22.534599,1136
粤BY5W42,114.111801,22.538,1141
粤BY5W42,114.115303,22.5389,1141
粤BY5W42,114.108002,22.537399,1142
粤BY5W42,114.108704,22.5415,1146
粤BY5W42,114.108299,22.541599,1146
粤BY5W42,114.110001,22.541599,1146
粤BY5W42,114.110001,22.541599,1147
粤BY5W42,114.111702,22.547701,1150
粤BY5W42,114.113899,22.5476,1153
粤BY5W42,114.114502,22.547199,1154
粤BY5W42,114.114502,22.547199,1154
粤BY5W42,114.112503,22.545601,1156
粤BY5W42,114.107002,22.5448,1157
粤BY5W42,114.104698,22.544399,1158
粤BY5W42,114.099998,22.543501,1158
粤BY5W42,114.100197,22.543501,1158
粤BY5W42,114.099602,22.541401,1161
粤BY5W42,114.081703,22.5403,1164
粤BY5W42,114.077904,22.5403,1166
粤BY5W42,114.073196,22.5429,1169
粤BY5W42,114.078102,22.5431,1170
粤BY5W42,114.080803,22.5432,1171
粤BY5W42,114.095398,22.543501,1174
粤BY5W42,114.099197,22.5436,1175
粤BY5W42,114.099197,22.5436,1175
粤BY5W42,114.099197,22.5436,1175
粤BY5W42,114.101196,22.545799,1178
粤BY5W42,114.101303,22.545099,1178
粤BY5W42,114.101196,22.546301,1179
粤BY5W42,114.101196,22.546301,1181
粤BY5W42,114.101196,22.546301,1182
粤BY5W42,114.101097,22.546301,1182
粤BY5W42,114.101196,22.546301,1182
粤BY5W42,114.101097,22.546301,1184
粤BY5W42,114.101097,22.546301,1184
粤BY5W42,114.100998,22.5473,1185
粤BY5W42,114.099602,22.548,1186
粤BY5W42,114.099503,22.555799,1189
粤BY5W42,114.099403,22.557899,1190
粤BY5W42,114.103798,22.5585,1190
粤BY5W42,114.103798,22.5585,1192
粤BY5W42,114.123299,22.558001,1194
粤BY5W42,114.125,22.559099,1195
粤BY5W42,114.1194,22.554899,1197
粤BY5W42,114.1213,22.5571,1197
粤BY5W42,114.119003,22.554001,1197
粤BY5W42,114.117599,22.5522,1198
粤BY5W42,114.118401,22.552999,1198
粤BY5W42,114.116898,22.548401,1202
粤BY5W42,114.116898,22.548401,1203
粤BY5W42,114.116898,22.548401,1203
粤BY5W42,114.117897,22.5441,1206
粤BY5W42,114.117897,22.5441,1206
粤BY5W42,114.117897,22.5441,1207
粤BY5W42,114.117897,22.5441,1207
粤BY5W42,114.117203,22.546499,1208
粤BY5W42,114.117203,22.546499,1209
粤BY5W42,114.117203,22.546499,1209
粤BY5W42,114.117203,22.546499,1209
粤BY5W42,114.117203,22.546499,1210
粤BY5W42,114.116898,22.5471,1210
粤BY5W42,114.116997,22.551001,1212
粤BY5W42,114.117996,22.5527,1212
粤BY5W42,114.119598,22.555201,1212
粤BY5W42,114.119797,22.558901,1213
粤BY5W42,114.1213,22.557699,1213
粤BY5W42,114.120201,22.556,1213
粤BY5W42,114.119202,22.5616,1214
粤BY5W42,114.117897,22.5734,1215
粤BY5W42,114.117798,22.571199,1215
粤BY5W42,114.114998,22.5807,1216
粤BY5W42,114.117401,22.5755,1216
粤BY5W42,114.1166,22.588699,1221
粤BY5W42,114.118103,22.589199,1221
粤BY5W42,114.118896,22.590401,1222
粤BY5W42,114.119499,22.591,1222
粤BY5W42,114.121597,22.5914,1223
粤BY5W42,114.125198,22.59,1224
粤BY5W42,114.127701,22.586599,1225
粤BY5W42,114.125999,22.5886,1225
粤BY5W42,114.129402,22.584801,1226
粤BY5W42,114.1325,22.5844,1228
粤BY5W42,114.1325,22.5844,1228
粤BY5W42,114.134804,22.5844,1229
粤BY5W42,114.136497,22.582899,1229
粤BY5W42,114.137497,22.5805,1231
粤BY5W42,114.137199,22.5811,1231
粤BY5W42,114.138,22.5802,1232
粤BY5W42,114.139099,22.5795,1232
粤BY5W42,114.137901,22.570101,1234
粤BY5W42,114.136597,22.5695,1235
粤BY5W42,114.137901,22.570101,1235
粤BY5W42,114.137802,22.569,1235
粤BY5W42,114.135101,22.570299,1236
粤BY5W42,114.135101,22.570299,1236
粤BY5W42,114.136902,22.569401,1238
粤BY5W42,114.137703,22.5683,1238
粤BY5W42,114.1362,22.566999,1238
粤BY5W42,114.134499,22.5651,1239
粤BY5W42,114.132202,22.5625,1239
粤BY5W42,114.129501,22.561501,1240
粤BY5W42,114.122498,22.557699,1241
粤BY5W42,114.118896,22.554001,1242
粤BY5W42,114.120399,22.556499,1242
粤BY5W42,114.117699,22.551901,1243
粤BY5W42,114.118202,22.552799,1243
粤BY5W42,114.1166,22.5502,1245
粤BY5W42,114.1166,22.5501,1245
粤BY5W42,114.116402,22.5497,1246
粤BY5W42,114.116302,22.5495,1246
粤BY5W42,114.117699,22.544201,1248
粤BY5W42,114.117699,22.544201,1248
粤BY5W42,114.117699,22.544201,1250
粤BY5W42,114.117203,22.546301,1252
粤BY5W42,114.116501,22.5502,1253
粤BY5W42,114.117203,22.546301,1253
粤BY5W42,114.116898,22.5478,1253
粤BY5W42,114.119301,22.554701,1255
粤BY5W42,114.118698,22.563299,1256
粤BY5W42,114.122597,22.5672,1258
粤BY5W42,114.124802,22.564301,1260
粤BY5W42,114.125,22.5651,1260
粤BY5W42,114.124802,22.564301,1261
粤BY5W42,114.124702,22.563499,1262
粤BY5W42,114.121201,22.558001,1264
粤BY5W42,114.122299,22.5576,1264
粤BY5W42,114.125397,22.553101,1265
粤BY5W42,114.123703,22.555099,1265
粤BY5W42,114.128799,22.548401,1266
粤BY5W42,114.128799,22.548401,1267
粤BY5W42,114.130402,22.548599,1267
粤BY5W42,114.128799,22.548401,1267
粤BY5W42,114.132202,22.548901,1268
粤BY5W42,114.138199,22.5497,1269
粤BY5W42,114.134598,22.549299,1269
粤BY5W42,114.136803,22.550301,1271
粤BY5W42,114.140198,22.558399,1272
粤BY5W42,114.1408,22.561899,1273
粤BY5W42,114.1371,22.5756,1274
粤BY5W42,114.133904,22.576799,1274
粤BY5W42,114.127502,22.5774,1275
粤BY5W42,114.123596,22.576799,1276
粤BY5W42,114.106003,22.5742,1277
粤BY5W42,114.102898,22.5723,1278
粤BY5W42,114.095398,22.568501,1278
粤BY5W42,114.078598,22.572701,1280
粤BY5W42,114.072403,22.569901,1281
粤BY5W42,114.066299,22.568899,1282
粤BY5W42,114.069603,22.5693,1282
粤BY5W42,114.042503,22.5697,1285
粤BY5W42,114.0429,22.568501,1285
粤BY5W42,114.043503,22.566999,1285
粤BY5W42,114.042397,22.5702,1286
粤BY5W42,114.040398,22.569099,1287
粤BY5W42,114.040398,22.569099,1287
粤BY5W42,114.040398,22.569099,1288
粤BY5W42,114.040398,22.569099,1288
粤BY5W42,114.041,22.567699,1289
粤BY5W42,114.038597,22.565901,1291
粤BY5W42,114.038597,22.565901,1291
粤BY5W42,114.038597,22.565901,1292
粤BY5W42,114.038597,22.565901,1292
粤BY5W42,114.038597,22.565901,1294
粤BY5W42,114.038597,22.565901,1294
粤BY5W42,114.038597,22.565901,1295
粤BY5W42,114.038597,22.565901,1295
粤BY5W42,114.038597,22.565901,1296
粤BY5W42,114.038597,22.565901,1299
粤BY5W42,114.035599,22.567699,1302
粤BY5W42,114.036903,22.568501,1302
粤BY5W42,114.041901,22.570499,1303
粤BY5W42,114.035599,22.567699,1308
粤BY5W42,114.035797,22.5681,1309
粤BY5W42,114.041901,22.570499,1310
粤BY5W42,114.030998,22.567301,1311
粤BY5W42,114.033401,22.5667,1311
粤BY5W42,114.0252,22.562599,1313
粤BY5W42,114.026398,22.5588,1314
粤BY5W42,114.028099,22.557501,1314
粤BY5W42,114.0271,22.5562,1315
粤BY5W42,114.028801,22.556601,1315
粤BY5W42,114.0159,22.5555,1317
粤BY5W42,114.009399,22.5536,1318
粤BY5W42,114.027397,22.546,1325
粤BY5W42,114.034103,22.547899,1326
粤BY5W42,114.034103,22.547899,1326
粤BY5W42,114.040497,22.5443,1330
粤BY5W42,114.040497,22.5443,1331
粤BY5W42,114.040901,22.544399,1331
粤BY5W42,114.0439,22.550501,1334
粤BY5W42,114.0439,22.550501,1334
粤BY5W42,114.0439,22.550501,1335
粤BY5W42,114.044296,22.551399,1335
粤BY5W42,114.043404,22.557699,1337
粤BY5W42,114.042297,22.5597,1337
粤BY5W42,114.0429,22.563801,1338
粤BY5W42,114.041298,22.561501,1338
粤BY5W42,114.041397,22.562799,1338
粤BY5W42,114.047203,22.565001,1339
粤BY5W42,114.045097,22.5644,1339
粤BY5W42,114.062401,22.567801,1341
粤BY5W42,114.062103,22.569599,1341
粤BY5W42,114.0616,22.5716,1342
粤BY5W42,114.063202,22.5742,1342
粤BY5W42,114.066902,22.571199,1344
粤BY5W42,114.065598,22.5716,1344
粤BY5W42,114.0672,22.571199,1345
粤BY5W42,114.067299,22.571199,1346
粤BY5W42,114.067299,22.571199,1347
粤BY5W42,114.067299,22.571199,1348
粤BY5W42,114.067299,22.571199,1350
粤BY5W42,114.067299,22.571199,1352
粤BY5W42,114.067299,22.571199,1352
粤BY5W42,114.067299,22.571199,1353
粤BY5W42,114.067299,22.571199,1353
粤BY5W42,114.040497,22.563801,1358
粤BY5W42,114.040802,22.561899,1359
粤BY5W42,114.0439,22.556,1359
粤BY5W42,114.044098,22.552999,1360
粤BY5W42,114.041496,22.5464,1364
粤BY5W42,114.041397,22.5476,1364
粤BY5W42,114.041496,22.549601,1365
粤BY5W42,114.0439,22.550501,1365
粤BY5W42,114.0439,22.550501,1366
粤BY5W42,114.052002,22.5511,1367
粤BY5W42,114.054901,22.551201,1368
粤BY5W42,114.057503,22.551201,1369
粤BY5W42,114.058701,22.551201,1369
粤BY5W42,114.060799,22.551201,1369
粤BY5W42,114.060898,22.5513,1370
粤BY5W42,114.062698,22.5459,1372
粤BY5W42,114.063103,22.537901,1373
粤BY5W42,114.062897,22.539499,1373
粤BY5W42,114.063103,22.537901,1373
粤BY5W42,114.059998,22.520599,1377
粤BY5W42,114.061302,22.5215,1377
粤BY5W42,114.054298,22.5184,1378
粤BY5W42,114.059303,22.520201,1378
粤BY5W42,114.058197,22.5196,1378
粤BY5W42,114.0513,22.5182,1380
粤BY5W42,114.0504,22.5149,1380
粤BY5W42,114.050697,22.5173,1380
粤BY5W42,114.041199,22.5147,1381
粤BY5W42,114.045799,22.5142,1381
粤BY5W42,114.040298,22.5133,1383
粤BY5W42,114.041298,22.5131,1384
粤BY5W42,114.048401,22.5123,1385
粤BY5W42,114.047302,22.5123,1386
粤BY5W42,114.052597,22.512899,1387
粤BY5W42,114.049896,22.5124,1387
粤BY5W42,114.054398,22.5135,1388
粤BY5W42,114.057098,22.5189,1390
粤BY5W42,114.057503,22.5193,1390
粤BY5W42,114.058701,22.5198,1390
粤BY5W42,114.056396,22.522301,1391
粤BY5W42,114.056602,22.5229,1392
粤BY5W42,114.055496,22.522699,1393
粤BY5W42,114.055496,22.522699,1393
粤BY5W42,114.056396,22.522301,1394
粤BY5W42,114.055603,22.523001,1394
粤BY5W42,114.056396,22.521099,1395
粤BY5W42,114.0457,22.5193,1397
粤BY5W42,114.042099,22.521,1398
粤BY5W42,114.042099,22.521,1398
粤BY5W42,114.042099,22.521,1398
粤BY5W42,114.039597,22.5177,1399
粤BY5W42,114.033501,22.5184,1401
粤BY5W42,114.0317,22.5193,1401
粤BY5W42,114.030998,22.523701,1404
粤BY5W42,114.031197,22.524,1405
粤BY5W42,114.030998,22.523701,1405
粤BY5W42,114.031998,22.526699,1406
粤BY5W42,114.032501,22.5259,1406
粤BY5W42,114.0317,22.5193,1407
粤BY5W42,114.022003,22.534901,1410
粤BY5W42,114.019501,22.5345,1410
粤BY5W42,114.024002,22.5352,1411
粤BY5W42,114.022202,22.534901,1411
粤BY5W42,114.024399,22.5361,1413
粤BY5W42,114.023102,22.5406,1414
粤BY5W42,114.022202,22.544201,1414
粤BY5W42,114.0214,22.5467,1414
粤BY5W42,114.018303,22.551399,1415
粤BY5W42,114.020699,22.548,1415
粤BY5W42,114.015198,22.558599,1416
粤BY5W42,114.014702,22.561899,1416
粤BY5W42,114.011597,22.5697,1418
粤BY5W42,114.011597,22.5697,1418
粤BY5W42,114.011597,22.5697,1418
粤BY5W42,114.011597,22.5697,1419
粤BY5W42,114.024803,22.596901,1421
粤BY5W42,114.031601,22.599001,1423
粤BY5W42,114.030502,22.601801,1423
粤BY5W42,114.028503,22.603901,1423
粤BY5W42,114.0373,22.5989,1425
粤BY5W42,114.039001,22.602501,1429
粤BY5W42,114.036903,22.605,1429
粤BY5W42,114.036903,22.605,1430
粤BY5W42,114.029503,22.612301,1433
粤BY5W42,114.027199,22.6112,1433
粤BY5W42,114.0243,22.6094,1434
