粤BH0Q97,114.173897,22.6029,7
粤BH0Q97,114.173897,22.6029,8
粤BH0Q97,114.173897,22.6029,9
粤BH0Q97,114.173897,22.6029,10
粤BH0Q97,114.173897,22.6029,10
粤BH0Q97,114.173897,22.6029,10
粤BH0Q97,114.173897,22.6029,11
粤BH0Q97,114.173897,22.6029,11
粤BH0Q97,114.173897,22.6029,14
粤BH0Q97,114.173897,22.6029,14
粤BH0Q97,114.173897,22.6029,14
粤BH0Q97,114.173897,22.6029,15
粤BH0Q97,114.173897,22.6029,15
粤BH0Q97,114.173897,22.6029,16
粤BH0Q97,114.173897,22.6029,17
粤BH0Q97,114.173897,22.6029,17
粤BH0Q97,114.173897,22.6029,17
粤BH0Q97,114.173897,22.6029,18
粤BH0Q97,114.173897,22.6029,20
粤BH0Q97,114.173897,22.6029,21
粤BH0Q97,114.173897,22.6029,21
粤BH0Q97,114.173897,22.6029,23
粤BH0Q97,114.173897,22.6029,24
粤BH0Q97,114.173897,22.6029,24
粤BH0Q97,114.173897,22.6029,24
粤BH0Q97,114.173897,22.6029,25
粤BH0Q97,114.173897,22.6029,25
粤BH0Q97,114.173897,22.6029,25
粤BH0Q97,114.173897,22.6029,27
粤BH0Q97,114.173897,22.6029,27
粤BH0Q97,114.173897,22.6029,28
粤BH0Q97,114.173897,22.6029,31
粤BH0Q97,114.173897,22.6029,31
粤BH0Q97,114.173897,22.6029,31
粤BH0Q97,114.173897,22.6029,32
粤BH0Q97,114.173897,22.6029,32
粤BH0Q97,114.173897,22.6029,32
粤BH0Q97,114.173897,22.6029,34
粤BH0Q97,114.173897,22.6029,34
粤BH0Q97,114.173897,22.6029,35
粤BH0Q97,114.173897,22.6029,35
粤BH0Q97,114.173897,22.6029,36
粤BH0Q97,114.173897,22.6029,38
粤BH0Q97,114.173897,22.6029,38
粤BH0Q97,114.173897,22.6029,39
粤BH0Q97,114.173897,22.6029,40
粤BH0Q97,114.173897,22.6029,41
粤BH0Q97,114.173897,22.6029,42
粤BH0Q97,114.173897,22.6029,42
粤BH0Q97,114.173897,22.6029,43
粤BH0Q97,114.173897,22.6029,43
粤BH0Q97,114.173897,22.6029,45
粤BH0Q97,114.173897,22.6029,45
粤BH0Q97,114.173897,22.6029,46
粤BH0Q97,114.173897,22.6029,46
粤BH0Q97,114.173897,22.6029,47
粤BH0Q97,114.173897,22.6029,48
粤BH0Q97,114.173897,22.6029,48
粤BH0Q97,114.173897,22.6029,49
粤BH0Q97,114.173897,22.6029,50
粤BH0Q97,114.173897,22.6029,52
粤BH0Q97,114.173897,22.6029,53
粤BH0Q97,114.173897,22.6029,53
粤BH0Q97,114.173897,22.6029,53
粤BH0Q97,114.173897,22.6029,54
粤BH0Q97,114.173897,22.6029,56
粤BH0Q97,114.173897,22.6029,56
粤BH0Q97,114.173897,22.6029,57
粤BH0Q97,114.173897,22.6029,57
粤BH0Q97,114.173897,22.6029,59
粤BH0Q97,114.173897,22.6029,59
粤BH0Q97,114.173897,22.6029,60
粤BH0Q97,114.173897,22.6029,60
粤BH0Q97,114.173897,22.6029,60
粤BH0Q97,114.173897,22.6029,61
粤BH0Q97,114.173897,22.6029,63
粤BH0Q97,114.173897,22.6029,64
粤BH0Q97,114.173897,22.6029,64
粤BH0Q97,114.173897,22.6029,64
粤BH0Q97,114.173897,22.6029,65
粤BH0Q97,114.173897,22.6029,65
粤BH0Q97,114.173897,22.6029,66
粤BH0Q97,114.173897,22.6029,67
粤BH0Q97,114.173897,22.6029,68
粤BH0Q97,114.173897,22.6029,69
粤BH0Q97,114.173897,22.6029,70
粤BH0Q97,114.173897,22.6029,71
粤BH0Q97,114.173897,22.6029,71
粤BH0Q97,114.173897,22.6029,72
粤BH0Q97,114.173897,22.6029,74
粤BH0Q97,114.173897,22.6029,75
粤BH0Q97,114.173897,22.6029,77
粤BH0Q97,114.173897,22.6029,78
粤BH0Q97,114.173897,22.6029,78
粤BH0Q97,114.173897,22.6029,78
粤BH0Q97,114.173897,22.6029,79
粤BH0Q97,114.173897,22.6029,80
粤BH0Q97,114.173897,22.6029,81
粤BH0Q97,114.173897,22.6029,82
粤BH0Q97,114.173897,22.6029,82
粤BH0Q97,114.173897,22.6029,82
粤BH0Q97,114.173897,22.6029,84
粤BH0Q97,114.173897,22.6029,85
粤BH0Q97,114.173897,22.6029,86
粤BH0Q97,114.173897,22.6029,87
粤BH0Q97,114.173897,22.6029,88
粤BH0Q97,114.173897,22.6029,88
粤BH0Q97,114.173897,22.6029,88
粤BH0Q97,114.173897,22.6029,89
粤BH0Q97,114.173897,22.6029,91
粤BH0Q97,114.173897,22.6029,91
粤BH0Q97,114.173897,22.6029,92
粤BH0Q97,114.173897,22.6029,93
粤BH0Q97,114.173897,22.6029,93
粤BH0Q97,114.173897,22.6029,95
粤BH0Q97,114.173897,22.6029,95
粤BH0Q97,114.173897,22.6029,95
粤BH0Q97,114.173897,22.6029,96
粤BH0Q97,114.173897,22.6029,97
粤BH0Q97,114.173897,22.6029,98
粤BH0Q97,114.173897,22.6029,98
粤BH0Q97,114.173897,22.6029,99
粤BH0Q97,114.173897,22.6029,99
粤BH0Q97,114.173897,22.6029,99
粤BH0Q97,114.173897,22.6029,102
粤BH0Q97,114.173897,22.6029,103
粤BH0Q97,114.173897,22.6029,103
粤BH0Q97,114.173897,22.6029,105
粤BH0Q97,114.173897,22.6029,106
粤BH0Q97,114.173897,22.6029,106
粤BH0Q97,114.173897,22.6029,107
粤BH0Q97,114.173897,22.6029,109
粤BH0Q97,114.173897,22.6029,110
粤BH0Q97,114.173897,22.6029,110
粤BH0Q97,114.173897,22.6029,110
粤BH0Q97,114.173897,22.6029,111
粤BH0Q97,114.173897,22.6029,113
粤BH0Q97,114.173897,22.6029,113
粤BH0Q97,114.173897,22.6029,114
粤BH0Q97,114.173897,22.6029,115
粤BH0Q97,114.173897,22.6029,116
粤BH0Q97,114.173897,22.6029,117
粤BH0Q97,114.173897,22.6029,117
粤BH0Q97,114.173897,22.6029,118
粤BH0Q97,114.173897,22.6029,118
粤BH0Q97,114.173897,22.6029,120
粤BH0Q97,114.173897,22.6029,120
粤BH0Q97,114.173897,22.6029,121
粤BH0Q97,114.173897,22.6029,122
粤BH0Q97,114.173897,22.6029,123
粤BH0Q97,114.173897,22.6029,124
粤BH0Q97,114.173897,22.6029,124
粤BH0Q97,114.173897,22.6029,124
粤BH0Q97,114.173897,22.6029,125
粤BH0Q97,114.173897,22.6029,125
粤BH0Q97,114.173897,22.6029,127
粤BH0Q97,114.173897,22.6029,127
粤BH0Q97,114.173897,22.6029,128
粤BH0Q97,114.173897,22.6029,128
粤BH0Q97,114.173897,22.6029,129
粤BH0Q97,114.173897,22.6029,129
粤BH0Q97,114.173897,22.6029,131
粤BH0Q97,114.173897,22.6029,132
粤BH0Q97,114.173897,22.6029,135
粤BH0Q97,114.173897,22.6029,135
粤BH0Q97,114.173897,22.6029,135
粤BH0Q97,114.173897,22.6029,136
粤BH0Q97,114.173897,22.6029,136
粤BH0Q97,114.173897,22.6029,138
粤BH0Q97,114.173897,22.6029,139
粤BH0Q97,114.173897,22.6029,139
粤BH0Q97,114.173897,22.6029,140
粤BH0Q97,114.173897,22.6029,142
粤BH0Q97,114.173897,22.6029,143
粤BH0Q97,114.173897,22.6029,143
粤BH0Q97,114.173897,22.6029,144
粤BH0Q97,114.173897,22.6029,144
粤BH0Q97,114.173897,22.6029,144
粤BH0Q97,114.173897,22.6029,147
粤BH0Q97,114.173897,22.6029,147
粤BH0Q97,114.173897,22.6029,147
粤BH0Q97,114.173897,22.6029,148
粤BH0Q97,114.173897,22.6029,148
粤BH0Q97,114.173897,22.6029,150
粤BH0Q97,114.173897,22.6029,150
粤BH0Q97,114.173897,22.6029,150
粤BH0Q97,114.173897,22.6029,151
粤BH0Q97,114.173897,22.6029,151
粤BH0Q97,114.173897,22.6029,152
粤BH0Q97,114.173897,22.6029,154
粤BH0Q97,114.173897,22.6029,155
粤BH0Q97,114.173897,22.6029,156
粤BH0Q97,114.173897,22.6029,157
粤BH0Q97,114.173897,22.6029,158
粤BH0Q97,114.173897,22.6029,161
粤BH0Q97,114.173897,22.6029,161
粤BH0Q97,114.173897,22.6029,162
粤BH0Q97,114.173897,22.6029,162
粤BH0Q97,114.173897,22.6029,163
粤BH0Q97,114.173897,22.6029,163
粤BH0Q97,114.173897,22.6029,165
粤BH0Q97,114.173897,22.6029,166
粤BH0Q97,114.173897,22.6029,167
粤BH0Q97,114.173897,22.6029,169
粤BH0Q97,114.173897,22.6029,170
粤BH0Q97,114.173897,22.6029,170
粤BH0Q97,114.173897,22.6029,171
粤BH0Q97,114.173897,22.6029,173
粤BH0Q97,114.173897,22.6029,173
粤BH0Q97,114.173897,22.6029,174
粤BH0Q97,114.173897,22.6029,174
粤BH0Q97,114.173897,22.6029,175
粤BH0Q97,114.173897,22.6029,177
粤BH0Q97,114.173897,22.6029,177
粤BH0Q97,114.173897,22.6029,177
粤BH0Q97,114.173897,22.6029,178
粤BH0Q97,114.173897,22.6029,178
粤BH0Q97,114.173897,22.6029,180
粤BH0Q97,114.173897,22.6029,181
粤BH0Q97,114.173897,22.6029,192
粤BH0Q97,114.173897,22.6029,192
粤BH0Q97,114.173897,22.6029,192
粤BH0Q97,114.173897,22.6029,193
粤BH0Q97,114.173897,22.6029,193
粤BH0Q97,114.173897,22.6029,193
粤BH0Q97,114.173897,22.6029,195
粤BH0Q97,114.173897,22.6029,196
粤BH0Q97,114.173897,22.6029,196
粤BH0Q97,114.173897,22.6029,197
粤BH0Q97,114.173897,22.6029,199
粤BH0Q97,114.173897,22.6029,199
粤BH0Q97,114.173897,22.6029,200
粤BH0Q97,114.173897,22.6029,200
粤BH0Q97,114.173897,22.6029,203
粤BH0Q97,114.173897,22.6029,203
粤BH0Q97,114.173897,22.6029,204
粤BH0Q97,114.173897,22.6029,204
粤BH0Q97,114.173897,22.6029,204
粤BH0Q97,114.173897,22.6029,205
粤BH0Q97,114.173897,22.6029,206
粤BH0Q97,114.173897,22.6029,208
粤BH0Q97,114.173897,22.6029,210
粤BH0Q97,114.173897,22.6029,211
粤BH0Q97,114.173897,22.6029,212
粤BH0Q97,114.173897,22.6029,212
粤BH0Q97,114.173897,22.6029,214
粤BH0Q97,114.173897,22.6029,214
粤BH0Q97,114.173897,22.6029,214
粤BH0Q97,114.173897,22.6029,215
粤BH0Q97,114.173897,22.6029,215
粤BH0Q97,114.173897,22.6029,215
粤BH0Q97,114.173897,22.6029,217
粤BH0Q97,114.173897,22.6029,217
粤BH0Q97,114.173897,22.6029,218
粤BH0Q97,114.173897,22.6029,218
粤BH0Q97,114.173897,22.6029,221
粤BH0Q97,114.173897,22.6029,222
粤BH0Q97,114.173897,22.6029,223
粤BH0Q97,114.173897,22.6029,223
粤BH0Q97,114.173897,22.6029,225
粤BH0Q97,114.173897,22.6029,226
粤BH0Q97,114.173897,22.6029,226
粤BH0Q97,114.173897,22.6029,227
粤BH0Q97,114.173897,22.6029,229
粤BH0Q97,114.173897,22.6029,229
粤BH0Q97,114.173897,22.6029,230
粤BH0Q97,114.173897,22.6029,230
粤BH0Q97,114.173897,22.6029,231
粤BH0Q97,114.173897,22.6029,233
粤BH0Q97,114.173897,22.6029,233
粤BH0Q97,114.173897,22.6029,233
粤BH0Q97,114.173897,22.6029,234
粤BH0Q97,114.173897,22.6029,234
粤BH0Q97,114.173897,22.6029,234
粤BH0Q97,114.173897,22.6029,236
粤BH0Q97,114.173897,22.6029,237
粤BH0Q97,114.173897,22.6029,237
粤BH0Q97,114.173897,22.6029,238
粤BH0Q97,114.173897,22.6029,238
粤BH0Q97,114.173897,22.6029,241
粤BH0Q97,114.173897,22.6029,241
粤BH0Q97,114.173897,22.6029,245
粤BH0Q97,114.173897,22.6029,245
粤BH0Q97,114.173897,22.6029,248
粤BH0Q97,114.173897,22.6029,248
粤BH0Q97,114.173897,22.6029,249
粤BH0Q97,114.173897,22.6029,251
粤BH0Q97,114.173897,22.6029,252
粤BH0Q97,114.173897,22.6029,252
粤BH0Q97,114.173897,22.6029,252
粤BH0Q97,114.173897,22.6029,253
粤BH0Q97,114.173897,22.6029,255
粤BH0Q97,114.173897,22.6029,255
粤BH0Q97,114.173897,22.6029,256
粤BH0Q97,114.173897,22.6029,256
粤BH0Q97,114.173897,22.6029,256
粤BH0Q97,114.173897,22.6029,257
粤BH0Q97,114.173897,22.6029,257
粤BH0Q97,114.173897,22.6029,259
粤BH0Q97,114.173897,22.6029,260
粤BH0Q97,114.173897,22.6029,260
粤BH0Q97,114.173897,22.6029,262
粤BH0Q97,114.173897,22.6029,262
粤BH0Q97,114.173897,22.6029,263
粤BH0Q97,114.173897,22.6029,264
粤BH0Q97,114.173897,22.6029,264
粤BH0Q97,114.173897,22.6029,266
粤BH0Q97,114.173897,22.6029,266
粤BH0Q97,114.173897,22.6029,266
粤BH0Q97,114.173897,22.6029,267
粤BH0Q97,114.173897,22.6029,267
粤BH0Q97,114.173897,22.6029,270
粤BH0Q97,114.173897,22.6029,270
粤BH0Q97,114.173897,22.6029,271
粤BH0Q97,114.173897,22.6029,271
粤BH0Q97,114.173897,22.6029,272
粤BH0Q97,114.173897,22.6029,274
粤BH0Q97,114.173897,22.6029,274
粤BH0Q97,114.173897,22.6029,274
粤BH0Q97,114.173897,22.6029,275
粤BH0Q97,114.173897,22.6029,275
粤BH0Q97,114.173897,22.6029,275
粤BH0Q97,114.173897,22.6029,276
粤BH0Q97,114.173897,22.6029,277
粤BH0Q97,114.173897,22.6029,278
粤BH0Q97,114.173897,22.6029,278
粤BH0Q97,114.173897,22.6029,279
粤BH0Q97,114.173897,22.6029,279
粤BH0Q97,114.173897,22.6029,279
粤BH0Q97,114.173897,22.6029,281
粤BH0Q97,114.173897,22.6029,282
粤BH0Q97,114.173897,22.6029,282
粤BH0Q97,114.173897,22.6029,282
粤BH0Q97,114.173897,22.6029,283
粤BH0Q97,114.173897,22.6029,283
粤BH0Q97,114.173897,22.6029,285
粤BH0Q97,114.173897,22.6029,286
粤BH0Q97,114.173897,22.6029,286
粤BH0Q97,114.173897,22.6029,287
粤BH0Q97,114.173897,22.6029,287
粤BH0Q97,114.173897,22.6029,289
粤BH0Q97,114.173897,22.6029,289
粤BH0Q97,114.173897,22.6029,290
粤BH0Q97,114.173897,22.6029,290
粤BH0Q97,114.173897,22.6029,291
粤BH0Q97,114.173897,22.6029,293
粤BH0Q97,114.173897,22.6029,293
粤BH0Q97,114.173897,22.6029,294
粤BH0Q97,114.173897,22.6029,294
粤BH0Q97,114.173897,22.6029,297
粤BH0Q97,114.173897,22.6029,298
粤BH0Q97,114.173897,22.6029,298
粤BH0Q97,114.173897,22.6029,298
粤BH0Q97,114.173897,22.6029,299
粤BH0Q97,114.173897,22.6029,301
粤BH0Q97,114.173897,22.6029,301
粤BH0Q97,114.173897,22.6029,303
粤BH0Q97,114.173897,22.6029,303
粤BH0Q97,114.173897,22.6029,305
粤BH0Q97,114.173897,22.6029,305
粤BH0Q97,114.173897,22.6029,306
粤BH0Q97,114.173897,22.6029,306
粤BH0Q97,114.173897,22.6029,307
粤BH0Q97,114.173897,22.6029,310
粤BH0Q97,114.173897,22.6029,310
粤BH0Q97,114.173897,22.6029,310
粤BH0Q97,114.173897,22.6029,311
粤BH0Q97,114.173897,22.6029,312
粤BH0Q97,114.173897,22.6029,313
粤BH0Q97,114.173897,22.6029,314
粤BH0Q97,114.173897,22.6029,314
粤BH0Q97,114.173897,22.6029,316
粤BH0Q97,114.173897,22.6029,316
粤BH0Q97,114.173897,22.6029,317
粤BH0Q97,114.173897,22.6029,317
粤BH0Q97,114.173897,22.6029,318
粤BH0Q97,114.173897,22.6029,318
粤BH0Q97,114.173897,22.6029,320
粤BH0Q97,114.173897,22.6029,320
粤BH0Q97,114.173897,22.6029,320
粤BH0Q97,114.173897,22.6029,321
粤BH0Q97,114.173897,22.6029,323
粤BH0Q97,114.173897,22.6029,324
粤BH0Q97,114.173897,22.6029,324
粤BH0Q97,114.173897,22.6029,324
粤BH0Q97,114.173897,22.6029,325
粤BH0Q97,114.173897,22.6029,325
粤BH0Q97,114.173897,22.6029,325
粤BH0Q97,114.173897,22.6029,327
粤BH0Q97,114.173897,22.6029,328
粤BH0Q97,114.173897,22.6029,329
粤BH0Q97,114.173897,22.6029,331
粤BH0Q97,114.173897,22.6029,331
粤BH0Q97,114.173897,22.6029,332
粤BH0Q97,114.173897,22.6029,334
粤BH0Q97,114.173897,22.6029,335
粤BH0Q97,114.173897,22.6029,335
粤BH0Q97,114.173897,22.6029,335
粤BH0Q97,114.173897,22.6029,336
粤BH0Q97,114.173897,22.6029,336
粤BH0Q97,114.173897,22.6029,336
粤BH0Q97,114.173897,22.6029,339
粤BH0Q97,114.173897,22.6029,339
粤BH0Q97,114.173897,22.6029,340
粤BH0Q97,114.173897,22.6029,340
粤BH0Q97,114.173897,22.6029,340
粤BH0Q97,114.173897,22.6029,342
粤BH0Q97,114.173897,22.6029,343
粤BH0Q97,114.173897,22.6029,343
粤BH0Q97,114.173897,22.6029,344
粤BH0Q97,114.173897,22.6029,344
粤BH0Q97,114.173897,22.6029,346
粤BH0Q97,114.173897,22.6029,347
粤BH0Q97,114.173897,22.6029,348
粤BH0Q97,114.173897,22.6029,348
粤BH0Q97,114.173897,22.6029,350
粤BH0Q97,114.173897,22.6029,350
粤BH0Q97,114.173897,22.6029,351
粤BH0Q97,114.173897,22.6029,351
粤BH0Q97,114.173897,22.6029,351
粤BH0Q97,114.173897,22.6029,354
粤BH0Q97,114.173897,22.6029,354
粤BH0Q97,114.173897,22.6029,355
粤BH0Q97,114.173897,22.6029,355
粤BH0Q97,114.173897,22.6029,355
粤BH0Q97,114.173897,22.6029,356
粤BH0Q97,114.173897,22.6029,356
粤BH0Q97,114.173897,22.6029,358
粤BH0Q97,114.173897,22.6029,359
粤BH0Q97,114.173897,22.6029,360
粤BH0Q97,114.173897,22.6029,362
粤BH0Q97,114.173897,22.6029,364
粤BH0Q97,114.173897,22.6029,366
粤BH0Q97,114.173897,22.6029,366
粤BH0Q97,114.173897,22.6029,367
粤BH0Q97,114.173897,22.6029,367
粤BH0Q97,114.173897,22.6029,367
粤BH0Q97,114.173897,22.6029,368
粤BH0Q97,114.173897,22.6029,368
粤BH0Q97,114.173897,22.6029,368
粤BH0Q97,114.173897,22.6029,370
粤BH0Q97,114.173897,22.6029,370
粤BH0Q97,114.173897,22.6029,371
粤BH0Q97,114.173897,22.6029,372
粤BH0Q97,114.173897,22.6029,374
粤BH0Q97,114.173897,22.6029,374
粤BH0Q97,114.173897,22.6029,375
粤BH0Q97,114.173897,22.6029,375
粤BH0Q97,114.173897,22.6029,375
粤BH0Q97,114.173897,22.6029,376
粤BH0Q97,114.173897,22.6029,378
粤BH0Q97,114.173897,22.6029,378
粤BH0Q97,114.173897,22.6029,379
粤BH0Q97,114.173897,22.6029,382
粤BH0Q97,114.173897,22.6029,383
粤BH0Q97,114.173897,22.6029,383
粤BH0Q97,114.173897,22.6029,385
粤BH0Q97,114.173897,22.6029,386
粤BH0Q97,114.173897,22.6029,386
粤BH0Q97,114.173897,22.6029,387
粤BH0Q97,114.173897,22.6029,387
粤BH0Q97,114.173897,22.6029,389
粤BH0Q97,114.173897,22.6029,390
粤BH0Q97,114.173897,22.6029,390
粤BH0Q97,114.173897,22.6029,391
粤BH0Q97,114.173897,22.6029,391
粤BH0Q97,114.173897,22.6029,391
粤BH0Q97,114.173897,22.6029,393
粤BH0Q97,114.173897,22.6029,393
粤BH0Q97,114.173897,22.6029,394
粤BH0Q97,114.173897,22.6029,394
粤BH0Q97,114.173897,22.6029,395
粤BH0Q97,114.173897,22.6029,396
粤BH0Q97,114.173897,22.6029,397
粤BH0Q97,114.173897,22.6029,397
粤BH0Q97,114.173897,22.6029,397
粤BH0Q97,114.173897,22.6029,398
粤BH0Q97,114.173897,22.6029,398
粤BH0Q97,114.173897,22.6029,400
粤BH0Q97,114.173897,22.6029,401
粤BH0Q97,114.173897,22.6029,401
粤BH0Q97,114.173897,22.6029,402
粤BH0Q97,114.173897,22.6029,404
粤BH0Q97,114.173897,22.6029,404
粤BH0Q97,114.173897,22.6029,405
粤BH0Q97,114.173897,22.6029,405
粤BH0Q97,114.173897,22.6029,406
粤BH0Q97,114.173897,22.6029,408
粤BH0Q97,114.173897,22.6029,409
粤BH0Q97,114.173897,22.6029,410
粤BH0Q97,114.173897,22.6029,412
粤BH0Q97,114.173897,22.6029,412
粤BH0Q97,114.173897,22.6029,413
粤BH0Q97,114.173897,22.6029,414
粤BH0Q97,114.173897,22.6029,416
粤BH0Q97,114.173897,22.6029,417
粤BH0Q97,114.173897,22.6029,417
粤BH0Q97,114.173897,22.6029,418
粤BH0Q97,114.173897,22.6029,418
粤BH0Q97,114.173897,22.6029,420
粤BH0Q97,114.173897,22.6029,420
粤BH0Q97,114.173897,22.6029,421
粤BH0Q97,114.173897,22.6029,421
粤BH0Q97,114.173897,22.6029,422
粤BH0Q97,114.173897,22.6029,422
粤BH0Q97,114.173897,22.6029,424
粤BH0Q97,114.173897,22.6029,424
粤BH0Q97,114.173897,22.6029,425
粤BH0Q97,114.173897,22.6029,425
粤BH0Q97,114.173897,22.6029,425
粤BH0Q97,114.173897,22.6029,427
粤BH0Q97,114.173897,22.6029,428
粤BH0Q97,114.173897,22.6029,428
粤BH0Q97,114.173897,22.6029,428
粤BH0Q97,114.173897,22.6029,429
粤BH0Q97,114.173897,22.6029,431
粤BH0Q97,114.173897,22.6029,431
粤BH0Q97,114.173897,22.6029,432
粤BH0Q97,114.173897,22.6029,432
粤BH0Q97,114.173897,22.6029,433
粤BH0Q97,114.173897,22.6029,435
粤BH0Q97,114.173897,22.6029,435
粤BH0Q97,114.173897,22.6029,436
粤BH0Q97,114.173897,22.6029,436
粤BH0Q97,114.173897,22.6029,436
粤BH0Q97,114.173897,22.6029,438
粤BH0Q97,114.173897,22.6029,439
粤BH0Q97,114.173897,22.6029,440
粤BH0Q97,114.173897,22.6029,440
粤BH0Q97,114.173897,22.6029,442
粤BH0Q97,114.173897,22.6029,443
粤BH0Q97,114.173897,22.6029,443
粤BH0Q97,114.173897,22.6029,443
粤BH0Q97,114.173897,22.6029,444
粤BH0Q97,114.173897,22.6029,444
粤BH0Q97,114.173897,22.6029,446
粤BH0Q97,114.173897,22.6029,446
粤BH0Q97,114.173897,22.6029,446
粤BH0Q97,114.173897,22.6029,447
粤BH0Q97,114.173897,22.6029,448
粤BH0Q97,114.173897,22.6029,450
粤BH0Q97,114.173897,22.6029,450
粤BH0Q97,114.173897,22.6029,450
粤BH0Q97,114.173897,22.6029,451
粤BH0Q97,114.173897,22.6029,451
粤BH0Q97,114.173897,22.6029,453
粤BH0Q97,114.173897,22.6029,454
粤BH0Q97,114.173897,22.6029,454
粤BH0Q97,114.173897,22.6029,455
粤BH0Q97,114.173897,22.6029,457
粤BH0Q97,114.173897,22.6029,457
粤BH0Q97,114.173897,22.6029,457
粤BH0Q97,114.173897,22.6029,458
粤BH0Q97,114.173897,22.6029,460
粤BH0Q97,114.173897,22.6029,460
粤BH0Q97,114.173897,22.6029,461
粤BH0Q97,114.173897,22.6029,461
粤BH0Q97,114.173897,22.6029,461
粤BH0Q97,114.173897,22.6029,462
粤BH0Q97,114.173897,22.6029,462
粤BH0Q97,114.173897,22.6029,464
粤BH0Q97,114.173897,22.6029,464
粤BH0Q97,114.173897,22.6029,464
粤BH0Q97,114.173897,22.6029,465
粤BH0Q97,114.173897,22.6029,465
粤BH0Q97,114.173897,22.6029,465
粤BH0Q97,114.173897,22.6029,466
粤BH0Q97,114.173897,22.6029,467
粤BH0Q97,114.173897,22.6029,469
粤BH0Q97,114.173897,22.6029,469
粤BH0Q97,114.173897,22.6029,471
粤BH0Q97,114.173897,22.6029,473
粤BH0Q97,114.173897,22.6029,473
粤BH0Q97,114.173897,22.6029,474
粤BH0Q97,114.173897,22.6029,475
粤BH0Q97,114.173897,22.6029,475
粤BH0Q97,114.173897,22.6029,478
粤BH0Q97,114.173897,22.6029,479
粤BH0Q97,114.173897,22.6029,479
粤BH0Q97,114.173897,22.6029,479
粤BH0Q97,114.173897,22.6029,482
粤BH0Q97,114.173897,22.6029,483
粤BH0Q97,114.173897,22.6029,486
粤BH0Q97,114.173897,22.6029,487
粤BH0Q97,114.173897,22.6029,487
粤BH0Q97,114.173897,22.6029,487
粤BH0Q97,114.173897,22.6029,490
粤BH0Q97,114.173897,22.6029,491
粤BH0Q97,114.173897,22.6029,493
粤BH0Q97,114.173897,22.6029,494
粤BH0Q97,114.173897,22.6029,495
粤BH0Q97,114.173897,22.6029,495
粤BH0Q97,114.173897,22.6029,495
粤BH0Q97,114.173897,22.6029,497
粤BH0Q97,114.173897,22.6029,497
粤BH0Q97,114.173897,22.6029,498
粤BH0Q97,114.173897,22.6029,499
粤BH0Q97,114.173897,22.6029,501
粤BH0Q97,114.173897,22.6029,502
粤BH0Q97,114.173897,22.6029,502
粤BH0Q97,114.173897,22.6029,503
粤BH0Q97,114.173897,22.6029,504
粤BH0Q97,114.173897,22.6029,504
粤BH0Q97,114.173897,22.6029,505
粤BH0Q97,114.173897,22.6029,505
粤BH0Q97,114.173897,22.6029,505
粤BH0Q97,114.173897,22.6029,506
粤BH0Q97,114.173897,22.6029,507
粤BH0Q97,114.173897,22.6029,507
粤BH0Q97,114.173897,22.6029,507
粤BH0Q97,114.173897,22.6029,508
粤BH0Q97,114.173897,22.6029,509
粤BH0Q97,114.173897,22.6029,511
粤BH0Q97,114.173897,22.6029,511
粤BH0Q97,114.173897,22.6029,511
粤BH0Q97,114.173897,22.6029,512
粤BH0Q97,114.173897,22.6029,513
粤BH0Q97,114.173897,22.6029,514
粤BH0Q97,114.173897,22.6029,515
粤BH0Q97,114.173897,22.6029,515
粤BH0Q97,114.173897,22.6029,515
粤BH0Q97,114.173897,22.6029,516
粤BH0Q97,114.173897,22.6029,516
粤BH0Q97,114.173897,22.6029,518
粤BH0Q97,114.173897,22.6029,518
粤BH0Q97,114.173897,22.6029,519
粤BH0Q97,114.173897,22.6029,519
粤BH0Q97,114.173897,22.6029,520
粤BH0Q97,114.173897,22.6029,522
粤BH0Q97,114.173897,22.6029,522
粤BH0Q97,114.173897,22.6029,523
粤BH0Q97,114.173897,22.6029,523
粤BH0Q97,114.173897,22.6029,523
粤BH0Q97,114.173897,22.6029,525
粤BH0Q97,114.173897,22.6029,526
粤BH0Q97,114.173897,22.6029,526
粤BH0Q97,114.173897,22.6029,528
粤BH0Q97,114.173897,22.6029,529
粤BH0Q97,114.173897,22.6029,529
粤BH0Q97,114.173897,22.6029,530
粤BH0Q97,114.173897,22.6029,532
粤BH0Q97,114.173897,22.6029,533
粤BH0Q97,114.173897,22.6029,533
粤BH0Q97,114.173897,22.6029,534
粤BH0Q97,114.173897,22.6029,535
粤BH0Q97,114.173897,22.6029,536
粤BH0Q97,114.173897,22.6029,545
粤BH0Q97,114.173897,22.6029,546
粤BH0Q97,114.173897,22.6029,547
粤BH0Q97,114.173897,22.6029,547
粤BH0Q97,114.173897,22.6029,548
粤BH0Q97,114.173897,22.6029,548
粤BH0Q97,114.173897,22.6029,551
粤BH0Q97,114.173897,22.6029,551
粤BH0Q97,114.173897,22.6029,552
粤BH0Q97,114.173897,22.6029,554
粤BH0Q97,114.173897,22.6029,554
粤BH0Q97,114.173897,22.6029,555
粤BH0Q97,114.173897,22.6029,555
粤BH0Q97,114.173897,22.6029,557
粤BH0Q97,114.173897,22.6029,557
粤BH0Q97,114.173897,22.6029,558
粤BH0Q97,114.173897,22.6029,559
粤BH0Q97,114.173897,22.6029,561
粤BH0Q97,114.173897,22.6029,561
粤BH0Q97,114.173897,22.6029,562
粤BH0Q97,114.173897,22.6029,562
粤BH0Q97,114.173897,22.6029,562
粤BH0Q97,114.173897,22.6029,563
粤BH0Q97,114.173897,22.6029,565
粤BH0Q97,114.173897,22.6029,566
粤BH0Q97,114.173897,22.6029,566
粤BH0Q97,114.173897,22.6029,569
粤BH0Q97,114.173897,22.6029,569
粤BH0Q97,114.173897,22.6029,570
粤BH0Q97,114.173897,22.6029,572
粤BH0Q97,114.173897,22.6029,572
粤BH0Q97,114.173897,22.6029,572
粤BH0Q97,114.173897,22.6029,573
粤BH0Q97,114.173897,22.6029,575
粤BH0Q97,114.173897,22.6029,575
粤BH0Q97,114.173897,22.6029,576
粤BH0Q97,114.173897,22.6029,576
粤BH0Q97,114.173897,22.6029,577
粤BH0Q97,114.173897,22.6029,577
粤BH0Q97,114.173897,22.6029,579
粤BH0Q97,114.173897,22.6029,579
粤BH0Q97,114.173897,22.6029,580
粤BH0Q97,114.173897,22.6029,580
粤BH0Q97,114.173897,22.6029,580
粤BH0Q97,114.173897,22.6029,581
粤BH0Q97,114.173897,22.6029,583
粤BH0Q97,114.173897,22.6029,583
粤BH0Q97,114.173897,22.6029,584
粤BH0Q97,114.173897,22.6029,584
粤BH0Q97,114.173897,22.6029,584
粤BH0Q97,114.173897,22.6029,586
粤BH0Q97,114.173897,22.6029,587
粤BH0Q97,114.173897,22.6029,587
粤BH0Q97,114.173897,22.6029,587
粤BH0Q97,114.173897,22.6029,589
粤BH0Q97,114.173897,22.6029,590
粤BH0Q97,114.173897,22.6029,591
粤BH0Q97,114.173897,22.6029,593
粤BH0Q97,114.173897,22.6029,593
粤BH0Q97,114.173897,22.6029,594
粤BH0Q97,114.173897,22.6029,594
粤BH0Q97,114.173897,22.6029,595
粤BH0Q97,114.173897,22.6029,597
粤BH0Q97,114.173897,22.6029,597
粤BH0Q97,114.173897,22.6029,597
粤BH0Q97,114.173897,22.6029,598
粤BH0Q97,114.173897,22.6029,598
粤BH0Q97,114.173897,22.6029,598
粤BH0Q97,114.173897,22.6029,602
粤BH0Q97,114.173897,22.6029,604
粤BH0Q97,114.173897,22.6029,605
粤BH0Q97,114.173897,22.6029,605
粤BH0Q97,114.173897,22.6029,606
粤BH0Q97,114.173897,22.6029,607
粤BH0Q97,114.173897,22.6029,608
粤BH0Q97,114.173897,22.6029,608
粤BH0Q97,114.173897,22.6029,609
粤BH0Q97,114.173897,22.6029,609
粤BH0Q97,114.173897,22.6029,611
粤BH0Q97,114.173897,22.6029,611
粤BH0Q97,114.173897,22.6029,612
粤BH0Q97,114.173897,22.6029,612
粤BH0Q97,114.173897,22.6029,613
粤BH0Q97,114.173897,22.6029,614
粤BH0Q97,114.173897,22.6029,615
粤BH0Q97,114.173897,22.6029,615
粤BH0Q97,114.173897,22.6029,617
粤BH0Q97,114.173897,22.6029,618
粤BH0Q97,114.173897,22.6029,619
粤BH0Q97,114.173897,22.6029,619
粤BH0Q97,114.173897,22.6029,621
粤BH0Q97,114.173897,22.6029,622
粤BH0Q97,114.173897,22.6029,622
粤BH0Q97,114.173897,22.6029,622
粤BH0Q97,114.173897,22.6029,624
粤BH0Q97,114.173897,22.6029,625
粤BH0Q97,114.173897,22.6029,626
粤BH0Q97,114.173897,22.6029,627
粤BH0Q97,114.173897,22.6029,629
粤BH0Q97,114.173897,22.6029,631
粤BH0Q97,114.173897,22.6029,632
粤BH0Q97,114.173897,22.6029,633
粤BH0Q97,114.173897,22.6029,634
粤BH0Q97,114.173897,22.6029,634
粤BH0Q97,114.173897,22.6029,635
粤BH0Q97,114.173897,22.6029,636
粤BH0Q97,114.173897,22.6029,637
粤BH0Q97,114.173897,22.6029,638
粤BH0Q97,114.173897,22.6029,638
粤BH0Q97,114.173897,22.6029,639
粤BH0Q97,114.173897,22.6029,639
粤BH0Q97,114.173897,22.6029,639
粤BH0Q97,114.173897,22.6029,641
粤BH0Q97,114.173897,22.6029,641
粤BH0Q97,114.173897,22.6029,641
粤BH0Q97,114.173897,22.6029,642
粤BH0Q97,114.173897,22.6029,643
粤BH0Q97,114.173897,22.6029,644
粤BH0Q97,114.173897,22.6029,644
粤BH0Q97,114.173897,22.6029,645
粤BH0Q97,114.173897,22.6029,645
粤BH0Q97,114.173897,22.6029,647
粤BH0Q97,114.173897,22.6029,648
粤BH0Q97,114.173897,22.6029,649
粤BH0Q97,114.173897,22.6029,649
粤BH0Q97,114.173897,22.6029,651
粤BH0Q97,114.173897,22.6029,652
粤BH0Q97,114.173897,22.6029,652
粤BH0Q97,114.173897,22.6029,654
粤BH0Q97,114.173897,22.6029,657
粤BH0Q97,114.173897,22.6029,657
粤BH0Q97,114.173897,22.6029,658
粤BH0Q97,114.173897,22.6029,658
粤BH0Q97,114.173897,22.6029,659
粤BH0Q97,114.173897,22.6029,659
粤BH0Q97,114.173897,22.6029,661
粤BH0Q97,114.173897,22.6029,661
粤BH0Q97,114.173897,22.6029,662
粤BH0Q97,114.173897,22.6029,663
粤BH0Q97,114.173897,22.6029,664
粤BH0Q97,114.173897,22.6029,665
粤BH0Q97,114.173897,22.6029,665
粤BH0Q97,114.173897,22.6029,668
粤BH0Q97,114.173897,22.6029,668
粤BH0Q97,114.173897,22.6029,668
粤BH0Q97,114.173897,22.6029,669
粤BH0Q97,114.173897,22.6029,670
粤BH0Q97,114.173897,22.6029,671
粤BH0Q97,114.173897,22.6029,672
粤BH0Q97,114.173897,22.6029,675
粤BH0Q97,114.173897,22.6029,675
粤BH0Q97,114.173897,22.6029,676
粤BH0Q97,114.173897,22.6029,678
粤BH0Q97,114.173897,22.6029,679
粤BH0Q97,114.173897,22.6029,679
粤BH0Q97,114.173897,22.6029,680
粤BH0Q97,114.173897,22.6029,681
粤BH0Q97,114.173897,22.6029,682
粤BH0Q97,114.173897,22.6029,682
粤BH0Q97,114.173897,22.6029,683
粤BH0Q97,114.173897,22.6029,683
粤BH0Q97,114.173897,22.6029,685
粤BH0Q97,114.173897,22.6029,685
粤BH0Q97,114.173897,22.6029,686
粤BH0Q97,114.173897,22.6029,690
粤BH0Q97,114.173897,22.6029,691
粤BH0Q97,114.173897,22.6029,692
粤BH0Q97,114.173897,22.6029,693
粤BH0Q97,114.173897,22.6029,695
粤BH0Q97,114.173897,22.6029,695
粤BH0Q97,114.173897,22.6029,696
粤BH0Q97,114.173897,22.6029,697
粤BH0Q97,114.173897,22.6029,698
粤BH0Q97,114.173897,22.6029,699
粤BH0Q97,114.173897,22.6029,702
粤BH0Q97,114.173897,22.6029,702
粤BH0Q97,114.173897,22.6029,703
粤BH0Q97,114.173897,22.6029,704
粤BH0Q97,114.173897,22.6029,705
粤BH0Q97,114.173897,22.6029,706
粤BH0Q97,114.173897,22.6029,706
粤BH0Q97,114.173897,22.6029,706
粤BH0Q97,114.173897,22.6029,708
粤BH0Q97,114.173897,22.6029,709
粤BH0Q97,114.173897,22.6029,709
粤BH0Q97,114.173897,22.6029,710
粤BH0Q97,114.173897,22.6029,710
粤BH0Q97,114.173897,22.6029,712
粤BH0Q97,114.173897,22.6029,712
粤BH0Q97,114.173897,22.6029,712
粤BH0Q97,114.173897,22.6029,713
粤BH0Q97,114.173897,22.6029,716
粤BH0Q97,114.173897,22.6029,716
粤BH0Q97,114.173897,22.6029,717
粤BH0Q97,114.173897,22.6029,717
粤BH0Q97,114.173897,22.6029,718
粤BH0Q97,114.173897,22.6029,718
粤BH0Q97,114.173897,22.6029,718
粤BH0Q97,114.173897,22.6029,719
粤BH0Q97,114.173897,22.6029,719
粤BH0Q97,114.173897,22.6029,720
粤BH0Q97,114.165398,22.603001,725
粤BH0Q97,114.165398,22.603001,725
粤BH0Q97,114.165398,22.603001,726
粤BH0Q97,114.165398,22.603001,726
粤BH0Q97,114.165398,22.603001,728
粤BH0Q97,114.165398,22.603001,729
粤BH0Q97,114.165398,22.603001,729
粤BH0Q97,114.165398,22.603001,730
粤BH0Q97,114.165398,22.603001,730
粤BH0Q97,114.165398,22.603001,732
粤BH0Q97,114.165398,22.603001,733
粤BH0Q97,114.165398,22.603001,733
粤BH0Q97,114.165398,22.603001,733
粤BH0Q97,114.165398,22.603001,734
粤BH0Q97,114.165398,22.603001,735
粤BH0Q97,114.165398,22.603001,735
粤BH0Q97,114.165398,22.603001,736
粤BH0Q97,114.165398,22.603001,737
粤BH0Q97,114.165398,22.603001,737
粤BH0Q97,114.165398,22.603001,739
粤BH0Q97,114.165398,22.603001,739
粤BH0Q97,114.165398,22.603001,740
粤BH0Q97,114.165398,22.603001,740
粤BH0Q97,114.165398,22.603001,740
粤BH0Q97,114.165398,22.603001,741
粤BH0Q97,114.165398,22.603001,742
粤BH0Q97,114.165398,22.603001,743
粤BH0Q97,114.165398,22.603001,743
粤BH0Q97,114.165398,22.603001,744
粤BH0Q97,114.165398,22.603001,746
粤BH0Q97,114.165398,22.603001,746
粤BH0Q97,114.165398,22.603001,747
粤BH0Q97,114.165398,22.603001,747
粤BH0Q97,114.165398,22.603001,749
粤BH0Q97,114.165398,22.603001,750
粤BH0Q97,114.165398,22.603001,750
粤BH0Q97,114.165398,22.603001,753
粤BH0Q97,114.165398,22.603001,754
粤BH0Q97,114.165398,22.603001,754
粤BH0Q97,114.165398,22.603001,755
粤BH0Q97,114.165398,22.603001,756
粤BH0Q97,114.165398,22.603001,756
粤BH0Q97,114.165398,22.603001,757
粤BH0Q97,114.165398,22.603001,757
粤BH0Q97,114.165398,22.603001,758
粤BH0Q97,114.165398,22.603001,758
粤BH0Q97,114.165398,22.603001,760
粤BH0Q97,114.165398,22.603001,760
粤BH0Q97,114.165398,22.603001,761
粤BH0Q97,114.165398,22.603001,761
粤BH0Q97,114.165398,22.603001,761
粤BH0Q97,114.165398,22.603001,763
粤BH0Q97,114.165398,22.603001,764
粤BH0Q97,114.165398,22.603001,764
粤BH0Q97,114.165398,22.603001,765
粤BH0Q97,114.165398,22.603001,766
粤BH0Q97,114.165398,22.603001,768
粤BH0Q97,114.165398,22.603001,768
粤BH0Q97,114.165398,22.603001,768
粤BH0Q97,114.165398,22.603001,770
粤BH0Q97,114.165398,22.603001,770
粤BH0Q97,114.165398,22.603001,771
粤BH0Q97,114.165398,22.603001,772
粤BH0Q97,114.165398,22.603001,775
粤BH0Q97,114.165398,22.603001,775
粤BH0Q97,114.165398,22.603001,775
粤BH0Q97,114.165398,22.603001,777
粤BH0Q97,114.165398,22.603001,777
粤BH0Q97,114.165398,22.603001,778
粤BH0Q97,114.165398,22.603001,778
粤BH0Q97,114.165398,22.603001,778
粤BH0Q97,114.165398,22.603001,779
粤BH0Q97,114.165398,22.603001,782
粤BH0Q97,114.165398,22.603001,782
粤BH0Q97,114.165398,22.603001,782
粤BH0Q97,114.165398,22.603001,784
粤BH0Q97,114.165398,22.603001,785
粤BH0Q97,114.165398,22.603001,785
粤BH0Q97,114.165398,22.603001,786
粤BH0Q97,114.165398,22.603001,787
粤BH0Q97,114.165398,22.603001,788
粤BH0Q97,114.165398,22.603001,788
粤BH0Q97,114.165398,22.603001,789
粤BH0Q97,114.165398,22.603001,791
粤BH0Q97,114.165398,22.603001,791
粤BH0Q97,114.165398,22.603001,792
粤BH0Q97,114.165398,22.603001,793
粤BH0Q97,114.165398,22.603001,794
粤BH0Q97,114.165398,22.603001,795
粤BH0Q97,114.165398,22.603001,795
粤BH0Q97,114.165398,22.603001,798
粤BH0Q97,114.165398,22.603001,798
粤BH0Q97,114.165398,22.603001,799
粤BH0Q97,114.165398,22.603001,799
粤BH0Q97,114.165398,22.603001,800
粤BH0Q97,114.165398,22.603001,801
粤BH0Q97,114.165398,22.603001,801
粤BH0Q97,114.165398,22.603001,802
粤BH0Q97,114.165398,22.603001,802
粤BH0Q97,114.165398,22.603001,803
粤BH0Q97,114.165398,22.603001,804
粤BH0Q97,114.165398,22.603001,805
粤BH0Q97,114.165398,22.603001,806
粤BH0Q97,114.165398,22.603001,808
粤BH0Q97,114.165398,22.603001,808
粤BH0Q97,114.165398,22.603001,809
粤BH0Q97,114.165398,22.603001,809
粤BH0Q97,114.165398,22.603001,809
粤BH0Q97,114.165398,22.603001,812
粤BH0Q97,114.165398,22.603001,812
粤BH0Q97,114.165398,22.603001,812
粤BH0Q97,114.165398,22.603001,813
粤BH0Q97,114.165398,22.603001,813
粤BH0Q97,114.165398,22.603001,815
粤BH0Q97,114.165398,22.603001,815
粤BH0Q97,114.165398,22.603001,816
粤BH0Q97,114.165398,22.603001,816
粤BH0Q97,114.165398,22.603001,818
粤BH0Q97,114.165398,22.603001,819
粤BH0Q97,114.165398,22.603001,819
粤BH0Q97,114.165398,22.603001,820
粤BH0Q97,114.165398,22.603001,822
粤BH0Q97,114.165398,22.603001,822
粤BH0Q97,114.165398,22.603001,823
粤BH0Q97,114.165398,22.603001,823
粤BH0Q97,114.165398,22.603001,823
粤BH0Q97,114.165398,22.603001,824
粤BH0Q97,114.165398,22.603001,825
粤BH0Q97,114.165398,22.603001,826
粤BH0Q97,114.165398,22.603001,827
粤BH0Q97,114.165398,22.603001,829
粤BH0Q97,114.165398,22.603001,829
粤BH0Q97,114.165398,22.603001,830
粤BH0Q97,114.165398,22.603001,835
粤BH0Q97,114.165398,22.603001,835
粤BH0Q97,114.165398,22.603001,843
粤BH0Q97,114.165398,22.603001,844
粤BH0Q97,114.165398,22.603001,844
粤BH0Q97,114.165398,22.603001,844
粤BH0Q97,114.165398,22.603001,845
粤BH0Q97,114.165398,22.603001,845
粤BH0Q97,114.165398,22.603001,847
粤BH0Q97,114.165398,22.603001,847
粤BH0Q97,114.165398,22.603001,848
粤BH0Q97,114.165398,22.603001,848
粤BH0Q97,114.165398,22.603001,851
粤BH0Q97,114.165398,22.603001,852
粤BH0Q97,114.165398,22.603001,852
粤BH0Q97,114.165398,22.603001,852
粤BH0Q97,114.165398,22.603001,854
粤BH0Q97,114.165398,22.603001,855
粤BH0Q97,114.165398,22.603001,855
粤BH0Q97,114.165398,22.603001,859
粤BH0Q97,114.165398,22.603001,859
粤BH0Q97,114.165398,22.603001,861
粤BH0Q97,114.165398,22.603001,861
粤BH0Q97,114.165398,22.603001,861
粤BH0Q97,114.165398,22.603001,862
粤BH0Q97,114.165398,22.603001,864
粤BH0Q97,114.165398,22.603001,864
粤BH0Q97,114.165398,22.603001,865
粤BH0Q97,114.165398,22.603001,865
粤BH0Q97,114.165398,22.603001,866
粤BH0Q97,114.165398,22.603001,867
粤BH0Q97,114.165398,22.603001,868
粤BH0Q97,114.165398,22.603001,868
粤BH0Q97,114.165398,22.603001,868
粤BH0Q97,114.165398,22.603001,869
粤BH0Q97,114.165398,22.603001,869
粤BH0Q97,114.165398,22.603001,871
粤BH0Q97,114.165398,22.603001,872
粤BH0Q97,114.165398,22.603001,872
粤BH0Q97,114.165398,22.603001,873
粤BH0Q97,114.165398,22.603001,874
粤BH0Q97,114.165398,22.603001,874
粤BH0Q97,114.165398,22.603001,875
粤BH0Q97,114.165398,22.603001,875
粤BH0Q97,114.165398,22.603001,876
粤BH0Q97,114.165398,22.603001,876
粤BH0Q97,114.165398,22.603001,876
粤BH0Q97,114.165398,22.603001,878
粤BH0Q97,114.165398,22.603001,878
粤BH0Q97,114.165398,22.603001,879
粤BH0Q97,114.165398,22.603001,880
粤BH0Q97,114.165398,22.603001,881
粤BH0Q97,114.165398,22.603001,882
粤BH0Q97,114.165398,22.603001,883
粤BH0Q97,114.165398,22.603001,883
粤BH0Q97,114.165398,22.603001,885
粤BH0Q97,114.165398,22.603001,885
粤BH0Q97,114.165398,22.603001,886
粤BH0Q97,114.165398,22.603001,886
粤BH0Q97,114.165398,22.603001,886
粤BH0Q97,114.165398,22.603001,887
粤BH0Q97,114.165398,22.603001,887
粤BH0Q97,114.165398,22.603001,888
粤BH0Q97,114.165398,22.603001,889
粤BH0Q97,114.165398,22.603001,889
粤BH0Q97,114.165398,22.603001,890
粤BH0Q97,114.165398,22.603001,892
粤BH0Q97,114.165398,22.603001,892
粤BH0Q97,114.165398,22.603001,893
粤BH0Q97,114.165398,22.603001,893
粤BH0Q97,114.165398,22.603001,893
粤BH0Q97,114.165398,22.603001,896
粤BH0Q97,114.165398,22.603001,897
粤BH0Q97,114.165398,22.603001,897
粤BH0Q97,114.165398,22.603001,898
粤BH0Q97,114.165398,22.603001,899
粤BH0Q97,114.165398,22.603001,911
粤BH0Q97,114.165398,22.603001,911
粤BH0Q97,114.165398,22.603001,912
粤BH0Q97,114.165398,22.603001,913
粤BH0Q97,114.165398,22.603001,914
粤BH0Q97,114.165398,22.603001,915
粤BH0Q97,114.165398,22.603001,915
粤BH0Q97,114.165398,22.603001,915
粤BH0Q97,114.165398,22.603001,916
粤BH0Q97,114.165398,22.603001,917
粤BH0Q97,114.165398,22.603001,918
粤BH0Q97,114.165398,22.603001,919
粤BH0Q97,114.165398,22.603001,921
粤BH0Q97,114.165398,22.603001,922
粤BH0Q97,114.165398,22.603001,923
粤BH0Q97,114.165398,22.603001,925
粤BH0Q97,114.165398,22.603001,925
粤BH0Q97,114.165398,22.603001,926
粤BH0Q97,114.165398,22.603001,926
粤BH0Q97,114.165398,22.603001,926
粤BH0Q97,114.165398,22.603001,928
粤BH0Q97,114.165398,22.603001,928
粤BH0Q97,114.165398,22.603001,928
粤BH0Q97,114.165398,22.603001,929
粤BH0Q97,114.165398,22.603001,929
粤BH0Q97,114.165398,22.603001,929
粤BH0Q97,114.165398,22.603001,930
粤BH0Q97,114.165398,22.603001,930
粤BH0Q97,114.165398,22.603001,932
粤BH0Q97,114.165398,22.603001,933
粤BH0Q97,114.165398,22.603001,934
粤BH0Q97,114.165398,22.603001,935
粤BH0Q97,114.165398,22.603001,936
粤BH0Q97,114.165398,22.603001,937
粤BH0Q97,114.165398,22.603001,937
粤BH0Q97,114.165398,22.603001,938
粤BH0Q97,114.165398,22.603001,939
粤BH0Q97,114.165398,22.603001,939
粤BH0Q97,114.165398,22.603001,940
粤BH0Q97,114.165398,22.603001,942
粤BH0Q97,114.165398,22.603001,942
粤BH0Q97,114.165398,22.603001,942
粤BH0Q97,114.165398,22.603001,943
粤BH0Q97,114.165398,22.603001,943
粤BH0Q97,114.165398,22.603001,943
粤BH0Q97,114.165398,22.603001,944
粤BH0Q97,114.165398,22.603001,944
粤BH0Q97,114.165398,22.603001,945
粤BH0Q97,114.165398,22.603001,945
粤BH0Q97,114.165398,22.603001,946
粤BH0Q97,114.165398,22.603001,949
粤BH0Q97,114.165398,22.603001,950
粤BH0Q97,114.165398,22.603001,950
粤BH0Q97,114.165398,22.603001,951
粤BH0Q97,114.165398,22.603001,952
粤BH0Q97,114.165398,22.603001,953
粤BH0Q97,114.165398,22.603001,953
粤BH0Q97,114.165398,22.603001,954
粤BH0Q97,114.165398,22.603001,956
粤BH0Q97,114.165398,22.603001,956
粤BH0Q97,114.165398,22.603001,956
粤BH0Q97,114.165398,22.603001,957
粤BH0Q97,114.165398,22.603001,957
粤BH0Q97,114.165398,22.603001,958
粤BH0Q97,114.165398,22.603001,958
粤BH0Q97,114.165398,22.603001,960
粤BH0Q97,114.165398,22.603001,960
粤BH0Q97,114.165398,22.603001,960
粤BH0Q97,114.165398,22.603001,961
粤BH0Q97,114.165398,22.603001,962
粤BH0Q97,114.165398,22.603001,964
粤BH0Q97,114.165398,22.603001,965
粤BH0Q97,114.165398,22.603001,965
粤BH0Q97,114.165398,22.603001,969
粤BH0Q97,114.165398,22.603001,974
粤BH0Q97,114.165398,22.603001,975
粤BH0Q97,114.165398,22.603001,976
粤BH0Q97,114.165398,22.603001,979
粤BH0Q97,114.165398,22.603001,979
粤BH0Q97,114.165398,22.603001,980
粤BH0Q97,114.165398,22.603001,982
粤BH0Q97,114.165398,22.603001,984
粤BH0Q97,114.165398,22.603001,986
粤BH0Q97,114.165398,22.603001,987
粤BH0Q97,114.165398,22.603001,988
粤BH0Q97,114.165398,22.603001,991
粤BH0Q97,114.165398,22.603001,992
粤BH0Q97,114.165398,22.603001,993
粤BH0Q97,114.165398,22.603001,994
粤BH0Q97,114.165398,22.603001,997
粤BH0Q97,114.173798,22.603001,997
粤BH0Q97,114.173798,22.603001,997
粤BH0Q97,114.165398,22.603001,997
粤BH0Q97,114.173798,22.603001,997
粤BH0Q97,114.173798,22.603001,998
粤BH0Q97,114.173798,22.603001,999
粤BH0Q97,114.173798,22.603001,1001
粤BH0Q97,114.173798,22.603001,1002
粤BH0Q97,114.173798,22.603001,1002
粤BH0Q97,114.173798,22.603001,1002
粤BH0Q97,114.173798,22.603001,1004
粤BH0Q97,114.173798,22.603001,1004
粤BH0Q97,114.173798,22.603001,1004
粤BH0Q97,114.173798,22.603001,1005
粤BH0Q97,114.173798,22.603001,1007
粤BH0Q97,114.173798,22.603001,1007
粤BH0Q97,114.173798,22.603001,1008
粤BH0Q97,114.173798,22.603001,1008
粤BH0Q97,114.173798,22.603001,1009
粤BH0Q97,114.173798,22.603001,1009
粤BH0Q97,114.173798,22.603001,1011
粤BH0Q97,114.173798,22.603001,1011
粤BH0Q97,114.173798,22.603001,1012
粤BH0Q97,114.173798,22.603001,1012
粤BH0Q97,114.173798,22.603001,1012
粤BH0Q97,114.173798,22.603001,1013
粤BH0Q97,114.173798,22.603001,1015
粤BH0Q97,114.173798,22.603001,1015
粤BH0Q97,114.173798,22.603001,1016
粤BH0Q97,114.173798,22.603001,1016
粤BH0Q97,114.173798,22.603001,1018
粤BH0Q97,114.173798,22.603001,1019
粤BH0Q97,114.173798,22.603001,1029
粤BH0Q97,114.173798,22.603001,1029
粤BH0Q97,114.173798,22.603001,1029
粤BH0Q97,114.173798,22.603001,1031
粤BH0Q97,114.173798,22.603001,1032
粤BH0Q97,114.173798,22.603001,1032
粤BH0Q97,114.173798,22.603001,1033
粤BH0Q97,114.173798,22.603001,1033
粤BH0Q97,114.173798,22.603001,1034
粤BH0Q97,114.173798,22.603001,1036
粤BH0Q97,114.173798,22.603001,1038
粤BH0Q97,114.173798,22.603001,1039
粤BH0Q97,114.173798,22.603001,1040
粤BH0Q97,114.173798,22.603001,1042
粤BH0Q97,114.173798,22.603001,1042
粤BH0Q97,114.173798,22.603001,1044
粤BH0Q97,114.173798,22.603001,1045
粤BH0Q97,114.173798,22.603001,1045
粤BH0Q97,114.173798,22.603001,1046
粤BH0Q97,114.173798,22.603001,1046
粤BH0Q97,114.173798,22.603001,1049
粤BH0Q97,114.173798,22.603001,1049
粤BH0Q97,114.173798,22.603001,1051
粤BH0Q97,114.173798,22.603001,1053
粤BH0Q97,114.173798,22.603001,1054
粤BH0Q97,114.173798,22.603001,1054
粤BH0Q97,114.173798,22.603001,1055
粤BH0Q97,114.173798,22.603001,1056
粤BH0Q97,114.173798,22.603001,1056
粤BH0Q97,114.173798,22.603001,1057
粤BH0Q97,114.173798,22.603001,1057
粤BH0Q97,114.173798,22.603001,1058
粤BH0Q97,114.173798,22.603001,1061
粤BH0Q97,114.173798,22.603001,1061
粤BH0Q97,114.173798,22.603001,1062
粤BH0Q97,114.173798,22.603001,1063
粤BH0Q97,114.173798,22.603001,1068
粤BH0Q97,114.173798,22.603001,1069
粤BH0Q97,114.173798,22.603001,1069
粤BH0Q97,114.173798,22.603001,1070
粤BH0Q97,114.173798,22.603001,1072
粤BH0Q97,114.173798,22.603001,1073
粤BH0Q97,114.173798,22.603001,1073
粤BH0Q97,114.173798,22.603001,1074
粤BH0Q97,114.173798,22.603001,1076
粤BH0Q97,114.173798,22.603001,1077
粤BH0Q97,114.173798,22.603001,1078
粤BH0Q97,114.173798,22.603001,1080
粤BH0Q97,114.173798,22.603001,1080
粤BH0Q97,114.173798,22.603001,1081
粤BH0Q97,114.173798,22.603001,1081
粤BH0Q97,114.173798,22.603001,1081
粤BH0Q97,114.173798,22.603001,1082
粤BH0Q97,114.173798,22.603001,1083
粤BH0Q97,114.173798,22.603001,1084
粤BH0Q97,114.173798,22.603001,1084
粤BH0Q97,114.173798,22.603001,1084
粤BH0Q97,114.173798,22.603001,1085
粤BH0Q97,114.173798,22.603001,1085
粤BH0Q97,114.173798,22.603001,1085
粤BH0Q97,114.173798,22.603001,1088
粤BH0Q97,114.173798,22.603001,1088
粤BH0Q97,114.173798,22.603001,1089
粤BH0Q97,114.173798,22.603001,1090
粤BH0Q97,114.173798,22.603001,1091
粤BH0Q97,114.173798,22.603001,1091
粤BH0Q97,114.173798,22.603001,1092
粤BH0Q97,114.173798,22.603001,1092
粤BH0Q97,114.173798,22.603001,1094
粤BH0Q97,114.173798,22.603001,1094
粤BH0Q97,114.173798,22.603001,1095
粤BH0Q97,114.173798,22.603001,1095
粤BH0Q97,114.173798,22.603001,1097
粤BH0Q97,114.173798,22.603001,1098
粤BH0Q97,114.173798,22.603001,1098
粤BH0Q97,114.173798,22.603001,1099
粤BH0Q97,114.173798,22.603001,1099
粤BH0Q97,114.173798,22.603001,1101
粤BH0Q97,114.173798,22.603001,1101
粤BH0Q97,114.173798,22.603001,1101
粤BH0Q97,114.173798,22.603001,1102
粤BH0Q97,114.173798,22.603001,1103
粤BH0Q97,114.173798,22.603001,1104
粤BH0Q97,114.173798,22.603001,1105
粤BH0Q97,114.173798,22.603001,1105
粤BH0Q97,114.173798,22.603001,1106
粤BH0Q97,114.173798,22.603001,1106
粤BH0Q97,114.173798,22.603001,1106
粤BH0Q97,114.173798,22.603001,1108
粤BH0Q97,114.173798,22.603001,1108
粤BH0Q97,114.173798,22.603001,1109
粤BH0Q97,114.173798,22.603001,1109
粤BH0Q97,114.173798,22.603001,1109
粤BH0Q97,114.173798,22.603001,1110
粤BH0Q97,114.173798,22.603001,1111
粤BH0Q97,114.173798,22.603001,1113
粤BH0Q97,114.173798,22.603001,1113
粤BH0Q97,114.173798,22.603001,1115
粤BH0Q97,114.173798,22.603001,1116
粤BH0Q97,114.173798,22.603001,1116
粤BH0Q97,114.173798,22.603001,1116
粤BH0Q97,114.173798,22.603001,1119
粤BH0Q97,114.173798,22.603001,1119
粤BH0Q97,114.173798,22.603001,1120
粤BH0Q97,114.173798,22.603001,1120
粤BH0Q97,114.173798,22.603001,1122
粤BH0Q97,114.173798,22.603001,1123
粤BH0Q97,114.173798,22.603001,1123
粤BH0Q97,114.173798,22.603001,1124
粤BH0Q97,114.173798,22.603001,1126
粤BH0Q97,114.173798,22.603001,1127
粤BH0Q97,114.173798,22.603001,1129
粤BH0Q97,114.173798,22.603001,1129
粤BH0Q97,114.173798,22.603001,1130
粤BH0Q97,114.173798,22.603001,1132
粤BH0Q97,114.173798,22.603001,1133
粤BH0Q97,114.173798,22.603001,1133
粤BH0Q97,114.173798,22.603001,1135
粤BH0Q97,114.173798,22.603001,1136
粤BH0Q97,114.173798,22.603001,1136
粤BH0Q97,114.173798,22.603001,1141
粤BH0Q97,114.173798,22.603001,1142
粤BH0Q97,114.173798,22.603001,1146
粤BH0Q97,114.173798,22.603001,1146
粤BH0Q97,114.173798,22.603001,1146
粤BH0Q97,114.173798,22.603001,1147
粤BH0Q97,114.173798,22.603001,1147
粤BH0Q97,114.173798,22.603001,1147
粤BH0Q97,114.173798,22.603001,1148
粤BH0Q97,114.173798,22.603001,1150
粤BH0Q97,114.173798,22.603001,1150
粤BH0Q97,114.173798,22.603001,1151
粤BH0Q97,114.173798,22.603001,1151
粤BH0Q97,114.173798,22.603001,1154
粤BH0Q97,114.173798,22.603001,1154
粤BH0Q97,114.173798,22.603001,1155
粤BH0Q97,114.173798,22.603001,1155
粤BH0Q97,114.173798,22.603001,1157
粤BH0Q97,114.173798,22.603001,1158
粤BH0Q97,114.173798,22.603001,1159
粤BH0Q97,114.173798,22.603001,1161
粤BH0Q97,114.173798,22.603001,1161
粤BH0Q97,114.173798,22.603001,1162
粤BH0Q97,114.173798,22.603001,1162
粤BH0Q97,114.173798,22.603001,1164
粤BH0Q97,114.173798,22.603001,1165
粤BH0Q97,114.173798,22.603001,1166
粤BH0Q97,114.173798,22.603001,1170
粤BH0Q97,114.173798,22.603001,1170
粤BH0Q97,114.173798,22.603001,1171
粤BH0Q97,114.173798,22.603001,1172
粤BH0Q97,114.173798,22.603001,1174
粤BH0Q97,114.173798,22.603001,1174
粤BH0Q97,114.173798,22.603001,1175
粤BH0Q97,114.173798,22.603001,1175
粤BH0Q97,114.173798,22.603001,1175
粤BH0Q97,114.173798,22.603001,1176
粤BH0Q97,114.173798,22.603001,1176
粤BH0Q97,114.173798,22.603001,1177
粤BH0Q97,114.173798,22.603001,1178
粤BH0Q97,114.173798,22.603001,1179
粤BH0Q97,114.173798,22.603001,1179
粤BH0Q97,114.173798,22.603001,1181
粤BH0Q97,114.173798,22.603001,1182
粤BH0Q97,114.173798,22.603001,1182
粤BH0Q97,114.173798,22.603001,1183
粤BH0Q97,114.173798,22.603001,1183
粤BH0Q97,114.173798,22.603001,1184
粤BH0Q97,114.173798,22.603001,1185
粤BH0Q97,114.173798,22.603001,1185
粤BH0Q97,114.173798,22.603001,1185
粤BH0Q97,114.173798,22.603001,1186
粤BH0Q97,114.173798,22.603001,1186
粤BH0Q97,114.173798,22.603001,1186
粤BH0Q97,114.173798,22.603001,1190
粤BH0Q97,114.173798,22.603001,1190
粤BH0Q97,114.173798,22.603001,1190
粤BH0Q97,114.173798,22.603001,1191
粤BH0Q97,114.173798,22.603001,1192
粤BH0Q97,114.173798,22.603001,1193
粤BH0Q97,114.173798,22.603001,1194
粤BH0Q97,114.173798,22.603001,1194
粤BH0Q97,114.173798,22.603001,1195
粤BH0Q97,114.173798,22.603001,1195
粤BH0Q97,114.173798,22.603001,1197
粤BH0Q97,114.173798,22.603001,1198
粤BH0Q97,114.173798,22.603001,1198
粤BH0Q97,114.173798,22.603001,1202
粤BH0Q97,114.173798,22.603001,1203
粤BH0Q97,114.173798,22.603001,1203
粤BH0Q97,114.173798,22.603001,1205
粤BH0Q97,114.173798,22.603001,1206
粤BH0Q97,114.173798,22.603001,1206
粤BH0Q97,114.173798,22.603001,1207
粤BH0Q97,114.173798,22.603001,1207
粤BH0Q97,114.173798,22.603001,1209
粤BH0Q97,114.173798,22.603001,1209
粤BH0Q97,114.173798,22.603001,1209
粤BH0Q97,114.173798,22.603001,1210
粤BH0Q97,114.173798,22.603001,1212
粤BH0Q97,114.173798,22.603001,1213
粤BH0Q97,114.173798,22.603001,1213
粤BH0Q97,114.173798,22.603001,1214
粤BH0Q97,114.173798,22.603001,1215
粤BH0Q97,114.173798,22.603001,1215
粤BH0Q97,114.173798,22.603001,1216
粤BH0Q97,114.173798,22.603001,1217
粤BH0Q97,114.173798,22.603001,1221
粤BH0Q97,114.173798,22.603001,1222
粤BH0Q97,114.173798,22.603001,1222
粤BH0Q97,114.173798,22.603001,1222
粤BH0Q97,114.173798,22.603001,1223
粤BH0Q97,114.173798,22.603001,1224
粤BH0Q97,114.173798,22.603001,1224
粤BH0Q97,114.173798,22.603001,1225
粤BH0Q97,114.173798,22.603001,1225
粤BH0Q97,114.173798,22.603001,1225
粤BH0Q97,114.173798,22.603001,1226
粤BH0Q97,114.173798,22.603001,1228
粤BH0Q97,114.173798,22.603001,1228
粤BH0Q97,114.173798,22.603001,1229
粤BH0Q97,114.173798,22.603001,1229
粤BH0Q97,114.173798,22.603001,1229
粤BH0Q97,114.173798,22.603001,1231
粤BH0Q97,114.173798,22.603001,1231
粤BH0Q97,114.173798,22.603001,1232
粤BH0Q97,114.173798,22.603001,1232
粤BH0Q97,114.173798,22.603001,1232
粤BH0Q97,114.173798,22.603001,1233
粤BH0Q97,114.173798,22.603001,1234
粤BH0Q97,114.173798,22.603001,1235
粤BH0Q97,114.173798,22.603001,1235
粤BH0Q97,114.173798,22.603001,1235
粤BH0Q97,114.173798,22.603001,1236
粤BH0Q97,114.173798,22.603001,1236
粤BH0Q97,114.173798,22.603001,1238
粤BH0Q97,114.173798,22.603001,1239
粤BH0Q97,114.173798,22.603001,1239
粤BH0Q97,114.173798,22.603001,1239
粤BH0Q97,114.173798,22.603001,1240
粤BH0Q97,114.173798,22.603001,1242
粤BH0Q97,114.173798,22.603001,1242
粤BH0Q97,114.173798,22.603001,1242
粤BH0Q97,114.173798,22.603001,1243
粤BH0Q97,114.173798,22.603001,1243
粤BH0Q97,114.173798,22.603001,1245
粤BH0Q97,114.173798,22.603001,1245
粤BH0Q97,114.173798,22.603001,1246
粤BH0Q97,114.173798,22.603001,1246
粤BH0Q97,114.173798,22.603001,1247
粤BH0Q97,114.173798,22.603001,1248
粤BH0Q97,114.173798,22.603001,1248
粤BH0Q97,114.173798,22.603001,1249
粤BH0Q97,114.173798,22.603001,1250
粤BH0Q97,114.173798,22.603001,1250
粤BH0Q97,114.173798,22.603001,1252
粤BH0Q97,114.173798,22.603001,1252
粤BH0Q97,114.173798,22.603001,1253
粤BH0Q97,114.173798,22.603001,1256
粤BH0Q97,114.173798,22.603001,1257
粤BH0Q97,114.173798,22.603001,1257
粤BH0Q97,114.173798,22.603001,1260
粤BH0Q97,114.173798,22.603001,1261
粤BH0Q97,114.173798,22.603001,1261
粤BH0Q97,114.173798,22.603001,1262
粤BH0Q97,114.173798,22.603001,1264
粤BH0Q97,114.173798,22.603001,1265
粤BH0Q97,114.173798,22.603001,1265
粤BH0Q97,114.173798,22.603001,1266
粤BH0Q97,114.173798,22.603001,1267
粤BH0Q97,114.173798,22.603001,1268
粤BH0Q97,114.173798,22.603001,1268
粤BH0Q97,114.173798,22.603001,1268
粤BH0Q97,114.173798,22.603001,1269
粤BH0Q97,114.173798,22.603001,1269
粤BH0Q97,114.173798,22.603001,1271
粤BH0Q97,114.173798,22.603001,1271
粤BH0Q97,114.173798,22.603001,1272
粤BH0Q97,114.173798,22.603001,1272
粤BH0Q97,114.173798,22.603001,1272
粤BH0Q97,114.173798,22.603001,1274
粤BH0Q97,114.173798,22.603001,1276
粤BH0Q97,114.173798,22.603001,1276
粤BH0Q97,114.173798,22.603001,1279
粤BH0Q97,114.173798,22.603001,1281
粤BH0Q97,114.173798,22.603001,1282
粤BH0Q97,114.173798,22.603001,1282
粤BH0Q97,114.173798,22.603001,1282
粤BH0Q97,114.173798,22.603001,1283
粤BH0Q97,114.173798,22.603001,1285
粤BH0Q97,114.173798,22.603001,1285
粤BH0Q97,114.173798,22.603001,1288
粤BH0Q97,114.173798,22.603001,1288
粤BH0Q97,114.173798,22.603001,1289
粤BH0Q97,114.173798,22.603001,1289
粤BH0Q97,114.173798,22.603001,1291
粤BH0Q97,114.173798,22.603001,1291
粤BH0Q97,114.173798,22.603001,1292
粤BH0Q97,114.173798,22.603001,1292
粤BH0Q97,114.173798,22.603001,1292
粤BH0Q97,114.173798,22.603001,1294
粤BH0Q97,114.173798,22.603001,1295
粤BH0Q97,114.173798,22.603001,1295
粤BH0Q97,114.173798,22.603001,1296
粤BH0Q97,114.173798,22.603001,1296
粤BH0Q97,114.173798,22.603001,1298
粤BH0Q97,114.173798,22.603001,1298
粤BH0Q97,114.173798,22.603001,1299
粤BH0Q97,114.173798,22.603001,1302
粤BH0Q97,114.173798,22.603001,1303
粤BH0Q97,114.173798,22.603001,1307
粤BH0Q97,114.173798,22.603001,1308
粤BH0Q97,114.173798,22.603001,1309
粤BH0Q97,114.173798,22.603001,1310
粤BH0Q97,114.173798,22.603001,1310
粤BH0Q97,114.173798,22.603001,1311
粤BH0Q97,114.173798,22.603001,1311
粤BH0Q97,114.173798,22.603001,1313
粤BH0Q97,114.173798,22.603001,1314
粤BH0Q97,114.173798,22.603001,1314
粤BH0Q97,114.173798,22.603001,1315
粤BH0Q97,114.173798,22.603001,1315
粤BH0Q97,114.173798,22.603001,1317
粤BH0Q97,114.173798,22.603001,1317
粤BH0Q97,114.173798,22.603001,1318
粤BH0Q97,114.173798,22.603001,1324
粤BH0Q97,114.173798,22.603001,1325
粤BH0Q97,114.173798,22.603001,1326
粤BH0Q97,114.173798,22.603001,1326
粤BH0Q97,114.173798,22.603001,1326
粤BH0Q97,114.173798,22.603001,1330
粤BH0Q97,114.173798,22.603001,1330
粤BH0Q97,114.173798,22.603001,1331
粤BH0Q97,114.173798,22.603001,1331
粤BH0Q97,114.173798,22.603001,1332
粤BH0Q97,114.173798,22.603001,1333
粤BH0Q97,114.173798,22.603001,1334
粤BH0Q97,114.173798,22.603001,1334
粤BH0Q97,114.173798,22.603001,1335
粤BH0Q97,114.173798,22.603001,1335
粤BH0Q97,114.173798,22.603001,1335
粤BH0Q97,114.173798,22.603001,1337
粤BH0Q97,114.173798,22.603001,1338
粤BH0Q97,114.173798,22.603001,1338
粤BH0Q97,114.173798,22.603001,1339
粤BH0Q97,114.173798,22.603001,1340
粤BH0Q97,114.173798,22.603001,1341
粤BH0Q97,114.173798,22.603001,1341
粤BH0Q97,114.173798,22.603001,1342
粤BH0Q97,114.173798,22.603001,1342
粤BH0Q97,114.173798,22.603001,1344
粤BH0Q97,114.173798,22.603001,1345
粤BH0Q97,114.173798,22.603001,1345
粤BH0Q97,114.173798,22.603001,1346
粤BH0Q97,114.173798,22.603001,1348
粤BH0Q97,114.173798,22.603001,1348
粤BH0Q97,114.173798,22.603001,1348
粤BH0Q97,114.173798,22.603001,1349
粤BH0Q97,114.173798,22.603001,1349
粤BH0Q97,114.173798,22.603001,1350
粤BH0Q97,114.173798,22.603001,1352
粤BH0Q97,114.173798,22.603001,1352
粤BH0Q97,114.173798,22.603001,1353
粤BH0Q97,114.173798,22.603001,1353
粤BH0Q97,114.173798,22.603001,1358
粤BH0Q97,114.173798,22.603001,1359
粤BH0Q97,114.173798,22.603001,1359
粤BH0Q97,114.173798,22.603001,1360
粤BH0Q97,114.173798,22.603001,1360
粤BH0Q97,114.173798,22.603001,1365
粤BH0Q97,114.173798,22.603001,1365
粤BH0Q97,114.173798,22.603001,1365
粤BH0Q97,114.173798,22.603001,1366
粤BH0Q97,114.173798,22.603001,1368
粤BH0Q97,114.173798,22.603001,1368
粤BH0Q97,114.173798,22.603001,1369
粤BH0Q97,114.173798,22.603001,1369
粤BH0Q97,114.173798,22.603001,1369
粤BH0Q97,114.173798,22.603001,1370
粤BH0Q97,114.173798,22.603001,1372
粤BH0Q97,114.173798,22.603001,1372
粤BH0Q97,114.173798,22.603001,1372
粤BH0Q97,114.173798,22.603001,1373
粤BH0Q97,114.173798,22.603001,1373
粤BH0Q97,114.173798,22.603001,1373
粤BH0Q97,114.173798,22.603001,1377
粤BH0Q97,114.173798,22.603001,1377
粤BH0Q97,114.173798,22.603001,1378
粤BH0Q97,114.173798,22.603001,1378
粤BH0Q97,114.173798,22.603001,1378
粤BH0Q97,114.173798,22.603001,1380
粤BH0Q97,114.173798,22.603001,1381
粤BH0Q97,114.173798,22.603001,1383
粤BH0Q97,114.173798,22.603001,1383
粤BH0Q97,114.173798,22.603001,1384
粤BH0Q97,114.173798,22.603001,1384
粤BH0Q97,114.173798,22.603001,1384
粤BH0Q97,114.173798,22.603001,1385
粤BH0Q97,114.173798,22.603001,1385
粤BH0Q97,114.173798,22.603001,1386
粤BH0Q97,114.173798,22.603001,1388
粤BH0Q97,114.173798,22.603001,1388
粤BH0Q97,114.173798,22.603001,1390
粤BH0Q97,114.173798,22.603001,1390
粤BH0Q97,114.173798,22.603001,1391
粤BH0Q97,114.173798,22.603001,1391
粤BH0Q97,114.173798,22.603001,1391
粤BH0Q97,114.173798,22.603001,1393
粤BH0Q97,114.173798,22.603001,1394
粤BH0Q97,114.173798,22.603001,1394
粤BH0Q97,114.173798,22.603001,1395
粤BH0Q97,114.173798,22.603001,1395
粤BH0Q97,114.173798,22.603001,1397
粤BH0Q97,114.173798,22.603001,1398
粤BH0Q97,114.173798,22.603001,1398
粤BH0Q97,114.173798,22.603001,1399
粤BH0Q97,114.173798,22.603001,1401
粤BH0Q97,114.173798,22.603001,1401
粤BH0Q97,114.173798,22.603001,1402
粤BH0Q97,114.173798,22.603001,1402
粤BH0Q97,114.173798,22.603001,1404
粤BH0Q97,114.173798,22.603001,1405
粤BH0Q97,114.173798,22.603001,1406
粤BH0Q97,114.173798,22.603001,1410
粤BH0Q97,114.173798,22.603001,1410
粤BH0Q97,114.173798,22.603001,1411
粤BH0Q97,114.173798,22.603001,1414
粤BH0Q97,114.173798,22.603001,1414
粤BH0Q97,114.173798,22.603001,1415
粤BH0Q97,114.173798,22.603001,1415
粤BH0Q97,114.173798,22.603001,1415
粤BH0Q97,114.173798,22.603001,1417
粤BH0Q97,114.173798,22.603001,1418
粤BH0Q97,114.173798,22.603001,1419
粤BH0Q97,114.173798,22.603001,1419
粤BH0Q97,114.173798,22.603001,1422
粤BH0Q97,114.173798,22.603001,1422
粤BH0Q97,114.173798,22.603001,1423
粤BH0Q97,114.173798,22.603001,1424
粤BH0Q97,114.173798,22.603001,1425
粤BH0Q97,114.173798,22.603001,1426
粤BH0Q97,114.173798,22.603001,1426
粤BH0Q97,114.173798,22.603001,1426
粤BH0Q97,114.173798,22.603001,1427
粤BH0Q97,114.173798,22.603001,1427
粤BH0Q97,114.173798,22.603001,1427
粤BH0Q97,114.173798,22.603001,1429
粤BH0Q97,114.173798,22.603001,1429
粤BH0Q97,114.173798,22.603001,1429
粤BH0Q97,114.173798,22.603001,1430
粤BH0Q97,114.173798,22.603001,1430
粤BH0Q97,114.173798,22.603001,1431
粤BH0Q97,114.173798,22.603001,1432
