粤B435YP,113.923042,22.55121,19
粤B435YP,113.922691,22.546206,21
粤B435YP,113.922691,22.546206,25
粤B435YP,113.923042,22.55121,26
粤B435YP,113.923042,22.55121,31
粤B435YP,113.92804,22.542559,32
粤B435YP,113.92804,22.542559,35
粤B435YP,113.92804,22.542559,37
粤B435YP,113.92804,22.542559,42
粤B435YP,113.918068,22.506224,366
粤B435YP,113.924141,22.528772,367
粤B435YP,113.924141,22.528772,370
粤B435YP,113.918068,22.506224,373
粤B435YP,113.918068,22.506224,376
粤B435YP,113.916412,22.503399,378
粤B435YP,113.925529,22.524979,382
粤B435YP,113.916412,22.503399,382
粤B435YP,113.918098,22.506199,384
粤B435YP,113.921341,22.513418,386
粤B435YP,113.921341,22.513418,388
粤B435YP,113.925529,22.524979,389
粤B435YP,113.925529,22.524979,394
粤B435YP,113.988045,22.524233,395
粤B435YP,114.049614,22.537613,397
粤B435YP,113.988045,22.524233,400
粤B435YP,114.044662,22.533018,400
粤B435YP,114.052109,22.541027,403
粤B435YP,114.052109,22.541027,406
粤B435YP,114.049614,22.537613,406
粤B435YP,114.073425,22.542913,410
粤B435YP,114.075996,22.543045,411
粤B435YP,114.075996,22.543045,412
粤B435YP,114.100151,22.570652,413
粤B435YP,114.090965,22.548502,417
粤B435YP,114.090965,22.548502,418
粤B435YP,114.100151,22.570652,422
粤B435YP,114.100151,22.570652,424
粤B435YP,114.133202,22.577169,428
粤B435YP,114.12867,22.577883,429
粤B435YP,114.12867,22.577883,429
粤B435YP,114.107445,22.546255,429
粤B435YP,114.113274,22.570187,433
粤B435YP,114.113274,22.570187,435
粤B435YP,114.107445,22.546255,439
粤B435YP,114.107445,22.546255,441
粤B435YP,114.10743,22.546761,453
粤B435YP,114.10743,22.546761,459
粤B435YP,114.023476,22.531797,460
粤B435YP,114.078125,22.533606,461
粤B435YP,114.078125,22.533606,465
粤B435YP,114.023476,22.531797,466
粤B435YP,114.023476,22.531797,471
粤B435YP,113.961288,22.523197,472
粤B435YP,113.961288,22.523197,477
粤B435YP,113.959267,22.534233,477
粤B435YP,113.959267,22.534233,483
粤B435YP,113.928795,22.551756,488
粤B435YP,113.928795,22.551756,489
粤B435YP,113.926826,22.545355,492
粤B435YP,113.926437,22.545597,494
粤B435YP,113.92643,22.545515,495
粤B435YP,113.92643,22.545515,495
粤B435YP,113.926826,22.545355,499
粤B435YP,113.926826,22.545355,501
粤B435YP,113.928398,22.548157,505
粤B435YP,113.928398,22.548157,507
粤B435YP,113.929092,22.565571,507
粤B435YP,113.929092,22.565571,510
粤B435YP,113.929092,22.565571,513
粤B435YP,113.929092,22.565571,519
粤B435YP,113.850441,22.625813,521
粤B435YP,113.808128,22.626844,523
粤B435YP,113.850441,22.625813,525
粤B435YP,113.808434,22.626957,526
粤B435YP,113.808128,22.626844,527
粤B435YP,113.830231,22.617167,537
粤B435YP,113.842712,22.630447,539
粤B435YP,113.842712,22.630447,547
粤B435YP,113.842712,22.630447,549
粤B435YP,113.843513,22.621622,554
粤B435YP,113.884094,22.605249,554
粤B435YP,113.843513,22.621622,555
粤B435YP,113.884094,22.605249,560
粤B435YP,113.884094,22.605249,561
粤B435YP,113.915771,22.575415,565
粤B435YP,113.915771,22.575415,567
粤B435YP,113.947495,22.542015,570
粤B435YP,113.915771,22.575415,573
粤B435YP,113.942085,22.542786,576
粤B435YP,113.942085,22.542786,579
粤B435YP,113.947495,22.542015,579
粤B435YP,113.945343,22.541773,582
粤B435YP,113.945343,22.541773,585
粤B435YP,113.937744,22.535381,586
粤B435YP,113.944,22.538473,587
粤B435YP,113.944237,22.538492,589
粤B435YP,113.944237,22.538492,591
粤B435YP,113.937744,22.535381,593
粤B435YP,113.937744,22.535381,597
粤B435YP,113.927986,22.519732,598
粤B435YP,113.95417,22.541506,602
粤B435YP,113.928528,22.520123,603
粤B435YP,113.928108,22.521156,604
粤B435YP,113.95417,22.541506,609
粤B435YP,113.928108,22.521156,609
粤B435YP,113.95417,22.541506,615
粤B435YP,113.981743,22.536024,615
粤B435YP,113.980019,22.538431,617
粤B435YP,113.954399,22.545504,617
粤B435YP,113.980858,22.536909,620
粤B435YP,113.981087,22.537201,621
粤B435YP,113.980858,22.536909,621
粤B435YP,113.929276,22.559717,625
粤B435YP,113.954399,22.545504,626
粤B435YP,113.954399,22.545504,627
粤B435YP,113.929276,22.559717,631
粤B435YP,113.929276,22.559717,633
粤B435YP,113.809662,22.627571,641
粤B435YP,113.858185,22.62525,642
粤B435YP,113.858185,22.62525,642
粤B435YP,113.81559,22.615208,648
粤B435YP,113.81559,22.615208,649
粤B435YP,113.809662,22.627571,650
粤B435YP,113.808388,22.620726,653
粤B435YP,113.808388,22.620726,655
粤B435YP,113.808388,22.620726,657
粤B435YP,113.833748,22.62311,661
粤B435YP,113.833748,22.62311,667
粤B435YP,113.808388,22.620726,672
粤B435YP,113.833748,22.62311,673
粤B435YP,113.833748,22.62311,679
粤B435YP,113.833748,22.62311,685
粤B435YP,113.829063,22.63616,688
粤B435YP,113.829063,22.63616,695
粤B435YP,113.829063,22.63616,696
粤B435YP,113.840584,22.633047,701
粤B435YP,113.840584,22.633047,702
粤B435YP,113.86557,22.605467,704
粤B435YP,113.850082,22.618202,706
粤B435YP,113.850082,22.618202,708
粤B435YP,113.86557,22.605467,712
粤B435YP,113.86557,22.605467,714
粤B435YP,113.873856,22.597546,717
粤B435YP,113.877274,22.600433,719
粤B435YP,113.877274,22.600433,720
粤B435YP,113.893967,22.601086,720
粤B435YP,113.882927,22.602335,723
粤B435YP,113.881126,22.602777,726
粤B435YP,113.881126,22.602777,726
粤B435YP,113.893967,22.601086,728
粤B435YP,113.893967,22.601086,732
粤B435YP,113.915314,22.575926,734
粤B435YP,113.915314,22.575926,735
粤B435YP,113.915314,22.575926,738
粤B435YP,113.915314,22.575926,744
粤B435YP,114.062271,22.566179,750
粤B435YP,113.915314,22.575926,750
粤B435YP,114.062912,22.565199,751
粤B435YP,114.074966,22.558098,751
粤B435YP,114.062904,22.565212,755
粤B435YP,114.062912,22.565199,756
粤B435YP,114.062912,22.565199,756
粤B435YP,114.074966,22.558098,761
粤B435YP,114.074966,22.558098,762
粤B435YP,114.089806,22.556166,764
粤B435YP,114.106232,22.544813,767
粤B435YP,114.091454,22.551792,767
粤B435YP,114.091454,22.551792,768
粤B435YP,114.106232,22.544813,772
粤B435YP,114.106232,22.544813,774
粤B435YP,114.112846,22.542072,778
粤B435YP,114.112846,22.542072,780
粤B435YP,114.11039,22.546858,783
粤B435YP,114.105453,22.546112,783
粤B435YP,114.11039,22.546858,786
粤B435YP,114.105453,22.546112,789
粤B435YP,114.105453,22.546112,792
粤B435YP,114.105789,22.546047,794
粤B435YP,114.105347,22.546217,798
粤B435YP,114.105789,22.546047,798
粤B435YP,114.105675,22.546066,800
粤B435YP,114.105675,22.546066,804
粤B435YP,114.105309,22.546043,805
粤B435YP,114.105347,22.546217,806
粤B435YP,114.105347,22.546217,810
粤B435YP,114.09153,22.543442,811
粤B435YP,114.043999,22.556282,814
粤B435YP,114.067154,22.542973,816
粤B435YP,114.09153,22.543442,816
粤B435YP,114.043999,22.556282,822
粤B435YP,114.043999,22.556282,822
粤B435YP,114.037384,22.557358,825
粤B435YP,114.035164,22.555325,827
粤B435YP,114.035164,22.555325,828
粤B435YP,114.034798,22.548395,833
粤B435YP,114.034798,22.548395,834
粤B435YP,114.025108,22.548916,844
粤B435YP,113.979736,22.522911,846
粤B435YP,114.029846,22.544489,846
粤B435YP,114.024704,22.533295,849
粤B435YP,114.024704,22.533295,852
粤B435YP,113.979736,22.522911,855
粤B435YP,113.979736,22.522911,858
粤B435YP,113.932999,22.521915,860
粤B435YP,113.99221,22.526169,861
粤B435YP,113.932701,22.522909,861
粤B435YP,113.932335,22.522062,861
粤B435YP,113.932335,22.522062,864
粤B435YP,113.92955,22.521349,864
粤B435YP,113.932701,22.522909,866
粤B435YP,113.932701,22.522909,870
粤B435YP,113.99221,22.526169,871
粤B435YP,113.99221,22.526169,876
粤B435YP,114.047958,22.5312,877
粤B435YP,114.050552,22.514723,877
粤B435YP,114.050438,22.51697,881
粤B435YP,114.050438,22.51697,882
粤B435YP,114.050552,22.514723,882
粤B435YP,114.050552,22.514723,888
粤B435YP,114.059212,22.527952,888
粤B435YP,114.05822,22.535629,889
粤B435YP,114.05983,22.531429,894
粤B435YP,114.065544,22.522959,898
粤B435YP,114.068451,22.523838,899
粤B435YP,114.048431,22.525206,908
粤B435YP,114.054314,22.531633,912
粤B435YP,114.048401,22.525179,915
粤B435YP,114.048431,22.52523,915
粤B435YP,114.048431,22.525206,917
粤B435YP,114.048431,22.525206,918
粤B435YP,114.044243,22.542629,921
粤B435YP,114.03492,22.545927,923
粤B435YP,114.018227,22.539263,924
粤B435YP,114.03492,22.545927,924
粤B435YP,114.035179,22.541731,926
粤B435YP,114.035179,22.541731,930
粤B435YP,114.018181,22.539364,932
粤B435YP,114.018227,22.539263,934
粤B435YP,114.018227,22.539263,936
粤B435YP,114.030182,22.546782,937
粤B435YP,114.057808,22.547686,940
粤B435YP,114.030182,22.546782,942
粤B435YP,114.057854,22.549675,946
粤B435YP,114.057808,22.547686,948
粤B435YP,114.057854,22.549675,948
粤B435YP,114.057808,22.547686,954
粤B435YP,114.050781,22.54578,954
粤B435YP,114.048126,22.537912,956
粤B435YP,114.050491,22.539513,959
粤B435YP,114.050781,22.54578,960
粤B435YP,114.048126,22.537912,965
粤B435YP,114.046204,22.535303,966
粤B435YP,114.048126,22.537912,966
粤B435YP,114.019852,22.532072,970
粤B435YP,114.019852,22.532072,972
粤B435YP,113.922897,22.520563,972
粤B435YP,113.960335,22.522816,976
粤B435YP,113.960335,22.522816,978
粤B435YP,113.922897,22.520563,981
粤B435YP,113.922897,22.520563,984
粤B435YP,113.924919,22.518276,987
粤B435YP,113.917854,22.513735,987
粤B435YP,113.918015,22.513445,987
粤B435YP,113.918015,22.513445,990
粤B435YP,113.922272,22.517694,996
粤B435YP,113.924919,22.518276,996
粤B435YP,113.924042,22.518026,998
粤B435YP,113.924042,22.518026,1002
粤B435YP,113.920158,22.549215,1003
粤B435YP,113.92704,22.549351,1006
粤B435YP,113.92704,22.549351,1008
粤B435YP,113.920158,22.549215,1009
粤B435YP,113.920158,22.549215,1014
粤B435YP,113.926987,22.53875,1020
粤B435YP,113.919853,22.499006,1031
粤B435YP,113.919853,22.499006,1032
粤B435YP,113.913353,22.485493,1034
粤B435YP,113.92028,22.489483,1034
粤B435YP,113.916054,22.489742,1036
粤B435YP,113.916054,22.489742,1038
粤B435YP,113.910164,22.485235,1040
粤B435YP,113.913353,22.485493,1042
粤B435YP,113.913353,22.485493,1044
粤B435YP,113.918221,22.488564,1047
粤B435YP,113.938934,22.507675,1050
粤B435YP,113.918221,22.488564,1050
粤B435YP,113.936974,22.490763,1053
粤B435YP,113.936974,22.490763,1056
粤B435YP,113.938934,22.507675,1058
粤B435YP,113.938934,22.507675,1062
粤B435YP,113.943069,22.506447,1064
粤B435YP,113.939613,22.5082,1066
粤B435YP,113.944786,22.507284,1067
粤B435YP,113.944786,22.507284,1068
粤B435YP,113.945869,22.506573,1069
粤B435YP,113.945206,22.50655,1069
粤B435YP,113.945869,22.506573,1073
粤B435YP,113.939613,22.5082,1075
粤B435YP,113.939613,22.5082,1079
粤B435YP,113.927864,22.508038,1080
粤B435YP,113.927864,22.508038,1085
粤B435YP,113.918236,22.508417,1086
粤B435YP,113.916222,22.511414,1091
粤B435YP,113.918236,22.508417,1091
粤B435YP,113.917755,22.513536,1097
粤B435YP,113.917755,22.513536,1097
粤B435YP,113.921745,22.515627,1097
粤B435YP,113.918251,22.514307,1098
粤B435YP,113.919266,22.515045,1099
粤B435YP,113.921745,22.515627,1102
粤B435YP,113.921745,22.515627,1103
粤B435YP,113.924942,22.531443,1108
粤B435YP,113.924942,22.531443,1109
粤B435YP,113.927864,22.547041,1113
粤B435YP,113.929214,22.561008,1113
粤B435YP,113.927864,22.547041,1115
粤B435YP,113.929214,22.561008,1119
粤B435YP,113.929214,22.561008,1121
粤B435YP,113.929214,22.561008,1127
粤B435YP,113.863976,22.623047,1130
粤B435YP,113.863976,22.623047,1133
粤B435YP,113.823593,22.614372,1135
粤B435YP,113.815727,22.615421,1145
粤B435YP,113.805885,22.625338,1145
粤B435YP,113.80751,22.624298,1146
粤B435YP,113.80751,22.624298,1151
粤B435YP,113.813583,22.613146,1152
粤B435YP,113.815727,22.615421,1154
粤B435YP,113.815727,22.615421,1157
粤B435YP,113.843262,22.621599,1163
粤B435YP,113.80761,22.626537,1163
粤B435YP,113.894531,22.596987,1168
粤B435YP,113.894531,22.596987,1169
粤B435YP,113.947327,22.564617,1174
粤B435YP,113.947327,22.564617,1175
粤B435YP,114.067894,22.527723,1176
粤B435YP,114.023483,22.522972,1179
粤B435YP,114.023483,22.522972,1181
粤B435YP,114.067894,22.527723,1185
粤B435YP,114.067894,22.527723,1187
粤B435YP,114.067894,22.527723,1193
粤B435YP,114.114212,22.538975,1196
粤B435YP,114.112373,22.53874,1197
粤B435YP,114.112373,22.53874,1199
粤B435YP,114.11367,22.537535,1201
粤B435YP,114.11367,22.537535,1205
粤B435YP,114.111557,22.542154,1207
粤B435YP,114.111557,22.542154,1207
粤B435YP,114.099541,22.543373,1208
粤B435YP,114.111557,22.542154,1211
粤B435YP,114.111557,22.542154,1216
粤B435YP,114.099541,22.543373,1218
粤B435YP,114.082687,22.5432,1221
粤B435YP,114.082687,22.5432,1222
粤B435YP,114.058945,22.520332,1223
粤B435YP,114.07679,22.543118,1223
粤B435YP,114.07679,22.543118,1228
粤B435YP,114.065262,22.524332,1229
粤B435YP,114.058945,22.520332,1232
粤B435YP,114.058945,22.520332,1234
粤B435YP,114.058632,22.523411,1234
粤B435YP,114.044762,22.53261,1239
粤B435YP,114.058632,22.523411,1240
粤B435YP,114.059082,22.528381,1240
粤B435YP,114.044762,22.53261,1245
粤B435YP,114.044762,22.53261,1246
粤B435YP,114.041916,22.544378,1251
粤B435YP,114.042648,22.544683,1251
粤B435YP,114.041916,22.544378,1252
粤B435YP,114.040489,22.544399,1253
粤B435YP,114.047432,22.559961,1255
粤B435YP,114.040482,22.55633,1256
粤B435YP,114.040482,22.55633,1258
粤B435YP,114.049294,22.563553,1260
粤B435YP,114.047432,22.559961,1264
粤B435YP,114.04422,22.5502,1267
粤B435YP,114.043739,22.544004,1267
粤B435YP,114.043739,22.544004,1270
粤B435YP,114.019585,22.549627,1270
粤B435YP,114.019585,22.549627,1273
粤B435YP,114.019585,22.549627,1276
粤B435YP,114.019585,22.549627,1282
粤B435YP,114.060066,22.603493,1284
粤B435YP,114.061134,22.644039,1286
粤B435YP,114.060066,22.603493,1288
粤B435YP,114.064865,22.633863,1289
粤B435YP,114.064964,22.63352,1289
粤B435YP,114.064865,22.633863,1294
粤B435YP,114.061134,22.644039,1295
粤B435YP,114.060425,22.649097,1299
粤B435YP,114.056953,22.649025,1300
粤B435YP,114.061134,22.644039,1300
粤B435YP,114.062256,22.562408,1302
粤B435YP,114.056953,22.649025,1306
粤B435YP,114.044655,22.611143,1306
粤B435YP,114.062256,22.562408,1311
粤B435YP,114.062256,22.562408,1312
粤B435YP,114.058144,22.537374,1317
粤B435YP,114.058144,22.537374,1317
粤B435YP,114.030525,22.527575,1318
粤B435YP,114.058144,22.537374,1318
粤B435YP,114.058441,22.536114,1318
粤B435YP,114.02623,22.531298,1322
粤B435YP,114.02623,22.531298,1324
粤B435YP,114.029228,22.527914,1325
粤B435YP,114.030525,22.527575,1327
粤B435YP,114.030525,22.527575,1330
粤B435YP,114.106964,22.541485,1333
粤B435YP,114.08886,22.537567,1333
粤B435YP,114.08886,22.537567,1336
粤B435YP,114.106964,22.541485,1339
粤B435YP,114.106964,22.541485,1341
粤B435YP,114.085106,22.537415,1344
粤B435YP,114.085106,22.537415,1347
粤B435YP,114.042839,22.522678,1349
粤B435YP,114.042984,22.523771,1353
粤B435YP,114.042984,22.523771,1353
粤B435YP,114.042839,22.522678,1355
粤B435YP,114.042603,22.522682,1355
粤B435YP,114.042839,22.522678,1359
粤B435YP,114.071899,22.53137,1361
粤B435YP,114.071899,22.53137,1365
粤B435YP,114.075745,22.547012,1366
粤B435YP,114.078339,22.546869,1367
粤B435YP,114.078339,22.546869,1371
粤B435YP,114.069954,22.543053,1372
粤B435YP,114.056335,22.539408,1377
粤B435YP,114.056046,22.5394,1377
粤B435YP,114.056335,22.539408,1377
粤B435YP,113.990852,22.535788,1381
粤B435YP,113.974052,22.538588,1381
粤B435YP,114.036705,22.53056,1383
粤B435YP,114.036705,22.53056,1383
粤B435YP,113.990852,22.535788,1388
粤B435YP,113.990852,22.535788,1389
粤B435YP,113.974052,22.538588,1391
粤B435YP,113.971619,22.539869,1394
粤B435YP,113.972794,22.540453,1394
粤B435YP,113.971619,22.539869,1395
粤B435YP,114.010902,22.545742,1396
粤B435YP,113.990967,22.543764,1399
粤B435YP,113.990967,22.543764,1401
粤B435YP,114.010902,22.545742,1402
粤B435YP,114.010902,22.545742,1407
粤B435YP,113.987801,22.540607,1410
粤B435YP,113.983582,22.556885,1412
粤B435YP,113.987801,22.540607,1413
粤B435YP,113.974297,22.541059,1414
粤B435YP,113.971642,22.540073,1416
粤B435YP,113.971642,22.540073,1419
粤B435YP,113.983582,22.556885,1421
粤B435YP,113.983582,22.556885,1425
粤B435YP,114.049461,22.564943,1427
粤B435YP,114.049461,22.564943,1431
粤B435YP,114.108231,22.575487,1432
粤B435YP,114.108231,22.575487,1437
