粤B1VU41,114.047897,22.538099,8
粤B1VU41,114.047897,22.538099,8
粤B1VU41,114.048302,22.5397,9
粤B1VU41,114.047997,22.539,9
粤B1VU41,114.047897,22.5382,10
粤B1VU41,114.049797,22.5366,12
粤B1VU41,114.049797,22.5366,12
粤B1VU41,114.050003,22.531601,13
粤B1VU41,114.041298,22.531099,14
粤B1VU41,114.030899,22.5303,14
粤B1VU41,114.025299,22.532801,15
粤B1VU41,114.024597,22.5394,16
粤B1VU41,114.027199,22.5394,17
粤B1VU41,114.027298,22.5394,18
粤B1VU41,114.025101,22.537001,19
粤B1VU41,114.024902,22.537001,19
粤B1VU41,114.027901,22.5382,19
粤B1VU41,114.022102,22.536301,20
粤B1VU41,114.023598,22.5366,20
粤B1VU41,114.024101,22.5368,20
粤B1VU41,114.024597,22.533501,21
粤B1VU41,114.028999,22.5282,22
粤B1VU41,114.032303,22.5263,23
粤B1VU41,114.033302,22.525801,24
粤B1VU41,114.0392,22.522499,25
粤B1VU41,114.039299,22.5224,25
粤B1VU41,114.039299,22.5224,26
粤B1VU41,114.039299,22.5224,27
粤B1VU41,114.039299,22.5224,27
粤B1VU41,114.041496,22.521299,28
粤B1VU41,114.044197,22.525299,29
粤B1VU41,114.048203,22.5312,30
粤B1VU41,114.045097,22.5277,30
粤B1VU41,114.057503,22.5315,31
粤B1VU41,114.067802,22.5317,32
粤B1VU41,114.077499,22.5322,33
粤B1VU41,114.081802,22.5366,34
粤B1VU41,114.081703,22.539499,35
粤B1VU41,114.081497,22.5376,35
粤B1VU41,114.076302,22.5319,36
粤B1VU41,114.067703,22.531799,37
粤B1VU41,114.057602,22.531601,38
粤B1VU41,114.048302,22.531601,39
粤B1VU41,114.044403,22.545,40
粤B1VU41,114.044601,22.535601,40
粤B1VU41,114.044403,22.5513,41
粤B1VU41,114.0439,22.556601,42
粤B1VU41,114.040497,22.561399,43
粤B1VU41,114.041397,22.561399,43
粤B1VU41,114.041298,22.5618,43
粤B1VU41,114.037399,22.5613,44
粤B1VU41,114.037697,22.5613,44
粤B1VU41,114.038101,22.5602,45
粤B1VU41,114.039497,22.558201,46
粤B1VU41,114.039597,22.5562,47
粤B1VU41,114.044197,22.551001,48
粤B1VU41,114.043701,22.556499,48
粤B1VU41,114.044197,22.551001,49
粤B1VU41,114.044197,22.545,50
粤B1VU41,114.044098,22.536501,51
粤B1VU41,114.049797,22.537001,53
粤B1VU41,114.049698,22.5369,53
粤B1VU41,114.049698,22.5369,54
粤B1VU41,114.049698,22.5369,55
粤B1VU41,114.049698,22.5369,56
粤B1VU41,114.049698,22.5369,57
粤B1VU41,114.049698,22.5369,58
粤B1VU41,114.050003,22.536699,59
粤B1VU41,114.049698,22.5369,59
粤B1VU41,114.049797,22.537001,59
粤B1VU41,114.050003,22.536699,60
粤B1VU41,114.050003,22.536699,61
粤B1VU41,114.050003,22.536699,62
粤B1VU41,114.050003,22.536699,63
粤B1VU41,114.050003,22.536699,64
粤B1VU41,114.050003,22.536699,65
粤B1VU41,114.050003,22.536699,66
粤B1VU41,114.050003,22.536699,67
粤B1VU41,114.050003,22.536699,68
粤B1VU41,114.050003,22.536699,69
粤B1VU41,114.050003,22.536699,69
粤B1VU41,114.050003,22.536699,70
粤B1VU41,114.050003,22.536699,71
粤B1VU41,114.050003,22.536699,72
粤B1VU41,114.050003,22.536699,73
粤B1VU41,114.050003,22.536699,74
粤B1VU41,114.050003,22.536699,74
粤B1VU41,114.050003,22.536699,75
粤B1VU41,114.050003,22.536699,76
粤B1VU41,114.050003,22.536699,77
粤B1VU41,114.050003,22.536699,78
粤B1VU41,114.050003,22.536699,79
粤B1VU41,114.049797,22.536501,79
粤B1VU41,114.051399,22.533701,80
粤B1VU41,114.051804,22.5312,81
粤B1VU41,114.0588,22.531401,82
粤B1VU41,114.066399,22.5315,83
粤B1VU41,114.068199,22.533199,84
粤B1VU41,114.068604,22.541201,84
粤B1VU41,114.068199,22.5476,85
粤B1VU41,114.070099,22.548,86
粤B1VU41,114.070099,22.548,87
粤B1VU41,114.070099,22.548,88
粤B1VU41,114.070099,22.548,89
粤B1VU41,114.070099,22.548,89
粤B1VU41,114.070099,22.548,90
粤B1VU41,114.070099,22.548,91
粤B1VU41,114.070099,22.548,92
粤B1VU41,114.070099,22.548,93
粤B1VU41,114.070099,22.548,94
粤B1VU41,114.070099,22.548,94
粤B1VU41,114.070099,22.548,95
粤B1VU41,114.070099,22.548,96
粤B1VU41,114.070099,22.548,97
粤B1VU41,114.070099,22.548,98
粤B1VU41,114.070099,22.548,99
粤B1VU41,114.070099,22.548,99
粤B1VU41,114.070099,22.548,100
粤B1VU41,114.070099,22.548,101
粤B1VU41,114.070099,22.548,102
粤B1VU41,114.070099,22.548,104
粤B1VU41,114.070099,22.548,104
粤B1VU41,114.070099,22.548,105
粤B1VU41,114.070099,22.548,106
粤B1VU41,114.070099,22.548,107
粤B1VU41,114.070099,22.548,108
粤B1VU41,114.070099,22.548,109
粤B1VU41,114.070099,22.548,109
粤B1VU41,114.070099,22.548,110
粤B1VU41,114.070099,22.548,111
粤B1VU41,114.070099,22.548,112
粤B1VU41,114.070099,22.548,113
粤B1VU41,114.070099,22.548,114
粤B1VU41,114.070099,22.548,114
粤B1VU41,114.070099,22.548,115
粤B1VU41,114.070099,22.548,116
粤B1VU41,114.070099,22.548,117
粤B1VU41,114.070099,22.548,117
粤B1VU41,114.070099,22.548,118
粤B1VU41,114.070099,22.548,119
粤B1VU41,114.070099,22.548,119
粤B1VU41,114.070099,22.548,120
粤B1VU41,114.070099,22.548,121
粤B1VU41,114.070099,22.548,122
粤B1VU41,114.070099,22.548,123
粤B1VU41,114.070099,22.548,124
粤B1VU41,114.070099,22.548,124
粤B1VU41,114.070099,22.548,125
粤B1VU41,114.070099,22.548,126
粤B1VU41,114.070099,22.548,127
粤B1VU41,114.070099,22.548,128
粤B1VU41,114.070099,22.548,129
粤B1VU41,114.070099,22.548,129
粤B1VU41,114.070099,22.548,130
粤B1VU41,114.070099,22.548,131
粤B1VU41,114.070099,22.548,132
粤B1VU41,114.070099,22.548,133
粤B1VU41,114.070099,22.548,134
粤B1VU41,114.070099,22.548,134
粤B1VU41,114.070099,22.548,135
粤B1VU41,114.070099,22.548,136
粤B1VU41,114.070099,22.548,137
粤B1VU41,114.070099,22.548,138
粤B1VU41,114.070099,22.548,139
粤B1VU41,114.070099,22.548,139
粤B1VU41,114.070099,22.548,140
粤B1VU41,114.070099,22.548,141
粤B1VU41,114.070099,22.548,142
粤B1VU41,114.070099,22.548,143
粤B1VU41,114.070099,22.548,144
粤B1VU41,114.070099,22.548,144
粤B1VU41,114.070099,22.548,145
粤B1VU41,114.070099,22.548,146
粤B1VU41,114.070099,22.548,147
粤B1VU41,114.070099,22.548,148
粤B1VU41,114.070099,22.548,149
粤B1VU41,114.070099,22.548,149
粤B1VU41,114.070099,22.548,150
粤B1VU41,114.070099,22.548,151
粤B1VU41,114.070099,22.548,152
粤B1VU41,114.070099,22.548,153
粤B1VU41,114.070099,22.548,154
粤B1VU41,114.070099,22.548,154
粤B1VU41,114.070099,22.548,155
粤B1VU41,114.070099,22.548,156
粤B1VU41,114.070099,22.548,157
粤B1VU41,114.070099,22.548,158
粤B1VU41,114.070099,22.548,159
粤B1VU41,114.070099,22.548,159
粤B1VU41,114.070099,22.548,160
粤B1VU41,114.070099,22.548,161
粤B1VU41,114.070099,22.548,162
粤B1VU41,114.070099,22.548,163
粤B1VU41,114.070099,22.548,164
粤B1VU41,114.070099,22.548,164
粤B1VU41,114.070099,22.548,165
粤B1VU41,114.070099,22.548,166
粤B1VU41,114.070099,22.548,167
粤B1VU41,114.070099,22.548,168
粤B1VU41,114.070099,22.548,169
粤B1VU41,114.070099,22.548,169
粤B1VU41,114.070099,22.548,170
粤B1VU41,114.070099,22.548,172
粤B1VU41,114.070099,22.548,173
粤B1VU41,114.070099,22.548,174
粤B1VU41,114.070099,22.548,174
粤B1VU41,114.070099,22.548,175
粤B1VU41,114.070099,22.548,176
粤B1VU41,114.070099,22.548,177
粤B1VU41,114.070099,22.548,178
粤B1VU41,114.070099,22.548,179
粤B1VU41,114.070099,22.548,179
粤B1VU41,114.070099,22.548,180
粤B1VU41,114.070099,22.548,181
粤B1VU41,114.070099,22.548,182
粤B1VU41,114.070099,22.548,183
粤B1VU41,114.070099,22.548,192
粤B1VU41,114.070099,22.548,193
粤B1VU41,114.070099,22.548,194
粤B1VU41,114.070099,22.548,194
粤B1VU41,114.070099,22.548,195
粤B1VU41,114.070099,22.548,196
粤B1VU41,114.070099,22.548,197
粤B1VU41,114.070099,22.548,198
粤B1VU41,114.070099,22.548,199
粤B1VU41,114.070099,22.548,199
粤B1VU41,114.070099,22.548,200
粤B1VU41,114.070099,22.548,201
粤B1VU41,114.070099,22.548,202
粤B1VU41,114.070099,22.548,203
粤B1VU41,114.070099,22.548,204
粤B1VU41,114.070099,22.548,204
粤B1VU41,114.070099,22.548,205
粤B1VU41,114.070099,22.548,206
粤B1VU41,114.070099,22.548,207
粤B1VU41,114.070099,22.548,208
粤B1VU41,114.070099,22.548,209
粤B1VU41,114.070099,22.548,209
粤B1VU41,114.070099,22.548,210
粤B1VU41,114.070099,22.548,211
粤B1VU41,114.070099,22.548,212
粤B1VU41,114.070099,22.548,213
粤B1VU41,114.070099,22.548,214
粤B1VU41,114.070099,22.548,214
粤B1VU41,114.070099,22.548,215
粤B1VU41,114.070099,22.548,216
粤B1VU41,114.070099,22.548,217
粤B1VU41,114.070099,22.548,218
粤B1VU41,114.070099,22.548,219
粤B1VU41,114.070099,22.548,219
粤B1VU41,114.070099,22.548,220
粤B1VU41,114.070099,22.548,221
粤B1VU41,114.070099,22.548,222
粤B1VU41,114.070099,22.548,223
粤B1VU41,114.070099,22.548,224
粤B1VU41,114.070099,22.548,224
粤B1VU41,114.070099,22.548,225
粤B1VU41,114.070099,22.548,226
粤B1VU41,114.070099,22.548,227
粤B1VU41,114.070099,22.548,228
粤B1VU41,114.070099,22.548,229
粤B1VU41,114.070099,22.548,229
粤B1VU41,114.070099,22.548,231
粤B1VU41,114.070099,22.548,232
粤B1VU41,114.070099,22.548,233
粤B1VU41,114.070099,22.548,234
粤B1VU41,114.070099,22.548,234
粤B1VU41,114.070099,22.548,235
粤B1VU41,114.070099,22.548,236
粤B1VU41,114.070099,22.548,237
粤B1VU41,114.070099,22.548,237
粤B1VU41,114.070099,22.548,238
粤B1VU41,114.070099,22.548,239
粤B1VU41,114.070099,22.548,239
粤B1VU41,114.070099,22.548,240
粤B1VU41,114.070099,22.548,241
粤B1VU41,114.070099,22.548,242
粤B1VU41,114.070099,22.548,243
粤B1VU41,114.070099,22.548,244
粤B1VU41,114.070099,22.548,244
粤B1VU41,114.070099,22.548,245
粤B1VU41,114.070099,22.548,246
粤B1VU41,114.070099,22.548,247
粤B1VU41,114.070099,22.548,248
粤B1VU41,114.070099,22.548,249
粤B1VU41,114.070099,22.548,249
粤B1VU41,114.070099,22.548,250
粤B1VU41,114.070099,22.548,251
粤B1VU41,114.070099,22.548,252
粤B1VU41,114.070099,22.548,253
粤B1VU41,114.069,22.5478,254
粤B1VU41,114.071098,22.5481,254
粤B1VU41,114.068298,22.547701,255
粤B1VU41,114.067902,22.545601,256
粤B1VU41,114.068001,22.539801,257
粤B1VU41,114.064499,22.537701,258
粤B1VU41,114.058701,22.5371,259
粤B1VU41,114.0634,22.5376,259
粤B1VU41,114.058197,22.5371,260
粤B1VU41,114.058296,22.530899,261
粤B1VU41,114.0588,22.527599,262
粤B1VU41,114.057602,22.5275,263
粤B1VU41,114.057701,22.5275,264
粤B1VU41,114.057701,22.5275,264
粤B1VU41,114.057701,22.5275,266
粤B1VU41,114.057701,22.5275,267
粤B1VU41,114.057701,22.5275,268
粤B1VU41,114.057701,22.5275,269
粤B1VU41,114.057701,22.5275,269
粤B1VU41,114.057701,22.5275,270
粤B1VU41,114.057701,22.5275,271
粤B1VU41,114.057701,22.5275,272
粤B1VU41,114.057701,22.5275,273
粤B1VU41,114.057701,22.5275,274
粤B1VU41,114.057701,22.5275,274
粤B1VU41,114.057701,22.5275,275
粤B1VU41,114.057701,22.5275,276
粤B1VU41,114.057701,22.5275,277
粤B1VU41,114.057701,22.5275,278
粤B1VU41,114.058899,22.527599,279
粤B1VU41,114.057701,22.5275,279
粤B1VU41,114.059601,22.5261,280
粤B1VU41,114.060097,22.524099,281
粤B1VU41,114.057297,22.5236,282
粤B1VU41,114.056702,22.522699,283
粤B1VU41,114.058197,22.523701,284
粤B1VU41,114.0597,22.525999,285
粤B1VU41,114.060097,22.5236,285
粤B1VU41,114.059097,22.529301,286
粤B1VU41,114.062103,22.5291,287
粤B1VU41,114.063103,22.5266,288
粤B1VU41,114.062798,22.524799,289
粤B1VU41,114.062798,22.524799,290
粤B1VU41,114.062798,22.524799,290
粤B1VU41,114.062798,22.524799,291
粤B1VU41,114.062798,22.524799,292
粤B1VU41,114.062798,22.524799,293
粤B1VU41,114.062798,22.524799,294
粤B1VU41,114.062798,22.524799,295
粤B1VU41,114.062798,22.524799,295
粤B1VU41,114.062798,22.524799,298
粤B1VU41,114.062798,22.524799,299
粤B1VU41,114.062798,22.524799,300
粤B1VU41,114.062798,22.524799,300
粤B1VU41,114.062798,22.524799,301
粤B1VU41,114.062698,22.524599,302
粤B1VU41,114.063004,22.5242,303
粤B1VU41,114.061096,22.5214,304
粤B1VU41,114.060303,22.523399,305
粤B1VU41,114.058296,22.5236,305
粤B1VU41,114.060303,22.5235,306
粤B1VU41,114.060898,22.5214,307
粤B1VU41,114.063301,22.5257,308
粤B1VU41,114.063202,22.5282,309
粤B1VU41,114.068199,22.535,310
粤B1VU41,114.0681,22.5315,310
粤B1VU41,114.068703,22.544201,311
粤B1VU41,114.058296,22.5236,311
粤B1VU41,114.067902,22.551399,312
粤B1VU41,114.068199,22.558001,313
粤B1VU41,114.077202,22.558201,314
粤B1VU41,114.087196,22.5583,315
粤B1VU41,114.090698,22.558399,315
粤B1VU41,114.090103,22.561199,316
粤B1VU41,114.094398,22.561501,317
粤B1VU41,114.096802,22.5625,318
粤B1VU41,114.096802,22.563499,319
粤B1VU41,114.095901,22.5646,319
粤B1VU41,114.094498,22.563299,320
粤B1VU41,114.094498,22.561199,321
粤B1VU41,114.093002,22.558701,322
粤B1VU41,114.091202,22.5585,323
粤B1VU41,114.085999,22.558399,324
粤B1VU41,114.077698,22.553801,325
粤B1VU41,114.080002,22.556801,325
粤B1VU41,114.072601,22.551201,326
粤B1VU41,114.068398,22.5511,327
粤B1VU41,114.067802,22.5495,328
粤B1VU41,114.067802,22.5478,329
粤B1VU41,114.067596,22.5417,330
粤B1VU41,114.066002,22.538401,330
粤B1VU41,114.062698,22.5368,331
粤B1VU41,114.063004,22.5317,332
粤B1VU41,114.063004,22.5263,333
粤B1VU41,114.062401,22.522499,334
粤B1VU41,114.058601,22.523701,335
粤B1VU41,114.060303,22.5235,335
粤B1VU41,114.056503,22.5236,336
粤B1VU41,114.056503,22.5236,337
粤B1VU41,114.056503,22.5236,338
粤B1VU41,114.056503,22.5236,339
粤B1VU41,114.056503,22.5236,340
粤B1VU41,114.056503,22.5236,340
粤B1VU41,114.056503,22.5236,341
粤B1VU41,114.056503,22.5236,342
粤B1VU41,114.056503,22.5236,343
粤B1VU41,114.056503,22.5236,344
粤B1VU41,114.056503,22.5236,345
粤B1VU41,114.056503,22.5236,346
粤B1VU41,114.056503,22.5236,348
粤B1VU41,114.056503,22.5236,349
粤B1VU41,114.056503,22.5236,350
粤B1VU41,114.056503,22.5236,350
粤B1VU41,114.056503,22.5236,351
粤B1VU41,114.056503,22.5236,352
粤B1VU41,114.056503,22.5236,352
粤B1VU41,114.059898,22.523701,353
粤B1VU41,114.056503,22.5236,354
粤B1VU41,114.059601,22.526199,354
粤B1VU41,114.058502,22.5312,354
粤B1VU41,114.066498,22.531601,355
粤B1VU41,114.072098,22.530199,356
粤B1VU41,114.0718,22.528,357
粤B1VU41,114.070702,22.527,358
粤B1VU41,114.070702,22.527,358
粤B1VU41,114.067902,22.5271,360
粤B1VU41,114.069199,22.532801,361
粤B1VU41,114.063904,22.5319,361
粤B1VU41,114.063004,22.529499,362
粤B1VU41,114.062798,22.5233,363
粤B1VU41,114.060097,22.520599,364
粤B1VU41,114.059097,22.520599,365
粤B1VU41,114.059196,22.5207,366
粤B1VU41,114.059196,22.5207,367
粤B1VU41,114.059196,22.5207,368
粤B1VU41,114.059196,22.5207,369
粤B1VU41,114.059196,22.5207,370
粤B1VU41,114.059196,22.5207,371
粤B1VU41,114.059196,22.5207,371
粤B1VU41,114.059196,22.5207,372
粤B1VU41,114.059196,22.5207,373
粤B1VU41,114.059196,22.5207,374
粤B1VU41,114.058899,22.520399,375
粤B1VU41,114.060799,22.521,375
粤B1VU41,114.061501,22.5214,376
粤B1VU41,114.063301,22.528299,377
粤B1VU41,114.065102,22.531601,378
粤B1VU41,114.066498,22.525999,379
粤B1VU41,114.067703,22.5222,380
粤B1VU41,114.067902,22.521,380
粤B1VU41,114.068199,22.521999,381
粤B1VU41,114.068199,22.5219,381
粤B1VU41,114.068199,22.521999,381
粤B1VU41,114.065201,22.523701,382
粤B1VU41,114.068398,22.523701,383
粤B1VU41,114.067902,22.5278,384
粤B1VU41,114.069397,22.532499,385
粤B1VU41,114.057098,22.5317,386
粤B1VU41,114.064201,22.5319,386
粤B1VU41,114.050499,22.5317,387
粤B1VU41,114.051399,22.5273,389
粤B1VU41,114.051498,22.5289,390
粤B1VU41,114.051498,22.5289,394
粤B1VU41,114.051498,22.5289,395
粤B1VU41,114.051498,22.5289,398
粤B1VU41,114.051498,22.5289,399
粤B1VU41,114.051498,22.5289,400
粤B1VU41,114.051498,22.5289,403
粤B1VU41,114.051498,22.5289,404
粤B1VU41,114.051498,22.5289,405
粤B1VU41,114.051498,22.5289,406
粤B1VU41,114.051498,22.5289,406
粤B1VU41,114.051498,22.5289,408
粤B1VU41,114.051498,22.5289,409
粤B1VU41,114.051498,22.5289,410
粤B1VU41,114.051498,22.5289,411
粤B1VU41,114.051498,22.5289,411
粤B1VU41,114.051498,22.5289,412
粤B1VU41,114.051498,22.5289,414
粤B1VU41,114.051498,22.5289,415
粤B1VU41,114.051498,22.5289,419
粤B1VU41,114.051498,22.5289,420
粤B1VU41,114.051498,22.5289,421
粤B1VU41,114.051498,22.5289,425
粤B1VU41,114.053299,22.5313,426
粤B1VU41,114.064499,22.530399,429
粤B1VU41,114.067001,22.5315,430
粤B1VU41,114.074898,22.5317,431
粤B1VU41,114.085098,22.5431,434
粤B1VU41,114.0877,22.5432,435
粤B1VU41,114.0812,22.543301,436
粤B1VU41,114.074997,22.5431,437
粤B1VU41,114.069603,22.5424,439
粤B1VU41,114.072998,22.542999,440
粤B1VU41,114.075897,22.542999,441
粤B1VU41,114.079399,22.5432,444
粤B1VU41,114.077499,22.5453,445
粤B1VU41,114.0783,22.547199,446
粤B1VU41,114.07,22.5431,449
粤B1VU41,114.071602,22.542801,450
粤B1VU41,114.071899,22.5401,450
粤B1VU41,114.099602,22.543301,456
粤B1VU41,114.099503,22.540899,457
粤B1VU41,114.097,22.5403,458
粤B1VU41,114.071899,22.5401,459
粤B1VU41,114.0942,22.541599,459
粤B1VU41,114.091301,22.541401,460
粤B1VU41,114.087601,22.5411,461
粤B1VU41,114.090401,22.5455,465
粤B1VU41,114.079498,22.5583,474
粤B1VU41,114.068802,22.5581,477
粤B1VU41,114.064102,22.5581,478
粤B1VU41,114.062798,22.563801,479
粤B1VU41,114.062897,22.5662,480
粤B1VU41,114.062897,22.5646,482
粤B1VU41,114.062599,22.565701,483
粤B1VU41,114.0625,22.558599,487
粤B1VU41,114.0625,22.557699,488
粤B1VU41,114.0625,22.5557,489
粤B1VU41,114.051003,22.5504,493
粤B1VU41,114.051003,22.5501,495
粤B1VU41,114.065697,22.558001,505
粤B1VU41,114.065903,22.558001,506
粤B1VU41,114.065903,22.558001,507
粤B1VU41,114.067398,22.558001,510
粤B1VU41,114.137802,22.569,563
粤B1VU41,114.136597,22.569599,564
粤B1VU41,114.136597,22.569599,564
粤B1VU41,114.135101,22.570299,565
粤B1VU41,114.135101,22.570299,565
粤B1VU41,114.135201,22.570299,565
粤B1VU41,114.131897,22.5721,566
粤B1VU41,114.125702,22.570299,567
粤B1VU41,114.125298,22.5702,568
粤B1VU41,114.123199,22.5697,569
粤B1VU41,114.123199,22.5697,569
粤B1VU41,114.123199,22.5697,569
粤B1VU41,114.125,22.570101,569
粤B1VU41,114.120003,22.5688,570
粤B1VU41,114.1203,22.5688,570
粤B1VU41,114.117599,22.569,571
粤B1VU41,114.1157,22.565001,572
粤B1VU41,114.115097,22.559799,573
粤B1VU41,114.111397,22.559601,574
粤B1VU41,114.109901,22.555799,575
粤B1VU41,114.109703,22.553699,576
粤B1VU41,114.110199,22.5495,576
粤B1VU41,114.120003,22.5688,576
粤B1VU41,114.110298,22.5487,577
粤B1VU41,114.109802,22.546499,578
粤B1VU41,114.110199,22.542299,579
粤B1VU41,114.1092,22.5417,580
粤B1VU41,114.109398,22.5418,580
粤B1VU41,114.1092,22.5417,580
粤B1VU41,114.1082,22.543699,581
粤B1VU41,114.108498,22.544901,582
粤B1VU41,114.1091,22.545,582
粤B1VU41,114.113297,22.5459,583
粤B1VU41,114.113403,22.5462,584
粤B1VU41,114.111099,22.545601,584
粤B1VU41,114.110298,22.5481,585
粤B1VU41,114.109901,22.552799,586
粤B1VU41,114.110001,22.555901,587
粤B1VU41,114.1119,22.562201,588
粤B1VU41,114.112602,22.567101,589
粤B1VU41,114.112503,22.566299,589
粤B1VU41,114.113899,22.5734,590
粤B1VU41,114.114304,22.576099,591
粤B1VU41,114.114304,22.576401,591
粤B1VU41,114.114304,22.576401,591
粤B1VU41,114.1119,22.5767,592
粤B1VU41,114.106796,22.575001,593
粤B1VU41,114.099098,22.5718,594
粤B1VU41,114.104202,22.573299,594
粤B1VU41,114.099297,22.5784,595
粤B1VU41,114.098198,22.585699,596
粤B1VU41,114.098297,22.5924,597
粤B1VU41,114.098297,22.5924,597
粤B1VU41,114.098297,22.5924,597
粤B1VU41,114.097099,22.6033,598
粤B1VU41,114.091003,22.6196,599
粤B1VU41,114.093002,22.612,599
粤B1VU41,114.089401,22.6271,600
粤B1VU41,114.123802,22.6399,604
粤B1VU41,114.145203,22.640699,605
粤B1VU41,114.135101,22.635799,605
粤B1VU41,114.188599,22.659599,609
粤B1VU41,114.203598,22.6752,610
粤B1VU41,114.199898,22.665001,610
粤B1VU41,114.145203,22.640699,611
粤B1VU41,114.204399,22.6807,611
粤B1VU41,114.204399,22.680799,612
粤B1VU41,114.204399,22.680799,613
粤B1VU41,114.207603,22.688101,614
粤B1VU41,114.215698,22.6964,615
粤B1VU41,114.214401,22.695,615
粤B1VU41,114.218201,22.698999,616
粤B1VU41,114.222603,22.703501,617
粤B1VU41,114.226402,22.707001,618
粤B1VU41,114.232903,22.7129,619
粤B1VU41,114.234703,22.7145,620
粤B1VU41,114.238297,22.7178,620
粤B1VU41,114.239098,22.718599,621
粤B1VU41,114.239098,22.718599,622
粤B1VU41,114.216003,22.6703,645
粤B1VU41,114.215897,22.67,646
粤B1VU41,114.2145,22.665001,646
粤B1VU41,114.211403,22.6593,647
粤B1VU41,114.208099,22.6563,648
粤B1VU41,114.205101,22.6525,649
粤B1VU41,114.202797,22.6504,650
粤B1VU41,114.199402,22.647699,651
粤B1VU41,114.192497,22.644501,651
粤B1VU41,114.192299,22.6444,652
粤B1VU41,114.188904,22.643299,653
粤B1VU41,114.181396,22.6394,654
粤B1VU41,114.176598,22.6383,655
粤B1VU41,114.176498,22.641399,656
粤B1VU41,114.171402,22.6366,657
粤B1VU41,114.171997,22.641399,657
粤B1VU41,114.163399,22.634399,658
粤B1VU41,114.151703,22.6213,663
粤B1VU41,114.151604,22.617201,664
粤B1VU41,114.156097,22.616199,665
粤B1VU41,114.156998,22.615,666
粤B1VU41,114.157402,22.614201,666
粤B1VU41,114.158897,22.6094,667
粤B1VU41,114.160698,22.605,668
粤B1VU41,114.158699,22.6,669
粤B1VU41,114.153603,22.5968,670
粤B1VU41,114.148399,22.5886,671
粤B1VU41,114.150597,22.592699,671
粤B1VU41,114.145203,22.585199,672
粤B1VU41,114.141197,22.5826,673
粤B1VU41,114.140198,22.578899,674
粤B1VU41,114.138298,22.5755,675
粤B1VU41,114.135101,22.576599,676
粤B1VU41,114.128998,22.5777,676
粤B1VU41,114.111198,22.5765,678
粤B1VU41,114.141197,22.5826,678
粤B1VU41,114.103401,22.572701,679
粤B1VU41,114.086899,22.566999,681
粤B1VU41,114.073799,22.570801,682
粤B1VU41,114.082199,22.5721,682
粤B1VU41,114.065399,22.5688,683
粤B1VU41,114.057602,22.5662,684
粤B1VU41,114.047798,22.5651,685
粤B1VU41,114.038597,22.563299,686
粤B1VU41,114.028999,22.5616,687
粤B1VU41,114.019501,22.5602,687
粤B1VU41,114.009804,22.558599,688
粤B1VU41,114.001198,22.555901,689
粤B1VU41,113.992699,22.5576,690
粤B1VU41,113.983398,22.5585,691
粤B1VU41,113.965103,22.5574,692
粤B1VU41,113.974197,22.556601,692
粤B1VU41,113.955704,22.5564,693
粤B1VU41,113.946602,22.555599,694
粤B1VU41,113.9384,22.5555,695
粤B1VU41,113.930397,22.555401,696
粤B1VU41,113.928497,22.554701,697
粤B1VU41,113.927696,22.5471,697
粤B1VU41,113.927002,22.5417,698
粤B1VU41,113.926598,22.534599,699
粤B1VU41,113.927101,22.536501,699
粤B1VU41,113.927002,22.535601,699
粤B1VU41,113.9244,22.530399,700
粤B1VU41,113.9245,22.525101,701
粤B1VU41,113.921898,22.5166,702
粤B1VU41,113.922203,22.518999,702
粤B1VU41,113.920601,22.513901,703
粤B1VU41,113.918701,22.514999,704
粤B1VU41,113.918701,22.514999,705
粤B1VU41,113.918602,22.5149,705
粤B1VU41,113.918701,22.514999,705
粤B1VU41,113.918602,22.5149,706
粤B1VU41,113.918602,22.5149,707
粤B1VU41,113.918503,22.514601,708
粤B1VU41,113.917801,22.5138,709
粤B1VU41,113.918701,22.514999,710
粤B1VU41,113.919601,22.5128,710
粤B1VU41,113.920502,22.5121,711
粤B1VU41,113.921898,22.5151,711
粤B1VU41,113.923798,22.517799,712
粤B1VU41,113.927597,22.5158,713
粤B1VU41,113.927399,22.5131,714
粤B1VU41,113.927399,22.5131,715
粤B1VU41,113.927696,22.514,716
粤B1VU41,113.927696,22.514,716
粤B1VU41,113.927696,22.517599,717
粤B1VU41,113.927696,22.517799,718
粤B1VU41,113.927803,22.5196,718
粤B1VU41,113.929001,22.524401,719
粤B1VU41,113.945297,22.524,721
粤B1VU41,114.066399,22.528799,816
粤B1VU41,114.066399,22.528799,817
粤B1VU41,114.067101,22.5289,818
粤B1VU41,114.067299,22.5287,819
粤B1VU41,114.066399,22.5264,819
粤B1VU41,114.064201,22.529699,820
粤B1VU41,114.064301,22.531401,821
粤B1VU41,114.069397,22.5313,822
粤B1VU41,114.068298,22.5347,823
粤B1VU41,114.071899,22.5387,824
粤B1VU41,114.069504,22.538601,824
粤B1VU41,114.072899,22.5429,825
粤B1VU41,114.075798,22.542999,826
粤B1VU41,114.078697,22.5427,827
粤B1VU41,114.078903,22.5403,828
粤B1VU41,114.078102,22.5404,829
粤B1VU41,114.075798,22.540001,830
粤B1VU41,114.076103,22.5427,830
粤B1VU41,114.076103,22.5427,831
粤B1VU41,114.0784,22.543301,832
粤B1VU41,114.081703,22.5411,833
粤B1VU41,114.0802,22.543301,833
粤B1VU41,114.0802,22.543301,833
粤B1VU41,114.081703,22.5411,834
粤B1VU41,114.081596,22.5408,835
粤B1VU41,114.080399,22.5369,836
粤B1VU41,114.076599,22.532,837
粤B1VU41,114.035896,22.5228,860
粤B1VU41,114.040604,22.521799,862
粤B1VU41,114.041496,22.521299,862
粤B1VU41,114.041702,22.5212,863
粤B1VU41,114.0438,22.524401,864
粤B1VU41,114.045197,22.5256,865
粤B1VU41,114.048401,22.5257,866
粤B1VU41,114.050499,22.525801,867
粤B1VU41,114.051498,22.527201,868
粤B1VU41,114.0513,22.533899,869
粤B1VU41,114.0513,22.533899,870
粤B1VU41,114.0513,22.534901,871
粤B1VU41,114.051201,22.5326,872
粤B1VU41,114.046097,22.531601,873
粤B1VU41,114.0383,22.5308,873
粤B1VU41,114.028503,22.5306,874
粤B1VU41,114.019699,22.532,875
粤B1VU41,114.010902,22.530001,876
粤B1VU41,114.0009,22.5301,877
粤B1VU41,113.992104,22.5263,878
粤B1VU41,113.985001,22.5236,878
粤B1VU41,113.976997,22.5233,879
粤B1VU41,113.967697,22.523199,880
粤B1VU41,113.957497,22.5233,881
粤B1VU41,113.949303,22.5243,882
粤B1VU41,113.948303,22.5191,883
粤B1VU41,113.948997,22.5254,883
粤B1VU41,113.946701,22.51,884
粤B1VU41,113.940804,22.5082,885
粤B1VU41,113.938698,22.508101,886
粤B1VU41,113.937103,22.508101,887
粤B1VU41,113.939499,22.5079,888
粤B1VU41,113.937103,22.508101,888
粤B1VU41,113.942902,22.5065,889
粤B1VU41,113.944,22.507299,890
粤B1VU41,113.944801,22.5072,891
粤B1VU41,113.944199,22.507299,891
粤B1VU41,113.944901,22.506599,892
粤B1VU41,113.944901,22.506599,893
粤B1VU41,113.945,22.506599,894
粤B1VU41,113.945,22.506599,895
粤B1VU41,113.945099,22.506599,896
粤B1VU41,113.945198,22.506599,896
粤B1VU41,113.945198,22.506599,897
粤B1VU41,113.944504,22.5075,898
粤B1VU41,113.942497,22.507601,899
粤B1VU41,113.947403,22.5079,900
粤B1VU41,113.948601,22.565201,911
粤B1VU41,113.937798,22.566,912
粤B1VU41,113.930397,22.570601,913
粤B1VU41,113.925102,22.579399,914
粤B1VU41,113.9254,22.590599,915
粤B1VU41,113.927101,22.6008,915
粤B1VU41,113.925598,22.591801,915
粤B1VU41,113.925598,22.591801,915
粤B1VU41,113.927597,22.6047,916
粤B1VU41,113.924103,22.6147,917
粤B1VU41,113.915604,22.624901,918
粤B1VU41,113.908798,22.6346,919
粤B1VU41,113.906197,22.6443,920
粤B1VU41,113.901497,22.6534,920
粤B1VU41,113.925598,22.591801,920
粤B1VU41,113.892899,22.6626,921
粤B1VU41,113.890099,22.673,922
粤B1VU41,113.886902,22.6854,923
粤B1VU41,113.887703,22.696501,924
粤B1VU41,113.883797,22.707899,925
粤B1VU41,113.880898,22.7201,926
粤B1VU41,113.8834,22.7323,926
粤B1VU41,113.8825,22.7407,927
粤B1VU41,113.880096,22.7416,928
粤B1VU41,113.880798,22.7404,929
粤B1VU41,113.880798,22.7404,930
粤B1VU41,113.883003,22.738899,931
粤B1VU41,113.881401,22.739799,931
粤B1VU41,113.883202,22.738899,932
粤B1VU41,113.883598,22.7388,933
粤B1VU41,113.884804,22.743401,934
粤B1VU41,113.884903,22.747601,935
粤B1VU41,113.879402,22.7502,936
粤B1VU41,113.879402,22.7502,936
粤B1VU41,113.879402,22.7502,936
粤B1VU41,113.875603,22.754,937
粤B1VU41,113.874496,22.757999,938
粤B1VU41,113.869202,22.759501,939
粤B1VU41,113.874298,22.7584,939
粤B1VU41,113.868202,22.759701,940
粤B1VU41,113.860298,22.758801,942
粤B1VU41,113.855598,22.7623,943
粤B1VU41,113.862396,22.7589,943
粤B1VU41,113.862396,22.7589,948
粤B1VU41,113.855598,22.7623,949
粤B1VU41,113.851997,22.7563,951
粤B1VU41,113.852997,22.7495,952
粤B1VU41,113.851997,22.7563,956
粤B1VU41,113.852997,22.7495,958
粤B1VU41,113.852097,22.747801,962
粤B1VU41,113.833603,22.684,963
粤B1VU41,113.833603,22.684,970
粤B1VU41,113.829201,22.673401,971
粤B1VU41,113.827904,22.662701,972
粤B1VU41,113.828003,22.6607,972
粤B1VU41,113.829201,22.655199,973
粤B1VU41,113.8293,22.6548,973
粤B1VU41,113.843399,22.634399,974
粤B1VU41,113.836304,22.643101,974
粤B1VU41,113.849403,22.627701,975
粤B1VU41,113.849899,22.624901,976
粤B1VU41,113.842796,22.6217,977
粤B1VU41,113.8367,22.6201,978
粤B1VU41,113.818901,22.612301,979
粤B1VU41,113.827499,22.616199,979
粤B1VU41,113.814201,22.6182,980
粤B1VU41,113.813004,22.623199,981
粤B1VU41,113.813301,22.623899,982
粤B1VU41,113.813301,22.623899,984
粤B1VU41,113.813301,22.623899,985
粤B1VU41,113.813301,22.623899,986
粤B1VU41,113.813301,22.623899,987
粤B1VU41,113.813301,22.623899,987
粤B1VU41,113.813301,22.623899,988
粤B1VU41,113.813301,22.623899,989
粤B1VU41,113.813301,22.623899,989
粤B1VU41,113.813301,22.623899,990
粤B1VU41,113.813301,22.623899,991
粤B1VU41,113.813301,22.623899,992
粤B1VU41,113.813301,22.623899,993
粤B1VU41,113.813301,22.623899,994
粤B1VU41,113.813301,22.623899,995
粤B1VU41,113.813301,22.623899,995
粤B1VU41,113.813301,22.623899,996
粤B1VU41,113.813301,22.623899,997
粤B1VU41,113.813301,22.623899,998
粤B1VU41,113.813301,22.623899,999
粤B1VU41,113.813301,22.623899,1000
粤B1VU41,113.813301,22.623899,1000
粤B1VU41,113.813301,22.623899,1001
粤B1VU41,113.813301,22.623899,1002
粤B1VU41,113.813301,22.623899,1003
粤B1VU41,113.813301,22.623899,1004
粤B1VU41,113.813301,22.623899,1005
粤B1VU41,113.813301,22.623899,1005
粤B1VU41,113.813301,22.623899,1006
粤B1VU41,113.813499,22.624399,1007
粤B1VU41,113.813499,22.624399,1008
粤B1VU41,113.813103,22.625799,1009
粤B1VU41,113.812599,22.6266,1010
粤B1VU41,113.812599,22.6266,1010
粤B1VU41,113.812599,22.6266,1011
粤B1VU41,113.812103,22.627501,1012
粤B1VU41,113.810402,22.627701,1013
粤B1VU41,113.810402,22.627701,1014
粤B1VU41,113.810303,22.627501,1015
粤B1VU41,113.809799,22.627399,1015
粤B1VU41,113.809898,22.626801,1016
粤B1VU41,113.809898,22.626801,1017
粤B1VU41,113.891403,22.5993,1029
粤B1VU41,113.899902,22.5924,1030
粤B1VU41,113.9011,22.5912,1031
粤B1VU41,113.902298,22.59,1032
粤B1VU41,113.906799,22.585199,1033
粤B1VU41,113.904297,22.5879,1033
粤B1VU41,113.908997,22.5828,1034
粤B1VU41,113.911102,22.5805,1035
粤B1VU41,113.913696,22.5777,1036
粤B1VU41,113.916397,22.5748,1037
粤B1VU41,113.921402,22.570601,1038
粤B1VU41,113.926804,22.564899,1039
粤B1VU41,113.924797,22.5669,1039
粤B1VU41,113.929001,22.561701,1040
粤B1VU41,113.928596,22.5557,1041
粤B1VU41,113.928596,22.549101,1042
粤B1VU41,113.927597,22.5467,1043
粤B1VU41,113.925903,22.5424,1044
粤B1VU41,113.926903,22.544399,1044
粤B1VU41,113.932198,22.5425,1045
粤B1VU41,113.938599,22.5424,1046
粤B1VU41,113.940399,22.542299,1047
粤B1VU41,113.940598,22.540199,1048
粤B1VU41,113.940598,22.536301,1049
粤B1VU41,113.940598,22.536301,1049
粤B1VU41,113.940598,22.536301,1050
粤B1VU41,113.940804,22.532,1051
粤B1VU41,113.941002,22.5247,1052
粤B1VU41,113.938698,22.5212,1053
粤B1VU41,113.934799,22.519199,1054
粤B1VU41,113.940598,22.536301,1055
粤B1VU41,113.934502,22.518299,1055
粤B1VU41,113.934196,22.517401,1056
粤B1VU41,113.934196,22.517401,1057
粤B1VU41,113.932899,22.5137,1058
粤B1VU41,113.9328,22.5089,1059
粤B1VU41,113.9328,22.508699,1059
粤B1VU41,113.9328,22.5086,1060
粤B1VU41,113.935799,22.5079,1061
粤B1VU41,113.936501,22.5079,1062
粤B1VU41,113.938797,22.507401,1063
粤B1VU41,113.938698,22.5072,1063
粤B1VU41,113.938698,22.507299,1063
粤B1VU41,113.938698,22.5072,1063
粤B1VU41,113.938698,22.507299,1063
粤B1VU41,113.938797,22.5061,1064
粤B1VU41,113.937202,22.503401,1065
粤B1VU41,113.936203,22.5065,1066
粤B1VU41,113.936401,22.507401,1067
粤B1VU41,113.936401,22.507401,1067
粤B1VU41,113.936401,22.5075,1068
粤B1VU41,113.936501,22.5079,1069
粤B1VU41,113.936501,22.5079,1070
粤B1VU41,113.936501,22.5079,1071
粤B1VU41,113.936996,22.510201,1072
粤B1VU41,113.936897,22.5123,1072
粤B1VU41,113.936897,22.5123,1073
粤B1VU41,113.936897,22.5123,1073
粤B1VU41,113.936897,22.5124,1073
粤B1VU41,113.936996,22.5133,1074
粤B1VU41,113.937698,22.517099,1075
粤B1VU41,113.937698,22.5172,1075
粤B1VU41,113.938797,22.521,1076
粤B1VU41,113.9412,22.5205,1077
粤B1VU41,113.944702,22.518999,1078
粤B1VU41,113.936897,22.5124,1079
粤B1VU41,113.948601,22.518,1079
粤B1VU41,113.949997,22.531601,1080
粤B1VU41,113.949203,22.5247,1080
粤B1VU41,113.951401,22.537001,1081
粤B1VU41,113.9515,22.5371,1082
粤B1VU41,113.951401,22.537001,1082
粤B1VU41,113.9515,22.5371,1082
粤B1VU41,113.953201,22.5399,1083
粤B1VU41,113.956802,22.5431,1084
粤B1VU41,113.957703,22.5431,1085
粤B1VU41,113.959198,22.5432,1086
粤B1VU41,113.959198,22.5432,1086
粤B1VU41,113.959198,22.5432,1087
粤B1VU41,113.959297,22.5432,1088
粤B1VU41,113.961998,22.542299,1089
粤B1VU41,113.961998,22.542299,1089
粤B1VU41,113.961998,22.542299,1089
粤B1VU41,113.9627,22.542101,1090
粤B1VU41,113.964401,22.5415,1091
粤B1VU41,113.969498,22.5396,1092
粤B1VU41,113.974098,22.5378,1093
粤B1VU41,113.978302,22.5362,1094
粤B1VU41,113.978401,22.5362,1094
粤B1VU41,113.978302,22.5362,1094
粤B1VU41,113.982101,22.5361,1095
粤B1VU41,113.987,22.535999,1096
粤B1VU41,113.991501,22.534901,1096
粤B1VU41,113.991501,22.534901,1097
粤B1VU41,113.991501,22.534901,1098
粤B1VU41,113.992699,22.534201,1099
粤B1VU41,113.990303,22.5305,1100
粤B1VU41,113.9879,22.5301,1101
粤B1VU41,113.977997,22.528299,1102
粤B1VU41,113.979301,22.5285,1102
粤B1VU41,113.982002,22.5289,1103
粤B1VU41,113.986702,22.529699,1104
粤B1VU41,113.9879,22.5275,1105
粤B1VU41,113.987999,22.5247,1106
粤B1VU41,113.987999,22.526501,1106
粤B1VU41,113.987999,22.526501,1106
粤B1VU41,113.985397,22.523899,1107
粤B1VU41,113.981102,22.5233,1108
粤B1VU41,113.9776,22.5256,1109
粤B1VU41,113.976799,22.522301,1110
粤B1VU41,113.983398,22.523001,1111
粤B1VU41,113.991096,22.5256,1111
粤B1VU41,114.038002,22.5306,1116
粤B1VU41,114.046898,22.5312,1117
粤B1VU41,114.051399,22.5282,1119
粤B1VU41,114.051399,22.5278,1120
粤B1VU41,114.051399,22.527201,1121
粤B1VU41,114.051399,22.527599,1121
粤B1VU41,114.051399,22.528299,1122
粤B1VU41,114.051498,22.528799,1123
粤B1VU41,114.051498,22.528799,1124
粤B1VU41,114.051498,22.5292,1125
粤B1VU41,114.051399,22.5282,1126
粤B1VU41,114.051498,22.533199,1127
粤B1VU41,114.051598,22.534,1127
粤B1VU41,114.051598,22.534,1128
粤B1VU41,114.051598,22.5352,1129
粤B1VU41,114.054398,22.535299,1130
粤B1VU41,114.055099,22.535299,1130
粤B1VU41,114.056099,22.5345,1131
粤B1VU41,114.056,22.534201,1131
粤B1VU41,114.059502,22.531401,1132
粤B1VU41,114.0578,22.531401,1132
粤B1VU41,114.062798,22.5294,1133
粤B1VU41,114.063103,22.526199,1134
粤B1VU41,114.062401,22.522499,1135
粤B1VU41,114.061501,22.5215,1135
粤B1VU41,114.061501,22.5215,1136
粤B1VU41,114.061501,22.5215,1137
粤B1VU41,114.050903,22.5154,1143
粤B1VU41,114.051498,22.5254,1144
粤B1VU41,114.051498,22.5254,1145
粤B1VU41,114.051498,22.5254,1147
粤B1VU41,114.051399,22.529301,1148
粤B1VU41,114.0513,22.535,1149
粤B1VU41,114.050201,22.534901,1149
粤B1VU41,114.050003,22.5354,1150
粤B1VU41,114.050003,22.5354,1150
粤B1VU41,114.050003,22.5354,1150
粤B1VU41,114.050003,22.5354,1151
粤B1VU41,114.049797,22.535299,1152
粤B1VU41,114.050003,22.5354,1152
粤B1VU41,114.048203,22.535299,1153
粤B1VU41,114.047897,22.5317,1154
粤B1VU41,114.043503,22.532,1155
粤B1VU41,114.044899,22.528601,1156
粤B1VU41,114.044197,22.5277,1157
粤B1VU41,114.043098,22.5275,1157
粤B1VU41,114.041298,22.527201,1158
粤B1VU41,114.041298,22.527201,1159
粤B1VU41,114.041298,22.527201,1160
粤B1VU41,114.041298,22.527201,1161
粤B1VU41,114.041298,22.527201,1162
粤B1VU41,114.041298,22.527201,1163
粤B1VU41,114.041298,22.527201,1163
粤B1VU41,114.041298,22.527201,1164
粤B1VU41,114.041298,22.527201,1165
粤B1VU41,114.040901,22.527201,1166
粤B1VU41,114.038902,22.5273,1167
粤B1VU41,114.034203,22.5282,1168
粤B1VU41,114.036499,22.527599,1168
粤B1VU41,114.034103,22.528299,1169
粤B1VU41,114.032501,22.526501,1170
粤B1VU41,114.026703,22.529699,1171
粤B1VU41,114.0214,22.532301,1172
粤B1VU41,114.013802,22.5308,1173
粤B1VU41,114.005302,22.530001,1173
粤B1VU41,113.998001,22.5296,1174
粤B1VU41,113.993599,22.5305,1175
粤B1VU41,113.993301,22.5322,1176
粤B1VU41,113.992798,22.535101,1177
粤B1VU41,113.989799,22.5359,1178
粤B1VU41,113.984001,22.5364,1178
粤B1VU41,113.977798,22.5366,1179
粤B1VU41,113.971703,22.539,1180
粤B1VU41,113.966301,22.541,1181
粤B1VU41,113.967697,22.5403,1182
粤B1VU41,113.969704,22.5394,1183
粤B1VU41,113.971497,22.538799,1184
粤B1VU41,113.976303,22.5366,1184
粤B1VU41,113.9813,22.5361,1185
粤B1VU41,113.982597,22.5361,1186
粤B1VU41,113.987999,22.535999,1187
粤B1VU41,113.992897,22.533501,1188
粤B1VU41,113.969704,22.5394,1188
粤B1VU41,113.993698,22.5285,1189
粤B1VU41,113.993202,22.531799,1189
粤B1VU41,113.995399,22.528,1191
粤B1VU41,114.003304,22.5299,1192
粤B1VU41,114.011101,22.530001,1193
粤B1VU41,114.018898,22.5317,1194
粤B1VU41,114.025703,22.531099,1194
粤B1VU41,114.034599,22.530199,1195
粤B1VU41,114.043404,22.531099,1196
粤B1VU41,114.050697,22.5312,1197
粤B1VU41,114.056503,22.5313,1198
粤B1VU41,114.056503,22.5313,1199
粤B1VU41,114.056503,22.5313,1199
粤B1VU41,114.056503,22.5313,1200
粤B1VU41,114.056503,22.5313,1201
粤B1VU41,114.056503,22.5313,1202
粤B1VU41,114.056503,22.5313,1203
粤B1VU41,114.056503,22.5313,1204
粤B1VU41,114.056503,22.5313,1204
粤B1VU41,114.056503,22.5313,1205
粤B1VU41,114.056503,22.5313,1206
粤B1VU41,114.056503,22.5313,1207
粤B1VU41,114.056503,22.5313,1208
粤B1VU41,114.056503,22.5313,1209
粤B1VU41,114.056503,22.5313,1209
粤B1VU41,114.056503,22.5313,1210
粤B1VU41,114.056503,22.5313,1211
粤B1VU41,114.056503,22.5313,1212
粤B1VU41,114.056503,22.5313,1213
粤B1VU41,114.056503,22.5313,1214
粤B1VU41,114.056503,22.5313,1214
粤B1VU41,114.056503,22.5313,1215
粤B1VU41,114.056503,22.5313,1216
粤B1VU41,114.056503,22.5313,1217
粤B1VU41,114.056503,22.5313,1218
粤B1VU41,114.056503,22.5313,1219
粤B1VU41,114.056503,22.5313,1219
粤B1VU41,114.056503,22.5313,1220
粤B1VU41,114.056503,22.5313,1221
粤B1VU41,114.056503,22.5313,1222
粤B1VU41,114.056503,22.5313,1223
粤B1VU41,114.056503,22.5313,1224
粤B1VU41,114.056503,22.5313,1225
粤B1VU41,114.056503,22.5313,1225
粤B1VU41,114.056503,22.5313,1226
粤B1VU41,114.056503,22.5313,1227
粤B1VU41,114.056503,22.5313,1228
粤B1VU41,114.056503,22.5313,1229
粤B1VU41,114.056503,22.5313,1230
粤B1VU41,114.056503,22.5313,1230
粤B1VU41,114.056503,22.5313,1231
粤B1VU41,114.056503,22.5313,1232
粤B1VU41,114.056503,22.5313,1233
粤B1VU41,114.056503,22.5313,1234
粤B1VU41,114.056503,22.5313,1235
粤B1VU41,114.056503,22.5313,1235
粤B1VU41,114.056503,22.5313,1236
粤B1VU41,114.056503,22.5313,1237
粤B1VU41,114.056503,22.5313,1238
粤B1VU41,114.056503,22.5313,1239
粤B1VU41,114.056503,22.5313,1240
粤B1VU41,114.056503,22.5313,1240
粤B1VU41,114.056503,22.5313,1241
粤B1VU41,114.056503,22.5313,1242
粤B1VU41,114.056503,22.5313,1243
粤B1VU41,114.056503,22.5313,1244
粤B1VU41,114.056503,22.5313,1245
粤B1VU41,114.056503,22.5313,1245
粤B1VU41,114.056503,22.5313,1246
粤B1VU41,114.056503,22.5313,1247
粤B1VU41,114.056503,22.5313,1248
粤B1VU41,114.056503,22.5313,1249
粤B1VU41,114.056503,22.5313,1250
粤B1VU41,114.056503,22.5313,1250
粤B1VU41,114.056503,22.5313,1251
粤B1VU41,114.056503,22.5313,1252
粤B1VU41,114.056503,22.5313,1253
粤B1VU41,114.056503,22.5313,1253
粤B1VU41,114.056503,22.5313,1254
粤B1VU41,114.056503,22.5313,1256
粤B1VU41,114.056503,22.5313,1258
粤B1VU41,114.056503,22.5313,1259
粤B1VU41,114.056602,22.531401,1259
粤B1VU41,114.056602,22.531401,1259
粤B1VU41,114.061996,22.531401,1260
粤B1VU41,114.067299,22.5315,1260
粤B1VU41,114.068199,22.540501,1262
粤B1VU41,114.0681,22.546499,1263
粤B1VU41,114.068001,22.547501,1264
粤B1VU41,114.068001,22.550301,1265
粤B1VU41,114.068001,22.550301,1265
粤B1VU41,114.067902,22.553699,1266
粤B1VU41,114.068001,22.5574,1267
粤B1VU41,114.0755,22.5581,1268
粤B1VU41,114.0821,22.558901,1269
粤B1VU41,114.088799,22.5667,1270
粤B1VU41,114.085098,22.5637,1270
粤B1VU41,114.094704,22.568199,1271
粤B1VU41,114.098198,22.569599,1272
粤B1VU41,114.100502,22.570801,1273
粤B1VU41,114.102203,22.571899,1274
粤B1VU41,114.104301,22.573099,1275
粤B1VU41,114.1082,22.5755,1275
粤B1VU41,114.113098,22.5765,1276
粤B1VU41,114.120102,22.5765,1277
粤B1VU41,114.123497,22.5765,1278
粤B1VU41,114.126801,22.5769,1279
粤B1VU41,114.132202,22.577,1280
粤B1VU41,114.128799,22.577299,1280
粤B1VU41,114.135498,22.575899,1281
粤B1VU41,114.135498,22.575899,1282
粤B1VU41,114.135597,22.575899,1283
粤B1VU41,114.137802,22.570299,1284
粤B1VU41,114.1381,22.5741,1284
粤B1VU41,114.138,22.5697,1285
粤B1VU41,114.136299,22.567301,1286
粤B1VU41,114.134697,22.565399,1287
粤B1VU41,114.134697,22.565399,1287
粤B1VU41,114.132698,22.5632,1288
粤B1VU41,114.127602,22.5606,1289
粤B1VU41,114.125504,22.5595,1289
粤B1VU41,114.125504,22.5595,1290
粤B1VU41,114.116898,22.5588,1292
粤B1VU41,114.105301,22.5585,1294
粤B1VU41,114.105301,22.5585,1294
粤B1VU41,114.105301,22.5585,1294
粤B1VU41,114.1063,22.558599,1295
粤B1VU41,114.1101,22.558599,1296
粤B1VU41,114.114304,22.558701,1297
粤B1VU41,114.115601,22.555799,1298
粤B1VU41,114.115601,22.555799,1298
粤B1VU41,114.111198,22.5588,1301
粤B1VU41,114.104103,22.558701,1302
粤B1VU41,114.104301,22.558701,1302
粤B1VU41,114.100098,22.558599,1303
粤B1VU41,114.0858,22.558399,1306
粤B1VU41,114.068398,22.558201,1307
粤B1VU41,114.077103,22.5583,1307
粤B1VU41,114.044601,22.558399,1312
粤B1VU41,114.043701,22.556499,1315
粤B1VU41,114.043999,22.556999,1315
粤B1VU41,114.0438,22.5562,1316
粤B1VU41,114.0438,22.5562,1316
粤B1VU41,114.047699,22.542299,1319
粤B1VU41,114.052803,22.5422,1320
粤B1VU41,114.069603,22.542801,1321
粤B1VU41,114.071999,22.539301,1322
粤B1VU41,114.0737,22.5396,1323
粤B1VU41,114.0737,22.5396,1323
粤B1VU41,114.074203,22.5397,1324
粤B1VU41,114.074203,22.5397,1325
粤B1VU41,114.074203,22.5397,1325
粤B1VU41,114.076103,22.541,1325
粤B1VU41,114.076202,22.542999,1326
粤B1VU41,114.077103,22.545601,1327
粤B1VU41,114.079102,22.5453,1328
粤B1VU41,114.078903,22.545401,1329
粤B1VU41,114.078903,22.545401,1329
粤B1VU41,114.078903,22.545401,1329
粤B1VU41,114.080299,22.545601,1330
粤B1VU41,114.082901,22.5455,1331
粤B1VU41,114.082901,22.5455,1331
粤B1VU41,114.084099,22.5441,1332
粤B1VU41,114.084198,22.545601,1332
粤B1VU41,114.081802,22.543301,1333
粤B1VU41,114.081596,22.540899,1334
粤B1VU41,114.081596,22.540899,1335
粤B1VU41,114.081596,22.5389,1336
粤B1VU41,114.078102,22.538799,1337
粤B1VU41,114.077904,22.538799,1338
粤B1VU41,114.077904,22.538799,1338
粤B1VU41,114.077698,22.540001,1339
粤B1VU41,114.076797,22.5403,1340
粤B1VU41,114.071999,22.5399,1341
粤B1VU41,114.074203,22.5397,1341
粤B1VU41,114.071899,22.5392,1342
粤B1VU41,114.071899,22.539101,1343
粤B1VU41,114.077904,22.538799,1344
粤B1VU41,114.069298,22.532,1345
粤B1VU41,114.063202,22.5322,1346
粤B1VU41,114.063202,22.5345,1346
粤B1VU41,114.063202,22.5345,1346
粤B1VU41,114.063202,22.5345,1346
粤B1VU41,114.063202,22.5347,1347
粤B1VU41,114.063202,22.5347,1347
粤B1VU41,114.063004,22.5329,1348
粤B1VU41,114.063103,22.526899,1349
粤B1VU41,114.063103,22.532,1350
粤B1VU41,114.0634,22.526501,1350
粤B1VU41,114.063301,22.534599,1351
粤B1VU41,114.063301,22.534599,1351
粤B1VU41,114.063004,22.534201,1352
粤B1VU41,114.0625,22.533701,1353
粤B1VU41,114.062103,22.5336,1354
粤B1VU41,114.058998,22.533501,1355
粤B1VU41,114.059196,22.533501,1355
粤B1VU41,114.060303,22.535601,1356
粤B1VU41,114.055702,22.5354,1357
粤B1VU41,114.053101,22.535601,1358
粤B1VU41,114.053101,22.535601,1358
粤B1VU41,114.053101,22.535601,1359
粤B1VU41,114.052597,22.535999,1360
粤B1VU41,114.053101,22.535601,1360
粤B1VU41,114.0532,22.5364,1361
粤B1VU41,114.055801,22.5375,1362
粤B1VU41,114.056198,22.537399,1363
粤B1VU41,114.056198,22.537399,1363
粤B1VU41,114.057899,22.532801,1364
粤B1VU41,114.058098,22.5361,1364
粤B1VU41,114.0513,22.531601,1365
粤B1VU41,114.043404,22.5313,1366
粤B1VU41,114.035301,22.530399,1367
粤B1VU41,114.028297,22.5308,1368
粤B1VU41,114.024399,22.539301,1369
粤B1VU41,114.025002,22.533701,1369
粤B1VU41,114.0271,22.539499,1370
粤B1VU41,114.0271,22.539499,1370
粤B1VU41,114.0271,22.539499,1371
粤B1VU41,114.0271,22.539499,1371
粤B1VU41,114.028099,22.5399,1372
粤B1VU41,114.031303,22.5406,1373
粤B1VU41,114.038002,22.5418,1374
粤B1VU41,114.041,22.5422,1375
粤B1VU41,114.044296,22.539301,1376
粤B1VU41,114.045799,22.5312,1377
粤B1VU41,114.053596,22.5313,1378
粤B1VU41,114.067299,22.530399,1380
粤B1VU41,114.041,22.5422,1380
粤B1VU41,114.068001,22.521299,1381
粤B1VU41,114.065697,22.524401,1381
粤B1VU41,114.067902,22.520901,1382
粤B1VU41,114.0681,22.5222,1383
粤B1VU41,114.065399,22.524,1384
粤B1VU41,114.068398,22.5243,1385
粤B1VU41,114.068199,22.529699,1386
粤B1VU41,114.0681,22.5455,1387
粤B1VU41,114.068001,22.5497,1388
粤B1VU41,114.068001,22.552099,1389
粤B1VU41,114.067902,22.5564,1390
粤B1VU41,114.081001,22.558201,1391
粤B1VU41,114.072899,22.5581,1391
粤B1VU41,114.0858,22.5646,1392
粤B1VU41,114.0923,22.5676,1393
粤B1VU41,114.097603,22.5693,1394
粤B1VU41,114.098999,22.5725,1395
粤B1VU41,114.099701,22.5805,1396
粤B1VU41,114.097801,22.5881,1396
粤B1VU41,114.098297,22.5924,1397
粤B1VU41,114.098297,22.5924,1397
粤B1VU41,114.098297,22.5924,1397
粤B1VU41,114.098801,22.603701,1398
粤B1VU41,114.101097,22.608101,1399
粤B1VU41,114.103699,22.6092,1400
粤B1VU41,114.104301,22.6094,1401
粤B1VU41,114.1064,22.610001,1401
粤B1VU41,114.108002,22.611,1402
粤B1VU41,114.108002,22.611,1403
粤B1VU41,114.106796,22.6143,1404
粤B1VU41,114.108101,22.6159,1405
粤B1VU41,114.108002,22.6159,1405
粤B1VU41,114.108101,22.6159,1405
粤B1VU41,114.106903,22.6157,1406
粤B1VU41,114.107201,22.613001,1407
粤B1VU41,114.107399,22.6106,1408
粤B1VU41,114.104401,22.609301,1409
粤B1VU41,114.100304,22.607599,1410
粤B1VU41,114.101402,22.608299,1410
粤B1VU41,114.099503,22.605801,1411
粤B1VU41,114.1007,22.601,1412
粤B1VU41,114.101501,22.5986,1413
粤B1VU41,114.102303,22.5945,1413
粤B1VU41,114.106697,22.5928,1414
粤B1VU41,114.103699,22.5884,1415
粤B1VU41,114.101097,22.5823,1416
粤B1VU41,114.1007,22.580799,1417
粤B1VU41,114.099098,22.568199,1418
粤B1VU41,114.098602,22.5744,1418
粤B1VU41,114.099197,22.563,1419
粤B1VU41,114.099197,22.561199,1420
粤B1VU41,114.101501,22.558201,1421
粤B1VU41,114.102203,22.5562,1422
粤B1VU41,114.102203,22.5562,1422
粤B1VU41,114.102203,22.5562,1422
粤B1VU41,114.104103,22.554501,1423
粤B1VU41,114.104401,22.5527,1424
粤B1VU41,114.102203,22.5483,1425
粤B1VU41,114.105103,22.5492,1425
粤B1VU41,114.1026,22.5466,1426
粤B1VU41,114.102303,22.546,1427
粤B1VU41,114.100998,22.547001,1428
粤B1VU41,114.102303,22.546,1428
粤B1VU41,114.102303,22.546,1428
粤B1VU41,114.100197,22.547501,1429
粤B1VU41,114.099602,22.551201,1430
粤B1VU41,114.099503,22.5548,1431
粤B1VU41,114.099403,22.558001,1432
粤B1VU41,114.099403,22.561001,1433
粤B1VU41,114.099297,22.564199,1433
粤B1VU41,114.099197,22.5667,1434
粤B1VU41,114.099503,22.5707,1435
