粤BM13M7,114.045502,22.594,6
粤BM13M7,114.038597,22.598101,7
粤BM13M7,114.0373,22.599501,8
粤BM13M7,114.028603,22.6087,9
粤BM13M7,114.027199,22.6106,10
粤BM13M7,114.027199,22.6106,10
粤BM13M7,114.017502,22.619699,11
粤BM13M7,114.017502,22.619699,11
粤BM13M7,114.013702,22.6297,13
粤BM13M7,114.011803,22.628401,13
粤BM13M7,114.017502,22.631901,14
粤BM13M7,114.015404,22.6306,14
粤BM13M7,114.016602,22.6353,15
粤BM13M7,114.015701,22.6357,16
粤BM13M7,114.016899,22.635,17
粤BM13M7,114.017998,22.634199,17
粤BM13M7,114.017998,22.634199,17
粤BM13M7,114.018097,22.634199,18
粤BM13M7,114.018799,22.6336,18
粤BM13M7,114.018799,22.6336,20
粤BM13M7,114.021797,22.630699,21
粤BM13M7,114.0214,22.631201,21
粤BM13M7,114.027397,22.6234,24
粤BM13M7,114.027496,22.6234,25
粤BM13M7,114.033699,22.625,27
粤BM13M7,114.034599,22.6243,27
粤BM13M7,114.036903,22.6175,28
粤BM13M7,114.036201,22.6192,28
粤BM13M7,114.036903,22.6175,29
粤BM13M7,114.040703,22.6096,31
粤BM13M7,114.040802,22.608601,31
粤BM13M7,114.040703,22.608999,31
粤BM13M7,114.041603,22.6078,32
粤BM13M7,114.042603,22.606501,32
粤BM13M7,114.049599,22.5902,34
粤BM13M7,114.054802,22.5812,35
粤BM13M7,114.051903,22.5882,35
粤BM13M7,114.067703,22.559401,38
粤BM13M7,114.067703,22.558399,39
粤BM13M7,114.067703,22.558399,39
粤BM13M7,114.069298,22.558001,39
粤BM13M7,114.072098,22.558001,40
粤BM13M7,114.081398,22.552299,42
粤BM13M7,114.081398,22.554199,42
粤BM13M7,114.081398,22.5541,42
粤BM13M7,114.081497,22.552,43
粤BM13M7,114.081497,22.552,43
粤BM13M7,114.081299,22.5492,45
粤BM13M7,114.082901,22.549101,45
粤BM13M7,114.081299,22.5492,45
粤BM13M7,114.081299,22.5492,46
粤BM13M7,114.081299,22.5492,46
粤BM13M7,114.081299,22.5492,46
粤BM13M7,114.075996,22.5457,48
粤BM13M7,114.075996,22.5473,48
粤BM13M7,114.076103,22.5441,49
粤BM13M7,114.076103,22.543301,49
粤BM13M7,114.076103,22.543301,50
粤BM13M7,114.081703,22.538,51
粤BM13M7,114.083199,22.537201,52
粤BM13M7,114.0811,22.536501,52
粤BM13M7,114.087097,22.537399,52
粤BM13M7,114.090599,22.538,53
粤BM13M7,114.090103,22.5378,53
粤BM13M7,114.090797,22.538,55
粤BM13M7,114.090797,22.538,55
粤BM13M7,114.091698,22.538099,56
粤BM13M7,114.091797,22.538099,56
粤BM13M7,114.091698,22.538099,56
粤BM13M7,114.092102,22.538099,57
粤BM13M7,114.092796,22.538099,59
粤BM13M7,114.093399,22.538099,60
粤BM13M7,114.093201,22.538099,60
粤BM13M7,114.093597,22.538099,61
粤BM13M7,114.093597,22.538099,61
粤BM13M7,114.100502,22.538099,64
粤BM13M7,114.104202,22.537901,64
粤BM13M7,114.111198,22.537901,65
粤BM13M7,114.130997,22.544901,67
粤BM13M7,114.128098,22.543301,67
粤BM13M7,114.1362,22.545799,68
粤BM13M7,114.137001,22.546801,69
粤BM13M7,114.139397,22.5473,70
粤BM13M7,114.141701,22.549999,71
粤BM13M7,114.140198,22.5474,71
粤BM13M7,114.141701,22.549999,72
粤BM13M7,114.142998,22.550301,72
粤BM13M7,114.143898,22.555099,73
粤BM13M7,114.149597,22.556,74
粤BM13M7,114.152901,22.5574,74
粤BM13M7,114.1595,22.561899,75
粤BM13M7,114.155998,22.559799,75
粤BM13M7,114.163597,22.5627,75
粤BM13M7,114.183502,22.556299,77
粤BM13M7,114.188599,22.555901,78
粤BM13M7,114.185501,22.556,78
粤BM13M7,114.193199,22.556601,79
粤BM13M7,114.193199,22.556601,81
粤BM13M7,114.193199,22.556601,81
粤BM13M7,114.218803,22.5569,82
粤BM13M7,114.220497,22.555401,82
粤BM13M7,114.216797,22.5571,82
粤BM13M7,114.223099,22.552999,84
粤BM13M7,114.223602,22.552401,84
粤BM13M7,114.223099,22.552999,84
粤BM13M7,114.221199,22.5548,85
粤BM13M7,114.214996,22.557199,87
粤BM13M7,114.214996,22.557199,88
粤BM13M7,114.214996,22.557199,88
粤BM13M7,114.214996,22.557199,88
粤BM13M7,114.214996,22.557199,89
粤BM13M7,114.192299,22.556299,89
粤BM13M7,114.214996,22.557199,89
粤BM13M7,114.214996,22.557199,89
粤BM13M7,114.186897,22.556,91
粤BM13M7,114.186897,22.556,91
粤BM13M7,114.182701,22.556601,91
粤BM13M7,114.186897,22.556,91
粤BM13M7,114.18,22.558399,92
粤BM13M7,114.176804,22.5609,92
粤BM13M7,114.1782,22.5599,92
粤BM13M7,114.171997,22.563101,93
粤BM13M7,114.1745,22.562401,93
粤BM13M7,114.166603,22.564199,94
粤BM13M7,114.164497,22.565399,95
粤BM13M7,114.164703,22.5644,95
粤BM13M7,114.1651,22.5669,96
粤BM13M7,114.163597,22.5667,96
粤BM13M7,114.163399,22.5667,98
粤BM13M7,114.1632,22.5667,98
粤BM13M7,114.162201,22.5655,99
粤BM13M7,114.1633,22.565901,99
粤BM13M7,114.161301,22.5646,99
粤BM13M7,114.1595,22.564199,100
粤BM13M7,114.157402,22.564199,100
粤BM13M7,114.142899,22.5557,102
粤BM13M7,114.134003,22.557199,103
粤BM13M7,114.135002,22.558599,103
粤BM13M7,114.1362,22.5574,103
粤BM13M7,114.129303,22.550699,106
粤BM13M7,114.128899,22.5506,106
粤BM13M7,114.126198,22.548,107
粤BM13M7,114.125801,22.547199,109
粤BM13M7,114.126198,22.548,109
粤BM13M7,114.1259,22.544901,109
粤BM13M7,114.125504,22.5429,110
粤BM13M7,114.1259,22.542999,110
粤BM13M7,114.125504,22.5429,110
粤BM13M7,114.125504,22.5429,111
粤BM13M7,114.125504,22.5429,113
粤BM13M7,114.125504,22.5429,113
粤BM13M7,114.125504,22.5429,113
粤BM13M7,114.125504,22.5429,114
粤BM13M7,114.125198,22.542801,116
粤BM13M7,114.125198,22.542801,117
粤BM13M7,114.125198,22.542801,117
粤BM13M7,114.125198,22.542801,118
粤BM13M7,114.125198,22.542801,118
粤BM13M7,114.125198,22.542801,120
粤BM13M7,114.125198,22.542801,120
粤BM13M7,114.125198,22.542801,121
粤BM13M7,114.125198,22.542801,124
粤BM13M7,114.125198,22.542801,124
粤BM13M7,114.125198,22.542801,125
粤BM13M7,114.125198,22.542801,125
粤BM13M7,114.125198,22.542801,127
粤BM13M7,114.125198,22.542801,127
粤BM13M7,114.125702,22.542801,128
粤BM13M7,114.126099,22.5422,128
粤BM13M7,114.129898,22.544201,129
粤BM13M7,114.143402,22.5555,131
粤BM13M7,114.150002,22.556101,131
粤BM13M7,114.158501,22.561501,132
粤BM13M7,114.153297,22.5576,132
粤BM13M7,114.1791,22.5581,135
粤BM13M7,114.178703,22.5588,135
粤BM13M7,114.179298,22.557699,136
粤BM13M7,114.181,22.556499,137
粤BM13M7,114.181602,22.5567,138
粤BM13M7,114.181602,22.5567,139
粤BM13M7,114.181602,22.5567,139
粤BM13M7,114.181602,22.5567,139
粤BM13M7,114.181602,22.5567,140
粤BM13M7,114.181602,22.5567,140
粤BM13M7,114.181602,22.5567,142
粤BM13M7,114.181602,22.5567,143
粤BM13M7,114.181602,22.5567,143
粤BM13M7,114.181602,22.5567,143
粤BM13M7,114.181602,22.5567,144
粤BM13M7,114.181602,22.5567,144
粤BM13M7,114.181602,22.5567,144
粤BM13M7,114.181602,22.5567,147
粤BM13M7,114.181602,22.5567,147
粤BM13M7,114.181602,22.5567,148
粤BM13M7,114.181602,22.5567,148
粤BM13M7,114.181602,22.5567,150
粤BM13M7,114.181602,22.5567,150
粤BM13M7,114.181602,22.5567,151
粤BM13M7,114.181602,22.5567,151
粤BM13M7,114.181602,22.5567,151
粤BM13M7,114.181602,22.5567,152
粤BM13M7,114.181602,22.5567,155
粤BM13M7,114.181602,22.5567,155
粤BM13M7,114.181602,22.5567,155
粤BM13M7,114.181602,22.5567,157
粤BM13M7,114.181602,22.5567,158
粤BM13M7,114.181602,22.5567,158
粤BM13M7,114.181602,22.5567,162
粤BM13M7,114.181602,22.5567,162
粤BM13M7,114.181602,22.5567,163
粤BM13M7,114.181602,22.5567,163
粤BM13M7,114.181602,22.5567,166
粤BM13M7,114.181602,22.5567,166
粤BM13M7,114.181602,22.5567,166
粤BM13M7,114.181602,22.5567,167
粤BM13M7,114.181602,22.5567,169
粤BM13M7,114.181602,22.5567,169
粤BM13M7,114.181602,22.5567,169
粤BM13M7,114.181602,22.5567,170
粤BM13M7,114.181602,22.5567,170
粤BM13M7,114.181602,22.5567,174
粤BM13M7,114.181602,22.5567,174
粤BM13M7,114.181602,22.5567,176
粤BM13M7,114.181602,22.5567,177
粤BM13M7,114.181602,22.5567,177
粤BM13M7,114.181602,22.5567,177
粤BM13M7,114.181602,22.5567,178
粤BM13M7,114.181602,22.5567,178
粤BM13M7,114.181602,22.5567,181
粤BM13M7,114.181602,22.5567,181
粤BM13M7,114.181602,22.5567,191
粤BM13M7,114.181602,22.5567,192
粤BM13M7,114.181602,22.5567,192
粤BM13M7,114.181602,22.5567,193
粤BM13M7,114.181602,22.5567,193
粤BM13M7,114.181602,22.5567,195
粤BM13M7,114.181602,22.5567,195
粤BM13M7,114.181602,22.5567,195
粤BM13M7,114.181602,22.5567,196
粤BM13M7,114.181602,22.5567,198
粤BM13M7,114.181602,22.5567,199
粤BM13M7,114.181602,22.5567,199
粤BM13M7,114.181602,22.5567,200
粤BM13M7,114.181602,22.5567,200
粤BM13M7,114.181602,22.5567,200
粤BM13M7,114.181602,22.5567,202
粤BM13M7,114.181602,22.5567,203
粤BM13M7,114.181602,22.5567,203
粤BM13M7,114.181602,22.5567,204
粤BM13M7,114.181602,22.5567,204
粤BM13M7,114.181602,22.5567,206
粤BM13M7,114.181602,22.5567,206
粤BM13M7,114.181602,22.5567,207
粤BM13M7,114.181602,22.5567,207
粤BM13M7,114.181602,22.5567,207
粤BM13M7,114.181602,22.5567,208
粤BM13M7,114.181602,22.5567,210
粤BM13M7,114.181602,22.5567,211
粤BM13M7,114.181602,22.5567,211
粤BM13M7,114.181602,22.5567,212
粤BM13M7,114.181602,22.5567,214
粤BM13M7,114.181602,22.5567,214
粤BM13M7,114.181602,22.5567,215
粤BM13M7,114.181602,22.5567,217
粤BM13M7,114.181602,22.5567,218
粤BM13M7,114.181602,22.5567,218
粤BM13M7,114.181602,22.5567,218
粤BM13M7,114.181602,22.5567,219
粤BM13M7,114.181602,22.5567,219
粤BM13M7,114.181602,22.5567,222
粤BM13M7,114.181602,22.5567,222
粤BM13M7,114.181602,22.5567,223
粤BM13M7,114.181602,22.5567,225
粤BM13M7,114.181602,22.5567,225
粤BM13M7,114.181602,22.5567,226
粤BM13M7,114.181602,22.5567,227
粤BM13M7,114.181602,22.5567,229
粤BM13M7,114.181602,22.5567,230
粤BM13M7,114.181602,22.5567,232
粤BM13M7,114.181602,22.5567,233
粤BM13M7,114.181602,22.5567,233
粤BM13M7,114.181602,22.5567,234
粤BM13M7,114.181602,22.5567,236
粤BM13M7,114.181602,22.5567,237
粤BM13M7,114.181602,22.5567,240
粤BM13M7,114.181602,22.5567,241
粤BM13M7,114.181602,22.5567,241
粤BM13M7,114.181602,22.5567,242
粤BM13M7,114.181602,22.5567,244
粤BM13M7,114.181602,22.5567,244
粤BM13M7,114.181602,22.5567,245
粤BM13M7,114.181602,22.5567,245
粤BM13M7,114.181602,22.5567,245
粤BM13M7,114.181602,22.5567,246
粤BM13M7,114.181602,22.5567,247
粤BM13M7,114.181602,22.5567,248
粤BM13M7,114.181602,22.5567,248
粤BM13M7,114.181602,22.5567,248
粤BM13M7,114.181602,22.5567,249
粤BM13M7,114.181602,22.5567,251
粤BM13M7,114.181602,22.5567,251
粤BM13M7,114.181602,22.5567,252
粤BM13M7,114.181602,22.5567,253
粤BM13M7,114.181602,22.5567,255
粤BM13M7,114.181602,22.5567,256
粤BM13M7,114.181602,22.5567,256
粤BM13M7,114.181602,22.5567,256
粤BM13M7,114.181602,22.5567,257
粤BM13M7,114.181602,22.5567,258
粤BM13M7,114.181602,22.5567,259
粤BM13M7,114.181602,22.5567,259
粤BM13M7,114.181602,22.5567,259
粤BM13M7,114.181602,22.5567,260
粤BM13M7,114.181602,22.5567,260
粤BM13M7,114.181602,22.5567,262
粤BM13M7,114.181602,22.5567,263
粤BM13M7,114.181602,22.5567,264
粤BM13M7,114.181602,22.5567,266
粤BM13M7,114.181602,22.5567,266
粤BM13M7,114.181602,22.5567,267
粤BM13M7,114.181602,22.5567,267
粤BM13M7,114.181602,22.5567,268
粤BM13M7,114.181602,22.5567,268
粤BM13M7,114.181602,22.5567,270
粤BM13M7,114.181602,22.5567,270
粤BM13M7,114.181602,22.5567,270
粤BM13M7,114.181602,22.5567,271
粤BM13M7,114.181602,22.5567,272
粤BM13M7,114.181602,22.5567,272
粤BM13M7,114.181602,22.5567,274
粤BM13M7,114.181602,22.5567,274
粤BM13M7,114.181602,22.5567,274
粤BM13M7,114.181602,22.5567,275
粤BM13M7,114.181602,22.5567,275
粤BM13M7,114.181602,22.5567,275
粤BM13M7,114.181602,22.5567,276
粤BM13M7,114.181602,22.5567,278
粤BM13M7,114.181602,22.5567,278
粤BM13M7,114.181602,22.5567,279
粤BM13M7,114.181602,22.5567,279
粤BM13M7,114.181602,22.5567,281
粤BM13M7,114.181602,22.5567,281
粤BM13M7,114.181602,22.5567,282
粤BM13M7,114.181602,22.5567,283
粤BM13M7,114.181602,22.5567,285
粤BM13M7,114.181602,22.5567,286
粤BM13M7,114.181602,22.5567,286
粤BM13M7,114.181602,22.5567,286
粤BM13M7,114.181602,22.5567,287
粤BM13M7,114.181602,22.5567,287
粤BM13M7,114.181602,22.5567,289
粤BM13M7,114.181602,22.5567,289
粤BM13M7,114.181602,22.5567,289
粤BM13M7,114.181602,22.5567,290
粤BM13M7,114.181602,22.5567,293
粤BM13M7,114.181602,22.5567,293
粤BM13M7,114.181602,22.5567,293
粤BM13M7,114.181602,22.5567,294
粤BM13M7,114.181602,22.5567,295
粤BM13M7,114.181602,22.5567,297
粤BM13M7,114.181602,22.5567,297
粤BM13M7,114.181602,22.5567,297
粤BM13M7,114.181602,22.5567,298
粤BM13M7,114.181602,22.5567,298
粤BM13M7,114.181602,22.5567,299
粤BM13M7,114.181602,22.5567,301
粤BM13M7,114.181602,22.5567,301
粤BM13M7,114.181602,22.5567,302
粤BM13M7,114.181602,22.5567,302
粤BM13M7,114.181602,22.5567,305
粤BM13M7,114.181602,22.5567,306
粤BM13M7,114.181602,22.5567,306
粤BM13M7,114.181602,22.5567,306
粤BM13M7,114.181602,22.5567,307
粤BM13M7,114.181602,22.5567,309
粤BM13M7,114.181602,22.5567,309
粤BM13M7,114.181602,22.5567,310
粤BM13M7,114.181602,22.5567,310
粤BM13M7,114.181602,22.5567,311
粤BM13M7,114.181602,22.5567,312
粤BM13M7,114.181602,22.5567,313
粤BM13M7,114.181602,22.5567,313
粤BM13M7,114.181602,22.5567,314
粤BM13M7,114.181602,22.5567,314
粤BM13M7,114.181602,22.5567,316
粤BM13M7,114.181602,22.5567,316
粤BM13M7,114.181602,22.5567,317
粤BM13M7,114.181602,22.5567,317
粤BM13M7,114.181602,22.5567,317
粤BM13M7,114.181602,22.5567,318
粤BM13M7,114.181602,22.5567,319
粤BM13M7,114.181602,22.5567,320
粤BM13M7,114.181602,22.5567,320
粤BM13M7,114.181602,22.5567,321
粤BM13M7,114.181602,22.5567,323
粤BM13M7,114.181602,22.5567,324
粤BM13M7,114.181602,22.5567,324
粤BM13M7,114.181602,22.5567,325
粤BM13M7,114.181602,22.5567,325
粤BM13M7,114.181602,22.5567,325
粤BM13M7,114.181602,22.5567,327
粤BM13M7,114.181602,22.5567,327
粤BM13M7,114.181602,22.5567,328
粤BM13M7,114.181602,22.5567,329
粤BM13M7,114.181602,22.5567,331
粤BM13M7,114.181602,22.5567,332
粤BM13M7,114.181602,22.5567,332
粤BM13M7,114.181602,22.5567,332
粤BM13M7,114.181602,22.5567,334
粤BM13M7,114.181602,22.5567,335
粤BM13M7,114.181602,22.5567,335
粤BM13M7,114.181602,22.5567,335
粤BM13M7,114.181602,22.5567,336
粤BM13M7,114.181602,22.5567,336
粤BM13M7,114.181602,22.5567,337
粤BM13M7,114.181602,22.5567,339
粤BM13M7,114.181602,22.5567,339
粤BM13M7,114.181602,22.5567,339
粤BM13M7,114.181602,22.5567,340
粤BM13M7,114.181602,22.5567,340
粤BM13M7,114.181602,22.5567,340
粤BM13M7,114.181602,22.5567,341
粤BM13M7,114.181602,22.5567,342
粤BM13M7,114.181602,22.5567,343
粤BM13M7,114.181602,22.5567,343
粤BM13M7,114.181602,22.5567,343
粤BM13M7,114.181602,22.5567,344
粤BM13M7,114.181602,22.5567,344
粤BM13M7,114.181602,22.5567,346
粤BM13M7,114.181602,22.5567,347
粤BM13M7,114.181602,22.5567,347
粤BM13M7,114.181602,22.5567,347
粤BM13M7,114.181602,22.5567,348
粤BM13M7,114.181602,22.5567,348
粤BM13M7,114.181602,22.5567,350
粤BM13M7,114.181602,22.5567,352
粤BM13M7,114.181602,22.5567,352
粤BM13M7,114.181602,22.5567,352
粤BM13M7,114.181602,22.5567,354
粤BM13M7,114.181602,22.5567,354
粤BM13M7,114.181602,22.5567,355
粤BM13M7,114.181602,22.5567,355
粤BM13M7,114.181602,22.5567,355
粤BM13M7,114.181602,22.5567,356
粤BM13M7,114.181602,22.5567,356
粤BM13M7,114.181602,22.5567,358
粤BM13M7,114.181602,22.5567,359
粤BM13M7,114.181602,22.5567,359
粤BM13M7,114.181602,22.5567,359
粤BM13M7,114.181602,22.5567,360
粤BM13M7,114.181602,22.5567,360
粤BM13M7,114.181602,22.5567,360
粤BM13M7,114.181602,22.5567,362
粤BM13M7,114.181602,22.5567,363
粤BM13M7,114.181602,22.5567,364
粤BM13M7,114.181602,22.5567,364
粤BM13M7,114.181602,22.5567,364
粤BM13M7,114.181602,22.5567,366
粤BM13M7,114.181602,22.5567,366
粤BM13M7,114.181602,22.5567,367
粤BM13M7,114.181602,22.5567,367
粤BM13M7,114.181602,22.5567,368
粤BM13M7,114.181602,22.5567,368
粤BM13M7,114.181602,22.5567,370
粤BM13M7,114.181602,22.5567,370
粤BM13M7,114.181602,22.5567,370
粤BM13M7,114.181602,22.5567,371
粤BM13M7,114.181602,22.5567,371
粤BM13M7,114.181602,22.5567,372
粤BM13M7,114.181602,22.5567,374
粤BM13M7,114.181602,22.5567,375
粤BM13M7,114.181602,22.5567,375
粤BM13M7,114.181602,22.5567,376
粤BM13M7,114.181602,22.5567,378
粤BM13M7,114.181602,22.5567,378
粤BM13M7,114.181602,22.5567,379
粤BM13M7,114.181602,22.5567,379
粤BM13M7,114.181602,22.5567,379
粤BM13M7,114.181602,22.5567,380
粤BM13M7,114.181602,22.5567,381
粤BM13M7,114.181602,22.5567,382
粤BM13M7,114.181602,22.5567,382
粤BM13M7,114.181602,22.5567,383
粤BM13M7,114.181602,22.5567,386
粤BM13M7,114.181602,22.5567,387
粤BM13M7,114.181602,22.5567,387
粤BM13M7,114.181602,22.5567,389
粤BM13M7,114.181602,22.5567,389
粤BM13M7,114.181602,22.5567,390
粤BM13M7,114.181602,22.5567,390
粤BM13M7,114.181602,22.5567,391
粤BM13M7,114.181602,22.5567,391
粤BM13M7,114.181602,22.5567,393
粤BM13M7,114.181602,22.5567,393
粤BM13M7,114.181602,22.5567,394
粤BM13M7,114.181602,22.5567,394
粤BM13M7,114.181602,22.5567,394
粤BM13M7,114.181602,22.5567,396
粤BM13M7,114.181602,22.5567,397
粤BM13M7,114.181602,22.5567,397
粤BM13M7,114.181602,22.5567,398
粤BM13M7,114.181602,22.5567,398
粤BM13M7,114.181602,22.5567,398
粤BM13M7,114.181602,22.5567,401
粤BM13M7,114.181602,22.5567,401
粤BM13M7,114.181602,22.5567,402
粤BM13M7,114.181602,22.5567,402
粤BM13M7,114.181602,22.5567,402
粤BM13M7,114.181602,22.5567,404
粤BM13M7,114.181602,22.5567,404
粤BM13M7,114.181602,22.5567,405
粤BM13M7,114.181602,22.5567,405
粤BM13M7,114.181602,22.5567,406
粤BM13M7,114.181602,22.5567,408
粤BM13M7,114.181602,22.5567,408
粤BM13M7,114.181602,22.5567,409
粤BM13M7,114.181602,22.5567,409
粤BM13M7,114.181602,22.5567,412
粤BM13M7,114.181602,22.5567,413
粤BM13M7,114.181602,22.5567,413
粤BM13M7,114.181602,22.5567,414
粤BM13M7,114.181602,22.5567,416
粤BM13M7,114.181602,22.5567,416
粤BM13M7,114.181602,22.5567,417
粤BM13M7,114.181602,22.5567,418
粤BM13M7,114.181602,22.5567,420
粤BM13M7,114.181602,22.5567,421
粤BM13M7,114.181602,22.5567,421
粤BM13M7,114.181602,22.5567,421
粤BM13M7,114.181602,22.5567,424
粤BM13M7,114.181602,22.5567,424
粤BM13M7,114.181602,22.5567,425
粤BM13M7,114.181602,22.5567,425
粤BM13M7,114.181602,22.5567,427
粤BM13M7,114.181602,22.5567,428
粤BM13M7,114.181602,22.5567,428
粤BM13M7,114.181602,22.5567,429
粤BM13M7,114.181602,22.5567,431
粤BM13M7,114.181602,22.5567,433
粤BM13M7,114.181602,22.5567,433
粤BM13M7,114.181602,22.5567,435
粤BM13M7,114.181602,22.5567,435
粤BM13M7,114.181602,22.5567,435
粤BM13M7,114.181602,22.5567,436
粤BM13M7,114.181602,22.5567,437
粤BM13M7,114.181602,22.5567,438
粤BM13M7,114.181602,22.5567,439
粤BM13M7,114.181602,22.5567,439
粤BM13M7,114.181602,22.5567,440
粤BM13M7,114.181602,22.5567,440
粤BM13M7,114.181602,22.5567,440
粤BM13M7,114.184196,22.555599,442
粤BM13M7,114.183403,22.5567,442
粤BM13M7,114.1791,22.559299,443
粤BM13M7,114.181099,22.5576,443
粤BM13M7,114.177902,22.5602,443
粤BM13M7,114.1772,22.5606,444
粤BM13M7,114.164497,22.563101,446
粤BM13M7,114.164497,22.563101,446
粤BM13M7,114.164497,22.563101,446
粤BM13M7,114.164497,22.563101,447
粤BM13M7,114.164497,22.563101,447
粤BM13M7,114.164497,22.563101,448
粤BM13M7,114.164497,22.563101,449
粤BM13M7,114.164497,22.563101,449
粤BM13M7,114.160301,22.5625,450
粤BM13M7,114.157799,22.561399,451
粤BM13M7,114.157501,22.561199,451
粤BM13M7,114.147797,22.5557,453
粤BM13M7,114.151001,22.556499,453
粤BM13M7,114.1446,22.5555,454
粤BM13M7,114.140503,22.5567,454
粤BM13M7,114.135498,22.5488,456
粤BM13M7,114.135902,22.549299,456
粤BM13M7,114.1334,22.546301,457
粤BM13M7,114.134201,22.547001,457
粤BM13M7,114.132301,22.545601,458
粤BM13M7,114.131401,22.545099,458
粤BM13M7,114.124603,22.541599,460
粤BM13M7,114.123299,22.540701,461
粤BM13M7,114.123596,22.540899,461
粤BM13M7,114.120499,22.5389,462
粤BM13M7,114.122101,22.5399,462
粤BM13M7,114.103996,22.538099,464
粤BM13M7,114.100899,22.5383,464
粤BM13M7,114.1064,22.537001,464
粤BM13M7,114.094398,22.5382,465
粤BM13M7,114.090797,22.5382,465
粤BM13M7,114.097397,22.5382,465
粤BM13M7,114.087997,22.537701,466
粤BM13M7,114.082497,22.5376,467
粤BM13M7,114.084801,22.540701,469
粤BM13M7,114.089203,22.541401,471
粤BM13M7,114.091103,22.5415,471
粤BM13M7,114.0952,22.540501,473
粤BM13M7,114.0952,22.540501,473
粤BM13M7,114.096802,22.5401,474
粤BM13M7,114.097603,22.540199,475
粤BM13M7,114.098602,22.540199,475
粤BM13M7,114.099503,22.5401,475
粤BM13M7,114.098297,22.5383,476
粤BM13M7,114.099503,22.538601,476
粤BM13M7,114.076599,22.5319,479
粤BM13M7,114.068497,22.531799,480
粤BM13M7,114.063202,22.5317,480
粤BM13M7,114.042,22.531099,482
粤BM13M7,113.997002,22.5291,486
粤BM13M7,114.003403,22.5301,486
粤BM13M7,113.987,22.524,487
粤BM13M7,113.993599,22.527201,487
粤BM13M7,113.990097,22.525299,487
粤BM13M7,113.9617,22.5228,490
粤BM13M7,113.945602,22.524401,491
粤BM13M7,113.941597,22.5245,491
粤BM13M7,113.924698,22.5263,493
粤BM13M7,113.9245,22.5284,494
粤BM13M7,113.9244,22.529499,495
粤BM13M7,113.9245,22.5299,495
粤BM13M7,113.927002,22.5352,497
粤BM13M7,113.924301,22.5294,498
粤BM13M7,113.924599,22.5259,498
粤BM13M7,113.924202,22.523701,499
粤BM13M7,113.924301,22.524099,499
粤BM13M7,113.9226,22.5198,502
粤BM13M7,113.922897,22.5205,502
粤BM13M7,113.9226,22.5198,503
粤BM13M7,113.922302,22.5189,504
粤BM13M7,113.920998,22.5137,505
粤BM13M7,113.921997,22.517,505
粤BM13M7,113.919899,22.5147,506
粤BM13M7,113.920898,22.5138,506
粤BM13M7,113.918602,22.5156,507
粤BM13M7,113.917801,22.5163,507
粤BM13M7,113.9151,22.517401,508
粤BM13M7,113.916702,22.516899,508
粤BM13M7,113.918297,22.5252,511
粤BM13M7,113.917198,22.520901,511
粤BM13M7,113.918602,22.526501,512
粤BM13M7,113.918602,22.526699,512
粤BM13M7,113.918602,22.526699,513
粤BM13M7,113.919098,22.528601,514
粤BM13M7,113.919197,22.5289,515
粤BM13M7,113.919197,22.5289,515
粤BM13M7,113.919197,22.5292,516
粤BM13M7,113.919197,22.5289,516
粤BM13M7,113.9198,22.5317,518
粤BM13M7,113.919998,22.533701,519
粤BM13M7,113.920197,22.5352,519
粤BM13M7,113.922302,22.5354,519
粤BM13M7,113.922501,22.5354,520
粤BM13M7,113.924797,22.535299,521
粤BM13M7,113.925499,22.5354,522
粤BM13M7,113.924797,22.535299,522
粤BM13M7,113.924797,22.535299,522
粤BM13M7,113.925598,22.5355,522
粤BM13M7,113.926598,22.5354,523
粤BM13M7,113.933899,22.5425,525
粤BM13M7,113.930199,22.5425,525
粤BM13M7,113.939598,22.5427,526
粤BM13M7,113.942001,22.542801,526
粤BM13M7,113.956703,22.543301,528
粤BM13M7,113.956001,22.543301,528
粤BM13M7,113.956902,22.543301,529
粤BM13M7,113.956902,22.543301,529
粤BM13M7,113.958099,22.543301,530
粤BM13M7,113.956902,22.543301,530
粤BM13M7,113.959,22.5432,532
粤BM13M7,113.959,22.5432,532
粤BM13M7,113.962097,22.5424,533
粤BM13M7,113.964798,22.541401,534
粤BM13M7,113.9842,22.5362,536
粤BM13M7,113.981796,22.5362,536
粤BM13M7,113.992104,22.5385,544
粤BM13M7,113.983597,22.5294,547
粤BM13M7,113.990997,22.5305,550
粤BM13M7,113.990196,22.530399,550
粤BM13M7,113.991501,22.5306,551
粤BM13M7,113.9935,22.525,553
粤BM13M7,114.0214,22.529699,557
粤BM13M7,114.0214,22.529699,557
粤BM13M7,113.991501,22.5306,557
粤BM13M7,114.021301,22.530199,557
粤BM13M7,114.020897,22.531099,558
粤BM13M7,114.021103,22.5303,558
粤BM13M7,114.039398,22.5306,561
粤BM13M7,114.036598,22.530399,561
粤BM13M7,114.041901,22.530899,561
粤BM13M7,114.044601,22.5312,562
粤BM13M7,114.0466,22.542299,564
粤BM13M7,114.048798,22.5424,565
粤BM13M7,114.0578,22.5413,566
粤BM13M7,114.056602,22.542299,566
粤BM13M7,114.057999,22.539801,568
粤BM13M7,114.058098,22.542801,569
粤BM13M7,114.057999,22.539801,569
粤BM13M7,114.058403,22.5455,570
粤BM13M7,114.060097,22.5455,572
粤BM13M7,114.062698,22.539801,573
粤BM13M7,114.062698,22.5408,573
粤BM13M7,114.062698,22.5436,573
粤BM13M7,114.062897,22.5375,575
粤BM13M7,114.062897,22.538,575
粤BM13M7,114.063004,22.5357,576
粤BM13M7,114.063004,22.5354,576
粤BM13M7,114.063004,22.529699,577
粤BM13M7,114.063004,22.5322,577
粤BM13M7,114.058601,22.5308,579
粤BM13M7,114.058601,22.5308,580
粤BM13M7,114.072098,22.5292,583
粤BM13M7,114.071899,22.530399,583
粤BM13M7,114.071404,22.531601,583
粤BM13M7,114.0718,22.528099,584
粤BM13M7,114.071701,22.527901,584
粤BM13M7,114.072098,22.528799,584
粤BM13M7,114.071701,22.527901,586
粤BM13M7,114.071701,22.527901,586
粤BM13M7,114.071701,22.527901,587
粤BM13M7,114.071701,22.527901,588
粤BM13M7,114.071602,22.527399,590
粤BM13M7,114.071701,22.527901,590
粤BM13M7,114.071297,22.5268,590
粤BM13M7,114.071098,22.526199,591
粤BM13M7,114.070702,22.5261,591
粤BM13M7,114.071404,22.538601,594
粤BM13M7,114.071404,22.538601,594
粤BM13M7,114.073402,22.539301,595
粤BM13M7,114.077698,22.540199,596
粤BM13M7,114.078598,22.5404,597
粤BM13M7,114.078598,22.5404,597
粤BM13M7,114.078796,22.5413,598
粤BM13M7,114.084198,22.5441,601
粤BM13M7,114.084099,22.5448,602
粤BM13M7,114.084099,22.5448,602
粤BM13M7,114.0877,22.545401,604
粤BM13M7,114.090797,22.545401,605
粤BM13M7,114.088799,22.5453,605
粤BM13M7,114.091202,22.5436,606
粤BM13M7,114.091202,22.543501,607
粤BM13M7,114.0952,22.540899,608
粤BM13M7,114.0952,22.542999,608
粤BM13M7,114.094902,22.540199,609
粤BM13M7,114.081802,22.539101,611
粤BM13M7,114.082298,22.5376,611
粤BM13M7,114.081802,22.5399,612
粤BM13M7,114.081802,22.5399,612
粤BM13M7,114.081802,22.5399,613
粤BM13M7,114.081802,22.5399,613
粤BM13M7,114.0783,22.5403,614
粤BM13M7,114.077904,22.540199,615
粤BM13M7,114.074303,22.5397,616
粤BM13M7,114.0746,22.539801,616
粤BM13M7,114.0756,22.5401,616
粤BM13M7,114.073196,22.539301,617
粤BM13M7,114.072502,22.5389,618
粤BM13M7,114.071999,22.5404,618
粤BM13M7,114.074898,22.5429,619
粤BM13M7,114.071999,22.5424,619
粤BM13M7,114.0737,22.5429,619
粤BM13M7,114.082199,22.5431,621
粤BM13M7,114.084099,22.5432,621
粤BM13M7,114.087196,22.5432,622
粤BM13M7,114.085701,22.5432,622
粤BM13M7,114.087196,22.5432,622
粤BM13M7,114.092903,22.543301,624
粤BM13M7,114.097,22.5425,625
粤BM13M7,114.096802,22.5434,625
粤BM13M7,114.104897,22.544399,628
粤BM13M7,114.105698,22.5446,628
粤BM13M7,114.105598,22.5445,628
粤BM13M7,114.107399,22.544901,629
粤BM13M7,114.116798,22.5464,631
粤BM13M7,114.117104,22.546499,631
粤BM13M7,114.120003,22.5476,633
粤BM13M7,114.1222,22.5518,636
粤BM13M7,114.121399,22.5476,638
粤BM13M7,114.1203,22.547001,639
粤BM13M7,114.111702,22.545601,641
粤BM13M7,114.116302,22.5464,641
粤BM13M7,114.108803,22.5473,642
粤BM13M7,114.109596,22.547001,643
粤BM13M7,114.110703,22.539499,644
粤BM13M7,114.111099,22.5357,645
粤BM13M7,114.111,22.5362,645
粤BM13M7,114.110703,22.5383,645
粤BM13M7,114.111099,22.5355,646
粤BM13M7,114.113998,22.531601,647
粤BM13M7,114.113998,22.531601,647
粤BM13M7,114.114998,22.5334,648
粤BM13M7,114.113998,22.531601,648
粤BM13M7,114.105698,22.537201,651
粤BM13M7,114.108704,22.5376,651
粤BM13M7,114.102699,22.5383,652
粤BM13M7,114.099403,22.5382,652
粤BM13M7,114.079803,22.5364,654
粤BM13M7,114.082298,22.537399,654
粤BM13M7,114.072601,22.532,655
粤BM13M7,114.069603,22.532,655
粤BM13M7,114.068298,22.532,656
粤BM13M7,114.068001,22.528799,657
粤BM13M7,114.065804,22.524599,658
粤BM13M7,114.067101,22.522301,658
粤BM13M7,114.067902,22.5212,659
粤BM13M7,114.068199,22.5219,661
粤BM13M7,114.068398,22.5238,662
粤BM13M7,114.068497,22.524099,664
粤BM13M7,114.068497,22.524099,665
粤BM13M7,114.068497,22.524099,665
粤BM13M7,114.068199,22.5243,668
粤BM13M7,114.068199,22.5243,669
粤BM13M7,114.067703,22.5245,670
粤BM13M7,114.067596,22.524099,671
粤BM13M7,114.067596,22.524099,672
粤BM13M7,114.067596,22.524099,672
粤BM13M7,114.067596,22.524099,673
粤BM13M7,114.068001,22.5238,675
粤BM13M7,114.068199,22.5238,675
粤BM13M7,114.067802,22.523899,676
粤BM13M7,114.067802,22.523899,676
粤BM13M7,114.067902,22.523899,676
粤BM13M7,114.068901,22.542601,678
粤BM13M7,114.068001,22.5455,679
粤BM13M7,114.068001,22.5464,679
粤BM13M7,114.067902,22.557699,682
粤BM13M7,114.067902,22.557699,683
粤BM13M7,114.067497,22.5716,685
粤BM13M7,114.067703,22.5679,685
粤BM13M7,114.065598,22.5765,686
粤BM13M7,114.063301,22.5779,686
粤BM13M7,114.0588,22.5807,688
粤BM13M7,114.0588,22.5807,688
粤BM13M7,114.0588,22.5807,688
粤BM13M7,114.046799,22.592199,689
粤BM13M7,114.038902,22.5979,690
粤BM13M7,114.029999,22.6071,692
粤BM13M7,114.029999,22.6071,693
粤BM13M7,114.029999,22.6071,693
粤BM13M7,114.029404,22.6078,693
粤BM13M7,114.027901,22.6124,695
粤BM13M7,114.026901,22.613001,695
粤BM13M7,114.026901,22.613001,696
粤BM13M7,114.026802,22.6129,697
粤BM13M7,114.026802,22.6129,698
粤BM13M7,114.026802,22.6129,699
粤BM13M7,114.026802,22.6129,699
粤BM13M7,114.026802,22.6129,700
粤BM13M7,114.026802,22.6129,700
粤BM13M7,114.026802,22.6129,702
粤BM13M7,114.026802,22.6129,702
粤BM13M7,114.026802,22.6129,702
粤BM13M7,114.026802,22.6129,703
粤BM13M7,114.026802,22.6129,704
粤BM13M7,114.026802,22.6129,705
粤BM13M7,114.026802,22.6129,706
粤BM13M7,114.026802,22.6129,707
粤BM13M7,114.026802,22.6129,707
粤BM13M7,114.026802,22.6129,708
粤BM13M7,114.026802,22.6129,709
粤BM13M7,114.026802,22.6129,709
粤BM13M7,114.026802,22.6129,710
粤BM13M7,114.026802,22.6129,710
粤BM13M7,114.026802,22.6129,712
粤BM13M7,114.026802,22.6129,712
粤BM13M7,114.026802,22.6129,712
粤BM13M7,114.026802,22.6129,712
粤BM13M7,114.026802,22.6129,712
粤BM13M7,114.026802,22.6129,712
粤BM13M7,114.026802,22.6129,713
粤BM13M7,114.026802,22.6129,713
粤BM13M7,114.026802,22.6129,713
粤BM13M7,114.026802,22.6129,713
粤BM13M7,114.027,22.612499,714
粤BM13M7,114.027,22.612499,714
粤BM13M7,114.027,22.612499,715
粤BM13M7,114.027,22.612499,715
粤BM13M7,114.027,22.612499,716
粤BM13M7,114.027,22.612499,716
粤BM13M7,114.027,22.612499,717
粤BM13M7,114.027199,22.6126,719
粤BM13M7,114.027,22.6131,719
粤BM13M7,114.027199,22.6126,719
粤BM13M7,114.027199,22.6126,719
粤BM13M7,114.027199,22.6126,719
粤BM13M7,114.027,22.6131,719
粤BM13M7,114.105698,22.553499,801
粤BM13M7,114.107597,22.549101,802
粤BM13M7,114.1073,22.551399,802
粤BM13M7,114.107498,22.550501,802
粤BM13M7,114.110298,22.542299,804
粤BM13M7,114.110298,22.542299,805
粤BM13M7,114.110298,22.542299,805
粤BM13M7,114.110298,22.542299,805
粤BM13M7,114.112099,22.5371,809
粤BM13M7,114.112099,22.5371,809
粤BM13M7,114.112198,22.5366,810
粤BM13M7,114.112503,22.535801,811
粤BM13M7,114.112701,22.535601,812
粤BM13M7,114.112701,22.535601,812
粤BM13M7,114.112701,22.535601,813
粤BM13M7,114.112701,22.535601,813
粤BM13M7,114.112701,22.535601,813
粤BM13M7,114.114098,22.535299,814
粤BM13M7,114.114098,22.535299,815
粤BM13M7,114.114197,22.535,815
粤BM13M7,114.113503,22.534401,816
粤BM13M7,114.113899,22.5341,816
粤BM13M7,114.113899,22.5341,816
粤BM13M7,114.114098,22.534201,817
粤BM13M7,114.116798,22.5361,818
粤BM13M7,114.120201,22.5385,819
粤BM13M7,114.116997,22.5364,819
粤BM13M7,114.125504,22.542,820
粤BM13M7,114.140297,22.554899,822
粤BM13M7,114.138702,22.552999,822
粤BM13M7,114.145897,22.554899,823
粤BM13M7,114.143898,22.555201,823
粤BM13M7,114.1464,22.555201,824
粤BM13M7,114.146202,22.556101,824
粤BM13M7,114.149002,22.5595,825
粤BM13M7,114.149101,22.559401,825
粤BM13M7,114.147903,22.559401,826
粤BM13M7,114.146599,22.5574,827
粤BM13M7,114.1437,22.5557,828
粤BM13M7,114.138901,22.554199,829
粤BM13M7,114.139297,22.5571,829
粤BM13M7,114.137901,22.552299,830
粤BM13M7,114.121002,22.5471,833
粤BM13M7,114.117203,22.545601,834
粤BM13M7,114.118103,22.5434,834
粤BM13M7,114.118401,22.5431,835
粤BM13M7,114.118401,22.5431,835
粤BM13M7,114.118401,22.5431,835
粤BM13M7,114.137901,22.552,842
粤BM13M7,114.137703,22.566,843
粤BM13M7,114.138496,22.573299,844
粤BM13M7,114.137604,22.569401,844
粤BM13M7,114.137001,22.575899,844
粤BM13M7,114.129799,22.577801,845
粤BM13M7,114.115097,22.580099,847
粤BM13M7,114.115997,22.578501,847
粤BM13M7,114.114601,22.5818,848
粤BM13M7,114.113701,22.583799,848
粤BM13M7,114.112396,22.5858,848
粤BM13M7,114.111198,22.5961,850
粤BM13M7,114.111198,22.5961,850
粤BM13M7,114.111702,22.596901,851
粤BM13M7,114.111298,22.5963,851
粤BM13M7,114.113899,22.596399,852
粤BM13M7,114.1194,22.5965,853
粤BM13M7,114.1203,22.5965,854
粤BM13M7,114.120102,22.5963,854
粤BM13M7,114.120003,22.596399,855
粤BM13M7,114.120003,22.596399,855
粤BM13M7,114.120003,22.596399,855
粤BM13M7,114.116997,22.5889,858
粤BM13M7,114.116096,22.5886,859
粤BM13M7,114.115898,22.5886,859
粤BM13M7,114.115799,22.5886,859
粤BM13M7,114.114197,22.587799,861
粤BM13M7,114.114799,22.5881,861
粤BM13M7,114.114601,22.586901,862
粤BM13M7,114.112,22.5847,864
粤BM13M7,114.113899,22.583,865
粤BM13M7,114.114799,22.580099,866
粤BM13M7,114.117104,22.5763,867
粤BM13M7,114.116203,22.575701,867
粤BM13M7,114.128304,22.577499,868
粤BM13M7,114.124199,22.576599,868
粤BM13M7,114.122002,22.576401,868
粤BM13M7,114.131699,22.577499,869
粤BM13M7,114.140297,22.562901,870
粤BM13M7,114.1399,22.555901,872
粤BM13M7,114.142502,22.555599,872
粤BM13M7,114.145401,22.555401,872
粤BM13M7,114.157997,22.561001,874
粤BM13M7,114.1586,22.5606,876
粤BM13M7,114.158501,22.5604,876
粤BM13M7,114.157402,22.564899,878
粤BM13M7,114.157501,22.5632,878
粤BM13M7,114.1605,22.57,879
粤BM13M7,114.162598,22.570299,880
粤BM13M7,114.163803,22.5711,881
粤BM13M7,114.162804,22.5704,882
粤BM13M7,114.163803,22.5711,882
粤BM13M7,114.161301,22.566999,883
粤BM13M7,114.162102,22.564301,885
粤BM13M7,114.1614,22.564501,885
粤BM13M7,114.1623,22.564301,886
粤BM13M7,114.161598,22.564301,886
粤BM13M7,114.162201,22.564301,886
粤BM13M7,114.161598,22.564301,886
粤BM13M7,114.159599,22.564301,887
粤BM13M7,114.163696,22.571199,889
粤BM13M7,114.163803,22.5711,889
粤BM13M7,114.162598,22.5704,890
粤BM13M7,114.163696,22.5711,890
粤BM13M7,114.1614,22.5646,892
粤BM13M7,114.1642,22.564301,893
粤BM13M7,114.1642,22.564301,893
粤BM13M7,114.1642,22.564301,893
粤BM13M7,114.165901,22.563101,895
粤BM13M7,114.164497,22.563101,896
粤BM13M7,114.164497,22.563101,896
粤BM13M7,114.164497,22.563101,897
粤BM13M7,114.164497,22.563101,897
粤BM13M7,114.164497,22.563101,897
粤BM13M7,114.1558,22.559999,899
粤BM13M7,114.158096,22.5616,899
粤BM13M7,114.119499,22.547001,911
粤BM13M7,114.117798,22.5467,911
粤BM13M7,114.1175,22.548201,913
粤BM13M7,114.1175,22.548201,913
粤BM13M7,114.118103,22.548,914
粤BM13M7,114.117798,22.5481,914
粤BM13M7,114.118896,22.547899,915
粤BM13M7,114.121597,22.548,916
粤BM13M7,114.122704,22.548401,917
粤BM13M7,114.122498,22.5483,917
粤BM13M7,114.123001,22.5481,918
粤BM13M7,114.117798,22.5466,920
粤BM13M7,114.116096,22.5464,922
粤BM13M7,114.110497,22.5469,925
粤BM13M7,114.1092,22.547501,926
粤BM13M7,114.1092,22.547501,928
粤BM13M7,114.1092,22.547501,928
粤BM13M7,114.109596,22.5471,929
粤BM13M7,114.108902,22.547199,929
粤BM13M7,114.110298,22.5427,930
粤BM13M7,114.110199,22.542999,930
粤BM13M7,114.110802,22.5376,932
粤BM13M7,114.110703,22.5389,932
粤BM13M7,114.111,22.5362,933
粤BM13M7,114.122803,22.5403,936
粤BM13M7,114.120201,22.5385,936
粤BM13M7,114.125801,22.5422,937
粤BM13M7,114.137299,22.5508,938
粤BM13M7,114.139,22.553301,939
粤BM13M7,114.137299,22.5509,939
粤BM13M7,114.138199,22.5522,939
粤BM13M7,114.139,22.5534,940
粤BM13M7,114.139099,22.5536,940
粤BM13M7,114.139099,22.5536,940
粤BM13M7,114.130898,22.544901,942
粤BM13M7,114.125099,22.542,942
粤BM13M7,114.128304,22.543501,942
粤BM13M7,114.120201,22.538799,943
粤BM13M7,114.122902,22.540501,943
粤BM13M7,114.120201,22.538799,944
粤BM13M7,114.113899,22.537001,946
粤BM13M7,114.115303,22.535101,946
粤BM13M7,114.1138,22.539301,947
粤BM13M7,114.113602,22.5396,948
粤BM13M7,114.113701,22.539,949
粤BM13M7,114.114502,22.5385,950
粤BM13M7,114.118103,22.539801,950
粤BM13M7,114.114601,22.5385,950
粤BM13M7,114.114601,22.5385,950
粤BM13M7,114.118103,22.539801,951
粤BM13M7,114.107903,22.537399,952
粤BM13M7,114.101097,22.538401,953
粤BM13M7,114.104202,22.538401,953
粤BM13M7,114.096603,22.5383,954
粤BM13M7,114.095299,22.538601,954
粤BM13M7,114.0923,22.541599,956
粤BM13M7,114.092102,22.541599,956
粤BM13M7,114.0942,22.541599,956
粤BM13M7,114.092102,22.541599,957
粤BM13M7,114.091103,22.5415,958
粤BM13M7,114.0905,22.541599,958
粤BM13M7,114.0858,22.5376,961
粤BM13M7,114.0811,22.5373,963
粤BM13M7,114.079399,22.535999,964
粤BM13M7,114.077904,22.5334,964
粤BM13M7,114.078499,22.534599,964
粤BM13M7,114.075897,22.532,965
粤BM13M7,114.074898,22.532,965
粤BM13M7,114.074898,22.532,971
粤BM13M7,114.044296,22.5256,988
粤BM13M7,114.042099,22.5219,989
粤BM13M7,114.041496,22.520901,990
粤BM13M7,114.042099,22.5219,990
粤BM13M7,114.040604,22.519199,990
粤BM13M7,114.039597,22.5177,991
粤BM13M7,114.024902,22.523001,993
粤BM13M7,114.024902,22.523001,994
粤BM13M7,114.022003,22.5247,995
粤BM13M7,114.019096,22.5264,995
粤BM13M7,114.018097,22.531401,996
粤BM13M7,114.022598,22.531799,997
粤BM13M7,114.024101,22.5313,997
粤BM13M7,114.025703,22.530399,998
粤BM13M7,114.026001,22.530001,998
粤BM13M7,114.0261,22.5298,998
粤BM13M7,114.0261,22.5298,999
粤BM13M7,114.030502,22.5273,1000
粤BM13M7,114.032303,22.5263,1000
粤BM13M7,114.028801,22.528099,1000
粤BM13M7,114.032402,22.526199,1001
粤BM13M7,114.032402,22.526199,1001
粤BM13M7,114.034698,22.525,1002
粤BM13M7,114.033302,22.525801,1002
粤BM13M7,114.0364,22.524099,1003
粤BM13M7,114.036903,22.5238,1004
粤BM13M7,114.036903,22.5238,1004
粤BM13M7,114.038696,22.5228,1005
粤BM13M7,114.040802,22.521601,1005
粤BM13M7,114.049202,22.518299,1007
粤BM13M7,114.051102,22.5191,1008
粤BM13M7,114.051804,22.5257,1008
粤BM13M7,114.051399,22.523001,1008
粤BM13M7,114.059601,22.5268,1011
粤BM13M7,114.059601,22.5261,1012
粤BM13M7,114.059303,22.5273,1012
粤BM13M7,114.059998,22.524401,1013
粤BM13M7,114.060699,22.521601,1014
粤BM13M7,114.058899,22.5205,1016
粤BM13M7,114.058899,22.520901,1016
粤BM13M7,114.058403,22.521,1018
粤BM13M7,114.075996,22.534401,1028
粤BM13M7,114.0755,22.534201,1028
粤BM13M7,114.076202,22.5347,1029
粤BM13M7,114.077599,22.5385,1031
粤BM13M7,114.077599,22.538799,1031
粤BM13M7,114.0783,22.5387,1032
粤BM13M7,114.078201,22.5387,1032
粤BM13M7,114.0802,22.5389,1033
粤BM13M7,114.081497,22.5389,1033
粤BM13M7,114.0895,22.5375,1035
粤BM13M7,114.097603,22.537901,1036
粤BM13M7,114.098396,22.538,1036
粤BM13M7,114.0998,22.539499,1038
粤BM13M7,114.099701,22.5387,1038
粤BM13M7,114.0998,22.5397,1038
粤BM13M7,114.0998,22.5404,1039
粤BM13M7,114.0998,22.5397,1039
粤BM13M7,114.0998,22.540701,1039
粤BM13M7,114.099998,22.541201,1040
粤BM13M7,114.100899,22.5411,1040
粤BM13M7,114.101898,22.5411,1041
粤BM13M7,114.101898,22.5411,1042
粤BM13M7,114.101898,22.5411,1042
粤BM13M7,114.104401,22.540501,1043
粤BM13M7,114.106796,22.5413,1044
粤BM13M7,114.1092,22.541599,1045
粤BM13M7,114.109901,22.5417,1046
粤BM13M7,114.1092,22.541599,1046
粤BM13M7,114.111198,22.5418,1047
粤BM13M7,114.112503,22.535801,1048
粤BM13M7,114.114197,22.535999,1049
粤BM13M7,114.113998,22.5373,1049
粤BM13M7,114.113899,22.538099,1049
粤BM13M7,114.114601,22.5385,1050
粤BM13M7,114.115196,22.538401,1050
粤BM13M7,114.119904,22.5411,1051
粤BM13M7,114.120102,22.5413,1052
粤BM13M7,114.121597,22.5439,1053
粤BM13M7,114.120903,22.542801,1053
粤BM13M7,114.1259,22.544701,1056
粤BM13M7,114.1259,22.5425,1056
粤BM13M7,114.126801,22.5425,1057
粤BM13M7,114.126404,22.542299,1057
粤BM13M7,114.128899,22.543501,1058
粤BM13M7,114.129601,22.5474,1059
粤BM13M7,114.129601,22.547899,1060
粤BM13M7,114.130699,22.548599,1060
粤BM13M7,114.1427,22.5502,1064
粤BM13M7,114.141296,22.549999,1064
粤BM13M7,114.143997,22.5504,1065
粤BM13M7,114.1427,22.5502,1065
粤BM13M7,114.146797,22.555401,1068
粤BM13M7,114.154602,22.558701,1069
粤BM13M7,114.1633,22.5627,1070
粤BM13M7,114.177101,22.5604,1072
粤BM13M7,114.179398,22.5576,1073
粤BM13M7,114.181503,22.556601,1076
粤BM13M7,114.181503,22.556601,1078
粤BM13M7,114.181503,22.556601,1078
粤BM13M7,114.181503,22.556601,1079
粤BM13M7,114.181503,22.556601,1080
粤BM13M7,114.181503,22.556601,1080
粤BM13M7,114.181503,22.556601,1081
粤BM13M7,114.181503,22.556601,1081
粤BM13M7,114.181503,22.556601,1083
粤BM13M7,114.181503,22.556601,1084
粤BM13M7,114.181503,22.556601,1084
粤BM13M7,114.181503,22.556601,1084
粤BM13M7,114.181503,22.556601,1085
粤BM13M7,114.181503,22.556601,1085
粤BM13M7,114.181503,22.556601,1087
粤BM13M7,114.181503,22.556601,1087
粤BM13M7,114.181503,22.556601,1087
粤BM13M7,114.181503,22.556601,1088
粤BM13M7,114.181503,22.556601,1088
粤BM13M7,114.181503,22.556601,1088
粤BM13M7,114.181503,22.556601,1091
粤BM13M7,114.181503,22.556601,1092
粤BM13M7,114.181503,22.556601,1092
粤BM13M7,114.181503,22.556601,1094
粤BM13M7,114.181503,22.556601,1094
粤BM13M7,114.181503,22.556601,1094
粤BM13M7,114.181503,22.556601,1095
粤BM13M7,114.181503,22.556601,1096
粤BM13M7,114.181503,22.556601,1097
粤BM13M7,114.181503,22.556601,1098
粤BM13M7,114.181503,22.556601,1098
粤BM13M7,114.181503,22.556601,1098
粤BM13M7,114.181503,22.556601,1099
粤BM13M7,114.181503,22.556601,1100
粤BM13M7,114.181503,22.556601,1101
粤BM13M7,114.181503,22.556601,1101
粤BM13M7,114.181503,22.556601,1102
粤BM13M7,114.181503,22.556601,1102
粤BM13M7,114.181503,22.556601,1102
粤BM13M7,114.181503,22.556601,1104
粤BM13M7,114.181503,22.556601,1104
粤BM13M7,114.181503,22.556601,1105
粤BM13M7,114.181503,22.556601,1105
粤BM13M7,114.181503,22.556601,1105
粤BM13M7,114.181503,22.556601,1106
粤BM13M7,114.181503,22.556601,1107
粤BM13M7,114.181503,22.556601,1108
粤BM13M7,114.181503,22.556601,1108
粤BM13M7,114.181503,22.556601,1109
粤BM13M7,114.181503,22.556601,1109
粤BM13M7,114.181503,22.556601,1111
粤BM13M7,114.181503,22.556601,1111
粤BM13M7,114.181503,22.556601,1112
粤BM13M7,114.181503,22.556601,1112
粤BM13M7,114.181503,22.556601,1113
粤BM13M7,114.181503,22.556601,1114
粤BM13M7,114.181503,22.556601,1115
粤BM13M7,114.182602,22.556499,1118
粤BM13M7,114.182198,22.5569,1119
粤BM13M7,114.178902,22.559401,1120
粤BM13M7,114.180298,22.558201,1120
粤BM13M7,114.177803,22.5602,1121
粤BM13M7,114.171997,22.563101,1122
粤BM13M7,114.1698,22.563101,1123
粤BM13M7,114.164902,22.564301,1126
粤BM13M7,114.162903,22.5644,1126
粤BM13M7,114.164398,22.564301,1126
粤BM13M7,114.161697,22.564199,1127
粤BM13M7,114.157402,22.5641,1128
粤BM13M7,114.1558,22.5599,1129
粤BM13M7,114.157303,22.5627,1129
粤BM13M7,114.157303,22.5611,1129
粤BM13M7,114.150597,22.556299,1130
粤BM13M7,114.152802,22.557501,1130
粤BM13M7,114.135803,22.5578,1132
粤BM13M7,114.134697,22.5583,1133
粤BM13M7,114.130501,22.554399,1135
粤BM13M7,114.130402,22.553101,1136
粤BM13M7,114.130302,22.5536,1136
粤BM13M7,114.125801,22.5485,1141
粤BM13M7,114.124603,22.547701,1142
粤BM13M7,114.118401,22.542999,1146
粤BM13M7,114.117798,22.5439,1146
粤BM13M7,114.1185,22.5422,1146
粤BM13M7,114.117798,22.541599,1147
粤BM13M7,114.116699,22.5413,1147
粤BM13M7,114.115898,22.5394,1149
粤BM13M7,114.1157,22.5394,1150
粤BM13M7,114.113701,22.5406,1151
粤BM13M7,114.113701,22.5397,1151
粤BM13M7,114.113701,22.545,1154
粤BM13M7,114.113701,22.545,1154
粤BM13M7,114.113701,22.545,1154
粤BM13M7,114.113701,22.545,1155
粤BM13M7,114.113701,22.545,1155
粤BM13M7,114.106499,22.5448,1157
粤BM13M7,114.0998,22.543699,1158
粤BM13M7,114.104797,22.5445,1158
粤BM13M7,114.099602,22.5453,1159
粤BM13M7,114.099503,22.552401,1161
粤BM13M7,114.099403,22.5543,1162
粤BM13M7,114.099403,22.554199,1162
粤BM13M7,114.099403,22.5543,1162
粤BM13M7,114.099403,22.5548,1163
粤BM13M7,114.098999,22.5616,1165
粤BM13M7,114.099297,22.5611,1165
粤BM13M7,114.0952,22.561501,1166
粤BM13M7,114.096001,22.561501,1166
粤BM13M7,114.0952,22.561501,1167
粤BM13M7,114.094803,22.559799,1170
粤BM13M7,114.096901,22.5599,1172
粤BM13M7,114.0961,22.5599,1172
粤BM13M7,114.099297,22.5616,1174
粤BM13M7,114.099297,22.563499,1174
粤BM13M7,114.099297,22.563999,1175
粤BM13M7,114.099098,22.576401,1177
粤BM13M7,114.098999,22.577299,1178
粤BM13M7,114.098602,22.5751,1178
粤BM13M7,114.098503,22.573601,1179
粤BM13M7,114.098503,22.573601,1179
粤BM13M7,114.098503,22.573601,1179
粤BM13M7,114.099098,22.566999,1181
粤BM13M7,114.095398,22.566299,1182
粤BM13M7,114.094398,22.566099,1183
粤BM13M7,114.094398,22.566099,1183
粤BM13M7,114.094597,22.561899,1184
粤BM13M7,114.094597,22.559099,1186
粤BM13M7,114.093597,22.5585,1186
粤BM13M7,114.098602,22.558399,1190
粤BM13M7,114.099297,22.5555,1190
粤BM13M7,114.099297,22.5555,1191
粤BM13M7,114.099297,22.5555,1191
粤BM13M7,114.099297,22.5553,1192
粤BM13M7,114.099503,22.5478,1193
粤BM13M7,114.099503,22.5478,1194
粤BM13M7,114.1008,22.543501,1197
粤BM13M7,114.105301,22.544399,1198
粤BM13M7,114.105301,22.544399,1198
粤BM13M7,114.105499,22.5445,1199
粤BM13M7,114.118103,22.5434,1202
粤BM13M7,114.118698,22.5404,1203
粤BM13M7,114.117897,22.5413,1204
粤BM13M7,114.117104,22.541401,1204
粤BM13M7,114.1166,22.540001,1206
粤BM13M7,114.115799,22.539301,1206
粤BM13M7,114.114403,22.539,1206
粤BM13M7,114.113701,22.5404,1207
粤BM13M7,114.1138,22.539101,1207
粤BM13M7,114.113602,22.542101,1209
粤BM13M7,114.113602,22.542101,1209
粤BM13M7,114.113701,22.541401,1209
粤BM13M7,114.113602,22.542101,1210
粤BM13M7,114.113602,22.542101,1210
粤BM13M7,114.1157,22.543699,1212
粤BM13M7,114.115898,22.5431,1212
粤BM13M7,114.117302,22.5431,1213
粤BM13M7,114.115898,22.542801,1213
粤BM13M7,114.117798,22.543501,1214
粤BM13M7,114.118797,22.544201,1215
粤BM13M7,114.120201,22.5445,1217
粤BM13M7,114.121201,22.543301,1221
粤BM13M7,114.121002,22.5436,1221
粤BM13M7,114.1203,22.5418,1221
粤BM13M7,114.121002,22.5392,1222
粤BM13M7,114.1213,22.5399,1222
粤BM13M7,114.117599,22.5369,1224
粤BM13M7,114.116798,22.536301,1225
粤BM13M7,114.116203,22.5357,1225
粤BM13M7,114.116798,22.536301,1225
粤BM13M7,114.1147,22.5347,1226
粤BM13M7,114.114098,22.5345,1228
粤BM13M7,114.114098,22.5345,1228
粤BM13M7,114.114098,22.5345,1229
粤BM13M7,114.114098,22.5345,1230
粤BM13M7,114.114098,22.5345,1231
粤BM13M7,114.114098,22.5345,1231
粤BM13M7,114.114098,22.5345,1231
粤BM13M7,114.114098,22.5345,1231
粤BM13M7,114.114098,22.5345,1231
粤BM13M7,114.114098,22.5345,1231
粤BM13M7,114.1166,22.535999,1232
粤BM13M7,114.114098,22.5345,1232
粤BM13M7,114.118401,22.5376,1234
粤BM13M7,114.116898,22.536501,1235
粤BM13M7,114.115196,22.535101,1235
粤BM13M7,114.114899,22.535,1236
粤BM13M7,114.115196,22.535101,1236
粤BM13M7,114.116302,22.539101,1238
粤BM13M7,114.117104,22.539499,1239
粤BM13M7,114.121101,22.5431,1241
粤BM13M7,114.121803,22.544201,1242
粤BM13M7,114.121201,22.543301,1242
粤BM13M7,114.121201,22.543301,1242
粤BM13M7,114.121803,22.5445,1243
粤BM13M7,114.121399,22.543699,1243
粤BM13M7,114.1213,22.5436,1243
粤BM13M7,114.119102,22.540501,1245
粤BM13M7,114.119499,22.5408,1245
粤BM13M7,114.118202,22.540199,1246
粤BM13M7,114.116699,22.5396,1246
粤BM13M7,114.1138,22.539301,1248
粤BM13M7,114.113602,22.541901,1250
粤BM13M7,114.125397,22.5478,1253
粤BM13M7,114.124802,22.547701,1253
粤BM13M7,114.125999,22.5481,1255
粤BM13M7,114.127701,22.5502,1256
粤BM13M7,114.127197,22.549999,1256
粤BM13M7,114.129204,22.5508,1257
粤BM13M7,114.128502,22.5504,1257
粤BM13M7,114.126999,22.549801,1260
粤BM13M7,114.125801,22.5487,1261
粤BM13M7,114.125801,22.5487,1262
粤BM13M7,114.123802,22.546301,1263
粤BM13M7,114.123901,22.5452,1264
粤BM13M7,114.122498,22.545099,1264
粤BM13M7,114.121101,22.5436,1265
粤BM13M7,114.1185,22.5439,1267
粤BM13M7,114.1185,22.5439,1267
粤BM13M7,114.1185,22.5439,1268
粤BM13M7,114.1185,22.5439,1269
粤BM13M7,114.119102,22.540501,1271
粤BM13M7,114.119102,22.540501,1272
粤BM13M7,114.101303,22.5382,1274
粤BM13M7,114.098,22.5382,1274
粤BM13M7,114.095001,22.538099,1275
粤BM13M7,114.088203,22.5376,1275
粤BM13M7,114.091698,22.5382,1275
粤BM13M7,114.081001,22.5371,1276
粤BM13M7,114.064903,22.5317,1278
粤BM13M7,114.057297,22.531601,1279
粤BM13M7,114.044601,22.537901,1281
粤BM13M7,114.047501,22.539499,1282
粤BM13M7,114.045097,22.5394,1282
粤BM13M7,114.045502,22.5394,1282
粤BM13M7,114.047699,22.539499,1283
粤BM13M7,114.049202,22.539801,1284
粤BM13M7,114.052597,22.539499,1285
粤BM13M7,114.052696,22.539499,1286
粤BM13M7,114.053398,22.5376,1287
粤BM13M7,114.057503,22.537399,1288
粤BM13M7,114.055199,22.537399,1288
粤BM13M7,114.057999,22.5357,1289
粤BM13M7,114.057999,22.5357,1289
粤BM13M7,114.057999,22.5357,1289
粤BM13M7,114.063698,22.5315,1291
粤BM13M7,114.07,22.5317,1291
粤BM13M7,114.076401,22.531799,1292
粤BM13M7,114.078003,22.533001,1292
粤BM13M7,114.079002,22.535,1293
粤BM13M7,114.098396,22.538,1295
粤BM13M7,114.1017,22.538,1295
粤BM13M7,114.1007,22.5385,1296
粤BM13M7,114.099701,22.5392,1296
粤BM13M7,114.099701,22.5408,1298
粤BM13M7,114.099701,22.5408,1298
粤BM13M7,114.099701,22.5408,1299
粤BM13M7,114.099701,22.5408,1299
粤BM13M7,114.099701,22.5418,1300
粤BM13M7,114.1017,22.548,1302
粤BM13M7,114.102203,22.5481,1303
粤BM13M7,114.099701,22.5408,1307
粤BM13M7,114.1017,22.548,1308
粤BM13M7,114.102402,22.5443,1309
粤BM13M7,114.099503,22.5431,1310
粤BM13M7,114.100601,22.5436,1310
粤BM13M7,114.102203,22.5481,1310
粤BM13M7,114.099701,22.538799,1311
粤BM13M7,114.099602,22.5406,1311
粤BM13M7,114.0784,22.534,1314
粤BM13M7,114.072899,22.531799,1315
粤BM13M7,114.045403,22.531601,1317
粤BM13M7,114.047997,22.531601,1317
粤BM13M7,114.044701,22.529699,1318
粤BM13M7,114.044403,22.531799,1318
粤BM13M7,114.043404,22.5315,1318
粤BM13M7,114.046204,22.5257,1325
粤BM13M7,114.046799,22.5257,1325
粤BM13M7,114.0448,22.525999,1326
粤BM13M7,114.044998,22.528299,1326
粤BM13M7,114.044701,22.5333,1327
粤BM13M7,114.051003,22.5373,1330
粤BM13M7,114.049301,22.5373,1330
粤BM13M7,114.054497,22.537399,1331
粤BM13M7,114.053299,22.5373,1331
粤BM13M7,114.0597,22.5336,1334
粤BM13M7,114.059303,22.534599,1335
粤BM13M7,114.058098,22.5341,1337
粤BM13M7,114.056,22.5317,1338
粤BM13M7,114.053299,22.5317,1338
粤BM13M7,114.051399,22.5317,1338
粤BM13M7,114.0466,22.531601,1339
粤BM13M7,114.044502,22.5408,1340
粤BM13M7,114.044296,22.5469,1341
粤BM13M7,114.044296,22.5497,1341
粤BM13M7,114.042503,22.552099,1342
粤BM13M7,114.043503,22.5506,1342
粤BM13M7,114.042503,22.550699,1342
粤BM13M7,114.043602,22.555401,1344
粤BM13M7,114.043503,22.555799,1344
粤BM13M7,114.043602,22.554001,1345
粤BM13M7,114.041,22.555599,1346
粤BM13M7,114.043503,22.5567,1347
粤BM13M7,114.043503,22.5567,1348
粤BM13M7,114.043503,22.5567,1348
粤BM13M7,114.041702,22.560699,1349
粤BM13M7,114.043503,22.5567,1349
粤BM13M7,114.040001,22.5637,1350
粤BM13M7,114.033699,22.567101,1351
粤BM13M7,114.032997,22.565599,1352
粤BM13M7,114.032997,22.565399,1353
粤BM13M7,114.032997,22.565599,1353
粤BM13M7,113.9981,22.555799,1359
粤BM13M7,113.9944,22.556801,1359
粤BM13M7,113.982803,22.560699,1360
粤BM13M7,113.960503,22.570499,1364
粤BM13M7,113.9571,22.571199,1365
粤BM13M7,113.955704,22.571301,1365
粤BM13M7,113.955399,22.5709,1366
粤BM13M7,113.955399,22.5711,1366
粤BM13M7,113.956497,22.570999,1368
粤BM13M7,113.956497,22.570999,1368
粤BM13M7,113.956497,22.570999,1369
粤BM13M7,113.956497,22.570999,1369
粤BM13M7,113.967796,22.568001,1372
粤BM13M7,113.965103,22.5693,1372
粤BM13M7,113.969704,22.5669,1373
粤BM13M7,113.9823,22.5641,1376
粤BM13M7,113.979599,22.564899,1377
粤BM13M7,113.9823,22.5641,1377
粤BM13M7,113.981697,22.564301,1377
粤BM13M7,113.978996,22.5639,1378
粤BM13M7,113.981903,22.552601,1381
粤BM13M7,113.983101,22.5564,1381
粤BM13M7,113.980598,22.551201,1381
粤BM13M7,113.979897,22.550301,1382
粤BM13M7,113.986099,22.5434,1384
粤BM13M7,113.986603,22.541599,1384
粤BM13M7,113.984596,22.545,1384
粤BM13M7,113.9925,22.535801,1386
粤BM13M7,113.9925,22.535801,1387
粤BM13M7,113.993301,22.531401,1388
粤BM13M7,113.993301,22.531401,1388
粤BM13M7,113.997498,22.5348,1390
粤BM13M7,113.999901,22.535299,1390
粤BM13M7,113.999901,22.535299,1390
粤BM13M7,114.0047,22.5361,1391
粤BM13M7,114.001801,22.535601,1391
粤BM13M7,114.007599,22.536501,1391
粤BM13M7,114.0186,22.538401,1394
粤BM13M7,114.021301,22.5389,1394
粤BM13M7,114.0243,22.5394,1394
粤BM13M7,114.027901,22.5401,1395
粤BM13M7,114.0308,22.5406,1395
粤BM13M7,114.044197,22.540199,1397
粤BM13M7,114.044403,22.5369,1397
粤BM13M7,114.044899,22.5277,1398
粤BM13M7,114.044701,22.5296,1398
粤BM13M7,114.044899,22.527599,1399
粤BM13M7,114.044899,22.527599,1399
粤BM13M7,114.045403,22.5256,1400
粤BM13M7,114.046402,22.5257,1401
粤BM13M7,114.048302,22.525801,1401
粤BM13M7,114.0466,22.5257,1401
粤BM13M7,114.051201,22.525801,1402
粤BM13M7,114.051201,22.525801,1402
粤BM13M7,114.051102,22.535299,1405
粤BM13M7,114.055496,22.537399,1406
粤BM13M7,114.055801,22.539499,1410
粤BM13M7,114.056,22.5378,1411
粤BM13M7,114.056,22.5378,1411
粤BM13M7,114.056396,22.537399,1412
粤BM13M7,114.063004,22.538099,1414
粤BM13M7,114.062897,22.5406,1415
粤BM13M7,114.062798,22.544399,1415
粤BM13M7,114.0625,22.5508,1416
粤BM13M7,114.062798,22.5494,1416
粤BM13M7,114.062599,22.561001,1418
粤BM13M7,114.062798,22.563801,1418
粤BM13M7,114.061897,22.570499,1419
粤BM13M7,114.055801,22.579599,1422
粤BM13M7,114.0532,22.5858,1422
粤BM13M7,114.047302,22.5944,1423
粤BM13M7,114.048897,22.591499,1423
粤BM13M7,114.046097,22.5973,1424
粤BM13M7,114.041801,22.6036,1425
粤BM13M7,114.039001,22.607,1426
粤BM13M7,114.040703,22.6049,1426
粤BM13M7,114.038803,22.607201,1427
粤BM13M7,114.038803,22.607201,1427
粤BM13M7,114.0364,22.604799,1429
粤BM13M7,114.0383,22.603399,1429
粤BM13M7,114.036499,22.6047,1429
粤BM13M7,114.040001,22.6047,1430
粤BM13M7,114.041496,22.603701,1430
粤BM13M7,114.041801,22.6033,1430
粤BM13M7,114.0466,22.5952,1433
粤BM13M7,114.047997,22.592899,1433
粤BM13M7,114.051903,22.5881,1434
