粤B0MX29,114.244148,22.698183,12
粤B0MX29,114.244148,22.698183,23
粤B0MX29,114.244148,22.698183,33
粤B0MX29,114.244148,22.698183,44
粤B0MX29,114.244148,22.698183,55
粤B0MX29,114.244148,22.698183,65
粤B0MX29,114.244148,22.698183,76
粤B0MX29,114.244148,22.698183,86
粤B0MX29,114.244148,22.698183,97
粤B0MX29,114.244148,22.698183,107
粤B0MX29,114.244148,22.698183,118
粤B0MX29,114.244148,22.698183,129
粤B0MX29,114.244148,22.698183,139
粤B0MX29,114.244148,22.698183,150
粤B0MX29,114.244148,22.698183,160
粤B0MX29,114.244148,22.698183,171
粤B0MX29,114.244148,22.698183,193
粤B0MX29,114.244148,22.698183,203
粤B0MX29,114.244148,22.698183,214
粤B0MX29,114.244148,22.698183,225
粤B0MX29,114.244148,22.698183,235
粤B0MX29,114.244148,22.698183,246
粤B0MX29,114.244148,22.698183,256
粤B0MX29,114.244148,22.698183,267
粤B0MX29,114.244148,22.698183,277
粤B0MX29,114.244148,22.698183,288
粤B0MX29,114.244148,22.698183,299
粤B0MX29,114.244148,22.698183,309
粤B0MX29,114.244148,22.698183,320
粤B0MX29,114.244148,22.698183,330
粤B0MX29,114.244148,22.698183,341
粤B0MX29,114.244148,22.698183,352
粤B0MX29,114.244148,22.698183,362
粤B0MX29,114.244148,22.698183,373
粤B0MX29,114.244148,22.698183,383
粤B0MX29,114.244148,22.698183,394
粤B0MX29,114.244148,22.698183,404
粤B0MX29,114.244148,22.698183,415
粤B0MX29,114.244148,22.698183,426
粤B0MX29,114.244148,22.698183,436
粤B0MX29,114.244148,22.698183,447
粤B0MX29,114.244148,22.698183,457
粤B0MX29,114.244148,22.698183,468
粤B0MX29,114.244148,22.698183,479
粤B0MX29,114.244148,22.698183,489
粤B0MX29,114.244148,22.698183,500
粤B0MX29,114.244148,22.698183,510
粤B0MX29,114.244148,22.698183,521
粤B0MX29,114.244148,22.698183,531
粤B0MX29,114.244148,22.698183,553
粤B0MX29,114.244148,22.698183,563
粤B0MX29,114.244148,22.698183,574
粤B0MX29,114.244148,22.698183,584
粤B0MX29,114.244148,22.698183,595
粤B0MX29,114.244148,22.698183,606
粤B0MX29,114.244148,22.698183,616
粤B0MX29,114.244148,22.698183,627
粤B0MX29,114.244148,22.698183,637
粤B0MX29,114.244148,22.698183,648
粤B0MX29,114.244148,22.698183,658
粤B0MX29,114.244148,22.698183,669
粤B0MX29,114.244148,22.698183,680
粤B0MX29,114.244148,22.698183,690
粤B0MX29,114.244148,22.698183,701
粤B0MX29,114.244148,22.698183,711
粤B0MX29,114.244148,22.698183,722
粤B0MX29,114.244148,22.698183,733
粤B0MX29,114.244148,22.698183,743
粤B0MX29,114.244148,22.698183,754
粤B0MX29,114.244148,22.698183,764
粤B0MX29,114.244148,22.698183,775
粤B0MX29,114.244148,22.698183,785
粤B0MX29,114.244148,22.698183,796
粤B0MX29,114.244148,22.698183,807
粤B0MX29,114.244148,22.698183,817
粤B0MX29,114.244148,22.698183,828
粤B0MX29,114.244148,22.698183,849
粤B0MX29,114.244148,22.698183,860
粤B0MX29,114.244148,22.698183,870
粤B0MX29,114.244148,22.698183,881
粤B0MX29,114.244148,22.698183,891
粤B0MX29,114.244148,22.698183,912
粤B0MX29,114.244148,22.698183,923
粤B0MX29,114.244148,22.698183,934
粤B0MX29,114.244148,22.698183,944
粤B0MX29,114.244148,22.698183,955
粤B0MX29,114.244148,22.698183,965
粤B0MX29,114.244148,22.698183,976
粤B0MX29,114.244148,22.698183,987
粤B0MX29,114.244148,22.698183,997
粤B0MX29,114.244148,22.698183,1008
粤B0MX29,114.244148,22.698183,1018
粤B0MX29,114.244148,22.698183,1029
粤B0MX29,114.244148,22.698183,1039
粤B0MX29,114.244148,22.698183,1050
粤B0MX29,114.244148,22.698183,1061
粤B0MX29,114.244148,22.698183,1071
粤B0MX29,114.244148,22.698183,1082
粤B0MX29,114.244148,22.698183,1092
粤B0MX29,114.244148,22.698183,1103
粤B0MX29,114.244148,22.698183,1114
粤B0MX29,114.244148,22.698183,1124
粤B0MX29,114.244148,22.698183,1135
粤B0MX29,114.244148,22.698183,1145
粤B0MX29,114.244148,22.698183,1156
粤B0MX29,114.244148,22.698183,1166
粤B0MX29,114.244148,22.698183,1177
粤B0MX29,114.244148,22.698183,1188
粤B0MX29,114.244148,22.698183,1198
粤B0MX29,114.244148,22.698183,1209
粤B0MX29,114.244148,22.698183,1219
粤B0MX29,114.244148,22.698183,1230
粤B0MX29,114.244148,22.698183,1241
粤B0MX29,114.244148,22.698183,1251
粤B0MX29,114.244148,22.698183,1262
粤B0MX29,114.244148,22.698183,1272
粤B0MX29,114.244148,22.698183,1283
粤B0MX29,114.244148,22.698183,1293
粤B0MX29,114.244148,22.698183,1304
粤B0MX29,114.244148,22.698183,1315
粤B0MX29,114.244148,22.698183,1325
粤B0MX29,114.244148,22.698183,1336
粤B0MX29,114.244148,22.698183,1346
粤B0MX29,114.244148,22.698183,1357
粤B0MX29,114.244148,22.698183,1367
粤B0MX29,114.244148,22.698183,1378
粤B0MX29,114.244148,22.698183,1389
粤B0MX29,114.244148,22.698183,1399
粤B0MX29,114.244148,22.698183,1410
粤B0MX29,114.244148,22.698183,1420
粤B0MX29,114.244148,22.698183,1431
