粤B7WS38,114.117966,22.621599,12
粤B7WS38,114.117966,22.621599,23
粤B7WS38,114.117966,22.621599,33
粤B7WS38,114.117966,22.621599,44
粤B7WS38,114.117966,22.621599,55
粤B7WS38,114.117966,22.621599,65
粤B7WS38,114.117966,22.621599,76
粤B7WS38,114.117966,22.621599,86
粤B7WS38,114.117966,22.621599,97
粤B7WS38,114.117966,22.621599,107
粤B7WS38,114.117966,22.621599,118
粤B7WS38,114.117966,22.621599,129
粤B7WS38,114.117966,22.621599,139
粤B7WS38,114.117966,22.621599,150
粤B7WS38,114.117966,22.621599,160
粤B7WS38,114.117966,22.621599,171
粤B7WS38,114.117966,22.621599,193
粤B7WS38,114.117966,22.621599,203
粤B7WS38,114.117966,22.621599,214
粤B7WS38,114.117966,22.621599,225
粤B7WS38,114.117966,22.621599,235
粤B7WS38,114.117966,22.621599,246
粤B7WS38,114.117966,22.621599,256
粤B7WS38,114.117966,22.621599,267
粤B7WS38,114.117966,22.621599,277
粤B7WS38,114.117966,22.621599,288
粤B7WS38,114.117966,22.621599,299
粤B7WS38,114.117966,22.621599,309
粤B7WS38,114.117966,22.621599,320
粤B7WS38,114.117966,22.621599,330
粤B7WS38,114.117966,22.621599,341
粤B7WS38,114.117966,22.621599,352
粤B7WS38,114.117966,22.621599,362
粤B7WS38,114.117966,22.621599,373
粤B7WS38,114.117966,22.621599,383
粤B7WS38,114.117966,22.621599,394
粤B7WS38,114.117966,22.621599,404
粤B7WS38,114.117966,22.621599,415
粤B7WS38,114.117966,22.621599,426
粤B7WS38,114.117966,22.621599,436
粤B7WS38,114.117966,22.621599,447
粤B7WS38,114.117966,22.621599,457
粤B7WS38,114.117966,22.621599,468
粤B7WS38,114.117966,22.621599,479
粤B7WS38,114.117966,22.621599,489
粤B7WS38,114.117966,22.621599,500
粤B7WS38,114.117966,22.621599,510
粤B7WS38,114.117966,22.621599,521
粤B7WS38,114.117966,22.621599,531
粤B7WS38,114.117966,22.621599,553
粤B7WS38,114.117966,22.621599,563
粤B7WS38,114.117966,22.621599,574
粤B7WS38,114.117966,22.621599,584
粤B7WS38,114.117966,22.621599,595
粤B7WS38,114.117966,22.621599,606
粤B7WS38,114.117966,22.621599,616
粤B7WS38,114.117966,22.621599,627
粤B7WS38,114.117966,22.621599,637
粤B7WS38,114.117966,22.621599,648
粤B7WS38,114.117966,22.621599,658
粤B7WS38,114.117966,22.621599,669
粤B7WS38,114.117966,22.621599,680
粤B7WS38,114.117966,22.621599,690
粤B7WS38,114.117966,22.621599,701
粤B7WS38,114.117966,22.621599,711
粤B7WS38,114.117966,22.621599,722
粤B7WS38,114.117966,22.621599,733
粤B7WS38,114.117966,22.621599,743
粤B7WS38,114.117966,22.621599,754
粤B7WS38,114.117966,22.621599,764
粤B7WS38,114.117966,22.621599,775
粤B7WS38,114.117966,22.621599,785
粤B7WS38,114.117966,22.621599,796
粤B7WS38,114.117966,22.621599,807
粤B7WS38,114.117966,22.621599,817
粤B7WS38,114.117966,22.621599,828
粤B7WS38,114.117966,22.621599,849
粤B7WS38,114.117966,22.621599,860
粤B7WS38,114.117966,22.621599,870
粤B7WS38,114.117966,22.621599,881
粤B7WS38,114.117966,22.621599,891
粤B7WS38,114.117966,22.621599,912
粤B7WS38,114.117966,22.621599,923
粤B7WS38,114.117966,22.621599,934
粤B7WS38,114.117966,22.621599,944
粤B7WS38,114.117966,22.621599,955
粤B7WS38,114.117966,22.621599,965
粤B7WS38,114.117966,22.621599,976
粤B7WS38,114.117966,22.621599,987
粤B7WS38,114.117966,22.621599,997
粤B7WS38,114.117966,22.621599,1008
粤B7WS38,114.117966,22.621599,1018
粤B7WS38,114.117966,22.621599,1029
粤B7WS38,114.117966,22.621599,1039
粤B7WS38,114.117966,22.621599,1050
粤B7WS38,114.117966,22.621599,1061
粤B7WS38,114.117966,22.621599,1071
粤B7WS38,114.117966,22.621599,1082
粤B7WS38,114.117966,22.621599,1092
粤B7WS38,114.117966,22.621599,1103
粤B7WS38,114.117966,22.621599,1114
粤B7WS38,114.117966,22.621599,1124
粤B7WS38,114.117966,22.621599,1135
粤B7WS38,114.117966,22.621599,1145
粤B7WS38,114.117966,22.621599,1156
粤B7WS38,114.117966,22.621599,1166
粤B7WS38,114.117966,22.621599,1177
粤B7WS38,114.117966,22.621599,1188
粤B7WS38,114.117966,22.621599,1198
粤B7WS38,114.117966,22.621599,1209
粤B7WS38,114.117966,22.621599,1219
粤B7WS38,114.117966,22.621599,1230
粤B7WS38,114.117966,22.621599,1241
粤B7WS38,114.117966,22.621599,1251
粤B7WS38,114.117966,22.621599,1262
粤B7WS38,114.117966,22.621599,1272
粤B7WS38,114.117966,22.621599,1283
粤B7WS38,114.117966,22.621599,1293
粤B7WS38,114.117966,22.621599,1304
粤B7WS38,114.117966,22.621599,1315
粤B7WS38,114.117966,22.621599,1325
粤B7WS38,114.117966,22.621599,1336
粤B7WS38,114.117966,22.621599,1346
粤B7WS38,114.117966,22.621599,1357
粤B7WS38,114.117966,22.621599,1367
粤B7WS38,114.117966,22.621599,1378
粤B7WS38,114.117966,22.621599,1389
粤B7WS38,114.117966,22.621599,1399
粤B7WS38,114.117966,22.621599,1410
粤B7WS38,114.117966,22.621599,1420
粤B7WS38,114.117966,22.621599,1431
