粤B2VW07,113.919998,22.493771,7
粤B2VW07,113.920044,22.492912,8
粤B2VW07,113.920036,22.492907,8
粤B2VW07,113.920258,22.492411,9
粤B2VW07,113.920181,22.492432,9
粤B2VW07,113.922272,22.493448,10
粤B2VW07,113.925217,22.49465,11
粤B2VW07,113.92485,22.497946,12
粤B2VW07,113.924515,22.502213,13
粤B2VW07,113.92485,22.497946,13
粤B2VW07,113.923714,22.507532,14
粤B2VW07,113.923889,22.506058,14
粤B2VW07,113.920258,22.492411,15
粤B2VW07,113.922539,22.507975,15
粤B2VW07,113.922195,22.507956,15
粤B2VW07,113.919098,22.507849,16
粤B2VW07,113.916107,22.510015,17
粤B2VW07,113.916107,22.510015,18
粤B2VW07,113.912537,22.513313,18
粤B2VW07,113.909737,22.515203,19
粤B2VW07,113.909737,22.515203,19
粤B2VW07,113.908585,22.515226,19
粤B2VW07,113.908875,22.516518,20
粤B2VW07,113.909088,22.517368,20
粤B2VW07,113.922539,22.507975,21
粤B2VW07,113.91301,22.520414,21
粤B2VW07,113.913734,22.521786,22
粤B2VW07,113.913757,22.521856,22
粤B2VW07,113.914551,22.525766,23
粤B2VW07,113.914551,22.525766,23
粤B2VW07,113.913452,22.526608,24
粤B2VW07,113.914726,22.526735,24
粤B2VW07,113.909706,22.525915,25
粤B2VW07,113.909088,22.517368,26
粤B2VW07,113.908485,22.525848,26
粤B2VW07,113.905067,22.528172,27
粤B2VW07,113.905022,22.531075,28
粤B2VW07,113.905022,22.531075,28
粤B2VW07,113.904762,22.540823,29
粤B2VW07,113.904861,22.535048,29
粤B2VW07,113.905113,22.548317,30
粤B2VW07,113.908264,22.551111,31
粤B2VW07,113.909706,22.525915,31
粤B2VW07,113.902512,22.558737,32
粤B2VW07,113.894836,22.564714,33
粤B2VW07,113.894836,22.564714,33
粤B2VW07,113.888512,22.571436,34
粤B2VW07,113.888512,22.571436,34
粤B2VW07,113.881752,22.577667,34
粤B2VW07,113.875771,22.583725,35
粤B2VW07,113.905113,22.548317,36
粤B2VW07,113.87188,22.588802,36
粤B2VW07,113.869263,22.585688,37
粤B2VW07,113.867607,22.584667,38
粤B2VW07,113.868057,22.584976,38
粤B2VW07,113.867607,22.584667,38
粤B2VW07,113.863892,22.581087,39
粤B2VW07,113.865654,22.583178,39
粤B2VW07,113.863876,22.581093,40
粤B2VW07,113.86586,22.578329,41
粤B2VW07,113.875771,22.583725,41
粤B2VW07,113.871277,22.574432,42
粤B2VW07,113.87529,22.571608,43
粤B2VW07,113.87529,22.571608,43
粤B2VW07,113.878937,22.568262,44
粤B2VW07,113.87896,22.568258,44
粤B2VW07,113.863876,22.581093,46
粤B2VW07,113.881615,22.566063,47
粤B2VW07,113.885117,22.562622,48
粤B2VW07,113.883125,22.564676,48
粤B2VW07,113.886421,22.561502,49
粤B2VW07,113.885117,22.562622,49
粤B2VW07,113.885117,22.562622,49
粤B2VW07,113.890991,22.557068,50
粤B2VW07,113.894272,22.553991,51
粤B2VW07,113.894279,22.553989,52
粤B2VW07,113.897797,22.550648,53
粤B2VW07,113.905029,22.544468,53
粤B2VW07,113.913086,22.543921,54
粤B2VW07,113.897797,22.550648,54
粤B2VW07,113.914764,22.53937,55
粤B2VW07,113.917397,22.538582,56
粤B2VW07,113.894272,22.553991,57
粤B2VW07,113.919342,22.538683,57
粤B2VW07,113.921112,22.535488,58
粤B2VW07,113.922264,22.538206,58
粤B2VW07,113.921036,22.535465,59
粤B2VW07,113.921036,22.535465,59
粤B2VW07,113.917397,22.538582,62
粤B2VW07,113.921036,22.535465,64
粤B2VW07,113.921036,22.535465,64
粤B2VW07,113.92083,22.535448,67
粤B2VW07,113.921036,22.535465,67
粤B2VW07,113.920174,22.535378,68
粤B2VW07,113.919388,22.530783,69
粤B2VW07,113.919388,22.530783,69
粤B2VW07,113.918671,22.530737,70
粤B2VW07,113.91613,22.53089,71
粤B2VW07,113.916176,22.530895,71
粤B2VW07,113.916206,22.530741,72
粤B2VW07,113.921036,22.535465,72
粤B2VW07,113.922256,22.529982,73
粤B2VW07,113.923195,22.534231,74
粤B2VW07,113.923195,22.534231,74
粤B2VW07,113.921303,22.535421,75
粤B2VW07,113.921356,22.53545,75
粤B2VW07,113.916206,22.530741,77
粤B2VW07,113.921303,22.535421,79
粤B2VW07,113.921303,22.535421,80
粤B2VW07,113.921303,22.535421,82
粤B2VW07,113.921303,22.535421,85
粤B2VW07,113.921303,22.535421,88
粤B2VW07,113.921303,22.535421,90
粤B2VW07,113.919846,22.534508,92
粤B2VW07,113.921303,22.535421,93
粤B2VW07,113.919846,22.534508,95
粤B2VW07,113.919846,22.534508,95
粤B2VW07,113.920258,22.535433,97
粤B2VW07,113.919502,22.530878,97
粤B2VW07,113.918602,22.530769,98
粤B2VW07,113.914009,22.53121,99
粤B2VW07,113.913261,22.53125,100
粤B2VW07,113.913261,22.53125,100
粤B2VW07,113.910645,22.531298,101
粤B2VW07,113.919502,22.530878,102
粤B2VW07,113.911156,22.531231,102
粤B2VW07,113.910645,22.531307,102
粤B2VW07,113.911171,22.531233,102
粤B2VW07,113.911285,22.531248,102
粤B2VW07,113.905403,22.53159,103
粤B2VW07,113.904892,22.534975,104
粤B2VW07,113.904709,22.541,105
粤B2VW07,113.904709,22.541,105
粤B2VW07,113.906227,22.549957,106
粤B2VW07,113.910645,22.531307,107
粤B2VW07,113.914696,22.554583,107
粤B2VW07,113.918396,22.55402,107
粤B2VW07,113.919182,22.559116,108
粤B2VW07,113.919075,22.561975,109
粤B2VW07,113.919075,22.561975,110
粤B2VW07,113.916359,22.567543,110
粤B2VW07,113.917641,22.568607,111
粤B2VW07,113.916359,22.567543,111
粤B2VW07,113.917656,22.568623,111
粤B2VW07,113.916237,22.56551,112
粤B2VW07,113.918396,22.55402,112
粤B2VW07,113.918602,22.569521,112
粤B2VW07,113.916374,22.56311,113
粤B2VW07,113.919075,22.559517,114
粤B2VW07,113.918976,22.559013,115
粤B2VW07,113.918556,22.554445,116
粤B2VW07,113.918976,22.559013,116
粤B2VW07,113.922897,22.551493,117
粤B2VW07,113.923004,22.55459,117
粤B2VW07,113.916237,22.56551,117
粤B2VW07,113.92334,22.549322,118
粤B2VW07,113.924469,22.546259,119
粤B2VW07,113.924416,22.545948,120
粤B2VW07,113.922981,22.546089,120
粤B2VW07,113.922981,22.546089,121
粤B2VW07,113.922218,22.540102,121
粤B2VW07,113.918396,22.538723,122
粤B2VW07,113.91996,22.538797,122
粤B2VW07,113.922897,22.551493,123
粤B2VW07,113.913139,22.539263,123
粤B2VW07,113.912262,22.539495,124
粤B2VW07,113.91227,22.539465,124
粤B2VW07,113.912262,22.539495,125
粤B2VW07,113.913177,22.53924,125
粤B2VW07,113.91449,22.538948,126
粤B2VW07,113.91449,22.538948,126
粤B2VW07,113.919693,22.538746,127
粤B2VW07,113.922745,22.536518,127
粤B2VW07,113.921562,22.535572,128
粤B2VW07,113.918396,22.538723,128
粤B2VW07,113.921562,22.535572,131
粤B2VW07,113.921562,22.535572,133
粤B2VW07,113.921562,22.535572,136
粤B2VW07,113.921562,22.535572,138
粤B2VW07,113.921562,22.535572,140
粤B2VW07,113.921562,22.535572,141
粤B2VW07,113.921562,22.535572,143
粤B2VW07,113.921562,22.535572,147
粤B2VW07,113.921562,22.535572,148
粤B2VW07,113.921562,22.535572,152
粤B2VW07,113.921562,22.535572,154
粤B2VW07,113.921562,22.535572,155
粤B2VW07,113.921562,22.535572,157
粤B2VW07,113.921562,22.535572,159
粤B2VW07,113.921562,22.535572,162
粤B2VW07,113.921562,22.535572,164
粤B2VW07,113.921562,22.535572,167
粤B2VW07,113.921562,22.535572,169
粤B2VW07,113.921562,22.535572,170
粤B2VW07,113.921562,22.535572,172
粤B2VW07,113.921562,22.535572,174
粤B2VW07,113.921562,22.535572,178
粤B2VW07,113.921562,22.535572,179
粤B2VW07,113.921562,22.535572,183
粤B2VW07,113.921562,22.535572,185
粤B2VW07,113.921562,22.535572,193
粤B2VW07,113.921562,22.535572,198
粤B2VW07,113.921562,22.535572,200
粤B2VW07,113.921562,22.535572,201
粤B2VW07,113.921562,22.535572,203
粤B2VW07,113.921562,22.535572,209
粤B2VW07,113.919693,22.538548,214
粤B2VW07,113.919678,22.538551,214
粤B2VW07,113.919693,22.538548,214
粤B2VW07,113.919128,22.542801,215
粤B2VW07,113.919151,22.54294,216
粤B2VW07,113.919128,22.542801,216
粤B2VW07,113.915268,22.54356,217
粤B2VW07,113.910751,22.546757,218
粤B2VW07,113.910789,22.54727,218
粤B2VW07,113.910789,22.54727,219
粤B2VW07,113.910789,22.54727,224
粤B2VW07,113.910789,22.54727,226
粤B2VW07,113.910629,22.547396,229
粤B2VW07,113.910629,22.547396,229
粤B2VW07,113.910751,22.547428,230
粤B2VW07,113.910233,22.547527,231
粤B2VW07,113.910255,22.547569,231
粤B2VW07,113.910233,22.547527,231
粤B2VW07,113.910789,22.54727,231
粤B2VW07,113.910255,22.547569,234
粤B2VW07,113.910233,22.547527,236
粤B2VW07,113.910255,22.547569,239
粤B2VW07,113.910255,22.547569,241
粤B2VW07,113.910255,22.547569,245
粤B2VW07,113.910255,22.547569,246
粤B2VW07,113.910255,22.547569,247
粤B2VW07,113.910255,22.547569,250
粤B2VW07,113.910255,22.547569,252
粤B2VW07,113.910255,22.547569,255
粤B2VW07,113.910255,22.547569,257
粤B2VW07,113.910255,22.547569,260
粤B2VW07,113.910255,22.547569,261
粤B2VW07,113.910255,22.547569,262
粤B2VW07,113.910255,22.547569,265
粤B2VW07,113.910255,22.547569,267
粤B2VW07,113.910255,22.547569,270
粤B2VW07,113.910255,22.547569,272
粤B2VW07,113.910255,22.547569,276
粤B2VW07,113.910255,22.547569,276
粤B2VW07,113.910255,22.547569,278
粤B2VW07,113.910255,22.547569,281
粤B2VW07,113.910255,22.547569,283
粤B2VW07,113.910255,22.547569,286
粤B2VW07,113.910255,22.547569,288
粤B2VW07,113.910255,22.547569,291
粤B2VW07,113.910255,22.547569,292
粤B2VW07,113.910255,22.547569,293
粤B2VW07,113.910255,22.547569,296
粤B2VW07,113.910255,22.547569,298
粤B2VW07,113.910255,22.547569,301
粤B2VW07,113.910255,22.547569,303
粤B2VW07,113.910255,22.547569,307
粤B2VW07,113.910255,22.547569,307
粤B2VW07,113.910255,22.547569,308
粤B2VW07,113.910255,22.547569,312
粤B2VW07,113.910255,22.547569,314
粤B2VW07,113.910255,22.547569,317
粤B2VW07,113.910255,22.547569,319
粤B2VW07,113.910255,22.547569,322
粤B2VW07,113.910255,22.547569,322
粤B2VW07,113.910255,22.547569,324
粤B2VW07,113.910255,22.547569,327
粤B2VW07,113.910255,22.547569,329
粤B2VW07,113.910255,22.547569,332
粤B2VW07,113.910255,22.547569,334
粤B2VW07,113.910255,22.547569,337
粤B2VW07,113.910255,22.547569,337
粤B2VW07,113.910255,22.547569,339
粤B2VW07,113.910255,22.547569,343
粤B2VW07,113.910255,22.547569,345
粤B2VW07,113.910255,22.547569,348
粤B2VW07,113.910255,22.547569,350
粤B2VW07,113.910255,22.547569,352
粤B2VW07,113.910255,22.547569,353
粤B2VW07,113.910255,22.547569,355
粤B2VW07,113.910255,22.547569,358
粤B2VW07,113.910255,22.547569,360
粤B2VW07,113.910255,22.547569,363
粤B2VW07,113.910255,22.547569,365
粤B2VW07,113.910255,22.547569,367
粤B2VW07,113.910255,22.547569,368
粤B2VW07,113.910255,22.547569,374
粤B2VW07,113.910255,22.547569,376
粤B2VW07,113.910255,22.547569,379
粤B2VW07,113.910255,22.547569,381
粤B2VW07,113.910255,22.547569,383
粤B2VW07,113.910255,22.547569,384
粤B2VW07,113.910255,22.547569,386
粤B2VW07,113.910255,22.547569,389
粤B2VW07,113.910255,22.547569,391
粤B2VW07,113.910255,22.547569,394
粤B2VW07,113.910255,22.547569,395
粤B2VW07,113.910255,22.547569,398
粤B2VW07,113.910255,22.547569,399
粤B2VW07,113.910255,22.547569,400
粤B2VW07,113.910255,22.547569,405
粤B2VW07,113.910255,22.547569,405
粤B2VW07,113.910255,22.547569,410
粤B2VW07,113.910255,22.547569,411
粤B2VW07,113.910255,22.547569,413
粤B2VW07,113.910255,22.547569,416
粤B2VW07,113.910255,22.547569,421
粤B2VW07,113.910255,22.547569,425
粤B2VW07,113.910255,22.547569,426
粤B2VW07,113.910255,22.547569,428
粤B2VW07,113.910255,22.547569,430
粤B2VW07,113.910255,22.547569,431
粤B2VW07,113.910255,22.547569,435
粤B2VW07,113.910255,22.547569,436
粤B2VW07,113.910255,22.547569,441
粤B2VW07,113.910255,22.547569,442
粤B2VW07,113.910255,22.547569,443
粤B2VW07,113.910255,22.547569,446
粤B2VW07,113.910255,22.547569,447
粤B2VW07,113.910149,22.547678,448
粤B2VW07,113.909454,22.548073,449
粤B2VW07,113.909676,22.545063,450
粤B2VW07,113.909698,22.545088,450
粤B2VW07,113.909676,22.545063,451
粤B2VW07,113.910416,22.544443,451
粤B2VW07,113.916046,22.543108,452
粤B2VW07,113.919289,22.540396,453
粤B2VW07,113.919525,22.540277,454
粤B2VW07,113.91951,22.540335,454
粤B2VW07,113.919228,22.542269,455
粤B2VW07,113.919876,22.542883,455
粤B2VW07,113.925247,22.542624,456
粤B2VW07,113.919876,22.542883,456
粤B2VW07,113.916046,22.543108,457
粤B2VW07,113.927017,22.543509,457
粤B2VW07,113.927628,22.546738,458
粤B2VW07,113.927628,22.546738,458
粤B2VW07,113.928726,22.552576,459
粤B2VW07,113.929138,22.559937,460
粤B2VW07,113.928749,22.55637,460
粤B2VW07,113.929138,22.559937,461
粤B2VW07,113.929085,22.563032,461
粤B2VW07,113.927017,22.543509,462
粤B2VW07,113.929054,22.567654,462
粤B2VW07,113.926941,22.574768,463
粤B2VW07,113.926819,22.579266,464
粤B2VW07,113.932693,22.582832,465
粤B2VW07,113.929169,22.58082,465
粤B2VW07,113.932693,22.582832,466
粤B2VW07,113.938591,22.583412,466
粤B2VW07,113.929054,22.567654,467
粤B2VW07,113.943047,22.583508,467
粤B2VW07,113.943054,22.583496,468
粤B2VW07,113.943047,22.583498,469
粤B2VW07,113.949219,22.583612,470
粤B2VW07,113.948296,22.583588,470
粤B2VW07,113.949219,22.583597,471
粤B2VW07,113.955696,22.583679,472
粤B2VW07,113.949219,22.583597,472
粤B2VW07,113.943047,22.583508,473
粤B2VW07,113.957626,22.584063,473
粤B2VW07,113.956917,22.583797,473
粤B2VW07,113.957626,22.584063,474
粤B2VW07,113.956688,22.584026,474
粤B2VW07,113.955177,22.58396,475
粤B2VW07,113.951172,22.583897,475
粤B2VW07,113.95079,22.583843,476
粤B2VW07,113.95005,22.583805,477
粤B2VW07,113.951172,22.583897,477
粤B2VW07,113.950043,22.58383,478
粤B2VW07,113.950005,22.583818,479
粤B2VW07,113.947853,22.583887,480
粤B2VW07,113.94532,22.58382,480
粤B2VW07,113.947777,22.583881,480
粤B2VW07,113.943741,22.583584,481
粤B2VW07,113.943741,22.583584,482
粤B2VW07,113.943718,22.58359,482
粤B2VW07,113.943665,22.583603,483
粤B2VW07,113.934395,22.57535,486
粤B2VW07,113.933609,22.571543,487
粤B2VW07,113.934395,22.57535,487
粤B2VW07,113.943665,22.583603,488
粤B2VW07,113.928627,22.570787,488
粤B2VW07,113.928627,22.570787,489
粤B2VW07,113.928764,22.56856,489
粤B2VW07,113.928917,22.567068,490
粤B2VW07,113.929008,22.565142,490
粤B2VW07,113.928841,22.562778,491
粤B2VW07,113.928886,22.557919,492
粤B2VW07,113.928886,22.557919,492
粤B2VW07,113.928665,22.555948,493
粤B2VW07,113.928627,22.570787,493
粤B2VW07,113.928581,22.549852,494
粤B2VW07,113.926918,22.544878,495
粤B2VW07,113.92704,22.54011,495
粤B2VW07,113.924835,22.531368,496
粤B2VW07,113.924057,22.527225,497
粤B2VW07,113.924057,22.527225,497
粤B2VW07,113.925674,22.525484,498
粤B2VW07,113.928665,22.555948,498
粤B2VW07,113.931419,22.524771,499
粤B2VW07,113.932152,22.522327,500
粤B2VW07,113.932617,22.523466,500
粤B2VW07,113.93261,22.523462,500
粤B2VW07,113.931084,22.521618,501
粤B2VW07,113.931091,22.521639,501
粤B2VW07,113.931091,22.521639,502
粤B2VW07,113.925674,22.525484,504
粤B2VW07,113.931007,22.520622,504
粤B2VW07,113.930779,22.51922,505
粤B2VW07,113.930779,22.519205,506
粤B2VW07,113.930733,22.519094,507
粤B2VW07,113.929955,22.519224,508
粤B2VW07,113.930733,22.519094,508
粤B2VW07,113.927513,22.517862,509
粤B2VW07,113.928185,22.5196,509
粤B2VW07,113.927521,22.51391,510
粤B2VW07,113.927406,22.517273,510
粤B2VW07,113.927559,22.51362,511
粤B2VW07,113.92762,22.513096,512
粤B2VW07,113.92762,22.513096,513
粤B2VW07,113.927681,22.517431,513
粤B2VW07,113.927696,22.518791,514
粤B2VW07,113.927635,22.517479,514
粤B2VW07,113.928185,22.5196,514
粤B2VW07,113.927681,22.518993,515
粤B2VW07,113.92849,22.52334,516
粤B2VW07,113.93277,22.524815,517
粤B2VW07,113.942795,22.524246,518
粤B2VW07,113.93277,22.524815,518
粤B2VW07,113.949707,22.528378,519
粤B2VW07,113.927635,22.517479,519
粤B2VW07,113.93277,22.524815,519
粤B2VW07,113.948616,22.522446,519
粤B2VW07,113.950165,22.533381,520
粤B2VW07,113.950645,22.535635,521
粤B2VW07,113.951447,22.537003,522
粤B2VW07,113.953789,22.540863,523
粤B2VW07,113.953789,22.540863,523
粤B2VW07,113.954903,22.547422,524
粤B2VW07,113.93277,22.524815,524
粤B2VW07,113.953415,22.552902,525
粤B2VW07,113.953262,22.554518,525
粤B2VW07,113.953819,22.555172,526
粤B2VW07,113.954681,22.555428,527
粤B2VW07,113.956596,22.556087,528
粤B2VW07,113.956596,22.556087,528
粤B2VW07,113.954903,22.547422,529
粤B2VW07,113.962364,22.555773,529
粤B2VW07,113.964211,22.56344,530
粤B2VW07,113.961151,22.562925,530
粤B2VW07,113.965446,22.563116,531
粤B2VW07,113.966026,22.562971,532
粤B2VW07,113.965454,22.563124,532
粤B2VW07,113.966698,22.562767,533
粤B2VW07,113.966698,22.562767,533
粤B2VW07,113.96669,22.562765,534
粤B2VW07,113.96669,22.562765,534
粤B2VW07,113.962364,22.555773,534
粤B2VW07,113.967262,22.563334,535
粤B2VW07,113.969994,22.566631,535
粤B2VW07,113.971893,22.565483,536
粤B2VW07,113.967262,22.563334,540
粤B2VW07,113.959702,22.543777,546
粤B2VW07,113.959717,22.543777,547
粤B2VW07,113.959724,22.543776,548
粤B2VW07,113.959,22.539068,549
粤B2VW07,113.959,22.539068,549
粤B2VW07,113.959,22.539068,549
粤B2VW07,113.958908,22.538057,550
粤B2VW07,113.959122,22.535072,550
粤B2VW07,113.959129,22.53488,551
粤B2VW07,113.958923,22.531218,552
粤B2VW07,113.958794,22.52949,553
粤B2VW07,113.958504,22.524084,554
粤B2VW07,113.958504,22.524084,554
粤B2VW07,113.948952,22.523218,555
粤B2VW07,113.958908,22.538057,555
粤B2VW07,113.950462,22.524137,555
粤B2VW07,113.945045,22.519171,556
粤B2VW07,113.945061,22.519165,559
粤B2VW07,113.950462,22.524137,560
粤B2VW07,113.944527,22.519138,560
粤B2VW07,113.937737,22.525803,561
粤B2VW07,113.933075,22.524826,562
粤B2VW07,113.92411,22.525948,563
粤B2VW07,113.921326,22.526558,564
粤B2VW07,113.921326,22.526558,564
粤B2VW07,113.921326,22.526558,564
粤B2VW07,113.920685,22.526711,565
粤B2VW07,113.919609,22.527035,565
粤B2VW07,113.919083,22.528528,566
粤B2VW07,113.917389,22.530964,567
粤B2VW07,113.916039,22.531693,568
粤B2VW07,113.916176,22.531614,568
粤B2VW07,113.916115,22.531628,568
粤B2VW07,113.916039,22.53141,569
粤B2VW07,113.911713,22.526043,570
粤B2VW07,113.91433,22.529427,570
粤B2VW07,113.916039,22.53141,570
粤B2VW07,113.910416,22.526005,571
粤B2VW07,113.919609,22.527035,571
粤B2VW07,113.910118,22.525965,572
粤B2VW07,113.910065,22.525948,573
粤B2VW07,113.910057,22.525925,574
粤B2VW07,113.909012,22.523348,575
粤B2VW07,113.908852,22.522669,575
粤B2VW07,113.909012,22.523348,575
粤B2VW07,113.911713,22.526043,576
粤B2VW07,113.906197,22.519478,576
粤B2VW07,113.903816,22.516933,577
粤B2VW07,113.901299,22.514351,578
粤B2VW07,113.89743,22.510643,579
粤B2VW07,113.892044,22.504782,580
粤B2VW07,113.895584,22.509663,580
粤B2VW07,113.895584,22.509663,580
粤B2VW07,113.895584,22.509663,580
粤B2VW07,113.908852,22.522669,581
粤B2VW07,113.891975,22.504602,581
粤B2VW07,113.891998,22.504547,581
粤B2VW07,113.891769,22.504128,582
粤B2VW07,113.891769,22.504112,582
粤B2VW07,113.893669,22.507153,583
粤B2VW07,113.8955,22.509489,584
粤B2VW07,113.904808,22.515772,585
粤B2VW07,113.900978,22.513889,585
粤B2VW07,113.900978,22.513889,585
粤B2VW07,113.909645,22.514738,586
粤B2VW07,113.891975,22.504602,586
粤B2VW07,113.912415,22.513409,587
粤B2VW07,113.915337,22.510284,588
粤B2VW07,113.918045,22.508329,589
粤B2VW07,113.918587,22.50773,590
粤B2VW07,113.918587,22.50773,590
粤B2VW07,113.917236,22.503979,590
粤B2VW07,113.904808,22.515772,591
粤B2VW07,113.917252,22.503946,591
粤B2VW07,113.917938,22.505184,592
粤B2VW07,113.917961,22.505199,592
粤B2VW07,113.918457,22.506615,593
粤B2VW07,113.918571,22.507006,594
粤B2VW07,113.919212,22.5086,595
粤B2VW07,113.919212,22.5086,595
粤B2VW07,113.919212,22.5086,595
粤B2VW07,113.917252,22.503946,596
粤B2VW07,113.919174,22.508617,596
粤B2VW07,113.919182,22.508617,597
粤B2VW07,113.919228,22.508608,598
粤B2VW07,113.919228,22.508625,599
粤B2VW07,113.919205,22.508633,600
粤B2VW07,113.919205,22.508633,600
粤B2VW07,113.919182,22.508608,600
粤B2VW07,113.919174,22.508617,602
粤B2VW07,113.920296,22.511463,602
粤B2VW07,113.920967,22.512726,603
粤B2VW07,113.922173,22.517731,604
粤B2VW07,113.922226,22.517714,604
粤B2VW07,113.92408,22.523012,605
粤B2VW07,113.928604,22.524376,606
粤B2VW07,113.92408,22.523012,606
粤B2VW07,113.933525,22.524353,607
粤B2VW07,113.934219,22.52424,607
粤B2VW07,113.935532,22.524176,608
粤B2VW07,113.935211,22.520493,609
粤B2VW07,113.935219,22.520498,609
粤B2VW07,113.935028,22.520399,609
粤B2VW07,113.935028,22.520399,610
粤B2VW07,113.931419,22.518936,610
粤B2VW07,113.927597,22.519548,611
粤B2VW07,113.931419,22.518936,611
粤B2VW07,113.925156,22.518049,612
粤B2VW07,113.928604,22.524376,612
粤B2VW07,113.922523,22.517925,613
粤B2VW07,113.921494,22.518244,614
粤B2VW07,113.922539,22.517822,614
粤B2VW07,113.919708,22.519447,615
粤B2VW07,113.919739,22.519453,615
粤B2VW07,113.919708,22.519447,616
粤B2VW07,113.91861,22.520172,616
粤B2VW07,113.927597,22.519548,617
粤B2VW07,113.917412,22.521027,617
粤B2VW07,113.916222,22.520338,617
粤B2VW07,113.913551,22.517754,618
粤B2VW07,113.913338,22.517523,619
粤B2VW07,113.913292,22.517532,619
粤B2VW07,113.913315,22.517523,620
粤B2VW07,113.913315,22.517523,621
粤B2VW07,113.912056,22.516222,621
粤B2VW07,113.917412,22.521027,622
粤B2VW07,113.911209,22.515001,622
粤B2VW07,113.911247,22.511662,623
粤B2VW07,113.914627,22.508396,624
粤B2VW07,113.914803,22.509075,624
粤B2VW07,113.911957,22.507612,625
粤B2VW07,113.914627,22.508396,625
粤B2VW07,113.912308,22.507296,626
粤B2VW07,113.912308,22.507296,626
粤B2VW07,113.9123,22.507318,626
粤B2VW07,113.912453,22.507078,627
粤B2VW07,113.911209,22.515001,627
粤B2VW07,113.911957,22.507107,628
粤B2VW07,113.912689,22.50462,629
粤B2VW07,113.915619,22.503794,629
粤B2VW07,113.914734,22.504063,629
粤B2VW07,113.917549,22.504578,630
粤B2VW07,113.921867,22.507748,631
粤B2VW07,113.921867,22.507748,631
粤B2VW07,113.92337,22.507767,632
粤B2VW07,113.926971,22.507921,633
粤B2VW07,113.912453,22.507078,633
粤B2VW07,113.927437,22.512573,634
粤B2VW07,113.927261,22.513067,635
粤B2VW07,113.927277,22.512997,635
粤B2VW07,113.927391,22.512012,636
粤B2VW07,113.927704,22.513098,636
粤B2VW07,113.927155,22.508539,637
粤B2VW07,113.927391,22.512012,637
粤B2VW07,113.929939,22.507778,638
粤B2VW07,113.92337,22.507767,638
粤B2VW07,113.929977,22.505859,638
粤B2VW07,113.930138,22.504244,639
粤B2VW07,113.930046,22.503103,639
粤B2VW07,113.927811,22.504829,640
粤B2VW07,113.930046,22.503103,640
粤B2VW07,113.927246,22.507683,641
粤B2VW07,113.927246,22.507683,642
粤B2VW07,113.926491,22.508038,642
粤B2VW07,113.923882,22.508022,643
粤B2VW07,113.927155,22.508539,643
粤B2VW07,113.919411,22.507942,644
粤B2VW07,113.916359,22.509808,644
粤B2VW07,113.915382,22.510597,645
粤B2VW07,113.915405,22.510595,646
粤B2VW07,113.915405,22.510595,647
粤B2VW07,113.913246,22.512379,647
粤B2VW07,113.91317,22.512465,647
粤B2VW07,113.911804,22.514261,648
粤B2VW07,113.926491,22.508038,648
粤B2VW07,113.91523,22.510597,649
粤B2VW07,113.913506,22.511889,649
粤B2VW07,113.913925,22.511513,650
粤B2VW07,113.911674,22.51466,651
粤B2VW07,113.914368,22.51829,652
粤B2VW07,113.914368,22.51829,652
粤B2VW07,113.917175,22.520962,653
粤B2VW07,113.91317,22.512465,653
粤B2VW07,113.918159,22.524532,654
粤B2VW07,113.917183,22.520967,654
粤B2VW07,113.918709,22.526802,655
粤B2VW07,113.918709,22.526802,655
粤B2VW07,113.918404,22.525438,655
粤B2VW07,113.918694,22.527014,656
粤B2VW07,113.918694,22.526949,657
粤B2VW07,113.918694,22.526949,657
粤B2VW07,113.917175,22.520962,658
粤B2VW07,113.919052,22.528564,658
粤B2VW07,113.919456,22.529263,659
粤B2VW07,113.919548,22.530237,659
粤B2VW07,113.919983,22.534819,660
粤B2VW07,113.919815,22.532881,661
粤B2VW07,113.919861,22.533937,661
粤B2VW07,113.91938,22.530722,662
粤B2VW07,113.91938,22.530722,662
粤B2VW07,113.920967,22.53006,663
粤B2VW07,113.919052,22.528564,664
粤B2VW07,113.922852,22.529755,664
粤B2VW07,113.923485,22.526133,664
粤B2VW07,113.928169,22.523315,665
粤B2VW07,113.929604,22.522505,666
粤B2VW07,113.929054,22.520042,667
粤B2VW07,113.929008,22.520163,667
粤B2VW07,113.929054,22.520042,668
粤B2VW07,113.929039,22.519993,668
粤B2VW07,113.930695,22.519005,669
粤B2VW07,113.931168,22.517584,669
粤B2VW07,113.920967,22.53006,669
粤B2VW07,113.930191,22.517265,670
粤B2VW07,113.930603,22.517202,670
粤B2VW07,113.933502,22.516573,671
粤B2VW07,113.930603,22.517202,671
粤B2VW07,113.935089,22.518099,672
粤B2VW07,113.935089,22.518099,673
粤B2VW07,113.935806,22.521008,673
粤B2VW07,113.944237,22.524282,674
粤B2VW07,113.929039,22.519993,674
粤B2VW07,113.937622,22.524048,674
粤B2VW07,113.95536,22.523132,675
粤B2VW07,113.967621,22.522722,676
粤B2VW07,113.976959,22.521402,677
粤B2VW07,113.977753,22.527983,678
粤B2VW07,113.977753,22.527983,678
粤B2VW07,113.987823,22.527493,679
粤B2VW07,113.935806,22.521008,679
粤B2VW07,113.985558,22.529566,679
粤B2VW07,113.987877,22.527302,680
粤B2VW07,113.98925,22.526339,680
粤B2VW07,113.988686,22.529602,681
粤B2VW07,113.992928,22.530943,682
粤B2VW07,113.993034,22.533953,683
粤B2VW07,113.993034,22.533953,683
粤B2VW07,113.991615,22.543125,684
粤B2VW07,113.977753,22.527983,684
粤B2VW07,113.992432,22.537977,684
粤B2VW07,113.989189,22.541462,685
粤B2VW07,113.989189,22.541462,686
粤B2VW07,113.98674,22.540701,686
粤B2VW07,113.986061,22.538879,687
粤B2VW07,113.983185,22.539404,688
粤B2VW07,113.983185,22.539404,688
粤B2VW07,113.977936,22.540483,689
粤B2VW07,113.979401,22.539524,689
粤B2VW07,113.992432,22.537977,689
粤B2VW07,113.973976,22.540857,690
粤B2VW07,113.972595,22.540392,691
粤B2VW07,113.971626,22.539934,692
粤B2VW07,113.97142,22.539579,692
粤B2VW07,113.979401,22.539524,693
粤B2VW07,113.971405,22.539549,693
粤B2VW07,113.971405,22.539549,693
粤B2VW07,113.971375,22.539501,694
粤B2VW07,113.964127,22.541916,694
粤B2VW07,113.960022,22.543253,695
粤B2VW07,113.959724,22.543262,696
粤B2VW07,113.959572,22.542952,697
粤B2VW07,113.958946,22.538862,698
粤B2VW07,113.958946,22.538862,698
粤B2VW07,113.971375,22.539501,698
粤B2VW07,113.95919,22.53499,699
粤B2VW07,113.958977,22.53883,699
粤B2VW07,113.95919,22.534954,700
粤B2VW07,113.962646,22.533449,701
粤B2VW07,113.95919,22.534954,701
粤B2VW07,113.969116,22.531195,702
粤B2VW07,113.971237,22.53043,703
粤B2VW07,113.983421,22.529179,704
粤B2VW07,113.958977,22.53883,704
粤B2VW07,113.971237,22.53043,704
粤B2VW07,113.974159,22.529377,704
粤B2VW07,113.986801,22.529772,705
粤B2VW07,113.987846,22.527426,706
粤B2VW07,113.987846,22.527418,706
粤B2VW07,113.988121,22.525999,707
粤B2VW07,113.989151,22.527933,708
粤B2VW07,113.988686,22.529781,709
粤B2VW07,113.974159,22.529377,709
粤B2VW07,113.988686,22.529781,709
粤B2VW07,113.992981,22.530945,709
粤B2VW07,113.993027,22.530931,710
粤B2VW07,113.992989,22.534494,711
粤B2VW07,113.992188,22.539068,712
粤B2VW07,113.991486,22.542082,713
粤B2VW07,113.988686,22.529781,714
粤B2VW07,113.988297,22.541361,714
粤B2VW07,113.988297,22.541361,714
粤B2VW07,113.985687,22.544172,714
粤B2VW07,113.981659,22.54685,715
粤B2VW07,113.975365,22.548279,716
粤B2VW07,113.981659,22.54685,716
粤B2VW07,113.972527,22.55028,717
粤B2VW07,113.972466,22.550325,717
粤B2VW07,113.972328,22.550449,718
粤B2VW07,113.985687,22.544172,719
粤B2VW07,113.973045,22.548998,719
粤B2VW07,113.973335,22.546312,719
粤B2VW07,113.973045,22.548998,719
粤B2VW07,113.973206,22.540817,720
粤B2VW07,113.971924,22.540121,721
粤B2VW07,113.971886,22.540138,721
粤B2VW07,113.973389,22.5411,722
粤B2VW07,113.973907,22.547306,723
粤B2VW07,113.973335,22.546312,724
粤B2VW07,113.97258,22.550726,724
粤B2VW07,113.97258,22.550726,724
粤B2VW07,113.971107,22.552439,724
粤B2VW07,113.969398,22.552414,725
粤B2VW07,113.969398,22.552406,725
粤B2VW07,113.970306,22.552736,726
粤B2VW07,113.970833,22.552813,726
粤B2VW07,113.972084,22.549797,727
粤B2VW07,113.977379,22.548058,728
粤B2VW07,113.984673,22.544863,729
粤B2VW07,113.981171,22.546894,729
粤B2VW07,113.981171,22.546894,729
粤B2VW07,113.971107,22.552439,729
粤B2VW07,113.986328,22.541857,730
粤B2VW07,113.987114,22.54155,731
粤B2VW07,113.987114,22.54155,731
粤B2VW07,113.988991,22.541521,732
粤B2VW07,113.988945,22.541538,732
粤B2VW07,113.989075,22.541553,733
粤B2VW07,113.991455,22.541443,734
粤B2VW07,113.99234,22.535885,734
粤B2VW07,113.99234,22.535885,735
粤B2VW07,113.984673,22.544863,735
粤B2VW07,113.987328,22.536497,735
粤B2VW07,113.982368,22.536844,736
粤B2VW07,113.98011,22.537582,737
粤B2VW07,113.979485,22.538742,738
粤B2VW07,113.978096,22.540541,739
粤B2VW07,113.974205,22.540791,739
粤B2VW07,113.974205,22.540791,740
粤B2VW07,113.99234,22.535885,740
粤B2VW07,113.973099,22.540558,740
粤B2VW07,113.971405,22.539604,741
粤B2VW07,113.971367,22.539595,742
粤B2VW07,113.970108,22.539867,743
粤B2VW07,113.97007,22.539867,743
粤B2VW07,113.967346,22.540752,744
粤B2VW07,113.963409,22.542192,744
粤B2VW07,113.974205,22.540791,745
粤B2VW07,113.960083,22.543303,745
粤B2VW07,113.963409,22.542192,745
粤B2VW07,113.95475,22.543478,746
粤B2VW07,113.95475,22.543478,746
粤B2VW07,113.945297,22.543215,747
粤B2VW07,113.940804,22.545362,748
粤B2VW07,113.939873,22.546217,749
粤B2VW07,113.939224,22.546165,749
粤B2VW07,113.939873,22.546217,749
粤B2VW07,113.960083,22.543303,750
粤B2VW07,113.9394,22.546144,750
粤B2VW07,113.939224,22.546165,750
粤B2VW07,113.939415,22.546144,751
粤B2VW07,113.9394,22.546144,755
粤B2VW07,113.939415,22.546144,755
粤B2VW07,113.939415,22.546144,760
粤B2VW07,113.939415,22.546144,760
粤B2VW07,113.939415,22.546144,762
粤B2VW07,113.940544,22.544025,765
粤B2VW07,113.940231,22.546129,765
粤B2VW07,113.940445,22.545441,765
粤B2VW07,113.940544,22.544025,766
粤B2VW07,113.939415,22.546144,766
粤B2VW07,113.94062,22.539679,766
粤B2VW07,113.940506,22.536108,767
粤B2VW07,113.940796,22.531612,768
粤B2VW07,113.940971,22.523258,769
粤B2VW07,113.936928,22.521538,770
粤B2VW07,113.938873,22.519335,770
粤B2VW07,113.940544,22.544025,771
粤B2VW07,113.938873,22.519335,771
粤B2VW07,113.94014,22.517654,771
粤B2VW07,113.94014,22.517662,771
粤B2VW07,113.939827,22.517176,772
粤B2VW07,113.938713,22.512548,773
粤B2VW07,113.938721,22.508295,774
粤B2VW07,113.93969,22.516546,775
粤B2VW07,113.93885,22.510874,775
粤B2VW07,113.93969,22.516546,776
粤B2VW07,113.938385,22.519497,776
粤B2VW07,113.938873,22.519335,776
粤B2VW07,113.936775,22.515215,777
粤B2VW07,113.936745,22.515087,777
粤B2VW07,113.938385,22.519497,777
粤B2VW07,113.936417,22.509323,778
粤B2VW07,113.938721,22.507442,779
粤B2VW07,113.938721,22.503359,780
粤B2VW07,113.938705,22.507235,780
粤B2VW07,113.93969,22.516546,781
粤B2VW07,113.938721,22.503359,781
粤B2VW07,113.939331,22.507936,781
粤B2VW07,113.942642,22.50803,782
粤B2VW07,113.94664,22.507521,783
粤B2VW07,113.948143,22.516453,784
粤B2VW07,113.950089,22.532612,785
粤B2VW07,113.949234,22.524647,785
粤B2VW07,113.939331,22.507936,786
粤B2VW07,113.95134,22.538294,786
粤B2VW07,113.950089,22.532612,786
粤B2VW07,113.951248,22.541906,787
粤B2VW07,113.949249,22.542543,788
粤B2VW07,113.942986,22.5432,789
粤B2VW07,113.940567,22.54962,790
粤B2VW07,113.940697,22.545748,790
粤B2VW07,113.95134,22.538294,791
粤B2VW07,113.940422,22.549688,791
粤B2VW07,113.940414,22.54969,791
粤B2VW07,113.940414,22.54969,791
粤B2VW07,113.94043,22.549639,792
粤B2VW07,113.94043,22.549639,792
粤B2VW07,113.940331,22.546474,792
粤B2VW07,113.940628,22.543308,793
粤B2VW07,113.94455,22.542894,794
粤B2VW07,113.948936,22.542112,795
粤B2VW07,113.948982,22.542725,795
粤B2VW07,113.950775,22.541828,796
粤B2VW07,113.950775,22.541828,796
粤B2VW07,113.950081,22.541895,796
粤B2VW07,113.949104,22.542027,797
粤B2VW07,113.94043,22.549639,797
粤B2VW07,113.947845,22.543415,798
粤B2VW07,113.947968,22.543203,799
粤B2VW07,113.947929,22.543247,799
粤B2VW07,113.944374,22.543303,800
粤B2VW07,113.940742,22.546394,800
粤B2VW07,113.940552,22.549488,801
粤B2VW07,113.940445,22.549908,802
粤B2VW07,113.940353,22.55014,802
粤B2VW07,113.950775,22.541828,802
粤B2VW07,113.940552,22.549488,802
粤B2VW07,113.940521,22.548256,803
粤B2VW07,113.94046,22.545628,804
粤B2VW07,113.937355,22.543137,805
粤B2VW07,113.939209,22.543125,805
粤B2VW07,113.937416,22.543091,805
粤B2VW07,113.931046,22.542744,806
粤B2VW07,113.926964,22.543182,807
粤B2VW07,113.940552,22.549488,807
粤B2VW07,113.931046,22.542744,807
粤B2VW07,113.931046,22.542744,807
粤B2VW07,113.927002,22.535851,808
粤B2VW07,113.924164,22.528772,809
粤B2VW07,113.926437,22.525455,810
粤B2VW07,113.933434,22.5247,810
粤B2VW07,113.94606,22.524109,811
粤B2VW07,113.94606,22.524109,812
粤B2VW07,113.958069,22.522547,812
粤B2VW07,113.931046,22.542744,812
粤B2VW07,113.968567,22.522633,813
粤B2VW07,113.979179,22.522371,814
粤B2VW07,113.989365,22.524668,815
粤B2VW07,113.99823,22.529409,815
粤B2VW07,114.008392,22.529503,816
粤B2VW07,114.008392,22.529503,817
粤B2VW07,113.958069,22.522547,817
粤B2VW07,114.026497,22.530951,818
粤B2VW07,114.035645,22.530384,819
粤B2VW07,114.055702,22.531494,820
粤B2VW07,114.045937,22.531351,820
粤B2VW07,114.065445,22.531601,821
粤B2VW07,114.07473,22.53166,822
粤B2VW07,114.07473,22.53166,822
粤B2VW07,114.07473,22.53166,822
粤B2VW07,114.017502,22.531439,822
粤B2VW07,114.079842,22.536032,823
粤B2VW07,114.081734,22.539309,824
粤B2VW07,114.081528,22.538113,825
粤B2VW07,114.081528,22.538113,825
粤B2VW07,114.081459,22.537539,825
粤B2VW07,114.078308,22.534258,826
粤B2VW07,114.07473,22.53166,827
粤B2VW07,114.075974,22.532093,827
粤B2VW07,114.075974,22.532093,827
粤B2VW07,114.072807,22.532232,828
粤B2VW07,114.072144,22.534912,829
粤B2VW07,114.071976,22.53467,829
粤B2VW07,114.072037,22.533079,830
粤B2VW07,114.069298,22.53199,830
粤B2VW07,114.065613,22.531948,831
粤B2VW07,114.059822,22.531891,832
粤B2VW07,114.050957,22.531612,833
粤B2VW07,114.075974,22.532093,833
粤B2VW07,114.059822,22.531891,833
粤B2VW07,114.041115,22.531183,834
粤B2VW07,114.03215,22.530321,835
粤B2VW07,114.026031,22.531519,835
粤B2VW07,114.024002,22.537537,836
粤B2VW07,114.022942,22.542328,837
粤B2VW07,114.022942,22.542328,837
粤B2VW07,114.059822,22.531891,838
粤B2VW07,114.017807,22.54092,844
粤B2VW07,114.014061,22.539639,845
粤B2VW07,114.017097,22.540163,845
粤B2VW07,114.012306,22.542652,846
粤B2VW07,114.012306,22.54274,847
粤B2VW07,114.012398,22.544613,848
粤B2VW07,114.012398,22.544613,848
粤B2VW07,114.01442,22.543804,849
粤B2VW07,114.012123,22.542933,850
粤B2VW07,114.013718,22.539715,850
粤B2VW07,114.01445,22.539778,851
粤B2VW07,114.014305,22.539728,851
粤B2VW07,114.013565,22.539043,852
粤B2VW07,114.013565,22.539043,853
粤B2VW07,114.012398,22.544613,853
粤B2VW07,114.00872,22.537151,853
粤B2VW07,114.00872,22.537151,853
粤B2VW07,114.003319,22.536251,854
粤B2VW07,114.003319,22.53628,855
粤B2VW07,114.002426,22.536087,855
粤B2VW07,113.993675,22.535046,856
粤B2VW07,113.984367,22.536449,857
粤B2VW07,113.982353,22.536472,858
粤B2VW07,114.00872,22.537151,858
粤B2VW07,113.982353,22.536472,858
粤B2VW07,113.974968,22.537691,859
粤B2VW07,113.972672,22.540482,860
粤B2VW07,113.972473,22.540373,860
粤B2VW07,113.971764,22.539757,860
粤B2VW07,113.971565,22.539984,861
粤B2VW07,113.971214,22.539604,862
粤B2VW07,113.968521,22.540382,862
粤B2VW07,113.96244,22.542629,863
粤B2VW07,113.96244,22.542629,864
粤B2VW07,113.960297,22.543327,864
粤B2VW07,113.982353,22.536472,864
粤B2VW07,113.960236,22.543341,865
粤B2VW07,113.953087,22.543791,865
粤B2VW07,113.952934,22.540255,866
粤B2VW07,113.951553,22.537666,867
粤B2VW07,113.947495,22.535904,868
粤B2VW07,113.951553,22.537666,868
粤B2VW07,113.947495,22.535904,869
粤B2VW07,113.941696,22.535927,869
粤B2VW07,113.96244,22.542629,869
粤B2VW07,113.937546,22.535316,870
粤B2VW07,113.931854,22.530968,870
粤B2VW07,113.928864,22.528223,871
粤B2VW07,113.928207,22.526562,872
粤B2VW07,113.927505,22.527061,873
粤B2VW07,113.928307,22.526571,873
粤B2VW07,113.941696,22.535927,874
粤B2VW07,113.925507,22.528843,874
粤B2VW07,113.926468,22.528559,874
粤B2VW07,113.926468,22.528559,874
粤B2VW07,113.926666,22.528475,875
粤B2VW07,113.929436,22.528175,875
粤B2VW07,113.929214,22.526117,876
粤B2VW07,113.927635,22.520016,877
粤B2VW07,113.927765,22.519545,878
粤B2VW07,113.927559,22.513947,879
粤B2VW07,113.926468,22.528559,879
粤B2VW07,113.927559,22.513947,879
粤B2VW07,113.927223,22.508747,880
粤B2VW07,113.927254,22.507317,880
粤B2VW07,113.928711,22.499142,881
粤B2VW07,113.929886,22.493618,882
粤B2VW07,113.929886,22.493618,883
粤B2VW07,113.93,22.489098,883
粤B2VW07,113.927719,22.488928,884
粤B2VW07,113.927559,22.513947,884
粤B2VW07,113.927719,22.488928,884
粤B2VW07,113.925072,22.486761,885
粤B2VW07,113.919739,22.488461,885
粤B2VW07,113.919418,22.48855,886
粤B2VW07,113.919426,22.488527,886
粤B2VW07,113.919411,22.48847,887
粤B2VW07,113.924423,22.486885,888
粤B2VW07,113.924553,22.486879,888
粤B2VW07,113.926033,22.486046,889
粤B2VW07,113.926033,22.486046,889
粤B2VW07,113.927719,22.488928,889
粤B2VW07,113.92569,22.483177,890
粤B2VW07,113.925774,22.483173,890
粤B2VW07,113.926949,22.486032,891
粤B2VW07,113.929749,22.484953,892
粤B2VW07,113.934738,22.485495,893
粤B2VW07,113.93602,22.488817,894
粤B2VW07,113.93602,22.488817,894
粤B2VW07,113.937088,22.49077,895
粤B2VW07,113.926033,22.486046,895
粤B2VW07,113.939133,22.49567,895
粤B2VW07,113.93895,22.503042,896
粤B2VW07,113.938934,22.507717,897
粤B2VW07,113.942429,22.507706,898
粤B2VW07,113.938934,22.507717,898
粤B2VW07,113.944603,22.507326,899
粤B2VW07,113.943817,22.507313,899
粤B2VW07,113.93602,22.488817,900
粤B2VW07,113.945168,22.506838,900
粤B2VW07,113.945168,22.506838,900
粤B2VW07,113.945168,22.506838,905
粤B2VW07,113.937981,22.524921,911
粤B2VW07,113.928291,22.525078,912
粤B2VW07,113.922577,22.526333,913
粤B2VW07,113.922577,22.526333,913
粤B2VW07,113.921486,22.526581,914
粤B2VW07,113.919067,22.52717,915
粤B2VW07,113.920685,22.526751,915
粤B2VW07,113.920685,22.526751,915
粤B2VW07,113.919029,22.527187,916
粤B2VW07,113.918083,22.527405,917
粤B2VW07,113.913246,22.526558,918
粤B2VW07,113.910912,22.525921,919
粤B2VW07,113.920685,22.526751,920
粤B2VW07,113.910896,22.525908,920
粤B2VW07,113.910896,22.525908,920
粤B2VW07,113.910675,22.525841,920
粤B2VW07,113.911545,22.525898,921
粤B2VW07,113.913307,22.526438,921
粤B2VW07,113.914482,22.526878,922
粤B2VW07,113.914818,22.527075,923
粤B2VW07,113.914574,22.528234,923
粤B2VW07,113.914436,22.528858,924
粤B2VW07,113.914299,22.535486,925
粤B2VW07,113.913765,22.531796,925
粤B2VW07,113.913765,22.531796,925
粤B2VW07,113.910896,22.525908,926
粤B2VW07,113.914688,22.538717,926
粤B2VW07,113.914703,22.538933,927
粤B2VW07,113.915504,22.543074,928
粤B2VW07,113.915504,22.543074,928
粤B2VW07,113.91555,22.543079,929
粤B2VW07,113.909813,22.550898,930
粤B2VW07,113.910248,22.547281,930
粤B2VW07,113.909813,22.550898,931
粤B2VW07,113.907402,22.554134,931
粤B2VW07,113.913765,22.531796,931
粤B2VW07,113.906296,22.557484,932
粤B2VW07,113.906296,22.557487,932
粤B2VW07,113.907814,22.558527,933
粤B2VW07,113.90979,22.559998,934
粤B2VW07,113.916367,22.559229,935
粤B2VW07,113.91272,22.559174,935
粤B2VW07,113.916367,22.559229,936
粤B2VW07,113.909813,22.550898,936
粤B2VW07,113.918571,22.557039,936
粤B2VW07,113.918198,22.552904,937
粤B2VW07,113.918358,22.550583,938
粤B2VW07,113.918419,22.549648,939
粤B2VW07,113.918793,22.544516,940
粤B2VW07,113.918442,22.548294,940
粤B2VW07,113.918541,22.54731,940
粤B2VW07,113.9189,22.543657,941
粤B2VW07,113.916367,22.559229,941
粤B2VW07,113.918793,22.544516,941
粤B2VW07,113.918884,22.543655,942
粤B2VW07,113.920128,22.543018,943
粤B2VW07,113.920128,22.543018,943
粤B2VW07,113.929077,22.542534,944
粤B2VW07,113.940224,22.542166,945
粤B2VW07,113.936234,22.542383,945
粤B2VW07,113.940224,22.542166,946
粤B2VW07,113.918793,22.544516,946
粤B2VW07,113.940666,22.545053,946
粤B2VW07,113.941208,22.548014,947
粤B2VW07,113.941826,22.547745,948
粤B2VW07,113.942352,22.547142,948
粤B2VW07,113.94136,22.548183,949
粤B2VW07,113.941391,22.548117,950
粤B2VW07,113.943085,22.546234,950
粤B2VW07,113.941368,22.548143,950
粤B2VW07,113.940224,22.542166,951
粤B2VW07,113.94471,22.545872,951
粤B2VW07,113.943085,22.546234,951
粤B2VW07,113.944672,22.545204,952
粤B2VW07,113.944839,22.546162,953
粤B2VW07,113.944801,22.546118,953
粤B2VW07,113.942795,22.543308,954
粤B2VW07,113.939285,22.543135,955
粤B2VW07,113.937927,22.543068,955
粤B2VW07,113.937286,22.544172,956
粤B2VW07,113.937286,22.544172,956
粤B2VW07,113.936974,22.543053,957
粤B2VW07,113.943085,22.546234,957
粤B2VW07,113.932358,22.542854,958
粤B2VW07,113.932358,22.542854,959
粤B2VW07,113.926353,22.542973,959
粤B2VW07,113.916298,22.543478,960
粤B2VW07,113.921021,22.543213,960
粤B2VW07,113.913094,22.544704,961
粤B2VW07,113.913643,22.544554,962
粤B2VW07,113.937927,22.543068,962
粤B2VW07,113.913094,22.544704,962
粤B2VW07,113.913597,22.544548,963
粤B2VW07,113.913521,22.544525,965
粤B2VW07,113.913445,22.544428,966
粤B2VW07,113.913094,22.544704,967
粤B2VW07,113.91317,22.54459,967
粤B2VW07,113.913445,22.544428,967
粤B2VW07,113.910698,22.546812,968
粤B2VW07,113.909607,22.548166,969
粤B2VW07,113.910011,22.54792,969
粤B2VW07,113.909584,22.546467,970
粤B2VW07,113.909683,22.544979,971
粤B2VW07,113.909683,22.544979,972
粤B2VW07,113.910683,22.544462,972
粤B2VW07,113.913445,22.544428,972
粤B2VW07,113.915306,22.542498,973
粤B2VW07,113.914742,22.539072,974
粤B2VW07,113.914818,22.539417,974
粤B2VW07,113.914818,22.539417,974
粤B2VW07,113.916367,22.538603,975
粤B2VW07,113.916687,22.53668,976
粤B2VW07,113.916344,22.535789,977
粤B2VW07,113.909683,22.544979,977
粤B2VW07,113.916344,22.535789,977
粤B2VW07,113.916306,22.535772,978
粤B2VW07,113.917847,22.53541,979
粤B2VW07,113.91983,22.534039,979
粤B2VW07,113.919403,22.530897,980
粤B2VW07,113.919289,22.530727,981
粤B2VW07,113.916832,22.531063,982
粤B2VW07,113.916687,22.53668,982
粤B2VW07,113.916832,22.531063,982
粤B2VW07,113.91597,22.533567,983
粤B2VW07,113.918335,22.534992,984
粤B2VW07,113.918457,22.535137,984
粤B2VW07,113.918594,22.535278,985
粤B2VW07,113.918594,22.535313,986
粤B2VW07,113.918594,22.535305,987
粤B2VW07,113.918594,22.535305,987
粤B2VW07,113.916832,22.531063,988
粤B2VW07,113.918617,22.535309,988
粤B2VW07,113.91864,22.535322,989
粤B2VW07,113.918678,22.535286,989
粤B2VW07,113.91864,22.535322,989
粤B2VW07,113.91861,22.535231,990
粤B2VW07,113.919037,22.535273,991
粤B2VW07,113.918694,22.535257,991
粤B2VW07,113.918594,22.535305,992
粤B2VW07,113.91938,22.53068,993
粤B2VW07,113.918625,22.527424,994
粤B2VW07,113.918617,22.527454,994
粤B2VW07,113.918633,22.527449,995
粤B2VW07,113.918579,22.527199,996
粤B2VW07,113.917915,22.524002,997
粤B2VW07,113.917915,22.524002,998
粤B2VW07,113.916733,22.52079,998
粤B2VW07,113.910713,22.518869,999
粤B2VW07,113.913567,22.520964,999
粤B2VW07,113.910645,22.518808,1000
粤B2VW07,113.911301,22.518953,1000
粤B2VW07,113.913559,22.521624,1001
粤B2VW07,113.914543,22.525366,1002
粤B2VW07,113.917915,22.524002,1002
粤B2VW07,113.914795,22.526688,1003
粤B2VW07,113.914795,22.526688,1003
粤B2VW07,113.914772,22.527189,1004
粤B2VW07,113.914154,22.530012,1004
粤B2VW07,113.914772,22.527189,1004
粤B2VW07,113.915535,22.531136,1005
粤B2VW07,113.916046,22.531555,1006
粤B2VW07,113.914543,22.525366,1007
粤B2VW07,113.916,22.5345,1007
粤B2VW07,113.91832,22.535261,1008
粤B2VW07,113.91832,22.535261,1008
粤B2VW07,113.91835,22.535362,1009
粤B2VW07,113.918655,22.535402,1009
粤B2VW07,113.918686,22.53545,1010
粤B2VW07,113.918655,22.535343,1011
粤B2VW07,113.916,22.5345,1012
粤B2VW07,113.918694,22.535318,1012
粤B2VW07,113.918701,22.535313,1013
粤B2VW07,113.918701,22.535313,1013
粤B2VW07,113.918709,22.535328,1014
粤B2VW07,113.918709,22.535316,1014
粤B2VW07,113.918709,22.535316,1015
粤B2VW07,113.918793,22.53532,1016
粤B2VW07,113.918861,22.535322,1016
粤B2VW07,113.919716,22.53231,1017
粤B2VW07,113.918701,22.535313,1017
粤B2VW07,113.919655,22.530952,1018
粤B2VW07,113.919655,22.530952,1018
粤B2VW07,113.918877,22.528049,1019
粤B2VW07,113.918877,22.528049,1019
粤B2VW07,113.916595,22.527649,1019
粤B2VW07,113.915909,22.527468,1020
粤B2VW07,113.919655,22.530952,1023
粤B2VW07,113.909508,22.525694,1029
粤B2VW07,113.914452,22.526901,1030
粤B2VW07,113.914452,22.526899,1031
粤B2VW07,113.914459,22.526905,1032
粤B2VW07,113.914482,22.528616,1033
粤B2VW07,113.915657,22.531137,1034
粤B2VW07,113.913887,22.53071,1034
粤B2VW07,113.913887,22.53071,1034
粤B2VW07,113.915657,22.531137,1034
粤B2VW07,113.915848,22.532858,1035
粤B2VW07,113.916458,22.535366,1036
粤B2VW07,113.918373,22.535307,1037
粤B2VW07,113.918503,22.535389,1038
粤B2VW07,113.914482,22.528616,1038
粤B2VW07,113.918396,22.535376,1038
粤B2VW07,113.919655,22.535318,1039
粤B2VW07,113.919662,22.535332,1039
粤B2VW07,113.919662,22.535332,1039
粤B2VW07,113.919655,22.535311,1040
粤B2VW07,113.922638,22.535337,1041
粤B2VW07,113.922653,22.535357,1042
粤B2VW07,113.924965,22.535379,1043
粤B2VW07,113.919662,22.535332,1043
粤B2VW07,113.925346,22.532457,1044
粤B2VW07,113.924194,22.528368,1044
粤B2VW07,113.925346,22.532457,1044
粤B2VW07,113.925461,22.525335,1045
粤B2VW07,113.928314,22.523964,1046
粤B2VW07,113.927696,22.520452,1047
粤B2VW07,113.927582,22.51853,1048
粤B2VW07,113.925346,22.532457,1048
粤B2VW07,113.927551,22.517448,1049
粤B2VW07,113.927475,22.513475,1049
粤B2VW07,113.927551,22.517448,1049
粤B2VW07,113.927505,22.513489,1050
粤B2VW07,113.927475,22.513475,1050
粤B2VW07,113.927361,22.512753,1051
粤B2VW07,113.927361,22.512753,1051
粤B2VW07,113.927261,22.509541,1052
粤B2VW07,113.927551,22.517448,1053
粤B2VW07,113.923851,22.50791,1053
粤B2VW07,113.923889,22.505596,1054
粤B2VW07,113.923889,22.505596,1054
粤B2VW07,113.927032,22.502865,1055
粤B2VW07,113.924911,22.502796,1056
粤B2VW07,113.924278,22.503725,1057
粤B2VW07,113.924202,22.503828,1058
粤B2VW07,113.924171,22.50386,1058
粤B2VW07,113.923889,22.505596,1059
粤B2VW07,113.923363,22.507853,1059
粤B2VW07,113.924133,22.504602,1059
粤B2VW07,113.919136,22.508465,1060
粤B2VW07,113.923363,22.507853,1060
粤B2VW07,113.920387,22.511635,1061
粤B2VW07,113.921799,22.515072,1062
粤B2VW07,113.921822,22.51615,1063
粤B2VW07,113.922012,22.517113,1064
粤B2VW07,113.924133,22.504602,1064
粤B2VW07,113.921135,22.518597,1064
粤B2VW07,113.921303,22.520489,1065
粤B2VW07,113.921135,22.518597,1065
粤B2VW07,113.921135,22.518597,1065
粤B2VW07,113.922073,22.522072,1066
粤B2VW07,113.922562,22.524847,1067
粤B2VW07,113.922485,22.524153,1067
粤B2VW07,113.922752,22.525633,1068
粤B2VW07,113.925705,22.525122,1069
粤B2VW07,113.927185,22.524727,1069
粤B2VW07,113.922012,22.517113,1069
粤B2VW07,113.927719,22.521322,1070
粤B2VW07,113.927185,22.524727,1070
粤B2VW07,113.928101,22.522177,1071
粤B2VW07,113.930756,22.522415,1072
粤B2VW07,113.930954,22.521315,1072
粤B2VW07,113.930931,22.521078,1073
粤B2VW07,113.928062,22.519623,1074
粤B2VW07,113.930756,22.519203,1074
粤B2VW07,113.927185,22.524727,1074
粤B2VW07,113.928062,22.519623,1075
粤B2VW07,113.928017,22.519623,1075
粤B2VW07,113.927536,22.518753,1076
粤B2VW07,113.927521,22.518444,1077
粤B2VW07,113.927567,22.518188,1078
粤B2VW07,113.927521,22.513357,1079
粤B2VW07,113.928062,22.519623,1079
粤B2VW07,113.927574,22.517412,1079
粤B2VW07,113.927521,22.513357,1080
粤B2VW07,113.927277,22.51005,1080
粤B2VW07,113.927521,22.513357,1080
粤B2VW07,113.927231,22.509218,1081
粤B2VW07,113.927521,22.513357,1084
粤B2VW07,113.92701,22.501135,1085
粤B2VW07,113.927727,22.50457,1085
粤B2VW07,113.923988,22.500937,1086
粤B2VW07,113.920952,22.500898,1087
粤B2VW07,113.920158,22.50071,1088
粤B2VW07,113.917061,22.498636,1089
粤B2VW07,113.915443,22.496576,1089
粤B2VW07,113.913208,22.493797,1090
粤B2VW07,113.927727,22.50457,1090
粤B2VW07,113.913208,22.493797,1090
粤B2VW07,113.91217,22.491213,1091
粤B2VW07,113.91153,22.489622,1092
粤B2VW07,113.910706,22.487734,1093
粤B2VW07,113.910492,22.487602,1093
粤B2VW07,113.910454,22.487593,1094
粤B2VW07,113.91198,22.488659,1094
粤B2VW07,113.910515,22.487551,1094
粤B2VW07,113.911972,22.490643,1095
粤B2VW07,113.915443,22.496576,1095
粤B2VW07,113.91198,22.488659,1095
粤B2VW07,113.912682,22.49284,1096
粤B2VW07,113.911972,22.490643,1096
粤B2VW07,113.914696,22.495605,1097
粤B2VW07,113.916588,22.497946,1098
粤B2VW07,113.919365,22.500216,1099
粤B2VW07,113.917366,22.498814,1099
粤B2VW07,113.91198,22.488659,1100
粤B2VW07,113.921402,22.500713,1100
粤B2VW07,113.924026,22.500883,1101
粤B2VW07,113.921402,22.500713,1101
粤B2VW07,113.924484,22.502436,1102
粤B2VW07,113.927643,22.502832,1103
粤B2VW07,113.927773,22.502888,1104
粤B2VW07,113.92778,22.502903,1104
粤B2VW07,113.921402,22.500713,1105
粤B2VW07,113.932121,22.503145,1105
粤B2VW07,113.932121,22.503145,1106
粤B2VW07,113.93293,22.503416,1106
粤B2VW07,113.933975,22.507893,1107
粤B2VW07,113.935867,22.507931,1108
粤B2VW07,113.935921,22.507931,1109
粤B2VW07,113.935898,22.507931,1109
粤B2VW07,113.936531,22.507925,1110
粤B2VW07,113.932121,22.503145,1110
粤B2VW07,113.935921,22.507931,1110
粤B2VW07,113.939125,22.507942,1111
粤B2VW07,113.939125,22.507942,1111
粤B2VW07,113.942451,22.507334,1112
粤B2VW07,113.942505,22.506535,1113
粤B2VW07,113.942505,22.506529,1114
粤B2VW07,113.942772,22.506456,1114
粤B2VW07,113.94294,22.506451,1115
粤B2VW07,113.936531,22.507925,1115
粤B2VW07,113.943336,22.506493,1116
粤B2VW07,113.943336,22.506493,1116
粤B2VW07,113.944382,22.507322,1117
粤B2VW07,113.944412,22.507322,1117
粤B2VW07,113.94455,22.507326,1118
粤B2VW07,113.944801,22.50728,1119
粤B2VW07,113.944557,22.507322,1119
粤B2VW07,113.944809,22.507284,1120
粤B2VW07,113.944809,22.507294,1121
粤B2VW07,113.944809,22.507294,1121
粤B2VW07,113.94294,22.506451,1121
粤B2VW07,113.944801,22.507296,1122
粤B2VW07,113.944809,22.507292,1123
粤B2VW07,113.944878,22.507288,1124
粤B2VW07,113.944809,22.507288,1124
粤B2VW07,113.94487,22.507286,1125
粤B2VW07,113.94487,22.507286,1125
粤B2VW07,113.944878,22.507288,1126
粤B2VW07,113.94487,22.507288,1126
粤B2VW07,113.944809,22.507284,1126
粤B2VW07,113.944878,22.507288,1127
粤B2VW07,113.944885,22.507294,1127
粤B2VW07,113.944992,22.507294,1128
粤B2VW07,113.945,22.507288,1129
粤B2VW07,113.945114,22.507296,1130
粤B2VW07,113.945076,22.507215,1131
粤B2VW07,113.94487,22.507286,1131
粤B2VW07,113.945053,22.506523,1132
粤B2VW07,113.945221,22.506536,1132
粤B2VW07,113.945053,22.506523,1132
粤B2VW07,113.945503,22.506542,1132
粤B2VW07,113.945946,22.506615,1133
粤B2VW07,113.945969,22.506775,1134
粤B2VW07,113.94593,22.506807,1135
粤B2VW07,113.945923,22.506975,1136
粤B2VW07,113.945076,22.507215,1136
粤B2VW07,113.945938,22.507025,1137
粤B2VW07,113.945938,22.507025,1137
粤B2VW07,113.945923,22.506975,1141
粤B2VW07,113.949402,22.525698,1144
粤B2VW07,113.949936,22.530487,1145
粤B2VW07,113.951218,22.536652,1146
粤B2VW07,113.954544,22.546263,1147
粤B2VW07,113.953629,22.540651,1147
粤B2VW07,113.953629,22.540651,1147
粤B2VW07,113.953659,22.551655,1148
粤B2VW07,113.953445,22.552677,1149
粤B2VW07,113.953316,22.553576,1150
粤B2VW07,113.95327,22.554077,1151
粤B2VW07,113.951218,22.536652,1152
粤B2VW07,113.952095,22.556488,1152
粤B2VW07,113.953064,22.556288,1152
粤B2VW07,113.953064,22.556288,1152
粤B2VW07,113.947166,22.5557,1153
粤B2VW07,113.939491,22.555387,1154
粤B2VW07,113.935966,22.555437,1154
粤B2VW07,113.923988,22.555544,1155
粤B2VW07,113.935966,22.555437,1156
粤B2VW07,113.919083,22.556032,1156
粤B2VW07,113.913719,22.554604,1157
粤B2VW07,113.953064,22.556288,1157
粤B2VW07,113.913719,22.554604,1158
粤B2VW07,113.909142,22.552141,1158
粤B2VW07,113.907722,22.55237,1159
粤B2VW07,113.905472,22.555752,1160
粤B2VW07,113.906494,22.554363,1160
粤B2VW07,113.901596,22.559549,1161
粤B2VW07,113.919083,22.556032,1162
粤B2VW07,113.898682,22.562187,1162
粤B2VW07,113.898766,22.563303,1163
粤B2VW07,113.898682,22.562187,1163
粤B2VW07,113.898323,22.56352,1163
粤B2VW07,113.898132,22.563698,1164
粤B2VW07,113.900879,22.564058,1165
粤B2VW07,113.900208,22.563444,1165
粤B2VW07,113.901199,22.564413,1166
粤B2VW07,113.901459,22.564552,1167
粤B2VW07,113.901596,22.559549,1167
粤B2VW07,113.901459,22.564531,1167
粤B2VW07,113.901459,22.564531,1168
粤B2VW07,113.901527,22.564409,1168
粤B2VW07,113.901688,22.564413,1169
粤B2VW07,113.90168,22.564386,1170
粤B2VW07,113.903152,22.562798,1170
粤B2VW07,113.903152,22.562798,1171
粤B2VW07,113.900528,22.559191,1171
粤B2VW07,113.901199,22.564413,1172
粤B2VW07,113.896477,22.555626,1172
粤B2VW07,113.895218,22.55448,1173
粤B2VW07,113.895218,22.55448,1173
粤B2VW07,113.894691,22.553967,1174
粤B2VW07,113.903564,22.544935,1175
粤B2VW07,113.897133,22.551317,1175
粤B2VW07,113.913712,22.54377,1176
粤B2VW07,113.896477,22.555626,1177
粤B2VW07,113.915176,22.542307,1177
粤B2VW07,113.915215,22.541607,1178
粤B2VW07,113.915215,22.541607,1178
粤B2VW07,113.91684,22.539818,1179
粤B2VW07,113.916466,22.537537,1180
粤B2VW07,113.917419,22.537477,1180
粤B2VW07,113.917419,22.537487,1180
粤B2VW07,113.919426,22.537552,1181
粤B2VW07,113.919807,22.535873,1182
粤B2VW07,113.919868,22.535789,1183
粤B2VW07,113.919868,22.535789,1183
粤B2VW07,113.915176,22.542307,1183
粤B2VW07,113.919891,22.535641,1184
粤B2VW07,113.919495,22.531919,1185
粤B2VW07,113.91935,22.531931,1185
粤B2VW07,113.91935,22.531931,1186
粤B2VW07,113.91935,22.531931,1188
粤B2VW07,113.919807,22.535873,1188
粤B2VW07,113.91935,22.531931,1193
粤B2VW07,113.91935,22.531931,1194
粤B2VW07,113.91935,22.531931,1198
粤B2VW07,113.91935,22.531931,1199
粤B2VW07,113.91935,22.531931,1201
粤B2VW07,113.91935,22.531931,1203
粤B2VW07,113.919502,22.531956,1203
粤B2VW07,113.919502,22.531956,1204
粤B2VW07,113.919502,22.531845,1205
粤B2VW07,113.919868,22.532679,1206
粤B2VW07,113.919991,22.535135,1207
粤B2VW07,113.919151,22.535456,1207
粤B2VW07,113.914314,22.535604,1208
粤B2VW07,113.919502,22.531956,1208
粤B2VW07,113.910667,22.535439,1209
粤B2VW07,113.910667,22.535439,1209
粤B2VW07,113.910507,22.535587,1210
粤B2VW07,113.910477,22.535625,1210
粤B2VW07,113.910332,22.538813,1211
粤B2VW07,113.910316,22.539303,1212
粤B2VW07,113.912018,22.539295,1212
粤B2VW07,113.913246,22.539137,1213
粤B2VW07,113.914848,22.538837,1214
粤B2VW07,113.919151,22.535456,1214
粤B2VW07,113.914848,22.538837,1214
粤B2VW07,113.91581,22.538525,1215
粤B2VW07,113.916351,22.536266,1216
粤B2VW07,113.916351,22.536266,1216
粤B2VW07,113.916214,22.535568,1217
粤B2VW07,113.916298,22.535707,1217
粤B2VW07,113.918533,22.535185,1218
粤B2VW07,113.918549,22.535236,1219
粤B2VW07,113.918549,22.535236,1219
粤B2VW07,113.913246,22.539137,1219
粤B2VW07,113.918526,22.535212,1220
粤B2VW07,113.918602,22.535248,1221
粤B2VW07,113.918655,22.535307,1222
粤B2VW07,113.91864,22.535292,1222
粤B2VW07,113.918671,22.535318,1223
粤B2VW07,113.918663,22.535294,1224
粤B2VW07,113.918533,22.535185,1224
粤B2VW07,113.918648,22.535265,1225
粤B2VW07,113.918663,22.535294,1225
粤B2VW07,113.918648,22.535282,1226
粤B2VW07,113.91864,22.535273,1227
粤B2VW07,113.918648,22.535294,1227
粤B2VW07,113.918648,22.535299,1228
粤B2VW07,113.918648,22.535288,1229
粤B2VW07,113.918671,22.535318,1229
粤B2VW07,113.918648,22.535288,1230
粤B2VW07,113.918617,22.535261,1230
粤B2VW07,113.918625,22.535269,1231
粤B2VW07,113.918625,22.535269,1231
粤B2VW07,113.918648,22.535294,1232
粤B2VW07,113.918648,22.535307,1232
粤B2VW07,113.918633,22.535297,1233
粤B2VW07,113.918648,22.535299,1234
粤B2VW07,113.918633,22.535286,1234
粤B2VW07,113.918633,22.535282,1235
粤B2VW07,113.918633,22.535282,1235
粤B2VW07,113.9189,22.535265,1236
粤B2VW07,113.918938,22.535269,1236
粤B2VW07,113.918892,22.535263,1236
粤B2VW07,113.9198,22.532919,1237
粤B2VW07,113.919449,22.530849,1238
粤B2VW07,113.91938,22.530338,1239
粤B2VW07,113.918633,22.535297,1239
粤B2VW07,113.918633,22.527466,1240
粤B2VW07,113.918633,22.527466,1240
粤B2VW07,113.918633,22.527473,1240
粤B2VW07,113.918121,22.525221,1241
粤B2VW07,113.917755,22.523468,1242
粤B2VW07,113.917084,22.521137,1243
粤B2VW07,113.914902,22.518946,1244
粤B2VW07,113.91938,22.530338,1244
粤B2VW07,113.914772,22.51882,1245
粤B2VW07,113.914772,22.51882,1245
粤B2VW07,113.914536,22.518539,1245
粤B2VW07,113.91452,22.518545,1246
粤B2VW07,113.91452,22.518545,1247
粤B2VW07,113.916512,22.515331,1248
粤B2VW07,113.916779,22.514248,1249
粤B2VW07,113.916786,22.514252,1249
粤B2VW07,113.914902,22.518946,1250
粤B2VW07,113.917839,22.513905,1250
粤B2VW07,113.916885,22.514175,1250
粤B2VW07,113.916885,22.514175,1250
粤B2VW07,113.920067,22.514463,1251
粤B2VW07,113.920853,22.513048,1252
粤B2VW07,113.920532,22.51198,1253
粤B2VW07,113.921516,22.514042,1254
粤B2VW07,113.916779,22.514248,1255
粤B2VW07,113.923546,22.515642,1255
粤B2VW07,113.924126,22.517616,1255
粤B2VW07,113.924126,22.517616,1256
粤B2VW07,113.924629,22.517803,1256
粤B2VW07,113.927299,22.517885,1257
粤B2VW07,113.928474,22.519438,1258
粤B2VW07,113.929726,22.520891,1259
粤B2VW07,113.93084,22.520367,1260
粤B2VW07,113.931,22.520477,1260
粤B2VW07,113.930679,22.520348,1260
粤B2VW07,113.921516,22.514042,1260
粤B2VW07,113.931,22.520477,1261
粤B2VW07,113.928413,22.523455,1262
粤B2VW07,113.930672,22.522251,1262
粤B2VW07,113.929665,22.526674,1263
粤B2VW07,113.928604,22.526848,1264
粤B2VW07,113.925545,22.526623,1265
粤B2VW07,113.930679,22.520348,1265
粤B2VW07,113.925499,22.527346,1265
粤B2VW07,113.925385,22.52882,1266
粤B2VW07,113.9254,22.528809,1266
粤B2VW07,113.925499,22.527346,1266
粤B2VW07,113.926613,22.528513,1267
粤B2VW07,113.929016,22.528337,1268
粤B2VW07,113.929672,22.527218,1269
粤B2VW07,113.929657,22.527298,1269
粤B2VW07,113.925545,22.526623,1270
粤B2VW07,113.928459,22.52376,1270
粤B2VW07,113.927795,22.520121,1270
粤B2VW07,113.927795,22.520121,1271
粤B2VW07,113.92778,22.518784,1271
粤B2VW07,113.927628,22.51803,1272
粤B2VW07,113.930794,22.517109,1273
粤B2VW07,113.934166,22.516258,1274
粤B2VW07,113.936295,22.512356,1275
粤B2VW07,113.936356,22.513453,1275
粤B2VW07,113.928459,22.52376,1275
粤B2VW07,113.936279,22.51235,1275
粤B2VW07,113.936325,22.509809,1276
粤B2VW07,113.936279,22.51235,1276
粤B2VW07,113.933342,22.508188,1277
粤B2VW07,113.935951,22.508207,1277
粤B2VW07,113.935951,22.508207,1277
粤B2VW07,113.932892,22.51284,1278
粤B2VW07,113.932899,22.512857,1279
粤B2VW07,113.934357,22.517548,1280
粤B2VW07,113.933861,22.51602,1280
粤B2VW07,113.930878,22.519398,1281
粤B2VW07,113.936356,22.513453,1281
粤B2VW07,113.930878,22.519398,1281
粤B2VW07,113.930763,22.519842,1282
粤B2VW07,113.931091,22.5208,1283
粤B2VW07,113.930923,22.520838,1283
粤B2VW07,113.930756,22.520821,1284
粤B2VW07,113.931107,22.520929,1284
粤B2VW07,113.931122,22.520723,1285
粤B2VW07,113.930473,22.519642,1285
粤B2VW07,113.929367,22.519413,1286
粤B2VW07,113.933861,22.51602,1286
粤B2VW07,113.929367,22.519413,1286
粤B2VW07,113.928001,22.519653,1287
粤B2VW07,113.927986,22.519646,1288
粤B2VW07,113.927132,22.518026,1289
粤B2VW07,113.931122,22.520723,1290
粤B2VW07,113.922798,22.517948,1290
粤B2VW07,113.924973,22.51796,1290
粤B2VW07,113.922523,22.517967,1291
粤B2VW07,113.922333,22.517916,1292
粤B2VW07,113.922523,22.517967,1292
粤B2VW07,113.922333,22.517916,1292
粤B2VW07,113.922363,22.51792,1293
粤B2VW07,113.921761,22.518173,1294
粤B2VW07,113.918022,22.520823,1295
粤B2VW07,113.922798,22.517948,1295
粤B2VW07,113.917961,22.520824,1295
粤B2VW07,113.914703,22.518961,1296
粤B2VW07,113.913635,22.517771,1297
粤B2VW07,113.914703,22.518961,1297
粤B2VW07,113.909912,22.515177,1298
粤B2VW07,113.907692,22.514883,1299
粤B2VW07,113.917961,22.520824,1300
粤B2VW07,113.905968,22.515369,1300
粤B2VW07,113.905144,22.515766,1300
粤B2VW07,113.905113,22.515774,1301
粤B2VW07,113.905113,22.515774,1302
粤B2VW07,113.904556,22.516062,1302
粤B2VW07,113.903908,22.516451,1303
粤B2VW07,113.903885,22.516453,1304
粤B2VW07,113.900566,22.514713,1305
粤B2VW07,113.903885,22.516453,1305
粤B2VW07,113.905144,22.515766,1305
粤B2VW07,113.900887,22.513784,1309
粤B2VW07,113.900566,22.514713,1310
粤B2VW07,113.904297,22.517162,1310
粤B2VW07,113.903458,22.516294,1310
粤B2VW07,113.908363,22.521629,1311
粤B2VW07,113.909256,22.523645,1312
粤B2VW07,113.911636,22.525984,1313
粤B2VW07,113.914474,22.528706,1314
粤B2VW07,113.914085,22.531122,1315
粤B2VW07,113.916023,22.531557,1315
粤B2VW07,113.914116,22.531136,1315
粤B2VW07,113.904297,22.517162,1316
粤B2VW07,113.916084,22.534958,1316
粤B2VW07,113.916199,22.535286,1317
粤B2VW07,113.916199,22.535286,1317
粤B2VW07,113.916298,22.536526,1318
粤B2VW07,113.918999,22.538595,1319
粤B2VW07,113.922142,22.538885,1320
粤B2VW07,113.922142,22.538885,1320
粤B2VW07,113.92244,22.538958,1320
粤B2VW07,113.922462,22.54458,1321
粤B2VW07,113.916084,22.534958,1321
粤B2VW07,113.922585,22.545948,1322
粤B2VW07,113.923073,22.549902,1323
粤B2VW07,113.922585,22.545948,1323
粤B2VW07,113.923012,22.551489,1324
粤B2VW07,113.92308,22.554705,1325
粤B2VW07,113.922958,22.553722,1325
粤B2VW07,113.92308,22.554703,1325
粤B2VW07,113.923103,22.554722,1326
粤B2VW07,113.922462,22.54458,1326
粤B2VW07,113.923103,22.554735,1327
粤B2VW07,113.923103,22.554735,1328
粤B2VW07,113.923073,22.554749,1328
粤B2VW07,113.923096,22.554794,1329
粤B2VW07,113.923103,22.554962,1330
粤B2VW07,113.923096,22.554882,1330
粤B2VW07,113.923103,22.554722,1331
粤B2VW07,113.923119,22.554947,1331
粤B2VW07,113.923103,22.554945,1332
粤B2VW07,113.923042,22.554001,1333
粤B2VW07,113.923042,22.554001,1333
粤B2VW07,113.922935,22.551792,1334
粤B2VW07,113.923012,22.551373,1335
粤B2VW07,113.921875,22.549406,1335
粤B2VW07,113.923012,22.551409,1335
粤B2VW07,113.923012,22.551373,1335
粤B2VW07,113.923119,22.554947,1336
粤B2VW07,113.918938,22.549273,1336
粤B2VW07,113.918655,22.54673,1337
粤B2VW07,113.918114,22.543457,1338
粤B2VW07,113.918114,22.543457,1338
粤B2VW07,113.911331,22.545612,1339
粤B2VW07,113.907188,22.552778,1340
粤B2VW07,113.9021,22.559032,1340
粤B2VW07,113.895462,22.564045,1341
粤B2VW07,113.918938,22.549273,1341
粤B2VW07,113.890083,22.56987,1342
粤B2VW07,113.884773,22.574862,1343
粤B2VW07,113.884773,22.574862,1343
粤B2VW07,113.879349,22.579967,1344
粤B2VW07,113.873718,22.585922,1345
粤B2VW07,113.868858,22.592245,1345
粤B2VW07,113.86956,22.594658,1346
粤B2VW07,113.87159,22.595953,1347
粤B2VW07,113.871574,22.595995,1347
粤B2VW07,113.895462,22.564045,1347
粤B2VW07,113.869774,22.594879,1348
粤B2VW07,113.869774,22.594879,1348
粤B2VW07,113.871559,22.59137,1349
粤B2VW07,113.871605,22.591305,1349
粤B2VW07,113.872818,22.589363,1350
粤B2VW07,113.875603,22.586113,1351
粤B2VW07,113.86956,22.594658,1352
粤B2VW07,113.875473,22.586357,1352
粤B2VW07,113.873665,22.588175,1353
粤B2VW07,113.872452,22.590385,1354
粤B2VW07,113.873665,22.588175,1354
粤B2VW07,113.871887,22.591106,1355
粤B2VW07,113.871918,22.591085,1355
粤B2VW07,113.871849,22.591091,1356
粤B2VW07,113.871811,22.591093,1357
粤B2VW07,113.875473,22.586357,1357
粤B2VW07,113.871536,22.591391,1358
粤B2VW07,113.871536,22.591391,1359
粤B2VW07,113.87294,22.589272,1359
粤B2VW07,113.874756,22.587072,1360
粤B2VW07,113.875786,22.586067,1360
粤B2VW07,113.878082,22.583679,1361
粤B2VW07,113.871811,22.591093,1362
粤B2VW07,113.880119,22.58177,1362
粤B2VW07,113.882805,22.579506,1363
粤B2VW07,113.885689,22.576229,1364
粤B2VW07,113.891342,22.570423,1365
粤B2VW07,113.888824,22.572872,1365
粤B2VW07,113.888824,22.572872,1365
粤B2VW07,113.894722,22.567139,1366
粤B2VW07,113.89682,22.565073,1367
粤B2VW07,113.880119,22.58177,1367
粤B2VW07,113.898048,22.563574,1368
粤B2VW07,113.898041,22.563585,1368
粤B2VW07,113.898705,22.562981,1369
粤B2VW07,113.898705,22.562981,1369
粤B2VW07,113.900192,22.56365,1370
粤B2VW07,113.901306,22.56447,1370
粤B2VW07,113.89682,22.565073,1372
粤B2VW07,113.900055,22.558823,1372
粤B2VW07,113.894531,22.553799,1373
粤B2VW07,113.894531,22.553799,1374
粤B2VW07,113.909805,22.543167,1375
粤B2VW07,113.905945,22.54442,1375
粤B2VW07,113.909836,22.543089,1376
粤B2VW07,113.910202,22.540148,1376
粤B2VW07,113.910248,22.539951,1377
粤B2VW07,113.910095,22.541964,1378
粤B2VW07,113.900055,22.558823,1378
粤B2VW07,113.909821,22.544231,1379
粤B2VW07,113.909821,22.544231,1379
粤B2VW07,113.904633,22.544743,1380
粤B2VW07,113.909836,22.544224,1380
粤B2VW07,113.909836,22.544224,1380
粤B2VW07,113.899223,22.549843,1381
粤B2VW07,113.898239,22.550907,1382
粤B2VW07,113.910248,22.539951,1383
粤B2VW07,113.897659,22.551443,1383
粤B2VW07,113.896301,22.552713,1384
粤B2VW07,113.896416,22.552612,1384
粤B2VW07,113.896301,22.552713,1384
粤B2VW07,113.894905,22.554031,1385
粤B2VW07,113.889915,22.558687,1385
粤B2VW07,113.887421,22.56109,1386
粤B2VW07,113.884064,22.564363,1387
粤B2VW07,113.897659,22.551443,1388
粤B2VW07,113.879143,22.56884,1388
粤B2VW07,113.875679,22.571741,1389
粤B2VW07,113.872749,22.573841,1390
粤B2VW07,113.875717,22.571741,1390
粤B2VW07,113.875717,22.571741,1390
粤B2VW07,113.866684,22.578178,1391
粤B2VW07,113.866348,22.578501,1392
粤B2VW07,113.866295,22.578499,1392
粤B2VW07,113.879143,22.56884,1393
粤B2VW07,113.864075,22.580196,1393
粤B2VW07,113.863861,22.580423,1394
粤B2VW07,113.867455,22.57708,1395
粤B2VW07,113.863693,22.580601,1395
粤B2VW07,113.867455,22.57708,1395
粤B2VW07,113.863693,22.580601,1395
粤B2VW07,113.873177,22.573202,1396
粤B2VW07,113.874931,22.571947,1397
粤B2VW07,113.880219,22.567513,1398
粤B2VW07,113.864075,22.580196,1398
粤B2VW07,113.886169,22.561796,1399
粤B2VW07,113.886314,22.561647,1400
粤B2VW07,113.886314,22.561647,1400
粤B2VW07,113.886314,22.56163,1400
粤B2VW07,113.889427,22.55872,1401
粤B2VW07,113.893959,22.554358,1402
粤B2VW07,113.897873,22.550491,1403
粤B2VW07,113.880219,22.567513,1403
粤B2VW07,113.901085,22.547447,1404
粤B2VW07,113.904518,22.538902,1405
粤B2VW07,113.904396,22.542192,1405
粤B2VW07,113.904396,22.542192,1405
粤B2VW07,113.904564,22.538897,1406
粤B2VW07,113.904602,22.538883,1407
粤B2VW07,113.904602,22.53887,1408
粤B2VW07,113.893959,22.554358,1409
粤B2VW07,113.904587,22.53887,1409
粤B2VW07,113.904587,22.538876,1410
粤B2VW07,113.904587,22.538876,1410
粤B2VW07,113.904716,22.537634,1410
粤B2VW07,113.904785,22.535313,1411
粤B2VW07,113.904716,22.537634,1411
粤B2VW07,113.906929,22.535112,1412
粤B2VW07,113.913147,22.535378,1413
粤B2VW07,113.904602,22.53887,1414
粤B2VW07,113.914619,22.535444,1414
粤B2VW07,113.919762,22.535137,1415
粤B2VW07,113.919838,22.533978,1415
粤B2VW07,113.919655,22.531992,1415
粤B2VW07,113.919655,22.531992,1415
粤B2VW07,113.91851,22.527462,1416
粤B2VW07,113.915962,22.527437,1417
粤B2VW07,113.915077,22.527182,1418
粤B2VW07,113.914619,22.535444,1419
粤B2VW07,113.910744,22.52598,1419
粤B2VW07,113.908295,22.526672,1420
粤B2VW07,113.909843,22.525948,1420
粤B2VW07,113.907425,22.527397,1421
粤B2VW07,113.908295,22.526672,1421
粤B2VW07,113.907333,22.529678,1422
粤B2VW07,113.906937,22.531748,1423
粤B2VW07,113.910744,22.52598,1424
粤B2VW07,113.908012,22.535095,1424
粤B2VW07,113.915794,22.535439,1425
粤B2VW07,113.913742,22.535402,1425
粤B2VW07,113.915794,22.535439,1426
粤B2VW07,113.915871,22.53558,1426
粤B2VW07,113.915794,22.535439,1426
粤B2VW07,113.919785,22.534054,1427
粤B2VW07,113.919724,22.534081,1427
粤B2VW07,113.919731,22.532936,1428
粤B2VW07,113.919479,22.531975,1428
粤B2VW07,113.908012,22.535095,1429
粤B2VW07,113.919479,22.531975,1431
粤B2VW07,113.919662,22.530766,1432
粤B2VW07,113.919174,22.530577,1433
粤B2VW07,113.918877,22.530607,1433
粤B2VW07,113.919479,22.531975,1434
粤B2VW07,113.918877,22.530607,1436
粤B2VW07,113.918877,22.530607,1439
