粤B7HX45,113.890617,22.587,8
粤B7HX45,113.890617,22.587,9
粤B7HX45,113.890617,22.587,9
粤B7HX45,113.890617,22.587,10
粤B7HX45,113.890617,22.587,11
粤B7HX45,113.890617,22.587,12
粤B7HX45,113.890617,22.587,13
粤B7HX45,113.890617,22.587,14
粤B7HX45,113.890617,22.587,15
粤B7HX45,113.890617,22.587,16
粤B7HX45,113.890617,22.587,17
粤B7HX45,113.890617,22.587,18
粤B7HX45,113.890617,22.587,19
粤B7HX45,113.890617,22.587,20
粤B7HX45,113.890617,22.587,20
粤B7HX45,113.890617,22.587,21
粤B7HX45,113.890617,22.587,22
粤B7HX45,113.890617,22.587,23
粤B7HX45,113.890617,22.587,24
粤B7HX45,113.890617,22.587,25
粤B7HX45,113.890617,22.587,26
粤B7HX45,113.890617,22.587,27
粤B7HX45,113.890617,22.587,28
粤B7HX45,113.890617,22.587,29
粤B7HX45,113.890617,22.587,30
粤B7HX45,113.890617,22.587,31
粤B7HX45,113.890617,22.587,31
粤B7HX45,113.890617,22.587,32
粤B7HX45,113.890617,22.587,33
粤B7HX45,113.890617,22.587,34
粤B7HX45,113.890617,22.587,35
粤B7HX45,113.890617,22.587,36
粤B7HX45,113.890617,22.587,37
粤B7HX45,113.890617,22.587,38
粤B7HX45,113.890617,22.587,39
粤B7HX45,113.890617,22.587,40
粤B7HX45,113.890617,22.587,41
粤B7HX45,113.890617,22.587,42
粤B7HX45,113.890617,22.587,42
粤B7HX45,113.890617,22.587,43
粤B7HX45,113.890617,22.587,44
粤B7HX45,113.890617,22.587,45
粤B7HX45,113.890617,22.587,46
粤B7HX45,113.890617,22.587,47
粤B7HX45,113.890617,22.587,48
粤B7HX45,113.890617,22.587,49
粤B7HX45,113.890617,22.587,50
粤B7HX45,113.890617,22.587,51
粤B7HX45,113.890297,22.587049,53
粤B7HX45,113.890297,22.587049,53
粤B7HX45,113.890297,22.587049,54
粤B7HX45,113.890297,22.587049,55
粤B7HX45,113.890297,22.587049,56
粤B7HX45,113.890297,22.587049,57
粤B7HX45,113.890297,22.587049,58
粤B7HX45,113.890297,22.587049,59
粤B7HX45,113.890297,22.587049,60
粤B7HX45,113.890297,22.587049,61
粤B7HX45,113.890297,22.587049,62
粤B7HX45,113.890297,22.587049,63
粤B7HX45,113.890297,22.587049,64
粤B7HX45,113.890297,22.587049,64
粤B7HX45,113.890297,22.587049,65
粤B7HX45,113.890297,22.587049,66
粤B7HX45,113.890297,22.587049,67
粤B7HX45,113.890297,22.587049,68
粤B7HX45,113.890297,22.587049,69
粤B7HX45,113.890297,22.587049,70
粤B7HX45,113.890297,22.587049,71
粤B7HX45,113.890297,22.587049,72
粤B7HX45,113.890297,22.587049,73
粤B7HX45,113.890297,22.587049,74
粤B7HX45,113.890297,22.587049,75
粤B7HX45,113.890297,22.587049,75
粤B7HX45,113.890297,22.587049,76
粤B7HX45,113.890297,22.587049,77
粤B7HX45,113.890297,22.587049,78
粤B7HX45,113.890297,22.587049,79
粤B7HX45,113.890297,22.587049,80
粤B7HX45,113.890297,22.587049,81
粤B7HX45,113.890297,22.587049,82
粤B7HX45,113.890297,22.587049,83
粤B7HX45,113.890297,22.587049,84
粤B7HX45,113.890297,22.587049,85
粤B7HX45,113.890297,22.587049,86
粤B7HX45,113.890297,22.587049,86
粤B7HX45,113.890297,22.587049,87
粤B7HX45,113.890297,22.587049,88
粤B7HX45,113.890297,22.587049,89
粤B7HX45,113.890297,22.587049,90
粤B7HX45,113.890297,22.587049,91
粤B7HX45,113.890297,22.587049,92
粤B7HX45,113.890297,22.587049,93
粤B7HX45,113.890297,22.587049,94
粤B7HX45,113.890297,22.587049,95
粤B7HX45,113.890297,22.587049,96
粤B7HX45,113.890297,22.587049,97
粤B7HX45,113.890297,22.587049,97
粤B7HX45,113.890297,22.587049,98
粤B7HX45,113.890297,22.587049,99
粤B7HX45,113.890297,22.587049,100
粤B7HX45,113.890297,22.587049,101
粤B7HX45,113.890297,22.587049,102
粤B7HX45,113.890297,22.587049,103
粤B7HX45,113.890297,22.587049,104
粤B7HX45,113.890297,22.587049,105
粤B7HX45,113.890297,22.587049,106
粤B7HX45,113.890297,22.587049,107
粤B7HX45,113.890297,22.587049,108
粤B7HX45,113.890297,22.587049,108
粤B7HX45,113.890297,22.587049,109
粤B7HX45,113.890297,22.587049,110
粤B7HX45,113.890297,22.587049,111
粤B7HX45,113.890297,22.587049,112
粤B7HX45,113.890297,22.587049,113
粤B7HX45,113.890297,22.587049,114
粤B7HX45,113.890297,22.587049,115
粤B7HX45,113.890297,22.587049,116
粤B7HX45,113.890297,22.587049,117
粤B7HX45,113.890297,22.587049,118
粤B7HX45,113.890297,22.587049,119
粤B7HX45,113.890297,22.587049,119
粤B7HX45,113.890297,22.587049,120
粤B7HX45,113.890297,22.587049,121
粤B7HX45,113.890297,22.587049,122
粤B7HX45,113.890297,22.587049,123
粤B7HX45,113.890297,22.587049,124
粤B7HX45,113.890297,22.587049,125
粤B7HX45,113.890297,22.587049,126
粤B7HX45,113.890297,22.587049,127
粤B7HX45,113.890297,22.587049,128
粤B7HX45,113.890297,22.587049,129
粤B7HX45,113.890297,22.587049,130
粤B7HX45,113.890297,22.587049,130
粤B7HX45,113.890297,22.587049,131
粤B7HX45,113.890297,22.587049,132
粤B7HX45,113.890297,22.587049,133
粤B7HX45,113.890297,22.587049,134
粤B7HX45,113.890297,22.587049,135
粤B7HX45,113.890297,22.587049,136
粤B7HX45,113.890297,22.587049,137
粤B7HX45,113.890297,22.587049,138
粤B7HX45,113.890297,22.587049,139
粤B7HX45,113.890297,22.587049,140
粤B7HX45,113.890297,22.587049,141
粤B7HX45,113.890297,22.587049,141
粤B7HX45,113.890297,22.587049,142
粤B7HX45,113.890297,22.587049,143
粤B7HX45,113.890297,22.587049,144
粤B7HX45,113.890297,22.587049,145
粤B7HX45,113.890297,22.587049,146
粤B7HX45,113.890297,22.587049,147
粤B7HX45,113.890297,22.587049,148
粤B7HX45,113.890297,22.587049,149
粤B7HX45,113.890297,22.587049,150
粤B7HX45,113.890297,22.587049,151
粤B7HX45,113.890297,22.587049,152
粤B7HX45,113.890297,22.587049,152
粤B7HX45,113.890297,22.587049,153
粤B7HX45,113.890297,22.587049,154
粤B7HX45,113.890297,22.587049,155
粤B7HX45,113.890297,22.587049,156
粤B7HX45,113.890297,22.587049,157
粤B7HX45,113.890297,22.587049,158
粤B7HX45,113.890297,22.587049,159
粤B7HX45,113.890297,22.587049,160
粤B7HX45,113.890297,22.587049,161
粤B7HX45,113.890297,22.587049,162
粤B7HX45,113.890297,22.587049,163
粤B7HX45,113.890297,22.587049,163
粤B7HX45,113.890297,22.587049,164
粤B7HX45,113.890297,22.587049,165
粤B7HX45,113.890297,22.587049,166
粤B7HX45,113.890297,22.587049,167
粤B7HX45,113.890297,22.587049,168
粤B7HX45,113.890297,22.587049,169
粤B7HX45,113.890297,22.587049,170
粤B7HX45,113.890297,22.587049,171
粤B7HX45,113.890297,22.587049,172
粤B7HX45,113.890297,22.587049,173
粤B7HX45,113.890297,22.587049,174
粤B7HX45,113.890297,22.587049,174
粤B7HX45,113.890297,22.587049,175
粤B7HX45,113.890297,22.587049,176
粤B7HX45,113.890297,22.587049,177
粤B7HX45,113.890297,22.587049,178
粤B7HX45,113.890297,22.587049,179
粤B7HX45,113.890297,22.587049,180
粤B7HX45,113.890297,22.587049,181
粤B7HX45,113.890297,22.587049,182
粤B7HX45,113.890297,22.587049,183
粤B7HX45,113.890297,22.587049,192
粤B7HX45,113.890297,22.587049,193
粤B7HX45,113.890297,22.587049,194
粤B7HX45,113.890297,22.587049,195
粤B7HX45,113.890297,22.587049,196
粤B7HX45,113.890297,22.587049,196
粤B7HX45,113.890297,22.587049,197
粤B7HX45,113.890297,22.587049,198
粤B7HX45,113.890297,22.587049,199
粤B7HX45,113.890297,22.587049,200
粤B7HX45,113.890297,22.587049,201
粤B7HX45,113.890297,22.587049,202
粤B7HX45,113.890297,22.587049,203
粤B7HX45,113.890297,22.587049,204
粤B7HX45,113.890297,22.587049,205
粤B7HX45,113.890297,22.587049,206
粤B7HX45,113.890297,22.587049,207
粤B7HX45,113.890297,22.587049,207
粤B7HX45,113.890297,22.587049,208
粤B7HX45,113.890297,22.587049,209
粤B7HX45,113.890297,22.587049,210
粤B7HX45,113.890297,22.587049,211
粤B7HX45,113.890297,22.587049,212
粤B7HX45,113.890297,22.587049,213
粤B7HX45,113.890297,22.587049,214
粤B7HX45,113.890297,22.587049,215
粤B7HX45,113.890297,22.587049,216
粤B7HX45,113.890297,22.587049,217
粤B7HX45,113.890297,22.587049,218
粤B7HX45,113.890297,22.587049,218
粤B7HX45,113.890297,22.587049,219
粤B7HX45,113.890297,22.587049,220
粤B7HX45,113.890297,22.587049,221
粤B7HX45,113.890297,22.587049,222
粤B7HX45,113.890297,22.587049,223
粤B7HX45,113.890297,22.587049,224
粤B7HX45,113.890297,22.587049,225
粤B7HX45,113.890297,22.587049,226
粤B7HX45,113.890297,22.587049,227
粤B7HX45,113.890297,22.587049,228
粤B7HX45,113.890297,22.587049,229
粤B7HX45,113.890297,22.587049,229
粤B7HX45,113.890297,22.587049,230
粤B7HX45,113.890297,22.587049,231
粤B7HX45,113.890297,22.587049,232
粤B7HX45,113.890297,22.587049,233
粤B7HX45,113.890297,22.587049,234
粤B7HX45,113.890297,22.587049,238
粤B7HX45,113.890297,22.587049,239
粤B7HX45,113.890297,22.587049,240
粤B7HX45,113.890297,22.587049,240
粤B7HX45,113.890297,22.587049,241
粤B7HX45,113.890297,22.587049,242
粤B7HX45,113.890297,22.587049,243
粤B7HX45,113.890297,22.587049,244
粤B7HX45,113.890297,22.587049,246
粤B7HX45,113.890297,22.587049,248
粤B7HX45,113.890297,22.587049,249
粤B7HX45,113.890297,22.587049,250
粤B7HX45,113.890297,22.587049,251
粤B7HX45,113.890297,22.587049,251
粤B7HX45,113.890297,22.587049,252
粤B7HX45,113.890297,22.587049,253
粤B7HX45,113.890297,22.587049,254
粤B7HX45,113.890297,22.587049,255
粤B7HX45,113.890297,22.587049,256
粤B7HX45,113.890297,22.587049,257
粤B7HX45,113.890297,22.587049,258
粤B7HX45,113.890297,22.587049,259
粤B7HX45,113.890297,22.587049,260
粤B7HX45,113.890297,22.587049,261
粤B7HX45,113.890297,22.587049,262
粤B7HX45,113.890297,22.587049,262
粤B7HX45,113.890297,22.587049,263
粤B7HX45,113.890297,22.587049,264
粤B7HX45,113.890297,22.587049,265
粤B7HX45,113.890297,22.587049,266
粤B7HX45,113.890297,22.587049,267
粤B7HX45,113.890297,22.587049,268
粤B7HX45,113.890297,22.587049,269
粤B7HX45,113.890297,22.587049,270
粤B7HX45,113.890297,22.587049,271
粤B7HX45,113.890297,22.587049,272
粤B7HX45,113.890297,22.587049,273
粤B7HX45,113.890297,22.587049,273
粤B7HX45,113.890297,22.587049,274
粤B7HX45,113.890297,22.587049,275
粤B7HX45,113.890297,22.587049,276
粤B7HX45,113.890297,22.587049,277
粤B7HX45,113.890297,22.587049,278
粤B7HX45,113.890297,22.587049,279
粤B7HX45,113.890297,22.587049,280
粤B7HX45,113.890297,22.587049,281
粤B7HX45,113.890297,22.587049,282
粤B7HX45,113.890297,22.587049,283
粤B7HX45,113.890297,22.587049,284
粤B7HX45,113.890297,22.587049,284
粤B7HX45,113.890297,22.587049,285
粤B7HX45,113.890297,22.587049,286
粤B7HX45,113.890297,22.587049,287
粤B7HX45,113.890297,22.587049,288
粤B7HX45,113.890297,22.587049,289
粤B7HX45,113.890297,22.587049,290
粤B7HX45,113.890297,22.587049,291
粤B7HX45,113.890297,22.587049,292
粤B7HX45,113.890297,22.587049,293
粤B7HX45,113.890297,22.587049,294
粤B7HX45,113.890297,22.587049,295
粤B7HX45,113.890297,22.587049,295
粤B7HX45,113.890297,22.587049,296
粤B7HX45,113.890297,22.587049,297
粤B7HX45,113.890297,22.587049,298
粤B7HX45,113.890297,22.587049,299
粤B7HX45,113.890297,22.587049,300
粤B7HX45,113.890297,22.587049,301
粤B7HX45,113.890297,22.587049,302
粤B7HX45,113.890297,22.587049,303
粤B7HX45,113.890297,22.587049,304
粤B7HX45,113.890297,22.587049,305
粤B7HX45,113.890297,22.587049,306
粤B7HX45,113.890297,22.587049,306
粤B7HX45,113.890297,22.587049,307
粤B7HX45,113.890297,22.587049,308
粤B7HX45,113.890297,22.587049,309
粤B7HX45,113.890297,22.587049,310
粤B7HX45,113.890297,22.587049,311
粤B7HX45,113.890297,22.587049,312
粤B7HX45,113.890297,22.587049,313
粤B7HX45,113.890297,22.587049,314
粤B7HX45,113.890297,22.587049,315
粤B7HX45,113.890297,22.587049,316
粤B7HX45,113.890297,22.587049,317
粤B7HX45,113.890297,22.587049,317
粤B7HX45,113.890297,22.587049,318
粤B7HX45,113.890297,22.587049,319
粤B7HX45,113.890297,22.587049,320
粤B7HX45,113.890297,22.587049,321
粤B7HX45,113.890297,22.587049,322
粤B7HX45,113.890297,22.587049,323
粤B7HX45,113.890297,22.587049,324
粤B7HX45,113.890297,22.587049,325
粤B7HX45,113.890297,22.587049,326
粤B7HX45,113.890297,22.587049,327
粤B7HX45,113.890297,22.587049,328
粤B7HX45,113.890297,22.587049,328
粤B7HX45,113.890297,22.587049,329
粤B7HX45,113.890297,22.587049,330
粤B7HX45,113.890297,22.587049,331
粤B7HX45,113.890297,22.587049,332
粤B7HX45,113.890297,22.587049,333
粤B7HX45,113.890297,22.587049,334
粤B7HX45,113.890297,22.587049,335
粤B7HX45,113.890297,22.587049,336
粤B7HX45,113.890297,22.587049,337
粤B7HX45,113.890297,22.587049,338
粤B7HX45,113.890297,22.587049,339
粤B7HX45,113.890297,22.587049,339
粤B7HX45,113.890297,22.587049,340
粤B7HX45,113.890297,22.587049,341
粤B7HX45,113.890297,22.587049,342
粤B7HX45,113.890297,22.587049,343
粤B7HX45,113.890297,22.587049,344
粤B7HX45,113.890297,22.587049,345
粤B7HX45,113.890297,22.587049,346
粤B7HX45,113.890297,22.587049,347
粤B7HX45,113.890297,22.587049,348
粤B7HX45,113.890297,22.587049,349
粤B7HX45,113.890297,22.587049,350
粤B7HX45,113.890297,22.587049,350
粤B7HX45,113.890297,22.587049,351
粤B7HX45,113.890297,22.587049,352
粤B7HX45,113.890297,22.587049,353
粤B7HX45,113.890297,22.587049,354
粤B7HX45,113.890297,22.587049,355
粤B7HX45,113.890297,22.587049,356
粤B7HX45,113.890297,22.587049,357
粤B7HX45,113.890297,22.587049,358
粤B7HX45,113.890297,22.587049,359
粤B7HX45,113.890297,22.587049,360
粤B7HX45,113.890297,22.587049,361
粤B7HX45,113.890297,22.587049,361
粤B7HX45,113.890297,22.587049,362
粤B7HX45,113.890297,22.587049,363
粤B7HX45,113.890297,22.587049,364
粤B7HX45,113.890297,22.587049,365
粤B7HX45,113.890297,22.587049,366
粤B7HX45,113.890297,22.587049,367
粤B7HX45,113.890297,22.587049,368
粤B7HX45,113.890297,22.587049,369
粤B7HX45,113.890297,22.587049,370
粤B7HX45,113.890297,22.587049,371
粤B7HX45,113.890297,22.587049,372
粤B7HX45,113.890297,22.587049,372
粤B7HX45,113.890297,22.587049,373
粤B7HX45,113.890297,22.587049,374
粤B7HX45,113.890297,22.587049,375
粤B7HX45,113.890297,22.587049,376
粤B7HX45,113.890297,22.587049,377
粤B7HX45,113.890297,22.587049,378
粤B7HX45,113.890297,22.587049,379
粤B7HX45,113.890297,22.587049,380
粤B7HX45,113.890297,22.587049,381
粤B7HX45,113.890297,22.587049,382
粤B7HX45,113.890297,22.587049,383
粤B7HX45,113.890297,22.587049,383
粤B7HX45,113.890297,22.587049,384
粤B7HX45,113.890297,22.587049,385
粤B7HX45,113.890297,22.587049,386
粤B7HX45,113.890297,22.587049,387
粤B7HX45,113.890297,22.587049,388
粤B7HX45,113.890297,22.587049,389
粤B7HX45,113.890297,22.587049,390
粤B7HX45,113.890297,22.587049,391
粤B7HX45,113.890297,22.587049,392
粤B7HX45,113.890297,22.587049,393
粤B7HX45,113.890297,22.587049,394
粤B7HX45,113.890297,22.587049,394
粤B7HX45,113.890297,22.587049,395
粤B7HX45,113.890297,22.587049,396
粤B7HX45,113.890297,22.587049,397
粤B7HX45,113.890297,22.587049,398
粤B7HX45,113.890297,22.587049,399
粤B7HX45,113.890297,22.587049,400
粤B7HX45,113.890297,22.587049,401
粤B7HX45,113.890297,22.587049,402
粤B7HX45,113.890297,22.587049,403
粤B7HX45,113.890297,22.587049,404
粤B7HX45,113.890297,22.587049,405
粤B7HX45,113.890297,22.587049,405
粤B7HX45,113.890297,22.587049,406
粤B7HX45,113.890297,22.587049,407
粤B7HX45,113.890297,22.587049,408
粤B7HX45,113.890297,22.587049,409
粤B7HX45,113.890297,22.587049,410
粤B7HX45,113.890297,22.587049,411
粤B7HX45,113.890297,22.587049,412
粤B7HX45,113.890297,22.587049,413
粤B7HX45,113.890297,22.587049,414
粤B7HX45,113.890297,22.587049,415
粤B7HX45,113.890297,22.587049,416
粤B7HX45,113.890297,22.587049,416
粤B7HX45,113.890297,22.587049,417
粤B7HX45,113.890297,22.587049,418
粤B7HX45,113.890297,22.587049,419
粤B7HX45,113.890297,22.587049,420
粤B7HX45,113.890297,22.587049,421
粤B7HX45,113.890297,22.587049,422
粤B7HX45,113.890297,22.587049,423
粤B7HX45,113.890297,22.587049,424
粤B7HX45,113.890297,22.587049,425
粤B7HX45,113.890297,22.587049,426
粤B7HX45,113.890297,22.587049,427
粤B7HX45,113.890297,22.587049,427
粤B7HX45,113.890297,22.587049,428
粤B7HX45,113.890297,22.587049,429
粤B7HX45,113.890297,22.587049,430
粤B7HX45,113.890297,22.587049,431
粤B7HX45,113.890297,22.587049,432
粤B7HX45,113.890297,22.587049,433
粤B7HX45,113.890297,22.587049,434
粤B7HX45,113.890297,22.587049,435
粤B7HX45,113.890297,22.587049,436
粤B7HX45,113.890297,22.587049,437
粤B7HX45,113.890297,22.587049,438
粤B7HX45,113.890297,22.587049,438
粤B7HX45,113.890297,22.587049,439
粤B7HX45,113.890297,22.587049,440
粤B7HX45,113.890297,22.587049,441
粤B7HX45,113.890297,22.587049,442
粤B7HX45,113.890297,22.587049,443
粤B7HX45,113.890297,22.587049,444
粤B7HX45,113.890297,22.587049,445
粤B7HX45,113.890297,22.587049,446
粤B7HX45,113.890297,22.587049,447
粤B7HX45,113.890297,22.587049,448
粤B7HX45,113.890297,22.587049,449
粤B7HX45,113.890297,22.587049,449
粤B7HX45,113.890297,22.587049,450
粤B7HX45,113.890297,22.587049,451
粤B7HX45,113.890297,22.587049,452
粤B7HX45,113.890297,22.587049,453
粤B7HX45,113.890297,22.587049,454
粤B7HX45,113.890297,22.587049,455
粤B7HX45,113.890297,22.587049,456
粤B7HX45,113.890297,22.587049,457
粤B7HX45,113.890297,22.587049,458
粤B7HX45,113.890297,22.587049,459
粤B7HX45,113.890297,22.587049,460
粤B7HX45,113.890297,22.587049,460
粤B7HX45,113.890297,22.587049,461
粤B7HX45,113.890297,22.587049,462
粤B7HX45,113.890297,22.587049,463
粤B7HX45,113.890297,22.587049,464
粤B7HX45,113.889786,22.589251,465
粤B7HX45,113.888618,22.58885,466
粤B7HX45,113.888618,22.58885,467
粤B7HX45,113.885902,22.587851,468
粤B7HX45,113.884354,22.587017,469
粤B7HX45,113.881432,22.589767,470
粤B7HX45,113.882385,22.592751,471
粤B7HX45,113.879585,22.591833,471
粤B7HX45,113.885735,22.592951,472
粤B7HX45,113.886986,22.591066,473
粤B7HX45,113.887253,22.590418,474
粤B7HX45,113.887871,22.589117,475
粤B7HX45,113.888,22.588833,476
粤B7HX45,113.885651,22.587767,477
粤B7HX45,113.885651,22.587767,477
粤B7HX45,113.884781,22.587116,478
粤B7HX45,113.884781,22.587116,479
粤B7HX45,113.8834,22.585951,480
粤B7HX45,113.879364,22.586399,481
粤B7HX45,113.875771,22.586332,482
粤B7HX45,113.876068,22.586018,483
粤B7HX45,113.884064,22.581568,488
粤B7HX45,113.88372,22.579166,489
粤B7HX45,113.88063,22.581484,490
粤B7HX45,113.877068,22.584717,491
粤B7HX45,113.874535,22.587282,492
粤B7HX45,113.872864,22.58975,493
粤B7HX45,113.872017,22.590982,494
粤B7HX45,113.870651,22.592882,494
粤B7HX45,113.870399,22.595234,495
粤B7HX45,113.871681,22.59605,496
粤B7HX45,113.8685,22.595818,497
粤B7HX45,113.865532,22.598949,498
粤B7HX45,113.863548,22.601,499
粤B7HX45,113.862617,22.606133,500
粤B7HX45,113.860901,22.605433,500
粤B7HX45,113.863533,22.607033,501
粤B7HX45,113.864334,22.6066,502
粤B7HX45,113.862785,22.602533,503
粤B7HX45,113.865631,22.605034,503
粤B7HX45,113.859818,22.6061,504
粤B7HX45,113.855682,22.610983,505
粤B7HX45,113.857086,22.613667,506
粤B7HX45,113.857086,22.613667,507
粤B7HX45,113.857246,22.613733,508
粤B7HX45,113.856651,22.616432,509
粤B7HX45,113.856651,22.616432,510
粤B7HX45,113.856651,22.616432,511
粤B7HX45,113.856651,22.616432,512
粤B7HX45,113.856651,22.616432,513
粤B7HX45,113.856651,22.616432,514
粤B7HX45,113.856651,22.616432,514
粤B7HX45,113.856651,22.616432,515
粤B7HX45,113.856651,22.616432,516
粤B7HX45,113.856651,22.616432,517
粤B7HX45,113.856651,22.616432,518
粤B7HX45,113.856651,22.616432,519
粤B7HX45,113.856651,22.616432,520
粤B7HX45,113.856651,22.616432,521
粤B7HX45,113.856651,22.616432,522
粤B7HX45,113.856651,22.616432,523
粤B7HX45,113.856651,22.616432,524
粤B7HX45,113.856651,22.616432,525
粤B7HX45,113.856651,22.616432,525
粤B7HX45,113.856651,22.616432,526
粤B7HX45,113.856651,22.616432,527
粤B7HX45,113.85527,22.620083,528
粤B7HX45,113.85527,22.620083,528
粤B7HX45,113.853516,22.619749,529
粤B7HX45,113.852669,22.619049,530
粤B7HX45,113.851952,22.617382,531
粤B7HX45,113.854347,22.612783,532
粤B7HX45,113.851051,22.611366,533
粤B7HX45,113.847099,22.6098,534
粤B7HX45,113.847099,22.6098,535
粤B7HX45,113.847214,22.60845,536
粤B7HX45,113.847885,22.607033,537
粤B7HX45,113.843903,22.599751,546
粤B7HX45,113.843903,22.599751,547
粤B7HX45,113.845268,22.597067,548
粤B7HX45,113.852448,22.588917,549
粤B7HX45,113.857399,22.585449,550
粤B7HX45,113.857399,22.585449,551
粤B7HX45,113.858932,22.584499,552
粤B7HX45,113.862785,22.581182,553
粤B7HX45,113.868286,22.576517,554
粤B7HX45,113.863815,22.580217,554
粤B7HX45,113.872581,22.573584,555
粤B7HX45,113.871819,22.568916,556
粤B7HX45,113.872986,22.56605,557
粤B7HX45,113.873352,22.564699,558
粤B7HX45,113.872749,22.564383,559
粤B7HX45,113.87262,22.564068,560
粤B7HX45,113.873718,22.565001,561
粤B7HX45,113.874451,22.565683,562
粤B7HX45,113.876968,22.567949,563
粤B7HX45,113.88018,22.5674,564
粤B7HX45,113.877716,22.564367,564
粤B7HX45,113.873383,22.560667,565
粤B7HX45,113.870552,22.5627,566
粤B7HX45,113.870148,22.562883,567
粤B7HX45,113.87262,22.560432,568
粤B7HX45,113.87262,22.560432,569
粤B7HX45,113.875198,22.557983,570
粤B7HX45,113.87883,22.5604,571
粤B7HX45,113.882248,22.563433,572
粤B7HX45,113.884781,22.565701,573
粤B7HX45,113.887764,22.5655,574
粤B7HX45,113.889282,22.564051,575
粤B7HX45,113.889282,22.564051,575
粤B7HX45,113.889771,22.563482,576
粤B7HX45,113.892197,22.561167,577
粤B7HX45,113.892349,22.561016,578
粤B7HX45,113.89502,22.558933,579
粤B7HX45,113.897514,22.5571,580
粤B7HX45,113.898033,22.556816,581
粤B7HX45,113.898483,22.557051,582
粤B7HX45,113.898483,22.557051,583
粤B7HX45,113.898483,22.557051,584
粤B7HX45,113.898483,22.557051,585
粤B7HX45,113.898483,22.557051,586
粤B7HX45,113.898483,22.557051,586
粤B7HX45,113.901802,22.560118,587
粤B7HX45,113.902649,22.560867,588
粤B7HX45,113.902649,22.560867,589
粤B7HX45,113.904884,22.56105,590
粤B7HX45,113.9039,22.5583,591
粤B7HX45,113.900833,22.561083,592
粤B7HX45,113.898064,22.563883,593
粤B7HX45,113.896767,22.565184,594
粤B7HX45,113.896767,22.565184,594
粤B7HX45,113.894836,22.567083,595
粤B7HX45,113.89138,22.568666,596
粤B7HX45,113.88575,22.574083,597
粤B7HX45,113.879532,22.5798,597
粤B7HX45,113.87352,22.586149,598
粤B7HX45,113.869865,22.590418,599
粤B7HX45,113.868515,22.594151,600
粤B7HX45,113.873535,22.597183,604
粤B7HX45,113.873535,22.597183,605
粤B7HX45,113.877052,22.600267,606
粤B7HX45,113.881447,22.602667,607
粤B7HX45,113.883102,22.6029,608
粤B7HX45,113.883034,22.602551,608
粤B7HX45,113.880783,22.60285,609
粤B7HX45,113.877319,22.600567,610
粤B7HX45,113.874168,22.5979,611
粤B7HX45,113.874168,22.5979,611
粤B7HX45,113.873932,22.5977,612
粤B7HX45,113.873932,22.5977,613
粤B7HX45,113.870201,22.595133,614
粤B7HX45,113.870621,22.592817,615
粤B7HX45,113.872849,22.5895,616
粤B7HX45,113.873497,22.588383,617
粤B7HX45,113.877068,22.5847,617
粤B7HX45,113.878883,22.582867,618
粤B7HX45,113.881966,22.580433,619
粤B7HX45,113.882164,22.580233,620
粤B7HX45,113.882164,22.580233,621
粤B7HX45,113.882164,22.580233,621
粤B7HX45,113.883118,22.579201,622
粤B7HX45,113.883514,22.578533,623
粤B7HX45,113.888603,22.5732,624
粤B7HX45,113.890419,22.571417,625
粤B7HX45,113.8927,22.572533,626
粤B7HX45,113.8964,22.569616,627
粤B7HX45,113.896118,22.569851,627
粤B7HX45,113.898354,22.571083,628
粤B7HX45,113.898354,22.571083,629
粤B7HX45,113.901649,22.569468,630
粤B7HX45,113.901787,22.569349,631
粤B7HX45,113.901787,22.569349,632
粤B7HX45,113.900017,22.567249,633
粤B7HX45,113.89975,22.566217,633
粤B7HX45,113.901199,22.564783,634
粤B7HX45,113.901199,22.564783,635
粤B7HX45,113.901199,22.564783,636
粤B7HX45,113.901199,22.564783,637
粤B7HX45,113.900482,22.565468,638
粤B7HX45,113.899536,22.5665,638
粤B7HX45,113.896614,22.569483,639
粤B7HX45,113.897003,22.570017,640
粤B7HX45,113.897003,22.570017,641
粤B7HX45,113.897003,22.570017,642
粤B7HX45,113.898415,22.57115,643
粤B7HX45,113.898415,22.57115,643
粤B7HX45,113.900352,22.570801,644
粤B7HX45,113.901703,22.569517,645
粤B7HX45,113.902519,22.569401,646
粤B7HX45,113.905731,22.572184,647
粤B7HX45,113.908897,22.57115,648
粤B7HX45,113.908653,22.574949,649
粤B7HX45,113.908867,22.574699,649
粤B7HX45,113.908653,22.574949,650
粤B7HX45,113.908653,22.574949,651
粤B7HX45,113.908653,22.574949,652
粤B7HX45,113.908653,22.574949,653
粤B7HX45,113.908653,22.574949,654
粤B7HX45,113.908653,22.574949,655
粤B7HX45,113.906815,22.576651,656
粤B7HX45,113.906097,22.57745,657
粤B7HX45,113.903099,22.580351,658
粤B7HX45,113.901566,22.581882,659
粤B7HX45,113.895668,22.582533,660
粤B7HX45,113.899216,22.584217,660
粤B7HX45,113.892136,22.584833,661
粤B7HX45,113.890404,22.584433,662
粤B7HX45,113.888283,22.588499,664
粤B7HX45,113.887764,22.589417,665
粤B7HX45,113.890053,22.584383,666
粤B7HX45,113.888496,22.583166,667
粤B7HX45,113.888885,22.583401,667
粤B7HX45,113.891281,22.579884,668
粤B7HX45,113.888885,22.576099,669
粤B7HX45,113.887451,22.5748,670
粤B7HX45,113.890182,22.571632,671
粤B7HX45,113.892235,22.569599,672
粤B7HX45,113.894951,22.5669,673
粤B7HX45,113.89698,22.564966,674
粤B7HX45,113.89698,22.564966,674
粤B7HX45,113.894585,22.567333,675
粤B7HX45,113.891281,22.568867,676
粤B7HX45,113.891197,22.568951,677
粤B7HX45,113.891197,22.568951,678
粤B7HX45,113.891197,22.568951,679
粤B7HX45,113.891197,22.568951,680
粤B7HX45,113.891197,22.568951,681
粤B7HX45,113.891197,22.568951,682
粤B7HX45,113.891197,22.568951,683
粤B7HX45,113.890114,22.570049,684
粤B7HX45,113.886383,22.573633,684
粤B7HX45,113.882401,22.577232,685
粤B7HX45,113.880531,22.579033,686
粤B7HX45,113.87867,22.580883,687
粤B7HX45,113.878601,22.580933,688
粤B7HX45,113.878601,22.580933,689
粤B7HX45,113.878601,22.580933,690
粤B7HX45,113.878601,22.580933,691
粤B7HX45,113.878601,22.580933,692
粤B7HX45,113.878601,22.580933,693
粤B7HX45,113.876968,22.5826,694
粤B7HX45,113.876183,22.583467,695
粤B7HX45,113.876183,22.583467,695
粤B7HX45,113.876183,22.583467,696
粤B7HX45,113.876183,22.583467,697
粤B7HX45,113.876183,22.583467,698
粤B7HX45,113.876183,22.583467,699
粤B7HX45,113.876183,22.583467,700
粤B7HX45,113.876183,22.583467,701
粤B7HX45,113.876183,22.583467,702
粤B7HX45,113.876183,22.583467,703
粤B7HX45,113.877014,22.584801,704
粤B7HX45,113.877853,22.587917,705
粤B7HX45,113.882149,22.592733,706
粤B7HX45,113.88015,22.591217,706
粤B7HX45,113.882149,22.592733,707
粤B7HX45,113.882149,22.592733,708
粤B7HX45,113.882149,22.592733,709
粤B7HX45,113.882149,22.592733,710
粤B7HX45,113.885132,22.592951,711
粤B7HX45,113.887154,22.590717,712
粤B7HX45,113.887703,22.589533,713
粤B7HX45,113.887703,22.589533,714
粤B7HX45,113.887703,22.589533,715
粤B7HX45,113.887703,22.589533,716
粤B7HX45,113.887703,22.589533,717
粤B7HX45,113.887703,22.589533,717
粤B7HX45,113.887703,22.589533,718
粤B7HX45,113.888268,22.588717,719
粤B7HX45,113.892319,22.5903,720
粤B7HX45,113.893829,22.585449,721
粤B7HX45,113.890152,22.5844,722
粤B7HX45,113.888535,22.583183,723
粤B7HX45,113.888535,22.583183,724
粤B7HX45,113.888535,22.583183,725
粤B7HX45,113.890518,22.580633,726
粤B7HX45,113.891884,22.579184,727
粤B7HX45,113.89547,22.575068,728
粤B7HX45,113.892769,22.578367,728
粤B7HX45,113.894814,22.5744,729
粤B7HX45,113.895531,22.574917,730
粤B7HX45,113.895531,22.574917,731
粤B7HX45,113.894264,22.577066,732
粤B7HX45,113.892784,22.578518,733
粤B7HX45,113.889801,22.581499,734
粤B7HX45,113.888916,22.587183,735
粤B7HX45,113.88987,22.584167,735
粤B7HX45,113.888336,22.588383,736
粤B7HX45,113.887184,22.590633,737
粤B7HX45,113.887299,22.590349,737
粤B7HX45,113.886864,22.588249,738
粤B7HX45,113.883347,22.586166,739
粤B7HX45,113.881554,22.584682,740
粤B7HX45,113.881554,22.584682,741
粤B7HX45,113.879066,22.582817,742
粤B7HX45,113.877182,22.584566,743
粤B7HX45,113.877029,22.584717,743
粤B7HX45,113.874184,22.587683,744
粤B7HX45,113.873451,22.588882,745
粤B7HX45,113.870865,22.592649,746
粤B7HX45,113.870499,22.593184,747
粤B7HX45,113.870499,22.593184,748
粤B7HX45,113.870499,22.593184,749
粤B7HX45,113.870499,22.593184,750
粤B7HX45,113.870499,22.593184,751
粤B7HX45,113.870499,22.593184,751
粤B7HX45,113.870499,22.593184,752
粤B7HX45,113.870499,22.593184,753
粤B7HX45,113.870499,22.593184,754
粤B7HX45,113.870499,22.593184,755
粤B7HX45,113.870499,22.593184,756
粤B7HX45,113.870499,22.593184,757
粤B7HX45,113.870499,22.593184,758
粤B7HX45,113.870499,22.593184,759
粤B7HX45,113.870499,22.593184,760
粤B7HX45,113.870499,22.593184,761
粤B7HX45,113.870499,22.593184,762
粤B7HX45,113.870499,22.593184,762
粤B7HX45,113.870499,22.593184,763
粤B7HX45,113.870499,22.593184,764
粤B7HX45,113.870499,22.593184,765
粤B7HX45,113.870499,22.593184,766
粤B7HX45,113.870499,22.593184,767
粤B7HX45,113.870499,22.593184,768
粤B7HX45,113.870499,22.593184,769
粤B7HX45,113.870499,22.593184,770
粤B7HX45,113.870499,22.593184,771
粤B7HX45,113.870499,22.593184,772
粤B7HX45,113.870499,22.593184,773
粤B7HX45,113.870499,22.593184,774
粤B7HX45,113.870499,22.593184,774
粤B7HX45,113.870499,22.593184,775
粤B7HX45,113.870499,22.593184,776
粤B7HX45,113.870499,22.593184,777
粤B7HX45,113.870499,22.593184,778
粤B7HX45,113.870499,22.593184,779
粤B7HX45,113.870499,22.593184,780
粤B7HX45,113.870499,22.593184,781
粤B7HX45,113.870499,22.593184,782
粤B7HX45,113.870499,22.593184,783
粤B7HX45,113.870499,22.593184,784
粤B7HX45,113.870499,22.593184,785
粤B7HX45,113.870499,22.593184,785
粤B7HX45,113.870499,22.593184,786
粤B7HX45,113.870499,22.593184,787
粤B7HX45,113.870499,22.593184,788
粤B7HX45,113.870499,22.593184,789
粤B7HX45,113.870499,22.593184,790
粤B7HX45,113.870499,22.593184,791
粤B7HX45,113.870499,22.593184,792
粤B7HX45,113.870499,22.593184,793
粤B7HX45,113.870499,22.593184,794
粤B7HX45,113.870499,22.593184,795
粤B7HX45,113.870499,22.593184,796
粤B7HX45,113.870499,22.593184,796
粤B7HX45,113.870499,22.593184,797
粤B7HX45,113.870499,22.593184,798
粤B7HX45,113.870499,22.593184,799
粤B7HX45,113.870499,22.593184,800
粤B7HX45,113.870499,22.593184,801
粤B7HX45,113.870499,22.593184,802
粤B7HX45,113.870499,22.593184,803
粤B7HX45,113.870499,22.593184,804
粤B7HX45,113.870499,22.593184,805
粤B7HX45,113.870499,22.593184,806
粤B7HX45,113.870499,22.593184,807
粤B7HX45,113.870499,22.593184,807
粤B7HX45,113.870499,22.593184,808
粤B7HX45,113.870499,22.593184,809
粤B7HX45,113.870499,22.593184,810
粤B7HX45,113.870499,22.593184,811
粤B7HX45,113.870499,22.593184,812
粤B7HX45,113.870499,22.593184,813
粤B7HX45,113.870499,22.593184,814
粤B7HX45,113.870499,22.593184,815
粤B7HX45,113.870499,22.593184,816
粤B7HX45,113.870499,22.593184,817
粤B7HX45,113.870499,22.593184,818
粤B7HX45,113.870499,22.593184,818
粤B7HX45,113.870499,22.593184,819
粤B7HX45,113.870499,22.593184,820
粤B7HX45,113.870499,22.593184,821
粤B7HX45,113.870499,22.593184,822
粤B7HX45,113.870499,22.593184,823
粤B7HX45,113.870499,22.593184,824
粤B7HX45,113.870499,22.593184,825
粤B7HX45,113.870499,22.593184,826
粤B7HX45,113.870499,22.593184,827
粤B7HX45,113.870499,22.593184,828
粤B7HX45,113.870499,22.593184,829
粤B7HX45,113.870499,22.593184,829
粤B7HX45,113.870499,22.593184,830
粤B7HX45,113.870499,22.593184,831
粤B7HX45,113.870499,22.593184,832
粤B7HX45,113.870499,22.593184,833
粤B7HX45,113.870499,22.593184,834
粤B7HX45,113.870499,22.593184,835
粤B7HX45,113.869598,22.594517,836
粤B7HX45,113.872971,22.596849,837
粤B7HX45,113.873352,22.589001,844
粤B7HX45,113.874382,22.587534,845
粤B7HX45,113.875885,22.586349,846
粤B7HX45,113.878731,22.587151,847
粤B7HX45,113.881035,22.584732,848
粤B7HX45,113.881866,22.583584,849
粤B7HX45,113.884186,22.581432,850
粤B7HX45,113.884834,22.580933,850
粤B7HX45,113.885452,22.580549,851
粤B7HX45,113.887482,22.582167,852
粤B7HX45,113.88813,22.582733,853
粤B7HX45,113.891968,22.5791,853
粤B7HX45,113.889969,22.576067,854
粤B7HX45,113.89315,22.572933,855
粤B7HX45,113.89537,22.574833,856
粤B7HX45,113.898865,22.572268,857
粤B7HX45,113.899017,22.5721,858
粤B7HX45,113.899017,22.5721,859
粤B7HX45,113.899666,22.571484,860
粤B7HX45,113.901665,22.5695,861
粤B7HX45,113.900986,22.568117,862
粤B7HX45,113.899536,22.566833,863
粤B7HX45,113.901001,22.564966,864
粤B7HX45,113.899429,22.566601,864
粤B7HX45,113.900932,22.5644,865
粤B7HX45,113.898819,22.56245,866
粤B7HX45,113.894218,22.56555,867
粤B7HX45,113.891548,22.565701,868
粤B7HX45,113.889771,22.563967,869
粤B7HX45,113.889771,22.563967,870
粤B7HX45,113.889771,22.563967,871
粤B7HX45,113.889915,22.563917,871
粤B7HX45,113.890266,22.564199,872
粤B7HX45,113.891029,22.564917,873
粤B7HX45,113.891701,22.565582,874
粤B7HX45,113.892982,22.565983,875
粤B7HX45,113.892052,22.568068,876
粤B7HX45,113.889633,22.570601,877
粤B7HX45,113.890099,22.571117,878
粤B7HX45,113.892082,22.57205,879
粤B7HX45,113.891533,22.57155,879
粤B7HX45,113.894066,22.573767,880
粤B7HX45,113.895386,22.574818,881
粤B7HX45,113.898232,22.577351,882
粤B7HX45,113.900032,22.578867,883
粤B7HX45,113.902046,22.580868,884
粤B7HX45,113.899536,22.584,885
粤B7HX45,113.896736,22.582916,886
粤B7HX45,113.894386,22.583967,887
粤B7HX45,113.894386,22.583967,887
粤B7HX45,113.890747,22.584551,888
粤B7HX45,113.88855,22.5833,889
粤B7HX45,113.88942,22.583851,889
粤B7HX45,113.88855,22.5833,890
粤B7HX45,113.887299,22.582167,891
粤B7HX45,113.88575,22.580851,892
粤B7HX45,113.88575,22.580851,893
粤B7HX45,113.882217,22.577818,894
粤B7HX45,113.881165,22.576918,895
粤B7HX45,113.880699,22.576517,896
粤B7HX45,113.879829,22.575783,897
粤B7HX45,113.878731,22.574751,898
粤B7HX45,113.878731,22.574751,899
粤B7HX45,113.87793,22.574034,900
粤B7HX45,113.859985,22.576651,912
粤B7HX45,113.861664,22.575283,912
粤B7HX45,113.859985,22.576651,913
粤B7HX45,113.858665,22.577682,914
粤B7HX45,113.85482,22.581167,915
粤B7HX45,113.857117,22.583799,916
粤B7HX45,113.858582,22.5846,917
粤B7HX45,113.86293,22.581051,918
粤B7HX45,113.866501,22.577868,919
粤B7HX45,113.866867,22.5735,920
粤B7HX45,113.868668,22.575768,921
粤B7HX45,113.868668,22.575768,922
粤B7HX45,113.868835,22.576183,923
粤B7HX45,113.864952,22.579617,923
粤B7HX45,113.865379,22.582382,924
粤B7HX45,113.865547,22.58255,925
粤B7HX45,113.865547,22.58255,926
粤B7HX45,113.870567,22.586332,927
粤B7HX45,113.87278,22.586599,928
粤B7HX45,113.876251,22.582767,929
粤B7HX45,113.878571,22.58045,930
粤B7HX45,113.881783,22.577299,931
粤B7HX45,113.885384,22.573999,932
粤B7HX45,113.882751,22.571333,933
粤B7HX45,113.883453,22.569782,934
粤B7HX45,113.885918,22.567368,934
粤B7HX45,113.886765,22.566566,935
粤B7HX45,113.88887,22.564516,936
粤B7HX45,113.889099,22.564283,937
粤B7HX45,113.891434,22.562067,938
粤B7HX45,113.892281,22.561234,939
粤B7HX45,113.89473,22.559349,940
粤B7HX45,113.897614,22.557016,941
粤B7HX45,113.897614,22.557016,942
粤B7HX45,113.897614,22.557016,943
粤B7HX45,113.899864,22.555317,944
粤B7HX45,113.898285,22.556618,945
粤B7HX45,113.898537,22.556383,945
粤B7HX45,113.898285,22.556618,946
粤B7HX45,113.895264,22.558867,947
粤B7HX45,113.892784,22.560801,948
粤B7HX45,113.891151,22.56225,949
粤B7HX45,113.890198,22.5632,950
粤B7HX45,113.889801,22.563566,951
粤B7HX45,113.889801,22.563566,952
粤B7HX45,113.889801,22.563566,953
粤B7HX45,113.888802,22.56325,954
粤B7HX45,113.887436,22.562201,955
粤B7HX45,113.882797,22.558201,956
粤B7HX45,113.8862,22.561117,956
粤B7HX45,113.88102,22.558867,957
粤B7HX45,113.878517,22.556351,958
粤B7HX45,113.875832,22.557617,959
粤B7HX45,113.874496,22.558968,960
粤B7HX45,113.876068,22.562933,961
粤B7HX45,113.876221,22.563583,962
粤B7HX45,113.874565,22.564899,963
粤B7HX45,113.87352,22.564951,964
粤B7HX45,113.87352,22.564951,965
粤B7HX45,113.87352,22.564951,966
粤B7HX45,113.87352,22.564951,967
粤B7HX45,113.87352,22.564951,967
粤B7HX45,113.87352,22.564951,968
粤B7HX45,113.87352,22.564951,969
粤B7HX45,113.87352,22.564951,970
粤B7HX45,113.87352,22.564951,971
粤B7HX45,113.87352,22.564951,972
粤B7HX45,113.87352,22.564951,973
粤B7HX45,113.87352,22.564951,974
粤B7HX45,113.87352,22.564951,975
粤B7HX45,113.87352,22.564951,976
粤B7HX45,113.87352,22.564951,977
粤B7HX45,113.87352,22.564951,978
粤B7HX45,113.87352,22.564951,978
粤B7HX45,113.87352,22.564951,979
粤B7HX45,113.876183,22.563517,980
粤B7HX45,113.874397,22.564882,980
粤B7HX45,113.87957,22.565933,981
粤B7HX45,113.882553,22.565283,982
粤B7HX45,113.882668,22.565149,983
粤B7HX45,113.885849,22.562332,984
粤B7HX45,113.886497,22.561716,985
粤B7HX45,113.886497,22.561716,986
粤B7HX45,113.886497,22.561716,987
粤B7HX45,113.889053,22.563168,988
粤B7HX45,113.891983,22.565767,989
粤B7HX45,113.893814,22.566633,990
粤B7HX45,113.895218,22.568483,991
粤B7HX45,113.895401,22.568632,991
粤B7HX45,113.897919,22.570833,992
粤B7HX45,113.898735,22.571533,994
粤B7HX45,113.898735,22.571533,995
粤B7HX45,113.898735,22.571533,996
粤B7HX45,113.897415,22.573933,997
粤B7HX45,113.897079,22.576366,998
粤B7HX45,113.897079,22.576366,999
粤B7HX45,113.898682,22.577682,1000
粤B7HX45,113.898682,22.577682,1000
粤B7HX45,113.898682,22.577682,1001
粤B7HX45,113.899399,22.57835,1002
粤B7HX45,113.902031,22.580717,1003
粤B7HX45,113.905052,22.5784,1004
粤B7HX45,113.905464,22.577932,1005
粤B7HX45,113.907532,22.575933,1006
粤B7HX45,113.908516,22.574949,1007
粤B7HX45,113.908516,22.574949,1008
粤B7HX45,113.908516,22.574949,1009
粤B7HX45,113.908836,22.571033,1010
粤B7HX45,113.906082,22.572166,1011
粤B7HX45,113.906883,22.57135,1011
粤B7HX45,113.904449,22.571133,1012
粤B7HX45,113.904449,22.571133,1012
粤B7HX45,113.902946,22.569799,1013
粤B7HX45,113.902901,22.56975,1014
粤B7HX45,113.901985,22.569017,1015
粤B7HX45,113.898949,22.566401,1016
粤B7HX45,113.897202,22.5648,1017
粤B7HX45,113.894753,22.56715,1018
粤B7HX45,113.893379,22.5686,1019
粤B7HX45,113.892914,22.56905,1019
粤B7HX45,113.891701,22.571716,1020
粤B7HX45,113.89032,22.584517,1029
粤B7HX45,113.888748,22.587467,1030
粤B7HX45,113.888382,22.588249,1031
粤B7HX45,113.887886,22.589233,1032
粤B7HX45,113.886314,22.592567,1033
粤B7HX45,113.889236,22.593149,1034
粤B7HX45,113.889236,22.593149,1035
粤B7HX45,113.889236,22.593149,1036
粤B7HX45,113.889236,22.593149,1036
粤B7HX45,113.890747,22.593332,1037
粤B7HX45,113.89077,22.593599,1038
粤B7HX45,113.882431,22.593166,1039
粤B7HX45,113.879829,22.592916,1040
粤B7HX45,113.879547,22.592833,1041
粤B7HX45,113.875847,22.590851,1042
粤B7HX45,113.873421,22.589018,1043
粤B7HX45,113.873253,22.588516,1044
粤B7HX45,113.875771,22.586018,1045
粤B7HX45,113.876915,22.584801,1046
粤B7HX45,113.880714,22.583817,1047
粤B7HX45,113.878899,22.582867,1047
粤B7HX45,113.881035,22.584084,1048
粤B7HX45,113.883469,22.581932,1049
粤B7HX45,113.885216,22.580633,1050
粤B7HX45,113.885735,22.58065,1051
粤B7HX45,113.889717,22.581417,1052
粤B7HX45,113.891685,22.578382,1053
粤B7HX45,113.894684,22.57645,1054
粤B7HX45,113.894981,22.5746,1055
粤B7HX45,113.894951,22.574551,1055
粤B7HX45,113.89328,22.573116,1056
粤B7HX45,113.894485,22.571501,1057
粤B7HX45,113.894264,22.567883,1058
粤B7HX45,113.891617,22.565767,1059
粤B7HX45,113.891182,22.565201,1060
粤B7HX45,113.889832,22.563967,1061
粤B7HX45,113.889832,22.563967,1062
粤B7HX45,113.889832,22.563967,1063
粤B7HX45,113.890015,22.56325,1063
粤B7HX45,113.891586,22.561783,1064
粤B7HX45,113.890549,22.562799,1064
粤B7HX45,113.891586,22.561783,1065
粤B7HX45,113.890198,22.563284,1065
粤B7HX45,113.89222,22.565849,1066
粤B7HX45,113.89328,22.567368,1067
粤B7HX45,113.889618,22.570566,1068
粤B7HX45,113.889885,22.57205,1069
粤B7HX45,113.889771,22.573433,1070
粤B7HX45,113.890602,22.574284,1070
粤B7HX45,113.892784,22.573151,1071
粤B7HX45,113.894279,22.573917,1072
粤B7HX45,113.895653,22.57505,1073
粤B7HX45,113.896065,22.575033,1074
粤B7HX45,113.898682,22.572433,1075
粤B7HX45,113.898682,22.572433,1076
粤B7HX45,113.901337,22.569834,1077
粤B7HX45,113.90152,22.569616,1078
粤B7HX45,113.901253,22.56835,1079
粤B7HX45,113.902,22.569099,1079
粤B7HX45,113.899132,22.5665,1080
粤B7HX45,113.897369,22.564966,1081
粤B7HX45,113.897133,22.5648,1082
粤B7HX45,113.89463,22.565083,1083
粤B7HX45,113.893318,22.56745,1084
粤B7HX45,113.891548,22.565651,1085
粤B7HX45,113.891182,22.56525,1086
粤B7HX45,113.887779,22.562416,1087
粤B7HX45,113.885231,22.563133,1088
粤B7HX45,113.883965,22.564367,1089
粤B7HX45,113.883965,22.564367,1089
粤B7HX45,113.880569,22.562218,1090
粤B7HX45,113.87677,22.563116,1091
粤B7HX45,113.879303,22.56575,1092
粤B7HX45,113.878632,22.565201,1093
粤B7HX45,113.878036,22.56465,1094
粤B7HX45,113.874817,22.564583,1095
粤B7HX45,113.874153,22.565132,1096
粤B7HX45,113.874153,22.565132,1097
粤B7HX45,113.873047,22.564533,1098
粤B7HX45,113.873047,22.564533,1099
粤B7HX45,113.873047,22.564533,1099
粤B7HX45,113.873047,22.564533,1100
粤B7HX45,113.873047,22.564533,1101
粤B7HX45,113.873047,22.564533,1102
粤B7HX45,113.873047,22.564533,1103
粤B7HX45,113.873047,22.564533,1103
粤B7HX45,113.874283,22.564966,1104
粤B7HX45,113.876198,22.563534,1105
粤B7HX45,113.876602,22.563284,1106
粤B7HX45,113.88092,22.56675,1107
粤B7HX45,113.885017,22.563017,1108
粤B7HX45,113.886147,22.562017,1109
粤B7HX45,113.886147,22.562017,1110
粤B7HX45,113.886848,22.561518,1111
粤B7HX45,113.88868,22.562918,1112
粤B7HX45,113.88868,22.562918,1112
粤B7HX45,113.889053,22.563183,1113
粤B7HX45,113.89222,22.565832,1114
粤B7HX45,113.892632,22.567516,1115
粤B7HX45,113.889648,22.570601,1116
粤B7HX45,113.890137,22.5718,1117
粤B7HX45,113.888,22.57395,1118
粤B7HX45,113.887917,22.575251,1119
粤B7HX45,113.887917,22.575251,1119
粤B7HX45,113.889801,22.576151,1120
粤B7HX45,113.891052,22.574966,1121
粤B7HX45,113.893349,22.573116,1122
粤B7HX45,113.895935,22.575132,1123
粤B7HX45,113.898979,22.572149,1124
粤B7HX45,113.898979,22.572149,1125
粤B7HX45,113.901917,22.569218,1126
粤B7HX45,113.898979,22.572149,1126
粤B7HX45,113.900017,22.567301,1127
粤B7HX45,113.899498,22.566784,1128
粤B7HX45,113.900848,22.565201,1129
粤B7HX45,113.901649,22.564333,1130
粤B7HX45,113.901649,22.564333,1131
粤B7HX45,113.90242,22.563551,1132
粤B7HX45,113.903687,22.562267,1133
粤B7HX45,113.904884,22.56105,1134
粤B7HX45,113.907448,22.561216,1135
粤B7HX45,113.908447,22.562033,1136
粤B7HX45,113.908447,22.562033,1137
粤B7HX45,113.901184,22.57015,1145
粤B7HX45,113.89962,22.571783,1146
粤B7HX45,113.898781,22.572533,1147
粤B7HX45,113.896416,22.574949,1148
粤B7HX45,113.893829,22.577499,1148
粤B7HX45,113.892601,22.578768,1149
粤B7HX45,113.892601,22.578768,1150
粤B7HX45,113.891518,22.579817,1151
粤B7HX45,113.888496,22.582733,1152
粤B7HX45,113.888496,22.582733,1153
粤B7HX45,113.888496,22.582733,1154
粤B7HX45,113.885597,22.58075,1155
粤B7HX45,113.883949,22.58165,1156
粤B7HX45,113.883949,22.58165,1156
粤B7HX45,113.883949,22.58165,1157
粤B7HX45,113.882179,22.583332,1158
粤B7HX45,113.880798,22.585117,1159
粤B7HX45,113.878197,22.587816,1160
粤B7HX45,113.880615,22.590183,1161
粤B7HX45,113.880615,22.590183,1162
粤B7HX45,113.879684,22.591667,1162
粤B7HX45,113.882866,22.592783,1163
粤B7HX45,113.886665,22.591801,1164
粤B7HX45,113.887383,22.5902,1165
粤B7HX45,113.886147,22.588017,1166
粤B7HX45,113.882149,22.589083,1167
粤B7HX45,113.880882,22.590384,1168
粤B7HX45,113.87915,22.589634,1169
粤B7HX45,113.879036,22.589582,1169
粤B7HX45,113.876633,22.587017,1170
粤B7HX45,113.876701,22.585068,1171
粤B7HX45,113.878883,22.582916,1172
粤B7HX45,113.880096,22.583384,1173
粤B7HX45,113.881149,22.584267,1174
粤B7HX45,113.883331,22.582117,1175
粤B7HX45,113.885147,22.580799,1176
粤B7HX45,113.884834,22.581066,1176
粤B7HX45,113.885147,22.580799,1177
粤B7HX45,113.887115,22.581917,1178
粤B7HX45,113.888,22.582649,1179
粤B7HX45,113.890671,22.580482,1180
粤B7HX45,113.891602,22.578484,1181
粤B7HX45,113.888847,22.576033,1182
粤B7HX45,113.885948,22.575933,1183
粤B7HX45,113.883751,22.578518,1184
粤B7HX45,113.882118,22.580317,1185
粤B7HX45,113.879852,22.582117,1186
粤B7HX45,113.876717,22.585083,1187
粤B7HX45,113.879433,22.5825,1187
粤B7HX45,113.877914,22.587982,1188
粤B7HX45,113.880798,22.590418,1189
粤B7HX45,113.87928,22.5921,1190
粤B7HX45,113.877419,22.594517,1191
粤B7HX45,113.87822,22.597116,1192
粤B7HX45,113.87973,22.596533,1193
粤B7HX45,113.87973,22.596533,1194
粤B7HX45,113.87973,22.596533,1195
粤B7HX45,113.87973,22.596533,1196
粤B7HX45,113.880501,22.595318,1197
粤B7HX45,113.88092,22.59425,1198
粤B7HX45,113.88092,22.59425,1198
粤B7HX45,113.88092,22.59425,1199
粤B7HX45,113.88092,22.59425,1200
粤B7HX45,113.879402,22.592617,1201
粤B7HX45,113.879402,22.592617,1202
粤B7HX45,113.883316,22.592934,1204
粤B7HX45,113.888351,22.5928,1205
粤B7HX45,113.888351,22.5928,1206
粤B7HX45,113.888351,22.5928,1207
粤B7HX45,113.888351,22.5928,1208
粤B7HX45,113.888351,22.5928,1209
粤B7HX45,113.888351,22.5928,1209
粤B7HX45,113.888351,22.5928,1210
粤B7HX45,113.888351,22.5928,1211
粤B7HX45,113.888351,22.5928,1212
粤B7HX45,113.888351,22.5928,1213
粤B7HX45,113.888351,22.5928,1214
粤B7HX45,113.888351,22.5928,1215
粤B7HX45,113.888115,22.592667,1216
粤B7HX45,113.889236,22.590349,1217
粤B7HX45,113.889969,22.588751,1218
粤B7HX45,113.890633,22.586983,1219
粤B7HX45,113.890633,22.586983,1220
粤B7HX45,113.890633,22.586983,1220
粤B7HX45,113.890633,22.586983,1221
粤B7HX45,113.890633,22.586983,1222
粤B7HX45,113.890633,22.586983,1223
粤B7HX45,113.890633,22.586983,1224
粤B7HX45,113.890633,22.586983,1225
粤B7HX45,113.890633,22.586983,1226
粤B7HX45,113.890633,22.586983,1227
粤B7HX45,113.890633,22.586983,1228
粤B7HX45,113.890633,22.586983,1229
粤B7HX45,113.890633,22.586983,1230
粤B7HX45,113.890633,22.586983,1231
粤B7HX45,113.890633,22.586983,1231
粤B7HX45,113.890633,22.586983,1232
粤B7HX45,113.890633,22.586983,1233
粤B7HX45,113.890633,22.586983,1234
粤B7HX45,113.890633,22.586983,1235
粤B7HX45,113.890633,22.586983,1236
粤B7HX45,113.890633,22.586983,1237
粤B7HX45,113.890633,22.586983,1238
粤B7HX45,113.890633,22.586983,1239
粤B7HX45,113.890633,22.586983,1240
粤B7HX45,113.890633,22.586983,1241
粤B7HX45,113.890633,22.586983,1242
粤B7HX45,113.890633,22.586983,1242
粤B7HX45,113.890633,22.586983,1243
粤B7HX45,113.890633,22.586983,1244
粤B7HX45,113.890633,22.586983,1245
粤B7HX45,113.890633,22.586983,1246
粤B7HX45,113.890633,22.586983,1247
粤B7HX45,113.890633,22.586983,1248
粤B7HX45,113.890633,22.586983,1249
粤B7HX45,113.890633,22.586983,1250
粤B7HX45,113.890633,22.586983,1251
粤B7HX45,113.890633,22.586983,1252
粤B7HX45,113.890633,22.586983,1253
粤B7HX45,113.890633,22.586983,1253
粤B7HX45,113.890633,22.586983,1254
粤B7HX45,113.890633,22.586983,1255
粤B7HX45,113.890633,22.586983,1256
粤B7HX45,113.890633,22.586983,1257
粤B7HX45,113.890633,22.586983,1258
粤B7HX45,113.890633,22.586983,1259
粤B7HX45,113.890633,22.586983,1260
粤B7HX45,113.890633,22.586983,1261
粤B7HX45,113.890633,22.586983,1262
粤B7HX45,113.890633,22.586983,1263
粤B7HX45,113.890633,22.586983,1264
粤B7HX45,113.890633,22.586983,1264
粤B7HX45,113.890633,22.586983,1265
粤B7HX45,113.890633,22.586983,1266
粤B7HX45,113.890633,22.586983,1267
粤B7HX45,113.890633,22.586983,1268
粤B7HX45,113.890633,22.586983,1269
粤B7HX45,113.890633,22.586983,1270
粤B7HX45,113.890633,22.586983,1271
粤B7HX45,113.890633,22.586983,1272
粤B7HX45,113.890633,22.586983,1273
粤B7HX45,113.890633,22.586983,1274
粤B7HX45,113.890633,22.586983,1275
粤B7HX45,113.890633,22.586983,1275
粤B7HX45,113.890633,22.586983,1276
粤B7HX45,113.890633,22.586983,1277
粤B7HX45,113.890633,22.586983,1278
粤B7HX45,113.890633,22.586983,1279
粤B7HX45,113.890633,22.586983,1280
粤B7HX45,113.890633,22.586983,1281
粤B7HX45,113.890633,22.586983,1282
粤B7HX45,113.890633,22.586983,1283
粤B7HX45,113.890633,22.586983,1284
粤B7HX45,113.890633,22.586983,1285
粤B7HX45,113.890633,22.586983,1286
粤B7HX45,113.890633,22.586983,1286
粤B7HX45,113.890633,22.586983,1287
粤B7HX45,113.890633,22.586983,1288
粤B7HX45,113.890633,22.586983,1289
粤B7HX45,113.890633,22.586983,1290
粤B7HX45,113.890633,22.586983,1291
粤B7HX45,113.890633,22.586983,1292
粤B7HX45,113.890633,22.586983,1293
粤B7HX45,113.890633,22.586983,1294
粤B7HX45,113.890633,22.586983,1295
粤B7HX45,113.890633,22.586983,1296
粤B7HX45,113.890633,22.586983,1297
粤B7HX45,113.890633,22.586983,1297
粤B7HX45,113.890633,22.586983,1298
粤B7HX45,113.890633,22.586983,1299
粤B7HX45,113.890633,22.586983,1300
粤B7HX45,113.890633,22.586983,1301
粤B7HX45,113.890633,22.586983,1302
粤B7HX45,113.890633,22.586983,1303
粤B7HX45,113.890633,22.586983,1304
粤B7HX45,113.890633,22.586983,1305
粤B7HX45,113.890633,22.586983,1306
粤B7HX45,113.890633,22.586983,1307
粤B7HX45,113.890633,22.586983,1308
粤B7HX45,113.890633,22.586983,1308
粤B7HX45,113.890633,22.586983,1309
粤B7HX45,113.890633,22.586983,1310
粤B7HX45,113.890633,22.586983,1311
粤B7HX45,113.890633,22.586983,1312
粤B7HX45,113.890633,22.586983,1313
粤B7HX45,113.890633,22.586983,1314
粤B7HX45,113.890633,22.586983,1315
粤B7HX45,113.890633,22.586983,1316
粤B7HX45,113.890633,22.586983,1317
粤B7HX45,113.890633,22.586983,1318
粤B7HX45,113.890633,22.586983,1319
粤B7HX45,113.890633,22.586983,1319
粤B7HX45,113.890633,22.586983,1320
粤B7HX45,113.890633,22.586983,1321
粤B7HX45,113.890633,22.586983,1322
粤B7HX45,113.890633,22.586983,1323
粤B7HX45,113.890633,22.586983,1324
粤B7HX45,113.890633,22.586983,1325
粤B7HX45,113.890633,22.586983,1326
粤B7HX45,113.890633,22.586983,1327
粤B7HX45,113.890633,22.586983,1328
粤B7HX45,113.890633,22.586983,1329
粤B7HX45,113.890633,22.586983,1330
粤B7HX45,113.890633,22.586983,1330
粤B7HX45,113.890633,22.586983,1331
粤B7HX45,113.890633,22.586983,1332
粤B7HX45,113.890633,22.586983,1333
粤B7HX45,113.890633,22.586983,1334
粤B7HX45,113.890633,22.586983,1335
粤B7HX45,113.890633,22.586983,1336
粤B7HX45,113.890633,22.586983,1337
粤B7HX45,113.890633,22.586983,1338
粤B7HX45,113.890633,22.586983,1339
粤B7HX45,113.890633,22.586983,1340
粤B7HX45,113.890633,22.586983,1341
粤B7HX45,113.890633,22.586983,1341
粤B7HX45,113.890633,22.586983,1342
粤B7HX45,113.890633,22.586983,1343
粤B7HX45,113.890633,22.586983,1344
粤B7HX45,113.890633,22.586983,1345
粤B7HX45,113.890633,22.586983,1346
粤B7HX45,113.890633,22.586983,1347
粤B7HX45,113.890633,22.586983,1348
粤B7HX45,113.890633,22.586983,1349
粤B7HX45,113.890633,22.586983,1350
粤B7HX45,113.890633,22.586983,1351
粤B7HX45,113.890633,22.586983,1352
粤B7HX45,113.890633,22.586983,1352
粤B7HX45,113.890633,22.586983,1353
粤B7HX45,113.890633,22.586983,1354
粤B7HX45,113.890633,22.586983,1355
粤B7HX45,113.890633,22.586983,1356
粤B7HX45,113.890633,22.586983,1357
粤B7HX45,113.890633,22.586983,1358
粤B7HX45,113.890633,22.586983,1359
粤B7HX45,113.890633,22.586983,1360
粤B7HX45,113.890633,22.586983,1361
粤B7HX45,113.890633,22.586983,1362
粤B7HX45,113.890633,22.586983,1363
粤B7HX45,113.890633,22.586983,1363
粤B7HX45,113.890633,22.586983,1364
粤B7HX45,113.890633,22.586983,1365
粤B7HX45,113.890633,22.586983,1366
粤B7HX45,113.890633,22.586983,1367
粤B7HX45,113.890633,22.586983,1368
粤B7HX45,113.890633,22.586983,1369
粤B7HX45,113.890633,22.586983,1370
粤B7HX45,113.890633,22.586983,1371
粤B7HX45,113.890633,22.586983,1372
粤B7HX45,113.890633,22.586983,1373
粤B7HX45,113.890633,22.586983,1374
粤B7HX45,113.890633,22.586983,1374
粤B7HX45,113.890633,22.586983,1375
粤B7HX45,113.890633,22.586983,1376
粤B7HX45,113.890633,22.586983,1377
粤B7HX45,113.890633,22.586983,1378
粤B7HX45,113.890633,22.586983,1379
粤B7HX45,113.890633,22.586983,1380
粤B7HX45,113.890633,22.586983,1381
粤B7HX45,113.890633,22.586983,1382
粤B7HX45,113.890633,22.586983,1383
粤B7HX45,113.890633,22.586983,1384
粤B7HX45,113.890633,22.586983,1385
粤B7HX45,113.890633,22.586983,1385
粤B7HX45,113.890633,22.586983,1386
粤B7HX45,113.890633,22.586983,1387
粤B7HX45,113.890633,22.586983,1388
粤B7HX45,113.890633,22.586983,1389
粤B7HX45,113.890633,22.586983,1390
粤B7HX45,113.890633,22.586983,1391
粤B7HX45,113.890633,22.586983,1392
粤B7HX45,113.890633,22.586983,1393
粤B7HX45,113.890633,22.586983,1394
粤B7HX45,113.890633,22.586983,1395
粤B7HX45,113.890633,22.586983,1396
粤B7HX45,113.890633,22.586983,1396
粤B7HX45,113.890633,22.586983,1397
粤B7HX45,113.890633,22.586983,1398
粤B7HX45,113.890633,22.586983,1399
粤B7HX45,113.890633,22.586983,1400
粤B7HX45,113.890633,22.586983,1401
粤B7HX45,113.890633,22.586983,1402
粤B7HX45,113.890633,22.586983,1403
粤B7HX45,113.890633,22.586983,1404
粤B7HX45,113.890633,22.586983,1405
粤B7HX45,113.890633,22.586983,1406
粤B7HX45,113.890633,22.586983,1407
粤B7HX45,113.890633,22.586983,1407
粤B7HX45,113.890633,22.586983,1408
粤B7HX45,113.890633,22.586983,1409
粤B7HX45,113.890633,22.586983,1410
粤B7HX45,113.890633,22.586983,1411
粤B7HX45,113.890633,22.586983,1412
粤B7HX45,113.890633,22.586983,1413
粤B7HX45,113.890633,22.586983,1414
粤B7HX45,113.890633,22.586983,1415
粤B7HX45,113.890633,22.586983,1416
粤B7HX45,113.890633,22.586983,1417
粤B7HX45,113.890633,22.586983,1418
粤B7HX45,113.890633,22.586983,1418
粤B7HX45,113.890633,22.586983,1419
粤B7HX45,113.890633,22.586983,1420
粤B7HX45,113.890633,22.586983,1421
粤B7HX45,113.890633,22.586983,1422
粤B7HX45,113.890633,22.586983,1423
粤B7HX45,113.890633,22.586983,1424
粤B7HX45,113.890633,22.586983,1425
粤B7HX45,113.890633,22.586983,1426
粤B7HX45,113.890633,22.586983,1427
粤B7HX45,113.890633,22.586983,1428
粤B7HX45,113.890633,22.586983,1429
粤B7HX45,113.890633,22.586983,1429
粤B7HX45,113.890633,22.586983,1430
粤B7HX45,113.890633,22.586983,1431
粤B7HX45,113.890633,22.586983,1432
粤B7HX45,113.890633,22.586983,1433
粤B7HX45,113.890633,22.586983,1434
粤B7HX45,113.890633,22.586983,1435
粤B7HX45,113.890633,22.586983,1436
粤B7HX45,113.890633,22.586983,1437
粤B7HX45,113.890633,22.586983,1438
粤B7HX45,113.890633,22.586983,1439
