粤B4AK60,114.104103,22.584299,6
粤B4AK60,114.104103,22.584299,7
粤B4AK60,114.104103,22.584299,7
粤B4AK60,114.104103,22.584299,8
粤B4AK60,114.104103,22.584299,9
粤B4AK60,114.104103,22.584299,9
粤B4AK60,114.104103,22.584299,10
粤B4AK60,114.104103,22.584299,10
粤B4AK60,114.104103,22.584299,10
粤B4AK60,114.104103,22.584299,11
粤B4AK60,114.104103,22.584299,11
粤B4AK60,114.104103,22.584299,13
粤B4AK60,114.104103,22.584299,14
粤B4AK60,114.104103,22.584299,14
粤B4AK60,114.104103,22.584299,14
粤B4AK60,114.104103,22.584299,15
粤B4AK60,114.104797,22.5825,17
粤B4AK60,114.104797,22.5825,18
粤B4AK60,114.104797,22.5825,18
粤B4AK60,114.104797,22.5825,20
粤B4AK60,114.104797,22.5825,21
粤B4AK60,114.104797,22.5825,21
粤B4AK60,114.104797,22.5825,21
粤B4AK60,114.104797,22.5825,22
粤B4AK60,114.104797,22.5825,23
粤B4AK60,114.104797,22.5825,24
粤B4AK60,114.104797,22.5825,24
粤B4AK60,114.104797,22.5825,24
粤B4AK60,114.104797,22.5825,25
粤B4AK60,114.104797,22.5825,27
粤B4AK60,114.104797,22.5825,27
粤B4AK60,114.104797,22.5825,27
粤B4AK60,114.104797,22.5825,28
粤B4AK60,114.104797,22.5825,29
粤B4AK60,114.104797,22.5825,30
粤B4AK60,114.104797,22.5825,31
粤B4AK60,114.104797,22.5825,32
粤B4AK60,114.104797,22.5825,32
粤B4AK60,114.107697,22.5784,34
粤B4AK60,114.107803,22.5783,35
粤B4AK60,114.107903,22.5781,36
粤B4AK60,114.107903,22.5781,38
粤B4AK60,114.107903,22.5781,38
粤B4AK60,114.107903,22.5781,40
粤B4AK60,114.107498,22.5786,42
粤B4AK60,114.107498,22.5786,42
粤B4AK60,114.107498,22.5786,45
粤B4AK60,114.107498,22.5786,45
粤B4AK60,114.107101,22.578699,46
粤B4AK60,114.107101,22.578699,48
粤B4AK60,114.107101,22.578699,48
粤B4AK60,114.107101,22.578699,49
粤B4AK60,114.107101,22.578699,49
粤B4AK60,114.105797,22.5797,51
粤B4AK60,114.105797,22.5797,52
粤B4AK60,114.105797,22.5797,54
粤B4AK60,114.105301,22.579901,56
粤B4AK60,114.105797,22.5797,56
粤B4AK60,114.105301,22.579901,57
粤B4AK60,114.105301,22.579901,57
粤B4AK60,114.105301,22.579901,59
粤B4AK60,114.105301,22.579901,60
粤B4AK60,114.105698,22.579399,61
粤B4AK60,114.105698,22.5797,63
粤B4AK60,114.105698,22.5797,63
粤B4AK60,114.105698,22.5797,63
粤B4AK60,114.105698,22.5797,64
粤B4AK60,114.105698,22.5797,64
粤B4AK60,114.1054,22.580601,64
粤B4AK60,114.1054,22.580601,65
粤B4AK60,114.1054,22.580601,67
粤B4AK60,114.1054,22.580601,67
粤B4AK60,114.1054,22.580601,67
粤B4AK60,114.105598,22.5805,68
粤B4AK60,114.105598,22.5805,68
粤B4AK60,114.105103,22.5809,68
粤B4AK60,114.104797,22.580999,70
粤B4AK60,114.104897,22.580999,71
粤B4AK60,114.104797,22.580999,71
粤B4AK60,114.104897,22.580999,72
粤B4AK60,114.104897,22.580999,72
粤B4AK60,114.099297,22.581499,73
粤B4AK60,114.097397,22.580601,74
粤B4AK60,114.097397,22.580601,74
粤B4AK60,114.100899,22.580299,75
粤B4AK60,114.100899,22.580299,77
粤B4AK60,114.100899,22.580299,78
粤B4AK60,114.100899,22.580299,78
粤B4AK60,114.100899,22.580299,78
粤B4AK60,114.100899,22.580299,79
粤B4AK60,114.100899,22.580299,80
粤B4AK60,114.100899,22.580299,81
粤B4AK60,114.101799,22.5809,82
粤B4AK60,114.101799,22.5809,82
粤B4AK60,114.101799,22.5809,84
粤B4AK60,114.101799,22.5809,84
粤B4AK60,114.101799,22.5809,84
粤B4AK60,114.101799,22.5809,85
粤B4AK60,114.101799,22.5809,86
粤B4AK60,114.101898,22.5816,87
粤B4AK60,114.101898,22.5816,87
粤B4AK60,114.101898,22.5816,89
粤B4AK60,114.101898,22.5816,91
粤B4AK60,114.101898,22.5816,92
粤B4AK60,114.101898,22.5816,92
粤B4AK60,114.101898,22.5816,93
粤B4AK60,114.101898,22.5816,94
粤B4AK60,114.101898,22.5816,95
粤B4AK60,114.101898,22.5816,95
粤B4AK60,114.101898,22.5816,96
粤B4AK60,114.101898,22.5816,96
粤B4AK60,114.101898,22.5816,98
粤B4AK60,114.101898,22.5816,99
粤B4AK60,114.101898,22.5816,99
粤B4AK60,114.101898,22.5816,99
粤B4AK60,114.101898,22.5816,100
粤B4AK60,114.101898,22.5816,100
粤B4AK60,114.101898,22.5816,102
粤B4AK60,114.101898,22.5816,102
粤B4AK60,114.101898,22.5816,102
粤B4AK60,114.101898,22.5816,103
粤B4AK60,114.103203,22.5837,103
粤B4AK60,114.1035,22.5837,104
粤B4AK60,114.1035,22.5837,104
粤B4AK60,114.1035,22.5837,104
粤B4AK60,114.1035,22.5837,105
粤B4AK60,114.1035,22.5837,105
粤B4AK60,114.1035,22.5837,106
粤B4AK60,114.1035,22.5837,106
粤B4AK60,114.1035,22.5837,107
粤B4AK60,114.1035,22.5837,107
粤B4AK60,114.107201,22.583799,109
粤B4AK60,114.107201,22.583799,110
粤B4AK60,114.107201,22.583799,110
粤B4AK60,114.107201,22.583799,111
粤B4AK60,114.107201,22.583799,112
粤B4AK60,114.107201,22.583799,113
粤B4AK60,114.107201,22.583799,113
粤B4AK60,114.107201,22.583799,114
粤B4AK60,114.107201,22.583799,114
粤B4AK60,114.107201,22.583799,114
粤B4AK60,114.110298,22.584801,116
粤B4AK60,114.110298,22.584801,116
粤B4AK60,114.110298,22.584801,117
粤B4AK60,114.110298,22.584801,118
粤B4AK60,114.110298,22.584801,118
粤B4AK60,114.110298,22.584801,118
粤B4AK60,114.110298,22.584801,120
粤B4AK60,114.110298,22.584801,120
粤B4AK60,114.110298,22.584801,120
粤B4AK60,114.112701,22.5853,121
粤B4AK60,114.112701,22.5854,122
粤B4AK60,114.115097,22.5861,124
粤B4AK60,114.115097,22.5861,124
粤B4AK60,114.115097,22.5861,125
粤B4AK60,114.115097,22.5861,125
粤B4AK60,114.115097,22.5861,125
粤B4AK60,114.115097,22.5861,125
粤B4AK60,114.112,22.5847,127
粤B4AK60,114.111801,22.5847,128
粤B4AK60,114.1119,22.5846,128
粤B4AK60,114.111504,22.584499,129
粤B4AK60,114.111702,22.5846,129
粤B4AK60,114.111702,22.5846,129
粤B4AK60,114.111603,22.5847,131
粤B4AK60,114.111702,22.584499,132
粤B4AK60,114.111801,22.584299,132
粤B4AK60,114.111801,22.584299,133
粤B4AK60,114.111801,22.584299,133
粤B4AK60,114.111801,22.584299,133
粤B4AK60,114.111801,22.584299,135
粤B4AK60,114.111801,22.584299,135
粤B4AK60,114.111801,22.584299,135
粤B4AK60,114.111801,22.584299,136
粤B4AK60,114.111801,22.584299,137
粤B4AK60,114.111801,22.584299,138
粤B4AK60,114.111801,22.584299,139
粤B4AK60,114.111801,22.584299,139
粤B4AK60,114.111801,22.584299,139
粤B4AK60,114.111801,22.584299,139
粤B4AK60,114.111801,22.584299,140
粤B4AK60,114.111801,22.584299,140
粤B4AK60,114.111801,22.584299,143
粤B4AK60,114.111801,22.584299,143
粤B4AK60,114.111801,22.584299,143
粤B4AK60,114.111801,22.584299,143
粤B4AK60,114.111801,22.584299,144
粤B4AK60,114.111801,22.584299,144
粤B4AK60,114.114601,22.582701,146
粤B4AK60,114.111801,22.584299,146
粤B4AK60,114.111801,22.584299,146
粤B4AK60,114.114502,22.582701,147
粤B4AK60,114.114502,22.582701,147
粤B4AK60,114.114502,22.582701,147
粤B4AK60,114.114502,22.582701,147
粤B4AK60,114.114502,22.582701,147
粤B4AK60,114.114502,22.582701,148
粤B4AK60,114.114502,22.582701,148
粤B4AK60,114.113998,22.583,150
粤B4AK60,114.113998,22.583,151
粤B4AK60,114.113998,22.583,151
粤B4AK60,114.113998,22.583,151
粤B4AK60,114.113998,22.583,151
粤B4AK60,114.113701,22.5833,154
粤B4AK60,114.113701,22.5833,155
粤B4AK60,114.113701,22.5833,155
粤B4AK60,114.113701,22.5833,155
粤B4AK60,114.113701,22.5833,156
粤B4AK60,114.1129,22.5837,158
粤B4AK60,114.1129,22.5837,158
粤B4AK60,114.112198,22.584,159
粤B4AK60,114.1129,22.5837,159
粤B4AK60,114.1129,22.5837,159
粤B4AK60,114.112198,22.584,161
粤B4AK60,114.112198,22.584,162
粤B4AK60,114.111198,22.584299,163
粤B4AK60,114.1101,22.584499,165
粤B4AK60,114.110001,22.5846,165
粤B4AK60,114.109299,22.5847,166
粤B4AK60,114.109299,22.5847,166
粤B4AK60,114.109299,22.5847,167
粤B4AK60,114.109299,22.5847,167
粤B4AK60,114.109001,22.5846,168
粤B4AK60,114.109001,22.5846,169
粤B4AK60,114.109001,22.5846,169
粤B4AK60,114.109001,22.5846,169
粤B4AK60,114.109001,22.5846,169
粤B4AK60,114.109001,22.5846,169
粤B4AK60,114.109001,22.5846,169
粤B4AK60,114.109001,22.5846,169
粤B4AK60,114.109001,22.5846,170
粤B4AK60,114.108902,22.5849,171
粤B4AK60,114.108902,22.584999,173
粤B4AK60,114.108902,22.584999,173
粤B4AK60,114.108902,22.584999,173
粤B4AK60,114.108902,22.584999,174
粤B4AK60,114.108902,22.584999,174
粤B4AK60,114.108902,22.584999,174
粤B4AK60,114.108902,22.584999,175
粤B4AK60,114.107399,22.5858,177
粤B4AK60,114.107803,22.5853,177
粤B4AK60,114.107399,22.5858,178
粤B4AK60,114.107002,22.586201,180
粤B4AK60,114.106697,22.5863,181
粤B4AK60,114.106697,22.5863,181
粤B4AK60,114.106697,22.5863,181
粤B4AK60,114.106697,22.5863,182
粤B4AK60,114.1035,22.587999,191
粤B4AK60,114.1035,22.587999,192
粤B4AK60,114.1035,22.587999,192
粤B4AK60,114.1035,22.587999,192
粤B4AK60,114.1035,22.587999,195
粤B4AK60,114.1035,22.587999,196
粤B4AK60,114.1035,22.587999,196
粤B4AK60,114.1035,22.587999,197
粤B4AK60,114.1035,22.587999,197
粤B4AK60,114.1035,22.587999,199
粤B4AK60,114.1035,22.587999,199
粤B4AK60,114.1035,22.587999,199
粤B4AK60,114.1035,22.587999,200
粤B4AK60,114.1035,22.587999,200
粤B4AK60,114.101898,22.588499,201
粤B4AK60,114.101898,22.588499,202
粤B4AK60,114.101898,22.588499,203
粤B4AK60,114.101898,22.588499,204
粤B4AK60,114.101898,22.588499,204
粤B4AK60,114.101898,22.588499,204
粤B4AK60,114.1007,22.587,207
粤B4AK60,114.1007,22.587,207
粤B4AK60,114.1007,22.587,207
粤B4AK60,114.1007,22.587,208
粤B4AK60,114.1007,22.587,208
粤B4AK60,114.1007,22.587,208
粤B4AK60,114.1007,22.587,210
粤B4AK60,114.1007,22.587,211
粤B4AK60,114.1007,22.587,211
粤B4AK60,114.1007,22.587,211
粤B4AK60,114.1007,22.587,212
粤B4AK60,114.1007,22.587,214
粤B4AK60,114.1007,22.587,214
粤B4AK60,114.1007,22.587,215
粤B4AK60,114.1007,22.587,215
粤B4AK60,114.1007,22.587,216
粤B4AK60,114.1007,22.587,217
粤B4AK60,114.1007,22.587,218
粤B4AK60,114.1007,22.587,218
粤B4AK60,114.1007,22.587,219
粤B4AK60,114.1007,22.587,219
粤B4AK60,114.1007,22.587,219
粤B4AK60,114.1007,22.587,221
粤B4AK60,114.1007,22.587,222
粤B4AK60,114.101501,22.582701,222
粤B4AK60,114.101501,22.582701,223
粤B4AK60,114.101501,22.582701,225
粤B4AK60,114.101501,22.582701,225
粤B4AK60,114.101501,22.582701,226
粤B4AK60,114.101501,22.582701,226
粤B4AK60,114.101501,22.582701,226
粤B4AK60,114.101501,22.582701,227
粤B4AK60,114.101501,22.582701,228
粤B4AK60,114.101501,22.582399,229
粤B4AK60,114.101501,22.582701,229
粤B4AK60,114.101501,22.582399,230
粤B4AK60,114.101402,22.582399,233
粤B4AK60,114.101303,22.5828,236
粤B4AK60,114.101097,22.582199,237
粤B4AK60,114.1008,22.582001,237
粤B4AK60,114.1008,22.582001,238
粤B4AK60,114.100899,22.582199,241
粤B4AK60,114.101097,22.5823,241
粤B4AK60,114.100098,22.582001,245
粤B4AK60,114.100098,22.582001,245
粤B4AK60,114.100403,22.5819,245
粤B4AK60,114.100197,22.5819,246
粤B4AK60,114.100304,22.582001,247
粤B4AK60,114.100304,22.582001,248
粤B4AK60,114.100304,22.582001,248
粤B4AK60,114.100304,22.582001,248
粤B4AK60,114.1008,22.582001,249
粤B4AK60,114.1008,22.582001,249
粤B4AK60,114.101303,22.5825,251
粤B4AK60,114.100998,22.582399,252
粤B4AK60,114.101501,22.5825,252
粤B4AK60,114.100998,22.582399,253
粤B4AK60,114.100304,22.582001,255
粤B4AK60,114.100197,22.5821,255
粤B4AK60,114.100502,22.5828,256
粤B4AK60,114.100098,22.5825,257
粤B4AK60,114.1007,22.5823,259
粤B4AK60,114.099998,22.582199,259
粤B4AK60,114.099899,22.582701,260
粤B4AK60,114.0998,22.582199,260
粤B4AK60,114.099899,22.583,261
粤B4AK60,114.100899,22.582399,262
粤B4AK60,114.100998,22.582399,262
粤B4AK60,114.1007,22.5823,263
粤B4AK60,114.101097,22.582399,263
粤B4AK60,114.100601,22.5821,264
粤B4AK60,114.098602,22.583,266
粤B4AK60,114.0998,22.5828,267
粤B4AK60,114.100899,22.5823,267
粤B4AK60,114.0998,22.5828,267
粤B4AK60,114.100899,22.5823,268
粤B4AK60,114.100899,22.5823,268
粤B4AK60,114.101799,22.582399,271
粤B4AK60,114.101799,22.582399,272
粤B4AK60,114.101799,22.582399,272
粤B4AK60,114.101799,22.582399,274
粤B4AK60,114.101799,22.582399,274
粤B4AK60,114.101799,22.582399,275
粤B4AK60,114.101501,22.5823,275
粤B4AK60,114.101601,22.5825,276
粤B4AK60,114.100601,22.581699,277
粤B4AK60,114.1007,22.582001,278
粤B4AK60,114.1008,22.5821,279
粤B4AK60,114.100998,22.5821,279
粤B4AK60,114.1008,22.5821,279
粤B4AK60,114.097198,22.581301,281
粤B4AK60,114.0979,22.5814,281
粤B4AK60,114.0979,22.5814,282
粤B4AK60,114.099998,22.5814,283
粤B4AK60,114.099998,22.581499,283
粤B4AK60,114.100502,22.581499,283
粤B4AK60,114.098701,22.580601,286
粤B4AK60,114.098701,22.5807,286
粤B4AK60,114.099602,22.581699,287
粤B4AK60,114.099297,22.581499,287
粤B4AK60,114.099899,22.581699,287
粤B4AK60,114.0998,22.5814,289
粤B4AK60,114.0998,22.5814,289
粤B4AK60,114.100403,22.581301,290
粤B4AK60,114.100502,22.5814,290
粤B4AK60,114.100304,22.582199,293
粤B4AK60,114.100304,22.582199,293
粤B4AK60,114.100304,22.582199,294
粤B4AK60,114.100304,22.582199,294
粤B4AK60,114.100601,22.5821,294
粤B4AK60,114.100601,22.5821,295
粤B4AK60,114.101402,22.5814,297
粤B4AK60,114.1035,22.5814,297
粤B4AK60,114.104599,22.579399,297
粤B4AK60,114.105499,22.5772,298
粤B4AK60,114.106903,22.574499,298
粤B4AK60,114.107903,22.572701,298
粤B4AK60,114.107002,22.5744,299
粤B4AK60,114.114899,22.5805,301
粤B4AK60,114.116302,22.5776,301
粤B4AK60,114.113899,22.5835,301
粤B4AK60,114.113899,22.5877,303
粤B4AK60,114.115601,22.5895,305
粤B4AK60,114.115601,22.5895,306
粤B4AK60,114.115601,22.5895,306
粤B4AK60,114.115601,22.5895,308
粤B4AK60,114.115601,22.5895,309
粤B4AK60,114.115601,22.5895,310
粤B4AK60,114.115601,22.5895,310
粤B4AK60,114.115601,22.5895,311
粤B4AK60,114.115601,22.5895,313
粤B4AK60,114.115601,22.5895,313
粤B4AK60,114.115601,22.5895,313
粤B4AK60,114.115601,22.5895,314
粤B4AK60,114.115601,22.5895,314
粤B4AK60,114.115601,22.5895,314
粤B4AK60,114.115601,22.5895,316
粤B4AK60,114.115601,22.5895,317
粤B4AK60,114.115601,22.5895,317
粤B4AK60,114.115601,22.5895,318
粤B4AK60,114.115601,22.5895,320
粤B4AK60,114.115601,22.5895,320
粤B4AK60,114.115601,22.5895,320
粤B4AK60,114.115601,22.5895,321
粤B4AK60,114.115601,22.5895,322
粤B4AK60,114.115601,22.5895,324
粤B4AK60,114.115601,22.5895,324
粤B4AK60,114.115601,22.5895,325
粤B4AK60,114.115601,22.5895,325
粤B4AK60,114.115601,22.5895,327
粤B4AK60,114.115601,22.5895,327
粤B4AK60,114.115601,22.5895,328
粤B4AK60,114.115601,22.5895,329
粤B4AK60,114.115601,22.5895,329
粤B4AK60,114.115601,22.5895,331
粤B4AK60,114.115601,22.5895,331
粤B4AK60,114.115601,22.5895,331
粤B4AK60,114.115601,22.5895,332
粤B4AK60,114.115601,22.5895,332
粤B4AK60,114.115601,22.5895,334
粤B4AK60,114.115601,22.5895,335
粤B4AK60,114.115601,22.5895,335
粤B4AK60,114.115601,22.5895,335
粤B4AK60,114.115601,22.5895,336
粤B4AK60,114.115601,22.5895,336
粤B4AK60,114.115601,22.5895,336
粤B4AK60,114.115601,22.5895,337
粤B4AK60,114.115601,22.5895,339
粤B4AK60,114.115601,22.5895,339
粤B4AK60,114.115601,22.5895,339
粤B4AK60,114.115601,22.5895,340
粤B4AK60,114.115601,22.5895,340
粤B4AK60,114.115601,22.5895,341
粤B4AK60,114.115601,22.5895,342
粤B4AK60,114.115601,22.5895,343
粤B4AK60,114.115601,22.5895,346
粤B4AK60,114.115601,22.5895,347
粤B4AK60,114.115601,22.5895,347
粤B4AK60,114.115601,22.5895,347
粤B4AK60,114.115601,22.5895,348
粤B4AK60,114.115601,22.5895,348
粤B4AK60,114.115601,22.5895,350
粤B4AK60,114.115601,22.5895,350
粤B4AK60,114.115601,22.5895,351
粤B4AK60,114.115601,22.5895,351
粤B4AK60,114.115601,22.5895,352
粤B4AK60,114.115601,22.5895,352
粤B4AK60,114.115601,22.5895,354
粤B4AK60,114.115601,22.5895,354
粤B4AK60,114.115601,22.5895,355
粤B4AK60,114.115601,22.5895,355
粤B4AK60,114.115601,22.5895,355
粤B4AK60,114.115601,22.5895,356
粤B4AK60,114.115601,22.5895,356
粤B4AK60,114.115601,22.5895,359
粤B4AK60,114.115601,22.5895,360
粤B4AK60,114.115601,22.5895,360
粤B4AK60,114.115601,22.5895,363
粤B4AK60,114.115601,22.5895,364
粤B4AK60,114.115601,22.5895,364
粤B4AK60,114.115601,22.5895,366
粤B4AK60,114.115601,22.5895,367
粤B4AK60,114.115601,22.5895,368
粤B4AK60,114.115601,22.5895,370
粤B4AK60,114.115601,22.5895,370
粤B4AK60,114.115601,22.5895,370
粤B4AK60,114.115601,22.5895,371
粤B4AK60,114.115601,22.5895,372
粤B4AK60,114.115601,22.5895,374
粤B4AK60,114.115601,22.5895,374
粤B4AK60,114.115601,22.5895,375
粤B4AK60,114.115601,22.5895,375
粤B4AK60,114.115601,22.5895,376
粤B4AK60,114.115601,22.5895,378
粤B4AK60,114.115601,22.5895,378
粤B4AK60,114.115601,22.5895,378
粤B4AK60,114.115601,22.5895,379
粤B4AK60,114.115601,22.5895,379
粤B4AK60,114.115601,22.5895,379
粤B4AK60,114.115601,22.5895,381
粤B4AK60,114.115601,22.5895,382
粤B4AK60,114.115601,22.5895,383
粤B4AK60,114.115601,22.5895,385
粤B4AK60,114.115601,22.5895,386
粤B4AK60,114.115601,22.5895,386
粤B4AK60,114.115601,22.5895,387
粤B4AK60,114.115601,22.5895,390
粤B4AK60,114.115601,22.5895,391
粤B4AK60,114.115601,22.5895,391
粤B4AK60,114.115601,22.5895,393
粤B4AK60,114.115601,22.5895,394
粤B4AK60,114.115601,22.5895,394
粤B4AK60,114.115601,22.5895,395
粤B4AK60,114.115601,22.5895,396
粤B4AK60,114.115601,22.5895,397
粤B4AK60,114.115601,22.5895,398
粤B4AK60,114.115601,22.5895,398
粤B4AK60,114.115601,22.5895,401
粤B4AK60,114.115601,22.5895,401
粤B4AK60,114.115601,22.5895,401
粤B4AK60,114.115601,22.5895,402
粤B4AK60,114.115601,22.5895,402
粤B4AK60,114.115601,22.5895,402
粤B4AK60,114.115601,22.5895,404
粤B4AK60,114.115601,22.5895,404
粤B4AK60,114.115601,22.5895,405
粤B4AK60,114.115601,22.5895,406
粤B4AK60,114.115601,22.5895,408
粤B4AK60,114.115601,22.5895,409
粤B4AK60,114.115601,22.5895,409
粤B4AK60,114.115601,22.5895,409
粤B4AK60,114.115601,22.5895,410
粤B4AK60,114.115601,22.5895,412
粤B4AK60,114.115601,22.5895,412
粤B4AK60,114.115601,22.5895,414
粤B4AK60,114.115601,22.5895,416
粤B4AK60,114.115601,22.5895,416
粤B4AK60,114.115601,22.5895,417
粤B4AK60,114.115601,22.5895,417
粤B4AK60,114.115601,22.5895,417
粤B4AK60,114.115601,22.5895,418
粤B4AK60,114.115601,22.5895,418
粤B4AK60,114.115601,22.5895,420
粤B4AK60,114.115601,22.5895,420
粤B4AK60,114.115601,22.5895,421
粤B4AK60,114.115601,22.5895,421
粤B4AK60,114.115601,22.5895,421
粤B4AK60,114.115601,22.5895,424
粤B4AK60,114.115601,22.5895,424
粤B4AK60,114.115601,22.5895,425
粤B4AK60,114.115601,22.5895,425
粤B4AK60,114.115601,22.5895,427
粤B4AK60,114.115601,22.5895,428
粤B4AK60,114.115601,22.5895,428
粤B4AK60,114.115601,22.5895,429
粤B4AK60,114.115601,22.5895,429
粤B4AK60,114.115601,22.5895,431
粤B4AK60,114.115601,22.5895,431
粤B4AK60,114.115601,22.5895,432
粤B4AK60,114.115601,22.5895,432
粤B4AK60,114.115601,22.5895,433
粤B4AK60,114.115601,22.5895,435
粤B4AK60,114.115601,22.5895,435
粤B4AK60,114.115601,22.5895,436
粤B4AK60,114.115601,22.5895,436
粤B4AK60,114.115601,22.5895,436
粤B4AK60,114.115601,22.5895,437
粤B4AK60,114.115601,22.5895,438
粤B4AK60,114.115601,22.5895,439
粤B4AK60,114.115601,22.5895,439
粤B4AK60,114.115601,22.5895,439
粤B4AK60,114.115601,22.5895,440
粤B4AK60,114.115601,22.5895,440
粤B4AK60,114.115601,22.5895,442
粤B4AK60,114.115601,22.5895,442
粤B4AK60,114.115601,22.5895,443
粤B4AK60,114.115601,22.5895,443
粤B4AK60,114.115601,22.5895,444
粤B4AK60,114.115601,22.5895,446
粤B4AK60,114.115601,22.5895,446
粤B4AK60,114.115601,22.5895,446
粤B4AK60,114.115601,22.5895,448
粤B4AK60,114.115601,22.5895,450
粤B4AK60,114.115601,22.5895,450
粤B4AK60,114.115601,22.5895,450
粤B4AK60,114.115601,22.5895,451
粤B4AK60,114.115601,22.5895,451
粤B4AK60,114.115601,22.5895,453
粤B4AK60,114.115601,22.5895,453
粤B4AK60,114.115601,22.5895,453
粤B4AK60,114.115601,22.5895,454
粤B4AK60,114.115601,22.5895,454
粤B4AK60,114.115601,22.5895,454
粤B4AK60,114.115601,22.5895,457
粤B4AK60,114.115601,22.5895,457
粤B4AK60,114.115601,22.5895,457
粤B4AK60,114.115601,22.5895,458
粤B4AK60,114.115601,22.5895,458
粤B4AK60,114.115601,22.5895,460
粤B4AK60,114.115601,22.5895,461
粤B4AK60,114.115601,22.5895,461
粤B4AK60,114.115601,22.5895,462
粤B4AK60,114.115601,22.5895,464
粤B4AK60,114.115601,22.5895,464
粤B4AK60,114.115601,22.5895,464
粤B4AK60,114.115601,22.5895,465
粤B4AK60,114.115601,22.5895,465
粤B4AK60,114.115601,22.5895,466
粤B4AK60,114.115601,22.5895,467
粤B4AK60,114.115601,22.5895,467
粤B4AK60,114.115601,22.5895,468
粤B4AK60,114.115601,22.5895,469
粤B4AK60,114.115601,22.5895,469
粤B4AK60,114.115601,22.5895,469
粤B4AK60,114.115601,22.5895,471
粤B4AK60,114.115601,22.5895,473
粤B4AK60,114.115601,22.5895,473
粤B4AK60,114.115601,22.5895,474
粤B4AK60,114.115601,22.5895,475
粤B4AK60,114.115601,22.5895,475
粤B4AK60,114.115601,22.5895,476
粤B4AK60,114.115601,22.5895,479
粤B4AK60,114.115601,22.5895,479
粤B4AK60,114.115601,22.5895,479
粤B4AK60,114.115601,22.5895,482
粤B4AK60,114.115601,22.5895,482
粤B4AK60,114.115601,22.5895,485
粤B4AK60,114.115601,22.5895,486
粤B4AK60,114.115601,22.5895,487
粤B4AK60,114.115601,22.5895,487
粤B4AK60,114.115601,22.5895,489
粤B4AK60,114.115601,22.5895,490
粤B4AK60,114.115601,22.5895,491
粤B4AK60,114.115601,22.5895,491
粤B4AK60,114.115601,22.5895,491
粤B4AK60,114.115601,22.5895,493
粤B4AK60,114.115601,22.5895,494
粤B4AK60,114.115601,22.5895,494
粤B4AK60,114.115601,22.5895,495
粤B4AK60,114.115601,22.5895,498
粤B4AK60,114.115601,22.5895,498
粤B4AK60,114.115601,22.5895,499
粤B4AK60,114.115601,22.5895,501
粤B4AK60,114.115601,22.5895,502
粤B4AK60,114.115601,22.5895,504
粤B4AK60,114.115601,22.5895,505
粤B4AK60,114.115601,22.5895,505
粤B4AK60,114.115601,22.5895,506
粤B4AK60,114.115601,22.5895,506
粤B4AK60,114.115601,22.5895,507
粤B4AK60,114.115601,22.5895,508
粤B4AK60,114.115601,22.5895,508
粤B4AK60,114.115601,22.5895,508
粤B4AK60,114.115601,22.5895,509
粤B4AK60,114.115601,22.5895,511
粤B4AK60,114.115601,22.5895,511
粤B4AK60,114.115601,22.5895,512
粤B4AK60,114.115601,22.5895,512
粤B4AK60,114.115601,22.5895,512
粤B4AK60,114.115601,22.5895,514
粤B4AK60,114.115601,22.5895,515
粤B4AK60,114.115601,22.5895,515
粤B4AK60,114.115601,22.5895,516
粤B4AK60,114.115601,22.5895,518
粤B4AK60,114.115601,22.5895,518
粤B4AK60,114.115601,22.5895,518
粤B4AK60,114.115601,22.5895,519
粤B4AK60,114.115601,22.5895,519
粤B4AK60,114.115601,22.5895,520
粤B4AK60,114.115601,22.5895,521
粤B4AK60,114.115601,22.5895,522
粤B4AK60,114.115601,22.5895,523
粤B4AK60,114.115601,22.5895,525
粤B4AK60,114.115601,22.5895,525
粤B4AK60,114.115601,22.5895,525
粤B4AK60,114.115601,22.5895,526
粤B4AK60,114.115601,22.5895,526
粤B4AK60,114.115601,22.5895,526
粤B4AK60,114.115601,22.5895,528
粤B4AK60,114.115601,22.5895,528
粤B4AK60,114.115601,22.5895,529
粤B4AK60,114.115601,22.5895,530
粤B4AK60,114.115601,22.5895,532
粤B4AK60,114.115601,22.5895,532
粤B4AK60,114.115601,22.5895,533
粤B4AK60,114.115601,22.5895,536
粤B4AK60,114.115601,22.5895,536
粤B4AK60,114.115601,22.5895,546
粤B4AK60,114.115601,22.5895,546
粤B4AK60,114.115601,22.5895,547
粤B4AK60,114.115601,22.5895,547
粤B4AK60,114.115601,22.5895,548
粤B4AK60,114.115601,22.5895,549
粤B4AK60,114.115601,22.5895,550
粤B4AK60,114.115601,22.5895,551
粤B4AK60,114.115601,22.5895,553
粤B4AK60,114.115601,22.5895,554
粤B4AK60,114.115601,22.5895,555
粤B4AK60,114.115601,22.5895,557
粤B4AK60,114.115601,22.5895,557
粤B4AK60,114.115601,22.5895,558
粤B4AK60,114.115601,22.5895,558
粤B4AK60,114.115601,22.5895,560
粤B4AK60,114.115601,22.5895,561
粤B4AK60,114.115601,22.5895,561
粤B4AK60,114.115601,22.5895,562
粤B4AK60,114.115601,22.5895,562
粤B4AK60,114.115601,22.5895,564
粤B4AK60,114.115601,22.5895,565
粤B4AK60,114.115601,22.5895,565
粤B4AK60,114.115601,22.5895,565
粤B4AK60,114.115601,22.5895,566
粤B4AK60,114.115601,22.5895,569
粤B4AK60,114.115601,22.5895,572
粤B4AK60,114.115601,22.5895,572
粤B4AK60,114.115601,22.5895,573
粤B4AK60,114.115601,22.5895,573
粤B4AK60,114.115601,22.5895,576
粤B4AK60,114.115601,22.5895,577
粤B4AK60,114.115601,22.5895,577
粤B4AK60,114.115601,22.5895,577
粤B4AK60,114.115601,22.5895,579
粤B4AK60,114.115601,22.5895,580
粤B4AK60,114.115601,22.5895,580
粤B4AK60,114.115601,22.5895,580
粤B4AK60,114.115601,22.5895,581
粤B4AK60,114.115601,22.5895,581
粤B4AK60,114.115601,22.5895,583
粤B4AK60,114.115601,22.5895,583
粤B4AK60,114.115601,22.5895,583
粤B4AK60,114.115601,22.5895,584
粤B4AK60,114.115601,22.5895,584
粤B4AK60,114.115601,22.5895,584
粤B4AK60,114.115601,22.5895,585
粤B4AK60,114.115601,22.5895,586
粤B4AK60,114.115601,22.5895,586
粤B4AK60,114.115601,22.5895,587
粤B4AK60,114.115601,22.5895,587
粤B4AK60,114.115601,22.5895,587
粤B4AK60,114.115601,22.5895,588
粤B4AK60,114.115601,22.5895,588
粤B4AK60,114.115601,22.5895,590
粤B4AK60,114.115601,22.5895,590
粤B4AK60,114.115601,22.5895,590
粤B4AK60,114.115601,22.5895,591
粤B4AK60,114.115601,22.5895,591
粤B4AK60,114.115601,22.5895,591
粤B4AK60,114.115601,22.5895,592
粤B4AK60,114.115601,22.5895,593
粤B4AK60,114.115601,22.5895,594
粤B4AK60,114.115601,22.5895,594
粤B4AK60,114.115601,22.5895,595
粤B4AK60,114.115601,22.5895,595
粤B4AK60,114.115601,22.5895,597
粤B4AK60,114.115601,22.5895,597
粤B4AK60,114.115601,22.5895,598
粤B4AK60,114.115601,22.5895,599
粤B4AK60,114.115601,22.5895,602
粤B4AK60,114.115601,22.5895,604
粤B4AK60,114.115601,22.5895,604
粤B4AK60,114.115601,22.5895,606
粤B4AK60,114.115601,22.5895,607
粤B4AK60,114.115601,22.5895,608
粤B4AK60,114.115601,22.5895,608
粤B4AK60,114.115601,22.5895,609
粤B4AK60,114.115601,22.5895,609
粤B4AK60,114.115601,22.5895,611
粤B4AK60,114.115601,22.5895,612
粤B4AK60,114.115601,22.5895,612
粤B4AK60,114.115601,22.5895,613
粤B4AK60,114.115601,22.5895,615
粤B4AK60,114.115601,22.5895,615
粤B4AK60,114.115601,22.5895,616
粤B4AK60,114.115601,22.5895,618
粤B4AK60,114.115601,22.5895,618
粤B4AK60,114.115601,22.5895,619
粤B4AK60,114.115601,22.5895,619
粤B4AK60,114.115601,22.5895,621
粤B4AK60,114.115601,22.5895,622
粤B4AK60,114.115601,22.5895,622
粤B4AK60,114.115601,22.5895,624
粤B4AK60,114.115601,22.5895,625
粤B4AK60,114.115601,22.5895,626
粤B4AK60,114.115601,22.5895,626
粤B4AK60,114.115601,22.5895,628
粤B4AK60,114.115601,22.5895,628
粤B4AK60,114.115601,22.5895,628
粤B4AK60,114.115601,22.5895,629
粤B4AK60,114.115601,22.5895,629
粤B4AK60,114.115601,22.5895,631
粤B4AK60,114.115601,22.5895,632
粤B4AK60,114.115601,22.5895,632
粤B4AK60,114.115601,22.5895,635
粤B4AK60,114.115601,22.5895,635
粤B4AK60,114.115601,22.5895,636
粤B4AK60,114.115601,22.5895,636
粤B4AK60,114.115601,22.5895,637
粤B4AK60,114.115601,22.5895,638
粤B4AK60,114.115601,22.5895,638
粤B4AK60,114.115601,22.5895,638
粤B4AK60,114.115601,22.5895,639
粤B4AK60,114.115601,22.5895,639
粤B4AK60,114.115601,22.5895,641
粤B4AK60,114.115601,22.5895,641
粤B4AK60,114.115601,22.5895,642
粤B4AK60,114.115601,22.5895,643
粤B4AK60,114.115601,22.5895,643
粤B4AK60,114.115601,22.5895,644
粤B4AK60,114.115601,22.5895,646
粤B4AK60,114.115601,22.5895,647
粤B4AK60,114.115601,22.5895,648
粤B4AK60,114.115601,22.5895,649
粤B4AK60,114.115601,22.5895,649
粤B4AK60,114.115601,22.5895,651
粤B4AK60,114.115601,22.5895,651
粤B4AK60,114.115601,22.5895,652
粤B4AK60,114.115601,22.5895,652
粤B4AK60,114.115601,22.5895,652
粤B4AK60,114.115601,22.5895,653
粤B4AK60,114.115601,22.5895,655
粤B4AK60,114.115601,22.5895,655
粤B4AK60,114.115601,22.5895,655
粤B4AK60,114.115601,22.5895,656
粤B4AK60,114.115601,22.5895,657
粤B4AK60,114.115601,22.5895,658
粤B4AK60,114.115601,22.5895,658
粤B4AK60,114.115601,22.5895,659
粤B4AK60,114.115601,22.5895,663
粤B4AK60,114.115601,22.5895,664
粤B4AK60,114.115601,22.5895,665
粤B4AK60,114.115601,22.5895,665
粤B4AK60,114.115601,22.5895,666
粤B4AK60,114.115601,22.5895,669
粤B4AK60,114.115601,22.5895,670
粤B4AK60,114.115601,22.5895,673
粤B4AK60,114.115601,22.5895,675
粤B4AK60,114.115601,22.5895,678
粤B4AK60,114.115601,22.5895,679
粤B4AK60,114.115601,22.5895,679
粤B4AK60,114.115601,22.5895,680
粤B4AK60,114.115601,22.5895,681
粤B4AK60,114.115601,22.5895,683
粤B4AK60,114.115601,22.5895,683
粤B4AK60,114.115601,22.5895,685
粤B4AK60,114.115601,22.5895,686
粤B4AK60,114.115601,22.5895,686
粤B4AK60,114.115601,22.5895,686
粤B4AK60,114.115601,22.5895,687
粤B4AK60,114.115601,22.5895,688
粤B4AK60,114.115601,22.5895,688
粤B4AK60,114.115601,22.5895,689
粤B4AK60,114.115601,22.5895,689
粤B4AK60,114.115601,22.5895,690
粤B4AK60,114.115601,22.5895,692
粤B4AK60,114.115601,22.5895,693
粤B4AK60,114.115601,22.5895,693
粤B4AK60,114.115601,22.5895,693
粤B4AK60,114.115601,22.5895,695
粤B4AK60,114.115601,22.5895,696
粤B4AK60,114.115601,22.5895,696
粤B4AK60,114.115601,22.5895,696
粤B4AK60,114.115601,22.5895,697
粤B4AK60,114.115601,22.5895,698
粤B4AK60,114.115601,22.5895,699
粤B4AK60,114.115601,22.5895,699
粤B4AK60,114.115601,22.5895,700
粤B4AK60,114.115601,22.5895,702
粤B4AK60,114.115601,22.5895,702
粤B4AK60,114.115601,22.5895,703
粤B4AK60,114.115601,22.5895,703
粤B4AK60,114.115601,22.5895,703
粤B4AK60,114.115601,22.5895,704
粤B4AK60,114.115601,22.5895,705
粤B4AK60,114.115601,22.5895,706
粤B4AK60,114.115601,22.5895,706
粤B4AK60,114.115601,22.5895,708
粤B4AK60,114.115601,22.5895,709
粤B4AK60,114.115601,22.5895,710
粤B4AK60,114.115601,22.5895,710
粤B4AK60,114.115601,22.5895,712
粤B4AK60,114.115601,22.5895,712
粤B4AK60,114.115601,22.5895,713
粤B4AK60,114.115601,22.5895,714
粤B4AK60,114.115601,22.5895,715
粤B4AK60,114.115601,22.5895,717
粤B4AK60,114.115601,22.5895,719
粤B4AK60,114.115601,22.5895,720
粤B4AK60,114.115601,22.5895,721
粤B4AK60,114.115601,22.5895,722
粤B4AK60,114.115601,22.5895,725
粤B4AK60,114.115601,22.5895,725
粤B4AK60,114.115601,22.5895,726
粤B4AK60,114.115601,22.5895,728
粤B4AK60,114.115601,22.5895,728
粤B4AK60,114.115601,22.5895,729
粤B4AK60,114.115601,22.5895,729
粤B4AK60,114.115601,22.5895,729
粤B4AK60,114.115601,22.5895,730
粤B4AK60,114.115601,22.5895,733
粤B4AK60,114.115601,22.5895,733
粤B4AK60,114.115601,22.5895,735
粤B4AK60,114.115601,22.5895,735
粤B4AK60,114.115601,22.5895,736
粤B4AK60,114.115601,22.5895,739
粤B4AK60,114.115601,22.5895,739
粤B4AK60,114.115601,22.5895,740
粤B4AK60,114.115601,22.5895,740
粤B4AK60,114.115601,22.5895,742
粤B4AK60,114.115601,22.5895,743
粤B4AK60,114.115601,22.5895,743
粤B4AK60,114.115601,22.5895,743
粤B4AK60,114.115601,22.5895,746
粤B4AK60,114.115601,22.5895,746
粤B4AK60,114.115601,22.5895,749
粤B4AK60,114.115601,22.5895,749
粤B4AK60,114.115601,22.5895,750
粤B4AK60,114.115601,22.5895,750
粤B4AK60,114.115601,22.5895,751
粤B4AK60,114.115601,22.5895,753
粤B4AK60,114.115601,22.5895,754
粤B4AK60,114.115601,22.5895,754
粤B4AK60,114.115601,22.5895,754
粤B4AK60,114.115601,22.5895,756
粤B4AK60,114.115601,22.5895,756
粤B4AK60,114.115601,22.5895,757
粤B4AK60,114.115601,22.5895,757
粤B4AK60,114.115601,22.5895,759
粤B4AK60,114.115601,22.5895,760
粤B4AK60,114.115601,22.5895,760
粤B4AK60,114.115601,22.5895,761
粤B4AK60,114.115601,22.5895,761
粤B4AK60,114.115601,22.5895,761
粤B4AK60,114.115601,22.5895,763
粤B4AK60,114.115601,22.5895,764
粤B4AK60,114.115601,22.5895,765
粤B4AK60,114.115601,22.5895,766
粤B4AK60,114.115601,22.5895,767
粤B4AK60,114.115601,22.5895,768
粤B4AK60,114.115601,22.5895,770
粤B4AK60,114.115601,22.5895,770
粤B4AK60,114.115601,22.5895,771
粤B4AK60,114.115601,22.5895,773
粤B4AK60,114.115601,22.5895,774
粤B4AK60,114.115601,22.5895,774
粤B4AK60,114.115601,22.5895,774
粤B4AK60,114.115601,22.5895,775
粤B4AK60,114.115601,22.5895,777
粤B4AK60,114.115601,22.5895,778
粤B4AK60,114.115601,22.5895,778
粤B4AK60,114.115601,22.5895,778
粤B4AK60,114.115601,22.5895,780
粤B4AK60,114.115601,22.5895,780
粤B4AK60,114.115601,22.5895,781
粤B4AK60,114.115601,22.5895,782
粤B4AK60,114.115601,22.5895,784
粤B4AK60,114.115601,22.5895,785
粤B4AK60,114.115601,22.5895,785
粤B4AK60,114.115601,22.5895,785
粤B4AK60,114.115601,22.5895,786
粤B4AK60,114.115601,22.5895,787
粤B4AK60,114.115601,22.5895,788
粤B4AK60,114.115601,22.5895,789
粤B4AK60,114.115601,22.5895,789
粤B4AK60,114.115601,22.5895,791
粤B4AK60,114.115601,22.5895,791
粤B4AK60,114.115601,22.5895,791
粤B4AK60,114.115601,22.5895,792
粤B4AK60,114.115601,22.5895,792
粤B4AK60,114.115601,22.5895,792
粤B4AK60,114.115601,22.5895,793
粤B4AK60,114.115601,22.5895,794
粤B4AK60,114.115601,22.5895,794
粤B4AK60,114.115601,22.5895,796
粤B4AK60,114.115601,22.5895,797
粤B4AK60,114.115601,22.5895,798
粤B4AK60,114.115601,22.5895,798
粤B4AK60,114.115601,22.5895,798
粤B4AK60,114.115601,22.5895,799
粤B4AK60,114.115601,22.5895,799
粤B4AK60,114.115601,22.5895,799
粤B4AK60,114.115601,22.5895,801
粤B4AK60,114.115601,22.5895,801
粤B4AK60,114.115601,22.5895,801
粤B4AK60,114.115601,22.5895,802
粤B4AK60,114.115601,22.5895,802
粤B4AK60,114.115601,22.5895,804
粤B4AK60,114.115601,22.5895,805
粤B4AK60,114.115601,22.5895,805
粤B4AK60,114.115601,22.5895,805
粤B4AK60,114.115601,22.5895,806
粤B4AK60,114.115601,22.5895,808
粤B4AK60,114.115601,22.5895,808
粤B4AK60,114.115601,22.5895,809
粤B4AK60,114.115601,22.5895,811
粤B4AK60,114.115601,22.5895,812
粤B4AK60,114.115601,22.5895,812
粤B4AK60,114.115601,22.5895,813
粤B4AK60,114.115601,22.5895,813
粤B4AK60,114.115601,22.5895,813
粤B4AK60,114.115601,22.5895,815
粤B4AK60,114.115601,22.5895,815
粤B4AK60,114.115601,22.5895,816
粤B4AK60,114.115601,22.5895,816
粤B4AK60,114.115601,22.5895,817
粤B4AK60,114.115601,22.5895,818
粤B4AK60,114.115601,22.5895,818
粤B4AK60,114.115601,22.5895,819
粤B4AK60,114.115601,22.5895,820
粤B4AK60,114.115601,22.5895,822
粤B4AK60,114.115601,22.5895,822
粤B4AK60,114.115601,22.5895,823
粤B4AK60,114.115601,22.5895,825
粤B4AK60,114.115601,22.5895,825
粤B4AK60,114.115601,22.5895,826
粤B4AK60,114.115601,22.5895,826
粤B4AK60,114.115601,22.5895,827
粤B4AK60,114.115601,22.5895,827
粤B4AK60,114.115601,22.5895,828
粤B4AK60,114.115601,22.5895,829
粤B4AK60,114.115303,22.5893,830
粤B4AK60,114.115303,22.5893,830
粤B4AK60,114.115303,22.5893,830
粤B4AK60,114.114601,22.5886,833
粤B4AK60,114.114601,22.5886,834
粤B4AK60,114.114601,22.5886,834
粤B4AK60,114.114601,22.5886,835
粤B4AK60,114.114098,22.5875,837
粤B4AK60,114.114502,22.5818,842
粤B4AK60,114.116798,22.5763,843
粤B4AK60,114.115898,22.576,844
粤B4AK60,114.117203,22.576401,844
粤B4AK60,114.122498,22.576401,845
粤B4AK60,114.124001,22.574301,845
粤B4AK60,114.123497,22.575199,845
粤B4AK60,114.121803,22.5739,847
粤B4AK60,114.1213,22.575701,847
粤B4AK60,114.122902,22.5765,848
粤B4AK60,114.125,22.576799,848
粤B4AK60,114.126701,22.577,849
粤B4AK60,114.124802,22.572399,850
粤B4AK60,114.124802,22.572399,851
粤B4AK60,114.124802,22.572399,851
粤B4AK60,114.124802,22.572399,851
粤B4AK60,114.124603,22.571699,852
粤B4AK60,114.124702,22.5714,852
粤B4AK60,114.125,22.569,854
粤B4AK60,114.125099,22.567801,854
粤B4AK60,114.121399,22.566799,855
粤B4AK60,114.119003,22.565599,856
粤B4AK60,114.120201,22.566601,856
粤B4AK60,114.117996,22.5681,857
粤B4AK60,114.119202,22.568399,858
粤B4AK60,114.120903,22.569,858
粤B4AK60,114.121696,22.567699,859
粤B4AK60,114.125,22.5597,862
粤B4AK60,114.124901,22.5592,862
粤B4AK60,114.124901,22.560801,862
粤B4AK60,114.121399,22.5574,864
粤B4AK60,114.124702,22.554001,865
粤B4AK60,114.125504,22.553101,866
粤B4AK60,114.125702,22.5516,867
粤B4AK60,114.125702,22.551399,867
粤B4AK60,114.125702,22.551399,868
粤B4AK60,114.125702,22.5506,868
粤B4AK60,114.125702,22.551399,868
粤B4AK60,114.125702,22.5495,869
粤B4AK60,114.1231,22.5485,870
粤B4AK60,114.122803,22.5483,871
粤B4AK60,114.119598,22.547701,872
粤B4AK60,114.120201,22.5478,875
粤B4AK60,114.119598,22.547701,875
粤B4AK60,114.119102,22.5478,875
粤B4AK60,114.121399,22.547899,876
粤B4AK60,114.121101,22.5478,876
粤B4AK60,114.122299,22.5483,878
粤B4AK60,114.122902,22.548599,879
粤B4AK60,114.122803,22.549101,879
粤B4AK60,114.121803,22.552,881
粤B4AK60,114.1213,22.552099,881
粤B4AK60,114.1185,22.5518,882
粤B4AK60,114.118797,22.5518,882
粤B4AK60,114.117699,22.551201,883
粤B4AK60,114.116798,22.5506,885
粤B4AK60,114.116699,22.5485,885
粤B4AK60,114.116997,22.546801,886
粤B4AK60,114.113899,22.545799,887
粤B4AK60,114.107002,22.5448,888
粤B4AK60,114.101501,22.543699,889
粤B4AK60,114.106796,22.5448,889
粤B4AK60,114.100601,22.5436,890
粤B4AK60,114.099503,22.541201,892
粤B4AK60,114.099503,22.541901,892
粤B4AK60,114.077904,22.5331,896
粤B4AK60,114.075897,22.532,896
粤B4AK60,114.070503,22.5319,897
粤B4AK60,114.071297,22.532,897
粤B4AK60,114.073303,22.532,897
粤B4AK60,113.945801,22.5648,910
粤B4AK60,113.926697,22.566401,912
粤B4AK60,113.920601,22.574499,913
粤B4AK60,113.919998,22.5748,913
粤B4AK60,113.919701,22.5748,914
粤B4AK60,113.919701,22.5748,915
粤B4AK60,113.9095,22.582399,917
粤B4AK60,113.915199,22.5763,917
粤B4AK60,113.912498,22.5791,917
粤B4AK60,113.900703,22.591801,918
粤B4AK60,113.906403,22.585699,918
粤B4AK60,113.8974,22.594801,919
粤B4AK60,113.8601,22.6245,922
粤B4AK60,113.856003,22.626101,923
粤B4AK60,113.849899,22.6269,924
粤B4AK60,113.849403,22.624399,925
粤B4AK60,113.843102,22.6217,925
粤B4AK60,113.846703,22.6227,925
粤B4AK60,113.831001,22.6178,926
粤B4AK60,113.814796,22.616699,928
粤B4AK60,113.812202,22.6231,929
粤B4AK60,113.812897,22.6201,929
粤B4AK60,113.811501,22.627899,930
粤B4AK60,113.8088,22.6271,931
粤B4AK60,113.806,22.624701,932
粤B4AK60,113.806999,22.6262,932
粤B4AK60,113.808197,22.626801,932
粤B4AK60,113.813301,22.623699,935
粤B4AK60,113.812798,22.6231,935
粤B4AK60,113.813499,22.624201,936
粤B4AK60,113.813499,22.624201,936
粤B4AK60,113.813499,22.624201,937
粤B4AK60,113.813499,22.624201,938
粤B4AK60,113.813499,22.624201,939
粤B4AK60,113.813499,22.624201,940
粤B4AK60,113.813499,22.624201,942
粤B4AK60,113.813499,22.624201,942
粤B4AK60,113.813499,22.624201,943
粤B4AK60,113.813499,22.624201,943
粤B4AK60,113.813499,22.624201,943
粤B4AK60,113.813499,22.624201,945
粤B4AK60,113.813499,22.624201,945
粤B4AK60,113.813499,22.624201,946
粤B4AK60,113.813499,22.624201,946
粤B4AK60,113.813499,22.624201,947
粤B4AK60,113.813499,22.624201,948
粤B4AK60,113.813499,22.624201,949
粤B4AK60,113.813499,22.624201,949
粤B4AK60,113.813499,22.624201,950
粤B4AK60,113.813499,22.624201,950
粤B4AK60,113.813499,22.624201,950
粤B4AK60,113.813499,22.6243,952
粤B4AK60,113.813499,22.6243,953
粤B4AK60,113.813499,22.6243,954
粤B4AK60,113.813301,22.625299,956
粤B4AK60,113.813599,22.6248,956
粤B4AK60,113.813599,22.6245,956
粤B4AK60,113.812599,22.626699,957
粤B4AK60,113.812401,22.627001,958
粤B4AK60,113.811996,22.627701,959
粤B4AK60,113.811699,22.628,960
粤B4AK60,113.811699,22.628,961
粤B4AK60,113.811699,22.628,961
粤B4AK60,113.811699,22.628,961
粤B4AK60,113.810501,22.627701,964
粤B4AK60,113.810501,22.627701,964
粤B4AK60,113.809898,22.626801,970
粤B4AK60,113.809898,22.626801,970
粤B4AK60,113.809898,22.626801,971
粤B4AK60,113.809898,22.626801,972
粤B4AK60,113.809898,22.626801,973
粤B4AK60,113.808098,22.624701,974
粤B4AK60,113.809601,22.625601,974
粤B4AK60,113.806702,22.6236,974
粤B4AK60,113.811897,22.6145,975
粤B4AK60,113.813904,22.611099,976
粤B4AK60,113.819199,22.6115,976
粤B4AK60,113.838699,22.620399,978
粤B4AK60,113.842903,22.621599,979
粤B4AK60,113.849197,22.6241,979
粤B4AK60,113.879204,22.612301,982
粤B4AK60,113.872704,22.6189,982
粤B4AK60,113.881699,22.608601,983
粤B4AK60,113.8843,22.605,983
粤B4AK60,113.894997,22.596701,984
粤B4AK60,113.891296,22.5994,984
粤B4AK60,113.902397,22.5898,986
粤B4AK60,113.904999,22.587099,987
粤B4AK60,113.912201,22.5793,989
粤B4AK60,113.913902,22.577499,990
粤B4AK60,113.939598,22.5651,993
粤B4AK60,113.944901,22.5648,994
粤B4AK60,113.955597,22.5634,994
粤B4AK60,113.960098,22.562401,995
粤B4AK60,113.994102,22.5466,997
粤B4AK60,113.998596,22.5455,998
粤B4AK60,114.011703,22.536699,1000
粤B4AK60,114.013,22.5298,1001
粤B4AK60,114.012299,22.530199,1001
粤B4AK60,114.012299,22.5324,1001
粤B4AK60,114.013901,22.5305,1002
粤B4AK60,114.0373,22.530399,1004
粤B4AK60,114.038597,22.5305,1005
粤B4AK60,114.040199,22.5306,1005
粤B4AK60,114.040199,22.5306,1005
粤B4AK60,114.051697,22.531401,1007
粤B4AK60,114.049301,22.5313,1007
粤B4AK60,114.057701,22.5315,1008
粤B4AK60,114.054703,22.5315,1008
粤B4AK60,114.060898,22.531601,1008
粤B4AK60,114.067902,22.5317,1009
粤B4AK60,114.0644,22.531601,1009
粤B4AK60,114.085503,22.537399,1012
粤B4AK60,114.088402,22.5375,1012
粤B4AK60,114.091202,22.538,1012
粤B4AK60,114.093903,22.538,1013
粤B4AK60,114.101303,22.538099,1015
粤B4AK60,114.100998,22.538099,1015
粤B4AK60,114.101303,22.538099,1016
粤B4AK60,114.101303,22.538099,1016
粤B4AK60,114.102501,22.5382,1018
粤B4AK60,114.138,22.5749,1028
粤B4AK60,114.133598,22.5769,1029
粤B4AK60,114.135902,22.5762,1029
粤B4AK60,114.134102,22.576799,1029
粤B4AK60,114.130898,22.577999,1031
粤B4AK60,114.130898,22.577999,1031
粤B4AK60,114.130898,22.577999,1032
粤B4AK60,114.130898,22.577999,1033
粤B4AK60,114.1306,22.5784,1034
粤B4AK60,114.1306,22.5784,1034
粤B4AK60,114.130501,22.579201,1036
粤B4AK60,114.130501,22.580299,1036
粤B4AK60,114.129097,22.584999,1038
粤B4AK60,114.128197,22.586,1038
粤B4AK60,114.127403,22.586901,1038
粤B4AK60,114.123001,22.5916,1039
粤B4AK60,114.125,22.5905,1039
粤B4AK60,114.126198,22.588301,1039
粤B4AK60,114.122803,22.5916,1040
粤B4AK60,114.122803,22.5916,1042
粤B4AK60,114.125298,22.589701,1043
粤B4AK60,114.130402,22.5837,1045
粤B4AK60,114.130501,22.582199,1045
粤B4AK60,114.1306,22.580601,1046
粤B4AK60,114.1306,22.5805,1046
粤B4AK60,114.1306,22.5805,1047
粤B4AK60,114.130203,22.579599,1047
粤B4AK60,114.1306,22.5805,1047
粤B4AK60,114.1306,22.5805,1047
粤B4AK60,114.125999,22.5795,1048
粤B4AK60,114.1241,22.5793,1049
粤B4AK60,114.124199,22.5793,1049
粤B4AK60,114.1241,22.5793,1049
粤B4AK60,114.122803,22.578501,1050
粤B4AK60,114.124001,22.5793,1050
粤B4AK60,114.123001,22.579201,1050
粤B4AK60,114.124298,22.572901,1053
粤B4AK60,114.124298,22.572901,1053
粤B4AK60,114.121597,22.571501,1054
粤B4AK60,114.122398,22.571699,1054
粤B4AK60,114.120399,22.57,1056
粤B4AK60,114.116898,22.568399,1057
粤B4AK60,114.1175,22.5695,1057
粤B4AK60,114.117599,22.568399,1057
粤B4AK60,114.115898,22.565901,1058
粤B4AK60,114.111298,22.5592,1059
粤B4AK60,114.109703,22.5541,1060
粤B4AK60,114.110199,22.556299,1060
粤B4AK60,114.109703,22.5536,1061
粤B4AK60,114.1101,22.550501,1061
粤B4AK60,114.107803,22.547701,1063
粤B4AK60,114.107903,22.5476,1064
粤B4AK60,114.107803,22.547701,1064
粤B4AK60,114.107803,22.547701,1064
粤B4AK60,114.100098,22.5434,1068
粤B4AK60,114.099602,22.5431,1069
粤B4AK60,114.099503,22.541401,1069
粤B4AK60,114.098198,22.541201,1069
粤B4AK60,114.097,22.540501,1070
粤B4AK60,114.096703,22.540001,1070
粤B4AK60,114.095703,22.5401,1072
粤B4AK60,114.0951,22.5411,1073
粤B4AK60,114.0951,22.5411,1073
粤B4AK60,114.0951,22.5417,1074
粤B4AK60,114.0951,22.5425,1074
粤B4AK60,114.096397,22.5434,1075
粤B4AK60,114.098,22.543501,1075
粤B4AK60,114.094902,22.5431,1075
粤B4AK60,114.098198,22.5434,1076
粤B4AK60,114.101196,22.5436,1076
粤B4AK60,114.0998,22.5434,1076
粤B4AK60,114.102997,22.5441,1077
粤B4AK60,114.111504,22.5455,1079
粤B4AK60,114.113602,22.543301,1080
粤B4AK60,114.112999,22.545799,1080
粤B4AK60,114.113602,22.5431,1081
粤B4AK60,114.113602,22.5431,1081
粤B4AK60,114.113701,22.5406,1083
粤B4AK60,114.113701,22.5406,1083
粤B4AK60,114.113701,22.5406,1084
粤B4AK60,114.113701,22.5406,1084
粤B4AK60,114.113701,22.5406,1084
粤B4AK60,114.113701,22.5406,1085
粤B4AK60,114.116402,22.540701,1087
粤B4AK60,114.116402,22.540701,1087
粤B4AK60,114.115196,22.5389,1088
粤B4AK60,114.116699,22.539801,1088
粤B4AK60,114.114098,22.538799,1089
粤B4AK60,114.111397,22.5417,1091
粤B4AK60,114.111397,22.5417,1091
粤B4AK60,114.111397,22.5417,1091
粤B4AK60,114.111397,22.5417,1092
粤B4AK60,114.110001,22.551201,1094
粤B4AK60,114.111397,22.5576,1095
粤B4AK60,114.115402,22.5581,1097
粤B4AK60,114.115402,22.558001,1098
粤B4AK60,114.115402,22.558001,1098
粤B4AK60,114.115402,22.558001,1098
粤B4AK60,114.115402,22.558001,1100
粤B4AK60,114.115402,22.558001,1101
粤B4AK60,114.115196,22.553801,1104
粤B4AK60,114.115402,22.5546,1104
粤B4AK60,114.113899,22.5522,1105
粤B4AK60,114.113098,22.549801,1106
粤B4AK60,114.112,22.548201,1107
粤B4AK60,114.111099,22.547701,1107
粤B4AK60,114.112602,22.548901,1107
粤B4AK60,114.109802,22.5464,1108
粤B4AK60,114.1101,22.5476,1108
粤B4AK60,114.110298,22.542299,1109
粤B4AK60,114.110199,22.542601,1109
粤B4AK60,114.110001,22.544399,1109
粤B4AK60,114.110497,22.539801,1111
粤B4AK60,114.110703,22.5382,1111
粤B4AK60,114.108299,22.537701,1112
粤B4AK60,114.103798,22.5382,1113
粤B4AK60,114.089699,22.537901,1114
粤B4AK60,114.0812,22.537201,1115
粤B4AK60,114.083801,22.5375,1115
粤B4AK60,114.078003,22.5348,1116
粤B4AK60,114.0793,22.5359,1116
粤B4AK60,114.076698,22.535801,1118
粤B4AK60,114.074997,22.5371,1119
粤B4AK60,114.075798,22.5366,1119
粤B4AK60,114.074997,22.5371,1120
粤B4AK60,114.073502,22.5364,1122
粤B4AK60,114.073898,22.5375,1122
粤B4AK60,114.073601,22.5368,1122
粤B4AK60,114.073502,22.536301,1123
粤B4AK60,114.073601,22.5357,1123
粤B4AK60,114.074203,22.5354,1124
粤B4AK60,114.0746,22.532101,1125
粤B4AK60,114.075302,22.533701,1125
粤B4AK60,114.074997,22.5333,1125
粤B4AK60,114.069099,22.532,1126
粤B4AK60,114.060799,22.531799,1129
粤B4AK60,114.063004,22.532,1129
粤B4AK60,114.058502,22.5317,1129
粤B4AK60,114.055901,22.5317,1130
粤B4AK60,114.050102,22.533001,1132
粤B4AK60,114.051102,22.533501,1133
粤B4AK60,114.0513,22.532,1133
粤B4AK60,114.051399,22.5291,1134
粤B4AK60,114.049698,22.527599,1135
粤B4AK60,114.049698,22.527599,1136
粤B4AK60,114.047401,22.539499,1141
粤B4AK60,114.047897,22.5394,1141
粤B4AK60,114.047798,22.540199,1142
粤B4AK60,114.052299,22.540501,1146
粤B4AK60,114.052299,22.540501,1146
粤B4AK60,114.052299,22.540501,1147
粤B4AK60,114.052299,22.540501,1147
粤B4AK60,114.052299,22.540501,1148
粤B4AK60,114.052299,22.540501,1149
粤B4AK60,114.052299,22.540501,1150
粤B4AK60,114.052299,22.540501,1151
粤B4AK60,114.052299,22.540501,1151
粤B4AK60,114.052299,22.540501,1153
粤B4AK60,114.052299,22.540501,1153
粤B4AK60,114.052299,22.540501,1154
粤B4AK60,114.052299,22.540501,1154
粤B4AK60,114.052299,22.540501,1154
粤B4AK60,114.052299,22.540501,1155
粤B4AK60,114.052299,22.540501,1157
粤B4AK60,114.052299,22.540501,1157
粤B4AK60,114.052299,22.540501,1158
粤B4AK60,114.052299,22.540501,1158
粤B4AK60,114.052299,22.540501,1162
粤B4AK60,114.052299,22.540501,1163
粤B4AK60,114.052299,22.540501,1163
粤B4AK60,114.052299,22.540501,1164
粤B4AK60,114.052299,22.540501,1164
粤B4AK60,114.052299,22.540501,1164
粤B4AK60,114.052299,22.540501,1165
粤B4AK60,114.052299,22.540501,1166
粤B4AK60,114.052299,22.540501,1166
粤B4AK60,114.052299,22.540501,1166
粤B4AK60,114.052299,22.540501,1167
粤B4AK60,114.052299,22.540501,1167
粤B4AK60,114.052299,22.540501,1168
粤B4AK60,114.052299,22.540501,1169
粤B4AK60,114.052299,22.540501,1169
粤B4AK60,114.052299,22.540501,1169
粤B4AK60,114.052299,22.540501,1170
粤B4AK60,114.052299,22.540501,1170
粤B4AK60,114.052299,22.540501,1171
粤B4AK60,114.052299,22.540501,1171
粤B4AK60,114.052299,22.540501,1172
粤B4AK60,114.052299,22.540501,1173
粤B4AK60,114.052299,22.540501,1174
粤B4AK60,114.052299,22.540501,1174
粤B4AK60,114.052299,22.540501,1175
粤B4AK60,114.052299,22.540501,1175
粤B4AK60,114.052299,22.540501,1175
粤B4AK60,114.052299,22.540501,1176
粤B4AK60,114.052299,22.540501,1177
粤B4AK60,114.052299,22.540501,1178
粤B4AK60,114.052299,22.540501,1178
粤B4AK60,114.052002,22.5404,1181
粤B4AK60,114.0522,22.5404,1181
粤B4AK60,114.051399,22.5418,1182
粤B4AK60,114.052597,22.542299,1183
粤B4AK60,114.068604,22.544399,1185
粤B4AK60,114.066399,22.542601,1185
粤B4AK60,114.0681,22.5469,1186
粤B4AK60,114.0681,22.547199,1186
粤B4AK60,114.067902,22.5578,1190
粤B4AK60,114.076401,22.558201,1191
粤B4AK60,114.078499,22.5581,1192
粤B4AK60,114.0858,22.5646,1193
粤B4AK60,114.0886,22.5667,1194
粤B4AK60,114.086899,22.566,1194
粤B4AK60,114.092903,22.567801,1195
粤B4AK60,114.092003,22.5676,1195
粤B4AK60,114.100304,22.570299,1196
粤B4AK60,114.103302,22.570801,1197
粤B4AK60,114.1073,22.5721,1198
粤B4AK60,114.107903,22.571899,1198
粤B4AK60,114.1063,22.571501,1198
粤B4AK60,114.107803,22.568001,1202
粤B4AK60,114.107803,22.568001,1203
粤B4AK60,114.107803,22.568001,1203
粤B4AK60,114.107803,22.568001,1203
粤B4AK60,114.103699,22.5648,1205
粤B4AK60,114.099701,22.564699,1206
粤B4AK60,114.099297,22.5658,1206
粤B4AK60,114.101601,22.564699,1206
粤B4AK60,114.099403,22.571501,1207
粤B4AK60,114.099197,22.570101,1207
粤B4AK60,114.095596,22.568899,1208
粤B4AK60,114.097198,22.569599,1208
粤B4AK60,114.094002,22.568399,1209
粤B4AK60,114.092102,22.567801,1209
粤B4AK60,114.089996,22.567301,1209
粤B4AK60,114.084801,22.5702,1210
粤B4AK60,114.088097,22.566799,1210
粤B4AK60,114.086098,22.568001,1210
粤B4AK60,114.079102,22.572701,1211
粤B4AK60,114.069603,22.5693,1212
粤B4AK60,114.065903,22.5688,1212
粤B4AK60,114.061798,22.5683,1213
粤B4AK60,114.055901,22.5658,1213
粤B4AK60,114.054001,22.5709,1215
粤B4AK60,114.054001,22.5709,1215
粤B4AK60,114.054001,22.5709,1216
粤B4AK60,114.0541,22.5721,1216
粤B4AK60,114.054001,22.5709,1216
粤B4AK60,114.054001,22.573601,1217
粤B4AK60,114.0541,22.573,1221
粤B4AK60,114.0541,22.571301,1222
粤B4AK60,114.054199,22.5693,1224
粤B4AK60,114.0541,22.5709,1225
粤B4AK60,114.0541,22.5709,1225
粤B4AK60,114.0541,22.5709,1225
粤B4AK60,114.053902,22.5711,1226
粤B4AK60,114.0541,22.5709,1226
粤B4AK60,114.048798,22.5711,1228
粤B4AK60,114.047401,22.571199,1228
粤B4AK60,114.045502,22.571301,1228
粤B4AK60,114.042503,22.570499,1229
粤B4AK60,114.043098,22.5679,1231
粤B4AK60,114.0439,22.565399,1232
粤B4AK60,114.043098,22.5679,1232
粤B4AK60,114.053299,22.5359,1284
粤B4AK60,114.051804,22.5378,1285
粤B4AK60,114.051804,22.5378,1285
粤B4AK60,114.051697,22.537901,1286
粤B4AK60,114.051804,22.5378,1286
粤B4AK60,114.051903,22.537201,1288
粤B4AK60,114.051498,22.5317,1289
粤B4AK60,114.051598,22.5347,1289
粤B4AK60,114.051498,22.528799,1289
粤B4AK60,114.047401,22.5315,1293
粤B4AK60,114.0364,22.5305,1294
粤B4AK60,114.032097,22.5301,1294
粤B4AK60,114.015503,22.531,1295
粤B4AK60,114.011497,22.530199,1296
粤B4AK60,113.9935,22.5308,1298
粤B4AK60,113.9935,22.5308,1298
粤B4AK60,113.993896,22.5289,1298
粤B4AK60,113.9935,22.5308,1299
粤B4AK60,113.991203,22.5417,1302
粤B4AK60,113.989899,22.541599,1303
粤B4AK60,113.991203,22.5417,1308
粤B4AK60,113.989899,22.541599,1310
粤B4AK60,113.966698,22.555799,1311
粤B4AK60,113.966698,22.555799,1311
粤B4AK60,113.972504,22.5553,1314
粤B4AK60,113.972702,22.555599,1314
粤B4AK60,113.974998,22.5564,1315
粤B4AK60,113.986198,22.558599,1316
粤B4AK60,113.998001,22.5557,1317
粤B4AK60,114.004997,22.556299,1318
粤B4AK60,114.001404,22.5557,1318
粤B4AK60,113.987396,22.5606,1328
粤B4AK60,113.987396,22.5606,1328
粤B4AK60,113.9814,22.561001,1358
粤B4AK60,113.9851,22.559999,1359
粤B4AK60,113.987396,22.5606,1360
粤B4AK60,114.018997,22.5555,1364
粤B4AK60,114.020897,22.555599,1364
粤B4AK60,114.022903,22.555401,1364
粤B4AK60,114.023201,22.5548,1365
粤B4AK60,114.023201,22.5548,1365
粤B4AK60,114.022797,22.554899,1366
粤B4AK60,114.027298,22.558201,1368
粤B4AK60,114.0289,22.556999,1368
粤B4AK60,114.0261,22.560699,1369
粤B4AK60,114.033501,22.5623,1370
粤B4AK60,114.053596,22.564899,1371
粤B4AK60,114.059799,22.5672,1372
粤B4AK60,114.063103,22.568501,1372
粤B4AK60,114.066803,22.568899,1373
粤B4AK60,114.103401,22.5725,1377
粤B4AK60,114.105904,22.573999,1377
粤B4AK60,114.108704,22.5756,1377
粤B4AK60,114.113998,22.576401,1378
粤B4AK60,114.118401,22.564501,1380
粤B4AK60,114.118896,22.562099,1380
粤B4AK60,114.117104,22.5511,1383
粤B4AK60,114.116402,22.5494,1384
粤B4AK60,114.116997,22.548201,1384
粤B4AK60,114.117401,22.546301,1385
粤B4AK60,114.117401,22.546301,1386
粤B4AK60,114.117401,22.546301,1386
粤B4AK60,114.117302,22.544701,1388
粤B4AK60,114.118896,22.5441,1390
粤B4AK60,114.118896,22.5441,1390
粤B4AK60,114.119499,22.544399,1391
粤B4AK60,114.120102,22.544701,1391
粤B4AK60,114.1203,22.545099,1392
粤B4AK60,114.121101,22.5471,1393
粤B4AK60,114.120796,22.547001,1393
粤B4AK60,114.124901,22.547701,1394
粤B4AK60,114.123596,22.547501,1394
粤B4AK60,114.124901,22.547701,1395
粤B4AK60,114.125999,22.547899,1395
粤B4AK60,114.136299,22.5494,1397
粤B4AK60,114.136803,22.5494,1397
粤B4AK60,114.137802,22.551701,1398
粤B4AK60,114.1418,22.555599,1398
粤B4AK60,114.145302,22.555401,1399
粤B4AK60,114.1632,22.5644,1402
粤B4AK60,114.164001,22.565201,1402
粤B4AK60,114.1633,22.566,1404
粤B4AK60,114.161499,22.562901,1405
粤B4AK60,114.159698,22.562201,1406
粤B4AK60,114.132698,22.555099,1410
粤B4AK60,114.133904,22.556999,1410
粤B4AK60,114.130203,22.5522,1411
粤B4AK60,114.129501,22.551001,1412
粤B4AK60,114.128098,22.549801,1413
粤B4AK60,114.123199,22.548401,1414
粤B4AK60,114.124496,22.5488,1414
粤B4AK60,114.1231,22.5487,1415
粤B4AK60,114.122902,22.549101,1415
粤B4AK60,114.123001,22.548901,1415
粤B4AK60,114.122803,22.549801,1416
粤B4AK60,114.122398,22.5511,1417
粤B4AK60,114.121803,22.552,1418
粤B4AK60,114.120796,22.552099,1419
粤B4AK60,114.116096,22.552401,1422
粤B4AK60,114.110703,22.554399,1423
粤B4AK60,114.105698,22.553499,1424
粤B4AK60,114.102303,22.548201,1425
粤B4AK60,114.104202,22.549101,1425
粤B4AK60,114.101799,22.547701,1426
粤B4AK60,114.101799,22.5478,1426
粤B4AK60,114.101799,22.547501,1427
粤B4AK60,114.101799,22.547501,1427
粤B4AK60,114.099602,22.5441,1429
粤B4AK60,114.099998,22.5434,1429
粤B4AK60,114.110901,22.5455,1430
粤B4AK60,114.105301,22.5446,1430
粤B4AK60,114.116898,22.5474,1432
粤B4AK60,114.116402,22.5466,1432
粤B4AK60,114.119003,22.548,1433
粤B4AK60,114.120796,22.5478,1434
粤B4AK60,114.121902,22.5481,1434
