粤B4HQ99,113.8974,22.5762,7
粤B4HQ99,113.8974,22.5762,8
粤B4HQ99,113.8974,22.5762,8
粤B4HQ99,113.897102,22.576401,9
粤B4HQ99,113.897102,22.5763,9
粤B4HQ99,113.895897,22.5756,10
粤B4HQ99,113.894203,22.577101,10
粤B4HQ99,113.889702,22.5816,11
粤B4HQ99,113.892303,22.579,11
粤B4HQ99,113.891502,22.5846,12
粤B4HQ99,113.889297,22.583599,12
粤B4HQ99,113.891502,22.5847,13
粤B4HQ99,113.892197,22.584801,13
粤B4HQ99,113.894302,22.584,14
粤B4HQ99,113.895798,22.582399,14
粤B4HQ99,113.898903,22.579201,15
粤B4HQ99,113.896301,22.5818,15
粤B4HQ99,113.897903,22.577101,16
粤B4HQ99,113.895599,22.575701,16
粤B4HQ99,113.894302,22.577101,17
粤B4HQ99,113.894302,22.5772,17
粤B4HQ99,113.894302,22.5772,18
粤B4HQ99,113.894302,22.5772,18
粤B4HQ99,113.894302,22.5772,19
粤B4HQ99,113.894302,22.5772,19
粤B4HQ99,113.894302,22.5772,20
粤B4HQ99,113.894302,22.5772,21
粤B4HQ99,113.894302,22.5772,21
粤B4HQ99,113.894302,22.5772,22
粤B4HQ99,113.894302,22.5772,22
粤B4HQ99,113.894302,22.5772,23
粤B4HQ99,113.894302,22.5772,23
粤B4HQ99,113.894302,22.5772,24
粤B4HQ99,113.894302,22.5772,24
粤B4HQ99,113.894302,22.5772,25
粤B4HQ99,113.894302,22.5772,25
粤B4HQ99,113.894302,22.5772,26
粤B4HQ99,113.894302,22.5772,26
粤B4HQ99,113.894302,22.5772,27
粤B4HQ99,113.894302,22.5772,28
粤B4HQ99,113.894302,22.5772,28
粤B4HQ99,113.894302,22.5772,29
粤B4HQ99,113.894302,22.5772,29
粤B4HQ99,113.8927,22.5786,30
粤B4HQ99,113.894302,22.5772,30
粤B4HQ99,113.895401,22.575701,31
粤B4HQ99,113.892799,22.5783,31
粤B4HQ99,113.895599,22.575399,32
粤B4HQ99,113.897301,22.573799,32
粤B4HQ99,113.899002,22.5721,33
粤B4HQ99,113.899002,22.5721,33
粤B4HQ99,113.901199,22.570101,34
粤B4HQ99,113.903,22.569799,34
粤B4HQ99,113.903,22.569799,35
粤B4HQ99,113.903297,22.570101,35
粤B4HQ99,113.903503,22.5748,36
粤B4HQ99,113.905899,22.5723,36
粤B4HQ99,113.903198,22.575001,37
粤B4HQ99,113.903198,22.575001,37
粤B4HQ99,113.899696,22.5786,38
粤B4HQ99,113.902496,22.575701,38
粤B4HQ99,113.897102,22.5811,39
粤B4HQ99,113.896103,22.5821,39
粤B4HQ99,113.894798,22.5835,40
粤B4HQ99,113.896103,22.5821,40
粤B4HQ99,113.891602,22.5847,41
粤B4HQ99,113.893799,22.585199,41
粤B4HQ99,113.889702,22.589199,42
粤B4HQ99,113.8908,22.586399,42
粤B4HQ99,113.888298,22.5928,43
粤B4HQ99,113.888603,22.591801,43
粤B4HQ99,113.888397,22.5928,44
粤B4HQ99,113.888397,22.5928,44
粤B4HQ99,113.888397,22.5928,45
粤B4HQ99,113.888397,22.5928,45
粤B4HQ99,113.888397,22.5928,46
粤B4HQ99,113.888397,22.5928,46
粤B4HQ99,113.888397,22.593,47
粤B4HQ99,113.888298,22.592199,47
粤B4HQ99,113.8899,22.588699,48
粤B4HQ99,113.889297,22.5903,48
粤B4HQ99,113.890503,22.587099,49
粤B4HQ99,113.8909,22.5863,49
粤B4HQ99,113.891296,22.585501,50
粤B4HQ99,113.891701,22.5847,50
粤B4HQ99,113.891701,22.5847,51
粤B4HQ99,113.891701,22.5847,51
粤B4HQ99,113.891701,22.5847,52
粤B4HQ99,113.891701,22.5847,52
粤B4HQ99,113.891701,22.5847,53
粤B4HQ99,113.891701,22.5847,53
粤B4HQ99,113.891701,22.5847,54
粤B4HQ99,113.891701,22.5847,54
粤B4HQ99,113.891701,22.5847,55
粤B4HQ99,113.891701,22.5847,55
粤B4HQ99,113.891701,22.5847,56
粤B4HQ99,113.891701,22.5847,56
粤B4HQ99,113.891701,22.5847,57
粤B4HQ99,113.891701,22.5847,57
粤B4HQ99,113.891701,22.5847,58
粤B4HQ99,113.891701,22.5847,59
粤B4HQ99,113.891701,22.5847,59
粤B4HQ99,113.891701,22.5847,60
粤B4HQ99,113.891701,22.5847,60
粤B4HQ99,113.891701,22.5847,61
粤B4HQ99,113.891701,22.5847,62
粤B4HQ99,113.891701,22.5847,62
粤B4HQ99,113.891701,22.5847,63
粤B4HQ99,113.891701,22.5847,63
粤B4HQ99,113.891701,22.5847,64
粤B4HQ99,113.891701,22.5847,64
粤B4HQ99,113.891701,22.5847,65
粤B4HQ99,113.891701,22.5847,65
粤B4HQ99,113.891701,22.5847,66
粤B4HQ99,113.891701,22.5847,66
粤B4HQ99,113.891701,22.5847,67
粤B4HQ99,113.891701,22.5847,67
粤B4HQ99,113.891701,22.5847,68
粤B4HQ99,113.891701,22.5847,68
粤B4HQ99,113.891701,22.5847,69
粤B4HQ99,113.891701,22.5847,69
粤B4HQ99,113.891701,22.5847,70
粤B4HQ99,113.891701,22.5847,70
粤B4HQ99,113.891899,22.5847,71
粤B4HQ99,113.891701,22.5847,71
粤B4HQ99,113.892403,22.584801,72
粤B4HQ99,113.892403,22.584801,72
粤B4HQ99,113.892403,22.584801,73
粤B4HQ99,113.892403,22.584801,73
粤B4HQ99,113.892403,22.584801,74
粤B4HQ99,113.892403,22.584801,74
粤B4HQ99,113.892403,22.584801,75
粤B4HQ99,113.892403,22.584801,75
粤B4HQ99,113.892403,22.584801,76
粤B4HQ99,113.892403,22.584801,76
粤B4HQ99,113.892403,22.584801,77
粤B4HQ99,113.892403,22.584801,77
粤B4HQ99,113.892403,22.584801,78
粤B4HQ99,113.892403,22.584801,78
粤B4HQ99,113.892403,22.584801,79
粤B4HQ99,113.892403,22.584801,79
粤B4HQ99,113.892403,22.584801,80
粤B4HQ99,113.892403,22.584801,80
粤B4HQ99,113.892403,22.584801,81
粤B4HQ99,113.892403,22.584801,81
粤B4HQ99,113.892403,22.584801,82
粤B4HQ99,113.892403,22.584801,82
粤B4HQ99,113.892403,22.584801,83
粤B4HQ99,113.892403,22.584801,83
粤B4HQ99,113.892403,22.584801,84
粤B4HQ99,113.892403,22.584801,84
粤B4HQ99,113.892403,22.584801,85
粤B4HQ99,113.892403,22.584801,85
粤B4HQ99,113.892403,22.584801,86
粤B4HQ99,113.892403,22.584801,86
粤B4HQ99,113.892403,22.584801,87
粤B4HQ99,113.892403,22.584801,87
粤B4HQ99,113.892403,22.584801,88
粤B4HQ99,113.892403,22.584801,88
粤B4HQ99,113.892403,22.584801,89
粤B4HQ99,113.892403,22.584801,89
粤B4HQ99,113.892403,22.584801,90
粤B4HQ99,113.892403,22.584801,90
粤B4HQ99,113.892403,22.584801,91
粤B4HQ99,113.892403,22.584801,91
粤B4HQ99,113.892403,22.584801,92
粤B4HQ99,113.892403,22.584801,92
粤B4HQ99,113.892403,22.584801,93
粤B4HQ99,113.892403,22.584801,93
粤B4HQ99,113.892403,22.584801,94
粤B4HQ99,113.892403,22.584801,94
粤B4HQ99,113.892403,22.584801,95
粤B4HQ99,113.892403,22.584801,95
粤B4HQ99,113.892403,22.584801,96
粤B4HQ99,113.892403,22.584801,96
粤B4HQ99,113.892403,22.584801,97
粤B4HQ99,113.892403,22.584801,97
粤B4HQ99,113.892403,22.584801,98
粤B4HQ99,113.892403,22.584801,98
粤B4HQ99,113.892403,22.584801,99
粤B4HQ99,113.892403,22.584801,99
粤B4HQ99,113.892403,22.584801,100
粤B4HQ99,113.892403,22.584801,100
粤B4HQ99,113.892403,22.584801,101
粤B4HQ99,113.892403,22.584801,101
粤B4HQ99,113.892403,22.584801,102
粤B4HQ99,113.892403,22.584801,102
粤B4HQ99,113.892403,22.584801,103
粤B4HQ99,113.892403,22.584801,103
粤B4HQ99,113.892403,22.584801,104
粤B4HQ99,113.892403,22.584801,104
粤B4HQ99,113.892403,22.584801,105
粤B4HQ99,113.892403,22.584801,105
粤B4HQ99,113.892403,22.584801,106
粤B4HQ99,113.892403,22.584801,106
粤B4HQ99,113.892403,22.584801,107
粤B4HQ99,113.892403,22.584801,107
粤B4HQ99,113.892403,22.584801,108
粤B4HQ99,113.892403,22.584801,108
粤B4HQ99,113.892403,22.584801,109
粤B4HQ99,113.892403,22.584801,109
粤B4HQ99,113.892403,22.584801,110
粤B4HQ99,113.892403,22.584801,110
粤B4HQ99,113.892403,22.584801,111
粤B4HQ99,113.892403,22.584801,111
粤B4HQ99,113.892403,22.584801,112
粤B4HQ99,113.892403,22.584801,112
粤B4HQ99,113.892403,22.584801,113
粤B4HQ99,113.892403,22.584801,113
粤B4HQ99,113.892403,22.584801,114
粤B4HQ99,113.892403,22.584801,114
粤B4HQ99,113.892403,22.584801,115
粤B4HQ99,113.892403,22.584801,115
粤B4HQ99,113.892403,22.584801,116
粤B4HQ99,113.892403,22.584801,116
粤B4HQ99,113.892403,22.584801,117
粤B4HQ99,113.892403,22.584801,117
粤B4HQ99,113.892403,22.584801,118
粤B4HQ99,113.892403,22.584801,118
粤B4HQ99,113.892403,22.584801,119
粤B4HQ99,113.892403,22.584801,119
粤B4HQ99,113.892403,22.584801,120
粤B4HQ99,113.892403,22.584801,120
粤B4HQ99,113.892403,22.584801,121
粤B4HQ99,113.892403,22.584801,121
粤B4HQ99,113.892403,22.584801,122
粤B4HQ99,113.892403,22.584801,122
粤B4HQ99,113.892403,22.584801,123
粤B4HQ99,113.892403,22.584801,123
粤B4HQ99,113.892403,22.584801,124
粤B4HQ99,113.892403,22.584801,124
粤B4HQ99,113.892403,22.584801,125
粤B4HQ99,113.892403,22.584801,125
粤B4HQ99,113.892403,22.584801,126
粤B4HQ99,113.892403,22.584801,126
粤B4HQ99,113.892403,22.584801,127
粤B4HQ99,113.892403,22.584801,127
粤B4HQ99,113.892403,22.584801,128
粤B4HQ99,113.892403,22.584801,128
粤B4HQ99,113.892403,22.584801,129
粤B4HQ99,113.892403,22.584801,129
粤B4HQ99,113.892403,22.584801,130
粤B4HQ99,113.892403,22.584801,130
粤B4HQ99,113.892403,22.584801,131
粤B4HQ99,113.892403,22.584801,132
粤B4HQ99,113.892403,22.584801,132
粤B4HQ99,113.892403,22.584801,133
粤B4HQ99,113.892403,22.584801,133
粤B4HQ99,113.892403,22.584801,134
粤B4HQ99,113.892403,22.584801,134
粤B4HQ99,113.892403,22.584801,135
粤B4HQ99,113.892403,22.584801,135
粤B4HQ99,113.892403,22.584801,136
粤B4HQ99,113.892403,22.584801,136
粤B4HQ99,113.892403,22.584801,137
粤B4HQ99,113.892403,22.584801,137
粤B4HQ99,113.892403,22.584801,138
粤B4HQ99,113.892403,22.584801,138
粤B4HQ99,113.892403,22.584801,139
粤B4HQ99,113.892403,22.584801,139
粤B4HQ99,113.892403,22.584801,140
粤B4HQ99,113.892403,22.584801,140
粤B4HQ99,113.892403,22.584801,141
粤B4HQ99,113.892403,22.584801,142
粤B4HQ99,113.892403,22.584801,142
粤B4HQ99,113.892403,22.584801,143
粤B4HQ99,113.892403,22.584801,143
粤B4HQ99,113.892403,22.584801,144
粤B4HQ99,113.892403,22.584801,144
粤B4HQ99,113.892403,22.584801,145
粤B4HQ99,113.892403,22.584801,145
粤B4HQ99,113.892403,22.584801,146
粤B4HQ99,113.892403,22.584801,146
粤B4HQ99,113.892403,22.584801,147
粤B4HQ99,113.892403,22.584801,147
粤B4HQ99,113.892403,22.584801,148
粤B4HQ99,113.892403,22.584801,149
粤B4HQ99,113.892403,22.584801,149
粤B4HQ99,113.892403,22.584801,150
粤B4HQ99,113.892403,22.584801,151
粤B4HQ99,113.892403,22.584801,151
粤B4HQ99,113.892403,22.584801,152
粤B4HQ99,113.892403,22.584801,152
粤B4HQ99,113.892403,22.584801,153
粤B4HQ99,113.892403,22.584801,153
粤B4HQ99,113.892403,22.584801,154
粤B4HQ99,113.892403,22.584801,154
粤B4HQ99,113.892403,22.584801,155
粤B4HQ99,113.892403,22.584801,155
粤B4HQ99,113.892403,22.584801,156
粤B4HQ99,113.892403,22.584801,156
粤B4HQ99,113.892403,22.584801,157
粤B4HQ99,113.892403,22.584801,157
粤B4HQ99,113.892403,22.584801,158
粤B4HQ99,113.892403,22.584801,158
粤B4HQ99,113.892403,22.584801,159
粤B4HQ99,113.892403,22.584801,159
粤B4HQ99,113.892403,22.584801,160
粤B4HQ99,113.892403,22.584801,160
粤B4HQ99,113.892403,22.584801,161
粤B4HQ99,113.892403,22.584801,161
粤B4HQ99,113.892403,22.584801,162
粤B4HQ99,113.892403,22.584801,162
粤B4HQ99,113.892403,22.584801,163
粤B4HQ99,113.892403,22.584801,163
粤B4HQ99,113.892403,22.584801,164
粤B4HQ99,113.892403,22.584801,164
粤B4HQ99,113.892403,22.584801,165
粤B4HQ99,113.892403,22.584801,165
粤B4HQ99,113.892403,22.584801,166
粤B4HQ99,113.892403,22.584801,166
粤B4HQ99,113.892403,22.584801,167
粤B4HQ99,113.892403,22.584801,167
粤B4HQ99,113.892403,22.584801,168
粤B4HQ99,113.892403,22.584801,168
粤B4HQ99,113.892403,22.584801,169
粤B4HQ99,113.892403,22.584801,169
粤B4HQ99,113.892403,22.584801,170
粤B4HQ99,113.892403,22.584801,170
粤B4HQ99,113.892403,22.584801,171
粤B4HQ99,113.892403,22.584801,171
粤B4HQ99,113.892403,22.584801,172
粤B4HQ99,113.892403,22.584801,172
粤B4HQ99,113.892403,22.584801,173
粤B4HQ99,113.892403,22.584801,173
粤B4HQ99,113.892403,22.584801,174
粤B4HQ99,113.892403,22.584801,174
粤B4HQ99,113.892403,22.584801,175
粤B4HQ99,113.892403,22.584801,175
粤B4HQ99,113.892403,22.584801,176
粤B4HQ99,113.892403,22.584801,176
粤B4HQ99,113.892403,22.584801,177
粤B4HQ99,113.892403,22.584801,177
粤B4HQ99,113.892403,22.584801,178
粤B4HQ99,113.892403,22.584801,178
粤B4HQ99,113.892403,22.584801,179
粤B4HQ99,113.892403,22.584801,179
粤B4HQ99,113.892403,22.584801,180
粤B4HQ99,113.892403,22.584801,180
粤B4HQ99,113.892403,22.584801,181
粤B4HQ99,113.892403,22.584801,182
粤B4HQ99,113.892403,22.584801,182
粤B4HQ99,113.892403,22.584801,183
粤B4HQ99,113.892403,22.584801,192
粤B4HQ99,113.892403,22.584801,192
粤B4HQ99,113.892403,22.584801,193
粤B4HQ99,113.892403,22.584801,193
粤B4HQ99,113.892403,22.584801,194
粤B4HQ99,113.892403,22.584801,194
粤B4HQ99,113.892403,22.584801,195
粤B4HQ99,113.892403,22.584801,195
粤B4HQ99,113.892403,22.584801,196
粤B4HQ99,113.892403,22.584801,196
粤B4HQ99,113.892403,22.584801,197
粤B4HQ99,113.892403,22.584801,197
粤B4HQ99,113.892403,22.584801,198
粤B4HQ99,113.892403,22.584801,198
粤B4HQ99,113.892403,22.584801,199
粤B4HQ99,113.892403,22.584801,199
粤B4HQ99,113.892403,22.584801,200
粤B4HQ99,113.892403,22.584801,200
粤B4HQ99,113.892403,22.584801,201
粤B4HQ99,113.892403,22.584801,202
粤B4HQ99,113.892403,22.584801,203
粤B4HQ99,113.892403,22.584801,203
粤B4HQ99,113.892403,22.584801,204
粤B4HQ99,113.892403,22.584801,204
粤B4HQ99,113.892403,22.584801,205
粤B4HQ99,113.892403,22.584801,205
粤B4HQ99,113.892403,22.584801,206
粤B4HQ99,113.892403,22.584801,207
粤B4HQ99,113.892403,22.584801,207
粤B4HQ99,113.892403,22.584801,208
粤B4HQ99,113.892403,22.584801,208
粤B4HQ99,113.892403,22.584801,209
粤B4HQ99,113.892403,22.584801,209
粤B4HQ99,113.892403,22.584801,210
粤B4HQ99,113.892403,22.584801,210
粤B4HQ99,113.892403,22.584801,211
粤B4HQ99,113.892403,22.584801,211
粤B4HQ99,113.892403,22.584801,212
粤B4HQ99,113.892403,22.584801,212
粤B4HQ99,113.892403,22.584801,213
粤B4HQ99,113.892403,22.584801,213
粤B4HQ99,113.892403,22.584801,214
粤B4HQ99,113.892403,22.584801,215
粤B4HQ99,113.892403,22.584801,215
粤B4HQ99,113.892403,22.584801,216
粤B4HQ99,113.892403,22.584801,216
粤B4HQ99,113.892403,22.584801,217
粤B4HQ99,113.892403,22.584801,217
粤B4HQ99,113.892403,22.584801,218
粤B4HQ99,113.892403,22.584801,218
粤B4HQ99,113.892403,22.584801,219
粤B4HQ99,113.892403,22.584801,219
粤B4HQ99,113.892403,22.584801,220
粤B4HQ99,113.892403,22.584801,220
粤B4HQ99,113.892403,22.584801,221
粤B4HQ99,113.892403,22.584801,221
粤B4HQ99,113.892403,22.584801,222
粤B4HQ99,113.892403,22.584801,222
粤B4HQ99,113.892403,22.584801,223
粤B4HQ99,113.892403,22.584801,223
粤B4HQ99,113.892403,22.584801,224
粤B4HQ99,113.892403,22.584801,224
粤B4HQ99,113.892403,22.584801,225
粤B4HQ99,113.892403,22.584801,225
粤B4HQ99,113.892403,22.584801,226
粤B4HQ99,113.892403,22.584801,226
粤B4HQ99,113.892403,22.584801,227
粤B4HQ99,113.892403,22.584801,227
粤B4HQ99,113.892403,22.584801,228
粤B4HQ99,113.892403,22.584801,228
粤B4HQ99,113.892403,22.584801,229
粤B4HQ99,113.892403,22.584801,229
粤B4HQ99,113.892403,22.584801,230
粤B4HQ99,113.892403,22.584801,230
粤B4HQ99,113.892403,22.584801,231
粤B4HQ99,113.892403,22.584801,231
粤B4HQ99,113.892403,22.584801,232
粤B4HQ99,113.892403,22.584801,233
粤B4HQ99,113.892403,22.584801,233
粤B4HQ99,113.892403,22.584801,234
粤B4HQ99,113.892403,22.584801,234
粤B4HQ99,113.892403,22.584801,235
粤B4HQ99,113.892403,22.584801,235
粤B4HQ99,113.892403,22.584801,236
粤B4HQ99,113.892403,22.584801,236
粤B4HQ99,113.892403,22.584801,237
粤B4HQ99,113.892403,22.584801,237
粤B4HQ99,113.892403,22.584801,238
粤B4HQ99,113.892403,22.584801,238
粤B4HQ99,113.892403,22.584801,239
粤B4HQ99,113.892403,22.584801,239
粤B4HQ99,113.892403,22.584801,240
粤B4HQ99,113.892403,22.584801,240
粤B4HQ99,113.892403,22.584801,241
粤B4HQ99,113.892403,22.584801,241
粤B4HQ99,113.892403,22.584801,242
粤B4HQ99,113.892403,22.584801,242
粤B4HQ99,113.892403,22.584801,243
粤B4HQ99,113.892403,22.584801,244
粤B4HQ99,113.892403,22.584801,245
粤B4HQ99,113.892403,22.584801,246
粤B4HQ99,113.892403,22.584801,246
粤B4HQ99,113.892403,22.584801,247
粤B4HQ99,113.892403,22.584801,247
粤B4HQ99,113.892403,22.584801,248
粤B4HQ99,113.892403,22.584801,248
粤B4HQ99,113.892403,22.584801,249
粤B4HQ99,113.892403,22.584801,249
粤B4HQ99,113.892403,22.584801,250
粤B4HQ99,113.892403,22.584801,250
粤B4HQ99,113.892403,22.584801,251
粤B4HQ99,113.892403,22.584801,251
粤B4HQ99,113.892403,22.584801,252
粤B4HQ99,113.892403,22.584801,252
粤B4HQ99,113.892403,22.584801,253
粤B4HQ99,113.892403,22.584801,253
粤B4HQ99,113.892403,22.584801,254
粤B4HQ99,113.892403,22.584801,254
粤B4HQ99,113.892403,22.584801,255
粤B4HQ99,113.892403,22.584801,255
粤B4HQ99,113.892403,22.584801,256
粤B4HQ99,113.892403,22.584801,256
粤B4HQ99,113.892403,22.584801,257
粤B4HQ99,113.892403,22.584801,257
粤B4HQ99,113.892403,22.584801,258
粤B4HQ99,113.892403,22.584801,258
粤B4HQ99,113.892403,22.584801,259
粤B4HQ99,113.892403,22.584801,259
粤B4HQ99,113.892403,22.584801,260
粤B4HQ99,113.892403,22.584801,260
粤B4HQ99,113.892403,22.584801,261
粤B4HQ99,113.892403,22.584801,261
粤B4HQ99,113.892403,22.584801,262
粤B4HQ99,113.892403,22.584801,262
粤B4HQ99,113.892403,22.584801,263
粤B4HQ99,113.892403,22.584801,263
粤B4HQ99,113.892403,22.584801,264
粤B4HQ99,113.892403,22.584801,264
粤B4HQ99,113.892403,22.584801,265
粤B4HQ99,113.892403,22.584801,265
粤B4HQ99,113.892403,22.584801,266
粤B4HQ99,113.892403,22.584801,266
粤B4HQ99,113.892403,22.584801,267
粤B4HQ99,113.892403,22.584801,267
粤B4HQ99,113.892403,22.584801,268
粤B4HQ99,113.892403,22.584801,268
粤B4HQ99,113.892403,22.584801,269
粤B4HQ99,113.892403,22.584801,269
粤B4HQ99,113.892403,22.584801,270
粤B4HQ99,113.892403,22.584801,270
粤B4HQ99,113.892403,22.584801,271
粤B4HQ99,113.892403,22.584801,271
粤B4HQ99,113.892403,22.584801,272
粤B4HQ99,113.892403,22.584801,272
粤B4HQ99,113.892403,22.584801,273
粤B4HQ99,113.892403,22.584801,273
粤B4HQ99,113.892403,22.584801,274
粤B4HQ99,113.892403,22.584801,274
粤B4HQ99,113.892403,22.584801,275
粤B4HQ99,113.892403,22.584801,275
粤B4HQ99,113.892403,22.584801,276
粤B4HQ99,113.892403,22.584801,276
粤B4HQ99,113.892403,22.584801,277
粤B4HQ99,113.892403,22.584801,277
粤B4HQ99,113.892403,22.584801,278
粤B4HQ99,113.892403,22.584801,278
粤B4HQ99,113.892403,22.584801,279
粤B4HQ99,113.892403,22.584801,279
粤B4HQ99,113.892403,22.584801,280
粤B4HQ99,113.892403,22.584801,281
粤B4HQ99,113.892403,22.584801,281
粤B4HQ99,113.892403,22.584801,282
粤B4HQ99,113.892403,22.584801,282
粤B4HQ99,113.892403,22.584801,283
粤B4HQ99,113.892403,22.584801,283
粤B4HQ99,113.892403,22.584801,284
粤B4HQ99,113.892403,22.584801,284
粤B4HQ99,113.892403,22.584801,285
粤B4HQ99,113.892403,22.584801,285
粤B4HQ99,113.892403,22.584801,286
粤B4HQ99,113.892403,22.584801,286
粤B4HQ99,113.892403,22.584801,287
粤B4HQ99,113.892403,22.584801,287
粤B4HQ99,113.892403,22.584801,288
粤B4HQ99,113.892403,22.584801,288
粤B4HQ99,113.892403,22.584801,289
粤B4HQ99,113.892403,22.584801,289
粤B4HQ99,113.892403,22.584801,290
粤B4HQ99,113.892403,22.584801,290
粤B4HQ99,113.892403,22.584801,291
粤B4HQ99,113.892403,22.584801,291
粤B4HQ99,113.892403,22.584801,292
粤B4HQ99,113.892403,22.584801,292
粤B4HQ99,113.892403,22.584801,293
粤B4HQ99,113.892403,22.584801,293
粤B4HQ99,113.892403,22.584801,294
粤B4HQ99,113.892403,22.584801,294
粤B4HQ99,113.892403,22.584801,295
粤B4HQ99,113.892403,22.584801,295
粤B4HQ99,113.892403,22.584801,296
粤B4HQ99,113.892403,22.584801,296
粤B4HQ99,113.892403,22.584801,297
粤B4HQ99,113.892403,22.584801,297
粤B4HQ99,113.892403,22.584801,298
粤B4HQ99,113.892403,22.584801,298
粤B4HQ99,113.892403,22.584801,299
粤B4HQ99,113.892403,22.584801,299
粤B4HQ99,113.892403,22.584801,300
粤B4HQ99,113.892403,22.584801,300
粤B4HQ99,113.892403,22.584801,301
粤B4HQ99,113.892403,22.584801,301
粤B4HQ99,113.892403,22.584801,302
粤B4HQ99,113.892403,22.584801,302
粤B4HQ99,113.892403,22.584801,303
粤B4HQ99,113.892403,22.584801,303
粤B4HQ99,113.892403,22.584801,305
粤B4HQ99,113.892403,22.584801,305
粤B4HQ99,113.892403,22.584801,306
粤B4HQ99,113.892403,22.584801,306
粤B4HQ99,113.892403,22.584801,307
粤B4HQ99,113.892403,22.584801,307
粤B4HQ99,113.892403,22.584801,308
粤B4HQ99,113.892403,22.584801,308
粤B4HQ99,113.892403,22.584801,309
粤B4HQ99,113.892403,22.584801,309
粤B4HQ99,113.892403,22.584801,310
粤B4HQ99,113.892403,22.584801,310
粤B4HQ99,113.892403,22.584801,311
粤B4HQ99,113.892403,22.584801,311
粤B4HQ99,113.892403,22.584801,312
粤B4HQ99,113.892403,22.584801,312
粤B4HQ99,113.892403,22.584801,313
粤B4HQ99,113.892403,22.584801,313
粤B4HQ99,113.892403,22.584801,314
粤B4HQ99,113.892403,22.584801,314
粤B4HQ99,113.892403,22.584801,315
粤B4HQ99,113.892403,22.584801,315
粤B4HQ99,113.892403,22.584801,316
粤B4HQ99,113.892403,22.584801,316
粤B4HQ99,113.892403,22.584801,317
粤B4HQ99,113.892403,22.584801,318
粤B4HQ99,113.892403,22.584801,318
粤B4HQ99,113.892403,22.584801,319
粤B4HQ99,113.892403,22.584801,319
粤B4HQ99,113.892403,22.584801,320
粤B4HQ99,113.892403,22.584801,320
粤B4HQ99,113.892403,22.584801,321
粤B4HQ99,113.892403,22.584801,321
粤B4HQ99,113.892403,22.584801,322
粤B4HQ99,113.892403,22.584801,322
粤B4HQ99,113.892403,22.584801,323
粤B4HQ99,113.892403,22.584801,323
粤B4HQ99,113.892403,22.584801,324
粤B4HQ99,113.892403,22.584801,324
粤B4HQ99,113.892403,22.584801,325
粤B4HQ99,113.892403,22.584801,325
粤B4HQ99,113.892403,22.584801,326
粤B4HQ99,113.892403,22.584801,326
粤B4HQ99,113.892403,22.584801,327
粤B4HQ99,113.892403,22.584801,327
粤B4HQ99,113.892403,22.584801,328
粤B4HQ99,113.892403,22.584801,328
粤B4HQ99,113.892403,22.584801,329
粤B4HQ99,113.892403,22.584801,329
粤B4HQ99,113.892403,22.584801,330
粤B4HQ99,113.892403,22.584801,330
粤B4HQ99,113.892403,22.584801,331
粤B4HQ99,113.892403,22.584801,331
粤B4HQ99,113.892403,22.584801,332
粤B4HQ99,113.892403,22.584801,332
粤B4HQ99,113.892403,22.584801,333
粤B4HQ99,113.892403,22.584801,333
粤B4HQ99,113.892403,22.584801,334
粤B4HQ99,113.892403,22.584801,335
粤B4HQ99,113.892403,22.584801,335
粤B4HQ99,113.892403,22.584801,336
粤B4HQ99,113.892403,22.584801,336
粤B4HQ99,113.892403,22.584801,337
粤B4HQ99,113.892403,22.584801,337
粤B4HQ99,113.892403,22.584801,338
粤B4HQ99,113.892403,22.584801,338
粤B4HQ99,113.892403,22.584801,339
粤B4HQ99,113.892403,22.584801,339
粤B4HQ99,113.892403,22.584801,340
粤B4HQ99,113.892403,22.584801,340
粤B4HQ99,113.892403,22.584801,341
粤B4HQ99,113.892403,22.584801,341
粤B4HQ99,113.892403,22.584801,342
粤B4HQ99,113.892403,22.584801,342
粤B4HQ99,113.892403,22.584801,343
粤B4HQ99,113.892403,22.584801,344
粤B4HQ99,113.892403,22.584801,344
粤B4HQ99,113.892403,22.584801,345
粤B4HQ99,113.892403,22.584801,345
粤B4HQ99,113.892403,22.584801,346
粤B4HQ99,113.892403,22.584801,346
粤B4HQ99,113.891403,22.5847,347
粤B4HQ99,113.891403,22.5847,347
粤B4HQ99,113.890602,22.5844,348
粤B4HQ99,113.888702,22.583401,348
粤B4HQ99,113.886803,22.5818,349
粤B4HQ99,113.885498,22.5807,349
粤B4HQ99,113.885399,22.5805,350
粤B4HQ99,113.882896,22.5784,350
粤B4HQ99,113.879601,22.5756,351
粤B4HQ99,113.880203,22.575899,351
粤B4HQ99,113.8825,22.5767,352
粤B4HQ99,113.885597,22.5739,352
粤B4HQ99,113.889297,22.570499,353
粤B4HQ99,113.892601,22.566999,353
粤B4HQ99,113.894203,22.5651,354
粤B4HQ99,113.894203,22.5651,354
粤B4HQ99,113.895103,22.5641,354
粤B4HQ99,113.895103,22.563999,355
粤B4HQ99,113.895103,22.563999,355
粤B4HQ99,113.895103,22.563999,356
粤B4HQ99,113.895103,22.563999,356
粤B4HQ99,113.895103,22.563999,357
粤B4HQ99,113.8955,22.5634,357
粤B4HQ99,113.893402,22.561399,358
粤B4HQ99,113.895203,22.558901,359
粤B4HQ99,113.8955,22.558701,359
粤B4HQ99,113.8955,22.558701,360
粤B4HQ99,113.8955,22.558701,360
粤B4HQ99,113.894203,22.5597,361
粤B4HQ99,113.891701,22.5618,361
粤B4HQ99,113.889,22.5644,362
粤B4HQ99,113.890198,22.566299,362
粤B4HQ99,113.888397,22.5686,363
粤B4HQ99,113.889099,22.5679,363
粤B4HQ99,113.886902,22.57,364
粤B4HQ99,113.883003,22.571501,365
粤B4HQ99,113.880798,22.5723,365
粤B4HQ99,113.878098,22.574301,366
粤B4HQ99,113.8787,22.5744,366
粤B4HQ99,113.873199,22.573601,367
粤B4HQ99,113.875702,22.572201,367
粤B4HQ99,113.8703,22.5756,368
粤B4HQ99,113.869102,22.5762,368
粤B4HQ99,113.868896,22.5763,369
粤B4HQ99,113.866898,22.5737,369
粤B4HQ99,113.864502,22.573,370
粤B4HQ99,113.865501,22.5718,370
粤B4HQ99,113.862701,22.569099,371
粤B4HQ99,113.864098,22.569799,371
粤B4HQ99,113.859703,22.571199,372
粤B4HQ99,113.860497,22.5707,372
粤B4HQ99,113.857399,22.573099,373
粤B4HQ99,113.858498,22.5755,373
粤B4HQ99,113.858803,22.5776,374
粤B4HQ99,113.857002,22.583599,375
粤B4HQ99,113.855904,22.5825,375
粤B4HQ99,113.858101,22.5847,376
粤B4HQ99,113.858101,22.5847,376
粤B4HQ99,113.860001,22.586901,377
粤B4HQ99,113.858299,22.5849,377
粤B4HQ99,113.864197,22.5839,378
粤B4HQ99,113.862602,22.5853,378
粤B4HQ99,113.865402,22.583099,379
粤B4HQ99,113.865402,22.583099,379
粤B4HQ99,113.865402,22.583099,380
粤B4HQ99,113.866096,22.582399,380
粤B4HQ99,113.866096,22.582399,381
粤B4HQ99,113.866096,22.582399,381
粤B4HQ99,113.867599,22.5842,382
粤B4HQ99,113.866096,22.582399,382
粤B4HQ99,113.875397,22.5902,383
粤B4HQ99,113.8713,22.587,383
粤B4HQ99,113.878899,22.5923,384
粤B4HQ99,113.894501,22.5937,385
粤B4HQ99,113.890198,22.593399,385
粤B4HQ99,113.900597,22.5916,386
粤B4HQ99,113.896202,22.594299,386
粤B4HQ99,113.904999,22.587,387
粤B4HQ99,113.909401,22.5823,387
粤B4HQ99,113.917999,22.573099,388
粤B4HQ99,113.914001,22.5774,388
粤B4HQ99,113.9216,22.570299,389
粤B4HQ99,113.924103,22.567301,389
粤B4HQ99,113.925903,22.566099,390
粤B4HQ99,113.925903,22.566099,390
粤B4HQ99,113.925903,22.566099,391
粤B4HQ99,113.926003,22.5658,391
粤B4HQ99,113.930298,22.5651,392
粤B4HQ99,113.928902,22.5653,392
粤B4HQ99,113.933098,22.565201,392
粤B4HQ99,113.937599,22.565599,393
粤B4HQ99,113.943298,22.5655,393
粤B4HQ99,113.955902,22.5639,394
粤B4HQ99,113.949699,22.564899,394
粤B4HQ99,113.961197,22.5632,395
粤B4HQ99,113.966103,22.566401,395
粤B4HQ99,113.966698,22.579599,396
粤B4HQ99,113.966499,22.5756,396
粤B4HQ99,113.966499,22.5756,396
粤B4HQ99,113.967598,22.5821,397
粤B4HQ99,113.972198,22.5858,397
粤B4HQ99,113.984398,22.586201,398
粤B4HQ99,113.978302,22.586201,398
粤B4HQ99,113.995399,22.5889,399
粤B4HQ99,114.0009,22.590799,400
粤B4HQ99,114.006401,22.5905,400
粤B4HQ99,114.017097,22.5916,401
粤B4HQ99,114.012299,22.5902,401
粤B4HQ99,114.023598,22.5952,402
粤B4HQ99,114.021698,22.592199,402
粤B4HQ99,114.024498,22.6038,403
粤B4HQ99,114.026604,22.599701,403
粤B4HQ99,114.022301,22.607901,404
粤B4HQ99,114.026901,22.610901,404
粤B4HQ99,114.027,22.6131,405
粤B4HQ99,114.0289,22.6122,405
粤B4HQ99,114.026703,22.612801,406
粤B4HQ99,114.026703,22.612801,406
粤B4HQ99,114.027,22.612499,406
粤B4HQ99,114.027,22.612499,407
粤B4HQ99,114.028198,22.611799,407
粤B4HQ99,114.027397,22.6112,407
粤B4HQ99,114.0298,22.6115,408
粤B4HQ99,114.031799,22.6089,408
粤B4HQ99,114.031799,22.608801,409
粤B4HQ99,114.0345,22.610001,409
粤B4HQ99,114.035797,22.6115,410
粤B4HQ99,114.038002,22.6134,410
粤B4HQ99,114.039703,22.612499,411
粤B4HQ99,114.040604,22.6101,411
粤B4HQ99,114.039299,22.608,412
粤B4HQ99,114.0401,22.608299,412
粤B4HQ99,114.039299,22.608,413
粤B4HQ99,114.039299,22.608,413
粤B4HQ99,114.039299,22.608,414
粤B4HQ99,114.039299,22.608,415
粤B4HQ99,114.039299,22.608,416
粤B4HQ99,114.039299,22.608,417
粤B4HQ99,114.039299,22.608,417
粤B4HQ99,114.039299,22.608,418
粤B4HQ99,114.039299,22.608,418
粤B4HQ99,114.039299,22.608,419
粤B4HQ99,114.039299,22.608,419
粤B4HQ99,114.039299,22.608,420
粤B4HQ99,114.039299,22.608,420
粤B4HQ99,114.039299,22.608,421
粤B4HQ99,114.039299,22.608,421
粤B4HQ99,114.038902,22.6077,422
粤B4HQ99,114.036797,22.609699,422
粤B4HQ99,114.036102,22.611799,423
粤B4HQ99,114.038002,22.613501,423
粤B4HQ99,114.040604,22.610001,424
粤B4HQ99,114.039398,22.6129,424
粤B4HQ99,114.039497,22.6131,425
粤B4HQ99,114.040398,22.611099,425
粤B4HQ99,114.038803,22.614,426
粤B4HQ99,114.038902,22.613899,426
粤B4HQ99,114.038803,22.614,427
粤B4HQ99,114.038803,22.614,427
粤B4HQ99,114.037102,22.612801,428
粤B4HQ99,114.036003,22.6117,428
粤B4HQ99,114.034897,22.6106,429
粤B4HQ99,114.035797,22.611601,429
粤B4HQ99,114.032204,22.6089,430
粤B4HQ99,114.032402,22.6089,430
粤B4HQ99,114.0299,22.611401,431
粤B4HQ99,114.029503,22.612101,431
粤B4HQ99,114.029503,22.612101,432
粤B4HQ99,114.029503,22.612101,432
粤B4HQ99,114.028603,22.612101,433
粤B4HQ99,114.027,22.6129,433
粤B4HQ99,114.026604,22.6124,434
粤B4HQ99,114.026901,22.6127,434
粤B4HQ99,114.027802,22.611401,435
粤B4HQ99,114.028099,22.611799,435
粤B4HQ99,114.026604,22.6124,435
粤B4HQ99,114.029099,22.6122,436
粤B4HQ99,114.029099,22.6122,436
粤B4HQ99,114.028297,22.6141,437
粤B4HQ99,114.026703,22.6166,437
粤B4HQ99,114.026703,22.6166,438
粤B4HQ99,114.026703,22.6166,438
粤B4HQ99,114.024902,22.619699,439
粤B4HQ99,114.026604,22.616699,439
粤B4HQ99,114.0242,22.623501,440
粤B4HQ99,114.024696,22.6208,440
粤B4HQ99,114.0242,22.6257,441
粤B4HQ99,114.0242,22.624399,441
粤B4HQ99,114.0242,22.625799,442
粤B4HQ99,114.0242,22.6257,442
粤B4HQ99,114.024002,22.625,443
粤B4HQ99,114.0233,22.6278,443
粤B4HQ99,114.024399,22.622101,444
粤B4HQ99,114.024597,22.620899,444
粤B4HQ99,114.026802,22.615999,445
粤B4HQ99,114.025398,22.618299,445
粤B4HQ99,114.028603,22.612101,446
粤B4HQ99,114.027,22.6131,447
粤B4HQ99,114.027,22.6131,447
粤B4HQ99,114.027,22.6131,448
粤B4HQ99,114.027,22.6131,448
粤B4HQ99,114.028198,22.6119,449
粤B4HQ99,114.027,22.6131,449
粤B4HQ99,114.028297,22.612101,449
粤B4HQ99,114.027,22.6131,449
粤B4HQ99,114.027496,22.611401,450
粤B4HQ99,114.028801,22.612,450
粤B4HQ99,114.029198,22.6122,451
粤B4HQ99,114.029198,22.6122,451
粤B4HQ99,114.031998,22.614599,452
粤B4HQ99,114.029297,22.612301,452
粤B4HQ99,114.032097,22.6147,453
粤B4HQ99,114.032204,22.6147,453
粤B4HQ99,114.028702,22.620899,454
粤B4HQ99,114.030502,22.617399,454
粤B4HQ99,114.028603,22.623501,455
粤B4HQ99,114.031303,22.6243,455
粤B4HQ99,114.028503,22.623501,455
粤B4HQ99,114.033699,22.6248,456
粤B4HQ99,114.033699,22.6248,456
粤B4HQ99,114.034302,22.625299,457
粤B4HQ99,114.033302,22.628201,457
粤B4HQ99,114.0327,22.629601,458
粤B4HQ99,114.032204,22.630699,458
粤B4HQ99,114.032303,22.633499,459
粤B4HQ99,114.032303,22.633499,459
粤B4HQ99,114.032204,22.6339,460
粤B4HQ99,114.031799,22.6362,460
粤B4HQ99,114.033203,22.642099,461
粤B4HQ99,114.031998,22.6388,461
粤B4HQ99,114.034798,22.6453,462
粤B4HQ99,114.033798,22.6436,462
粤B4HQ99,114.035103,22.6458,463
粤B4HQ99,114.035698,22.646999,463
粤B4HQ99,114.035698,22.646999,464
粤B4HQ99,114.035698,22.646999,464
粤B4HQ99,114.035698,22.646999,465
粤B4HQ99,114.036903,22.6493,465
粤B4HQ99,114.038399,22.651899,466
粤B4HQ99,114.0401,22.651501,466
粤B4HQ99,114.0401,22.651501,467
粤B4HQ99,114.0401,22.651501,467
粤B4HQ99,114.0401,22.651501,468
粤B4HQ99,114.0401,22.651501,468
粤B4HQ99,114.040703,22.6513,469
粤B4HQ99,114.042,22.650801,470
粤B4HQ99,114.041496,22.650999,470
粤B4HQ99,114.042,22.650801,471
粤B4HQ99,114.042,22.650801,471
粤B4HQ99,114.045601,22.648701,472
粤B4HQ99,114.043701,22.650299,472
粤B4HQ99,114.045799,22.6409,474
粤B4HQ99,114.045799,22.6399,474
粤B4HQ99,114.046204,22.6383,475
粤B4HQ99,114.0532,22.636499,476
粤B4HQ99,114.0504,22.6376,476
粤B4HQ99,114.054398,22.636,477
粤B4HQ99,114.055397,22.636101,478
粤B4HQ99,114.055298,22.639601,478
粤B4HQ99,114.054703,22.643499,479
粤B4HQ99,114.056801,22.644199,479
粤B4HQ99,114.056999,22.644199,480
粤B4HQ99,114.060501,22.644199,481
粤B4HQ99,114.057701,22.644199,481
粤B4HQ99,114.060501,22.644199,482
粤B4HQ99,114.060501,22.644199,482
粤B4HQ99,114.060898,22.644199,483
粤B4HQ99,114.061203,22.646999,483
粤B4HQ99,114.063904,22.656401,486
粤B4HQ99,114.065002,22.6576,487
粤B4HQ99,114.0662,22.658899,487
粤B4HQ99,114.067001,22.6597,488
粤B4HQ99,114.067001,22.6597,488
粤B4HQ99,114.067596,22.6605,489
粤B4HQ99,114.067001,22.6597,489
粤B4HQ99,114.068703,22.6619,490
粤B4HQ99,114.068703,22.6619,490
粤B4HQ99,114.068703,22.662001,490
粤B4HQ99,114.068703,22.662399,491
粤B4HQ99,114.067802,22.6609,492
粤B4HQ99,114.067703,22.660801,492
粤B4HQ99,114.067703,22.660801,493
粤B4HQ99,114.067703,22.660801,493
粤B4HQ99,114.066902,22.6602,494
粤B4HQ99,114.065598,22.658899,494
粤B4HQ99,114.063599,22.656401,495
粤B4HQ99,114.0644,22.657301,495
粤B4HQ99,114.063599,22.656401,495
粤B4HQ99,114.062202,22.6532,496
粤B4HQ99,114.062798,22.654699,496
粤B4HQ99,114.061699,22.652,497
粤B4HQ99,114.060997,22.6492,497
粤B4HQ99,114.059402,22.649,498
粤B4HQ99,114.059402,22.649,498
粤B4HQ99,114.059402,22.649,499
粤B4HQ99,114.058899,22.6488,499
粤B4HQ99,114.057404,22.6444,501
粤B4HQ99,114.057404,22.6444,501
粤B4HQ99,114.057098,22.6444,502
粤B4HQ99,114.054703,22.644501,502
粤B4HQ99,114.054703,22.644501,503
粤B4HQ99,114.054703,22.644501,504
粤B4HQ99,114.054703,22.644501,504
粤B4HQ99,114.054703,22.644501,505
粤B4HQ99,114.054703,22.644501,505
粤B4HQ99,114.054703,22.642599,506
粤B4HQ99,114.055298,22.638,506
粤B4HQ99,114.055298,22.637199,507
粤B4HQ99,114.055298,22.637199,507
粤B4HQ99,114.055397,22.634899,508
粤B4HQ99,114.055298,22.6334,508
粤B4HQ99,114.051598,22.633301,509
粤B4HQ99,114.052902,22.633301,509
粤B4HQ99,114.051598,22.633301,510
粤B4HQ99,114.051598,22.633301,510
粤B4HQ99,114.052597,22.633301,511
粤B4HQ99,114.052002,22.6334,511
粤B4HQ99,114.052597,22.633301,511
粤B4HQ99,114.0541,22.633301,512
粤B4HQ99,114.054199,22.633301,512
粤B4HQ99,114.055603,22.635201,513
粤B4HQ99,114.055496,22.633499,513
粤B4HQ99,114.055603,22.635201,514
粤B4HQ99,114.055603,22.635201,514
粤B4HQ99,114.055603,22.635201,515
粤B4HQ99,114.055603,22.635201,515
粤B4HQ99,114.055603,22.635201,516
粤B4HQ99,114.055603,22.635201,516
粤B4HQ99,114.057899,22.6374,517
粤B4HQ99,114.055901,22.6362,517
粤B4HQ99,114.061897,22.638901,518
粤B4HQ99,114.058998,22.6381,518
粤B4HQ99,114.061897,22.638901,519
粤B4HQ99,114.061897,22.638901,519
粤B4HQ99,114.062103,22.640499,520
粤B4HQ99,114.0625,22.639,520
粤B4HQ99,114.062103,22.640499,521
粤B4HQ99,114.061897,22.6408,521
粤B4HQ99,114.061096,22.6437,522
粤B4HQ99,114.061096,22.642799,522
粤B4HQ99,114.061096,22.642599,523
粤B4HQ99,114.062202,22.6395,523
粤B4HQ99,114.057503,22.637199,524
粤B4HQ99,114.059898,22.6387,524
粤B4HQ99,114.056396,22.6366,525
粤B4HQ99,114.055199,22.636101,525
粤B4HQ99,114.052696,22.6369,526
粤B4HQ99,114.049202,22.637899,526
粤B4HQ99,114.046898,22.6383,527
粤B4HQ99,114.045799,22.639299,527
粤B4HQ99,114.045898,22.641899,528
粤B4HQ99,114.045998,22.6434,528
粤B4HQ99,114.046204,22.6472,529
粤B4HQ99,114.046097,22.6444,529
粤B4HQ99,114.043503,22.6504,530
粤B4HQ99,114.0448,22.6497,530
粤B4HQ99,114.039803,22.651699,531
粤B4HQ99,114.043098,22.650499,531
粤B4HQ99,114.038803,22.6521,532
粤B4HQ99,114.037498,22.653099,532
粤B4HQ99,114.036003,22.6544,533
粤B4HQ99,114.036003,22.6544,533
粤B4HQ99,114.036003,22.6544,534
粤B4HQ99,114.036003,22.6544,534
粤B4HQ99,114.034698,22.6555,535
粤B4HQ99,114.036003,22.6544,535
粤B4HQ99,114.032799,22.658001,536
粤B4HQ99,114.032799,22.658001,536
粤B4HQ99,114.032501,22.6576,536
粤B4HQ99,114.032204,22.657801,537
粤B4HQ99,114.030899,22.658899,537
粤B4HQ99,114.029404,22.6586,538
粤B4HQ99,114.0308,22.659,538
粤B4HQ99,114.027397,22.657101,539
粤B4HQ99,114.028198,22.6576,539
粤B4HQ99,114.026497,22.6565,540
粤B4HQ99,114.026604,22.656601,540
粤B4HQ99,114.026497,22.6565,540
粤B4HQ99,114.026497,22.6565,541
粤B4HQ99,114.025597,22.6558,541
粤B4HQ99,114.023499,22.6572,542
粤B4HQ99,114.023102,22.6577,542
粤B4HQ99,114.022797,22.6581,543
粤B4HQ99,114.023102,22.6577,543
粤B4HQ99,114.021004,22.66,544
粤B4HQ99,114.019798,22.661501,544
粤B4HQ99,114.0186,22.663,545
粤B4HQ99,114.019699,22.661699,545
粤B4HQ99,114.017097,22.6653,546
粤B4HQ99,114.017197,22.666201,546
粤B4HQ99,114.0308,22.659,547
粤B4HQ99,114.021797,22.667801,547
粤B4HQ99,114.019798,22.6677,547
粤B4HQ99,114.021797,22.667801,548
粤B4HQ99,114.022003,22.6677,548
粤B4HQ99,114.021797,22.667801,548
粤B4HQ99,114.023697,22.666201,549
粤B4HQ99,114.027199,22.667999,550
粤B4HQ99,114.025597,22.666901,550
粤B4HQ99,114.030899,22.6695,551
粤B4HQ99,114.0289,22.669399,551
粤B4HQ99,114.032204,22.6686,552
粤B4HQ99,114.031303,22.6667,552
粤B4HQ99,114.030403,22.6654,553
粤B4HQ99,114.031197,22.666,553
粤B4HQ99,114.0326,22.6689,554
粤B4HQ99,114.031998,22.667601,554
粤B4HQ99,114.033401,22.6707,555
粤B4HQ99,114.035797,22.671101,555
粤B4HQ99,114.037697,22.6702,557
粤B4HQ99,114.037697,22.6702,557
粤B4HQ99,114.037697,22.6702,558
粤B4HQ99,114.038498,22.670401,558
粤B4HQ99,114.041298,22.6763,559
粤B4HQ99,114.039703,22.6738,559
粤B4HQ99,114.043198,22.6786,560
粤B4HQ99,114.043999,22.68,561
粤B4HQ99,114.044197,22.6831,561
粤B4HQ99,114.044403,22.686501,562
粤B4HQ99,114.044403,22.687201,562
粤B4HQ99,114.044403,22.6877,563
粤B4HQ99,114.044502,22.690701,563
粤B4HQ99,114.044701,22.6926,564
粤B4HQ99,114.044701,22.6926,564
粤B4HQ99,114.044701,22.6926,565
粤B4HQ99,114.044701,22.6926,565
粤B4HQ99,114.044701,22.6926,566
粤B4HQ99,114.044701,22.6926,566
粤B4HQ99,114.044701,22.6933,567
粤B4HQ99,114.044601,22.695801,568
粤B4HQ99,114.044601,22.698,568
粤B4HQ99,114.044601,22.698,569
粤B4HQ99,114.044197,22.7036,570
粤B4HQ99,114.044296,22.702999,570
粤B4HQ99,114.044098,22.702801,571
粤B4HQ99,114.043999,22.7034,571
粤B4HQ99,114.044197,22.700701,572
粤B4HQ99,114.044197,22.698999,572
粤B4HQ99,114.044197,22.6987,573
粤B4HQ99,114.044296,22.6975,573
粤B4HQ99,114.044403,22.695101,574
粤B4HQ99,114.044403,22.695101,574
粤B4HQ99,114.044403,22.6936,575
粤B4HQ99,114.044403,22.694799,575
粤B4HQ99,114.038399,22.694201,576
粤B4HQ99,114.042099,22.6936,576
粤B4HQ99,114.037697,22.6943,577
粤B4HQ99,114.037697,22.6943,577
粤B4HQ99,114.037697,22.6943,578
粤B4HQ99,114.037697,22.6943,578
粤B4HQ99,114.037697,22.6943,579
粤B4HQ99,114.037697,22.6943,579
粤B4HQ99,114.037697,22.6943,580
粤B4HQ99,114.037697,22.6943,580
粤B4HQ99,114.037697,22.6943,581
粤B4HQ99,114.037697,22.6943,582
粤B4HQ99,114.037697,22.6943,582
粤B4HQ99,114.037498,22.6945,583
粤B4HQ99,114.037697,22.6943,583
粤B4HQ99,114.037903,22.695299,584
粤B4HQ99,114.037903,22.695299,584
粤B4HQ99,114.037903,22.695299,584
粤B4HQ99,114.037003,22.694401,585
粤B4HQ99,114.0373,22.6945,585
粤B4HQ99,114.037003,22.694401,586
粤B4HQ99,114.037003,22.694401,586
粤B4HQ99,114.035797,22.692499,587
粤B4HQ99,114.036102,22.6945,587
粤B4HQ99,114.034897,22.6882,588
粤B4HQ99,114.033997,22.6847,588
粤B4HQ99,114.033501,22.6828,589
粤B4HQ99,114.030998,22.6819,589
粤B4HQ99,114.029701,22.683701,590
粤B4HQ99,114.026901,22.684401,590
粤B4HQ99,114.023102,22.684999,591
粤B4HQ99,114.021301,22.6854,591
粤B4HQ99,114.018402,22.6861,592
粤B4HQ99,114.014397,22.6866,592
粤B4HQ99,114.009201,22.6866,593
粤B4HQ99,114.003799,22.6877,593
粤B4HQ99,113.999603,22.6896,594
粤B4HQ99,113.994797,22.690901,594
粤B4HQ99,113.984901,22.6901,595
粤B4HQ99,113.9897,22.691099,595
粤B4HQ99,113.976501,22.6873,596
粤B4HQ99,113.980904,22.688499,596
粤B4HQ99,113.965897,22.686001,597
粤B4HQ99,113.971397,22.687099,597
粤B4HQ99,113.9534,22.682301,598
粤B4HQ99,113.959503,22.684299,598
粤B4HQ99,113.947502,22.6789,599
粤B4HQ99,113.942001,22.6745,599
粤B4HQ99,113.935501,22.6712,600
粤B4HQ99,113.907204,22.6591,602
粤B4HQ99,113.8946,22.6593,603
粤B4HQ99,113.900803,22.6593,603
粤B4HQ99,113.887299,22.6586,604
粤B4HQ99,113.880402,22.657499,604
粤B4HQ99,113.8675,22.6548,605
粤B4HQ99,113.873596,22.6565,605
粤B4HQ99,113.861504,22.6455,606
粤B4HQ99,113.863602,22.6514,606
粤B4HQ99,113.859901,22.639099,607
粤B4HQ99,113.858704,22.637199,607
粤B4HQ99,113.858597,22.636999,608
粤B4HQ99,113.858597,22.636999,608
粤B4HQ99,113.858597,22.636999,609
粤B4HQ99,113.858597,22.636999,609
粤B4HQ99,113.858597,22.636999,610
粤B4HQ99,113.858597,22.636999,610
粤B4HQ99,113.855598,22.632299,611
粤B4HQ99,113.858101,22.6362,611
粤B4HQ99,113.849602,22.6276,612
粤B4HQ99,113.851303,22.6297,612
粤B4HQ99,113.845497,22.622299,613
粤B4HQ99,113.849899,22.6248,613
粤B4HQ99,113.839104,22.620701,614
粤B4HQ99,113.832603,22.6185,614
粤B4HQ99,113.821198,22.613199,615
粤B4HQ99,113.826302,22.615601,615
粤B4HQ99,113.8144,22.6173,616
粤B4HQ99,113.817001,22.612801,616
粤B4HQ99,113.812103,22.621599,617
粤B4HQ99,113.812897,22.6252,617
粤B4HQ99,113.8116,22.6278,618
粤B4HQ99,113.808998,22.627199,618
粤B4HQ99,113.808601,22.627001,619
粤B4HQ99,113.808197,22.626801,619
粤B4HQ99,113.806198,22.624701,620
粤B4HQ99,113.807602,22.6266,620
粤B4HQ99,113.808998,22.619699,621
粤B4HQ99,113.811699,22.6147,621
粤B4HQ99,113.818802,22.610701,622
粤B4HQ99,113.821503,22.6131,623
粤B4HQ99,113.827003,22.6157,623
粤B4HQ99,113.832802,22.618299,624
粤B4HQ99,113.835403,22.6175,624
粤B4HQ99,113.836601,22.614799,625
粤B4HQ99,113.837303,22.613199,625
粤B4HQ99,113.837799,22.6122,626
粤B4HQ99,113.8405,22.6066,627
粤B4HQ99,113.841599,22.6043,627
粤B4HQ99,113.8423,22.602699,628
粤B4HQ99,113.843803,22.599701,628
粤B4HQ99,113.842201,22.5977,629
粤B4HQ99,113.8433,22.599001,629
粤B4HQ99,113.8414,22.5965,630
粤B4HQ99,113.840897,22.5961,630
粤B4HQ99,113.840897,22.5961,630
粤B4HQ99,113.841797,22.596901,631
粤B4HQ99,113.842796,22.5986,631
粤B4HQ99,113.843399,22.5991,632
粤B4HQ99,113.843399,22.5991,632
粤B4HQ99,113.843498,22.601101,633
粤B4HQ99,113.843803,22.5994,633
粤B4HQ99,113.843201,22.6042,634
粤B4HQ99,113.847397,22.605801,634
粤B4HQ99,113.848701,22.6064,635
粤B4HQ99,113.8526,22.607901,635
粤B4HQ99,113.857201,22.6073,636
粤B4HQ99,113.8592,22.6061,636
粤B4HQ99,113.862396,22.601801,637
粤B4HQ99,113.861099,22.603901,637
粤B4HQ99,113.863899,22.5996,638
粤B4HQ99,113.863602,22.6,638
粤B4HQ99,113.866096,22.5963,639
粤B4HQ99,113.8647,22.5984,639
粤B4HQ99,113.868103,22.5931,640
粤B4HQ99,113.866997,22.5951,640
粤B4HQ99,113.868698,22.5921,641
粤B4HQ99,113.870499,22.589199,642
粤B4HQ99,113.870598,22.588301,643
粤B4HQ99,113.870796,22.587099,643
粤B4HQ99,113.874496,22.589399,644
粤B4HQ99,113.872101,22.587601,644
粤B4HQ99,113.875702,22.590401,645
粤B4HQ99,113.875999,22.590599,645
粤B4HQ99,113.877098,22.591499,646
粤B4HQ99,113.879501,22.591499,646
粤B4HQ99,113.880096,22.589899,647
粤B4HQ99,113.880096,22.589899,647
粤B4HQ99,113.878502,22.5886,648
粤B4HQ99,113.881203,22.584499,649
粤B4HQ99,113.882698,22.5826,649
粤B4HQ99,113.8834,22.582001,650
粤B4HQ99,113.8834,22.582001,650
粤B4HQ99,113.8834,22.582001,650
粤B4HQ99,113.882202,22.5851,651
粤B4HQ99,113.882599,22.5828,651
粤B4HQ99,113.886497,22.5846,652
粤B4HQ99,113.884201,22.5867,652
粤B4HQ99,113.8881,22.583099,653
粤B4HQ99,113.8871,22.584,653
粤B4HQ99,113.889999,22.5812,654
粤B4HQ99,113.892303,22.579,654
粤B4HQ99,113.893799,22.580299,655
粤B4HQ99,113.8937,22.5802,655
粤B4HQ99,113.896202,22.582001,656
粤B4HQ99,113.894997,22.5814,656
粤B4HQ99,113.897797,22.5804,657
粤B4HQ99,113.899399,22.5788,657
粤B4HQ99,113.901199,22.577,658
粤B4HQ99,113.9002,22.577999,658
粤B4HQ99,113.902496,22.5755,659
粤B4HQ99,113.904198,22.573999,659
粤B4HQ99,113.9077,22.5711,660
粤B4HQ99,113.906197,22.572001,660
粤B4HQ99,113.908798,22.568701,661
粤B4HQ99,113.904999,22.566799,662
粤B4HQ99,113.907402,22.568001,662
粤B4HQ99,113.904099,22.566,663
粤B4HQ99,113.904999,22.566799,663
粤B4HQ99,113.903999,22.565901,664
粤B4HQ99,113.904297,22.566099,665
粤B4HQ99,113.904198,22.566,665
粤B4HQ99,113.907402,22.568001,666
粤B4HQ99,113.904701,22.5665,666
粤B4HQ99,113.908997,22.566799,667
粤B4HQ99,113.908997,22.566601,667
粤B4HQ99,113.905098,22.566299,668
粤B4HQ99,113.907303,22.565001,668
粤B4HQ99,113.9049,22.566401,669
粤B4HQ99,113.9049,22.566401,669
粤B4HQ99,113.904297,22.566999,670
粤B4HQ99,113.902199,22.569201,670
粤B4HQ99,113.899696,22.5718,671
粤B4HQ99,113.899696,22.5718,671
粤B4HQ99,113.899803,22.5716,671
粤B4HQ99,113.8983,22.5732,672
粤B4HQ99,113.898697,22.572701,672
粤B4HQ99,113.899101,22.572399,672
粤B4HQ99,113.896103,22.575199,673
粤B4HQ99,113.896301,22.575001,673
粤B4HQ99,113.889397,22.5861,719
粤B4HQ99,113.889,22.5868,720
粤B4HQ99,113.887001,22.5884,721
粤B4HQ99,113.889,22.5868,721
粤B4HQ99,113.884903,22.587299,722
粤B4HQ99,113.884499,22.586599,722
粤B4HQ99,113.886803,22.5844,723
粤B4HQ99,113.887199,22.584,723
粤B4HQ99,113.887199,22.584,724
粤B4HQ99,113.887199,22.584,724
粤B4HQ99,113.887199,22.584,725
粤B4HQ99,113.887199,22.584,725
粤B4HQ99,113.887199,22.584,726
粤B4HQ99,113.887199,22.584,726
粤B4HQ99,113.887199,22.584,727
粤B4HQ99,113.887199,22.584,727
粤B4HQ99,113.887199,22.584,728
粤B4HQ99,113.888,22.583099,728
粤B4HQ99,113.886398,22.5814,729
粤B4HQ99,113.884499,22.581301,729
粤B4HQ99,113.882698,22.5811,730
粤B4HQ99,113.883499,22.5819,730
粤B4HQ99,113.8834,22.578899,731
粤B4HQ99,113.882004,22.5804,731
粤B4HQ99,113.887604,22.5749,732
粤B4HQ99,113.885399,22.5765,732
粤B4HQ99,113.889297,22.576401,733
粤B4HQ99,113.890099,22.577101,733
粤B4HQ99,113.891998,22.578699,734
粤B4HQ99,113.891998,22.578699,734
粤B4HQ99,113.891998,22.578699,735
粤B4HQ99,113.891998,22.578699,735
粤B4HQ99,113.888901,22.582399,736
粤B4HQ99,113.884598,22.586901,737
粤B4HQ99,113.886497,22.5849,737
粤B4HQ99,113.887901,22.5886,738
粤B4HQ99,113.885101,22.5874,738
粤B4HQ99,113.887901,22.5886,739
粤B4HQ99,113.887901,22.5886,739
粤B4HQ99,113.886299,22.592699,740
粤B4HQ99,113.887802,22.5895,740
粤B4HQ99,113.890198,22.593599,741
粤B4HQ99,113.889397,22.593201,741
粤B4HQ99,113.886803,22.593399,742
粤B4HQ99,113.881599,22.5931,742
粤B4HQ99,113.880699,22.5931,743
粤B4HQ99,113.880699,22.5931,743
粤B4HQ99,113.880699,22.5931,744
粤B4HQ99,113.880699,22.5931,744
粤B4HQ99,113.880699,22.5931,745
粤B4HQ99,113.880699,22.5931,745
粤B4HQ99,113.880699,22.5931,746
粤B4HQ99,113.880699,22.5931,746
粤B4HQ99,113.879303,22.5926,747
粤B4HQ99,113.879303,22.5926,747
粤B4HQ99,113.879303,22.5926,748
粤B4HQ99,113.879303,22.5926,748
粤B4HQ99,113.880096,22.5928,749
粤B4HQ99,113.885201,22.593,749
粤B4HQ99,113.886398,22.5923,750
粤B4HQ99,113.887604,22.589701,750
粤B4HQ99,113.887901,22.5891,751
粤B4HQ99,113.886398,22.5881,751
粤B4HQ99,113.886002,22.587999,752
粤B4HQ99,113.886002,22.587999,752
粤B4HQ99,113.885399,22.587799,753
粤B4HQ99,113.884499,22.587,753
粤B4HQ99,113.887199,22.584,754
粤B4HQ99,113.8862,22.584999,754
粤B4HQ99,113.885498,22.580799,755
粤B4HQ99,113.887802,22.582701,755
粤B4HQ99,113.883698,22.582001,756
粤B4HQ99,113.881798,22.584101,757
粤B4HQ99,113.883499,22.582001,757
粤B4HQ99,113.879898,22.586,758
粤B4HQ99,113.881302,22.5846,758
粤B4HQ99,113.878304,22.5877,759
粤B4HQ99,113.8759,22.5865,759
粤B4HQ99,113.875801,22.586,760
粤B4HQ99,113.875801,22.586,760
粤B4HQ99,113.876198,22.585501,761
粤B4HQ99,113.877296,22.584299,762
粤B4HQ99,113.876701,22.585199,763
粤B4HQ99,113.8797,22.5895,764
粤B4HQ99,113.880699,22.5905,765
粤B4HQ99,113.8806,22.5902,765
粤B4HQ99,113.879303,22.5921,766
粤B4HQ99,113.879303,22.5921,766
粤B4HQ99,113.878799,22.5926,767
粤B4HQ99,113.877403,22.5945,767
粤B4HQ99,113.878403,22.598101,768
粤B4HQ99,113.877602,22.596901,768
粤B4HQ99,113.882599,22.602301,769
粤B4HQ99,113.881104,22.600599,769
粤B4HQ99,113.882103,22.602501,770
粤B4HQ99,113.882103,22.602501,770
粤B4HQ99,113.882103,22.602501,770
粤B4HQ99,113.881203,22.6028,771
粤B4HQ99,113.8797,22.6026,772
粤B4HQ99,113.877602,22.6008,772
粤B4HQ99,113.874199,22.5979,773
粤B4HQ99,113.873901,22.5977,774
粤B4HQ99,113.873901,22.5977,774
粤B4HQ99,113.875801,22.5952,775
粤B4HQ99,113.873703,22.5975,775
粤B4HQ99,113.877602,22.5933,776
粤B4HQ99,113.877296,22.5919,776
粤B4HQ99,113.873199,22.588499,777
粤B4HQ99,113.874802,22.59,777
粤B4HQ99,113.874001,22.5879,778
粤B4HQ99,113.8759,22.585899,778
粤B4HQ99,113.8797,22.582199,779
粤B4HQ99,113.877602,22.584101,779
粤B4HQ99,113.880302,22.5818,780
粤B4HQ99,113.879501,22.5823,780
粤B4HQ99,113.878197,22.583599,781
粤B4HQ99,113.875801,22.585899,781
粤B4HQ99,113.872803,22.589701,782
粤B4HQ99,113.874298,22.587601,782
粤B4HQ99,113.870399,22.593399,783
粤B4HQ99,113.871201,22.5921,783
粤B4HQ99,113.870102,22.5938,783
粤B4HQ99,113.8703,22.5952,784
粤B4HQ99,113.871803,22.5961,784
粤B4HQ99,113.871803,22.5961,785
粤B4HQ99,113.871803,22.5961,785
粤B4HQ99,113.874298,22.5968,786
粤B4HQ99,113.8722,22.596399,786
粤B4HQ99,113.876503,22.594601,787
粤B4HQ99,113.877502,22.593399,787
粤B4HQ99,113.874298,22.5896,788
粤B4HQ99,113.877296,22.5919,788
粤B4HQ99,113.873299,22.588499,789
粤B4HQ99,113.874496,22.587299,789
粤B4HQ99,113.873901,22.5861,790
粤B4HQ99,113.874496,22.587299,790
粤B4HQ99,113.872597,22.588499,791
粤B4HQ99,113.872101,22.5879,791
粤B4HQ99,113.866501,22.5837,792
粤B4HQ99,113.870102,22.586201,792
粤B4HQ99,113.8647,22.582199,793
粤B4HQ99,113.864304,22.5818,793
粤B4HQ99,113.864098,22.581499,794
粤B4HQ99,113.864304,22.5818,794
粤B4HQ99,113.8601,22.577299,795
粤B4HQ99,113.862198,22.5795,795
粤B4HQ99,113.857498,22.572901,796
粤B4HQ99,113.858101,22.5751,796
粤B4HQ99,113.860001,22.570801,797
粤B4HQ99,113.859398,22.571199,797
粤B4HQ99,113.861801,22.569599,798
粤B4HQ99,113.860802,22.570299,798
粤B4HQ99,113.860298,22.5709,799
粤B4HQ99,113.857803,22.572701,799
粤B4HQ99,113.861099,22.570101,800
粤B4HQ99,113.858398,22.5721,800
粤B4HQ99,113.8619,22.5672,801
粤B4HQ99,113.8629,22.568399,801
粤B4HQ99,113.860001,22.5651,802
粤B4HQ99,113.861,22.566099,802
粤B4HQ99,113.859802,22.5646,803
粤B4HQ99,113.859802,22.5646,803
粤B4HQ99,113.8601,22.563801,804
粤B4HQ99,113.859802,22.5646,804
粤B4HQ99,113.860298,22.5637,805
粤B4HQ99,113.860298,22.5637,805
粤B4HQ99,113.860298,22.5637,806
粤B4HQ99,113.860298,22.5637,806
粤B4HQ99,113.860298,22.5637,807
粤B4HQ99,113.860298,22.5637,807
粤B4HQ99,113.860298,22.5637,808
粤B4HQ99,113.860298,22.5637,808
粤B4HQ99,113.860298,22.5637,809
粤B4HQ99,113.860298,22.5637,809
粤B4HQ99,113.860497,22.563601,810
粤B4HQ99,113.862198,22.562901,810
粤B4HQ99,113.864799,22.5627,811
粤B4HQ99,113.866203,22.5627,811
粤B4HQ99,113.868103,22.5646,812
粤B4HQ99,113.868103,22.5646,812
粤B4HQ99,113.868103,22.5646,813
粤B4HQ99,113.868103,22.5646,813
粤B4HQ99,113.871803,22.566999,814
粤B4HQ99,113.8694,22.566099,814
粤B4HQ99,113.873802,22.5655,815
粤B4HQ99,113.873802,22.5655,815
粤B4HQ99,113.874397,22.5655,816
粤B4HQ99,113.876701,22.567499,816
粤B4HQ99,113.8769,22.5679,817
粤B4HQ99,113.876999,22.5679,817
粤B4HQ99,113.876999,22.567801,817
粤B4HQ99,113.875504,22.5665,818
粤B4HQ99,113.873596,22.5658,818
粤B4HQ99,113.871201,22.5676,819
粤B4HQ99,113.8713,22.567499,819
粤B4HQ99,113.871201,22.5676,820
粤B4HQ99,113.871201,22.5676,820
粤B4HQ99,113.871002,22.567801,821
粤B4HQ99,113.868896,22.566099,821
粤B4HQ99,113.865898,22.563,822
粤B4HQ99,113.8675,22.5646,822
粤B4HQ99,113.865898,22.563,823
粤B4HQ99,113.865898,22.563,823
粤B4HQ99,113.8657,22.562799,824
粤B4HQ99,113.863297,22.5602,824
粤B4HQ99,113.861603,22.558201,825
粤B4HQ99,113.8582,22.556801,825
粤B4HQ99,113.853996,22.556601,826
粤B4HQ99,113.8554,22.556101,826
粤B4HQ99,113.853699,22.557699,827
粤B4HQ99,113.8536,22.5578,827
粤B4HQ99,113.848099,22.563801,828
粤B4HQ99,113.850998,22.560699,828
粤B4HQ99,113.848099,22.563801,829
粤B4HQ99,113.848099,22.563801,829
粤B4HQ99,113.847603,22.564199,830
粤B4HQ99,113.839401,22.5751,831
粤B4HQ99,113.834999,22.5788,832
粤B4HQ99,113.832802,22.586,833
粤B4HQ99,113.833603,22.5888,833
粤B4HQ99,113.831001,22.5928,834
粤B4HQ99,113.830002,22.596701,834
粤B4HQ99,113.829002,22.601801,835
粤B4HQ99,113.8293,22.601101,835
粤B4HQ99,113.829002,22.601801,835
粤B4HQ99,113.829002,22.601801,836
粤B4HQ99,113.829201,22.6021,836
粤B4HQ99,113.830002,22.5984,837
粤B4HQ99,113.842201,22.6031,843
粤B4HQ99,113.842201,22.6031,844
粤B4HQ99,113.842201,22.6031,844
粤B4HQ99,113.842201,22.6031,845
粤B4HQ99,113.842201,22.6031,845
粤B4HQ99,113.842201,22.6031,846
粤B4HQ99,113.842201,22.6031,846
粤B4HQ99,113.842201,22.6031,847
粤B4HQ99,113.842201,22.6031,847
粤B4HQ99,113.842201,22.6031,848
粤B4HQ99,113.842201,22.6031,848
粤B4HQ99,113.842201,22.6031,849
粤B4HQ99,113.842796,22.6019,849
粤B4HQ99,113.843903,22.5994,850
粤B4HQ99,113.843697,22.6,850
粤B4HQ99,113.843903,22.5994,851
粤B4HQ99,113.843903,22.5994,851
粤B4HQ99,113.843903,22.5994,852
粤B4HQ99,113.843903,22.5994,852
粤B4HQ99,113.843903,22.5994,853
粤B4HQ99,113.843903,22.5994,853
粤B4HQ99,113.844002,22.5994,854
粤B4HQ99,113.844002,22.5994,854
粤B4HQ99,113.8442,22.599701,855
粤B4HQ99,113.844002,22.5994,855
粤B4HQ99,113.8442,22.599701,856
粤B4HQ99,113.8442,22.599701,856
粤B4HQ99,113.8442,22.599701,857
粤B4HQ99,113.8442,22.599701,857
粤B4HQ99,113.8442,22.6,858
粤B4HQ99,113.8442,22.6,858
粤B4HQ99,113.8442,22.6,859
粤B4HQ99,113.8442,22.6,859
粤B4HQ99,113.8442,22.6,860
粤B4HQ99,113.8442,22.6,861
粤B4HQ99,113.8442,22.6,861
粤B4HQ99,113.8442,22.6,862
粤B4HQ99,113.8442,22.6,862
粤B4HQ99,113.8442,22.6,863
粤B4HQ99,113.8442,22.6,863
粤B4HQ99,113.8442,22.6,864
粤B4HQ99,113.8442,22.6,864
粤B4HQ99,113.8442,22.6,865
粤B4HQ99,113.8442,22.6,865
粤B4HQ99,113.844101,22.6,866
粤B4HQ99,113.844704,22.5982,866
粤B4HQ99,113.847504,22.5938,867
粤B4HQ99,113.852203,22.589199,867
粤B4HQ99,113.857903,22.5851,868
粤B4HQ99,113.857002,22.5856,868
粤B4HQ99,113.857903,22.5851,869
粤B4HQ99,113.857903,22.5851,869
粤B4HQ99,113.858101,22.584999,870
粤B4HQ99,113.857903,22.5851,870
粤B4HQ99,113.862999,22.580999,871
粤B4HQ99,113.861099,22.582701,871
粤B4HQ99,113.8685,22.5763,872
粤B4HQ99,113.869202,22.575899,873
粤B4HQ99,113.872002,22.573999,873
粤B4HQ99,113.874901,22.571899,874
粤B4HQ99,113.872498,22.5695,874
粤B4HQ99,113.873398,22.565701,875
粤B4HQ99,113.870796,22.5679,875
粤B4HQ99,113.872803,22.564301,876
粤B4HQ99,113.872398,22.5639,877
粤B4HQ99,113.873703,22.564899,877
粤B4HQ99,113.875504,22.5665,878
粤B4HQ99,113.874901,22.566,878
粤B4HQ99,113.877098,22.5679,879
粤B4HQ99,113.879799,22.567801,879
粤B4HQ99,113.884598,22.563299,880
粤B4HQ99,113.882698,22.5651,880
粤B4HQ99,113.883003,22.558201,881
粤B4HQ99,113.884399,22.559299,882
粤B4HQ99,113.883202,22.558201,882
粤B4HQ99,113.883202,22.558201,882
粤B4HQ99,113.885803,22.560499,883
粤B4HQ99,113.886497,22.5611,883
粤B4HQ99,113.886497,22.5611,884
粤B4HQ99,113.886497,22.5611,884
粤B4HQ99,113.886597,22.561199,885
粤B4HQ99,113.888802,22.563,885
粤B4HQ99,113.888901,22.563,886
粤B4HQ99,113.888901,22.563,887
粤B4HQ99,113.888901,22.563,888
粤B4HQ99,113.888901,22.563,888
粤B4HQ99,113.888901,22.563,889
粤B4HQ99,113.888901,22.563,889
粤B4HQ99,113.888901,22.563,890
粤B4HQ99,113.888901,22.563,890
粤B4HQ99,113.888901,22.563,891
粤B4HQ99,113.888901,22.563,891
粤B4HQ99,113.889198,22.563299,892
粤B4HQ99,113.889198,22.563299,892
粤B4HQ99,113.889198,22.563299,893
粤B4HQ99,113.888199,22.562799,893
粤B4HQ99,113.881599,22.566601,894
粤B4HQ99,113.885399,22.563,894
粤B4HQ99,113.878197,22.5695,895
粤B4HQ99,113.876503,22.5709,895
粤B4HQ99,113.876503,22.5709,896
粤B4HQ99,113.876503,22.5709,896
粤B4HQ99,113.875801,22.571501,897
粤B4HQ99,113.875702,22.5716,897
粤B4HQ99,113.875702,22.5716,898
粤B4HQ99,113.875702,22.5716,898
粤B4HQ99,113.875702,22.5716,899
粤B4HQ99,113.875702,22.5716,899
粤B4HQ99,113.872498,22.5606,911
粤B4HQ99,113.874496,22.558599,912
粤B4HQ99,113.874603,22.5585,912
粤B4HQ99,113.875198,22.557899,913
粤B4HQ99,113.874702,22.558399,913
粤B4HQ99,113.8769,22.556,914
粤B4HQ99,113.876801,22.5522,914
粤B4HQ99,113.876801,22.5508,915
粤B4HQ99,113.876801,22.5508,915
粤B4HQ99,113.880203,22.5527,916
粤B4HQ99,113.877899,22.5527,916
粤B4HQ99,113.881401,22.5525,917
粤B4HQ99,113.882698,22.552099,918
粤B4HQ99,113.882698,22.552099,918
粤B4HQ99,113.882698,22.552099,918
粤B4HQ99,113.885201,22.554501,919
粤B4HQ99,113.884201,22.553499,919
粤B4HQ99,113.883102,22.5581,921
粤B4HQ99,113.883301,22.5583,921
粤B4HQ99,113.886497,22.561001,922
粤B4HQ99,113.886497,22.561001,923
粤B4HQ99,113.886497,22.561001,923
粤B4HQ99,113.889,22.563101,924
粤B4HQ99,113.889,22.563101,924
粤B4HQ99,113.889099,22.563101,925
粤B4HQ99,113.889099,22.563101,925
粤B4HQ99,113.8918,22.565599,926
粤B4HQ99,113.889999,22.563999,926
粤B4HQ99,113.892998,22.566,927
粤B4HQ99,113.894096,22.5674,927
粤B4HQ99,113.8946,22.568001,928
粤B4HQ99,113.8946,22.568001,928
粤B4HQ99,113.8946,22.568001,929
粤B4HQ99,113.895897,22.569099,929
粤B4HQ99,113.895897,22.569099,930
粤B4HQ99,113.895897,22.569099,930
粤B4HQ99,113.895897,22.569099,931
粤B4HQ99,113.895897,22.569099,931
粤B4HQ99,113.895203,22.5709,932
粤B4HQ99,113.896301,22.5695,932
粤B4HQ99,113.8936,22.5725,933
粤B4HQ99,113.8918,22.5718,933
粤B4HQ99,113.891403,22.571501,934
粤B4HQ99,113.891403,22.571501,934
粤B4HQ99,113.8909,22.5709,934
粤B4HQ99,113.892197,22.569599,935
粤B4HQ99,113.893402,22.568501,935
粤B4HQ99,113.895103,22.5667,936
粤B4HQ99,113.896797,22.565001,936
粤B4HQ99,113.897003,22.564899,937
粤B4HQ99,113.897301,22.564899,937
粤B4HQ99,113.899498,22.5667,938
粤B4HQ99,113.899101,22.566401,938
粤B4HQ99,113.901703,22.568701,939
粤B4HQ99,113.900299,22.567499,939
粤B4HQ99,113.901703,22.568701,940
粤B4HQ99,113.901703,22.568701,940
粤B4HQ99,113.901802,22.568899,941
粤B4HQ99,113.900803,22.570499,941
粤B4HQ99,113.899597,22.5718,942
粤B4HQ99,113.899597,22.5718,942
粤B4HQ99,113.896301,22.575001,943
粤B4HQ99,113.898697,22.572599,943
粤B4HQ99,113.896301,22.5751,944
粤B4HQ99,113.896301,22.5751,944
粤B4HQ99,113.895103,22.5762,945
粤B4HQ99,113.896301,22.5751,945
粤B4HQ99,113.8927,22.579399,946
粤B4HQ99,113.8927,22.578699,946
粤B4HQ99,113.888901,22.582399,947
粤B4HQ99,113.890404,22.5809,947
粤B4HQ99,113.888603,22.5826,948
粤B4HQ99,113.888802,22.5826,948
粤B4HQ99,113.884499,22.5868,949
粤B4HQ99,113.886597,22.5847,949
粤B4HQ99,113.884499,22.5868,950
粤B4HQ99,113.884499,22.5868,950
粤B4HQ99,113.884499,22.5868,951
粤B4HQ99,113.884499,22.5868,951
粤B4HQ99,113.886703,22.584499,952
粤B4HQ99,113.885803,22.5854,952
粤B4HQ99,113.888199,22.583099,953
粤B4HQ99,113.890297,22.5844,953
粤B4HQ99,113.893898,22.584999,954
粤B4HQ99,113.892899,22.5849,954
粤B4HQ99,113.894798,22.583401,954
粤B4HQ99,113.895699,22.5825,955
粤B4HQ99,113.8964,22.5819,955
粤B4HQ99,113.897598,22.580601,956
粤B4HQ99,113.8993,22.5783,956
粤B4HQ99,113.896103,22.575701,957
粤B4HQ99,113.897003,22.5763,957
粤B4HQ99,113.896103,22.575701,958
粤B4HQ99,113.896103,22.575701,958
粤B4HQ99,113.894096,22.573799,959
粤B4HQ99,113.895699,22.5753,959
粤B4HQ99,113.893997,22.572001,960
粤B4HQ99,113.893303,22.573099,960
粤B4HQ99,113.896004,22.569901,961
粤B4HQ99,113.8946,22.5681,961
粤B4HQ99,113.8918,22.566601,962
粤B4HQ99,113.891701,22.566099,962
粤B4HQ99,113.891602,22.5658,963
粤B4HQ99,113.890099,22.564301,963
粤B4HQ99,113.890099,22.564301,964
粤B4HQ99,113.890099,22.564301,964
粤B4HQ99,113.889999,22.564301,965
粤B4HQ99,113.887398,22.562,966
粤B4HQ99,113.886902,22.561199,968
粤B4HQ99,113.888802,22.5592,969
粤B4HQ99,113.8899,22.5501,971
粤B4HQ99,113.888,22.552299,971
粤B4HQ99,113.887398,22.5502,972
粤B4HQ99,113.884399,22.5518,973
粤B4HQ99,113.886398,22.5508,973
粤B4HQ99,113.880699,22.552999,974
粤B4HQ99,113.8806,22.5548,975
粤B4HQ99,113.8806,22.555901,975
粤B4HQ99,113.876602,22.556801,976
粤B4HQ99,113.879204,22.556299,976
粤B4HQ99,113.875801,22.557501,977
粤B4HQ99,113.874496,22.5569,977
粤B4HQ99,113.8722,22.556499,978
粤B4HQ99,113.869797,22.5588,978
粤B4HQ99,113.8629,22.562901,979
粤B4HQ99,113.866203,22.5625,979
粤B4HQ99,113.861099,22.5632,980
粤B4HQ99,113.859901,22.564301,980
粤B4HQ99,113.859901,22.564301,981
粤B4HQ99,113.855202,22.568199,982
粤B4HQ99,113.856903,22.566601,982
粤B4HQ99,113.8536,22.569401,983
粤B4HQ99,113.8536,22.569401,983
粤B4HQ99,113.851501,22.5711,984
粤B4HQ99,113.8536,22.569401,984
粤B4HQ99,113.849998,22.5723,985
粤B4HQ99,113.847702,22.5744,986
粤B4HQ99,113.845703,22.5758,986
粤B4HQ99,113.845299,22.576,987
粤B4HQ99,113.844597,22.575001,987
粤B4HQ99,113.8452,22.5763,988
粤B4HQ99,113.844597,22.575001,988
粤B4HQ99,113.844597,22.575001,988
粤B4HQ99,113.844101,22.577101,989
粤B4HQ99,113.844101,22.577101,989
粤B4HQ99,113.845802,22.575701,990
粤B4HQ99,113.847603,22.5739,990
粤B4HQ99,113.850197,22.5721,991
粤B4HQ99,113.850304,22.572001,991
粤B4HQ99,113.852402,22.5737,992
粤B4HQ99,113.851097,22.572399,992
粤B4HQ99,113.853897,22.5753,993
粤B4HQ99,113.8573,22.573,995
粤B4HQ99,113.8564,22.5737,995
粤B4HQ99,113.860603,22.570499,996
粤B4HQ99,113.861702,22.5697,997
粤B4HQ99,113.861702,22.5697,997
粤B4HQ99,113.863701,22.569099,998
粤B4HQ99,113.862602,22.569099,998
粤B4HQ99,113.865601,22.5716,999
粤B4HQ99,113.865601,22.5716,999
粤B4HQ99,113.8666,22.573,1000
粤B4HQ99,113.865601,22.5716,1000
粤B4HQ99,113.868599,22.5758,1001
粤B4HQ99,113.868698,22.575899,1001
粤B4HQ99,113.866402,22.5784,1002
粤B4HQ99,113.868797,22.5765,1002
粤B4HQ99,113.864304,22.5802,1003
粤B4HQ99,113.8647,22.5816,1003
粤B4HQ99,113.865898,22.5825,1004
粤B4HQ99,113.866997,22.583599,1004
粤B4HQ99,113.869102,22.5853,1005
粤B4HQ99,113.871597,22.587,1005
粤B4HQ99,113.874298,22.584801,1006
粤B4HQ99,113.872803,22.586599,1006
粤B4HQ99,113.8778,22.5811,1007
粤B4HQ99,113.876099,22.5828,1007
粤B4HQ99,113.879097,22.5798,1008
粤B4HQ99,113.879303,22.579599,1008
粤B4HQ99,113.879303,22.579599,1009
粤B4HQ99,113.879303,22.579599,1010
粤B4HQ99,113.879303,22.579599,1010
粤B4HQ99,113.880898,22.5781,1011
粤B4HQ99,113.879303,22.579599,1011
粤B4HQ99,113.879898,22.5758,1012
粤B4HQ99,113.879204,22.575199,1013
粤B4HQ99,113.880302,22.576,1014
粤B4HQ99,113.883202,22.578501,1014
粤B4HQ99,113.885002,22.579901,1015
粤B4HQ99,113.880096,22.591101,1029
粤B4HQ99,113.880096,22.591101,1030
粤B4HQ99,113.880096,22.591101,1030
粤B4HQ99,113.878899,22.592199,1031
粤B4HQ99,113.878601,22.5919,1032
粤B4HQ99,113.878601,22.5919,1032
粤B4HQ99,113.878601,22.5919,1033
粤B4HQ99,113.878601,22.5919,1033
粤B4HQ99,113.878601,22.5919,1034
粤B4HQ99,113.878601,22.5919,1034
粤B4HQ99,113.878601,22.5919,1035
粤B4HQ99,113.878601,22.5919,1035
粤B4HQ99,113.878601,22.5919,1036
粤B4HQ99,113.878601,22.5919,1036
粤B4HQ99,113.878601,22.5919,1037
粤B4HQ99,113.883598,22.5875,1038
粤B4HQ99,113.880699,22.590401,1038
粤B4HQ99,113.884903,22.587299,1039
粤B4HQ99,113.887604,22.588499,1040
粤B4HQ99,113.887802,22.588499,1040
粤B4HQ99,113.888,22.5886,1041
粤B4HQ99,113.889702,22.589199,1041
粤B4HQ99,113.8909,22.586201,1042
粤B4HQ99,113.890602,22.587099,1042
粤B4HQ99,113.891296,22.5847,1043
粤B4HQ99,113.891296,22.5849,1043
粤B4HQ99,113.891296,22.5847,1044
粤B4HQ99,113.891296,22.5847,1044
粤B4HQ99,113.891296,22.5847,1045
粤B4HQ99,113.891296,22.5847,1046
粤B4HQ99,113.891296,22.5847,1046
粤B4HQ99,113.891296,22.5847,1047
粤B4HQ99,113.891296,22.5847,1047
粤B4HQ99,113.891296,22.5847,1048
粤B4HQ99,113.891296,22.5847,1048
粤B4HQ99,113.891296,22.5847,1049
粤B4HQ99,113.891296,22.5847,1049
粤B4HQ99,113.890602,22.584499,1050
粤B4HQ99,113.889397,22.585899,1050
粤B4HQ99,113.888397,22.5882,1051
粤B4HQ99,113.888298,22.5882,1051
粤B4HQ99,113.8843,22.587099,1052
粤B4HQ99,113.8862,22.587999,1052
粤B4HQ99,113.881203,22.59,1053
粤B4HQ99,113.880997,22.5902,1053
粤B4HQ99,113.880096,22.589899,1054
粤B4HQ99,113.877701,22.587999,1054
粤B4HQ99,113.875198,22.586599,1055
粤B4HQ99,113.8759,22.586599,1055
粤B4HQ99,113.8759,22.586599,1055
粤B4HQ99,113.874199,22.5867,1056
粤B4HQ99,113.872803,22.587099,1056
粤B4HQ99,113.8713,22.5872,1057
粤B4HQ99,113.872398,22.5889,1057
粤B4HQ99,113.866997,22.5842,1058
粤B4HQ99,113.8685,22.5853,1058
粤B4HQ99,113.865501,22.583099,1059
粤B4HQ99,113.864799,22.5823,1059
粤B4HQ99,113.864304,22.5818,1060
粤B4HQ99,113.864197,22.5816,1060
粤B4HQ99,113.864197,22.5816,1061
粤B4HQ99,113.864197,22.5816,1061
粤B4HQ99,113.864197,22.5816,1062
粤B4HQ99,113.864098,22.581499,1062
粤B4HQ99,113.859802,22.577,1063
粤B4HQ99,113.862198,22.579399,1063
粤B4HQ99,113.859802,22.577,1064
粤B4HQ99,113.859802,22.577,1064
粤B4HQ99,113.859703,22.5769,1065
粤B4HQ99,113.859802,22.577,1065
粤B4HQ99,113.8573,22.574301,1066
粤B4HQ99,113.857697,22.572599,1067
粤B4HQ99,113.858299,22.572201,1067
粤B4HQ99,113.859901,22.5709,1068
粤B4HQ99,113.859901,22.5709,1068
粤B4HQ99,113.862396,22.569201,1069
粤B4HQ99,113.862999,22.5688,1069
粤B4HQ99,113.862999,22.5688,1070
粤B4HQ99,113.862999,22.5688,1070
粤B4HQ99,113.860603,22.570601,1071
粤B4HQ99,113.862999,22.568899,1071
粤B4HQ99,113.860199,22.5709,1072
粤B4HQ99,113.857903,22.572701,1072
粤B4HQ99,113.856903,22.5735,1073
粤B4HQ99,113.856903,22.5735,1074
粤B4HQ99,113.855003,22.5751,1075
粤B4HQ99,113.856903,22.5735,1075
粤B4HQ99,113.854401,22.5756,1076
粤B4HQ99,113.854401,22.5756,1076
粤B4HQ99,113.854401,22.5756,1077
粤B4HQ99,113.852997,22.5767,1077
粤B4HQ99,113.854202,22.580799,1078
粤B4HQ99,113.851997,22.578501,1078
粤B4HQ99,113.854401,22.580999,1079
粤B4HQ99,113.854401,22.580999,1079
粤B4HQ99,113.855202,22.5818,1080
粤B4HQ99,113.854401,22.580999,1080
粤B4HQ99,113.856499,22.5832,1081
粤B4HQ99,113.856598,22.5833,1081
粤B4HQ99,113.857201,22.584,1082
粤B4HQ99,113.857201,22.584,1082
粤B4HQ99,113.861702,22.5823,1083
粤B4HQ99,113.858398,22.5849,1083
粤B4HQ99,113.862198,22.5795,1084
粤B4HQ99,113.860901,22.5781,1084
粤B4HQ99,113.860901,22.5781,1085
粤B4HQ99,113.860199,22.5774,1086
粤B4HQ99,113.860298,22.5762,1086
粤B4HQ99,113.862999,22.5741,1087
粤B4HQ99,113.8638,22.5734,1088
粤B4HQ99,113.865402,22.571899,1088
粤B4HQ99,113.8647,22.570801,1089
粤B4HQ99,113.8647,22.570801,1089
粤B4HQ99,113.8647,22.570801,1090
粤B4HQ99,113.8647,22.570801,1090
粤B4HQ99,113.864601,22.570601,1091
粤B4HQ99,113.863899,22.5697,1091
粤B4HQ99,113.863602,22.569401,1092
粤B4HQ99,113.863701,22.5695,1092
粤B4HQ99,113.862,22.569599,1093
粤B4HQ99,113.863403,22.569099,1093
粤B4HQ99,113.861603,22.569901,1094
粤B4HQ99,113.860397,22.570801,1094
粤B4HQ99,113.8573,22.5732,1095
粤B4HQ99,113.860001,22.570999,1095
粤B4HQ99,113.857101,22.5735,1096
粤B4HQ99,113.857101,22.5735,1096
粤B4HQ99,113.857101,22.5735,1097
粤B4HQ99,113.857101,22.5735,1097
粤B4HQ99,113.855103,22.575001,1098
粤B4HQ99,113.854401,22.5755,1099
粤B4HQ99,113.854401,22.5755,1099
粤B4HQ99,113.854103,22.5756,1100
粤B4HQ99,113.854401,22.5755,1100
粤B4HQ99,113.851898,22.573299,1101
粤B4HQ99,113.8507,22.5721,1101
粤B4HQ99,113.8507,22.5721,1102
粤B4HQ99,113.849503,22.570801,1102
粤B4HQ99,113.8489,22.5702,1103
粤B4HQ99,113.848801,22.5702,1103
粤B4HQ99,113.848801,22.5702,1103
粤B4HQ99,113.848999,22.5702,1104
粤B4HQ99,113.850098,22.571301,1104
粤B4HQ99,113.851303,22.5711,1105
粤B4HQ99,113.852303,22.5693,1105
粤B4HQ99,113.849899,22.5667,1106
粤B4HQ99,113.848396,22.565201,1106
粤B4HQ99,113.844398,22.568899,1107
粤B4HQ99,113.847,22.564899,1107
粤B4HQ99,113.837303,22.576799,1108
粤B4HQ99,113.841599,22.573299,1108
粤B4HQ99,113.833099,22.5804,1109
粤B4HQ99,113.8311,22.5926,1110
粤B4HQ99,113.833702,22.5881,1110
粤B4HQ99,113.829697,22.598,1111
粤B4HQ99,113.829002,22.6017,1111
粤B4HQ99,113.826698,22.607901,1112
粤B4HQ99,113.827698,22.6047,1112
粤B4HQ99,113.826698,22.609501,1113
粤B4HQ99,113.825302,22.611601,1113
粤B4HQ99,113.824303,22.614,1114
粤B4HQ99,113.830101,22.617399,1115
粤B4HQ99,113.826599,22.615801,1115
粤B4HQ99,113.8181,22.6122,1116
粤B4HQ99,113.822197,22.6136,1116
粤B4HQ99,113.813301,22.619499,1117
粤B4HQ99,113.815498,22.6154,1117
粤B4HQ99,113.812202,22.623301,1118
粤B4HQ99,113.812302,22.626801,1118
粤B4HQ99,113.809799,22.627701,1119
粤B4HQ99,113.809402,22.627501,1119
粤B4HQ99,113.809402,22.627501,1119
粤B4HQ99,113.809402,22.627501,1120
粤B4HQ99,113.809402,22.627501,1120
粤B4HQ99,113.809402,22.627501,1121
粤B4HQ99,113.809097,22.627399,1121
粤B4HQ99,113.808403,22.6271,1122
粤B4HQ99,113.808701,22.627199,1122
粤B4HQ99,113.806099,22.6257,1123
粤B4HQ99,113.807999,22.626801,1123
粤B4HQ99,113.8078,22.621901,1124
粤B4HQ99,113.810204,22.6175,1124
粤B4HQ99,113.815903,22.6101,1125
粤B4HQ99,113.812798,22.612801,1125
粤B4HQ99,113.820602,22.612801,1126
粤B4HQ99,113.818604,22.6105,1126
粤B4HQ99,113.828796,22.6166,1127
粤B4HQ99,113.824699,22.6147,1127
粤B4HQ99,113.834801,22.6196,1128
粤B4HQ99,113.832603,22.6182,1128
粤B4HQ99,113.833504,22.623699,1129
粤B4HQ99,113.832497,22.627701,1130
粤B4HQ99,113.831497,22.630301,1130
粤B4HQ99,113.831398,22.630501,1131
粤B4HQ99,113.831398,22.630501,1131
粤B4HQ99,113.830597,22.6318,1132
粤B4HQ99,113.831398,22.630501,1132
粤B4HQ99,113.823997,22.6392,1133
粤B4HQ99,113.827904,22.635401,1133
粤B4HQ99,113.8209,22.6469,1134
粤B4HQ99,113.822403,22.6432,1134
粤B4HQ99,113.818199,22.6513,1135
粤B4HQ99,113.820099,22.648399,1135
粤B4HQ99,113.820099,22.648399,1135
粤B4HQ99,113.817101,22.6525,1135
粤B4HQ99,113.816803,22.653,1136
粤B4HQ99,113.816803,22.653,1136
粤B4HQ99,113.816803,22.653,1137
粤B4HQ99,113.832703,22.6259,1143
粤B4HQ99,113.8339,22.621099,1143
粤B4HQ99,113.834801,22.6189,1144
粤B4HQ99,113.834297,22.620001,1144
粤B4HQ99,113.835503,22.6171,1145
粤B4HQ99,113.835503,22.6171,1145
粤B4HQ99,113.837502,22.6131,1146
粤B4HQ99,113.836502,22.614901,1146
粤B4HQ99,113.837502,22.613001,1147
粤B4HQ99,113.837502,22.613001,1147
粤B4HQ99,113.837502,22.613501,1148
粤B4HQ99,113.835297,22.618299,1148
粤B4HQ99,113.834999,22.619101,1149
粤B4HQ99,113.834999,22.619101,1149
粤B4HQ99,113.834999,22.619101,1150
粤B4HQ99,113.834999,22.619101,1150
粤B4HQ99,113.829399,22.6171,1151
粤B4HQ99,113.8339,22.619301,1151
粤B4HQ99,113.819801,22.6126,1152
粤B4HQ99,113.8246,22.614799,1152
粤B4HQ99,113.813301,22.6194,1153
粤B4HQ99,113.816002,22.614401,1153
粤B4HQ99,113.8125,22.6238,1154
粤B4HQ99,113.8116,22.627899,1154
粤B4HQ99,113.809799,22.6278,1155
粤B4HQ99,113.809601,22.6276,1155
粤B4HQ99,113.809601,22.6276,1156
粤B4HQ99,113.808601,22.627199,1156
粤B4HQ99,113.807999,22.626801,1157
粤B4HQ99,113.807999,22.626801,1157
粤B4HQ99,113.807999,22.626801,1158
粤B4HQ99,113.806396,22.625999,1158
粤B4HQ99,113.807198,22.6224,1159
粤B4HQ99,113.808296,22.621201,1159
粤B4HQ99,113.810097,22.6234,1160
粤B4HQ99,113.812202,22.6243,1160
粤B4HQ99,113.8134,22.624399,1161
粤B4HQ99,113.812202,22.622999,1161
粤B4HQ99,113.813499,22.624701,1162
粤B4HQ99,113.813499,22.624701,1162
粤B4HQ99,113.813499,22.624701,1163
粤B4HQ99,113.813499,22.624701,1163
粤B4HQ99,113.813499,22.624701,1164
粤B4HQ99,113.813499,22.624701,1164
粤B4HQ99,113.813499,22.624701,1165
粤B4HQ99,113.813499,22.624701,1165
粤B4HQ99,113.813499,22.624701,1166
粤B4HQ99,113.813499,22.624701,1166
粤B4HQ99,113.813499,22.624701,1167
粤B4HQ99,113.813499,22.624701,1167
粤B4HQ99,113.813499,22.624701,1168
粤B4HQ99,113.813499,22.624701,1168
粤B4HQ99,113.813499,22.624701,1169
粤B4HQ99,113.813499,22.624701,1169
粤B4HQ99,113.813499,22.624701,1170
粤B4HQ99,113.813499,22.624701,1170
粤B4HQ99,113.813499,22.624701,1171
粤B4HQ99,113.813499,22.624701,1171
粤B4HQ99,113.813499,22.624701,1172
粤B4HQ99,113.813499,22.624701,1172
粤B4HQ99,113.813499,22.624701,1173
粤B4HQ99,113.813499,22.624701,1173
粤B4HQ99,113.813499,22.624701,1174
粤B4HQ99,113.813499,22.624701,1174
粤B4HQ99,113.813499,22.624701,1175
粤B4HQ99,113.813499,22.624701,1175
粤B4HQ99,113.813499,22.624701,1176
粤B4HQ99,113.813499,22.624701,1176
粤B4HQ99,113.813499,22.624701,1177
粤B4HQ99,113.813499,22.624701,1177
粤B4HQ99,113.813499,22.624701,1178
粤B4HQ99,113.813499,22.624701,1178
粤B4HQ99,113.813499,22.624701,1179
粤B4HQ99,113.813499,22.624701,1179
粤B4HQ99,113.813499,22.624701,1180
粤B4HQ99,113.813499,22.624701,1180
粤B4HQ99,113.813499,22.624701,1181
粤B4HQ99,113.813499,22.624701,1181
粤B4HQ99,113.813499,22.624701,1182
粤B4HQ99,113.813499,22.624701,1182
粤B4HQ99,113.813499,22.624701,1183
粤B4HQ99,113.813499,22.624701,1183
粤B4HQ99,113.813499,22.624701,1184
粤B4HQ99,113.813499,22.624701,1184
粤B4HQ99,113.813499,22.624701,1185
粤B4HQ99,113.813499,22.624701,1186
粤B4HQ99,113.813499,22.624701,1186
粤B4HQ99,113.813499,22.624701,1187
粤B4HQ99,113.813499,22.624701,1187
粤B4HQ99,113.813499,22.624701,1188
粤B4HQ99,113.813499,22.624701,1188
粤B4HQ99,113.813499,22.624701,1189
粤B4HQ99,113.813499,22.624701,1189
粤B4HQ99,113.813499,22.624701,1190
粤B4HQ99,113.813499,22.624701,1190
粤B4HQ99,113.813499,22.624701,1191
粤B4HQ99,113.813499,22.624701,1191
粤B4HQ99,113.813499,22.624701,1192
粤B4HQ99,113.813499,22.624701,1192
粤B4HQ99,113.813499,22.624701,1193
粤B4HQ99,113.813499,22.624701,1193
粤B4HQ99,113.813499,22.624701,1194
粤B4HQ99,113.813499,22.624701,1194
粤B4HQ99,113.813499,22.624701,1195
粤B4HQ99,113.813499,22.624701,1195
粤B4HQ99,113.813499,22.624701,1196
粤B4HQ99,113.813499,22.624701,1196
粤B4HQ99,113.813499,22.624701,1197
粤B4HQ99,113.813499,22.624701,1197
粤B4HQ99,113.813499,22.624701,1198
粤B4HQ99,113.813499,22.624701,1198
粤B4HQ99,113.813499,22.624701,1199
粤B4HQ99,113.813499,22.624701,1199
粤B4HQ99,113.813499,22.624701,1200
粤B4HQ99,113.813499,22.624701,1200
粤B4HQ99,113.813499,22.624701,1201
粤B4HQ99,113.813499,22.624701,1202
粤B4HQ99,113.813499,22.624701,1202
粤B4HQ99,113.813499,22.624701,1203
粤B4HQ99,113.813499,22.624701,1203
粤B4HQ99,113.813499,22.624701,1204
粤B4HQ99,113.813499,22.624701,1204
粤B4HQ99,113.813499,22.624701,1205
粤B4HQ99,113.813499,22.624701,1205
粤B4HQ99,113.813499,22.624701,1206
粤B4HQ99,113.813499,22.624701,1206
粤B4HQ99,113.813499,22.624701,1207
粤B4HQ99,113.813499,22.624701,1207
粤B4HQ99,113.813499,22.624701,1208
粤B4HQ99,113.813499,22.624701,1208
粤B4HQ99,113.813499,22.624701,1209
粤B4HQ99,113.813499,22.624701,1210
粤B4HQ99,113.813499,22.624701,1210
粤B4HQ99,113.813499,22.624701,1211
粤B4HQ99,113.813499,22.624701,1211
粤B4HQ99,113.813499,22.624701,1212
粤B4HQ99,113.813499,22.624701,1212
粤B4HQ99,113.813499,22.624701,1213
粤B4HQ99,113.813499,22.624701,1213
粤B4HQ99,113.813499,22.624701,1214
粤B4HQ99,113.813499,22.624701,1214
粤B4HQ99,113.813499,22.624701,1215
粤B4HQ99,113.813499,22.624701,1215
粤B4HQ99,113.813499,22.624701,1216
粤B4HQ99,113.813499,22.624701,1217
粤B4HQ99,113.813499,22.624701,1218
粤B4HQ99,113.813499,22.624701,1219
粤B4HQ99,113.813499,22.624701,1220
粤B4HQ99,113.813499,22.624701,1221
粤B4HQ99,113.813499,22.624701,1221
粤B4HQ99,113.8134,22.625099,1222
粤B4HQ99,113.813499,22.624701,1222
粤B4HQ99,113.8134,22.625099,1223
粤B4HQ99,113.8134,22.625099,1223
粤B4HQ99,113.8134,22.625099,1224
粤B4HQ99,113.8134,22.625099,1224
粤B4HQ99,113.8134,22.625099,1225
粤B4HQ99,113.8134,22.625099,1225
粤B4HQ99,113.8134,22.625099,1226
粤B4HQ99,113.8134,22.625099,1226
粤B4HQ99,113.8134,22.625099,1227
粤B4HQ99,113.8134,22.625099,1227
粤B4HQ99,113.8134,22.625099,1228
粤B4HQ99,113.8134,22.625099,1228
粤B4HQ99,113.8134,22.625099,1229
粤B4HQ99,113.8134,22.625099,1229
粤B4HQ99,113.8134,22.625099,1230
粤B4HQ99,113.8134,22.625099,1230
粤B4HQ99,113.8134,22.625099,1231
粤B4HQ99,113.8134,22.625099,1231
粤B4HQ99,113.8134,22.625099,1232
粤B4HQ99,113.8134,22.625099,1232
粤B4HQ99,113.8134,22.625099,1233
粤B4HQ99,113.8134,22.625099,1233
粤B4HQ99,113.8134,22.625099,1234
粤B4HQ99,113.8134,22.625099,1234
粤B4HQ99,113.812401,22.627001,1235
粤B4HQ99,113.812698,22.6264,1235
粤B4HQ99,113.812401,22.627001,1236
粤B4HQ99,113.812401,22.627001,1236
粤B4HQ99,113.812401,22.627001,1237
粤B4HQ99,113.812401,22.627001,1237
粤B4HQ99,113.812401,22.627001,1238
粤B4HQ99,113.812401,22.627001,1238
粤B4HQ99,113.812401,22.627001,1239
粤B4HQ99,113.812401,22.627001,1239
粤B4HQ99,113.812401,22.627001,1240
粤B4HQ99,113.812401,22.627001,1240
粤B4HQ99,113.812401,22.627001,1241
粤B4HQ99,113.812401,22.627001,1241
粤B4HQ99,113.812401,22.627001,1242
粤B4HQ99,113.812401,22.627001,1242
粤B4HQ99,113.812401,22.627001,1243
粤B4HQ99,113.812401,22.627001,1243
粤B4HQ99,113.811302,22.628099,1244
粤B4HQ99,113.812401,22.627001,1244
粤B4HQ99,113.811096,22.628099,1245
粤B4HQ99,113.811096,22.628099,1245
粤B4HQ99,113.811096,22.628099,1246
粤B4HQ99,113.811096,22.628099,1246
粤B4HQ99,113.811096,22.628099,1247
粤B4HQ99,113.811096,22.628099,1247
粤B4HQ99,113.811096,22.628099,1248
粤B4HQ99,113.811096,22.628099,1248
粤B4HQ99,113.811096,22.628099,1249
粤B4HQ99,113.811096,22.628099,1249
粤B4HQ99,113.810898,22.627899,1250
粤B4HQ99,113.811096,22.628099,1250
粤B4HQ99,113.8097,22.627399,1251
粤B4HQ99,113.8097,22.627399,1251
粤B4HQ99,113.8097,22.627399,1252
粤B4HQ99,113.8097,22.627399,1252
粤B4HQ99,113.8097,22.627399,1253
粤B4HQ99,113.809998,22.6266,1253
粤B4HQ99,113.809998,22.6266,1254
粤B4HQ99,113.809998,22.6266,1254
粤B4HQ99,113.8069,22.6241,1255
粤B4HQ99,113.809998,22.6178,1256
粤B4HQ99,113.8125,22.6134,1257
粤B4HQ99,113.819,22.610901,1258
粤B4HQ99,113.822502,22.6136,1258
粤B4HQ99,113.832497,22.618401,1259
粤B4HQ99,113.8274,22.6159,1259
粤B4HQ99,113.843002,22.6215,1260
粤B4HQ99,113.838097,22.6203,1260
粤B4HQ99,113.847198,22.622601,1261
粤B4HQ99,113.848801,22.6213,1261
粤B4HQ99,113.850197,22.619801,1262
粤B4HQ99,113.850403,22.6175,1263
粤B4HQ99,113.853699,22.6196,1263
粤B4HQ99,113.854698,22.620399,1264
粤B4HQ99,113.854301,22.6201,1264
粤B4HQ99,113.855499,22.621,1265
粤B4HQ99,113.8564,22.6215,1265
粤B4HQ99,113.856598,22.6217,1266
粤B4HQ99,113.856598,22.6217,1266
粤B4HQ99,113.857201,22.6215,1267
粤B4HQ99,113.857498,22.620501,1267
粤B4HQ99,113.857498,22.620501,1268
粤B4HQ99,113.857498,22.620501,1268
粤B4HQ99,113.8563,22.6189,1269
粤B4HQ99,113.857399,22.619301,1269
粤B4HQ99,113.855698,22.618999,1270
粤B4HQ99,113.8563,22.6189,1270
粤B4HQ99,113.855202,22.6203,1271
粤B4HQ99,113.855202,22.6203,1271
粤B4HQ99,113.850601,22.6178,1272
粤B4HQ99,113.853897,22.6201,1272
粤B4HQ99,113.850998,22.618799,1273
粤B4HQ99,113.852203,22.616899,1273
粤B4HQ99,113.853104,22.6154,1274
粤B4HQ99,113.852898,22.614901,1274
粤B4HQ99,113.849503,22.6147,1275
粤B4HQ99,113.851402,22.614201,1275
粤B4HQ99,113.845001,22.6129,1276
粤B4HQ99,113.846901,22.613701,1276
粤B4HQ99,113.843498,22.612301,1277
粤B4HQ99,113.840698,22.611099,1277
粤B4HQ99,113.838699,22.6112,1278
粤B4HQ99,113.836998,22.614599,1278
粤B4HQ99,113.834198,22.6194,1279
粤B4HQ99,113.835098,22.6187,1279
粤B4HQ99,113.8311,22.618,1280
粤B4HQ99,113.826202,22.615499,1280
粤B4HQ99,113.820801,22.613001,1281
粤B4HQ99,113.816597,22.6134,1281
粤B4HQ99,113.811897,22.622601,1282
粤B4HQ99,113.814201,22.617701,1282
粤B4HQ99,113.809898,22.6278,1283
粤B4HQ99,113.812401,22.6266,1283
粤B4HQ99,113.809196,22.627399,1284
粤B4HQ99,113.8078,22.626699,1285
粤B4HQ99,113.805901,22.624701,1286
粤B4HQ99,113.807198,22.6264,1286
粤B4HQ99,113.808098,22.621599,1287
粤B4HQ99,113.807503,22.621901,1287
粤B4HQ99,113.811996,22.6231,1288
粤B4HQ99,113.8106,22.6236,1288
粤B4HQ99,113.812798,22.6231,1289
粤B4HQ99,113.813103,22.6234,1289
粤B4HQ99,113.8134,22.6243,1290
粤B4HQ99,113.8134,22.6243,1290
粤B4HQ99,113.8134,22.6243,1291
粤B4HQ99,113.8134,22.6243,1291
粤B4HQ99,113.8134,22.6243,1292
粤B4HQ99,113.8134,22.6243,1292
粤B4HQ99,113.8134,22.6243,1293
粤B4HQ99,113.8134,22.6243,1293
粤B4HQ99,113.8134,22.6243,1302
粤B4HQ99,113.8134,22.6243,1303
粤B4HQ99,113.8134,22.6243,1305
粤B4HQ99,113.8134,22.6243,1306
粤B4HQ99,113.8134,22.6243,1307
粤B4HQ99,113.8134,22.6243,1307
粤B4HQ99,113.8134,22.6243,1308
粤B4HQ99,113.8134,22.6243,1309
粤B4HQ99,113.8134,22.6243,1309
粤B4HQ99,113.8134,22.6243,1310
粤B4HQ99,113.8134,22.6243,1310
粤B4HQ99,113.8134,22.6243,1311
粤B4HQ99,113.8134,22.6243,1312
粤B4HQ99,113.8134,22.6243,1312
粤B4HQ99,113.8134,22.6243,1313
粤B4HQ99,113.8134,22.6243,1313
粤B4HQ99,113.8134,22.6243,1314
粤B4HQ99,113.8134,22.6243,1314
粤B4HQ99,113.8134,22.6243,1315
粤B4HQ99,113.8134,22.6243,1315
粤B4HQ99,113.8134,22.6243,1316
粤B4HQ99,113.8134,22.6243,1316
粤B4HQ99,113.8134,22.6243,1317
粤B4HQ99,113.8134,22.6243,1317
粤B4HQ99,113.8134,22.6243,1318
粤B4HQ99,113.8134,22.6243,1318
粤B4HQ99,113.8134,22.6243,1319
粤B4HQ99,113.8134,22.6243,1326
粤B4HQ99,113.8134,22.6243,1326
粤B4HQ99,113.8134,22.6243,1329
粤B4HQ99,113.8134,22.6243,1329
粤B4HQ99,113.8134,22.6243,1330
粤B4HQ99,113.8134,22.6243,1331
粤B4HQ99,113.8134,22.6243,1331
粤B4HQ99,113.8134,22.6243,1332
粤B4HQ99,113.8134,22.6243,1332
粤B4HQ99,113.8134,22.6243,1333
粤B4HQ99,113.8134,22.6243,1333
粤B4HQ99,113.8134,22.6243,1334
粤B4HQ99,113.8134,22.6243,1334
粤B4HQ99,113.8134,22.6243,1335
粤B4HQ99,113.8134,22.6243,1335
粤B4HQ99,113.8134,22.6243,1336
粤B4HQ99,113.8134,22.6243,1337
粤B4HQ99,113.8134,22.6243,1337
粤B4HQ99,113.8134,22.6243,1338
粤B4HQ99,113.8134,22.6243,1338
粤B4HQ99,113.8134,22.6243,1339
粤B4HQ99,113.8134,22.6243,1339
粤B4HQ99,113.8134,22.6243,1340
粤B4HQ99,113.8134,22.6243,1340
粤B4HQ99,113.8134,22.6243,1341
粤B4HQ99,113.8134,22.6243,1341
粤B4HQ99,113.8134,22.6243,1342
粤B4HQ99,113.8134,22.6243,1342
粤B4HQ99,113.8134,22.6243,1343
粤B4HQ99,113.8134,22.6243,1343
粤B4HQ99,113.8134,22.6243,1344
粤B4HQ99,113.8134,22.6243,1344
粤B4HQ99,113.8134,22.6243,1345
粤B4HQ99,113.8134,22.6243,1345
粤B4HQ99,113.813499,22.6245,1346
粤B4HQ99,113.813499,22.6245,1346
粤B4HQ99,113.813499,22.6245,1347
粤B4HQ99,113.813499,22.6245,1347
粤B4HQ99,113.813499,22.6245,1348
粤B4HQ99,113.813499,22.6245,1348
粤B4HQ99,113.813499,22.6245,1349
粤B4HQ99,113.813499,22.6245,1349
粤B4HQ99,113.813499,22.6245,1350
粤B4HQ99,113.813499,22.6245,1351
粤B4HQ99,113.813499,22.6245,1351
粤B4HQ99,113.813499,22.6245,1352
粤B4HQ99,113.813499,22.6245,1352
粤B4HQ99,113.813499,22.6245,1353
粤B4HQ99,113.813499,22.6245,1354
粤B4HQ99,113.813499,22.6245,1355
粤B4HQ99,113.813499,22.6245,1356
粤B4HQ99,113.813499,22.6245,1357
粤B4HQ99,113.813499,22.6245,1357
粤B4HQ99,113.813499,22.6245,1358
粤B4HQ99,113.813499,22.6245,1359
粤B4HQ99,113.813499,22.6245,1359
粤B4HQ99,113.813499,22.6245,1360
粤B4HQ99,113.8134,22.625099,1361
粤B4HQ99,113.813103,22.625601,1362
粤B4HQ99,113.813103,22.625601,1362
粤B4HQ99,113.813103,22.625601,1363
粤B4HQ99,113.813103,22.625601,1363
粤B4HQ99,113.813103,22.625601,1364
粤B4HQ99,113.813103,22.625601,1365
粤B4HQ99,113.813103,22.625601,1365
粤B4HQ99,113.813103,22.625601,1366
粤B4HQ99,113.813103,22.625601,1367
粤B4HQ99,113.813103,22.625601,1367
粤B4HQ99,113.813103,22.625601,1368
粤B4HQ99,113.813103,22.625601,1368
粤B4HQ99,113.813103,22.625601,1369
粤B4HQ99,113.813103,22.625601,1369
粤B4HQ99,113.813103,22.625601,1370
粤B4HQ99,113.813103,22.625601,1370
粤B4HQ99,113.813103,22.625601,1371
粤B4HQ99,113.813103,22.625601,1372
粤B4HQ99,113.812599,22.6266,1373
粤B4HQ99,113.811699,22.628,1374
粤B4HQ99,113.811699,22.628,1374
粤B4HQ99,113.811699,22.628,1375
粤B4HQ99,113.811699,22.628,1375
粤B4HQ99,113.811699,22.628,1376
粤B4HQ99,113.8106,22.627701,1376
粤B4HQ99,113.810097,22.627501,1377
粤B4HQ99,113.810097,22.627501,1377
粤B4HQ99,113.810097,22.627501,1378
粤B4HQ99,113.810097,22.627501,1378
粤B4HQ99,113.809799,22.627399,1379
粤B4HQ99,113.809799,22.627399,1379
粤B4HQ99,113.809799,22.626801,1380
粤B4HQ99,113.809799,22.627399,1380
粤B4HQ99,113.809799,22.626801,1381
粤B4HQ99,113.809799,22.626801,1381
粤B4HQ99,113.809799,22.626801,1382
粤B4HQ99,113.809799,22.626801,1382
粤B4HQ99,113.809799,22.626801,1383
粤B4HQ99,113.809799,22.626801,1384
粤B4HQ99,113.809799,22.626801,1384
粤B4HQ99,113.8097,22.625601,1385
粤B4HQ99,113.809799,22.626801,1385
粤B4HQ99,113.8097,22.625601,1385
粤B4HQ99,113.8097,22.625601,1385
粤B4HQ99,113.808296,22.620899,1386
粤B4HQ99,113.8069,22.6231,1386
粤B4HQ99,113.813103,22.6122,1387
粤B4HQ99,113.8106,22.6168,1387
粤B4HQ99,113.820602,22.6127,1388
粤B4HQ99,113.817001,22.610001,1388
粤B4HQ99,113.830597,22.6173,1389
粤B4HQ99,113.8256,22.615101,1389
粤B4HQ99,113.834396,22.619101,1390
粤B4HQ99,113.834297,22.618999,1390
粤B4HQ99,113.834396,22.619101,1391
粤B4HQ99,113.834396,22.619101,1391
粤B4HQ99,113.834396,22.619101,1392
粤B4HQ99,113.834702,22.619699,1392
粤B4HQ99,113.832199,22.628901,1393
粤B4HQ99,113.833199,22.624701,1393
粤B4HQ99,113.831398,22.630501,1394
粤B4HQ99,113.830597,22.6318,1395
粤B4HQ99,113.828598,22.634701,1395
粤B4HQ99,113.824799,22.638201,1396
粤B4HQ99,113.822601,22.642401,1396
粤B4HQ99,113.819801,22.648899,1397
粤B4HQ99,113.821701,22.645399,1397
粤B4HQ99,113.820099,22.648399,1397
粤B4HQ99,113.817802,22.651699,1398
粤B4HQ99,113.816803,22.653,1398
粤B4HQ99,113.818001,22.6514,1398
粤B4HQ99,113.816399,22.6534,1399
粤B4HQ99,113.816498,22.653999,1399
粤B4HQ99,113.8172,22.655001,1400
粤B4HQ99,113.817802,22.6558,1400
粤B4HQ99,113.820702,22.658001,1401
粤B4HQ99,113.819298,22.6576,1401
粤B4HQ99,113.821602,22.658001,1402
粤B4HQ99,113.821602,22.658001,1402
粤B4HQ99,113.821602,22.658001,1403
粤B4HQ99,113.821602,22.658001,1403
粤B4HQ99,113.821602,22.658001,1404
粤B4HQ99,113.828796,22.6467,1407
粤B4HQ99,113.830803,22.6437,1407
粤B4HQ99,113.833504,22.640499,1408
粤B4HQ99,113.840401,22.6332,1409
粤B4HQ99,113.844299,22.627701,1410
粤B4HQ99,113.842598,22.630501,1410
粤B4HQ99,113.844498,22.627199,1411
粤B4HQ99,113.844498,22.627199,1411
粤B4HQ99,113.844498,22.627199,1412
粤B4HQ99,113.844498,22.627199,1412
粤B4HQ99,113.847,22.623301,1413
粤B4HQ99,113.8452,22.625999,1413
粤B4HQ99,113.837799,22.6203,1414
粤B4HQ99,113.843399,22.621799,1414
粤B4HQ99,113.832001,22.618299,1415
粤B4HQ99,113.826698,22.615801,1415
粤B4HQ99,113.821899,22.613501,1416
粤B4HQ99,113.817497,22.612301,1416
粤B4HQ99,113.814697,22.6168,1417
粤B4HQ99,113.811996,22.6217,1417
粤B4HQ99,113.812698,22.626101,1418
粤B4HQ99,113.809898,22.627701,1418
粤B4HQ99,113.808701,22.627199,1419
粤B4HQ99,113.807899,22.626801,1419
粤B4HQ99,113.807503,22.6266,1420
粤B4HQ99,113.807602,22.6266,1420
粤B4HQ99,113.807503,22.6266,1421
粤B4HQ99,113.806,22.6257,1421
粤B4HQ99,113.807297,22.622101,1422
粤B4HQ99,113.808197,22.6213,1422
粤B4HQ99,113.812401,22.623699,1423
粤B4HQ99,113.810097,22.6234,1423
粤B4HQ99,113.812897,22.623199,1424
粤B4HQ99,113.812798,22.6231,1424
粤B4HQ99,113.812897,22.623199,1425
粤B4HQ99,113.812897,22.623199,1425
粤B4HQ99,113.812897,22.623199,1426
粤B4HQ99,113.812897,22.623199,1426
粤B4HQ99,113.812897,22.623199,1427
粤B4HQ99,113.812897,22.623199,1427
粤B4HQ99,113.812897,22.623199,1428
粤B4HQ99,113.812897,22.623199,1428
粤B4HQ99,113.812897,22.623199,1429
粤B4HQ99,113.812897,22.623199,1429
粤B4HQ99,113.812897,22.623199,1430
粤B4HQ99,113.812897,22.623199,1430
粤B4HQ99,113.812897,22.623199,1431
粤B4HQ99,113.812897,22.623199,1431
粤B4HQ99,113.812897,22.623199,1432
粤B4HQ99,113.812897,22.623199,1432
粤B4HQ99,113.812897,22.623199,1433
粤B4HQ99,113.812897,22.623199,1433
粤B4HQ99,113.812897,22.623199,1434
粤B4HQ99,113.812897,22.623199,1434
粤B4HQ99,113.812897,22.623199,1435
粤B4HQ99,113.812897,22.623199,1435
