粤BH1Q66,114.130203,22.6071,7
粤BH1Q66,114.130203,22.6071,7
粤BH1Q66,114.130203,22.6071,9
粤BH1Q66,114.130203,22.6071,10
粤BH1Q66,114.130203,22.6071,10
粤BH1Q66,114.130203,22.6071,13
粤BH1Q66,114.130203,22.6071,13
粤BH1Q66,114.130203,22.6071,14
粤BH1Q66,114.130203,22.6071,14
粤BH1Q66,114.130203,22.6071,16
粤BH1Q66,114.130203,22.6071,18
粤BH1Q66,114.130203,22.6071,18
粤BH1Q66,114.130203,22.6071,18
粤BH1Q66,114.130203,22.6071,20
粤BH1Q66,114.130203,22.6071,20
粤BH1Q66,114.130203,22.6071,21
粤BH1Q66,114.130203,22.6071,21
粤BH1Q66,114.130203,22.6071,22
粤BH1Q66,114.130203,22.6071,23
粤BH1Q66,114.130203,22.6071,24
粤BH1Q66,114.130203,22.6071,25
粤BH1Q66,114.130203,22.6071,27
粤BH1Q66,114.130203,22.6071,28
粤BH1Q66,114.130203,22.6071,29
粤BH1Q66,114.130203,22.6071,30
粤BH1Q66,114.130203,22.6071,31
粤BH1Q66,114.130203,22.6071,31
粤BH1Q66,114.130203,22.6071,32
粤BH1Q66,114.130203,22.6071,32
粤BH1Q66,114.130203,22.6071,32
粤BH1Q66,114.130203,22.6071,34
粤BH1Q66,114.130203,22.6071,34
粤BH1Q66,114.130203,22.6071,35
粤BH1Q66,114.130203,22.6071,35
粤BH1Q66,114.130203,22.6071,35
粤BH1Q66,114.130203,22.6071,38
粤BH1Q66,114.130203,22.6071,39
粤BH1Q66,114.130203,22.6071,39
粤BH1Q66,114.130203,22.6071,40
粤BH1Q66,114.130203,22.6071,41
粤BH1Q66,114.130203,22.6071,42
粤BH1Q66,114.130203,22.6071,42
粤BH1Q66,114.130203,22.6071,42
粤BH1Q66,114.130203,22.6071,44
粤BH1Q66,114.130203,22.6071,45
粤BH1Q66,114.130203,22.6071,45
粤BH1Q66,114.130203,22.6071,46
粤BH1Q66,114.130203,22.6071,46
粤BH1Q66,114.130203,22.6071,48
粤BH1Q66,114.130203,22.6071,49
粤BH1Q66,114.130203,22.6071,49
粤BH1Q66,114.130203,22.6071,50
粤BH1Q66,114.130203,22.6071,51
粤BH1Q66,114.130203,22.6071,52
粤BH1Q66,114.130203,22.6071,52
粤BH1Q66,114.130203,22.6071,53
粤BH1Q66,114.130203,22.6071,53
粤BH1Q66,114.130203,22.6071,54
粤BH1Q66,114.130203,22.6071,55
粤BH1Q66,114.130203,22.6071,56
粤BH1Q66,114.130203,22.6071,57
粤BH1Q66,114.130203,22.6071,59
粤BH1Q66,114.130203,22.6071,59
粤BH1Q66,114.130203,22.6071,60
粤BH1Q66,114.130203,22.6071,60
粤BH1Q66,114.130203,22.6071,62
粤BH1Q66,114.130203,22.6071,63
粤BH1Q66,114.130203,22.6071,63
粤BH1Q66,114.130203,22.6071,63
粤BH1Q66,114.130203,22.6071,64
粤BH1Q66,114.130203,22.6071,64
粤BH1Q66,114.130203,22.6071,64
粤BH1Q66,114.130203,22.6071,65
粤BH1Q66,114.130203,22.6071,67
粤BH1Q66,114.130203,22.6071,68
粤BH1Q66,114.130203,22.6071,68
粤BH1Q66,114.130203,22.6071,68
粤BH1Q66,114.130203,22.6071,70
粤BH1Q66,114.130203,22.6071,70
粤BH1Q66,114.130203,22.6071,74
粤BH1Q66,114.130203,22.6071,75
粤BH1Q66,114.130203,22.6071,75
粤BH1Q66,114.130203,22.6071,75
粤BH1Q66,114.130203,22.6071,77
粤BH1Q66,114.130203,22.6071,77
粤BH1Q66,114.130203,22.6071,77
粤BH1Q66,114.130203,22.6071,78
粤BH1Q66,114.130203,22.6071,78
粤BH1Q66,114.130203,22.6071,79
粤BH1Q66,114.130203,22.6071,80
粤BH1Q66,114.130203,22.6071,80
粤BH1Q66,114.130203,22.6071,81
粤BH1Q66,114.130203,22.6071,81
粤BH1Q66,114.130203,22.6071,81
粤BH1Q66,114.130203,22.6071,82
粤BH1Q66,114.130203,22.6071,82
粤BH1Q66,114.130203,22.6071,84
粤BH1Q66,114.130203,22.6071,85
粤BH1Q66,114.130203,22.6071,85
粤BH1Q66,114.130203,22.6071,89
粤BH1Q66,114.130203,22.6071,89
粤BH1Q66,114.130203,22.6071,91
粤BH1Q66,114.130203,22.6071,91
粤BH1Q66,114.130203,22.6071,92
粤BH1Q66,114.130203,22.6071,92
粤BH1Q66,114.130203,22.6071,93
粤BH1Q66,114.130203,22.6071,94
粤BH1Q66,114.130203,22.6071,95
粤BH1Q66,114.130203,22.6071,95
粤BH1Q66,114.130203,22.6071,96
粤BH1Q66,114.130203,22.6071,98
粤BH1Q66,114.130203,22.6071,99
粤BH1Q66,114.130203,22.6071,99
粤BH1Q66,114.130203,22.6071,103
粤BH1Q66,114.130203,22.6071,103
粤BH1Q66,114.130203,22.6071,103
粤BH1Q66,114.130203,22.6071,105
粤BH1Q66,114.130203,22.6071,106
粤BH1Q66,114.130203,22.6071,106
粤BH1Q66,114.130203,22.6071,107
粤BH1Q66,114.130203,22.6071,107
粤BH1Q66,114.130203,22.6071,109
粤BH1Q66,114.130203,22.6071,109
粤BH1Q66,114.130203,22.6071,109
粤BH1Q66,114.130203,22.6071,110
粤BH1Q66,114.130203,22.6071,110
粤BH1Q66,114.130203,22.6071,111
粤BH1Q66,114.130203,22.6071,113
粤BH1Q66,114.130203,22.6071,114
粤BH1Q66,114.130203,22.6071,114
粤BH1Q66,114.130203,22.6071,116
粤BH1Q66,114.130203,22.6071,116
粤BH1Q66,114.130203,22.6071,117
粤BH1Q66,114.130203,22.6071,117
粤BH1Q66,114.130203,22.6071,118
粤BH1Q66,114.130203,22.6071,118
粤BH1Q66,114.130203,22.6071,120
粤BH1Q66,114.130203,22.6071,120
粤BH1Q66,114.130203,22.6071,120
粤BH1Q66,114.130203,22.6071,121
粤BH1Q66,114.130203,22.6071,121
粤BH1Q66,114.130203,22.6071,122
粤BH1Q66,114.130203,22.6071,124
粤BH1Q66,114.130203,22.6071,124
粤BH1Q66,114.130203,22.6071,125
粤BH1Q66,114.130203,22.6071,125
粤BH1Q66,114.130203,22.6071,128
粤BH1Q66,114.130203,22.6071,128
粤BH1Q66,114.130203,22.6071,128
粤BH1Q66,114.130203,22.6071,129
粤BH1Q66,114.130203,22.6071,131
粤BH1Q66,114.130203,22.6071,132
粤BH1Q66,114.130203,22.6071,132
粤BH1Q66,114.130203,22.6071,133
粤BH1Q66,114.130203,22.6071,134
粤BH1Q66,114.130203,22.6071,135
粤BH1Q66,114.130203,22.6071,135
粤BH1Q66,114.130203,22.6071,138
粤BH1Q66,114.130203,22.6071,138
粤BH1Q66,114.130203,22.6071,139
粤BH1Q66,114.130203,22.6071,139
粤BH1Q66,114.130203,22.6071,139
粤BH1Q66,114.130203,22.6071,140
粤BH1Q66,114.130203,22.6071,140
粤BH1Q66,114.130203,22.6071,142
粤BH1Q66,114.130203,22.6071,143
粤BH1Q66,114.130203,22.6071,143
粤BH1Q66,114.130203,22.6071,144
粤BH1Q66,114.130203,22.6071,144
粤BH1Q66,114.130203,22.6071,146
粤BH1Q66,114.130203,22.6071,146
粤BH1Q66,114.130203,22.6071,147
粤BH1Q66,114.130203,22.6071,147
粤BH1Q66,114.130203,22.6071,148
粤BH1Q66,114.130203,22.6071,148
粤BH1Q66,114.130203,22.6071,150
粤BH1Q66,114.130203,22.6071,150
粤BH1Q66,114.130203,22.6071,151
粤BH1Q66,114.130203,22.6071,152
粤BH1Q66,114.130203,22.6071,153
粤BH1Q66,114.130203,22.6071,154
粤BH1Q66,114.130203,22.6071,155
粤BH1Q66,114.130203,22.6071,155
粤BH1Q66,114.130203,22.6071,157
粤BH1Q66,114.130203,22.6071,158
粤BH1Q66,114.130203,22.6071,158
粤BH1Q66,114.130203,22.6071,158
粤BH1Q66,114.130203,22.6071,159
粤BH1Q66,114.130203,22.6071,159
粤BH1Q66,114.130203,22.6071,161
粤BH1Q66,114.130203,22.6071,162
粤BH1Q66,114.130203,22.6071,162
粤BH1Q66,114.130203,22.6071,163
粤BH1Q66,114.130203,22.6071,165
粤BH1Q66,114.130203,22.6071,165
粤BH1Q66,114.130203,22.6071,166
粤BH1Q66,114.130203,22.6071,167
粤BH1Q66,114.130203,22.6071,168
粤BH1Q66,114.130203,22.6071,169
粤BH1Q66,114.130203,22.6071,170
粤BH1Q66,114.130203,22.6071,170
粤BH1Q66,114.130203,22.6071,173
粤BH1Q66,114.130203,22.6071,173
粤BH1Q66,114.130203,22.6071,173
粤BH1Q66,114.130203,22.6071,174
粤BH1Q66,114.130203,22.6071,174
粤BH1Q66,114.130203,22.6071,174
粤BH1Q66,114.130203,22.6071,177
粤BH1Q66,114.130203,22.6071,177
粤BH1Q66,114.130203,22.6071,178
粤BH1Q66,114.130203,22.6071,180
粤BH1Q66,114.130203,22.6071,181
粤BH1Q66,114.130203,22.6071,182
粤BH1Q66,114.130203,22.6071,192
粤BH1Q66,114.130203,22.6071,192
粤BH1Q66,114.130203,22.6071,192
粤BH1Q66,114.130203,22.6071,193
粤BH1Q66,114.130203,22.6071,193
粤BH1Q66,114.130203,22.6071,195
粤BH1Q66,114.130203,22.6071,195
粤BH1Q66,114.130203,22.6071,196
粤BH1Q66,114.130203,22.6071,196
粤BH1Q66,114.130203,22.6071,198
粤BH1Q66,114.130203,22.6071,199
粤BH1Q66,114.130203,22.6071,199
粤BH1Q66,114.130203,22.6071,200
粤BH1Q66,114.130203,22.6071,200
粤BH1Q66,114.130203,22.6071,200
粤BH1Q66,114.130203,22.6071,203
粤BH1Q66,114.130203,22.6071,203
粤BH1Q66,114.130203,22.6071,204
粤BH1Q66,114.130203,22.6071,204
粤BH1Q66,114.130203,22.6071,206
粤BH1Q66,114.130203,22.6071,206
粤BH1Q66,114.130203,22.6071,207
粤BH1Q66,114.130203,22.6071,207
粤BH1Q66,114.130203,22.6071,208
粤BH1Q66,114.130203,22.6071,210
粤BH1Q66,114.130203,22.6071,211
粤BH1Q66,114.130203,22.6071,211
粤BH1Q66,114.130203,22.6071,212
粤BH1Q66,114.130203,22.6071,213
粤BH1Q66,114.130203,22.6071,214
粤BH1Q66,114.130203,22.6071,214
粤BH1Q66,114.130203,22.6071,215
粤BH1Q66,114.130203,22.6071,215
粤BH1Q66,114.130203,22.6071,215
粤BH1Q66,114.130203,22.6071,217
粤BH1Q66,114.130203,22.6071,218
粤BH1Q66,114.130203,22.6071,218
粤BH1Q66,114.130203,22.6071,219
粤BH1Q66,114.130203,22.6071,219
粤BH1Q66,114.130203,22.6071,221
粤BH1Q66,114.130203,22.6071,221
粤BH1Q66,114.130203,22.6071,221
粤BH1Q66,114.130203,22.6071,222
粤BH1Q66,114.130203,22.6071,222
粤BH1Q66,114.130203,22.6071,222
粤BH1Q66,114.130203,22.6071,223
粤BH1Q66,114.130203,22.6071,223
粤BH1Q66,114.130203,22.6071,225
粤BH1Q66,114.130203,22.6071,225
粤BH1Q66,114.130203,22.6071,226
粤BH1Q66,114.130203,22.6071,226
粤BH1Q66,114.130203,22.6071,226
粤BH1Q66,114.130203,22.6071,227
粤BH1Q66,114.130203,22.6071,228
粤BH1Q66,114.130203,22.6071,229
粤BH1Q66,114.130203,22.6071,229
粤BH1Q66,114.130203,22.6071,229
粤BH1Q66,114.130203,22.6071,230
粤BH1Q66,114.130203,22.6071,230
粤BH1Q66,114.130203,22.6071,230
粤BH1Q66,114.130203,22.6071,232
粤BH1Q66,114.130203,22.6071,233
粤BH1Q66,114.130203,22.6071,233
粤BH1Q66,114.130203,22.6071,233
粤BH1Q66,114.130203,22.6071,234
粤BH1Q66,114.130203,22.6071,234
粤BH1Q66,114.130203,22.6071,234
粤BH1Q66,114.130203,22.6071,236
粤BH1Q66,114.130203,22.6071,236
粤BH1Q66,114.130203,22.6071,237
粤BH1Q66,114.130203,22.6071,237
粤BH1Q66,114.130203,22.6071,238
粤BH1Q66,114.130203,22.6071,240
粤BH1Q66,114.130203,22.6071,240
粤BH1Q66,114.130203,22.6071,241
粤BH1Q66,114.130203,22.6071,241
粤BH1Q66,114.130203,22.6071,241
粤BH1Q66,114.130203,22.6071,242
粤BH1Q66,114.130203,22.6071,245
粤BH1Q66,114.130203,22.6071,245
粤BH1Q66,114.130203,22.6071,245
粤BH1Q66,114.130203,22.6071,248
粤BH1Q66,114.130203,22.6071,248
粤BH1Q66,114.130203,22.6071,249
粤BH1Q66,114.130203,22.6071,249
粤BH1Q66,114.130203,22.6071,252
粤BH1Q66,114.130203,22.6071,253
粤BH1Q66,114.130203,22.6071,255
粤BH1Q66,114.130203,22.6071,255
粤BH1Q66,114.130203,22.6071,257
粤BH1Q66,114.130203,22.6071,258
粤BH1Q66,114.130203,22.6071,259
粤BH1Q66,114.130203,22.6071,259
粤BH1Q66,114.130203,22.6071,260
粤BH1Q66,114.130203,22.6071,260
粤BH1Q66,114.130203,22.6071,262
粤BH1Q66,114.130203,22.6071,263
粤BH1Q66,114.130203,22.6071,263
粤BH1Q66,114.130203,22.6071,263
粤BH1Q66,114.130203,22.6071,266
粤BH1Q66,114.130203,22.6071,266
粤BH1Q66,114.130203,22.6071,267
粤BH1Q66,114.130203,22.6071,267
粤BH1Q66,114.130203,22.6071,267
粤BH1Q66,114.130203,22.6071,268
粤BH1Q66,114.130203,22.6071,268
粤BH1Q66,114.130203,22.6071,270
粤BH1Q66,114.130203,22.6071,271
粤BH1Q66,114.130203,22.6071,271
粤BH1Q66,114.130203,22.6071,272
粤BH1Q66,114.130203,22.6071,273
粤BH1Q66,114.130203,22.6071,274
粤BH1Q66,114.130203,22.6071,274
粤BH1Q66,114.130203,22.6071,275
粤BH1Q66,114.130203,22.6071,276
粤BH1Q66,114.130203,22.6071,277
粤BH1Q66,114.130203,22.6071,278
粤BH1Q66,114.130203,22.6071,278
粤BH1Q66,114.130203,22.6071,281
粤BH1Q66,114.130203,22.6071,282
粤BH1Q66,114.130203,22.6071,282
粤BH1Q66,114.130203,22.6071,283
粤BH1Q66,114.130203,22.6071,285
粤BH1Q66,114.130203,22.6071,286
粤BH1Q66,114.130203,22.6071,287
粤BH1Q66,114.130203,22.6071,289
粤BH1Q66,114.130203,22.6071,289
粤BH1Q66,114.130203,22.6071,290
粤BH1Q66,114.130203,22.6071,290
粤BH1Q66,114.130203,22.6071,290
粤BH1Q66,114.130203,22.6071,291
粤BH1Q66,114.130203,22.6071,292
粤BH1Q66,114.130203,22.6071,293
粤BH1Q66,114.130203,22.6071,293
粤BH1Q66,114.130203,22.6071,293
粤BH1Q66,114.130203,22.6071,294
粤BH1Q66,114.130203,22.6071,294
粤BH1Q66,114.130203,22.6071,294
粤BH1Q66,114.130203,22.6071,297
粤BH1Q66,114.130203,22.6071,298
粤BH1Q66,114.130203,22.6071,298
粤BH1Q66,114.130203,22.6071,298
粤BH1Q66,114.130203,22.6071,299
粤BH1Q66,114.130203,22.6071,301
粤BH1Q66,114.130203,22.6071,303
粤BH1Q66,114.130203,22.6071,304
粤BH1Q66,114.130203,22.6071,305
粤BH1Q66,114.130203,22.6071,305
粤BH1Q66,114.130203,22.6071,306
粤BH1Q66,114.130203,22.6071,306
粤BH1Q66,114.130203,22.6071,306
粤BH1Q66,114.130203,22.6071,308
粤BH1Q66,114.130203,22.6071,309
粤BH1Q66,114.130203,22.6071,309
粤BH1Q66,114.130203,22.6071,310
粤BH1Q66,114.130203,22.6071,312
粤BH1Q66,114.130203,22.6071,313
粤BH1Q66,114.130203,22.6071,313
粤BH1Q66,114.130203,22.6071,314
粤BH1Q66,114.130203,22.6071,314
粤BH1Q66,114.130203,22.6071,316
粤BH1Q66,114.130203,22.6071,316
粤BH1Q66,114.130203,22.6071,316
粤BH1Q66,114.130203,22.6071,317
粤BH1Q66,114.130203,22.6071,319
粤BH1Q66,114.130203,22.6071,320
粤BH1Q66,114.130203,22.6071,321
粤BH1Q66,114.130203,22.6071,324
粤BH1Q66,114.130203,22.6071,324
粤BH1Q66,114.130203,22.6071,325
粤BH1Q66,114.130203,22.6071,325
粤BH1Q66,114.130203,22.6071,325
粤BH1Q66,114.130203,22.6071,327
粤BH1Q66,114.130203,22.6071,328
粤BH1Q66,114.130203,22.6071,329
粤BH1Q66,114.130203,22.6071,331
粤BH1Q66,114.130203,22.6071,331
粤BH1Q66,114.130203,22.6071,332
粤BH1Q66,114.130203,22.6071,333
粤BH1Q66,114.130203,22.6071,334
粤BH1Q66,114.130203,22.6071,335
粤BH1Q66,114.130203,22.6071,335
粤BH1Q66,114.130203,22.6071,336
粤BH1Q66,114.130203,22.6071,338
粤BH1Q66,114.130203,22.6071,339
粤BH1Q66,114.130203,22.6071,339
粤BH1Q66,114.130203,22.6071,339
粤BH1Q66,114.130203,22.6071,342
粤BH1Q66,114.130203,22.6071,342
粤BH1Q66,114.130203,22.6071,343
粤BH1Q66,114.130203,22.6071,344
粤BH1Q66,114.130203,22.6071,344
粤BH1Q66,114.130203,22.6071,344
粤BH1Q66,114.130203,22.6071,346
粤BH1Q66,114.130203,22.6071,346
粤BH1Q66,114.130203,22.6071,347
粤BH1Q66,114.130203,22.6071,348
粤BH1Q66,114.130203,22.6071,348
粤BH1Q66,114.130203,22.6071,348
粤BH1Q66,114.130203,22.6071,350
粤BH1Q66,114.130203,22.6071,350
粤BH1Q66,114.130203,22.6071,351
粤BH1Q66,114.130203,22.6071,352
粤BH1Q66,114.130203,22.6071,352
粤BH1Q66,114.130203,22.6071,353
粤BH1Q66,114.130203,22.6071,354
粤BH1Q66,114.130203,22.6071,354
粤BH1Q66,114.130203,22.6071,354
粤BH1Q66,114.130203,22.6071,355
粤BH1Q66,114.130203,22.6071,355
粤BH1Q66,114.130203,22.6071,356
粤BH1Q66,114.130203,22.6071,358
粤BH1Q66,114.130203,22.6071,359
粤BH1Q66,114.130203,22.6071,359
粤BH1Q66,114.130203,22.6071,360
粤BH1Q66,114.130203,22.6071,360
粤BH1Q66,114.130203,22.6071,360
粤BH1Q66,114.130203,22.6071,362
粤BH1Q66,114.130203,22.6071,362
粤BH1Q66,114.130203,22.6071,363
粤BH1Q66,114.130203,22.6071,363
粤BH1Q66,114.130203,22.6071,363
粤BH1Q66,114.130203,22.6071,364
粤BH1Q66,114.130203,22.6071,366
粤BH1Q66,114.130203,22.6071,366
粤BH1Q66,114.130203,22.6071,367
粤BH1Q66,114.130203,22.6071,368
粤BH1Q66,114.130203,22.6071,370
粤BH1Q66,114.130203,22.6071,370
粤BH1Q66,114.130203,22.6071,371
粤BH1Q66,114.130203,22.6071,371
粤BH1Q66,114.130203,22.6071,372
粤BH1Q66,114.130203,22.6071,374
粤BH1Q66,114.130203,22.6071,374
粤BH1Q66,114.130203,22.6071,374
粤BH1Q66,114.130203,22.6071,375
粤BH1Q66,114.130203,22.6071,375
粤BH1Q66,114.130203,22.6071,376
粤BH1Q66,114.130203,22.6071,376
粤BH1Q66,114.130203,22.6071,379
粤BH1Q66,114.130203,22.6071,379
粤BH1Q66,114.130203,22.6071,380
粤BH1Q66,114.130203,22.6071,382
粤BH1Q66,114.130203,22.6071,382
粤BH1Q66,114.130203,22.6071,383
粤BH1Q66,114.130203,22.6071,383
粤BH1Q66,114.130203,22.6071,385
粤BH1Q66,114.130203,22.6071,386
粤BH1Q66,114.130203,22.6071,386
粤BH1Q66,114.130203,22.6071,386
粤BH1Q66,114.130203,22.6071,389
粤BH1Q66,114.130203,22.6071,390
粤BH1Q66,114.130203,22.6071,390
粤BH1Q66,114.130203,22.6071,390
粤BH1Q66,114.130203,22.6071,391
粤BH1Q66,114.130203,22.6071,393
粤BH1Q66,114.130203,22.6071,393
粤BH1Q66,114.130203,22.6071,393
粤BH1Q66,114.130203,22.6071,394
粤BH1Q66,114.130203,22.6071,394
粤BH1Q66,114.130203,22.6071,394
粤BH1Q66,114.130203,22.6071,395
粤BH1Q66,114.130203,22.6071,396
粤BH1Q66,114.130203,22.6071,397
粤BH1Q66,114.130203,22.6071,397
粤BH1Q66,114.130203,22.6071,397
粤BH1Q66,114.130203,22.6071,398
粤BH1Q66,114.130203,22.6071,400
粤BH1Q66,114.130203,22.6071,401
粤BH1Q66,114.130203,22.6071,401
粤BH1Q66,114.130203,22.6071,402
粤BH1Q66,114.130203,22.6071,404
粤BH1Q66,114.130203,22.6071,404
粤BH1Q66,114.130203,22.6071,405
粤BH1Q66,114.130203,22.6071,405
粤BH1Q66,114.130203,22.6071,405
粤BH1Q66,114.130203,22.6071,406
粤BH1Q66,114.130203,22.6071,406
粤BH1Q66,114.130203,22.6071,408
粤BH1Q66,114.130203,22.6071,408
粤BH1Q66,114.130203,22.6071,408
粤BH1Q66,114.130203,22.6071,409
粤BH1Q66,114.130203,22.6071,409
粤BH1Q66,114.130203,22.6071,410
粤BH1Q66,114.130203,22.6071,412
粤BH1Q66,114.130203,22.6071,412
粤BH1Q66,114.130203,22.6071,412
粤BH1Q66,114.130402,22.6068,416
粤BH1Q66,114.130501,22.6066,417
粤BH1Q66,114.130501,22.6066,418
粤BH1Q66,114.130501,22.6066,418
粤BH1Q66,114.130501,22.6066,420
粤BH1Q66,114.130501,22.6066,420
粤BH1Q66,114.130203,22.608999,424
粤BH1Q66,114.130699,22.610701,425
粤BH1Q66,114.130699,22.610701,425
粤BH1Q66,114.125298,22.610001,428
粤BH1Q66,114.117996,22.6057,429
粤BH1Q66,114.1194,22.606701,429
粤BH1Q66,114.121803,22.607901,429
粤BH1Q66,114.1175,22.6001,431
粤BH1Q66,114.1185,22.599199,432
粤BH1Q66,114.119003,22.5986,432
粤BH1Q66,114.117798,22.5891,436
粤BH1Q66,114.118896,22.590401,436
粤BH1Q66,114.114899,22.5865,438
粤BH1Q66,114.115196,22.586,439
粤BH1Q66,114.114601,22.585899,439
粤BH1Q66,114.115196,22.586,439
粤BH1Q66,114.111504,22.587099,440
粤BH1Q66,114.112297,22.585899,440
粤BH1Q66,114.111,22.5875,442
粤BH1Q66,114.112297,22.5854,443
粤BH1Q66,114.1138,22.5833,445
粤BH1Q66,114.114403,22.582001,446
粤BH1Q66,114.114197,22.582399,446
粤BH1Q66,114.114098,22.5828,446
粤BH1Q66,114.114899,22.58,447
粤BH1Q66,114.114502,22.5811,447
粤BH1Q66,114.1269,22.577,449
粤BH1Q66,114.130798,22.577499,450
粤BH1Q66,114.128403,22.5772,450
粤BH1Q66,114.128799,22.5772,450
粤BH1Q66,114.131699,22.5751,451
粤BH1Q66,114.132202,22.5769,451
粤BH1Q66,114.127098,22.5742,453
粤BH1Q66,114.127602,22.574499,453
粤BH1Q66,114.128403,22.5749,453
粤BH1Q66,114.124802,22.5725,454
粤BH1Q66,114.124199,22.5737,454
粤BH1Q66,114.123901,22.574499,455
粤BH1Q66,114.121902,22.5737,456
粤BH1Q66,114.122101,22.572701,457
粤BH1Q66,114.118698,22.570801,458
粤BH1Q66,114.120598,22.5739,460
粤BH1Q66,114.117599,22.5753,461
粤BH1Q66,114.118301,22.5737,461
粤BH1Q66,114.1166,22.5772,461
粤BH1Q66,114.116798,22.5777,462
粤BH1Q66,114.113098,22.576599,464
粤BH1Q66,114.111198,22.576599,464
粤BH1Q66,114.106102,22.5744,465
粤BH1Q66,114.108498,22.5758,465
粤BH1Q66,114.101501,22.5718,466
粤BH1Q66,114.100502,22.58,467
粤BH1Q66,114.1008,22.5811,468
粤BH1Q66,114.101402,22.583099,468
粤BH1Q66,114.101799,22.586599,469
粤BH1Q66,114.101097,22.585501,469
粤BH1Q66,114.106201,22.590599,471
粤BH1Q66,114.106499,22.5916,472
粤BH1Q66,114.105904,22.591499,473
粤BH1Q66,114.105103,22.5914,473
粤BH1Q66,114.1036,22.590799,474
粤BH1Q66,114.104103,22.590599,475
粤BH1Q66,114.103798,22.5907,475
粤BH1Q66,114.104103,22.590599,476
粤BH1Q66,114.104103,22.590599,476
粤BH1Q66,114.104103,22.590599,478
粤BH1Q66,114.103897,22.589899,479
粤BH1Q66,114.104301,22.5896,479
粤BH1Q66,114.104202,22.589701,479
粤BH1Q66,114.104301,22.5896,480
粤BH1Q66,114.105202,22.589701,482
粤BH1Q66,114.105003,22.589399,482
粤BH1Q66,114.104698,22.5891,483
粤BH1Q66,114.102699,22.587799,486
粤BH1Q66,114.102303,22.5872,486
粤BH1Q66,114.102699,22.5877,486
粤BH1Q66,114.101898,22.5867,487
粤BH1Q66,114.099403,22.5788,489
粤BH1Q66,114.098602,22.575701,490
粤BH1Q66,114.0989,22.5774,490
粤BH1Q66,114.098503,22.573999,490
粤BH1Q66,114.098099,22.570101,491
粤BH1Q66,114.098801,22.571501,491
粤BH1Q66,114.093803,22.5683,493
粤BH1Q66,114.092003,22.567699,494
粤BH1Q66,114.090202,22.567301,494
粤BH1Q66,114.087196,22.5665,495
粤BH1Q66,114.086998,22.566299,495
粤BH1Q66,114.086304,22.565701,495
粤BH1Q66,114.083,22.5609,497
粤BH1Q66,114.081703,22.559099,497
粤BH1Q66,114.0783,22.5583,498
粤BH1Q66,114.079597,22.558399,498
粤BH1Q66,114.076599,22.5583,499
粤BH1Q66,114.076401,22.5583,499
粤BH1Q66,114.070702,22.558201,501
粤BH1Q66,114.071602,22.558201,501
粤BH1Q66,114.070702,22.558201,502
粤BH1Q66,114.069901,22.558201,503
粤BH1Q66,114.0616,22.559601,504
粤BH1Q66,114.061897,22.5597,504
粤BH1Q66,114.0625,22.557699,506
粤BH1Q66,114.0625,22.5574,506
粤BH1Q66,114.0625,22.5562,507
粤BH1Q66,114.0625,22.5567,507
粤BH1Q66,114.0625,22.555099,508
粤BH1Q66,114.062302,22.552601,509
粤BH1Q66,114.062302,22.552799,509
粤BH1Q66,114.057999,22.551399,511
粤BH1Q66,114.058098,22.551399,511
粤BH1Q66,114.057701,22.548,512
粤BH1Q66,114.0578,22.5467,512
粤BH1Q66,114.057503,22.545601,513
粤BH1Q66,114.051102,22.5427,514
粤BH1Q66,114.050697,22.539499,515
粤BH1Q66,114.051102,22.540001,515
粤BH1Q66,114.048103,22.539301,518
粤BH1Q66,114.049004,22.539499,518
粤BH1Q66,114.047897,22.539,518
粤BH1Q66,114.043404,22.5364,519
粤BH1Q66,114.044197,22.535299,520
粤BH1Q66,114.043404,22.5305,522
粤BH1Q66,114.042297,22.5313,522
粤BH1Q66,114.042297,22.530001,523
粤BH1Q66,114.043297,22.5301,523
粤BH1Q66,114.042198,22.5299,523
粤BH1Q66,114.044701,22.5312,525
粤BH1Q66,114.0457,22.5306,526
粤BH1Q66,114.0448,22.5308,526
粤BH1Q66,114.0467,22.539801,529
粤BH1Q66,114.0467,22.539801,529
粤BH1Q66,114.048302,22.540001,530
粤BH1Q66,114.051399,22.5424,532
粤BH1Q66,114.049202,22.541901,532
粤BH1Q66,114.056503,22.5424,533
粤BH1Q66,114.058701,22.5425,533
粤BH1Q66,114.060699,22.542101,534
粤BH1Q66,114.062897,22.5387,535
粤BH1Q66,114.062897,22.5387,536
粤BH1Q66,114.0625,22.5401,536
粤BH1Q66,114.058197,22.5373,546
粤BH1Q66,114.058701,22.537399,547
粤BH1Q66,114.058701,22.537399,547
粤BH1Q66,114.059196,22.5375,547
粤BH1Q66,114.060204,22.5375,548
粤BH1Q66,114.060204,22.5375,548
粤BH1Q66,114.062897,22.535101,550
粤BH1Q66,114.062698,22.5359,550
粤BH1Q66,114.063103,22.5326,550
粤BH1Q66,114.062897,22.529301,551
粤BH1Q66,114.060799,22.531401,554
粤BH1Q66,114.059097,22.5313,554
粤BH1Q66,114.062698,22.531401,554
粤BH1Q66,114.062302,22.5294,555
粤BH1Q66,114.061401,22.5294,555
粤BH1Q66,114.060204,22.529301,557
粤BH1Q66,114.058899,22.5292,557
粤BH1Q66,114.058098,22.533501,558
粤BH1Q66,114.058296,22.5315,558
粤BH1Q66,114.058098,22.533501,559
粤BH1Q66,114.062698,22.5329,561
粤BH1Q66,114.063202,22.5329,562
粤BH1Q66,114.063202,22.5329,562
粤BH1Q66,114.063202,22.5329,562
粤BH1Q66,114.064201,22.5361,564
粤BH1Q66,114.065498,22.5383,565
粤BH1Q66,114.068001,22.535801,566
粤BH1Q66,114.0625,22.5319,568
粤BH1Q66,114.053299,22.5315,569
粤BH1Q66,114.045998,22.5315,570
粤BH1Q66,114.049896,22.5315,570
粤BH1Q66,114.027702,22.5308,572
粤BH1Q66,114.020599,22.532,572
粤BH1Q66,114.024399,22.531601,572
粤BH1Q66,114.013496,22.5306,573
粤BH1Q66,114.0168,22.531401,573
粤BH1Q66,114.009804,22.5299,573
粤BH1Q66,113.991402,22.526199,575
粤BH1Q66,113.983398,22.5236,576
粤BH1Q66,113.989502,22.525299,576
粤BH1Q66,113.986801,22.5243,576
粤BH1Q66,113.980103,22.523199,577
粤BH1Q66,113.977699,22.526899,577
粤BH1Q66,113.972,22.530199,579
粤BH1Q66,113.965599,22.534599,580
粤BH1Q66,113.965698,22.534201,580
粤BH1Q66,113.965599,22.534599,581
粤BH1Q66,113.965599,22.534599,583
粤BH1Q66,113.965599,22.534599,583
粤BH1Q66,113.965599,22.534599,583
粤BH1Q66,113.965599,22.534599,584
粤BH1Q66,113.965599,22.534599,584
粤BH1Q66,113.965698,22.532801,584
粤BH1Q66,113.9692,22.5312,586
粤BH1Q66,113.971901,22.530199,586
粤BH1Q66,113.973297,22.529699,587
粤BH1Q66,113.973297,22.529699,587
粤BH1Q66,113.973297,22.529699,587
粤BH1Q66,113.988297,22.5301,590
粤BH1Q66,113.992599,22.530899,591
粤BH1Q66,113.992897,22.530899,591
粤BH1Q66,114.001999,22.535601,593
粤BH1Q66,114.002197,22.535601,594
粤BH1Q66,114.002197,22.535601,594
粤BH1Q66,114.017097,22.5383,597
粤BH1Q66,114.013802,22.537701,597
粤BH1Q66,114.011002,22.5371,597
粤BH1Q66,114.023003,22.5392,598
粤BH1Q66,114.0243,22.560699,604
粤BH1Q66,114.041801,22.563801,607
粤BH1Q66,114.043503,22.564301,608
粤BH1Q66,114.050697,22.5648,609
粤BH1Q66,114.047997,22.565001,609
粤BH1Q66,114.055702,22.564899,611
粤BH1Q66,114.055901,22.565001,611
粤BH1Q66,114.056602,22.565201,612
粤BH1Q66,114.056702,22.5653,612
粤BH1Q66,114.0569,22.5653,613
粤BH1Q66,114.063599,22.5683,615
粤BH1Q66,114.066803,22.5686,616
粤BH1Q66,114.068901,22.569,618
粤BH1Q66,114.068802,22.571501,619
粤BH1Q66,114.068703,22.5734,622
粤BH1Q66,114.068703,22.5734,623
粤BH1Q66,114.068703,22.5734,623
粤BH1Q66,114.068703,22.5734,624
粤BH1Q66,114.068703,22.5734,625
粤BH1Q66,114.068703,22.5734,625
粤BH1Q66,114.068703,22.5734,626
粤BH1Q66,114.068703,22.5734,626
粤BH1Q66,114.068703,22.5734,628
粤BH1Q66,114.068703,22.5734,628
粤BH1Q66,114.068703,22.5734,629
粤BH1Q66,114.068703,22.5734,631
粤BH1Q66,114.068703,22.5734,632
粤BH1Q66,114.068703,22.5734,634
粤BH1Q66,114.068703,22.5734,635
粤BH1Q66,114.068703,22.5734,635
粤BH1Q66,114.068703,22.5734,635
粤BH1Q66,114.068703,22.5734,637
粤BH1Q66,114.068703,22.5734,638
粤BH1Q66,114.068703,22.5734,638
粤BH1Q66,114.068703,22.5734,638
粤BH1Q66,114.068703,22.5734,639
粤BH1Q66,114.068703,22.5734,639
粤BH1Q66,114.068703,22.5734,640
粤BH1Q66,114.068703,22.5734,642
粤BH1Q66,114.068703,22.5734,643
粤BH1Q66,114.068703,22.5734,645
粤BH1Q66,114.068703,22.5734,645
粤BH1Q66,114.068703,22.5734,646
粤BH1Q66,114.068703,22.5734,647
粤BH1Q66,114.068703,22.5734,648
粤BH1Q66,114.068703,22.5734,648
粤BH1Q66,114.068703,22.5734,649
粤BH1Q66,114.068703,22.5734,649
粤BH1Q66,114.068703,22.5734,651
粤BH1Q66,114.068703,22.5734,651
粤BH1Q66,114.068703,22.5734,652
粤BH1Q66,114.068703,22.5734,652
粤BH1Q66,114.068703,22.5734,652
粤BH1Q66,114.068703,22.5734,653
粤BH1Q66,114.068703,22.5734,654
粤BH1Q66,114.068703,22.5734,655
粤BH1Q66,114.068703,22.5734,655
粤BH1Q66,114.068703,22.5734,656
粤BH1Q66,114.068703,22.5734,658
粤BH1Q66,114.068703,22.5734,658
粤BH1Q66,114.068703,22.5734,659
粤BH1Q66,114.068703,22.5734,659
粤BH1Q66,114.068703,22.5734,661
粤BH1Q66,114.068703,22.5734,661
粤BH1Q66,114.068703,22.5734,664
粤BH1Q66,114.068703,22.5734,666
粤BH1Q66,114.068703,22.5734,668
粤BH1Q66,114.068703,22.5734,669
粤BH1Q66,114.068703,22.5734,670
粤BH1Q66,114.068703,22.5734,673
粤BH1Q66,114.068703,22.5734,673
粤BH1Q66,114.068703,22.5734,675
粤BH1Q66,114.068703,22.5734,676
粤BH1Q66,114.068703,22.5734,676
粤BH1Q66,114.068703,22.5734,677
粤BH1Q66,114.068703,22.5734,678
粤BH1Q66,114.068703,22.5734,679
粤BH1Q66,114.068703,22.5734,679
粤BH1Q66,114.068703,22.5734,680
粤BH1Q66,114.068703,22.5734,681
粤BH1Q66,114.068703,22.5734,681
粤BH1Q66,114.068703,22.5734,682
粤BH1Q66,114.068703,22.5734,685
粤BH1Q66,114.068703,22.5734,686
粤BH1Q66,114.068703,22.5734,688
粤BH1Q66,114.068703,22.5734,689
粤BH1Q66,114.068703,22.5734,689
粤BH1Q66,114.068703,22.5734,689
粤BH1Q66,114.068703,22.5734,690
粤BH1Q66,114.068703,22.5734,690
粤BH1Q66,114.068703,22.5734,693
粤BH1Q66,114.068703,22.5734,694
粤BH1Q66,114.068703,22.5734,695
粤BH1Q66,114.068703,22.5734,696
粤BH1Q66,114.068703,22.5734,696
粤BH1Q66,114.068703,22.5734,696
粤BH1Q66,114.068703,22.5734,697
粤BH1Q66,114.068703,22.5734,698
粤BH1Q66,114.068703,22.5734,699
粤BH1Q66,114.068703,22.5734,699
粤BH1Q66,114.068703,22.5734,700
粤BH1Q66,114.068703,22.5734,700
粤BH1Q66,114.068703,22.5734,702
粤BH1Q66,114.068703,22.5734,702
粤BH1Q66,114.068703,22.5734,704
粤BH1Q66,114.071503,22.569901,705
粤BH1Q66,114.069199,22.5695,706
粤BH1Q66,114.068398,22.5695,706
粤BH1Q66,114.068398,22.5695,707
粤BH1Q66,114.068398,22.5695,708
粤BH1Q66,114.068398,22.5695,709
粤BH1Q66,114.068398,22.5695,710
粤BH1Q66,114.062798,22.5781,712
粤BH1Q66,114.062302,22.577499,712
粤BH1Q66,114.0634,22.577999,712
粤BH1Q66,114.065002,22.5751,713
粤BH1Q66,114.064003,22.575899,713
粤BH1Q66,114.0653,22.5749,714
粤BH1Q66,114.067398,22.5709,715
粤BH1Q66,114.065697,22.5693,716
粤BH1Q66,114.052696,22.565001,717
粤BH1Q66,114.059898,22.567301,717
粤BH1Q66,114.042198,22.564199,718
粤BH1Q66,114.049202,22.5651,718
粤BH1Q66,114.041801,22.5602,719
粤BH1Q66,114.040001,22.563499,719
粤BH1Q66,114.039398,22.5637,719
粤BH1Q66,114.042999,22.557899,720
粤BH1Q66,114.042999,22.557899,721
粤BH1Q66,114.042999,22.557899,721
粤BH1Q66,114.033997,22.5543,722
粤BH1Q66,114.040199,22.5511,725
粤BH1Q66,114.039101,22.5506,726
粤BH1Q66,114.0392,22.554899,728
粤BH1Q66,114.038597,22.556,728
粤BH1Q66,114.040497,22.5562,729
粤BH1Q66,114.041496,22.553499,731
粤BH1Q66,114.040901,22.554899,732
粤BH1Q66,114.041496,22.553499,732
粤BH1Q66,114.0411,22.5548,732
粤BH1Q66,114.041199,22.554001,732
粤BH1Q66,114.041199,22.5536,733
粤BH1Q66,114.041199,22.553699,733
粤BH1Q66,114.035797,22.5516,735
粤BH1Q66,114.037003,22.5522,735
粤BH1Q66,114.033699,22.5522,736
粤BH1Q66,114.034103,22.5509,736
粤BH1Q66,114.033096,22.552999,737
粤BH1Q66,114.029602,22.552,739
粤BH1Q66,114.030403,22.552999,740
粤BH1Q66,114.035698,22.551701,742
粤BH1Q66,114.036697,22.5522,742
粤BH1Q66,114.038498,22.5532,743
粤BH1Q66,114.039597,22.5536,743
粤BH1Q66,114.0392,22.553499,743
粤BH1Q66,114.039497,22.554399,744
粤BH1Q66,114.036499,22.5585,745
粤BH1Q66,114.0354,22.559401,746
粤BH1Q66,114.034798,22.5599,746
粤BH1Q66,114.034698,22.5599,746
粤BH1Q66,114.029701,22.556801,747
粤BH1Q66,114.030403,22.5576,747
粤BH1Q66,114.022003,22.555599,749
粤BH1Q66,114.019402,22.555599,750
粤BH1Q66,114.016197,22.5555,750
粤BH1Q66,114.008598,22.5534,753
粤BH1Q66,114.006897,22.549601,754
粤BH1Q66,114.007599,22.5506,754
粤BH1Q66,114.008598,22.547701,756
粤BH1Q66,114.0084,22.5478,757
粤BH1Q66,114.0084,22.5478,757
粤BH1Q66,114.0084,22.5478,758
粤BH1Q66,114.0084,22.5478,758
粤BH1Q66,114.0084,22.5478,759
粤BH1Q66,114.0084,22.5478,760
粤BH1Q66,114.0084,22.5478,760
粤BH1Q66,114.0084,22.5478,761
粤BH1Q66,114.0084,22.5478,761
粤BH1Q66,114.0084,22.5478,763
粤BH1Q66,114.0084,22.5478,763
粤BH1Q66,114.0084,22.5478,764
粤BH1Q66,114.0084,22.5478,765
粤BH1Q66,114.0084,22.5478,765
粤BH1Q66,114.0084,22.5478,765
粤BH1Q66,114.0084,22.5478,766
粤BH1Q66,114.0084,22.5478,767
粤BH1Q66,114.0084,22.5478,767
粤BH1Q66,114.0084,22.5478,768
粤BH1Q66,114.0084,22.5478,768
粤BH1Q66,114.010399,22.5483,770
粤BH1Q66,114.011398,22.549,770
粤BH1Q66,114.016098,22.5466,771
粤BH1Q66,114.014,22.549601,771
粤BH1Q66,114.012901,22.549999,771
粤BH1Q66,114.017097,22.544399,772
粤BH1Q66,114.0177,22.542101,773
粤BH1Q66,114.0224,22.542299,774
粤BH1Q66,114.020798,22.542601,774
粤BH1Q66,114.023201,22.5396,775
粤BH1Q66,114.041702,22.530899,777
粤BH1Q66,114.033798,22.530199,777
粤BH1Q66,114.037697,22.5305,777
粤BH1Q66,114.054604,22.531401,779
粤BH1Q66,114.058197,22.534401,780
粤BH1Q66,114.058502,22.530899,780
粤BH1Q66,114.059097,22.535101,781
粤BH1Q66,114.0578,22.535601,781
粤BH1Q66,114.059097,22.535,782
粤BH1Q66,114.0606,22.534599,784
粤BH1Q66,114.0606,22.534599,784
粤BH1Q66,114.0606,22.534599,784
粤BH1Q66,114.0606,22.534599,784
粤BH1Q66,114.058899,22.5369,785
粤BH1Q66,114.055496,22.5359,785
粤BH1Q66,114.062698,22.537399,786
粤BH1Q66,114.063301,22.533199,787
粤BH1Q66,114.062897,22.5329,787
粤BH1Q66,114.062897,22.5329,787
粤BH1Q66,114.062897,22.534599,788
粤BH1Q66,114.063004,22.533899,788
粤BH1Q66,114.063202,22.5263,789
粤BH1Q66,114.062897,22.528,789
粤BH1Q66,114.0644,22.531401,791
粤BH1Q66,114.0644,22.531401,791
粤BH1Q66,114.0644,22.529699,792
粤BH1Q66,114.064499,22.531099,792
粤BH1Q66,114.071297,22.531601,794
粤BH1Q66,114.073303,22.5306,795
粤BH1Q66,114.074898,22.531401,795
粤BH1Q66,114.074402,22.5306,795
粤BH1Q66,114.072701,22.531601,796
粤BH1Q66,114.072304,22.530701,796
粤BH1Q66,114.082199,22.533899,799
粤BH1Q66,114.082001,22.5348,800
粤BH1Q66,114.081703,22.539,801
粤BH1Q66,114.081703,22.5394,801
粤BH1Q66,114.081299,22.5373,802
粤BH1Q66,114.079903,22.536501,803
粤BH1Q66,114.072098,22.5331,804
粤BH1Q66,114.072701,22.5359,805
粤BH1Q66,114.072098,22.535299,805
粤BH1Q66,114.0737,22.5357,806
粤BH1Q66,114.073303,22.5359,806
粤BH1Q66,114.074402,22.535101,806
粤BH1Q66,114.076897,22.535601,808
粤BH1Q66,114.077301,22.5383,809
粤BH1Q66,114.077499,22.537399,809
粤BH1Q66,114.077499,22.5366,809
粤BH1Q66,114.077499,22.5394,810
粤BH1Q66,114.079803,22.540501,811
粤BH1Q66,114.079803,22.540501,812
粤BH1Q66,114.079803,22.540501,812
粤BH1Q66,114.080002,22.540501,813
粤BH1Q66,114.077904,22.540199,815
粤BH1Q66,114.077202,22.540199,815
粤BH1Q66,114.0765,22.539801,815
粤BH1Q66,114.076103,22.549999,818
粤BH1Q66,114.076103,22.5502,818
粤BH1Q66,114.076103,22.5515,819
粤BH1Q66,114.077202,22.5529,820
粤BH1Q66,114.077904,22.553699,822
粤BH1Q66,114.077797,22.5536,822
粤BH1Q66,114.078796,22.554899,822
粤BH1Q66,114.082298,22.559601,823
粤BH1Q66,114.0961,22.568701,825
粤BH1Q66,114.097198,22.569099,826
粤BH1Q66,114.098999,22.572599,827
粤BH1Q66,114.100601,22.571301,827
粤BH1Q66,114.100601,22.580601,828
粤BH1Q66,114.101303,22.585699,829
粤BH1Q66,114.101402,22.583599,829
粤BH1Q66,114.102097,22.586901,830
粤BH1Q66,114.103203,22.5881,830
粤BH1Q66,114.101402,22.5861,833
粤BH1Q66,114.102303,22.587299,833
粤BH1Q66,114.100304,22.5798,834
粤BH1Q66,114.100998,22.5819,834
粤BH1Q66,114.099197,22.5781,835
粤BH1Q66,114.098801,22.576401,836
粤BH1Q66,114.132004,22.576,843
粤BH1Q66,114.131798,22.5751,844
粤BH1Q66,114.131699,22.5751,844
粤BH1Q66,114.136398,22.576099,847
粤BH1Q66,114.135696,22.5763,847
粤BH1Q66,114.132599,22.5791,848
粤BH1Q66,114.1325,22.5774,848
粤BH1Q66,114.1343,22.5767,848
粤BH1Q66,114.1306,22.5779,852
粤BH1Q66,114.121002,22.576799,854
粤BH1Q66,114.117996,22.576401,854
粤BH1Q66,114.117104,22.576,855
粤BH1Q66,114.115898,22.5776,855
粤BH1Q66,114.120399,22.5583,858
粤BH1Q66,114.1222,22.5567,858
粤BH1Q66,114.125099,22.5534,859
粤BH1Q66,114.125801,22.5516,860
粤BH1Q66,114.125801,22.5516,861
粤BH1Q66,114.125801,22.5516,861
粤BH1Q66,114.125801,22.5516,861
粤BH1Q66,114.125801,22.5502,862
粤BH1Q66,114.125801,22.5511,862
粤BH1Q66,114.125801,22.5516,862
粤BH1Q66,114.125801,22.549801,864
粤BH1Q66,114.1259,22.5488,865
粤BH1Q66,114.1259,22.5488,865
粤BH1Q66,114.132103,22.549,867
粤BH1Q66,114.134903,22.549299,867
粤BH1Q66,114.137497,22.5497,868
粤BH1Q66,114.138702,22.5497,868
粤BH1Q66,114.138702,22.5497,869
粤BH1Q66,114.138603,22.5499,870
粤BH1Q66,114.137398,22.5513,871
粤BH1Q66,114.140099,22.5548,872
粤BH1Q66,114.139099,22.553699,872
粤BH1Q66,114.139,22.553499,872
粤BH1Q66,114.1511,22.556299,874
粤BH1Q66,114.153397,22.5578,874
粤BH1Q66,114.158096,22.5611,875
粤BH1Q66,114.158203,22.5611,876
粤BH1Q66,114.158203,22.5611,876
粤BH1Q66,114.157402,22.563299,879
粤BH1Q66,114.157402,22.5637,880
粤BH1Q66,114.158798,22.569201,881
粤BH1Q66,114.163101,22.570601,882
粤BH1Q66,114.164001,22.5709,882
粤BH1Q66,114.1651,22.571301,883
粤BH1Q66,114.169899,22.5732,885
粤BH1Q66,114.168404,22.5723,886
粤BH1Q66,114.1698,22.572901,886
粤BH1Q66,114.165802,22.571501,887
粤BH1Q66,114.163101,22.570601,888
粤BH1Q66,114.161301,22.5672,889
粤BH1Q66,114.161301,22.568899,889
粤BH1Q66,114.162003,22.5702,889
粤BH1Q66,114.1614,22.565701,890
粤BH1Q66,114.168198,22.5639,892
粤BH1Q66,114.1679,22.563101,892
粤BH1Q66,114.167702,22.5632,893
粤BH1Q66,114.167702,22.5632,893
粤BH1Q66,114.167702,22.5632,893
粤BH1Q66,114.167702,22.5632,895
粤BH1Q66,114.167297,22.563101,896
粤BH1Q66,114.167702,22.5632,896
粤BH1Q66,114.161301,22.564199,897
粤BH1Q66,114.161598,22.563,897
粤BH1Q66,114.1642,22.563,897
粤BH1Q66,114.159599,22.564199,898
粤BH1Q66,114.157501,22.5632,899
粤BH1Q66,114.167503,22.563101,911
粤BH1Q66,114.167503,22.563101,911
粤BH1Q66,114.167503,22.563101,911
粤BH1Q66,114.167503,22.563101,912
粤BH1Q66,114.165298,22.563,914
粤BH1Q66,114.159599,22.562201,914
粤BH1Q66,114.1623,22.562901,914
粤BH1Q66,114.137901,22.5564,917
粤BH1Q66,114.139,22.554501,917
粤BH1Q66,114.136398,22.5499,918
粤BH1Q66,114.137802,22.5522,918
粤BH1Q66,114.129501,22.544201,919
粤BH1Q66,114.132797,22.5459,919
粤BH1Q66,114.119904,22.538799,921
粤BH1Q66,114.119102,22.539801,921
粤BH1Q66,114.119003,22.5399,922
粤BH1Q66,114.118797,22.540199,922
粤BH1Q66,114.117104,22.541201,923
粤BH1Q66,114.117897,22.5415,923
粤BH1Q66,114.117104,22.541201,924
粤BH1Q66,114.117104,22.541201,924
粤BH1Q66,114.115997,22.541901,925
粤BH1Q66,114.115799,22.542601,925
粤BH1Q66,114.116302,22.5415,925
粤BH1Q66,114.115799,22.542601,926
粤BH1Q66,114.116096,22.5466,929
粤BH1Q66,114.116096,22.5466,929
粤BH1Q66,114.116096,22.5466,929
粤BH1Q66,114.116096,22.5466,930
粤BH1Q66,114.116402,22.5483,931
粤BH1Q66,114.1166,22.550501,932
粤BH1Q66,114.116302,22.5494,932
粤BH1Q66,114.116402,22.5483,932
粤BH1Q66,114.116798,22.5509,933
粤BH1Q66,114.118401,22.5646,936
粤BH1Q66,114.119202,22.561701,936
粤BH1Q66,114.118103,22.566999,936
粤BH1Q66,114.118202,22.5683,937
粤BH1Q66,114.124496,22.57,940
粤BH1Q66,114.1297,22.571899,941
粤BH1Q66,114.130997,22.572201,942
粤BH1Q66,114.132698,22.571899,942
粤BH1Q66,114.134003,22.5711,942
粤BH1Q66,114.135002,22.570601,943
粤BH1Q66,114.136902,22.5697,943
粤BH1Q66,114.135498,22.566299,945
粤BH1Q66,114.132103,22.5623,946
粤BH1Q66,114.132103,22.5623,946
粤BH1Q66,114.133598,22.5639,946
粤BH1Q66,114.132103,22.5623,947
粤BH1Q66,114.132103,22.5623,947
粤BH1Q66,114.134697,22.558901,949
粤BH1Q66,114.134697,22.558901,949
粤BH1Q66,114.143097,22.5555,950
粤BH1Q66,114.1381,22.556101,950
粤BH1Q66,114.146103,22.5571,952
粤BH1Q66,114.147697,22.558201,953
粤BH1Q66,114.146301,22.557199,953
粤BH1Q66,114.150497,22.5564,954
粤BH1Q66,114.148201,22.559799,954
粤BH1Q66,114.1493,22.558201,954
粤BH1Q66,114.149399,22.547501,956
粤BH1Q66,114.149399,22.547501,956
粤BH1Q66,114.149597,22.550501,956
粤BH1Q66,114.149902,22.546101,957
粤BH1Q66,114.149399,22.5473,957
粤BH1Q66,114.1492,22.5453,958
粤BH1Q66,114.151398,22.553699,959
粤BH1Q66,114.150597,22.5567,960
粤BH1Q66,114.151199,22.554899,960
粤BH1Q66,114.144699,22.555599,961
粤BH1Q66,114.1502,22.556299,961
粤BH1Q66,114.147102,22.5557,961
粤BH1Q66,114.141899,22.555901,962
粤BH1Q66,114.137703,22.57,963
粤BH1Q66,114.1371,22.575701,964
粤BH1Q66,114.138496,22.5732,964
粤BH1Q66,114.127098,22.5774,965
粤BH1Q66,114.111801,22.585199,970
粤BH1Q66,114.112701,22.5847,971
粤BH1Q66,114.1119,22.5854,971
粤BH1Q66,114.120003,22.579399,974
粤BH1Q66,114.117401,22.580099,974
粤BH1Q66,114.122704,22.5793,975
粤BH1Q66,114.122803,22.5784,976
粤BH1Q66,114.121201,22.5762,978
粤BH1Q66,114.122803,22.5746,978
粤BH1Q66,114.121597,22.575199,978
粤BH1Q66,114.127403,22.577101,979
粤BH1Q66,114.128998,22.5774,980
粤BH1Q66,114.131699,22.575001,982
粤BH1Q66,114.1334,22.573799,983
粤BH1Q66,114.134003,22.5734,983
粤BH1Q66,114.133904,22.572201,984
粤BH1Q66,114.127403,22.5711,986
粤BH1Q66,114.1269,22.570801,987
粤BH1Q66,114.126404,22.570499,987
粤BH1Q66,114.127403,22.5711,987
粤BH1Q66,114.126404,22.570499,989
粤BH1Q66,114.125702,22.570299,990
粤BH1Q66,114.126404,22.570499,990
粤BH1Q66,114.125397,22.5702,991
粤BH1Q66,114.125397,22.5702,991
粤BH1Q66,114.124199,22.569901,993
粤BH1Q66,114.121696,22.569201,995
粤BH1Q66,114.118599,22.5709,997
粤BH1Q66,114.120903,22.5714,997
粤BH1Q66,114.121902,22.5716,998
粤BH1Q66,114.123001,22.5756,1000
粤BH1Q66,114.1241,22.574301,1001
粤BH1Q66,114.124199,22.5741,1001
粤BH1Q66,114.1185,22.573799,1004
粤BH1Q66,114.117897,22.573999,1004
粤BH1Q66,114.117599,22.5749,1005
粤BH1Q66,114.116898,22.576401,1005
粤BH1Q66,114.114799,22.5809,1007
粤BH1Q66,114.115501,22.579,1007
粤BH1Q66,114.115097,22.58,1007
粤BH1Q66,114.113098,22.584499,1008
粤BH1Q66,114.114197,22.5832,1008
粤BH1Q66,114.112099,22.586201,1009
粤BH1Q66,114.115898,22.6031,1011
粤BH1Q66,114.112701,22.599001,1011
粤BH1Q66,114.114304,22.6012,1011
粤BH1Q66,114.120201,22.606899,1012
粤BH1Q66,114.125298,22.6096,1013
粤BH1Q66,114.130302,22.6133,1014
粤BH1Q66,114.130997,22.614,1015
粤BH1Q66,114.131203,22.614201,1016
粤BH1Q66,114.130997,22.614,1016
粤BH1Q66,114.132698,22.615999,1018
粤BH1Q66,114.132698,22.615999,1018
粤BH1Q66,114.136002,22.6129,1028
粤BH1Q66,114.135696,22.6122,1029
粤BH1Q66,114.136299,22.6122,1029
粤BH1Q66,114.135696,22.6133,1031
粤BH1Q66,114.135696,22.614401,1032
粤BH1Q66,114.135101,22.616501,1032
粤BH1Q66,114.135002,22.6166,1033
粤BH1Q66,114.134598,22.6168,1034
粤BH1Q66,114.134598,22.6168,1036
粤BH1Q66,114.136803,22.620701,1038
粤BH1Q66,114.134102,22.617599,1038
粤BH1Q66,114.135696,22.619499,1038
粤BH1Q66,114.136803,22.620701,1039
粤BH1Q66,114.139503,22.622299,1040
粤BH1Q66,114.149597,22.623199,1041
粤BH1Q66,114.150497,22.623301,1042
粤BH1Q66,114.150398,22.623301,1042
粤BH1Q66,114.150803,22.6234,1043
粤BH1Q66,114.153099,22.6236,1046
粤BH1Q66,114.153099,22.6236,1046
粤BH1Q66,114.153099,22.623501,1047
粤BH1Q66,114.152901,22.623301,1047
粤BH1Q66,114.151802,22.617201,1051
粤BH1Q66,114.151299,22.611601,1053
粤BH1Q66,114.1511,22.610901,1054
粤BH1Q66,114.1511,22.610901,1054
粤BH1Q66,114.150803,22.610001,1056
粤BH1Q66,114.150299,22.608801,1057
粤BH1Q66,114.143402,22.6096,1060
粤BH1Q66,114.138901,22.6092,1061
粤BH1Q66,114.138901,22.6092,1061
粤BH1Q66,114.134399,22.610001,1064
粤BH1Q66,114.135399,22.6098,1064
粤BH1Q66,114.130096,22.6071,1068
粤BH1Q66,114.130096,22.6071,1069
粤BH1Q66,114.130096,22.6071,1069
粤BH1Q66,114.130096,22.6071,1070
粤BH1Q66,114.130096,22.6071,1070
粤BH1Q66,114.130096,22.6071,1072
粤BH1Q66,114.130096,22.6071,1072
粤BH1Q66,114.130096,22.6071,1073
粤BH1Q66,114.130096,22.6071,1073
粤BH1Q66,114.130096,22.6071,1074
粤BH1Q66,114.130096,22.6071,1076
粤BH1Q66,114.130096,22.6071,1076
粤BH1Q66,114.130096,22.6071,1077
粤BH1Q66,114.130096,22.6071,1077
粤BH1Q66,114.130096,22.6071,1080
粤BH1Q66,114.130096,22.6071,1080
粤BH1Q66,114.130096,22.6071,1080
粤BH1Q66,114.130096,22.6071,1081
粤BH1Q66,114.130096,22.6071,1081
粤BH1Q66,114.130096,22.6071,1083
粤BH1Q66,114.130096,22.6071,1084
粤BH1Q66,114.130096,22.6071,1084
粤BH1Q66,114.130096,22.6071,1085
粤BH1Q66,114.130096,22.6071,1085
粤BH1Q66,114.130096,22.6071,1087
粤BH1Q66,114.130096,22.6071,1087
粤BH1Q66,114.130096,22.6071,1088
粤BH1Q66,114.130096,22.6071,1089
粤BH1Q66,114.130096,22.6071,1090
粤BH1Q66,114.130096,22.6071,1094
粤BH1Q66,114.130096,22.6071,1094
粤BH1Q66,114.130096,22.6071,1095
粤BH1Q66,114.130096,22.6071,1096
粤BH1Q66,114.130096,22.6071,1097
粤BH1Q66,114.130096,22.6071,1097
粤BH1Q66,114.130096,22.6071,1098
粤BH1Q66,114.130096,22.6071,1098
粤BH1Q66,114.130096,22.6071,1099
粤BH1Q66,114.130096,22.6071,1101
粤BH1Q66,114.130096,22.6071,1102
粤BH1Q66,114.130096,22.6071,1102
粤BH1Q66,114.130096,22.6071,1104
粤BH1Q66,114.130096,22.6071,1105
粤BH1Q66,114.130096,22.6071,1105
粤BH1Q66,114.130096,22.6071,1105
粤BH1Q66,114.130096,22.6071,1106
粤BH1Q66,114.130096,22.6071,1108
粤BH1Q66,114.130096,22.6071,1108
粤BH1Q66,114.130096,22.6071,1108
粤BH1Q66,114.130096,22.6071,1109
粤BH1Q66,114.130096,22.6071,1109
粤BH1Q66,114.130096,22.6071,1111
粤BH1Q66,114.130096,22.6071,1111
粤BH1Q66,114.130096,22.6071,1112
粤BH1Q66,114.130096,22.6071,1113
粤BH1Q66,114.130096,22.6071,1113
粤BH1Q66,114.130096,22.6071,1115
粤BH1Q66,114.130096,22.6071,1116
粤BH1Q66,114.130096,22.6071,1119
粤BH1Q66,114.130096,22.6071,1119
粤BH1Q66,114.130096,22.6071,1120
粤BH1Q66,114.130096,22.6071,1120
粤BH1Q66,114.130096,22.6071,1122
粤BH1Q66,114.130096,22.6071,1122
粤BH1Q66,114.130096,22.6071,1125
粤BH1Q66,114.130096,22.6071,1126
粤BH1Q66,114.130096,22.6071,1126
粤BH1Q66,114.130096,22.6071,1126
粤BH1Q66,114.130096,22.6071,1128
粤BH1Q66,114.130096,22.6071,1129
粤BH1Q66,114.130096,22.6071,1129
粤BH1Q66,114.130096,22.6071,1129
粤BH1Q66,114.130096,22.6071,1130
粤BH1Q66,114.130096,22.6071,1130
粤BH1Q66,114.130096,22.6071,1132
粤BH1Q66,114.130096,22.6071,1132
粤BH1Q66,114.130096,22.6071,1132
粤BH1Q66,114.130096,22.6071,1133
粤BH1Q66,114.130096,22.6071,1135
粤BH1Q66,114.130096,22.6071,1136
粤BH1Q66,114.130096,22.6071,1136
粤BH1Q66,114.130096,22.6071,1141
粤BH1Q66,114.130096,22.6071,1142
粤BH1Q66,114.130096,22.6071,1146
粤BH1Q66,114.130096,22.6071,1146
粤BH1Q66,114.130096,22.6071,1147
粤BH1Q66,114.130096,22.6071,1147
粤BH1Q66,114.130096,22.6071,1148
粤BH1Q66,114.130096,22.6071,1149
粤BH1Q66,114.130096,22.6071,1150
粤BH1Q66,114.130096,22.6071,1151
粤BH1Q66,114.130096,22.6071,1153
粤BH1Q66,114.130096,22.6071,1154
粤BH1Q66,114.130096,22.6071,1155
粤BH1Q66,114.130096,22.6071,1157
粤BH1Q66,114.130096,22.6071,1157
粤BH1Q66,114.130096,22.6071,1157
粤BH1Q66,114.130096,22.6071,1158
粤BH1Q66,114.130096,22.6071,1158
粤BH1Q66,114.130096,22.6071,1162
粤BH1Q66,114.130096,22.6071,1164
粤BH1Q66,114.130096,22.6071,1165
粤BH1Q66,114.130096,22.6071,1165
粤BH1Q66,114.130096,22.6071,1165
粤BH1Q66,114.130096,22.6071,1166
粤BH1Q66,114.130096,22.6071,1167
粤BH1Q66,114.130096,22.6071,1170
粤BH1Q66,114.130096,22.6071,1170
粤BH1Q66,114.130096,22.6071,1171
粤BH1Q66,114.130096,22.6071,1171
粤BH1Q66,114.130096,22.6071,1174
粤BH1Q66,114.130096,22.6071,1174
粤BH1Q66,114.130096,22.6071,1175
粤BH1Q66,114.130096,22.6071,1175
粤BH1Q66,114.130096,22.6071,1176
粤BH1Q66,114.130096,22.6071,1177
粤BH1Q66,114.130096,22.6071,1178
粤BH1Q66,114.130096,22.6071,1178
粤BH1Q66,114.130096,22.6071,1178
粤BH1Q66,114.130096,22.6071,1179
粤BH1Q66,114.130096,22.6071,1179
粤BH1Q66,114.130096,22.6071,1181
粤BH1Q66,114.130096,22.6071,1182
粤BH1Q66,114.130096,22.6071,1183
粤BH1Q66,114.130096,22.6071,1184
粤BH1Q66,114.130096,22.6071,1186
粤BH1Q66,114.130096,22.6071,1190
粤BH1Q66,114.130096,22.6071,1190
粤BH1Q66,114.130096,22.6071,1191
粤BH1Q66,114.130096,22.6071,1192
粤BH1Q66,114.130096,22.6071,1193
粤BH1Q66,114.130096,22.6071,1193
粤BH1Q66,114.130096,22.6071,1194
粤BH1Q66,114.130096,22.6071,1194
粤BH1Q66,114.130096,22.6071,1195
粤BH1Q66,114.130096,22.6071,1198
粤BH1Q66,114.130096,22.6071,1198
粤BH1Q66,114.130096,22.6071,1198
粤BH1Q66,114.130096,22.6071,1199
粤BH1Q66,114.130096,22.6071,1202
粤BH1Q66,114.130096,22.6071,1203
粤BH1Q66,114.130096,22.6071,1203
粤BH1Q66,114.130096,22.6071,1203
粤BH1Q66,114.130096,22.6071,1205
粤BH1Q66,114.130096,22.6071,1206
粤BH1Q66,114.130096,22.6071,1207
粤BH1Q66,114.130096,22.6071,1207
粤BH1Q66,114.130096,22.6071,1208
粤BH1Q66,114.130096,22.6071,1209
粤BH1Q66,114.130096,22.6071,1209
粤BH1Q66,114.130096,22.6071,1209
粤BH1Q66,114.130096,22.6071,1212
粤BH1Q66,114.130096,22.6071,1212
粤BH1Q66,114.130096,22.6071,1213
粤BH1Q66,114.130096,22.6071,1214
粤BH1Q66,114.130096,22.6071,1215
粤BH1Q66,114.130096,22.6071,1216
粤BH1Q66,114.130096,22.6071,1216
粤BH1Q66,114.130096,22.6071,1217
粤BH1Q66,114.130096,22.6071,1221
粤BH1Q66,114.130096,22.6071,1221
粤BH1Q66,114.130096,22.6071,1222
粤BH1Q66,114.130096,22.6071,1222
粤BH1Q66,114.130096,22.6071,1224
粤BH1Q66,114.130096,22.6071,1225
粤BH1Q66,114.130096,22.6071,1226
粤BH1Q66,114.130096,22.6071,1228
粤BH1Q66,114.130096,22.6071,1228
粤BH1Q66,114.130096,22.6071,1228
粤BH1Q66,114.130096,22.6071,1229
粤BH1Q66,114.130096,22.6071,1229
粤BH1Q66,114.130096,22.6071,1232
粤BH1Q66,114.130096,22.6071,1232
粤BH1Q66,114.130096,22.6071,1234
粤BH1Q66,114.130096,22.6071,1235
粤BH1Q66,114.130096,22.6071,1235
粤BH1Q66,114.130096,22.6071,1236
粤BH1Q66,114.130096,22.6071,1236
粤BH1Q66,114.130096,22.6071,1236
粤BH1Q66,114.130096,22.6071,1238
粤BH1Q66,114.130096,22.6071,1238
粤BH1Q66,114.130096,22.6071,1239
粤BH1Q66,114.130096,22.6071,1239
粤BH1Q66,114.130096,22.6071,1242
粤BH1Q66,114.130096,22.6071,1242
粤BH1Q66,114.130096,22.6071,1242
粤BH1Q66,114.130096,22.6071,1243
粤BH1Q66,114.130096,22.6071,1243
粤BH1Q66,114.130096,22.6071,1245
粤BH1Q66,114.130096,22.6071,1246
粤BH1Q66,114.130096,22.6071,1246
粤BH1Q66,114.130096,22.6071,1246
粤BH1Q66,114.130096,22.6071,1247
粤BH1Q66,114.130096,22.6071,1248
粤BH1Q66,114.130096,22.6071,1249
粤BH1Q66,114.130096,22.6071,1250
粤BH1Q66,114.130096,22.6071,1253
粤BH1Q66,114.130096,22.6071,1255
粤BH1Q66,114.130096,22.6071,1257
粤BH1Q66,114.130096,22.6071,1260
粤BH1Q66,114.130096,22.6071,1261
粤BH1Q66,114.130096,22.6071,1261
粤BH1Q66,114.130096,22.6071,1262
粤BH1Q66,114.130096,22.6071,1262
粤BH1Q66,114.130096,22.6071,1264
粤BH1Q66,114.130096,22.6071,1265
粤BH1Q66,114.130096,22.6071,1265
粤BH1Q66,114.130096,22.6071,1267
粤BH1Q66,114.130096,22.6071,1267
粤BH1Q66,114.130096,22.6071,1268
粤BH1Q66,114.130096,22.6071,1268
粤BH1Q66,114.130096,22.6071,1268
粤BH1Q66,114.130096,22.6071,1269
粤BH1Q66,114.130096,22.6071,1271
粤BH1Q66,114.130096,22.6071,1271
粤BH1Q66,114.130096,22.6071,1272
粤BH1Q66,114.130096,22.6071,1272
粤BH1Q66,114.130096,22.6071,1272
粤BH1Q66,114.130096,22.6071,1274
粤BH1Q66,114.130096,22.6071,1275
粤BH1Q66,114.130096,22.6071,1276
粤BH1Q66,114.130096,22.6071,1277
粤BH1Q66,114.130096,22.6071,1277
粤BH1Q66,114.130096,22.6071,1278
粤BH1Q66,114.130096,22.6071,1278
粤BH1Q66,114.130096,22.6071,1278
粤BH1Q66,114.130096,22.6071,1281
粤BH1Q66,114.130096,22.6071,1281
粤BH1Q66,114.130096,22.6071,1281
粤BH1Q66,114.130096,22.6071,1282
粤BH1Q66,114.130096,22.6071,1282
粤BH1Q66,114.130096,22.6071,1282
粤BH1Q66,114.130096,22.6071,1285
粤BH1Q66,114.130096,22.6071,1286
粤BH1Q66,114.130096,22.6071,1288
粤BH1Q66,114.130096,22.6071,1288
粤BH1Q66,114.130096,22.6071,1288
粤BH1Q66,114.130096,22.6071,1289
粤BH1Q66,114.130096,22.6071,1289
粤BH1Q66,114.130096,22.6071,1291
粤BH1Q66,114.130096,22.6071,1292
粤BH1Q66,114.130096,22.6071,1292
粤BH1Q66,114.130096,22.6071,1292
粤BH1Q66,114.130096,22.6071,1295
粤BH1Q66,114.130096,22.6071,1296
粤BH1Q66,114.130096,22.6071,1296
粤BH1Q66,114.130096,22.6071,1298
粤BH1Q66,114.130096,22.6071,1298
粤BH1Q66,114.130096,22.6071,1299
粤BH1Q66,114.130096,22.6071,1302
粤BH1Q66,114.130096,22.6071,1303
粤BH1Q66,114.130096,22.6071,1307
粤BH1Q66,114.130096,22.6071,1308
粤BH1Q66,114.130096,22.6071,1309
粤BH1Q66,114.130096,22.6071,1310
粤BH1Q66,114.130096,22.6071,1310
粤BH1Q66,114.130096,22.6071,1311
粤BH1Q66,114.130096,22.6071,1311
粤BH1Q66,114.130096,22.6071,1314
粤BH1Q66,114.130096,22.6071,1314
粤BH1Q66,114.130096,22.6071,1315
粤BH1Q66,114.130096,22.6071,1317
粤BH1Q66,114.130096,22.6071,1317
粤BH1Q66,114.130096,22.6071,1318
粤BH1Q66,114.130096,22.6071,1318
粤BH1Q66,114.130096,22.6071,1325
粤BH1Q66,114.130096,22.6071,1325
粤BH1Q66,114.130096,22.6071,1330
粤BH1Q66,114.130096,22.6071,1331
粤BH1Q66,114.130096,22.6071,1331
粤BH1Q66,114.130096,22.6071,1332
粤BH1Q66,114.130096,22.6071,1332
粤BH1Q66,114.130096,22.6071,1334
粤BH1Q66,114.130096,22.6071,1334
粤BH1Q66,114.130096,22.6071,1334
粤BH1Q66,114.130096,22.6071,1335
粤BH1Q66,114.130096,22.6071,1335
粤BH1Q66,114.130096,22.6071,1337
粤BH1Q66,114.130096,22.6071,1337
粤BH1Q66,114.130096,22.6071,1338
粤BH1Q66,114.130096,22.6071,1338
粤BH1Q66,114.130096,22.6071,1338
粤BH1Q66,114.130096,22.6071,1341
粤BH1Q66,114.130096,22.6071,1341
粤BH1Q66,114.130096,22.6071,1341
粤BH1Q66,114.130096,22.6071,1342
粤BH1Q66,114.130096,22.6071,1342
粤BH1Q66,114.130096,22.6071,1344
粤BH1Q66,114.130096,22.6071,1344
粤BH1Q66,114.130096,22.6071,1344
粤BH1Q66,114.130096,22.6071,1345
粤BH1Q66,114.130096,22.6071,1346
粤BH1Q66,114.130096,22.6071,1347
粤BH1Q66,114.130096,22.6071,1348
粤BH1Q66,114.130096,22.6071,1348
粤BH1Q66,114.130096,22.6071,1349
粤BH1Q66,114.130096,22.6071,1349
粤BH1Q66,114.130096,22.6071,1350
粤BH1Q66,114.130096,22.6071,1352
粤BH1Q66,114.130096,22.6071,1353
粤BH1Q66,114.130096,22.6071,1353
粤BH1Q66,114.130096,22.6071,1356
粤BH1Q66,114.130096,22.6071,1358
粤BH1Q66,114.130096,22.6071,1359
粤BH1Q66,114.130096,22.6071,1360
粤BH1Q66,114.130096,22.6071,1360
粤BH1Q66,114.130096,22.6071,1364
粤BH1Q66,114.130096,22.6071,1365
粤BH1Q66,114.130096,22.6071,1365
粤BH1Q66,114.130096,22.6071,1365
粤BH1Q66,114.130096,22.6071,1368
粤BH1Q66,114.130096,22.6071,1368
粤BH1Q66,114.130096,22.6071,1368
粤BH1Q66,114.130096,22.6071,1369
粤BH1Q66,114.130096,22.6071,1369
粤BH1Q66,114.130096,22.6071,1372
粤BH1Q66,114.130096,22.6071,1372
粤BH1Q66,114.130096,22.6071,1373
粤BH1Q66,114.130096,22.6071,1373
粤BH1Q66,114.130096,22.6071,1376
粤BH1Q66,114.130096,22.6071,1377
粤BH1Q66,114.130096,22.6071,1377
粤BH1Q66,114.130096,22.6071,1380
粤BH1Q66,114.130096,22.6071,1380
粤BH1Q66,114.130096,22.6071,1380
粤BH1Q66,114.130096,22.6071,1381
粤BH1Q66,114.130096,22.6071,1382
粤BH1Q66,114.130096,22.6071,1383
粤BH1Q66,114.130096,22.6071,1384
粤BH1Q66,114.130096,22.6071,1384
粤BH1Q66,114.130096,22.6071,1385
粤BH1Q66,114.130096,22.6071,1386
粤BH1Q66,114.130096,22.6071,1386
粤BH1Q66,114.130096,22.6071,1387
粤BH1Q66,114.130096,22.6071,1388
粤BH1Q66,114.130096,22.6071,1388
粤BH1Q66,114.130096,22.6071,1390
粤BH1Q66,114.130096,22.6071,1391
粤BH1Q66,114.130096,22.6071,1391
粤BH1Q66,114.130096,22.6071,1393
粤BH1Q66,114.130096,22.6071,1393
粤BH1Q66,114.130096,22.6071,1394
粤BH1Q66,114.130096,22.6071,1394
粤BH1Q66,114.130096,22.6071,1395
粤BH1Q66,114.130096,22.6071,1398
粤BH1Q66,114.130096,22.6071,1399
粤BH1Q66,114.130096,22.6071,1399
粤BH1Q66,114.130096,22.6071,1401
粤BH1Q66,114.130096,22.6071,1402
粤BH1Q66,114.130096,22.6071,1404
粤BH1Q66,114.130096,22.6071,1405
粤BH1Q66,114.130096,22.6071,1405
粤BH1Q66,114.130096,22.6071,1405
粤BH1Q66,114.130096,22.6071,1410
粤BH1Q66,114.130096,22.6071,1410
粤BH1Q66,114.130096,22.6071,1411
粤BH1Q66,114.130096,22.6071,1411
粤BH1Q66,114.130096,22.6071,1412
粤BH1Q66,114.130096,22.6071,1413
粤BH1Q66,114.130096,22.6071,1413
粤BH1Q66,114.130096,22.6071,1415
粤BH1Q66,114.130096,22.6071,1415
粤BH1Q66,114.130096,22.6071,1415
粤BH1Q66,114.130096,22.6071,1416
粤BH1Q66,114.130096,22.6071,1417
粤BH1Q66,114.130096,22.6071,1418
粤BH1Q66,114.130096,22.6071,1418
粤BH1Q66,114.130096,22.6071,1419
粤BH1Q66,114.130096,22.6071,1419
粤BH1Q66,114.130096,22.6071,1422
粤BH1Q66,114.130096,22.6071,1423
粤BH1Q66,114.130096,22.6071,1425
粤BH1Q66,114.130096,22.6071,1426
粤BH1Q66,114.130096,22.6071,1427
粤BH1Q66,114.130096,22.6071,1429
粤BH1Q66,114.130096,22.6071,1429
粤BH1Q66,114.130096,22.6071,1430
粤BH1Q66,114.130096,22.6071,1430
粤BH1Q66,114.130096,22.6071,1431
粤BH1Q66,114.130096,22.6071,1432
粤BH1Q66,114.130096,22.6071,1432
粤BH1Q66,114.130096,22.6071,1433
粤BH1Q66,114.130096,22.6071,1433
