粤B2HM45,113.799301,22.704901,7
粤B2HM45,113.8004,22.703899,8
粤B2HM45,113.802299,22.703501,8
粤B2HM45,113.804703,22.703699,9
粤B2HM45,113.8069,22.704901,9
粤B2HM45,113.806999,22.7061,10
粤B2HM45,113.8069,22.705999,10
粤B2HM45,113.8069,22.705999,11
粤B2HM45,113.8069,22.705999,12
粤B2HM45,113.8069,22.705999,12
粤B2HM45,113.8069,22.705999,13
粤B2HM45,113.8069,22.705999,13
粤B2HM45,113.8069,22.705999,14
粤B2HM45,113.8069,22.705999,14
粤B2HM45,113.806801,22.705299,15
粤B2HM45,113.8069,22.705999,15
粤B2HM45,113.803101,22.7034,16
粤B2HM45,113.805397,22.704201,16
粤B2HM45,113.8022,22.700001,17
粤B2HM45,113.8022,22.701799,17
粤B2HM45,113.801697,22.697201,18
粤B2HM45,113.800903,22.693501,18
粤B2HM45,113.801399,22.691601,19
粤B2HM45,113.803398,22.6901,19
粤B2HM45,113.804298,22.689301,20
粤B2HM45,113.804604,22.6891,20
粤B2HM45,113.803802,22.688299,21
粤B2HM45,113.802498,22.686001,21
粤B2HM45,113.8013,22.682699,22
粤B2HM45,113.7976,22.682501,22
粤B2HM45,113.795601,22.682501,23
粤B2HM45,113.7957,22.6824,23
粤B2HM45,113.7957,22.6824,24
粤B2HM45,113.7957,22.6824,24
粤B2HM45,113.7957,22.6824,25
粤B2HM45,113.7957,22.6824,25
粤B2HM45,113.796799,22.680201,26
粤B2HM45,113.796402,22.6824,26
粤B2HM45,113.796799,22.678301,27
粤B2HM45,113.796799,22.677601,27
粤B2HM45,113.797302,22.6749,28
粤B2HM45,113.799202,22.6724,28
粤B2HM45,113.7995,22.6724,29
粤B2HM45,113.798302,22.6735,29
粤B2HM45,113.796997,22.677601,30
粤B2HM45,113.798203,22.6779,31
粤B2HM45,113.797096,22.6779,31
粤B2HM45,113.8004,22.677999,32
粤B2HM45,113.798203,22.6779,32
粤B2HM45,113.803001,22.678301,33
粤B2HM45,113.807297,22.6789,33
粤B2HM45,113.805199,22.678699,34
粤B2HM45,113.8022,22.6784,34
粤B2HM45,113.802498,22.6782,35
粤B2HM45,113.801498,22.6782,35
粤B2HM45,113.806801,22.678699,36
粤B2HM45,113.807899,22.677401,36
粤B2HM45,113.808701,22.6789,37
粤B2HM45,113.8078,22.677799,37
粤B2HM45,113.814003,22.6786,38
粤B2HM45,113.815598,22.6791,39
粤B2HM45,113.816498,22.6777,39
粤B2HM45,113.817497,22.676399,40
粤B2HM45,113.816399,22.6752,41
粤B2HM45,113.817101,22.675699,41
粤B2HM45,113.813698,22.6735,42
粤B2HM45,113.811897,22.6723,43
粤B2HM45,113.813103,22.6707,43
粤B2HM45,113.813599,22.669701,44
粤B2HM45,113.813103,22.6707,44
粤B2HM45,113.8144,22.667101,45
粤B2HM45,113.812401,22.665701,45
粤B2HM45,113.811401,22.6651,46
粤B2HM45,113.806702,22.6661,47
粤B2HM45,113.808998,22.6642,47
粤B2HM45,113.806396,22.6661,48
粤B2HM45,113.806503,22.666,48
粤B2HM45,113.806503,22.666,49
粤B2HM45,113.806503,22.666,49
粤B2HM45,113.806503,22.666,50
粤B2HM45,113.806503,22.666,50
粤B2HM45,113.806503,22.666,51
粤B2HM45,113.806503,22.666,51
粤B2HM45,113.806702,22.6658,52
粤B2HM45,113.806503,22.666,52
粤B2HM45,113.807999,22.6647,53
粤B2HM45,113.809601,22.6626,53
粤B2HM45,113.812401,22.6577,54
粤B2HM45,113.810997,22.66,54
粤B2HM45,113.816399,22.653,55
粤B2HM45,113.814598,22.6551,55
粤B2HM45,113.818497,22.6506,56
粤B2HM45,113.818497,22.6506,56
粤B2HM45,113.818497,22.6506,56
粤B2HM45,113.818497,22.6506,56
粤B2HM45,113.822098,22.643801,57
粤B2HM45,113.823303,22.639999,57
粤B2HM45,113.828903,22.633699,58
粤B2HM45,113.825897,22.6367,58
粤B2HM45,113.830803,22.6308,59
粤B2HM45,113.830902,22.630501,59
粤B2HM45,113.833099,22.624201,60
粤B2HM45,113.8321,22.627701,60
粤B2HM45,113.834297,22.6203,61
粤B2HM45,113.835899,22.616501,61
粤B2HM45,113.839401,22.6091,62
粤B2HM45,113.837601,22.612801,62
粤B2HM45,113.840202,22.607401,63
粤B2HM45,113.840202,22.607401,63
粤B2HM45,113.841301,22.605,64
粤B2HM45,113.840202,22.607201,64
粤B2HM45,113.843803,22.6,65
粤B2HM45,113.842903,22.601801,65
粤B2HM45,113.844498,22.598499,66
粤B2HM45,113.843803,22.6,66
粤B2HM45,113.846397,22.5952,67
粤B2HM45,113.848999,22.5921,67
粤B2HM45,113.855103,22.586901,68
粤B2HM45,113.851997,22.589199,68
粤B2HM45,113.857803,22.5851,69
粤B2HM45,113.857903,22.584999,69
粤B2HM45,113.857903,22.584999,70
粤B2HM45,113.857399,22.584,70
粤B2HM45,113.857903,22.5846,71
粤B2HM45,113.857903,22.5846,71
粤B2HM45,113.857903,22.5846,72
粤B2HM45,113.857903,22.5846,72
粤B2HM45,113.857903,22.5846,73
粤B2HM45,113.856796,22.586201,74
粤B2HM45,113.854401,22.5879,74
粤B2HM45,113.855003,22.5891,75
粤B2HM45,113.856102,22.5903,75
粤B2HM45,113.856102,22.5903,76
粤B2HM45,113.856102,22.5903,76
粤B2HM45,113.857498,22.5893,77
粤B2HM45,113.859802,22.587601,77
粤B2HM45,113.862396,22.5854,78
粤B2HM45,113.865303,22.583099,78
粤B2HM45,113.865303,22.583099,79
粤B2HM45,113.865303,22.583099,79
粤B2HM45,113.865601,22.582899,80
粤B2HM45,113.865303,22.583099,80
粤B2HM45,113.870201,22.586,81
粤B2HM45,113.867798,22.584299,81
粤B2HM45,113.872398,22.586901,82
粤B2HM45,113.873802,22.5847,82
粤B2HM45,113.874603,22.582001,83
粤B2HM45,113.875198,22.5795,83
粤B2HM45,113.876198,22.5788,84
粤B2HM45,113.875198,22.579201,84
粤B2HM45,113.875,22.576099,85
粤B2HM45,113.875801,22.577999,85
粤B2HM45,113.874901,22.575899,86
粤B2HM45,113.871696,22.574699,87
粤B2HM45,113.873596,22.5734,87
粤B2HM45,113.869202,22.576401,88
粤B2HM45,113.869202,22.576401,89
粤B2HM45,113.869102,22.576401,89
粤B2HM45,113.869102,22.576401,90
粤B2HM45,113.869102,22.576401,90
粤B2HM45,113.865898,22.5723,91
粤B2HM45,113.867798,22.5748,91
粤B2HM45,113.864403,22.573099,92
粤B2HM45,113.864304,22.5732,92
粤B2HM45,113.864304,22.5732,93
粤B2HM45,113.864304,22.5732,93
粤B2HM45,113.864304,22.5732,94
粤B2HM45,113.864304,22.5732,94
粤B2HM45,113.864304,22.5732,95
粤B2HM45,113.864304,22.5732,95
粤B2HM45,113.864304,22.5732,96
粤B2HM45,113.864304,22.5732,96
粤B2HM45,113.864304,22.5732,97
粤B2HM45,113.864304,22.5732,97
粤B2HM45,113.864304,22.5732,98
粤B2HM45,113.864304,22.5732,98
粤B2HM45,113.864304,22.5732,99
粤B2HM45,113.864304,22.5732,99
粤B2HM45,113.864304,22.5732,100
粤B2HM45,113.864304,22.5732,100
粤B2HM45,113.864304,22.5732,101
粤B2HM45,113.864304,22.5732,101
粤B2HM45,113.864304,22.5732,102
粤B2HM45,113.864304,22.5732,102
粤B2HM45,113.864304,22.5732,103
粤B2HM45,113.864304,22.5732,103
粤B2HM45,113.864304,22.5732,104
粤B2HM45,113.864304,22.5732,104
粤B2HM45,113.864304,22.5732,105
粤B2HM45,113.864304,22.5732,105
粤B2HM45,113.864304,22.5732,106
粤B2HM45,113.864304,22.5732,106
粤B2HM45,113.864304,22.5732,107
粤B2HM45,113.864304,22.5732,107
粤B2HM45,113.864304,22.5732,108
粤B2HM45,113.864304,22.5732,109
粤B2HM45,113.864304,22.5732,109
粤B2HM45,113.864304,22.5732,110
粤B2HM45,113.864304,22.5732,110
粤B2HM45,113.863197,22.573999,111
粤B2HM45,113.864304,22.5732,111
粤B2HM45,113.859703,22.5769,112
粤B2HM45,113.860901,22.575899,112
粤B2HM45,113.859703,22.5769,112
粤B2HM45,113.861702,22.578699,113
粤B2HM45,113.864998,22.579201,113
粤B2HM45,113.874496,22.572399,114
粤B2HM45,113.869797,22.5756,114
粤B2HM45,113.875,22.572001,115
粤B2HM45,113.875,22.572001,115
粤B2HM45,113.877701,22.5737,116
粤B2HM45,113.878998,22.5749,116
粤B2HM45,113.885696,22.5802,117
粤B2HM45,113.8825,22.5779,117
粤B2HM45,113.890198,22.5758,118
粤B2HM45,113.887497,22.578501,118
粤B2HM45,113.888496,22.577499,118
粤B2HM45,113.888901,22.577101,118
粤B2HM45,113.891899,22.5741,119
粤B2HM45,113.890999,22.5749,119
粤B2HM45,113.889999,22.577,120
粤B2HM45,113.891403,22.574699,120
粤B2HM45,113.888702,22.582701,121
粤B2HM45,113.891998,22.579399,121
粤B2HM45,113.889999,22.5842,122
粤B2HM45,113.889999,22.5842,122
粤B2HM45,113.887802,22.5895,123
粤B2HM45,113.889603,22.585699,123
粤B2HM45,113.8871,22.590799,124
粤B2HM45,113.8871,22.590799,124
粤B2HM45,113.888199,22.5931,125
粤B2HM45,113.886398,22.5924,125
粤B2HM45,113.888496,22.592899,126
粤B2HM45,113.888496,22.592899,126
粤B2HM45,113.888496,22.592899,127
粤B2HM45,113.888496,22.592899,127
粤B2HM45,113.888496,22.592899,128
粤B2HM45,113.888496,22.592899,128
粤B2HM45,113.888496,22.592899,129
粤B2HM45,113.888496,22.592899,130
粤B2HM45,113.888496,22.592899,130
粤B2HM45,113.890701,22.5933,131
粤B2HM45,113.888702,22.593,131
粤B2HM45,113.892303,22.591999,132
粤B2HM45,113.892601,22.590599,132
粤B2HM45,113.8937,22.5863,133
粤B2HM45,113.892899,22.589399,133
粤B2HM45,113.8965,22.582701,134
粤B2HM45,113.894798,22.583401,134
粤B2HM45,113.8964,22.5842,135
粤B2HM45,113.897102,22.5835,135
粤B2HM45,113.896301,22.584499,136
粤B2HM45,113.897202,22.583401,137
粤B2HM45,113.896599,22.584,137
粤B2HM45,113.897003,22.5812,138
粤B2HM45,113.896004,22.582199,138
粤B2HM45,113.897003,22.5812,139
粤B2HM45,113.897003,22.5812,139
粤B2HM45,113.897003,22.5812,140
粤B2HM45,113.897003,22.5812,140
粤B2HM45,113.897003,22.5812,141
粤B2HM45,113.897003,22.5812,141
粤B2HM45,113.897003,22.5812,142
粤B2HM45,113.897003,22.5812,142
粤B2HM45,113.897003,22.5812,143
粤B2HM45,113.897003,22.5812,143
粤B2HM45,113.897003,22.5812,144
粤B2HM45,113.897003,22.5812,144
粤B2HM45,113.897003,22.5812,145
粤B2HM45,113.897003,22.5812,145
粤B2HM45,113.897003,22.5812,146
粤B2HM45,113.897003,22.5812,146
粤B2HM45,113.897003,22.5812,147
粤B2HM45,113.897003,22.5812,147
粤B2HM45,113.897003,22.5812,148
粤B2HM45,113.897003,22.5812,148
粤B2HM45,113.897003,22.5812,149
粤B2HM45,113.897003,22.5812,149
粤B2HM45,113.897003,22.5812,150
粤B2HM45,113.897003,22.5812,150
粤B2HM45,113.897003,22.5812,151
粤B2HM45,113.897003,22.5812,151
粤B2HM45,113.897003,22.5812,152
粤B2HM45,113.897003,22.5812,152
粤B2HM45,113.897003,22.5812,153
粤B2HM45,113.897003,22.5812,153
粤B2HM45,113.897003,22.5812,154
粤B2HM45,113.897003,22.5812,154
粤B2HM45,113.897003,22.5812,155
粤B2HM45,113.897003,22.5812,155
粤B2HM45,113.897003,22.5812,156
粤B2HM45,113.897003,22.5812,156
粤B2HM45,113.897003,22.5812,157
粤B2HM45,113.897003,22.5812,157
粤B2HM45,113.897003,22.5812,158
粤B2HM45,113.897003,22.5812,158
粤B2HM45,113.897003,22.5812,159
粤B2HM45,113.897003,22.5812,159
粤B2HM45,113.897003,22.5812,160
粤B2HM45,113.897003,22.5812,160
粤B2HM45,113.897003,22.5812,161
粤B2HM45,113.897003,22.5812,161
粤B2HM45,113.897003,22.5812,162
粤B2HM45,113.897003,22.5812,163
粤B2HM45,113.897003,22.5812,163
粤B2HM45,113.897003,22.5812,164
粤B2HM45,113.897003,22.5812,164
粤B2HM45,113.897003,22.5812,165
粤B2HM45,113.897003,22.5812,165
粤B2HM45,113.897003,22.5812,166
粤B2HM45,113.897003,22.5812,166
粤B2HM45,113.897003,22.5812,167
粤B2HM45,113.897003,22.5812,167
粤B2HM45,113.897003,22.5812,168
粤B2HM45,113.897003,22.5812,168
粤B2HM45,113.897003,22.5812,169
粤B2HM45,113.897003,22.5812,169
粤B2HM45,113.897003,22.5812,170
粤B2HM45,113.897003,22.5812,170
粤B2HM45,113.897003,22.5812,171
粤B2HM45,113.897003,22.5812,171
粤B2HM45,113.897003,22.5812,172
粤B2HM45,113.897003,22.5812,172
粤B2HM45,113.897003,22.5812,173
粤B2HM45,113.897003,22.5812,173
粤B2HM45,113.897003,22.5812,174
粤B2HM45,113.897003,22.5812,174
粤B2HM45,113.897003,22.5812,175
粤B2HM45,113.897003,22.5812,175
粤B2HM45,113.897003,22.5812,176
粤B2HM45,113.897003,22.5812,176
粤B2HM45,113.897003,22.5812,177
粤B2HM45,113.897003,22.5812,177
粤B2HM45,113.897003,22.5812,178
粤B2HM45,113.897003,22.5812,178
粤B2HM45,113.897003,22.5812,179
粤B2HM45,113.897003,22.5812,179
粤B2HM45,113.897003,22.5812,180
粤B2HM45,113.897003,22.5812,180
粤B2HM45,113.897003,22.5812,181
粤B2HM45,113.897003,22.5812,181
粤B2HM45,113.897003,22.5812,182
粤B2HM45,113.897003,22.5812,182
粤B2HM45,113.897003,22.5812,183
粤B2HM45,113.897003,22.5812,192
粤B2HM45,113.897003,22.5812,192
粤B2HM45,113.897003,22.5812,193
粤B2HM45,113.897003,22.5812,193
粤B2HM45,113.897003,22.5812,194
粤B2HM45,113.897003,22.5812,194
粤B2HM45,113.897003,22.5812,195
粤B2HM45,113.897003,22.5812,195
粤B2HM45,113.897003,22.5812,196
粤B2HM45,113.897003,22.5812,196
粤B2HM45,113.897003,22.5812,197
粤B2HM45,113.897003,22.5812,197
粤B2HM45,113.897003,22.5812,198
粤B2HM45,113.897003,22.5812,198
粤B2HM45,113.897003,22.5812,199
粤B2HM45,113.897003,22.5812,199
粤B2HM45,113.897003,22.5812,200
粤B2HM45,113.897003,22.5812,200
粤B2HM45,113.897003,22.5812,201
粤B2HM45,113.897003,22.5812,201
粤B2HM45,113.897003,22.5812,202
粤B2HM45,113.897003,22.5812,202
粤B2HM45,113.897003,22.5812,203
粤B2HM45,113.897003,22.5812,203
粤B2HM45,113.897003,22.5812,204
粤B2HM45,113.897003,22.5812,204
粤B2HM45,113.897003,22.5812,205
粤B2HM45,113.897003,22.5812,205
粤B2HM45,113.897003,22.5812,206
粤B2HM45,113.897003,22.5812,206
粤B2HM45,113.897003,22.5812,207
粤B2HM45,113.897003,22.5812,207
粤B2HM45,113.897003,22.5812,208
粤B2HM45,113.897003,22.5812,208
粤B2HM45,113.897003,22.5812,209
粤B2HM45,113.897003,22.5812,209
粤B2HM45,113.897003,22.5812,210
粤B2HM45,113.897003,22.5812,210
粤B2HM45,113.897003,22.5812,211
粤B2HM45,113.897003,22.5812,211
粤B2HM45,113.897003,22.5812,212
粤B2HM45,113.897003,22.5812,212
粤B2HM45,113.897003,22.5812,213
粤B2HM45,113.897003,22.5812,213
粤B2HM45,113.897003,22.5812,214
粤B2HM45,113.897003,22.5812,214
粤B2HM45,113.897003,22.5812,215
粤B2HM45,113.897003,22.5812,215
粤B2HM45,113.897003,22.5812,216
粤B2HM45,113.897003,22.5812,217
粤B2HM45,113.897003,22.5812,217
粤B2HM45,113.897003,22.5812,218
粤B2HM45,113.897003,22.5812,218
粤B2HM45,113.897003,22.5812,219
粤B2HM45,113.897003,22.5812,219
粤B2HM45,113.897003,22.5812,220
粤B2HM45,113.897003,22.5812,220
粤B2HM45,113.897003,22.5812,221
粤B2HM45,113.897003,22.5812,221
粤B2HM45,113.897003,22.5812,222
粤B2HM45,113.897003,22.5812,222
粤B2HM45,113.897003,22.5812,223
粤B2HM45,113.897003,22.5812,223
粤B2HM45,113.897003,22.5812,224
粤B2HM45,113.897003,22.5812,224
粤B2HM45,113.897003,22.5812,225
粤B2HM45,113.897003,22.5812,225
粤B2HM45,113.897003,22.5812,226
粤B2HM45,113.897003,22.5812,226
粤B2HM45,113.897003,22.5812,227
粤B2HM45,113.897003,22.5812,227
粤B2HM45,113.897003,22.5812,228
粤B2HM45,113.897003,22.5812,228
粤B2HM45,113.897003,22.5812,229
粤B2HM45,113.897003,22.5812,229
粤B2HM45,113.897003,22.5812,230
粤B2HM45,113.897003,22.5812,230
粤B2HM45,113.897003,22.5812,231
粤B2HM45,113.897003,22.5812,231
粤B2HM45,113.897003,22.5812,232
粤B2HM45,113.897003,22.5812,233
粤B2HM45,113.897003,22.5812,233
粤B2HM45,113.897003,22.5812,234
粤B2HM45,113.897003,22.5812,234
粤B2HM45,113.897003,22.5812,235
粤B2HM45,113.897003,22.5812,235
粤B2HM45,113.897003,22.5812,236
粤B2HM45,113.897003,22.5812,236
粤B2HM45,113.897003,22.5812,237
粤B2HM45,113.897003,22.5812,237
粤B2HM45,113.897003,22.5812,238
粤B2HM45,113.897003,22.5812,238
粤B2HM45,113.897003,22.5812,239
粤B2HM45,113.897003,22.5812,239
粤B2HM45,113.897003,22.5812,240
粤B2HM45,113.897003,22.5812,240
粤B2HM45,113.897003,22.5812,241
粤B2HM45,113.897003,22.5812,241
粤B2HM45,113.897003,22.5812,242
粤B2HM45,113.897003,22.5812,242
粤B2HM45,113.897003,22.5812,243
粤B2HM45,113.897003,22.5812,243
粤B2HM45,113.897003,22.5812,244
粤B2HM45,113.897003,22.5812,244
粤B2HM45,113.897003,22.5812,245
粤B2HM45,113.897003,22.5812,245
粤B2HM45,113.897003,22.5812,246
粤B2HM45,113.897003,22.5812,246
粤B2HM45,113.897003,22.5812,247
粤B2HM45,113.897003,22.5812,247
粤B2HM45,113.897003,22.5812,248
粤B2HM45,113.897003,22.5812,248
粤B2HM45,113.897003,22.5812,249
粤B2HM45,113.897003,22.5812,249
粤B2HM45,113.897003,22.5812,250
粤B2HM45,113.897003,22.5812,250
粤B2HM45,113.897003,22.5812,251
粤B2HM45,113.897003,22.5812,251
粤B2HM45,113.897003,22.5812,252
粤B2HM45,113.897003,22.5812,252
粤B2HM45,113.897003,22.5812,253
粤B2HM45,113.897003,22.5812,253
粤B2HM45,113.897003,22.5812,254
粤B2HM45,113.897003,22.5812,254
粤B2HM45,113.897003,22.5812,255
粤B2HM45,113.897003,22.5812,255
粤B2HM45,113.897003,22.5812,256
粤B2HM45,113.897003,22.5812,257
粤B2HM45,113.897003,22.5812,257
粤B2HM45,113.897003,22.5812,258
粤B2HM45,113.897003,22.5812,258
粤B2HM45,113.897003,22.5812,259
粤B2HM45,113.897003,22.5812,259
粤B2HM45,113.897003,22.5812,260
粤B2HM45,113.897003,22.5812,260
粤B2HM45,113.897003,22.5812,261
粤B2HM45,113.897003,22.5812,261
粤B2HM45,113.897003,22.5812,262
粤B2HM45,113.897003,22.5812,262
粤B2HM45,113.897003,22.5812,263
粤B2HM45,113.897003,22.5812,263
粤B2HM45,113.897003,22.5812,264
粤B2HM45,113.897003,22.5812,264
粤B2HM45,113.897003,22.5812,265
粤B2HM45,113.897003,22.5812,265
粤B2HM45,113.897003,22.5812,266
粤B2HM45,113.897003,22.5812,266
粤B2HM45,113.897003,22.5812,267
粤B2HM45,113.897003,22.5812,267
粤B2HM45,113.897003,22.5812,268
粤B2HM45,113.897003,22.5812,268
粤B2HM45,113.897003,22.5812,269
粤B2HM45,113.897003,22.5812,269
粤B2HM45,113.897003,22.5812,270
粤B2HM45,113.897003,22.5812,270
粤B2HM45,113.897003,22.5812,271
粤B2HM45,113.897003,22.5812,271
粤B2HM45,113.897003,22.5812,272
粤B2HM45,113.897003,22.5812,272
粤B2HM45,113.897003,22.5812,273
粤B2HM45,113.897003,22.5812,273
粤B2HM45,113.897003,22.5812,274
粤B2HM45,113.897003,22.5812,274
粤B2HM45,113.897003,22.5812,275
粤B2HM45,113.897003,22.5812,275
粤B2HM45,113.897003,22.5812,276
粤B2HM45,113.897003,22.5812,276
粤B2HM45,113.897003,22.5812,277
粤B2HM45,113.897003,22.5812,277
粤B2HM45,113.897003,22.5812,278
粤B2HM45,113.897003,22.5812,278
粤B2HM45,113.897003,22.5812,279
粤B2HM45,113.897003,22.5812,279
粤B2HM45,113.897003,22.5812,280
粤B2HM45,113.897003,22.5812,280
粤B2HM45,113.897003,22.5812,281
粤B2HM45,113.897003,22.5812,281
粤B2HM45,113.897003,22.5812,282
粤B2HM45,113.897003,22.5812,282
粤B2HM45,113.897003,22.5812,283
粤B2HM45,113.897003,22.5812,283
粤B2HM45,113.897003,22.5812,284
粤B2HM45,113.897003,22.5812,285
粤B2HM45,113.897003,22.5812,285
粤B2HM45,113.897003,22.5812,286
粤B2HM45,113.897003,22.5812,286
粤B2HM45,113.897003,22.5812,287
粤B2HM45,113.897003,22.5812,287
粤B2HM45,113.897003,22.5812,288
粤B2HM45,113.897003,22.5812,288
粤B2HM45,113.897003,22.5812,289
粤B2HM45,113.897003,22.5812,289
粤B2HM45,113.897003,22.5812,290
粤B2HM45,113.897003,22.5812,290
粤B2HM45,113.897003,22.5812,291
粤B2HM45,113.897003,22.5812,291
粤B2HM45,113.897003,22.5812,292
粤B2HM45,113.897003,22.5812,292
粤B2HM45,113.897003,22.5812,293
粤B2HM45,113.897003,22.5812,293
粤B2HM45,113.897003,22.5812,294
粤B2HM45,113.897003,22.5812,294
粤B2HM45,113.897003,22.5812,295
粤B2HM45,113.897003,22.5812,295
粤B2HM45,113.897003,22.5812,296
粤B2HM45,113.897003,22.5812,296
粤B2HM45,113.897003,22.5812,297
粤B2HM45,113.897003,22.5812,297
粤B2HM45,113.897003,22.5812,298
粤B2HM45,113.897003,22.5812,298
粤B2HM45,113.897003,22.5812,299
粤B2HM45,113.897003,22.5812,299
粤B2HM45,113.897003,22.5812,300
粤B2HM45,113.897003,22.5812,300
粤B2HM45,113.897003,22.5812,301
粤B2HM45,113.897003,22.5812,301
粤B2HM45,113.897003,22.5812,302
粤B2HM45,113.897003,22.5812,302
粤B2HM45,113.897003,22.5812,303
粤B2HM45,113.897003,22.5812,304
粤B2HM45,113.897003,22.5812,305
粤B2HM45,113.897003,22.5812,305
粤B2HM45,113.897003,22.5812,306
粤B2HM45,113.897003,22.5812,306
粤B2HM45,113.897003,22.5812,307
粤B2HM45,113.897003,22.5812,307
粤B2HM45,113.897003,22.5812,308
粤B2HM45,113.897003,22.5812,308
粤B2HM45,113.897003,22.5812,309
粤B2HM45,113.897003,22.5812,309
粤B2HM45,113.897003,22.5812,310
粤B2HM45,113.897003,22.5812,310
粤B2HM45,113.897003,22.5812,311
粤B2HM45,113.897003,22.5812,311
粤B2HM45,113.897003,22.5812,312
粤B2HM45,113.897003,22.5812,312
粤B2HM45,113.897003,22.5812,313
粤B2HM45,113.897003,22.5812,313
粤B2HM45,113.897003,22.5812,314
粤B2HM45,113.897003,22.5812,314
粤B2HM45,113.897003,22.5812,315
粤B2HM45,113.897003,22.5812,315
粤B2HM45,113.897003,22.5812,316
粤B2HM45,113.897003,22.5812,316
粤B2HM45,113.897003,22.5812,317
粤B2HM45,113.897003,22.5812,317
粤B2HM45,113.897003,22.5812,318
粤B2HM45,113.897003,22.5812,318
粤B2HM45,113.897003,22.5812,319
粤B2HM45,113.897003,22.5812,319
粤B2HM45,113.897003,22.5812,320
粤B2HM45,113.897003,22.5812,320
粤B2HM45,113.897003,22.5812,321
粤B2HM45,113.897003,22.5812,321
粤B2HM45,113.897003,22.5812,322
粤B2HM45,113.897003,22.5812,322
粤B2HM45,113.897003,22.5812,323
粤B2HM45,113.897003,22.5812,323
粤B2HM45,113.897003,22.5812,324
粤B2HM45,113.897003,22.5812,324
粤B2HM45,113.897003,22.5812,325
粤B2HM45,113.897003,22.5812,325
粤B2HM45,113.897003,22.5812,326
粤B2HM45,113.897003,22.5812,326
粤B2HM45,113.897003,22.5812,327
粤B2HM45,113.897003,22.5812,327
粤B2HM45,113.897003,22.5812,328
粤B2HM45,113.897003,22.5812,328
粤B2HM45,113.897003,22.5812,329
粤B2HM45,113.897003,22.5812,329
粤B2HM45,113.897003,22.5812,330
粤B2HM45,113.897003,22.5812,330
粤B2HM45,113.897003,22.5812,331
粤B2HM45,113.897003,22.5812,331
粤B2HM45,113.897003,22.5812,332
粤B2HM45,113.897003,22.5812,332
粤B2HM45,113.897003,22.5812,333
粤B2HM45,113.897003,22.5812,333
粤B2HM45,113.897003,22.5812,334
粤B2HM45,113.897003,22.5812,334
粤B2HM45,113.897003,22.5812,335
粤B2HM45,113.897003,22.5812,335
粤B2HM45,113.897003,22.5812,336
粤B2HM45,113.897003,22.5812,336
粤B2HM45,113.897003,22.5812,337
粤B2HM45,113.897003,22.5812,337
粤B2HM45,113.897003,22.5812,338
粤B2HM45,113.897003,22.5812,338
粤B2HM45,113.897003,22.5812,339
粤B2HM45,113.897003,22.5812,339
粤B2HM45,113.897003,22.5812,340
粤B2HM45,113.897003,22.5812,340
粤B2HM45,113.897003,22.5812,341
粤B2HM45,113.897003,22.5812,341
粤B2HM45,113.897003,22.5812,342
粤B2HM45,113.897003,22.5812,342
粤B2HM45,113.897003,22.5812,343
粤B2HM45,113.897003,22.5812,343
粤B2HM45,113.897003,22.5812,344
粤B2HM45,113.897003,22.5812,344
粤B2HM45,113.897003,22.5812,345
粤B2HM45,113.897003,22.5812,345
粤B2HM45,113.897003,22.5812,346
粤B2HM45,113.897003,22.5812,346
粤B2HM45,113.897003,22.5812,347
粤B2HM45,113.897003,22.5812,347
粤B2HM45,113.897003,22.5812,348
粤B2HM45,113.897003,22.5812,348
粤B2HM45,113.897003,22.5812,349
粤B2HM45,113.897003,22.5812,349
粤B2HM45,113.897003,22.5812,350
粤B2HM45,113.897003,22.5812,350
粤B2HM45,113.897003,22.5812,351
粤B2HM45,113.897003,22.5812,351
粤B2HM45,113.897003,22.5812,352
粤B2HM45,113.897003,22.5812,352
粤B2HM45,113.897003,22.5812,353
粤B2HM45,113.897003,22.5812,353
粤B2HM45,113.897003,22.5812,354
粤B2HM45,113.897003,22.5812,354
粤B2HM45,113.897003,22.5812,355
粤B2HM45,113.897003,22.5812,355
粤B2HM45,113.897003,22.5812,356
粤B2HM45,113.897003,22.5812,356
粤B2HM45,113.897003,22.5812,357
粤B2HM45,113.897003,22.5812,357
粤B2HM45,113.897003,22.5812,358
粤B2HM45,113.897003,22.5812,358
粤B2HM45,113.897003,22.5812,359
粤B2HM45,113.897003,22.5812,359
粤B2HM45,113.897003,22.5812,360
粤B2HM45,113.897003,22.5812,360
粤B2HM45,113.897003,22.5812,361
粤B2HM45,113.897003,22.5812,361
粤B2HM45,113.897003,22.5812,362
粤B2HM45,113.897003,22.5812,362
粤B2HM45,113.897003,22.5812,363
粤B2HM45,113.897003,22.5812,364
粤B2HM45,113.897003,22.5812,365
粤B2HM45,113.897003,22.5812,366
粤B2HM45,113.897003,22.5812,366
粤B2HM45,113.897003,22.5812,367
粤B2HM45,113.897003,22.5812,367
粤B2HM45,113.897003,22.5812,368
粤B2HM45,113.897003,22.5812,368
粤B2HM45,113.897003,22.5812,369
粤B2HM45,113.897003,22.5812,369
粤B2HM45,113.897003,22.5812,370
粤B2HM45,113.897003,22.5812,370
粤B2HM45,113.897003,22.5812,371
粤B2HM45,113.897003,22.5812,371
粤B2HM45,113.897003,22.5812,372
粤B2HM45,113.897003,22.5812,372
粤B2HM45,113.897003,22.5812,373
粤B2HM45,113.897003,22.5812,373
粤B2HM45,113.897003,22.5812,374
粤B2HM45,113.897003,22.5812,374
粤B2HM45,113.897003,22.5812,375
粤B2HM45,113.897003,22.5812,375
粤B2HM45,113.897003,22.5812,376
粤B2HM45,113.897003,22.5812,376
粤B2HM45,113.897003,22.5812,377
粤B2HM45,113.897003,22.5812,377
粤B2HM45,113.897003,22.5812,378
粤B2HM45,113.897003,22.5812,378
粤B2HM45,113.897003,22.5812,379
粤B2HM45,113.897003,22.5812,379
粤B2HM45,113.897003,22.5812,380
粤B2HM45,113.897003,22.5812,380
粤B2HM45,113.897003,22.5812,381
粤B2HM45,113.897003,22.5812,381
粤B2HM45,113.897003,22.5812,382
粤B2HM45,113.897003,22.5812,382
粤B2HM45,113.897003,22.5812,383
粤B2HM45,113.897003,22.5812,383
粤B2HM45,113.897003,22.5812,384
粤B2HM45,113.897003,22.5812,384
粤B2HM45,113.897003,22.5812,385
粤B2HM45,113.897003,22.5812,385
粤B2HM45,113.897003,22.5812,386
粤B2HM45,113.897003,22.5812,386
粤B2HM45,113.897003,22.5812,387
粤B2HM45,113.897003,22.5812,388
粤B2HM45,113.897003,22.5812,388
粤B2HM45,113.897003,22.5812,389
粤B2HM45,113.897003,22.5812,389
粤B2HM45,113.897003,22.5812,390
粤B2HM45,113.897003,22.5812,390
粤B2HM45,113.897003,22.5812,391
粤B2HM45,113.897003,22.5812,391
粤B2HM45,113.897003,22.5812,392
粤B2HM45,113.897003,22.5812,392
粤B2HM45,113.897003,22.5812,393
粤B2HM45,113.897003,22.5812,393
粤B2HM45,113.897003,22.5812,394
粤B2HM45,113.897003,22.5812,394
粤B2HM45,113.897003,22.5812,395
粤B2HM45,113.897003,22.5812,395
粤B2HM45,113.897003,22.5812,396
粤B2HM45,113.897003,22.5812,397
粤B2HM45,113.897003,22.5812,397
粤B2HM45,113.897003,22.5812,398
粤B2HM45,113.897003,22.5812,398
粤B2HM45,113.897003,22.5812,399
粤B2HM45,113.897003,22.5812,399
粤B2HM45,113.897003,22.5812,400
粤B2HM45,113.897003,22.5812,400
粤B2HM45,113.897003,22.5812,401
粤B2HM45,113.897003,22.5812,401
粤B2HM45,113.897003,22.5812,402
粤B2HM45,113.897003,22.5812,402
粤B2HM45,113.897003,22.5812,403
粤B2HM45,113.897003,22.5812,403
粤B2HM45,113.897003,22.5812,404
粤B2HM45,113.897003,22.5812,404
粤B2HM45,113.897003,22.5812,405
粤B2HM45,113.897003,22.5812,405
粤B2HM45,113.897003,22.5812,406
粤B2HM45,113.897003,22.5812,406
粤B2HM45,113.897003,22.5812,407
粤B2HM45,113.897003,22.5812,408
粤B2HM45,113.897003,22.5812,408
粤B2HM45,113.897003,22.5812,409
粤B2HM45,113.897003,22.5812,409
粤B2HM45,113.897003,22.5812,410
粤B2HM45,113.897003,22.5812,410
粤B2HM45,113.897003,22.5812,411
粤B2HM45,113.897003,22.5812,411
粤B2HM45,113.897003,22.5812,412
粤B2HM45,113.897003,22.5812,412
粤B2HM45,113.897003,22.5812,413
粤B2HM45,113.897003,22.5812,413
粤B2HM45,113.897003,22.5812,415
粤B2HM45,113.897003,22.5812,416
粤B2HM45,113.897003,22.5812,416
粤B2HM45,113.897003,22.5812,417
粤B2HM45,113.897003,22.5812,417
粤B2HM45,113.897003,22.5812,418
粤B2HM45,113.897003,22.5812,418
粤B2HM45,113.897003,22.5812,419
粤B2HM45,113.897003,22.5812,419
粤B2HM45,113.897003,22.5812,420
粤B2HM45,113.897003,22.5812,420
粤B2HM45,113.897003,22.5812,421
粤B2HM45,113.897003,22.5812,421
粤B2HM45,113.897003,22.5812,422
粤B2HM45,113.897003,22.5812,422
粤B2HM45,113.897499,22.5809,423
粤B2HM45,113.897003,22.5812,423
粤B2HM45,113.900597,22.5776,424
粤B2HM45,113.899101,22.579201,424
粤B2HM45,113.901901,22.5763,425
粤B2HM45,113.902901,22.575199,425
粤B2HM45,113.903603,22.5746,426
粤B2HM45,113.903397,22.5749,426
粤B2HM45,113.9049,22.5734,427
粤B2HM45,113.903603,22.5746,427
粤B2HM45,113.904999,22.5716,428
粤B2HM45,113.905502,22.572701,428
粤B2HM45,113.9049,22.571501,429
粤B2HM45,113.903,22.569799,429
粤B2HM45,113.899597,22.5669,430
粤B2HM45,113.900299,22.5676,430
粤B2HM45,113.901497,22.568501,430
粤B2HM45,113.899101,22.566799,431
粤B2HM45,113.897102,22.568501,431
粤B2HM45,113.899597,22.5669,431
粤B2HM45,113.895798,22.5669,432
粤B2HM45,113.894897,22.566999,432
粤B2HM45,113.894897,22.566999,433
粤B2HM45,113.894402,22.5676,433
粤B2HM45,113.894203,22.567699,433
粤B2HM45,113.894203,22.567699,433
粤B2HM45,113.892799,22.569099,434
粤B2HM45,113.891098,22.5709,434
粤B2HM45,113.892403,22.5723,435
粤B2HM45,113.895599,22.5704,436
粤B2HM45,113.895798,22.570299,436
粤B2HM45,113.893898,22.5721,437
粤B2HM45,113.893303,22.572701,437
粤B2HM45,113.894699,22.571301,437
粤B2HM45,113.892303,22.5737,438
粤B2HM45,113.891296,22.5746,438
粤B2HM45,113.888702,22.576,439
粤B2HM45,113.890099,22.575899,439
粤B2HM45,113.887703,22.5751,440
粤B2HM45,113.887802,22.575199,440
粤B2HM45,113.887703,22.5751,441
粤B2HM45,113.887703,22.5751,441
粤B2HM45,113.887703,22.5751,442
粤B2HM45,113.887703,22.5751,442
粤B2HM45,113.888397,22.575701,443
粤B2HM45,113.887703,22.575001,443
粤B2HM45,113.889198,22.5763,444
粤B2HM45,113.891899,22.578699,445
粤B2HM45,113.891403,22.5783,445
粤B2HM45,113.892197,22.579,446
粤B2HM45,113.890999,22.580299,446
粤B2HM45,113.889603,22.581699,447
粤B2HM45,113.889999,22.584101,448
粤B2HM45,113.891602,22.5846,448
粤B2HM45,113.892403,22.584999,449
粤B2HM45,113.892403,22.584999,449
粤B2HM45,113.892403,22.584999,450
粤B2HM45,113.892403,22.584999,450
粤B2HM45,113.892403,22.584999,451
粤B2HM45,113.892403,22.584999,451
粤B2HM45,113.891899,22.5847,452
粤B2HM45,113.890602,22.584499,452
粤B2HM45,113.888496,22.587799,453
粤B2HM45,113.889801,22.5851,453
粤B2HM45,113.888298,22.5884,454
粤B2HM45,113.888298,22.5884,454
粤B2HM45,113.888199,22.5886,455
粤B2HM45,113.886398,22.5881,455
粤B2HM45,113.885101,22.5875,456
粤B2HM45,113.8843,22.587099,456
粤B2HM45,113.882401,22.5889,457
粤B2HM45,113.880997,22.5902,457
粤B2HM45,113.880997,22.5903,458
粤B2HM45,113.879204,22.589199,458
粤B2HM45,113.880096,22.585699,459
粤B2HM45,113.878304,22.5875,459
粤B2HM45,113.881104,22.5846,460
粤B2HM45,113.881104,22.5846,460
粤B2HM45,113.879898,22.5833,461
粤B2HM45,113.879501,22.582899,461
粤B2HM45,113.879997,22.5819,462
粤B2HM45,113.882004,22.5804,463
粤B2HM45,113.883202,22.5791,463
粤B2HM45,113.883202,22.5791,464
粤B2HM45,113.884399,22.5776,465
粤B2HM45,113.886497,22.575399,465
粤B2HM45,113.889297,22.5763,466
粤B2HM45,113.889297,22.5763,467
粤B2HM45,113.891098,22.5748,467
粤B2HM45,113.893898,22.577101,468
粤B2HM45,113.892197,22.5756,468
粤B2HM45,113.895599,22.5755,469
粤B2HM45,113.895302,22.5758,469
粤B2HM45,113.895599,22.5755,470
粤B2HM45,113.895599,22.5755,470
粤B2HM45,113.895599,22.5755,471
粤B2HM45,113.896301,22.5749,471
粤B2HM45,113.899002,22.5721,472
粤B2HM45,113.899002,22.5721,472
粤B2HM45,113.899002,22.5721,474
粤B2HM45,113.901703,22.5695,474
粤B2HM45,113.901802,22.569401,475
粤B2HM45,113.901802,22.569401,475
粤B2HM45,113.903702,22.5674,476
粤B2HM45,113.902397,22.5688,476
粤B2HM45,113.905899,22.5653,477
粤B2HM45,113.904602,22.5665,477
粤B2HM45,113.905998,22.5651,478
粤B2HM45,113.907898,22.5653,478
粤B2HM45,113.908897,22.564699,479
粤B2HM45,113.908897,22.564699,479
粤B2HM45,113.908997,22.567499,480
粤B2HM45,113.908897,22.5646,480
粤B2HM45,113.9049,22.566601,481
粤B2HM45,113.9076,22.568001,481
粤B2HM45,113.906303,22.564199,482
粤B2HM45,113.905502,22.565701,482
粤B2HM45,113.904404,22.5625,483
粤B2HM45,113.898903,22.5625,486
粤B2HM45,113.893204,22.5665,487
粤B2HM45,113.896301,22.563601,487
粤B2HM45,113.885696,22.5741,488
粤B2HM45,113.889603,22.5704,488
粤B2HM45,113.882202,22.5772,489
粤B2HM45,113.879402,22.58,489
粤B2HM45,113.874496,22.585199,490
粤B2HM45,113.871803,22.588699,491
粤B2HM45,113.872902,22.5868,491
粤B2HM45,113.871597,22.587299,492
粤B2HM45,113.868401,22.585199,492
粤B2HM45,113.8666,22.583799,493
粤B2HM45,113.864403,22.582001,493
粤B2HM45,113.863998,22.581499,494
粤B2HM45,113.863602,22.5812,494
粤B2HM45,113.864403,22.582001,494
粤B2HM45,113.858704,22.5849,495
粤B2HM45,113.861198,22.583,495
粤B2HM45,113.858704,22.5849,496
粤B2HM45,113.858704,22.5849,496
粤B2HM45,113.858704,22.5849,497
粤B2HM45,113.858704,22.5849,497
粤B2HM45,113.860497,22.5832,498
粤B2HM45,113.858299,22.5849,498
粤B2HM45,113.862602,22.580999,499
粤B2HM45,113.862396,22.5804,500
粤B2HM45,113.862396,22.5804,500
粤B2HM45,113.862396,22.5804,501
粤B2HM45,113.862396,22.5804,501
粤B2HM45,113.862396,22.5804,502
粤B2HM45,113.862396,22.5804,502
粤B2HM45,113.862297,22.5798,503
粤B2HM45,113.862396,22.5804,503
粤B2HM45,113.8592,22.581499,504
粤B2HM45,113.860397,22.580799,504
粤B2HM45,113.857101,22.582899,505
粤B2HM45,113.858398,22.582001,505
粤B2HM45,113.858002,22.5846,506
粤B2HM45,113.857101,22.5837,506
粤B2HM45,113.8591,22.584299,507
粤B2HM45,113.8619,22.582001,507
粤B2HM45,113.863297,22.5809,508
粤B2HM45,113.863297,22.5809,509
粤B2HM45,113.863297,22.5809,509
粤B2HM45,113.863403,22.580799,510
粤B2HM45,113.865196,22.582199,510
粤B2HM45,113.865601,22.5825,511
粤B2HM45,113.865601,22.5825,511
粤B2HM45,113.865601,22.5825,512
粤B2HM45,113.867401,22.5839,512
粤B2HM45,113.868301,22.5846,513
粤B2HM45,113.869499,22.585501,513
粤B2HM45,113.872498,22.586901,514
粤B2HM45,113.873299,22.586,515
粤B2HM45,113.875198,22.583799,515
粤B2HM45,113.8787,22.5802,516
粤B2HM45,113.876999,22.582001,516
粤B2HM45,113.879501,22.5795,517
粤B2HM45,113.880302,22.578699,517
粤B2HM45,113.881699,22.577299,518
粤B2HM45,113.8825,22.5765,518
粤B2HM45,113.884903,22.5744,519
粤B2HM45,113.884598,22.574699,519
粤B2HM45,113.885498,22.5739,520
粤B2HM45,113.885201,22.5741,520
粤B2HM45,113.885399,22.573601,521
粤B2HM45,113.8825,22.571199,522
粤B2HM45,113.883797,22.572201,522
粤B2HM45,113.8825,22.571199,523
粤B2HM45,113.8825,22.570601,523
粤B2HM45,113.8834,22.5697,524
粤B2HM45,113.8834,22.5697,524
粤B2HM45,113.885902,22.567301,525
粤B2HM45,113.884903,22.5683,525
粤B2HM45,113.885902,22.567301,526
粤B2HM45,113.885902,22.567301,526
粤B2HM45,113.887604,22.565701,527
粤B2HM45,113.885902,22.567301,527
粤B2HM45,113.888496,22.5648,528
粤B2HM45,113.889,22.564301,528
粤B2HM45,113.889,22.564301,529
粤B2HM45,113.889,22.564301,529
粤B2HM45,113.889198,22.5641,530
粤B2HM45,113.8909,22.562599,531
粤B2HM45,113.8918,22.5616,531
粤B2HM45,113.892502,22.561001,532
粤B2HM45,113.893898,22.5599,532
粤B2HM45,113.8964,22.557899,533
粤B2HM45,113.894997,22.559,533
粤B2HM45,113.897499,22.5571,534
粤B2HM45,113.897499,22.5571,534
粤B2HM45,113.898003,22.556801,535
粤B2HM45,113.897499,22.5571,535
粤B2HM45,113.899597,22.5581,536
粤B2HM45,113.899696,22.558201,536
粤B2HM45,113.899696,22.558201,537
粤B2HM45,113.909103,22.567301,546
粤B2HM45,113.908997,22.568701,547
粤B2HM45,113.908897,22.5695,547
粤B2HM45,113.908897,22.568001,547
粤B2HM45,113.908699,22.5662,548
粤B2HM45,113.907204,22.5648,549
粤B2HM45,113.907204,22.5648,549
粤B2HM45,113.907204,22.5648,550
粤B2HM45,113.907204,22.5648,550
粤B2HM45,113.907097,22.5648,551
粤B2HM45,113.908203,22.563,551
粤B2HM45,113.906197,22.560301,552
粤B2HM45,113.907204,22.5611,552
粤B2HM45,113.904099,22.5585,553
粤B2HM45,113.903397,22.5585,553
粤B2HM45,113.904701,22.559099,553
粤B2HM45,113.901299,22.5606,554
粤B2HM45,113.902,22.559799,554
粤B2HM45,113.899597,22.5623,555
粤B2HM45,113.900398,22.563801,555
粤B2HM45,113.901703,22.564301,556
粤B2HM45,113.903099,22.562901,556
粤B2HM45,113.903297,22.561399,557
粤B2HM45,113.897697,22.5571,558
粤B2HM45,113.895699,22.558599,558
粤B2HM45,113.892799,22.560699,559
粤B2HM45,113.894997,22.559099,559
粤B2HM45,113.892097,22.560499,560
粤B2HM45,113.888199,22.5604,561
粤B2HM45,113.885002,22.563299,561
粤B2HM45,113.884399,22.5639,562
粤B2HM45,113.884399,22.5639,562
粤B2HM45,113.883102,22.5644,563
粤B2HM45,113.884102,22.564199,563
粤B2HM45,113.878197,22.561701,564
粤B2HM45,113.879799,22.561701,564
粤B2HM45,113.8778,22.5644,565
粤B2HM45,113.880203,22.5665,565
粤B2HM45,113.892097,22.560499,565
粤B2HM45,113.879898,22.566299,566
粤B2HM45,113.880096,22.5665,566
粤B2HM45,113.879303,22.565701,567
粤B2HM45,113.877998,22.564699,567
粤B2HM45,113.877998,22.564699,568
粤B2HM45,113.8778,22.564501,568
粤B2HM45,113.876701,22.563601,569
粤B2HM45,113.877098,22.5637,569
粤B2HM45,113.881599,22.5662,570
粤B2HM45,113.879799,22.566099,570
粤B2HM45,113.882698,22.5653,571
粤B2HM45,113.882599,22.565399,571
粤B2HM45,113.882698,22.5653,572
粤B2HM45,113.882698,22.5653,572
粤B2HM45,113.884903,22.5658,573
粤B2HM45,113.882797,22.565201,573
粤B2HM45,113.889198,22.5641,574
粤B2HM45,113.887199,22.566099,574
粤B2HM45,113.889198,22.5641,575
粤B2HM45,113.889198,22.5641,575
粤B2HM45,113.889603,22.563801,576
粤B2HM45,113.892899,22.565901,577
粤B2HM45,113.895401,22.5686,577
粤B2HM45,113.895699,22.568899,578
粤B2HM45,113.896301,22.569401,578
粤B2HM45,113.899399,22.571699,579
粤B2HM45,113.898399,22.5711,579
粤B2HM45,113.901299,22.569901,580
粤B2HM45,113.901398,22.569799,580
粤B2HM45,113.902397,22.569201,581
粤B2HM45,113.903099,22.569901,581
粤B2HM45,113.903099,22.569799,582
粤B2HM45,113.904099,22.570801,582
粤B2HM45,113.904503,22.5711,582
粤B2HM45,113.900002,22.5714,583
粤B2HM45,113.901703,22.5697,583
粤B2HM45,113.899399,22.571899,584
粤B2HM45,113.900002,22.5714,584
粤B2HM45,113.896896,22.570101,585
粤B2HM45,113.896698,22.57,585
粤B2HM45,113.893898,22.5679,586
粤B2HM45,113.896599,22.569901,586
粤B2HM45,113.887802,22.5723,587
粤B2HM45,113.890999,22.569,587
粤B2HM45,113.883904,22.575701,588
粤B2HM45,113.879997,22.5793,588
粤B2HM45,113.877098,22.582199,589
粤B2HM45,113.874702,22.584999,589
粤B2HM45,113.871597,22.5882,590
粤B2HM45,113.872597,22.5872,590
粤B2HM45,113.868599,22.592501,591
粤B2HM45,113.870201,22.5898,591
粤B2HM45,113.864403,22.5993,592
粤B2HM45,113.8666,22.596001,592
粤B2HM45,113.8619,22.603201,593
粤B2HM45,113.858803,22.606899,593
粤B2HM45,113.853699,22.6147,594
粤B2HM45,113.855698,22.6106,594
粤B2HM45,113.848602,22.622,595
粤B2HM45,113.851799,22.618099,595
粤B2HM45,113.843498,22.6299,596
粤B2HM45,113.845398,22.626101,596
粤B2HM45,113.838097,22.636101,597
粤B2HM45,113.840202,22.634001,597
粤B2HM45,113.840302,22.633499,598
粤B2HM45,113.843201,22.6301,598
粤B2HM45,113.847,22.623199,599
粤B2HM45,113.845001,22.626301,599
粤B2HM45,113.837997,22.620399,600
粤B2HM45,113.8433,22.621799,600
粤B2HM45,113.818703,22.612101,602
粤B2HM45,113.816002,22.6145,603
粤B2HM45,113.813599,22.6187,603
粤B2HM45,113.812103,22.6231,604
粤B2HM45,113.812401,22.6266,604
粤B2HM45,113.8097,22.627501,605
粤B2HM45,113.8097,22.6276,605
粤B2HM45,113.808296,22.6269,606
粤B2HM45,113.809502,22.627501,606
粤B2HM45,113.807404,22.6227,607
粤B2HM45,113.810799,22.616501,608
粤B2HM45,113.808998,22.619699,608
粤B2HM45,113.812798,22.6127,609
粤B2HM45,113.816101,22.6101,609
粤B2HM45,113.819298,22.6117,610
粤B2HM45,113.822998,22.613899,610
粤B2HM45,113.827202,22.615801,611
粤B2HM45,113.831398,22.617701,611
粤B2HM45,113.8349,22.6192,612
粤B2HM45,113.833801,22.618799,612
粤B2HM45,113.839798,22.620501,613
粤B2HM45,113.837196,22.6199,613
粤B2HM45,113.838501,22.6196,614
粤B2HM45,113.839302,22.6187,614
粤B2HM45,113.840401,22.6173,615
粤B2HM45,113.841904,22.6152,616
粤B2HM45,113.841499,22.615801,616
粤B2HM45,113.841797,22.615299,616
粤B2HM45,113.842499,22.6141,617
粤B2HM45,113.846802,22.6136,618
粤B2HM45,113.848602,22.614401,618
粤B2HM45,113.849899,22.614,619
粤B2HM45,113.8517,22.6143,619
粤B2HM45,113.853699,22.614201,620
粤B2HM45,113.855698,22.610399,620
粤B2HM45,113.857002,22.608601,621
粤B2HM45,113.8563,22.609501,621
粤B2HM45,113.858299,22.607201,623
粤B2HM45,113.861801,22.6029,624
粤B2HM45,113.865501,22.5972,625
粤B2HM45,113.867203,22.5947,626
粤B2HM45,113.870003,22.589701,627
粤B2HM45,113.870499,22.589001,627
粤B2HM45,113.870697,22.588499,628
粤B2HM45,113.870598,22.5877,629
粤B2HM45,113.872398,22.587799,630
粤B2HM45,113.8713,22.587099,630
粤B2HM45,113.873001,22.588301,631
粤B2HM45,113.873001,22.588301,631
粤B2HM45,113.874199,22.5893,632
粤B2HM45,113.874603,22.5895,634
粤B2HM45,113.875397,22.5902,634
粤B2HM45,113.876801,22.591299,635
粤B2HM45,113.878899,22.5921,635
粤B2HM45,113.879898,22.589701,636
粤B2HM45,113.878098,22.587799,636
粤B2HM45,113.881104,22.5846,637
粤B2HM45,113.880402,22.5854,637
粤B2HM45,113.881302,22.584299,638
粤B2HM45,113.882004,22.583401,638
粤B2HM45,113.881897,22.5835,638
粤B2HM45,113.881897,22.5835,638
粤B2HM45,113.884804,22.5809,639
粤B2HM45,113.883797,22.581699,639
粤B2HM45,113.888,22.582701,640
粤B2HM45,113.886497,22.5814,640
粤B2HM45,113.888,22.582701,641
粤B2HM45,113.888,22.582701,641
粤B2HM45,113.887398,22.5839,642
粤B2HM45,113.888,22.582701,642
粤B2HM45,113.886902,22.584499,643
粤B2HM45,113.886902,22.584499,643
粤B2HM45,113.886299,22.584999,644
粤B2HM45,113.884598,22.587099,644
粤B2HM45,113.8862,22.587999,645
粤B2HM45,113.887901,22.5886,645
粤B2HM45,113.889397,22.585899,646
粤B2HM45,113.8881,22.5886,646
粤B2HM45,113.889999,22.5846,647
粤B2HM45,113.891899,22.5847,647
粤B2HM45,113.894203,22.584101,648
粤B2HM45,113.895599,22.582701,649
粤B2HM45,113.894501,22.583799,649
粤B2HM45,113.895302,22.584101,650
粤B2HM45,113.894501,22.583799,650
粤B2HM45,113.8955,22.584101,651
粤B2HM45,113.895897,22.584101,651
粤B2HM45,113.895897,22.584101,652
粤B2HM45,113.895897,22.584101,652
粤B2HM45,113.895897,22.584101,653
粤B2HM45,113.895897,22.584101,653
粤B2HM45,113.895897,22.584101,654
粤B2HM45,113.895897,22.584101,654
粤B2HM45,113.895897,22.584101,655
粤B2HM45,113.895897,22.584101,655
粤B2HM45,113.895897,22.584101,656
粤B2HM45,113.895897,22.584101,656
粤B2HM45,113.895897,22.584101,657
粤B2HM45,113.895897,22.584101,657
粤B2HM45,113.895897,22.584101,658
粤B2HM45,113.895897,22.584101,658
粤B2HM45,113.895897,22.584101,659
粤B2HM45,113.895897,22.584101,659
粤B2HM45,113.895897,22.584101,660
粤B2HM45,113.895897,22.584101,661
粤B2HM45,113.895897,22.584101,662
粤B2HM45,113.895897,22.584101,663
粤B2HM45,113.895897,22.584101,666
粤B2HM45,113.895897,22.584101,667
粤B2HM45,113.895897,22.584101,668
粤B2HM45,113.895897,22.584101,668
粤B2HM45,113.895897,22.584101,669
粤B2HM45,113.895897,22.584101,670
粤B2HM45,113.895897,22.584101,670
粤B2HM45,113.895897,22.584101,672
粤B2HM45,113.895897,22.584101,673
粤B2HM45,113.895897,22.584101,673
粤B2HM45,113.895897,22.584101,674
粤B2HM45,113.895897,22.584101,674
粤B2HM45,113.895897,22.584101,675
粤B2HM45,113.895897,22.584101,676
粤B2HM45,113.895897,22.584101,676
粤B2HM45,113.895897,22.584101,677
粤B2HM45,113.895897,22.584101,677
粤B2HM45,113.895897,22.584101,678
粤B2HM45,113.895897,22.584101,678
粤B2HM45,113.895897,22.584101,679
粤B2HM45,113.895897,22.584101,680
粤B2HM45,113.895897,22.584101,680
粤B2HM45,113.895897,22.584101,681
粤B2HM45,113.895897,22.584101,681
粤B2HM45,113.895897,22.584101,682
粤B2HM45,113.895897,22.584101,682
粤B2HM45,113.895897,22.584101,683
粤B2HM45,113.895897,22.584101,683
粤B2HM45,113.895897,22.584101,684
粤B2HM45,113.895897,22.584101,684
粤B2HM45,113.896797,22.5837,685
粤B2HM45,113.896202,22.582399,686
粤B2HM45,113.897003,22.583599,686
粤B2HM45,113.8965,22.581699,687
粤B2HM45,113.896202,22.582399,687
粤B2HM45,113.898399,22.5798,688
粤B2HM45,113.896698,22.576099,689
粤B2HM45,113.894096,22.5772,690
粤B2HM45,113.892899,22.5784,691
粤B2HM45,113.894096,22.577101,692
粤B2HM45,113.895401,22.5751,693
粤B2HM45,113.894897,22.5746,693
粤B2HM45,113.894897,22.5746,694
粤B2HM45,113.894897,22.574499,694
粤B2HM45,113.894897,22.574499,695
粤B2HM45,113.894699,22.5744,695
粤B2HM45,113.8955,22.575001,696
粤B2HM45,113.895401,22.575001,696
粤B2HM45,113.894302,22.577,697
粤B2HM45,113.8927,22.578699,697
粤B2HM45,113.891098,22.5802,698
粤B2HM45,113.888802,22.5826,699
粤B2HM45,113.885902,22.588499,700
粤B2HM45,113.885002,22.5874,700
粤B2HM45,113.885201,22.59,701
粤B2HM45,113.885498,22.589399,701
粤B2HM45,113.885101,22.59,702
粤B2HM45,113.885101,22.59,702
粤B2HM45,113.884499,22.587099,703
粤B2HM45,113.884499,22.587099,703
粤B2HM45,113.884499,22.587099,704
粤B2HM45,113.881401,22.584299,705
粤B2HM45,113.881897,22.5849,705
粤B2HM45,113.885201,22.580601,706
粤B2HM45,113.8787,22.5748,708
粤B2HM45,113.880402,22.572599,709
粤B2HM45,113.880402,22.572599,710
粤B2HM45,113.881599,22.571501,710
粤B2HM45,113.880898,22.569799,711
粤B2HM45,113.881699,22.570601,711
粤B2HM45,113.876801,22.570801,712
粤B2HM45,113.878899,22.569201,712
粤B2HM45,113.875099,22.5723,713
粤B2HM45,113.8713,22.5749,714
粤B2HM45,113.872299,22.574301,714
粤B2HM45,113.871399,22.5749,714
粤B2HM45,113.869102,22.5762,715
粤B2HM45,113.869102,22.5762,715
粤B2HM45,113.869102,22.5762,716
粤B2HM45,113.869102,22.5762,716
粤B2HM45,113.865799,22.572201,717
粤B2HM45,113.8685,22.5758,717
粤B2HM45,113.864304,22.5702,718
粤B2HM45,113.864799,22.570801,718
粤B2HM45,113.863701,22.569401,719
粤B2HM45,113.863503,22.569099,719
粤B2HM45,113.863403,22.569,720
粤B2HM45,113.850403,22.563499,721
粤B2HM45,113.863403,22.569,721
粤B2HM45,113.849899,22.563801,722
粤B2HM45,113.849899,22.563801,722
粤B2HM45,113.849701,22.563801,723
粤B2HM45,113.849701,22.563801,723
粤B2HM45,113.852798,22.5637,724
粤B2HM45,113.850403,22.562099,724
粤B2HM45,113.857903,22.562799,725
粤B2HM45,113.855103,22.563299,725
粤B2HM45,113.860901,22.5627,726
粤B2HM45,113.860901,22.5627,726
粤B2HM45,113.862396,22.562599,727
粤B2HM45,113.860901,22.5627,727
粤B2HM45,113.865799,22.5646,728
粤B2HM45,113.865799,22.5646,729
粤B2HM45,113.865799,22.5646,729
粤B2HM45,113.870903,22.567499,730
粤B2HM45,113.867897,22.565201,730
粤B2HM45,113.873199,22.564699,731
粤B2HM45,113.873497,22.5655,731
粤B2HM45,113.8731,22.564501,732
粤B2HM45,113.8731,22.564501,733
粤B2HM45,113.8731,22.564501,733
粤B2HM45,113.8731,22.564501,734
粤B2HM45,113.8731,22.564501,734
粤B2HM45,113.8731,22.564501,735
粤B2HM45,113.8731,22.564501,735
粤B2HM45,113.8731,22.564501,736
粤B2HM45,113.8731,22.564501,736
粤B2HM45,113.8731,22.564501,737
粤B2HM45,113.8731,22.564501,737
粤B2HM45,113.8731,22.564501,738
粤B2HM45,113.8731,22.564501,738
粤B2HM45,113.8731,22.564501,739
粤B2HM45,113.8731,22.564501,739
粤B2HM45,113.8731,22.564501,740
粤B2HM45,113.8731,22.564501,740
粤B2HM45,113.871201,22.564501,741
粤B2HM45,113.8731,22.564501,741
粤B2HM45,113.869598,22.566099,742
粤B2HM45,113.870697,22.567499,742
粤B2HM45,113.870697,22.567499,743
粤B2HM45,113.870697,22.567499,743
粤B2HM45,113.8694,22.569,744
粤B2HM45,113.870796,22.5676,744
粤B2HM45,113.867401,22.5707,745
粤B2HM45,113.866203,22.572599,745
粤B2HM45,113.868301,22.576799,746
粤B2HM45,113.868202,22.5751,746
粤B2HM45,113.864502,22.579901,747
粤B2HM45,113.863899,22.580601,747
粤B2HM45,113.863899,22.580601,748
粤B2HM45,113.863899,22.580601,748
粤B2HM45,113.8629,22.581499,749
粤B2HM45,113.863899,22.580601,749
粤B2HM45,113.8591,22.5847,750
粤B2HM45,113.8582,22.585199,750
粤B2HM45,113.850304,22.591,751
粤B2HM45,113.854301,22.5877,751
粤B2HM45,113.844704,22.5987,752
粤B2HM45,113.846802,22.5951,752
粤B2HM45,113.843399,22.6014,753
粤B2HM45,113.844597,22.5989,753
粤B2HM45,113.841698,22.6052,754
粤B2HM45,113.842598,22.6033,754
粤B2HM45,113.8423,22.6057,755
粤B2HM45,113.844704,22.6066,755
粤B2HM45,113.846397,22.607201,756
粤B2HM45,113.846397,22.607201,756
粤B2HM45,113.846397,22.6073,757
粤B2HM45,113.845596,22.606899,757
粤B2HM45,113.841301,22.606001,758
粤B2HM45,113.842499,22.6056,758
粤B2HM45,113.842499,22.607901,759
粤B2HM45,113.841301,22.606001,759
粤B2HM45,113.846397,22.609501,760
粤B2HM45,113.848396,22.610201,760
粤B2HM45,113.854599,22.612301,761
粤B2HM45,113.8517,22.6115,761
粤B2HM45,113.860001,22.605499,762
粤B2HM45,113.8563,22.6094,762
粤B2HM45,113.865898,22.596901,763
粤B2HM45,113.863098,22.6012,763
粤B2HM45,113.871002,22.5888,764
粤B2HM45,113.874199,22.5853,765
粤B2HM45,113.8778,22.581301,765
粤B2HM45,113.881203,22.577801,766
粤B2HM45,113.880203,22.576099,766
粤B2HM45,113.882301,22.5777,767
粤B2HM45,113.879204,22.575001,767
粤B2HM45,113.8862,22.5797,768
粤B2HM45,113.8881,22.5804,769
粤B2HM45,113.887703,22.580799,769
粤B2HM45,113.889297,22.5818,770
粤B2HM45,113.888,22.5805,770
粤B2HM45,113.887901,22.5812,770
粤B2HM45,113.891197,22.579901,771
粤B2HM45,113.891197,22.5781,771
粤B2HM45,113.888496,22.5774,772
粤B2HM45,113.889297,22.576799,772
粤B2HM45,113.888496,22.5774,773
粤B2HM45,113.886497,22.579399,773
粤B2HM45,113.885902,22.580099,774
粤B2HM45,113.885902,22.580099,774
粤B2HM45,113.884697,22.58,775
粤B2HM45,113.885902,22.580099,775
粤B2HM45,113.878799,22.5748,776
粤B2HM45,113.881203,22.5769,776
粤B2HM45,113.875801,22.572201,777
粤B2HM45,113.877899,22.5741,777
粤B2HM45,113.875801,22.572201,778
粤B2HM45,113.875801,22.572201,778
粤B2HM45,113.873901,22.570801,779
粤B2HM45,113.871002,22.5683,779
粤B2HM45,113.870903,22.568199,780
粤B2HM45,113.870598,22.5679,780
粤B2HM45,113.868401,22.565599,781
粤B2HM45,113.869598,22.563601,781
粤B2HM45,113.8703,22.562599,782
粤B2HM45,113.870903,22.562201,782
粤B2HM45,113.872902,22.560301,783
粤B2HM45,113.875,22.561899,783
粤B2HM45,113.876297,22.563101,784
粤B2HM45,113.876297,22.563101,784
粤B2HM45,113.874901,22.564699,785
粤B2HM45,113.876297,22.563101,785
粤B2HM45,113.875504,22.5665,786
粤B2HM45,113.877899,22.568501,786
粤B2HM45,113.879204,22.565701,787
粤B2HM45,113.8797,22.567801,787
粤B2HM45,113.875603,22.563999,788
粤B2HM45,113.877403,22.564199,788
粤B2HM45,113.873703,22.565599,789
粤B2HM45,113.874603,22.565701,789
粤B2HM45,113.871696,22.567301,790
粤B2HM45,113.871201,22.567699,790
粤B2HM45,113.869904,22.568701,791
粤B2HM45,113.868103,22.570101,791
粤B2HM45,113.867302,22.570601,792
粤B2HM45,113.8685,22.569599,792
粤B2HM45,113.869102,22.566299,793
粤B2HM45,113.870201,22.5683,793
粤B2HM45,113.867401,22.564501,794
粤B2HM45,113.865898,22.563,794
粤B2HM45,113.862801,22.562901,795
粤B2HM45,113.862396,22.563,795
粤B2HM45,113.862801,22.562799,796
粤B2HM45,113.862396,22.563,796
粤B2HM45,113.862999,22.562799,797
粤B2HM45,113.863197,22.562799,797
粤B2HM45,113.862999,22.562799,797
粤B2HM45,113.8638,22.560801,798
粤B2HM45,113.864799,22.562599,798
粤B2HM45,113.861298,22.557899,799
粤B2HM45,113.863503,22.5604,799
粤B2HM45,113.858902,22.558599,800
粤B2HM45,113.856697,22.5606,800
粤B2HM45,113.855598,22.560499,801
粤B2HM45,113.855499,22.560801,801
粤B2HM45,113.8563,22.5581,802
粤B2HM45,113.8564,22.5578,802
粤B2HM45,113.856598,22.556999,803
粤B2HM45,113.8564,22.5578,803
粤B2HM45,113.859596,22.5571,804
粤B2HM45,113.856796,22.556499,804
粤B2HM45,113.863701,22.5599,805
粤B2HM45,113.862,22.558201,805
粤B2HM45,113.865601,22.562099,806
粤B2HM45,113.8657,22.562201,807
粤B2HM45,113.8657,22.562201,807
粤B2HM45,113.865196,22.5627,808
粤B2HM45,113.862297,22.562901,808
粤B2HM45,113.860001,22.5641,809
粤B2HM45,113.861397,22.566299,809
粤B2HM45,113.863197,22.568701,810
粤B2HM45,113.861099,22.570299,810
粤B2HM45,113.8592,22.5716,811
粤B2HM45,113.857101,22.5734,811
粤B2HM45,113.860298,22.5762,812
粤B2HM45,113.858704,22.5755,812
粤B2HM45,113.863899,22.5734,813
粤B2HM45,113.862297,22.574699,813
粤B2HM45,113.865501,22.5721,814
粤B2HM45,113.865501,22.5721,814
粤B2HM45,113.866898,22.570999,815
粤B2HM45,113.866898,22.5709,815
粤B2HM45,113.868401,22.569799,816
粤B2HM45,113.8703,22.5683,816
粤B2HM45,113.874603,22.5707,817
粤B2HM45,113.872299,22.568899,817
粤B2HM45,113.876701,22.5695,818
粤B2HM45,113.875999,22.570999,818
粤B2HM45,113.875298,22.569799,819
粤B2HM45,113.875099,22.57,819
粤B2HM45,113.875099,22.57,820
粤B2HM45,113.875099,22.57,820
粤B2HM45,113.875099,22.57,821
粤B2HM45,113.874901,22.57,821
粤B2HM45,113.874901,22.57,821
粤B2HM45,113.874496,22.570801,822
粤B2HM45,113.874901,22.571301,822
粤B2HM45,113.874901,22.571301,823
粤B2HM45,113.874901,22.571301,823
粤B2HM45,113.874901,22.571301,824
粤B2HM45,113.874901,22.571301,824
粤B2HM45,113.870796,22.5683,825
粤B2HM45,113.874199,22.5711,825
粤B2HM45,113.869003,22.569401,826
粤B2HM45,113.868202,22.570299,826
粤B2HM45,113.868599,22.570801,827
粤B2HM45,113.868599,22.570801,827
粤B2HM45,113.868599,22.570801,828
粤B2HM45,113.868599,22.570801,828
粤B2HM45,113.868599,22.570801,829
粤B2HM45,113.868599,22.570801,829
粤B2HM45,113.868599,22.570801,830
粤B2HM45,113.868599,22.570801,830
粤B2HM45,113.868599,22.570801,831
粤B2HM45,113.868599,22.570801,831
粤B2HM45,113.868599,22.570801,832
粤B2HM45,113.868599,22.570801,832
粤B2HM45,113.868599,22.570801,833
粤B2HM45,113.868599,22.570801,833
粤B2HM45,113.868698,22.5711,834
粤B2HM45,113.868599,22.570801,834
粤B2HM45,113.870903,22.573799,835
粤B2HM45,113.869698,22.5725,835
粤B2HM45,113.871498,22.5744,836
粤B2HM45,113.874496,22.572201,836
粤B2HM45,113.872498,22.569599,837
粤B2HM45,113.853699,22.557501,843
粤B2HM45,113.8536,22.557899,844
粤B2HM45,113.850304,22.561399,844
粤B2HM45,113.848198,22.563801,845
粤B2HM45,113.848198,22.563801,845
粤B2HM45,113.847603,22.564199,846
粤B2HM45,113.844902,22.568199,846
粤B2HM45,113.837997,22.5763,847
粤B2HM45,113.842102,22.572701,847
粤B2HM45,113.833702,22.579901,848
粤B2HM45,113.831398,22.584,848
粤B2HM45,113.833702,22.5884,849
粤B2HM45,113.830902,22.5928,849
粤B2HM45,113.8283,22.603399,850
粤B2HM45,113.829697,22.598101,850
粤B2HM45,113.826797,22.608,851
粤B2HM45,113.825302,22.6115,851
粤B2HM45,113.827499,22.615801,852
粤B2HM45,113.824402,22.613899,852
粤B2HM45,113.830101,22.617399,853
粤B2HM45,113.8265,22.615801,853
粤B2HM45,113.817902,22.6122,854
粤B2HM45,113.812599,22.6206,855
粤B2HM45,113.8153,22.615801,855
粤B2HM45,113.811203,22.628,856
粤B2HM45,113.813004,22.625,856
粤B2HM45,113.809799,22.6276,857
粤B2HM45,113.809799,22.6276,857
粤B2HM45,113.808899,22.6271,858
粤B2HM45,113.809799,22.6276,858
粤B2HM45,113.806396,22.6245,859
粤B2HM45,113.807503,22.626499,859
粤B2HM45,113.807999,22.621599,860
粤B2HM45,113.809799,22.618299,860
粤B2HM45,113.8116,22.614901,861
粤B2HM45,113.813698,22.6113,861
粤B2HM45,113.819801,22.6122,862
粤B2HM45,113.817299,22.610001,862
粤B2HM45,113.824097,22.614401,863
粤B2HM45,113.828598,22.616501,863
粤B2HM45,113.832497,22.6182,864
粤B2HM45,113.8339,22.618799,864
粤B2HM45,113.8339,22.618799,865
粤B2HM45,113.8339,22.618799,865
粤B2HM45,113.835098,22.619301,866
粤B2HM45,113.8339,22.618799,866
粤B2HM45,113.837196,22.6199,867
粤B2HM45,113.839699,22.620501,867
粤B2HM45,113.839203,22.620199,868
粤B2HM45,113.838501,22.619699,868
粤B2HM45,113.839699,22.618401,869
粤B2HM45,113.840202,22.617599,869
粤B2HM45,113.839798,22.617599,870
粤B2HM45,113.840401,22.617399,870
粤B2HM45,113.837601,22.616699,871
粤B2HM45,113.837799,22.6168,871
粤B2HM45,113.837601,22.616699,871
粤B2HM45,113.836098,22.6171,872
粤B2HM45,113.835197,22.6189,872
粤B2HM45,113.835197,22.6189,873
粤B2HM45,113.835197,22.6189,873
粤B2HM45,113.833603,22.623699,874
粤B2HM45,113.834702,22.6201,874
粤B2HM45,113.832397,22.628201,875
粤B2HM45,113.832603,22.627501,875
粤B2HM45,113.830597,22.6318,876
粤B2HM45,113.831596,22.630199,876
粤B2HM45,113.828598,22.634501,877
粤B2HM45,113.824699,22.6383,877
粤B2HM45,113.822502,22.6429,878
粤B2HM45,113.820999,22.646601,878
粤B2HM45,113.821297,22.646099,878
粤B2HM45,113.820999,22.646601,879
粤B2HM45,113.817398,22.652201,879
粤B2HM45,113.820999,22.646601,879
粤B2HM45,113.816299,22.653601,880
粤B2HM45,113.816902,22.6546,880
粤B2HM45,113.818001,22.654301,881
粤B2HM45,113.819099,22.6541,881
粤B2HM45,113.818199,22.655001,882
粤B2HM45,113.818604,22.6548,882
粤B2HM45,113.817703,22.655701,883
粤B2HM45,113.817802,22.6553,883
粤B2HM45,113.819901,22.6581,884
粤B2HM45,113.818604,22.656799,884
粤B2HM45,113.8218,22.658001,885
粤B2HM45,113.820503,22.6581,885
粤B2HM45,113.824402,22.6516,886
粤B2HM45,113.821999,22.655001,886
粤B2HM45,113.829803,22.645201,887
粤B2HM45,113.833298,22.640699,888
粤B2HM45,113.8312,22.643,888
粤B2HM45,113.8368,22.637199,889
粤B2HM45,113.834999,22.639099,889
粤B2HM45,113.838997,22.634701,890
粤B2HM45,113.841103,22.6325,890
粤B2HM45,113.843903,22.6287,891
粤B2HM45,113.842598,22.630699,891
粤B2HM45,113.846001,22.6248,892
粤B2HM45,113.844902,22.6266,892
粤B2HM45,113.848801,22.621599,893
粤B2HM45,113.849899,22.6201,893
粤B2HM45,113.851799,22.617599,894
粤B2HM45,113.851097,22.618601,894
粤B2HM45,113.851402,22.618299,894
粤B2HM45,113.852898,22.6159,894
粤B2HM45,113.853302,22.614901,895
粤B2HM45,113.853302,22.614901,895
粤B2HM45,113.8545,22.612499,896
粤B2HM45,113.853798,22.614,896
粤B2HM45,113.857697,22.6077,897
粤B2HM45,113.860603,22.604601,898
粤B2HM45,113.859398,22.606001,898
粤B2HM45,113.862198,22.6022,899
粤B2HM45,113.882797,22.576401,904
粤B2HM45,113.883698,22.5755,904
粤B2HM45,113.883797,22.5723,905
粤B2HM45,113.885498,22.573799,905
粤B2HM45,113.882004,22.5707,906
粤B2HM45,113.880402,22.5693,906
粤B2HM45,113.877899,22.569901,907
粤B2HM45,113.876404,22.571199,907
粤B2HM45,113.876404,22.571199,908
粤B2HM45,113.876404,22.571199,908
粤B2HM45,113.876404,22.571199,909
粤B2HM45,113.8741,22.5709,910
粤B2HM45,113.875999,22.5714,910
粤B2HM45,113.871101,22.568399,911
粤B2HM45,113.8713,22.568501,911
粤B2HM45,113.870903,22.568199,912
粤B2HM45,113.871101,22.568399,912
粤B2HM45,113.873199,22.565901,913
粤B2HM45,113.873299,22.5646,913
粤B2HM45,113.872597,22.564199,914
粤B2HM45,113.872597,22.564199,914
粤B2HM45,113.872597,22.564199,914
粤B2HM45,113.872597,22.564199,915
粤B2HM45,113.872597,22.564199,915
粤B2HM45,113.873703,22.564899,916
粤B2HM45,113.8722,22.5637,916
粤B2HM45,113.874901,22.566,917
粤B2HM45,113.876503,22.5674,917
粤B2HM45,113.880798,22.566799,918
粤B2HM45,113.8787,22.568701,918
粤B2HM45,113.880699,22.566799,918
粤B2HM45,113.884804,22.563299,919
粤B2HM45,113.882599,22.565201,919
粤B2HM45,113.886299,22.561899,920
粤B2HM45,113.886299,22.561899,920
粤B2HM45,113.886299,22.561899,921
粤B2HM45,113.886299,22.561899,921
粤B2HM45,113.886299,22.561899,922
粤B2HM45,113.887497,22.561899,922
粤B2HM45,113.889603,22.5637,923
粤B2HM45,113.891197,22.5651,923
粤B2HM45,113.8937,22.566601,924
粤B2HM45,113.892197,22.565901,924
粤B2HM45,113.894203,22.567499,925
粤B2HM45,113.894203,22.5674,925
粤B2HM45,113.896202,22.569401,926
粤B2HM45,113.896202,22.569401,927
粤B2HM45,113.896202,22.569401,927
粤B2HM45,113.8964,22.5695,928
粤B2HM45,113.8918,22.574301,929
粤B2HM45,113.893204,22.572901,929
粤B2HM45,113.889,22.577,930
粤B2HM45,113.891098,22.575001,930
粤B2HM45,113.888802,22.5772,931
粤B2HM45,113.889198,22.5765,931
粤B2HM45,113.884903,22.577,932
粤B2HM45,113.8871,22.5748,932
粤B2HM45,113.883202,22.579201,933
粤B2HM45,113.8825,22.579901,933
粤B2HM45,113.882301,22.5802,934
粤B2HM45,113.882401,22.58,934
粤B2HM45,113.8806,22.581499,935
粤B2HM45,113.882004,22.5804,935
粤B2HM45,113.879303,22.5826,936
粤B2HM45,113.881302,22.5844,936
粤B2HM45,113.885696,22.587799,937
粤B2HM45,113.883698,22.5863,937
粤B2HM45,113.887398,22.5884,938
粤B2HM45,113.887703,22.588499,938
粤B2HM45,113.887398,22.5884,938
粤B2HM45,113.884499,22.587099,939
粤B2HM45,113.886101,22.587999,939
粤B2HM45,113.884499,22.587099,940
粤B2HM45,113.884499,22.587099,940
粤B2HM45,113.884102,22.5868,941
粤B2HM45,113.8815,22.5842,942
粤B2HM45,113.882004,22.5851,942
粤B2HM45,113.881699,22.5839,943
粤B2HM45,113.883202,22.5821,943
粤B2HM45,113.885101,22.580799,944
粤B2HM45,113.884499,22.5812,944
粤B2HM45,113.887604,22.5784,945
粤B2HM45,113.886497,22.5795,945
粤B2HM45,113.888,22.5753,946
粤B2HM45,113.889,22.5769,946
粤B2HM45,113.8843,22.5777,947
粤B2HM45,113.886299,22.5756,947
粤B2HM45,113.883797,22.578501,948
粤B2HM45,113.883797,22.578501,948
粤B2HM45,113.884697,22.5797,949
粤B2HM45,113.8862,22.5811,949
粤B2HM45,113.888397,22.582701,950
粤B2HM45,113.889999,22.5811,950
粤B2HM45,113.890198,22.5809,951
粤B2HM45,113.891899,22.5793,951
粤B2HM45,113.891899,22.5793,952
粤B2HM45,113.891899,22.5793,952
粤B2HM45,113.893303,22.577999,953
粤B2HM45,113.891899,22.5793,953
粤B2HM45,113.897102,22.5741,954
粤B2HM45,113.898102,22.573099,955
粤B2HM45,113.898903,22.5723,955
粤B2HM45,113.898903,22.5723,956
粤B2HM45,113.902496,22.574699,957
粤B2HM45,113.899803,22.572399,957
粤B2HM45,113.906601,22.5769,958
粤B2HM45,113.904602,22.5765,958
粤B2HM45,113.908501,22.575001,959
粤B2HM45,113.908997,22.5748,959
粤B2HM45,113.910698,22.5762,960
粤B2HM45,113.910599,22.576099,960
粤B2HM45,113.910698,22.5762,960
粤B2HM45,113.909798,22.5755,961
粤B2HM45,113.908798,22.5748,961
粤B2HM45,113.907501,22.576,962
粤B2HM45,113.905998,22.577499,962
粤B2HM45,113.905998,22.577499,963
粤B2HM45,113.905998,22.577499,963
粤B2HM45,113.905998,22.577499,964
粤B2HM45,113.905998,22.577499,964
粤B2HM45,113.904297,22.579201,965
粤B2HM45,113.897102,22.576401,968
粤B2HM45,113.896202,22.575001,970
粤B2HM45,113.8983,22.5714,971
粤B2HM45,113.897003,22.5702,972
粤B2HM45,113.8964,22.5697,973
粤B2HM45,113.894096,22.5679,973
粤B2HM45,113.889397,22.5707,974
粤B2HM45,113.891602,22.5686,974
粤B2HM45,113.8862,22.573799,975
粤B2HM45,113.882301,22.577101,975
粤B2HM45,113.875298,22.584299,976
粤B2HM45,113.871803,22.588301,977
粤B2HM45,113.872597,22.588499,978
粤B2HM45,113.868896,22.585501,979
粤B2HM45,113.867897,22.5849,979
粤B2HM45,113.866302,22.5837,981
粤B2HM45,113.8657,22.5832,982
粤B2HM45,113.864998,22.5826,982
粤B2HM45,113.864601,22.582199,983
粤B2HM45,113.863602,22.581301,984
粤B2HM45,113.861397,22.583099,984
粤B2HM45,113.856796,22.586201,986
粤B2HM45,113.856796,22.586201,987
粤B2HM45,113.856796,22.586201,987
粤B2HM45,113.856796,22.586201,988
粤B2HM45,113.856796,22.586201,988
粤B2HM45,113.856796,22.586201,989
粤B2HM45,113.856796,22.586201,989
粤B2HM45,113.856796,22.586201,990
粤B2HM45,113.856796,22.586201,990
粤B2HM45,113.856796,22.586201,991
粤B2HM45,113.856796,22.586201,991
粤B2HM45,113.856796,22.586201,992
粤B2HM45,113.856796,22.586201,993
粤B2HM45,113.854301,22.587999,993
粤B2HM45,113.855598,22.5898,994
粤B2HM45,113.855103,22.5893,994
粤B2HM45,113.855598,22.5898,995
粤B2HM45,113.855598,22.5898,996
粤B2HM45,113.855598,22.5898,997
粤B2HM45,113.856903,22.589701,997
粤B2HM45,113.8592,22.587999,998
粤B2HM45,113.861603,22.5861,998
粤B2HM45,113.863602,22.584499,999
粤B2HM45,113.865097,22.5832,999
粤B2HM45,113.865196,22.5832,1000
粤B2HM45,113.865097,22.5832,1000
粤B2HM45,113.869202,22.5853,1001
粤B2HM45,113.866798,22.5837,1001
粤B2HM45,113.868599,22.5849,1001
粤B2HM45,113.874001,22.585199,1002
粤B2HM45,113.879501,22.5797,1003
粤B2HM45,113.876099,22.583099,1003
粤B2HM45,113.883698,22.575701,1004
粤B2HM45,113.8881,22.5716,1004
粤B2HM45,113.892601,22.566099,1005
粤B2HM45,113.893997,22.5672,1006
粤B2HM45,113.896698,22.569799,1006
粤B2HM45,113.898598,22.571301,1007
粤B2HM45,113.898598,22.571301,1007
粤B2HM45,113.898598,22.571301,1007
粤B2HM45,113.898804,22.5716,1009
粤B2HM45,113.898697,22.571501,1009
粤B2HM45,113.8965,22.569799,1010
粤B2HM45,113.898102,22.5711,1010
粤B2HM45,113.8965,22.569799,1011
粤B2HM45,113.890404,22.591499,1029
粤B2HM45,113.890404,22.591499,1030
粤B2HM45,113.890602,22.591499,1030
粤B2HM45,113.891098,22.5917,1031
粤B2HM45,113.891098,22.5917,1031
粤B2HM45,113.891098,22.5917,1032
粤B2HM45,113.891098,22.5917,1032
粤B2HM45,113.891098,22.5917,1033
粤B2HM45,113.891098,22.5917,1035
粤B2HM45,113.891098,22.5917,1035
粤B2HM45,113.891098,22.5917,1036
粤B2HM45,113.891098,22.5917,1036
粤B2HM45,113.891098,22.5917,1037
粤B2HM45,113.891098,22.5917,1037
粤B2HM45,113.891098,22.5917,1038
粤B2HM45,113.891098,22.5917,1038
粤B2HM45,113.891098,22.5917,1039
粤B2HM45,113.891098,22.5917,1039
粤B2HM45,113.891098,22.5917,1040
粤B2HM45,113.891098,22.5917,1040
粤B2HM45,113.891098,22.5917,1041
粤B2HM45,113.891098,22.5917,1041
粤B2HM45,113.891098,22.5917,1042
粤B2HM45,113.891098,22.5917,1042
粤B2HM45,113.891098,22.5917,1043
粤B2HM45,113.891098,22.5917,1044
粤B2HM45,113.891098,22.5917,1044
粤B2HM45,113.891098,22.5917,1045
粤B2HM45,113.891098,22.5917,1045
粤B2HM45,113.891098,22.5917,1046
粤B2HM45,113.891098,22.5917,1046
粤B2HM45,113.891098,22.5917,1047
粤B2HM45,113.891098,22.5917,1047
粤B2HM45,113.891098,22.5917,1048
粤B2HM45,113.891098,22.5917,1048
粤B2HM45,113.891098,22.5917,1049
粤B2HM45,113.891098,22.5917,1049
粤B2HM45,113.891098,22.5917,1050
粤B2HM45,113.891098,22.5917,1050
粤B2HM45,113.891098,22.5917,1051
粤B2HM45,113.891098,22.5917,1051
粤B2HM45,113.891098,22.5917,1052
粤B2HM45,113.891098,22.5917,1052
粤B2HM45,113.891098,22.5917,1053
粤B2HM45,113.891098,22.5917,1053
粤B2HM45,113.891098,22.5917,1054
粤B2HM45,113.891098,22.5917,1054
粤B2HM45,113.891098,22.5917,1055
粤B2HM45,113.891098,22.5917,1055
粤B2HM45,113.891098,22.5917,1056
粤B2HM45,113.891098,22.5917,1056
粤B2HM45,113.891098,22.5917,1057
粤B2HM45,113.891098,22.5917,1057
粤B2HM45,113.891098,22.5917,1058
粤B2HM45,113.891098,22.5917,1058
粤B2HM45,113.891098,22.5917,1059
粤B2HM45,113.891098,22.5917,1059
粤B2HM45,113.891098,22.5917,1060
粤B2HM45,113.891098,22.5917,1061
粤B2HM45,113.891098,22.5917,1061
粤B2HM45,113.891098,22.5917,1062
粤B2HM45,113.890099,22.591499,1062
粤B2HM45,113.890999,22.5917,1062
粤B2HM45,113.889198,22.5912,1063
粤B2HM45,113.8899,22.5914,1063
粤B2HM45,113.889099,22.590799,1064
粤B2HM45,113.889099,22.590799,1064
粤B2HM45,113.889099,22.590799,1065
粤B2HM45,113.889099,22.590799,1065
粤B2HM45,113.889397,22.589899,1066
粤B2HM45,113.889099,22.590799,1066
粤B2HM45,113.889702,22.5895,1067
粤B2HM45,113.889702,22.5895,1067
粤B2HM45,113.8908,22.5867,1068
粤B2HM45,113.889999,22.5886,1068
粤B2HM45,113.893997,22.584801,1069
粤B2HM45,113.891502,22.5847,1069
粤B2HM45,113.895203,22.582899,1070
粤B2HM45,113.8955,22.5826,1070
粤B2HM45,113.896103,22.582001,1071
粤B2HM45,113.897598,22.5805,1072
粤B2HM45,113.896698,22.581499,1072
粤B2HM45,113.899399,22.578699,1073
粤B2HM45,113.900902,22.577299,1073
粤B2HM45,113.902496,22.5756,1074
粤B2HM45,113.902298,22.5748,1074
粤B2HM45,113.900597,22.573299,1075
粤B2HM45,113.902199,22.574699,1075
粤B2HM45,113.900398,22.573099,1076
粤B2HM45,113.899803,22.572599,1076
粤B2HM45,113.899803,22.572599,1077
粤B2HM45,113.899002,22.571899,1077
粤B2HM45,113.896202,22.569599,1078
粤B2HM45,113.897301,22.570499,1078
粤B2HM45,113.892197,22.568001,1079
粤B2HM45,113.890999,22.569099,1080
粤B2HM45,113.884598,22.5751,1081
粤B2HM45,113.886398,22.5735,1081
粤B2HM45,113.873901,22.585699,1083
粤B2HM45,113.876404,22.583,1083
粤B2HM45,113.869003,22.591801,1084
粤B2HM45,113.871399,22.588499,1084
粤B2HM45,113.865097,22.598499,1085
粤B2HM45,113.867401,22.594801,1085
粤B2HM45,113.863098,22.602699,1086
粤B2HM45,113.863602,22.600901,1086
粤B2HM45,113.865196,22.6045,1087
粤B2HM45,113.866997,22.6061,1087
粤B2HM45,113.868301,22.607201,1088
粤B2HM45,113.868401,22.607401,1088
粤B2HM45,113.868202,22.607201,1088
粤B2HM45,113.866699,22.6059,1089
粤B2HM45,113.866203,22.605499,1089
粤B2HM45,113.866203,22.605499,1090
粤B2HM45,113.865601,22.6049,1090
粤B2HM45,113.8638,22.603399,1091
粤B2HM45,113.8647,22.6042,1091
粤B2HM45,113.862,22.6035,1092
粤B2HM45,113.8629,22.6026,1092
粤B2HM45,113.861099,22.604799,1093
粤B2HM45,113.861099,22.604799,1093
粤B2HM45,113.856697,22.609301,1094
粤B2HM45,113.853203,22.615999,1095
粤B2HM45,113.855103,22.612301,1095
粤B2HM45,113.848297,22.623199,1096
粤B2HM45,113.850098,22.620501,1096
粤B2HM45,113.849503,22.6241,1097
粤B2HM45,113.8489,22.6236,1097
粤B2HM45,113.8508,22.624599,1098
粤B2HM45,113.851799,22.6245,1098
粤B2HM45,113.8535,22.625099,1099
粤B2HM45,113.8526,22.6245,1099
粤B2HM45,113.854103,22.625601,1100
粤B2HM45,113.855103,22.626699,1100
粤B2HM45,113.856499,22.629601,1101
粤B2HM45,113.856201,22.6283,1101
粤B2HM45,113.857903,22.6313,1102
粤B2HM45,113.857101,22.630699,1102
粤B2HM45,113.858803,22.6318,1103
粤B2HM45,113.8582,22.6315,1103
粤B2HM45,113.857903,22.6313,1103
粤B2HM45,113.8592,22.631599,1104
粤B2HM45,113.858398,22.627701,1104
粤B2HM45,113.856598,22.6231,1105
粤B2HM45,113.857201,22.6241,1105
粤B2HM45,113.8564,22.622601,1106
粤B2HM45,113.855301,22.621401,1106
粤B2HM45,113.851196,22.618099,1107
粤B2HM45,113.853104,22.6194,1107
粤B2HM45,113.850403,22.617901,1108
粤B2HM45,113.8507,22.617901,1108
粤B2HM45,113.8507,22.618799,1109
粤B2HM45,113.850502,22.6187,1109
粤B2HM45,113.8507,22.618799,1109
粤B2HM45,113.851303,22.618401,1109
粤B2HM45,113.853104,22.615299,1110
粤B2HM45,113.852203,22.617001,1110
粤B2HM45,113.854202,22.613001,1111
粤B2HM45,113.855202,22.611099,1111
粤B2HM45,113.856003,22.6098,1112
粤B2HM45,113.855698,22.610201,1112
粤B2HM45,113.856697,22.6089,1113
粤B2HM45,113.8573,22.6082,1113
粤B2HM45,113.858398,22.6071,1114
粤B2HM45,113.858803,22.606701,1114
粤B2HM45,113.859398,22.6061,1115
粤B2HM45,113.860298,22.6052,1115
粤B2HM45,113.859398,22.6061,1115
粤B2HM45,113.859703,22.605801,1115
粤B2HM45,113.860802,22.604601,1116
粤B2HM45,113.861198,22.603901,1116
粤B2HM45,113.8619,22.6028,1117
粤B2HM45,113.862701,22.6014,1117
粤B2HM45,113.863297,22.6005,1118
粤B2HM45,113.863297,22.6005,1118
粤B2HM45,113.864799,22.5982,1119
粤B2HM45,113.863602,22.599899,1119
粤B2HM45,113.865997,22.5965,1120
粤B2HM45,113.867302,22.5945,1120
粤B2HM45,113.868797,22.591801,1121
粤B2HM45,113.8703,22.5895,1121
粤B2HM45,113.871902,22.587601,1122
粤B2HM45,113.872299,22.587299,1122
粤B2HM45,113.871902,22.587601,1122
粤B2HM45,113.873703,22.585699,1122
粤B2HM45,113.875099,22.584,1123
粤B2HM45,113.875198,22.583799,1123
粤B2HM45,113.875198,22.583799,1123
粤B2HM45,113.876701,22.5823,1124
粤B2HM45,113.875198,22.583799,1124
粤B2HM45,113.8778,22.5811,1125
粤B2HM45,113.8778,22.5811,1125
粤B2HM45,113.878899,22.58,1126
粤B2HM45,113.878304,22.579599,1126
粤B2HM45,113.876198,22.5788,1127
粤B2HM45,113.876701,22.578899,1127
粤B2HM45,113.876198,22.5788,1128
粤B2HM45,113.876198,22.5788,1128
粤B2HM45,113.876198,22.5788,1129
粤B2HM45,113.876198,22.5788,1129
粤B2HM45,113.876198,22.5788,1130
粤B2HM45,113.876198,22.5788,1130
粤B2HM45,113.876198,22.5788,1131
粤B2HM45,113.876198,22.5788,1131
粤B2HM45,113.876198,22.5788,1132
粤B2HM45,113.876404,22.578699,1132
粤B2HM45,113.876602,22.578899,1133
粤B2HM45,113.878197,22.579599,1133
粤B2HM45,113.879303,22.5797,1134
粤B2HM45,113.879898,22.575899,1135
粤B2HM45,113.880997,22.576799,1135
粤B2HM45,113.879402,22.575399,1136
粤B2HM45,113.879204,22.575199,1136
粤B2HM45,113.880402,22.576099,1137
粤B2HM45,113.893997,22.585199,1144
粤B2HM45,113.893204,22.588301,1144
粤B2HM45,113.892799,22.5902,1145
粤B2HM45,113.892097,22.5902,1145
粤B2HM45,113.892097,22.5902,1146
粤B2HM45,113.892097,22.5902,1146
粤B2HM45,113.891602,22.589899,1147
粤B2HM45,113.891403,22.589899,1147
粤B2HM45,113.889801,22.5893,1147
粤B2HM45,113.888496,22.5888,1148
粤B2HM45,113.888298,22.588699,1148
粤B2HM45,113.889397,22.583799,1149
粤B2HM45,113.889297,22.5861,1149
粤B2HM45,113.8899,22.581301,1150
粤B2HM45,113.888397,22.583099,1150
粤B2HM45,113.891602,22.5795,1151
粤B2HM45,113.891296,22.5798,1151
粤B2HM45,113.891602,22.5795,1152
粤B2HM45,113.891998,22.5791,1152
粤B2HM45,113.893402,22.5777,1153
粤B2HM45,113.894501,22.576599,1153
粤B2HM45,113.895401,22.575701,1154
粤B2HM45,113.893799,22.5735,1154
粤B2HM45,113.895401,22.570499,1155
粤B2HM45,113.894096,22.571899,1155
粤B2HM45,113.895401,22.570499,1156
粤B2HM45,113.895401,22.570499,1156
粤B2HM45,113.895401,22.570499,1156
粤B2HM45,113.896004,22.569401,1157
粤B2HM45,113.895401,22.568899,1157
粤B2HM45,113.894203,22.5679,1158
粤B2HM45,113.894501,22.5674,1158
粤B2HM45,113.897202,22.5646,1159
粤B2HM45,113.895699,22.566099,1159
粤B2HM45,113.898804,22.563,1160
粤B2HM45,113.899498,22.5632,1160
粤B2HM45,113.9002,22.5637,1161
粤B2HM45,113.900497,22.563999,1161
粤B2HM45,113.900597,22.5641,1162
粤B2HM45,113.900597,22.5641,1162
粤B2HM45,113.901001,22.5644,1163
粤B2HM45,113.901001,22.5644,1164
粤B2HM45,113.901398,22.5646,1164
粤B2HM45,113.901604,22.5644,1165
粤B2HM45,113.901604,22.5644,1165
粤B2HM45,113.903603,22.5623,1166
粤B2HM45,113.902496,22.563499,1166
粤B2HM45,113.903603,22.5623,1167
粤B2HM45,113.9048,22.5611,1167
粤B2HM45,113.903297,22.558599,1168
粤B2HM45,113.905098,22.559299,1168
粤B2HM45,113.902,22.5599,1169
粤B2HM45,113.902,22.5599,1169
粤B2HM45,113.901497,22.560101,1170
粤B2HM45,113.897903,22.562599,1171
粤B2HM45,113.893501,22.5662,1172
粤B2HM45,113.8899,22.57,1172
粤B2HM45,113.883499,22.576,1173
粤B2HM45,113.8871,22.5728,1173
粤B2HM45,113.879799,22.5795,1174
粤B2HM45,113.876404,22.583,1174
粤B2HM45,113.872902,22.586901,1175
粤B2HM45,113.872101,22.5889,1175
粤B2HM45,113.871803,22.587601,1176
粤B2HM45,113.865799,22.5833,1177
粤B2HM45,113.867203,22.5844,1177
粤B2HM45,113.863503,22.5846,1178
粤B2HM45,113.864601,22.583799,1178
粤B2HM45,113.859398,22.5879,1179
粤B2HM45,113.8619,22.585899,1179
粤B2HM45,113.856003,22.5903,1180
粤B2HM45,113.857803,22.5891,1180
粤B2HM45,113.853996,22.5882,1181
粤B2HM45,113.854599,22.588699,1181
粤B2HM45,113.851501,22.590099,1182
粤B2HM45,113.848099,22.5935,1182
粤B2HM45,113.846703,22.595501,1183
粤B2HM45,113.846703,22.595501,1183
粤B2HM45,113.8452,22.597799,1184
粤B2HM45,113.846603,22.5956,1184
粤B2HM45,113.842697,22.6031,1185
粤B2HM45,113.843697,22.601,1185
粤B2HM45,113.842697,22.6031,1186
粤B2HM45,113.842697,22.6031,1186
粤B2HM45,113.842697,22.6031,1187
粤B2HM45,113.842697,22.6031,1187
粤B2HM45,113.842697,22.6031,1188
粤B2HM45,113.842697,22.6031,1188
粤B2HM45,113.842697,22.6031,1189
粤B2HM45,113.842697,22.6031,1189
粤B2HM45,113.842697,22.6031,1190
粤B2HM45,113.842697,22.6031,1190
粤B2HM45,113.842697,22.6031,1191
粤B2HM45,113.842697,22.6031,1191
粤B2HM45,113.842697,22.6031,1192
粤B2HM45,113.842697,22.6031,1192
粤B2HM45,113.842697,22.6031,1193
粤B2HM45,113.842697,22.6031,1193
粤B2HM45,113.842697,22.6031,1194
粤B2HM45,113.842697,22.6031,1194
粤B2HM45,113.842697,22.6031,1195
粤B2HM45,113.842697,22.6031,1195
粤B2HM45,113.842697,22.6031,1196
粤B2HM45,113.842697,22.6031,1196
粤B2HM45,113.842697,22.6031,1197
粤B2HM45,113.842697,22.6031,1197
粤B2HM45,113.842697,22.6031,1198
粤B2HM45,113.842697,22.6031,1198
粤B2HM45,113.842697,22.6031,1199
粤B2HM45,113.842697,22.6031,1199
粤B2HM45,113.842697,22.6031,1200
粤B2HM45,113.842697,22.6031,1200
粤B2HM45,113.842697,22.6031,1201
粤B2HM45,113.842697,22.6031,1201
粤B2HM45,113.841202,22.6061,1202
粤B2HM45,113.842697,22.6031,1202
粤B2HM45,113.840797,22.606899,1203
粤B2HM45,113.840797,22.606899,1203
粤B2HM45,113.840797,22.606899,1204
粤B2HM45,113.839996,22.608299,1204
粤B2HM45,113.838203,22.6122,1205
粤B2HM45,113.838203,22.6122,1205
粤B2HM45,113.838203,22.6122,1206
粤B2HM45,113.837898,22.6129,1206
粤B2HM45,113.835197,22.6192,1207
粤B2HM45,113.836098,22.6168,1207
粤B2HM45,113.8433,22.621401,1208
粤B2HM45,113.837997,22.6201,1208
粤B2HM45,113.849403,22.6206,1209
粤B2HM45,113.847397,22.6227,1209
粤B2HM45,113.8517,22.6182,1210
粤B2HM45,113.850098,22.618299,1210
粤B2HM45,113.854599,22.6203,1211
粤B2HM45,113.855301,22.620899,1211
粤B2HM45,113.856796,22.621799,1212
粤B2HM45,113.858101,22.622299,1212
粤B2HM45,113.858398,22.6224,1213
粤B2HM45,113.858398,22.6224,1213
粤B2HM45,113.8592,22.622601,1214
粤B2HM45,113.859802,22.621201,1214
粤B2HM45,113.860001,22.620199,1215
粤B2HM45,113.858002,22.6196,1215
粤B2HM45,113.855598,22.6192,1216
粤B2HM45,113.856201,22.618999,1216
粤B2HM45,113.855202,22.6201,1217
粤B2HM45,113.855103,22.620501,1217
粤B2HM45,113.855103,22.620501,1218
粤B2HM45,113.855103,22.620501,1218
粤B2HM45,113.857201,22.623699,1220
粤B2HM45,113.8554,22.620899,1220
粤B2HM45,113.858597,22.6273,1221
粤B2HM45,113.858597,22.6273,1221
粤B2HM45,113.858902,22.628201,1222
粤B2HM45,113.859497,22.6318,1222
粤B2HM45,113.859497,22.6318,1223
粤B2HM45,113.859497,22.6318,1223
粤B2HM45,113.859299,22.632,1224
粤B2HM45,113.859497,22.6318,1224
粤B2HM45,113.857399,22.6311,1225
粤B2HM45,113.857399,22.6311,1225
粤B2HM45,113.857399,22.6311,1226
粤B2HM45,113.857399,22.6311,1226
粤B2HM45,113.859001,22.631901,1227
粤B2HM45,113.858704,22.6318,1227
粤B2HM45,113.859001,22.631901,1228
粤B2HM45,113.859001,22.631901,1228
粤B2HM45,113.860397,22.635201,1229
粤B2HM45,113.859802,22.6329,1229
粤B2HM45,113.860397,22.635,1229
粤B2HM45,113.860199,22.638399,1230
粤B2HM45,113.859901,22.6425,1230
粤B2HM45,113.860001,22.643999,1231
粤B2HM45,113.860001,22.6478,1231
粤B2HM45,113.858803,22.6553,1232
粤B2HM45,113.859802,22.652201,1232
粤B2HM45,113.859901,22.6602,1233
粤B2HM45,113.858704,22.6576,1233
粤B2HM45,113.858498,22.660801,1234
粤B2HM45,113.8573,22.661501,1235
粤B2HM45,113.8573,22.6616,1235
粤B2HM45,113.8573,22.6616,1235
粤B2HM45,113.8573,22.661301,1236
粤B2HM45,113.858002,22.6609,1236
粤B2HM45,113.858002,22.6609,1237
粤B2HM45,113.858002,22.6609,1237
粤B2HM45,113.858002,22.6609,1238
粤B2HM45,113.858398,22.660801,1239
粤B2HM45,113.858002,22.6609,1239
粤B2HM45,113.8591,22.660601,1240
粤B2HM45,113.8591,22.660601,1240
粤B2HM45,113.8591,22.660601,1241
粤B2HM45,113.859497,22.6604,1241
粤B2HM45,113.858597,22.655399,1242
粤B2HM45,113.858002,22.6609,1242
粤B2HM45,113.8592,22.6593,1242
粤B2HM45,113.859497,22.6527,1243
粤B2HM45,113.859802,22.649599,1243
粤B2HM45,113.859901,22.644899,1244
粤B2HM45,113.859802,22.6439,1244
粤B2HM45,113.859596,22.641001,1245
粤B2HM45,113.8601,22.6378,1245
粤B2HM45,113.860001,22.634501,1246
粤B2HM45,113.859299,22.632099,1246
粤B2HM45,113.858498,22.628201,1247
粤B2HM45,113.858597,22.628401,1247
粤B2HM45,113.858299,22.627001,1248
粤B2HM45,113.858498,22.628201,1248
粤B2HM45,113.8564,22.622499,1249
粤B2HM45,113.855003,22.621099,1250
粤B2HM45,113.855003,22.620501,1250
粤B2HM45,113.8573,22.614,1251
粤B2HM45,113.8563,22.616501,1251
粤B2HM45,113.8573,22.614,1252
粤B2HM45,113.8573,22.614,1252
粤B2HM45,113.864197,22.606899,1253
粤B2HM45,113.8657,22.605301,1254
粤B2HM45,113.867302,22.603701,1254
粤B2HM45,113.874199,22.597799,1256
粤B2HM45,113.880997,22.602699,1257
粤B2HM45,113.878899,22.6017,1257
粤B2HM45,113.882896,22.602301,1258
粤B2HM45,113.883003,22.6022,1258
粤B2HM45,113.882896,22.602301,1258
粤B2HM45,113.882896,22.602301,1259
粤B2HM45,113.882896,22.602301,1259
粤B2HM45,113.881104,22.602699,1260
粤B2HM45,113.882896,22.602301,1260
粤B2HM45,113.876701,22.599899,1261
粤B2HM45,113.878998,22.6019,1261
粤B2HM45,113.8741,22.5977,1262
粤B2HM45,113.875099,22.5986,1262
粤B2HM45,113.873901,22.597601,1263
粤B2HM45,113.8741,22.5977,1263
粤B2HM45,113.875702,22.5954,1264
粤B2HM45,113.878304,22.5926,1264
粤B2HM45,113.871002,22.5868,1265
粤B2HM45,113.875504,22.590401,1265
粤B2HM45,113.865196,22.5833,1266
粤B2HM45,113.866699,22.584,1266
粤B2HM45,113.861801,22.5861,1267
粤B2HM45,113.863297,22.584801,1267
粤B2HM45,113.859901,22.5867,1268
粤B2HM45,113.857903,22.585501,1268
粤B2HM45,113.856796,22.5863,1269
粤B2HM45,113.856796,22.5863,1269
粤B2HM45,113.855698,22.586901,1269
粤B2HM45,113.855499,22.589701,1270
粤B2HM45,113.854202,22.5881,1270
粤B2HM45,113.856003,22.5903,1271
粤B2HM45,113.858597,22.588499,1272
粤B2HM45,113.8601,22.587299,1272
粤B2HM45,113.861702,22.586,1273
粤B2HM45,113.863602,22.5846,1273
粤B2HM45,113.865097,22.583099,1274
粤B2HM45,113.865303,22.583099,1274
粤B2HM45,113.865303,22.583099,1275
粤B2HM45,113.865303,22.583099,1275
粤B2HM45,113.865303,22.583099,1276
粤B2HM45,113.865601,22.5828,1276
粤B2HM45,113.868103,22.584499,1277
粤B2HM45,113.865898,22.582899,1277
粤B2HM45,113.870903,22.5867,1278
粤B2HM45,113.8741,22.5891,1278
粤B2HM45,113.876503,22.591,1279
粤B2HM45,113.878197,22.5919,1279
粤B2HM45,113.878502,22.5886,1280
粤B2HM45,113.880302,22.5907,1280
粤B2HM45,113.875702,22.586399,1281
粤B2HM45,113.875198,22.5868,1282
粤B2HM45,113.874901,22.587,1282
粤B2HM45,113.873901,22.5881,1283
粤B2HM45,113.875099,22.589701,1283
粤B2HM45,113.8778,22.591801,1284
粤B2HM45,113.878098,22.591999,1284
粤B2HM45,113.879601,22.5926,1285
粤B2HM45,113.882797,22.592899,1285
粤B2HM45,113.887001,22.5931,1286
粤B2HM45,113.889397,22.5926,1286
粤B2HM45,113.8908,22.5916,1287
粤B2HM45,113.889999,22.591499,1287
粤B2HM45,113.891098,22.5917,1288
粤B2HM45,113.891098,22.5917,1288
粤B2HM45,113.891296,22.5917,1289
粤B2HM45,113.891296,22.5917,1289
粤B2HM45,113.891296,22.5917,1290
粤B2HM45,113.891296,22.5917,1290
粤B2HM45,113.891296,22.5917,1291
粤B2HM45,113.891296,22.5917,1291
粤B2HM45,113.891296,22.5917,1292
粤B2HM45,113.891296,22.5917,1292
粤B2HM45,113.891296,22.5917,1293
粤B2HM45,113.891296,22.5917,1293
粤B2HM45,113.891296,22.5917,1294
粤B2HM45,113.891296,22.5917,1294
粤B2HM45,113.891296,22.5917,1295
粤B2HM45,113.891296,22.5917,1296
粤B2HM45,113.891296,22.5917,1296
粤B2HM45,113.891296,22.5917,1297
粤B2HM45,113.891296,22.5917,1297
粤B2HM45,113.891296,22.5917,1298
粤B2HM45,113.891296,22.5917,1298
粤B2HM45,113.891296,22.5917,1299
粤B2HM45,113.891296,22.5917,1299
粤B2HM45,113.891296,22.5917,1300
粤B2HM45,113.891296,22.5917,1300
粤B2HM45,113.891296,22.5917,1303
粤B2HM45,113.891296,22.5917,1304
粤B2HM45,113.891296,22.5917,1304
粤B2HM45,113.891296,22.5917,1306
粤B2HM45,113.891296,22.5917,1306
粤B2HM45,113.891296,22.5917,1308
粤B2HM45,113.891296,22.5917,1309
粤B2HM45,113.891296,22.5917,1310
粤B2HM45,113.891296,22.5917,1310
粤B2HM45,113.891296,22.5917,1311
粤B2HM45,113.891296,22.5917,1311
粤B2HM45,113.891296,22.591801,1312
粤B2HM45,113.891296,22.5917,1312
粤B2HM45,113.891296,22.591801,1313
粤B2HM45,113.891296,22.591801,1313
粤B2HM45,113.891296,22.591801,1314
粤B2HM45,113.891296,22.591801,1314
粤B2HM45,113.891296,22.591801,1315
粤B2HM45,113.891296,22.591801,1315
粤B2HM45,113.891296,22.591801,1316
粤B2HM45,113.891296,22.591801,1317
粤B2HM45,113.891296,22.591801,1317
粤B2HM45,113.891296,22.591801,1318
粤B2HM45,113.891296,22.591801,1318
粤B2HM45,113.891296,22.591801,1319
粤B2HM45,113.891296,22.591801,1319
粤B2HM45,113.891296,22.591801,1320
粤B2HM45,113.891296,22.591801,1324
粤B2HM45,113.891296,22.591801,1326
粤B2HM45,113.891296,22.591801,1326
粤B2HM45,113.891296,22.591801,1327
粤B2HM45,113.891296,22.591801,1327
粤B2HM45,113.891296,22.591801,1328
粤B2HM45,113.891296,22.591801,1328
粤B2HM45,113.891296,22.591801,1329
粤B2HM45,113.891296,22.5916,1330
粤B2HM45,113.891296,22.591801,1330
粤B2HM45,113.891296,22.5916,1331
粤B2HM45,113.891296,22.5916,1332
粤B2HM45,113.891296,22.5917,1333
粤B2HM45,113.891296,22.5917,1333
粤B2HM45,113.891296,22.5917,1334
粤B2HM45,113.891296,22.5917,1334
粤B2HM45,113.891296,22.5917,1335
粤B2HM45,113.891296,22.5917,1336
粤B2HM45,113.891296,22.5917,1336
粤B2HM45,113.891296,22.5917,1337
粤B2HM45,113.891296,22.5917,1338
粤B2HM45,113.891296,22.5917,1338
粤B2HM45,113.891296,22.5917,1339
粤B2HM45,113.891296,22.5917,1339
粤B2HM45,113.891296,22.5917,1340
粤B2HM45,113.891296,22.5917,1340
粤B2HM45,113.891296,22.5917,1341
粤B2HM45,113.891296,22.5917,1341
粤B2HM45,113.891296,22.5917,1342
粤B2HM45,113.890198,22.591499,1342
粤B2HM45,113.889,22.591,1343
粤B2HM45,113.889603,22.589701,1343
粤B2HM45,113.888496,22.5888,1344
粤B2HM45,113.888802,22.5872,1344
粤B2HM45,113.889999,22.584299,1345
粤B2HM45,113.889999,22.584299,1345
粤B2HM45,113.889702,22.585199,1345
粤B2HM45,113.888397,22.5832,1346
粤B2HM45,113.888397,22.5832,1346
粤B2HM45,113.888397,22.5832,1347
粤B2HM45,113.885597,22.5807,1348
粤B2HM45,113.880402,22.5762,1349
粤B2HM45,113.878098,22.5742,1351
粤B2HM45,113.875801,22.5723,1351
粤B2HM45,113.8694,22.576099,1352
粤B2HM45,113.872597,22.5739,1352
粤B2HM45,113.869202,22.5762,1353
粤B2HM45,113.868797,22.5763,1354
粤B2HM45,113.8666,22.573099,1354
粤B2HM45,113.864601,22.570601,1355
粤B2HM45,113.864601,22.570601,1356
粤B2HM45,113.864502,22.570499,1356
粤B2HM45,113.863403,22.569,1357
粤B2HM45,113.863602,22.5693,1357
粤B2HM45,113.863403,22.569,1358
粤B2HM45,113.865501,22.5714,1359
粤B2HM45,113.8675,22.570499,1359
粤B2HM45,113.867897,22.570101,1360
粤B2HM45,113.870499,22.5681,1361
粤B2HM45,113.870499,22.5681,1362
粤B2HM45,113.875099,22.571301,1363
粤B2HM45,113.871902,22.568501,1363
粤B2HM45,113.876602,22.5728,1364
粤B2HM45,113.879204,22.575001,1364
粤B2HM45,113.884697,22.5798,1365
粤B2HM45,113.881699,22.5772,1365
粤B2HM45,113.8853,22.580299,1366
粤B2HM45,113.888,22.582701,1367
粤B2HM45,113.888,22.582701,1367
粤B2HM45,113.8881,22.5828,1368
粤B2HM45,113.888,22.582701,1368
粤B2HM45,113.886597,22.5816,1369
粤B2HM45,113.887199,22.5821,1369
粤B2HM45,113.887299,22.582199,1369
粤B2HM45,113.885696,22.580799,1370
粤B2HM45,113.886497,22.581499,1370
粤B2HM45,113.885696,22.580799,1371
粤B2HM45,113.880699,22.5788,1373
粤B2HM45,113.883202,22.578699,1373
粤B2HM45,113.879997,22.5793,1374
粤B2HM45,113.8741,22.585501,1374
粤B2HM45,113.870903,22.589001,1375
粤B2HM45,113.862602,22.6022,1376
粤B2HM45,113.865196,22.5982,1376
粤B2HM45,113.856903,22.6091,1377
粤B2HM45,113.859901,22.6059,1377
粤B2HM45,113.857201,22.613701,1378
粤B2HM45,113.855202,22.612101,1378
粤B2HM45,113.857201,22.613701,1379
粤B2HM45,113.857201,22.613701,1379
粤B2HM45,113.856697,22.6159,1380
粤B2HM45,113.856102,22.618799,1380
粤B2HM45,113.856903,22.619101,1381
粤B2HM45,113.858803,22.619699,1381
粤B2HM45,113.859901,22.6206,1382
粤B2HM45,113.859901,22.620701,1382
粤B2HM45,113.859802,22.6208,1383
粤B2HM45,113.859901,22.620001,1383
粤B2HM45,113.857697,22.619301,1384
粤B2HM45,113.856499,22.618799,1384
粤B2HM45,113.855698,22.618999,1385
粤B2HM45,113.854401,22.6206,1385
粤B2HM45,113.848999,22.621799,1386
粤B2HM45,113.851601,22.6196,1386
粤B2HM45,113.844803,22.628,1387
粤B2HM45,113.846603,22.624701,1387
粤B2HM45,113.843697,22.6301,1388
粤B2HM45,113.843697,22.6301,1388
粤B2HM45,113.841904,22.632401,1389
粤B2HM45,113.838799,22.6357,1389
粤B2HM45,113.842102,22.631399,1390
粤B2HM45,113.839302,22.634399,1390
粤B2HM45,113.847298,22.623199,1391
粤B2HM45,113.844398,22.627899,1391
粤B2HM45,113.849899,22.617701,1392
粤B2HM45,113.849899,22.6201,1392
粤B2HM45,113.853203,22.6192,1393
粤B2HM45,113.8554,22.6194,1393
粤B2HM45,113.856697,22.6154,1394
粤B2HM45,113.856102,22.6173,1394
粤B2HM45,113.860901,22.610201,1396
粤B2HM45,113.865196,22.605801,1396
粤B2HM45,113.873199,22.597799,1397
粤B2HM45,113.869301,22.6017,1397
粤B2HM45,113.871902,22.5963,1398
粤B2HM45,113.871498,22.5961,1398
粤B2HM45,113.871498,22.5961,1398
粤B2HM45,113.871201,22.5958,1399
粤B2HM45,113.871498,22.5961,1399
粤B2HM45,113.869797,22.594801,1400
粤B2HM45,113.871399,22.5959,1400
粤B2HM45,113.8731,22.597,1401
粤B2HM45,113.874802,22.5963,1401
粤B2HM45,113.878098,22.5923,1402
粤B2HM45,113.876801,22.5942,1402
粤B2HM45,113.875,22.5902,1403
粤B2HM45,113.872902,22.589701,1403
粤B2HM45,113.871498,22.591801,1404
粤B2HM45,113.870697,22.5954,1405
粤B2HM45,113.872597,22.596701,1405
粤B2HM45,113.871803,22.5963,1406
粤B2HM45,113.869499,22.594801,1407
粤B2HM45,113.869499,22.594801,1407
粤B2HM45,113.869499,22.594801,1408
粤B2HM45,113.871902,22.596201,1409
粤B2HM45,113.869904,22.5949,1409
粤B2HM45,113.873596,22.5972,1410
粤B2HM45,113.873596,22.5972,1410
粤B2HM45,113.874603,22.5982,1411
粤B2HM45,113.873596,22.5972,1411
粤B2HM45,113.877403,22.6005,1412
粤B2HM45,113.879997,22.6028,1412
粤B2HM45,113.881302,22.602699,1413
粤B2HM45,113.884201,22.6019,1413
粤B2HM45,113.886803,22.603901,1414
粤B2HM45,113.885696,22.6071,1414
粤B2HM45,113.885696,22.6071,1415
粤B2HM45,113.886101,22.6066,1415
粤B2HM45,113.885696,22.6071,1415
粤B2HM45,113.886803,22.6038,1416
粤B2HM45,113.883797,22.601999,1416
粤B2HM45,113.881203,22.6028,1417
粤B2HM45,113.881203,22.6028,1417
粤B2HM45,113.880501,22.6029,1418
粤B2HM45,113.878601,22.601601,1418
粤B2HM45,113.881104,22.6028,1419
粤B2HM45,113.880096,22.6029,1419
粤B2HM45,113.882896,22.6022,1420
粤B2HM45,113.882202,22.6024,1420
粤B2HM45,113.881104,22.6028,1421
粤B2HM45,113.881104,22.6028,1421
粤B2HM45,113.881104,22.6028,1422
粤B2HM45,113.881104,22.6028,1422
粤B2HM45,113.881104,22.6028,1423
粤B2HM45,113.880997,22.6028,1423
粤B2HM45,113.878601,22.601601,1424
粤B2HM45,113.8759,22.5994,1424
粤B2HM45,113.873703,22.597401,1425
粤B2HM45,113.876999,22.594101,1425
粤B2HM45,113.878403,22.5926,1426
粤B2HM45,113.880501,22.5905,1426
粤B2HM45,113.875702,22.586201,1427
粤B2HM45,113.876701,22.587099,1427
粤B2HM45,113.877602,22.5879,1427
粤B2HM45,113.878799,22.5889,1427
粤B2HM45,113.878098,22.5837,1428
粤B2HM45,113.878899,22.5828,1428
粤B2HM45,113.8806,22.581499,1429
粤B2HM45,113.8806,22.581499,1429
粤B2HM45,113.8806,22.581499,1429
粤B2HM45,113.8825,22.5807,1430
粤B2HM45,113.8815,22.580799,1430
粤B2HM45,113.8834,22.5818,1431
粤B2HM45,113.882797,22.5809,1431
粤B2HM45,113.885002,22.580799,1432
粤B2HM45,113.885002,22.580799,1432
粤B2HM45,113.886002,22.5809,1433
粤B2HM45,113.885002,22.580799,1433
粤B2HM45,113.8881,22.582701,1434
粤B2HM45,113.890503,22.580601,1434
粤B2HM45,113.892097,22.579,1435
粤B2HM45,113.8936,22.5802,1435
