粤B0WK22,114.166901,22.608299,8
粤B0WK22,114.166901,22.608299,9
粤B0WK22,114.166901,22.608299,9
粤B0WK22,114.166901,22.608299,10
粤B0WK22,114.166901,22.608299,11
粤B0WK22,114.166901,22.608299,12
粤B0WK22,114.166901,22.608299,13
粤B0WK22,114.166901,22.608299,14
粤B0WK22,114.166901,22.608299,14
粤B0WK22,114.166901,22.608299,15
粤B0WK22,114.166901,22.608299,16
粤B0WK22,114.166901,22.608299,17
粤B0WK22,114.166901,22.608299,18
粤B0WK22,114.166901,22.608299,19
粤B0WK22,114.166901,22.608299,19
粤B0WK22,114.166901,22.608299,20
粤B0WK22,114.166901,22.608299,21
粤B0WK22,114.166901,22.608299,22
粤B0WK22,114.166901,22.608299,23
粤B0WK22,114.166901,22.608299,24
粤B0WK22,114.166901,22.608299,24
粤B0WK22,114.166901,22.608299,25
粤B0WK22,114.166901,22.608299,26
粤B0WK22,114.166901,22.608299,27
粤B0WK22,114.166901,22.608299,28
粤B0WK22,114.166901,22.608299,29
粤B0WK22,114.166901,22.608299,29
粤B0WK22,114.166901,22.608299,30
粤B0WK22,114.166901,22.608299,31
粤B0WK22,114.166901,22.608299,32
粤B0WK22,114.166901,22.608299,33
粤B0WK22,114.166901,22.608299,34
粤B0WK22,114.166901,22.608299,34
粤B0WK22,114.166901,22.608299,35
粤B0WK22,114.166901,22.608299,36
粤B0WK22,114.166901,22.608299,37
粤B0WK22,114.166901,22.608299,38
粤B0WK22,114.166901,22.608299,39
粤B0WK22,114.166901,22.608299,39
粤B0WK22,114.166901,22.608299,40
粤B0WK22,114.166901,22.608299,41
粤B0WK22,114.166901,22.608299,42
粤B0WK22,114.166901,22.608299,43
粤B0WK22,114.166901,22.608299,44
粤B0WK22,114.166901,22.608299,44
粤B0WK22,114.166901,22.608299,45
粤B0WK22,114.166901,22.608299,46
粤B0WK22,114.166901,22.608299,47
粤B0WK22,114.166901,22.608299,48
粤B0WK22,114.166901,22.608299,49
粤B0WK22,114.166901,22.608299,49
粤B0WK22,114.166901,22.608299,50
粤B0WK22,114.166901,22.608299,51
粤B0WK22,114.166901,22.608299,52
粤B0WK22,114.166901,22.608299,53
粤B0WK22,114.166901,22.608299,54
粤B0WK22,114.166901,22.608299,54
粤B0WK22,114.166901,22.608299,55
粤B0WK22,114.166901,22.608299,56
粤B0WK22,114.166901,22.608299,57
粤B0WK22,114.166901,22.608299,58
粤B0WK22,114.166901,22.608299,59
粤B0WK22,114.166901,22.608299,59
粤B0WK22,114.166901,22.608299,60
粤B0WK22,114.166901,22.608299,61
粤B0WK22,114.166901,22.608299,62
粤B0WK22,114.166901,22.608299,63
粤B0WK22,114.166901,22.608299,64
粤B0WK22,114.166901,22.608299,64
粤B0WK22,114.166901,22.608299,65
粤B0WK22,114.166901,22.608299,66
粤B0WK22,114.166901,22.608299,67
粤B0WK22,114.166901,22.608299,68
粤B0WK22,114.166901,22.608299,69
粤B0WK22,114.166901,22.608299,69
粤B0WK22,114.166901,22.608299,70
粤B0WK22,114.166901,22.608299,71
粤B0WK22,114.166901,22.608299,72
粤B0WK22,114.166901,22.608299,73
粤B0WK22,114.166901,22.608299,74
粤B0WK22,114.166901,22.608299,74
粤B0WK22,114.166901,22.608299,75
粤B0WK22,114.166901,22.608299,76
粤B0WK22,114.166901,22.608299,77
粤B0WK22,114.166901,22.608299,78
粤B0WK22,114.166901,22.608299,79
粤B0WK22,114.166901,22.608299,79
粤B0WK22,114.166901,22.608299,80
粤B0WK22,114.166901,22.608299,81
粤B0WK22,114.166901,22.608299,82
粤B0WK22,114.166901,22.608299,83
粤B0WK22,114.166901,22.608299,84
粤B0WK22,114.166901,22.608299,84
粤B0WK22,114.166901,22.608299,85
粤B0WK22,114.166901,22.608299,86
粤B0WK22,114.166901,22.608299,87
粤B0WK22,114.166901,22.608299,88
粤B0WK22,114.166901,22.608299,89
粤B0WK22,114.166901,22.608299,89
粤B0WK22,114.166901,22.608299,90
粤B0WK22,114.166901,22.608299,91
粤B0WK22,114.166901,22.608299,92
粤B0WK22,114.166901,22.608299,93
粤B0WK22,114.166901,22.608299,94
粤B0WK22,114.166901,22.608299,94
粤B0WK22,114.166901,22.608299,95
粤B0WK22,114.166901,22.608299,96
粤B0WK22,114.166901,22.608299,97
粤B0WK22,114.166901,22.608299,98
粤B0WK22,114.166901,22.608299,99
粤B0WK22,114.166901,22.608299,99
粤B0WK22,114.166901,22.608299,100
粤B0WK22,114.166901,22.608299,101
粤B0WK22,114.166901,22.608299,102
粤B0WK22,114.166901,22.608299,104
粤B0WK22,114.166901,22.608299,105
粤B0WK22,114.166901,22.608299,106
粤B0WK22,114.166901,22.608299,107
粤B0WK22,114.166901,22.608299,108
粤B0WK22,114.166901,22.608299,109
粤B0WK22,114.166901,22.608299,109
粤B0WK22,114.166901,22.608299,110
粤B0WK22,114.166901,22.608299,111
粤B0WK22,114.166901,22.608299,112
粤B0WK22,114.166901,22.608299,114
粤B0WK22,114.166901,22.608299,114
粤B0WK22,114.166901,22.608299,115
粤B0WK22,114.166901,22.608299,116
粤B0WK22,114.166901,22.608299,117
粤B0WK22,114.166901,22.608299,118
粤B0WK22,114.166901,22.608299,119
粤B0WK22,114.166901,22.608299,119
粤B0WK22,114.166901,22.608299,120
粤B0WK22,114.166901,22.608299,121
粤B0WK22,114.166901,22.608299,122
粤B0WK22,114.166901,22.608299,123
粤B0WK22,114.166901,22.608299,124
粤B0WK22,114.166901,22.608299,124
粤B0WK22,114.166901,22.608299,125
粤B0WK22,114.166901,22.608299,126
粤B0WK22,114.166901,22.608299,127
粤B0WK22,114.166901,22.608299,128
粤B0WK22,114.166901,22.608299,129
粤B0WK22,114.166901,22.608299,129
粤B0WK22,114.166901,22.608299,130
粤B0WK22,114.166901,22.608299,131
粤B0WK22,114.166901,22.608299,132
粤B0WK22,114.166901,22.608299,133
粤B0WK22,114.166901,22.608299,134
粤B0WK22,114.166901,22.608299,134
粤B0WK22,114.166901,22.608299,135
粤B0WK22,114.166901,22.608299,136
粤B0WK22,114.166901,22.608299,137
粤B0WK22,114.166901,22.608299,138
粤B0WK22,114.166901,22.608299,139
粤B0WK22,114.166901,22.608299,139
粤B0WK22,114.166901,22.608299,140
粤B0WK22,114.166901,22.608299,141
粤B0WK22,114.166901,22.608299,142
粤B0WK22,114.166901,22.608299,143
粤B0WK22,114.166901,22.608299,144
粤B0WK22,114.166901,22.608299,144
粤B0WK22,114.166901,22.608299,145
粤B0WK22,114.166901,22.608299,146
粤B0WK22,114.166901,22.608299,147
粤B0WK22,114.166901,22.608299,148
粤B0WK22,114.166901,22.608299,149
粤B0WK22,114.166901,22.608299,149
粤B0WK22,114.166901,22.608299,150
粤B0WK22,114.166901,22.608299,151
粤B0WK22,114.166901,22.608299,152
粤B0WK22,114.166901,22.608299,153
粤B0WK22,114.166901,22.608299,154
粤B0WK22,114.166901,22.608299,154
粤B0WK22,114.166901,22.608299,155
粤B0WK22,114.166901,22.608299,156
粤B0WK22,114.166901,22.608299,157
粤B0WK22,114.166901,22.608299,158
粤B0WK22,114.166901,22.608299,159
粤B0WK22,114.166901,22.608299,159
粤B0WK22,114.166901,22.608299,160
粤B0WK22,114.166901,22.608299,161
粤B0WK22,114.166901,22.608299,162
粤B0WK22,114.166901,22.608299,163
粤B0WK22,114.166901,22.608299,164
粤B0WK22,114.166901,22.608299,164
粤B0WK22,114.166901,22.608299,165
粤B0WK22,114.166901,22.608299,166
粤B0WK22,114.166901,22.608299,167
粤B0WK22,114.166901,22.608299,168
粤B0WK22,114.166901,22.608299,169
粤B0WK22,114.166901,22.608299,169
粤B0WK22,114.166901,22.608299,170
粤B0WK22,114.166901,22.608299,171
粤B0WK22,114.166901,22.608299,173
粤B0WK22,114.166901,22.608299,174
粤B0WK22,114.166901,22.608299,174
粤B0WK22,114.166901,22.608299,175
粤B0WK22,114.166901,22.608299,176
粤B0WK22,114.166901,22.608299,177
粤B0WK22,114.166901,22.608299,178
粤B0WK22,114.166901,22.608299,178
粤B0WK22,114.166901,22.608299,179
粤B0WK22,114.166901,22.608299,179
粤B0WK22,114.166901,22.608299,180
粤B0WK22,114.166901,22.608299,182
粤B0WK22,114.166901,22.608299,183
粤B0WK22,114.166901,22.608299,192
粤B0WK22,114.166901,22.608299,193
粤B0WK22,114.166901,22.608299,194
粤B0WK22,114.166901,22.608299,194
粤B0WK22,114.166901,22.608299,195
粤B0WK22,114.166901,22.608299,196
粤B0WK22,114.166901,22.608299,197
粤B0WK22,114.166901,22.608299,198
粤B0WK22,114.166901,22.608299,199
粤B0WK22,114.166901,22.608299,199
粤B0WK22,114.166901,22.608299,200
粤B0WK22,114.166901,22.608299,201
粤B0WK22,114.166901,22.608299,202
粤B0WK22,114.166901,22.608299,203
粤B0WK22,114.166901,22.608299,204
粤B0WK22,114.166901,22.608299,204
粤B0WK22,114.166901,22.608299,205
粤B0WK22,114.166901,22.608299,206
粤B0WK22,114.166901,22.608299,207
粤B0WK22,114.166901,22.608299,208
粤B0WK22,114.166901,22.608299,209
粤B0WK22,114.166901,22.608299,209
粤B0WK22,114.166901,22.608299,210
粤B0WK22,114.166901,22.608299,211
粤B0WK22,114.166901,22.608299,212
粤B0WK22,114.166901,22.608299,213
粤B0WK22,114.166901,22.608299,214
粤B0WK22,114.166901,22.608299,215
粤B0WK22,114.166901,22.608299,215
粤B0WK22,114.166901,22.608299,216
粤B0WK22,114.166901,22.608299,217
粤B0WK22,114.166901,22.608299,218
粤B0WK22,114.166901,22.608299,219
粤B0WK22,114.166901,22.608299,220
粤B0WK22,114.166901,22.608299,220
粤B0WK22,114.166901,22.608299,221
粤B0WK22,114.166901,22.608299,222
粤B0WK22,114.166901,22.608299,223
粤B0WK22,114.166901,22.608299,224
粤B0WK22,114.166901,22.608299,225
粤B0WK22,114.166901,22.608299,225
粤B0WK22,114.166901,22.608299,226
粤B0WK22,114.166901,22.608299,227
粤B0WK22,114.166901,22.608299,228
粤B0WK22,114.166901,22.608299,229
粤B0WK22,114.166901,22.608299,230
粤B0WK22,114.166901,22.608299,231
粤B0WK22,114.166901,22.608299,233
粤B0WK22,114.166901,22.608299,234
粤B0WK22,114.166901,22.608299,235
粤B0WK22,114.166901,22.608299,235
粤B0WK22,114.166901,22.608299,236
粤B0WK22,114.166901,22.608299,237
粤B0WK22,114.166901,22.608299,238
粤B0WK22,114.166901,22.608299,239
粤B0WK22,114.166901,22.608299,240
粤B0WK22,114.166901,22.608299,240
粤B0WK22,114.166901,22.608299,241
粤B0WK22,114.166901,22.608299,242
粤B0WK22,114.166901,22.608299,243
粤B0WK22,114.166901,22.608299,244
粤B0WK22,114.166901,22.608299,245
粤B0WK22,114.166901,22.608299,245
粤B0WK22,114.166901,22.608299,246
粤B0WK22,114.166901,22.608299,247
粤B0WK22,114.166901,22.608299,248
粤B0WK22,114.166901,22.608299,249
粤B0WK22,114.166901,22.608299,250
粤B0WK22,114.166901,22.608299,250
粤B0WK22,114.166901,22.608299,251
粤B0WK22,114.166901,22.608299,252
粤B0WK22,114.166901,22.608299,253
粤B0WK22,114.166901,22.608299,254
粤B0WK22,114.166901,22.608299,255
粤B0WK22,114.166901,22.608299,255
粤B0WK22,114.166901,22.608299,256
粤B0WK22,114.166901,22.608299,257
粤B0WK22,114.166901,22.608299,258
粤B0WK22,114.166901,22.608299,259
粤B0WK22,114.166901,22.608299,260
粤B0WK22,114.166901,22.608299,260
粤B0WK22,114.166901,22.608299,261
粤B0WK22,114.166901,22.608299,262
粤B0WK22,114.166901,22.608299,263
粤B0WK22,114.166901,22.608299,264
粤B0WK22,114.166901,22.608299,265
粤B0WK22,114.166901,22.608299,265
粤B0WK22,114.166901,22.608299,266
粤B0WK22,114.166901,22.608299,267
粤B0WK22,114.166901,22.608299,268
粤B0WK22,114.166901,22.608299,269
粤B0WK22,114.166901,22.608299,270
粤B0WK22,114.166901,22.608299,270
粤B0WK22,114.166901,22.608299,271
粤B0WK22,114.166901,22.608299,272
粤B0WK22,114.166901,22.608299,273
粤B0WK22,114.166901,22.608299,274
粤B0WK22,114.166901,22.608299,275
粤B0WK22,114.166901,22.608299,275
粤B0WK22,114.166901,22.608299,276
粤B0WK22,114.166901,22.608299,277
粤B0WK22,114.166901,22.608299,278
粤B0WK22,114.166901,22.608299,279
粤B0WK22,114.166901,22.608299,280
粤B0WK22,114.166901,22.608299,280
粤B0WK22,114.166901,22.608299,281
粤B0WK22,114.166901,22.608299,282
粤B0WK22,114.166901,22.608299,283
粤B0WK22,114.166901,22.608299,284
粤B0WK22,114.166901,22.608299,285
粤B0WK22,114.166901,22.608299,285
粤B0WK22,114.166901,22.608299,286
粤B0WK22,114.166901,22.608299,287
粤B0WK22,114.166901,22.608299,288
粤B0WK22,114.166901,22.608299,289
粤B0WK22,114.166901,22.608299,290
粤B0WK22,114.166901,22.608299,290
粤B0WK22,114.166901,22.608299,291
粤B0WK22,114.166901,22.608299,294
粤B0WK22,114.166901,22.608299,295
粤B0WK22,114.166901,22.608299,296
粤B0WK22,114.166901,22.608299,297
粤B0WK22,114.166901,22.608299,298
粤B0WK22,114.166901,22.608299,299
粤B0WK22,114.166901,22.608299,300
粤B0WK22,114.166901,22.608299,300
粤B0WK22,114.166901,22.608299,301
粤B0WK22,114.166901,22.608299,302
粤B0WK22,114.166901,22.608299,303
粤B0WK22,114.166901,22.608299,304
粤B0WK22,114.166901,22.608299,305
粤B0WK22,114.166901,22.608299,305
粤B0WK22,114.166901,22.608299,306
粤B0WK22,114.166901,22.608299,307
粤B0WK22,114.166901,22.608299,308
粤B0WK22,114.166901,22.608299,309
粤B0WK22,114.166901,22.608299,310
粤B0WK22,114.166901,22.608299,310
粤B0WK22,114.166901,22.608299,311
粤B0WK22,114.166901,22.608299,312
粤B0WK22,114.166901,22.608299,313
粤B0WK22,114.166901,22.608299,314
粤B0WK22,114.166901,22.608299,315
粤B0WK22,114.166901,22.608299,315
粤B0WK22,114.166901,22.608299,316
粤B0WK22,114.166901,22.608299,317
粤B0WK22,114.166901,22.608299,318
粤B0WK22,114.166901,22.608299,319
粤B0WK22,114.166901,22.608299,320
粤B0WK22,114.166901,22.608299,320
粤B0WK22,114.166901,22.608299,321
粤B0WK22,114.166901,22.608299,322
粤B0WK22,114.166901,22.608299,323
粤B0WK22,114.166901,22.608299,324
粤B0WK22,114.166901,22.608299,325
粤B0WK22,114.166901,22.608299,325
粤B0WK22,114.166901,22.608299,326
粤B0WK22,114.166901,22.608299,327
粤B0WK22,114.166901,22.608299,328
粤B0WK22,114.166901,22.608299,329
粤B0WK22,114.166901,22.608299,330
粤B0WK22,114.166901,22.608299,330
粤B0WK22,114.166901,22.608299,331
粤B0WK22,114.166901,22.608299,332
粤B0WK22,114.166901,22.608299,333
粤B0WK22,114.166901,22.608299,334
粤B0WK22,114.166901,22.608299,335
粤B0WK22,114.166901,22.608299,335
粤B0WK22,114.166901,22.608299,336
粤B0WK22,114.166901,22.608299,337
粤B0WK22,114.166901,22.608299,338
粤B0WK22,114.166901,22.608299,339
粤B0WK22,114.166901,22.608299,340
粤B0WK22,114.166901,22.608299,340
粤B0WK22,114.166901,22.608299,341
粤B0WK22,114.166901,22.608299,342
粤B0WK22,114.166901,22.608299,343
粤B0WK22,114.166901,22.608299,344
粤B0WK22,114.166901,22.608299,345
粤B0WK22,114.166901,22.608299,345
粤B0WK22,114.166901,22.608299,346
粤B0WK22,114.166901,22.608299,347
粤B0WK22,114.166901,22.608299,348
粤B0WK22,114.166901,22.608299,349
粤B0WK22,114.166901,22.608299,350
粤B0WK22,114.166901,22.608299,350
粤B0WK22,114.166901,22.608299,351
粤B0WK22,114.166901,22.608299,352
粤B0WK22,114.166901,22.608299,353
粤B0WK22,114.166901,22.608299,354
粤B0WK22,114.166901,22.608299,355
粤B0WK22,114.166901,22.608299,355
粤B0WK22,114.166901,22.608299,356
粤B0WK22,114.166901,22.608299,357
粤B0WK22,114.166901,22.608299,358
粤B0WK22,114.166901,22.608299,359
粤B0WK22,114.166901,22.608299,360
粤B0WK22,114.166901,22.608299,360
粤B0WK22,114.166901,22.608299,361
粤B0WK22,114.166901,22.608299,362
粤B0WK22,114.166901,22.608299,363
粤B0WK22,114.166901,22.608299,364
粤B0WK22,114.166901,22.608299,365
粤B0WK22,114.166901,22.608299,366
粤B0WK22,114.166901,22.608299,367
粤B0WK22,114.166901,22.608299,368
粤B0WK22,114.166901,22.608299,369
粤B0WK22,114.166901,22.608299,370
粤B0WK22,114.166901,22.608299,370
粤B0WK22,114.166901,22.608299,371
粤B0WK22,114.166901,22.608299,372
粤B0WK22,114.166901,22.608299,373
粤B0WK22,114.166901,22.608299,374
粤B0WK22,114.166901,22.608299,375
粤B0WK22,114.166901,22.608299,375
粤B0WK22,114.166901,22.608299,376
粤B0WK22,114.166901,22.608299,377
粤B0WK22,114.166901,22.608299,378
粤B0WK22,114.166901,22.608299,379
粤B0WK22,114.166901,22.608299,380
粤B0WK22,114.166901,22.608299,380
粤B0WK22,114.166901,22.608299,381
粤B0WK22,114.166901,22.608299,382
粤B0WK22,114.166901,22.608299,383
粤B0WK22,114.166901,22.608299,384
粤B0WK22,114.166901,22.608299,385
粤B0WK22,114.166901,22.608299,385
粤B0WK22,114.166901,22.608299,387
粤B0WK22,114.166901,22.608299,389
粤B0WK22,114.166901,22.608299,392
粤B0WK22,114.166901,22.608299,393
粤B0WK22,114.166901,22.608299,394
粤B0WK22,114.166901,22.608299,397
粤B0WK22,114.166901,22.608299,398
粤B0WK22,114.166901,22.608299,399
粤B0WK22,114.166901,22.608299,402
粤B0WK22,114.166901,22.608299,403
粤B0WK22,114.166901,22.608299,404
粤B0WK22,114.166901,22.608299,406
粤B0WK22,114.166901,22.608299,407
粤B0WK22,114.166901,22.608299,412
粤B0WK22,114.166901,22.608299,413
粤B0WK22,114.166901,22.608299,414
粤B0WK22,114.166901,22.608299,417
粤B0WK22,114.166901,22.608299,418
粤B0WK22,114.166901,22.608299,419
粤B0WK22,114.166901,22.608299,427
粤B0WK22,114.166901,22.608299,428
粤B0WK22,114.166901,22.608299,429
粤B0WK22,114.166901,22.608299,432
粤B0WK22,114.164597,22.607201,433
粤B0WK22,114.161301,22.604799,434
粤B0WK22,114.1549,22.596901,436
粤B0WK22,114.151901,22.594101,437
粤B0WK22,114.150299,22.5902,438
粤B0WK22,114.140198,22.5788,441
粤B0WK22,114.139099,22.5765,442
粤B0WK22,114.138397,22.574301,443
粤B0WK22,114.134399,22.5651,446
粤B0WK22,114.131897,22.5623,447
粤B0WK22,114.129601,22.5616,448
粤B0WK22,114.129601,22.5616,448
粤B0WK22,114.125702,22.5595,449
粤B0WK22,114.125702,22.5595,450
粤B0WK22,114.125702,22.5595,450
粤B0WK22,114.125702,22.5595,459
粤B0WK22,114.125397,22.579399,460
粤B0WK22,114.124397,22.5772,461
粤B0WK22,114.121498,22.5769,462
粤B0WK22,114.117401,22.576799,465
粤B0WK22,114.116302,22.577101,466
粤B0WK22,114.117699,22.571699,467
粤B0WK22,114.117599,22.568501,467
粤B0WK22,114.1157,22.5651,468
粤B0WK22,114.114799,22.5604,469
粤B0WK22,114.1063,22.558701,471
粤B0WK22,114.105598,22.558701,472
粤B0WK22,114.102402,22.558599,473
粤B0WK22,114.100098,22.558599,474
粤B0WK22,114.099998,22.558599,475
粤B0WK22,114.099602,22.558599,476
粤B0WK22,114.093803,22.5585,477
粤B0WK22,114.072098,22.558201,481
粤B0WK22,114.069,22.5581,482
粤B0WK22,114.067497,22.5333,490
粤B0WK22,114.064201,22.5319,491
粤B0WK22,114.063797,22.532,492
粤B0WK22,114.0606,22.532499,493
粤B0WK22,114.059097,22.5338,494
粤B0WK22,114.060501,22.535299,495
粤B0WK22,114.060898,22.534,498
粤B0WK22,114.044098,22.531401,501
粤B0WK22,114.035599,22.5305,502
粤B0WK22,114.030701,22.5303,503
粤B0WK22,114.015297,22.534201,506
粤B0WK22,114.011902,22.537701,507
粤B0WK22,114.009903,22.5375,508
粤B0WK22,114.052696,22.525801,564
粤B0WK22,114.051399,22.5259,564
粤B0WK22,114.052696,22.525801,565
粤B0WK22,114.056801,22.5259,565
粤B0WK22,114.059303,22.5259,566
粤B0WK22,114.059303,22.5259,567
粤B0WK22,114.059402,22.5271,568
粤B0WK22,114.058502,22.530701,569
粤B0WK22,114.058197,22.534901,570
粤B0WK22,114.058197,22.533701,570
粤B0WK22,114.058197,22.534901,571
粤B0WK22,114.058197,22.5354,572
粤B0WK22,114.058197,22.536501,573
粤B0WK22,114.0588,22.537399,574
粤B0WK22,114.061897,22.5375,575
粤B0WK22,114.062401,22.5375,575
粤B0WK22,114.062401,22.5375,576
粤B0WK22,114.062897,22.5376,577
粤B0WK22,114.066803,22.538401,578
粤B0WK22,114.058197,22.536501,579
粤B0WK22,114.067902,22.5371,579
粤B0WK22,114.067902,22.5369,580
粤B0WK22,114.067902,22.5364,580
粤B0WK22,114.067902,22.5364,581
粤B0WK22,114.067902,22.5364,582
粤B0WK22,114.067902,22.5364,583
粤B0WK22,114.067902,22.5364,584
粤B0WK22,114.067902,22.5364,585
粤B0WK22,114.067902,22.5364,585
粤B0WK22,114.067902,22.5364,586
粤B0WK22,114.067902,22.5364,587
粤B0WK22,114.068001,22.5361,588
粤B0WK22,114.0672,22.533001,589
粤B0WK22,114.064003,22.532,590
粤B0WK22,114.063004,22.534401,590
粤B0WK22,114.063004,22.5369,591
粤B0WK22,114.064201,22.5376,592
粤B0WK22,114.0644,22.5376,592
粤B0WK22,114.066704,22.538401,593
粤B0WK22,114.068001,22.5378,594
粤B0WK22,114.0681,22.5369,595
粤B0WK22,114.0681,22.535999,596
粤B0WK22,114.066299,22.5298,597
粤B0WK22,114.0681,22.530899,597
粤B0WK22,114.063904,22.529699,598
粤B0WK22,114.063904,22.529699,598
粤B0WK22,114.063103,22.5306,599
粤B0WK22,114.063103,22.534401,600
粤B0WK22,114.062698,22.5471,604
粤B0WK22,114.0625,22.5506,605
粤B0WK22,114.0625,22.5511,606
粤B0WK22,114.0625,22.5506,606
粤B0WK22,114.062698,22.555401,607
粤B0WK22,114.065399,22.557899,608
粤B0WK22,114.066704,22.558001,609
粤B0WK22,114.066803,22.558001,610
粤B0WK22,114.066803,22.558001,611
粤B0WK22,114.067398,22.558001,611
粤B0WK22,114.062698,22.555401,612
粤B0WK22,114.073898,22.5581,612
粤B0WK22,114.080803,22.558201,613
粤B0WK22,114.088501,22.5583,614
粤B0WK22,114.0895,22.5583,615
粤B0WK22,114.0895,22.5583,616
粤B0WK22,114.091797,22.558399,616
粤B0WK22,114.097603,22.5585,617
粤B0WK22,114.0989,22.558599,618
粤B0WK22,114.0989,22.558599,619
粤B0WK22,114.0989,22.558599,620
粤B0WK22,114.099297,22.558701,621
粤B0WK22,114.100502,22.5616,621
粤B0WK22,114.101601,22.5616,622
粤B0WK22,114.108101,22.537399,645
粤B0WK22,114.115501,22.539,645
粤B0WK22,114.101097,22.5383,646
粤B0WK22,114.093697,22.5382,647
粤B0WK22,114.084297,22.5375,648
粤B0WK22,114.078598,22.5343,649
粤B0WK22,114.072098,22.5319,650
粤B0WK22,114.063698,22.5317,651
粤B0WK22,114.054901,22.531601,651
粤B0WK22,114.046501,22.5315,652
粤B0WK22,114.038696,22.530899,653
粤B0WK22,114.029999,22.5306,654
粤B0WK22,114.025597,22.5322,655
粤B0WK22,114.024002,22.540501,656
粤B0WK22,114.0243,22.536301,656
粤B0WK22,114.018097,22.5399,658
粤B0WK22,114.018097,22.5399,659
粤B0WK22,114.017799,22.5403,660
粤B0WK22,114.0149,22.5434,663
粤B0WK22,114.012901,22.547501,665
粤B0WK22,114.012901,22.547501,665
粤B0WK22,114.0121,22.5485,666
粤B0WK22,114.011803,22.548901,666
粤B0WK22,114.013702,22.549999,667
粤B0WK22,114.016701,22.545601,668
粤B0WK22,114.0149,22.543301,669
粤B0WK22,114.015297,22.5422,670
粤B0WK22,114.015297,22.5422,671
粤B0WK22,114.015297,22.5422,671
粤B0WK22,114.015297,22.5422,672
粤B0WK22,114.015297,22.5422,672
粤B0WK22,114.015701,22.540501,673
粤B0WK22,114.015404,22.5399,674
粤B0WK22,114.016602,22.5403,675
粤B0WK22,114.017601,22.542101,676
粤B0WK22,114.021202,22.544701,677
粤B0WK22,114.0196,22.549801,677
粤B0WK22,114.015297,22.5422,677
粤B0WK22,114.0215,22.551901,678
粤B0WK22,114.0215,22.555401,679
粤B0WK22,114.025497,22.555799,680
粤B0WK22,114.029198,22.5567,681
粤B0WK22,114.0261,22.559,682
粤B0WK22,114.0252,22.562599,682
粤B0WK22,114.0233,22.561001,683
粤B0WK22,114.017403,22.560801,684
粤B0WK22,114.014198,22.562201,685
粤B0WK22,114.013298,22.562799,686
粤B0WK22,114.013298,22.562799,687
粤B0WK22,114.013298,22.562799,687
粤B0WK22,114.012398,22.563801,688
粤B0WK22,114.011597,22.566099,689
粤B0WK22,114.011002,22.566,690
粤B0WK22,114.009399,22.5665,691
粤B0WK22,114.009399,22.5665,692
粤B0WK22,114.009399,22.5665,692
粤B0WK22,114.012299,22.5658,693
粤B0WK22,114.0131,22.563499,694
粤B0WK22,114.015701,22.5611,695
粤B0WK22,114.017502,22.560801,696
粤B0WK22,114.013496,22.560699,697
粤B0WK22,114.015297,22.5569,697
粤B0WK22,114.019699,22.5492,698
粤B0WK22,114.018402,22.544399,699
粤B0WK22,114.017502,22.5443,700
粤B0WK22,114.015297,22.5438,701
粤B0WK22,114.015198,22.5424,702
粤B0WK22,114.015099,22.5427,702
粤B0WK22,114.015198,22.5424,703
粤B0WK22,114.015198,22.5424,703
粤B0WK22,114.0158,22.5401,704
粤B0WK22,114.0158,22.5401,704
粤B0WK22,114.017799,22.540199,705
粤B0WK22,114.017799,22.540199,706
粤B0WK22,114.017799,22.540199,707
粤B0WK22,114.017998,22.540001,708
粤B0WK22,114.017998,22.540001,708
粤B0WK22,114.017403,22.5387,709
粤B0WK22,114.014099,22.538099,710
粤B0WK22,114.0037,22.5364,711
粤B0WK22,114.010101,22.5375,711
粤B0WK22,114.0037,22.5364,712
粤B0WK22,114.003197,22.5362,713
粤B0WK22,113.998802,22.5355,714
粤B0WK22,113.993301,22.5355,715
粤B0WK22,113.992897,22.5331,716
粤B0WK22,113.993301,22.5355,716
粤B0WK22,113.993103,22.531601,717
粤B0WK22,113.993301,22.530199,718
粤B0WK22,113.990799,22.525801,719
粤B0WK22,113.981598,22.5231,720
粤B0WK22,114.026802,22.6124,819
粤B0WK22,114.026802,22.6124,820
粤B0WK22,114.026802,22.6124,821
粤B0WK22,114.026802,22.6124,821
粤B0WK22,114.026802,22.6124,822
粤B0WK22,114.026802,22.6124,823
粤B0WK22,114.026802,22.6124,824
粤B0WK22,114.026802,22.6124,825
粤B0WK22,114.026802,22.6124,826
粤B0WK22,114.026802,22.6124,826
粤B0WK22,114.026802,22.6124,827
粤B0WK22,114.026802,22.6124,828
粤B0WK22,114.026802,22.6124,828
粤B0WK22,114.026604,22.6127,828
粤B0WK22,114.026604,22.6127,828
粤B0WK22,114.026604,22.6127,828
粤B0WK22,114.026604,22.6127,828
粤B0WK22,114.026802,22.6127,829
粤B0WK22,114.026604,22.6127,829
粤B0WK22,114.026802,22.6127,830
粤B0WK22,114.026802,22.6127,831
粤B0WK22,114.0271,22.613001,831
粤B0WK22,114.0271,22.613001,831
粤B0WK22,114.0271,22.613001,831
粤B0WK22,114.026901,22.613001,831
粤B0WK22,114.026802,22.6127,831
粤B0WK22,114.0271,22.613001,831
粤B0WK22,114.0271,22.613001,831
粤B0WK22,114.026901,22.613001,832
粤B0WK22,114.026901,22.613001,833
粤B0WK22,114.026901,22.613001,834
粤B0WK22,114.027,22.6127,835
粤B0WK22,114.026901,22.613001,835
粤B0WK22,114.027,22.6126,835
粤B0WK22,114.026901,22.6126,836
粤B0WK22,114.026901,22.6126,836
粤B0WK22,114.026901,22.6126,837
粤B0WK22,114.047401,22.590401,859
粤B0WK22,114.0588,22.5798,860
粤B0WK22,114.047401,22.590401,860
粤B0WK22,114.060501,22.577801,860
粤B0WK22,114.067001,22.574499,861
粤B0WK22,114.067497,22.567699,862
粤B0WK22,114.067596,22.563101,863
粤B0WK22,114.067596,22.562,864
粤B0WK22,114.067703,22.559999,865
粤B0WK22,114.067596,22.5611,865
粤B0WK22,114.067703,22.559799,866
粤B0WK22,114.067703,22.559299,867
粤B0WK22,114.067703,22.5583,869
粤B0WK22,114.067703,22.5583,870
粤B0WK22,114.068901,22.558001,870
粤B0WK22,114.0765,22.558201,871
粤B0WK22,114.085403,22.5583,872
粤B0WK22,114.089897,22.558399,873
粤B0WK22,114.089897,22.558399,874
粤B0WK22,114.089897,22.558399,875
粤B0WK22,114.094002,22.558399,875
粤B0WK22,114.098801,22.5583,876
粤B0WK22,114.099403,22.555799,877
粤B0WK22,114.099403,22.5557,878
粤B0WK22,114.099403,22.5525,879
粤B0WK22,114.099403,22.5525,880
粤B0WK22,114.099403,22.551901,880
粤B0WK22,114.099503,22.548,881
粤B0WK22,114.099503,22.547701,882
粤B0WK22,114.099503,22.5443,883
粤B0WK22,114.099503,22.5443,883
粤B0WK22,114.099503,22.5443,883
粤B0WK22,114.099503,22.5443,884
粤B0WK22,114.099503,22.543699,885
粤B0WK22,114.099503,22.543699,886
粤B0WK22,114.099503,22.542299,887
粤B0WK22,114.099503,22.542299,887
粤B0WK22,114.099503,22.542299,888
粤B0WK22,114.099503,22.541401,889
粤B0WK22,114.097298,22.5411,890
粤B0WK22,114.098999,22.5403,891
粤B0WK22,114.097,22.540501,892
粤B0WK22,114.099098,22.5411,893
粤B0WK22,114.098198,22.5411,893
粤B0WK22,114.099098,22.5411,894
粤B0WK22,114.099701,22.5422,895
粤B0WK22,114.099701,22.5422,896
粤B0WK22,114.099701,22.5422,897
粤B0WK22,114.099701,22.5422,898
粤B0WK22,114.099701,22.5422,898
粤B0WK22,114.099701,22.5422,899
粤B0WK22,114.0868,22.5375,911
粤B0WK22,114.085999,22.5375,912
粤B0WK22,114.085098,22.5375,912
粤B0WK22,114.084198,22.5375,913
粤B0WK22,114.083298,22.5375,914
粤B0WK22,114.0821,22.537399,915
粤B0WK22,114.080299,22.536699,916
粤B0WK22,114.076599,22.532,917
粤B0WK22,114.069099,22.531799,917
粤B0WK22,114.060303,22.531601,918
粤B0WK22,114.051697,22.5315,919
粤B0WK22,114.042702,22.5312,920
粤B0WK22,114.033302,22.530199,921
粤B0WK22,114.024101,22.5317,922
粤B0WK22,114.014999,22.531,922
粤B0WK22,114.005798,22.5298,923
粤B0WK22,113.9963,22.528799,924
粤B0WK22,113.987,22.524099,925
粤B0WK22,113.977203,22.523001,926
粤B0WK22,113.958504,22.523001,927
粤B0WK22,113.967697,22.5229,927
粤B0WK22,113.949799,22.524,928
粤B0WK22,113.9412,22.524599,929
粤B0WK22,113.934196,22.5249,930
粤B0WK22,113.927597,22.525299,931
粤B0WK22,113.924301,22.526699,932
粤B0WK22,113.921997,22.518801,933
粤B0WK22,113.923302,22.5215,933
粤B0WK22,113.921799,22.517599,934
粤B0WK22,113.920799,22.5138,935
粤B0WK22,113.919701,22.514799,936
粤B0WK22,113.919701,22.514799,936
粤B0WK22,113.919701,22.514799,936
粤B0WK22,113.919296,22.5152,937
粤B0WK22,113.919296,22.5152,937
粤B0WK22,113.916801,22.517099,938
粤B0WK22,113.914902,22.517599,939
粤B0WK22,113.916702,22.5205,939
粤B0WK22,113.917198,22.520901,940
粤B0WK22,113.918098,22.5242,941
粤B0WK22,113.918098,22.5242,942
粤B0WK22,113.918701,22.526699,943
粤B0WK22,113.918701,22.526899,944
粤B0WK22,113.918701,22.526899,944
粤B0WK22,113.919197,22.529301,945
粤B0WK22,113.919296,22.5296,946
粤B0WK22,113.919502,22.5301,947
粤B0WK22,113.919899,22.532801,948
粤B0WK22,113.9198,22.5341,949
粤B0WK22,113.9198,22.5341,949
粤B0WK22,113.919899,22.534901,949
粤B0WK22,113.9198,22.5341,949
粤B0WK22,113.9198,22.5341,950
粤B0WK22,113.919601,22.531799,951
粤B0WK22,113.920097,22.5345,952
粤B0WK22,113.922501,22.5355,952
粤B0WK22,113.922501,22.5355,953
粤B0WK22,113.925301,22.5355,954
粤B0WK22,113.926598,22.5355,955
粤B0WK22,113.926598,22.5355,956
粤B0WK22,113.927299,22.5457,957
粤B0WK22,113.9272,22.5399,957
粤B0WK22,113.928802,22.5506,958
粤B0WK22,113.928902,22.5569,959
粤B0WK22,113.929199,22.559299,960
粤B0WK22,113.929199,22.562201,961
粤B0WK22,113.9291,22.566299,962
粤B0WK22,113.9282,22.5732,962
粤B0WK22,113.925301,22.5774,963
粤B0WK22,113.925201,22.581699,964
粤B0WK22,113.9272,22.5844,965
粤B0WK22,113.930603,22.583799,966
粤B0WK22,113.934402,22.583401,967
粤B0WK22,113.946503,22.583599,969
粤B0WK22,113.948898,22.5837,970
粤B0WK22,113.948898,22.5837,971
粤B0WK22,113.949898,22.5856,973
粤B0WK22,113.950104,22.5905,974
粤B0WK22,113.954903,22.593399,974
粤B0WK22,113.955101,22.593599,975
粤B0WK22,113.955002,22.5935,975
粤B0WK22,113.957397,22.5954,975
粤B0WK22,113.958,22.596201,976
粤B0WK22,113.958504,22.596901,977
粤B0WK22,113.960197,22.597601,978
粤B0WK22,113.961502,22.597601,979
粤B0WK22,113.961502,22.597601,979
粤B0WK22,113.961502,22.597601,980
粤B0WK22,113.961502,22.597601,980
粤B0WK22,113.959,22.597601,981
粤B0WK22,113.960098,22.597601,981
粤B0WK22,113.958,22.5963,982
粤B0WK22,113.955498,22.593901,983
粤B0WK22,113.951698,22.5912,984
粤B0WK22,113.950699,22.591,985
粤B0WK22,113.949699,22.5861,986
粤B0WK22,113.960098,22.597601,986
粤B0WK22,113.9506,22.591,986
粤B0WK22,113.949501,22.5847,987
粤B0WK22,113.949501,22.5847,988
粤B0WK22,113.949303,22.5818,989
粤B0WK22,113.949303,22.5776,990
粤B0WK22,113.950401,22.5704,991
粤B0WK22,113.949699,22.5721,991
粤B0WK22,113.952797,22.5644,992
粤B0WK22,113.952797,22.5613,993
粤B0WK22,113.952698,22.557199,994
粤B0WK22,113.952797,22.5562,994
粤B0WK22,113.952698,22.5564,994
粤B0WK22,113.954002,22.554501,995
粤B0WK22,113.962502,22.556801,996
粤B0WK22,113.958504,22.556299,996
粤B0WK22,113.970802,22.557199,998
粤B0WK22,113.974297,22.556499,999
粤B0WK22,113.979897,22.557699,1000
粤B0WK22,113.987801,22.559099,1001
粤B0WK22,113.995201,22.556299,1001
粤B0WK22,114.003799,22.556,1002
粤B0WK22,114.012199,22.5595,1003
粤B0WK22,114.022003,22.560301,1004
粤B0WK22,114.031998,22.562099,1005
粤B0WK22,114.049202,22.565001,1006
粤B0WK22,114.040398,22.563499,1006
粤B0WK22,114.053001,22.5648,1007
粤B0WK22,114.055702,22.5653,1008
粤B0WK22,114.059303,22.566999,1009
粤B0WK22,114.066803,22.568899,1010
粤B0WK22,114.074097,22.5709,1011
粤B0WK22,114.076103,22.5721,1011
粤B0WK22,114.078003,22.5725,1012
粤B0WK22,114.080101,22.5725,1013
粤B0WK22,114.082703,22.571699,1014
粤B0WK22,114.084801,22.570101,1015
粤B0WK22,114.091499,22.567499,1016
粤B0WK22,114.086403,22.5672,1016
粤B0WK22,114.098099,22.569599,1017
粤B0WK22,114.114304,22.546801,1030
粤B0WK22,114.114304,22.546801,1030
粤B0WK22,114.111397,22.5466,1031
粤B0WK22,114.110497,22.547199,1032
粤B0WK22,114.110497,22.5471,1032
粤B0WK22,114.110001,22.544701,1033
粤B0WK22,114.110397,22.542101,1034
粤B0WK22,114.110397,22.542101,1035
粤B0WK22,114.110703,22.541901,1036
粤B0WK22,114.1129,22.545799,1037
粤B0WK22,114.111198,22.5427,1037
粤B0WK22,114.1129,22.545799,1038
粤B0WK22,114.115501,22.546301,1039
粤B0WK22,114.116699,22.548401,1040
粤B0WK22,114.116501,22.5492,1041
粤B0WK22,114.116699,22.5502,1041
粤B0WK22,114.118202,22.552601,1042
粤B0WK22,114.118301,22.551201,1043
粤B0WK22,114.117798,22.5511,1044
粤B0WK22,114.1166,22.550501,1045
粤B0WK22,114.116501,22.549299,1046
粤B0WK22,114.1166,22.5488,1046
粤B0WK22,114.1166,22.5488,1047
粤B0WK22,114.117302,22.545401,1048
粤B0WK22,114.117699,22.544201,1049
粤B0WK22,114.119698,22.541901,1050
粤B0WK22,114.119499,22.542,1050
粤B0WK22,114.119904,22.5413,1050
粤B0WK22,114.117302,22.5399,1051
粤B0WK22,114.1157,22.539301,1052
粤B0WK22,114.110199,22.5378,1053
粤B0WK22,114.103996,22.538,1054
粤B0WK22,114.095802,22.538099,1055
粤B0WK22,114.088501,22.5376,1055
粤B0WK22,114.119698,22.541901,1055
粤B0WK22,114.0849,22.537399,1056
粤B0WK22,114.0821,22.5373,1057
粤B0WK22,114.079597,22.5361,1058
粤B0WK22,114.077599,22.5326,1059
粤B0WK22,114.072998,22.531799,1060
粤B0WK22,114.066902,22.5319,1060
粤B0WK22,114.063904,22.5319,1061
粤B0WK22,114.0606,22.5334,1062
粤B0WK22,114.060097,22.5336,1063
粤B0WK22,114.059502,22.5338,1064
粤B0WK22,114.059303,22.5345,1065
粤B0WK22,114.059502,22.5338,1065
粤B0WK22,114.059196,22.534,1065
粤B0WK22,114.059601,22.5355,1066
粤B0WK22,114.059998,22.5355,1067
粤B0WK22,114.058899,22.535299,1068
粤B0WK22,114.062202,22.5376,1069
粤B0WK22,114.058998,22.537399,1069
粤B0WK22,114.062202,22.5376,1070
粤B0WK22,114.0644,22.537701,1071
粤B0WK22,114.071503,22.538601,1072
粤B0WK22,114.071503,22.538601,1073
粤B0WK22,114.071503,22.538601,1074
粤B0WK22,114.073196,22.539101,1074
粤B0WK22,114.073898,22.5394,1075
粤B0WK22,114.0755,22.540001,1076
粤B0WK22,114.076103,22.5401,1077
粤B0WK22,114.0774,22.5403,1078
粤B0WK22,114.0774,22.5403,1078
粤B0WK22,114.0774,22.540199,1078
粤B0WK22,114.078697,22.5415,1079
粤B0WK22,114.0802,22.5431,1080
粤B0WK22,114.084702,22.5432,1080
粤B0WK22,114.086197,22.543301,1081
粤B0WK22,114.089203,22.5432,1082
粤B0WK22,114.090698,22.543301,1083
粤B0WK22,114.090698,22.543301,1084
粤B0WK22,114.097801,22.5434,1085
粤B0WK22,114.094002,22.5434,1085
粤B0WK22,114.099098,22.543501,1086
粤B0WK22,114.102402,22.5439,1087
粤B0WK22,114.103798,22.544201,1088
粤B0WK22,114.102898,22.544399,1089
粤B0WK22,114.103104,22.5448,1090
粤B0WK22,114.103104,22.5448,1090
粤B0WK22,114.103104,22.5448,1090
粤B0WK22,114.103104,22.5448,1091
粤B0WK22,114.107002,22.544701,1092
粤B0WK22,114.101402,22.543699,1092
粤B0WK22,114.108803,22.545099,1093
粤B0WK22,114.112099,22.545601,1094
粤B0WK22,114.112999,22.545799,1095
粤B0WK22,114.114502,22.546,1096
粤B0WK22,114.115196,22.5457,1097
粤B0WK22,114.115196,22.5457,1097
粤B0WK22,114.115196,22.546,1097
粤B0WK22,114.116096,22.5443,1098
粤B0WK22,114.116096,22.5443,1098
粤B0WK22,114.115898,22.543301,1099
粤B0WK22,114.115898,22.543301,1100
粤B0WK22,114.115898,22.543301,1100
粤B0WK22,114.115898,22.542801,1101
粤B0WK22,114.115997,22.542,1102
粤B0WK22,114.116203,22.5415,1103
粤B0WK22,114.116096,22.5443,1104
粤B0WK22,114.117599,22.5415,1104
粤B0WK22,114.118202,22.541,1105
粤B0WK22,114.118202,22.541,1105
粤B0WK22,114.118202,22.541,1106
粤B0WK22,114.118301,22.540701,1107
粤B0WK22,114.118301,22.540701,1108
粤B0WK22,114.118599,22.540199,1109
粤B0WK22,114.119797,22.539,1110
粤B0WK22,114.119003,22.5399,1110
粤B0WK22,114.119797,22.539,1111
粤B0WK22,114.133499,22.546101,1116
粤B0WK22,114.135902,22.548901,1117
粤B0WK22,114.139099,22.5536,1121
粤B0WK22,114.140297,22.5548,1122
粤B0WK22,114.135902,22.548901,1123
粤B0WK22,114.1418,22.555599,1123
粤B0WK22,114.146004,22.5553,1124
粤B0WK22,114.152298,22.5569,1125
粤B0WK22,114.167198,22.5627,1126
粤B0WK22,114.158203,22.5613,1126
粤B0WK22,114.175697,22.5613,1127
粤B0WK22,114.178497,22.559299,1128
粤B0WK22,114.178497,22.559299,1128
粤B0WK22,114.178497,22.559299,1129
粤B0WK22,114.182098,22.556801,1130
粤B0WK22,114.183998,22.556499,1131
粤B0WK22,114.179199,22.559099,1132
粤B0WK22,114.176697,22.5609,1133
粤B0WK22,114.172501,22.563101,1133
粤B0WK22,114.172401,22.566601,1134
粤B0WK22,114.170403,22.5679,1135
粤B0WK22,114.168404,22.5714,1136
粤B0WK22,114.165398,22.570499,1137
粤B0WK22,114.1633,22.566799,1142
粤B0WK22,114.1633,22.566799,1143
粤B0WK22,114.1632,22.565599,1144
粤B0WK22,114.1614,22.564501,1145
粤B0WK22,114.1577,22.564199,1146
粤B0WK22,114.157402,22.563999,1147
粤B0WK22,114.155502,22.5597,1148
粤B0WK22,114.151001,22.556601,1148
粤B0WK22,114.148697,22.5597,1149
粤B0WK22,114.147903,22.5595,1150
粤B0WK22,114.147903,22.5595,1151
粤B0WK22,114.147903,22.5595,1152
粤B0WK22,114.147903,22.5595,1153
粤B0WK22,114.147903,22.5595,1153
粤B0WK22,114.147903,22.5595,1154
粤B0WK22,114.147903,22.5595,1155
粤B0WK22,114.147903,22.5595,1156
粤B0WK22,114.147903,22.5595,1157
粤B0WK22,114.147903,22.5595,1158
粤B0WK22,114.147903,22.5595,1158
粤B0WK22,114.147903,22.5595,1159
粤B0WK22,114.147903,22.5595,1160
粤B0WK22,114.147903,22.5595,1161
粤B0WK22,114.147903,22.5595,1162
粤B0WK22,114.147797,22.558399,1163
粤B0WK22,114.147903,22.5595,1163
粤B0WK22,114.146004,22.5571,1164
粤B0WK22,114.146301,22.555099,1165
粤B0WK22,114.144997,22.554899,1166
粤B0WK22,114.144302,22.554899,1167
粤B0WK22,114.144302,22.554899,1168
粤B0WK22,114.1437,22.554001,1168
粤B0WK22,114.143501,22.5529,1169
粤B0WK22,114.143501,22.5529,1170
粤B0WK22,114.143097,22.5506,1171
粤B0WK22,114.141701,22.5501,1172
粤B0WK22,114.140503,22.549999,1173
粤B0WK22,114.139297,22.5499,1173
粤B0WK22,114.139198,22.5499,1174
粤B0WK22,114.133904,22.549299,1175
粤B0WK22,114.132103,22.549,1176
粤B0WK22,114.1287,22.5487,1177
粤B0WK22,114.1287,22.5492,1178
粤B0WK22,114.1287,22.549601,1178
粤B0WK22,114.1287,22.549601,1179
粤B0WK22,114.1287,22.5501,1180
粤B0WK22,114.1287,22.5501,1181
粤B0WK22,114.1287,22.5501,1182
粤B0WK22,114.1287,22.5501,1183
粤B0WK22,114.1287,22.5501,1183
粤B0WK22,114.1287,22.5501,1184
粤B0WK22,114.1287,22.5501,1185
粤B0WK22,114.1287,22.5501,1185
粤B0WK22,114.132103,22.5546,1189
粤B0WK22,114.134903,22.558399,1190
粤B0WK22,114.134102,22.5571,1190
粤B0WK22,114.136002,22.5599,1191
粤B0WK22,114.137703,22.5627,1192
粤B0WK22,114.135101,22.5651,1193
粤B0WK22,114.135399,22.566,1194
粤B0WK22,114.131401,22.562099,1195
粤B0WK22,114.133904,22.5646,1195
粤B0WK22,114.127296,22.5604,1196
粤B0WK22,114.125,22.561001,1197
粤B0WK22,114.124702,22.563999,1198
粤B0WK22,114.125298,22.566999,1199
粤B0WK22,114.1269,22.570801,1200
粤B0WK22,114.125,22.5697,1200
粤B0WK22,114.1259,22.5704,1202
粤B0WK22,114.1259,22.5704,1203
粤B0WK22,114.125298,22.570299,1204
粤B0WK22,114.124802,22.571199,1205
粤B0WK22,114.123901,22.5744,1206
粤B0WK22,114.124298,22.573299,1206
粤B0WK22,114.122902,22.577499,1207
粤B0WK22,114.121696,22.5793,1208
粤B0WK22,114.118698,22.5795,1209
粤B0WK22,114.116096,22.58,1210
粤B0WK22,114.116096,22.58,1210
粤B0WK22,114.116096,22.58,1211
粤B0WK22,114.118401,22.579599,1212
粤B0WK22,114.1213,22.5793,1213
粤B0WK22,114.123802,22.574499,1214
粤B0WK22,114.122597,22.579,1214
粤B0WK22,114.121803,22.5739,1215
粤B0WK22,114.121803,22.5739,1216
粤B0WK22,114.122398,22.5716,1217
粤B0WK22,114.125099,22.567801,1218
粤B0WK22,114.124802,22.564501,1219
粤B0WK22,114.124901,22.564301,1220
粤B0WK22,114.124702,22.562599,1221
粤B0WK22,114.124702,22.562599,1221
粤B0WK22,114.124702,22.562599,1221
粤B0WK22,114.125,22.5595,1222
粤B0WK22,114.121597,22.557501,1223
粤B0WK22,114.119797,22.5609,1223
粤B0WK22,114.122398,22.561899,1224
粤B0WK22,114.122597,22.563999,1225
粤B0WK22,114.124496,22.5637,1226
粤B0WK22,114.124802,22.5611,1227
粤B0WK22,114.124702,22.559,1228
粤B0WK22,114.121803,22.557301,1228
粤B0WK22,114.118896,22.5539,1229
粤B0WK22,114.1175,22.5516,1230
粤B0WK22,114.1166,22.550301,1231
粤B0WK22,114.116798,22.5488,1232
粤B0WK22,114.116997,22.5469,1233
粤B0WK22,114.114601,22.5464,1233
粤B0WK22,114.114197,22.547001,1234
粤B0WK22,114.113899,22.547501,1235
粤B0WK22,114.113899,22.547501,1235
粤B0WK22,114.112503,22.5476,1236
粤B0WK22,114.112,22.5467,1237
粤B0WK22,114.110703,22.5469,1238
粤B0WK22,114.110497,22.5473,1239
粤B0WK22,114.109398,22.5453,1240
粤B0WK22,114.105904,22.544701,1241
粤B0WK22,114.101303,22.5438,1242
粤B0WK22,114.100098,22.543501,1243
粤B0WK22,114.099503,22.541,1244
粤B0WK22,114.096901,22.5403,1245
粤B0WK22,114.096901,22.5403,1245
粤B0WK22,114.098,22.540199,1245
粤B0WK22,114.096901,22.5403,1246
粤B0WK22,114.095299,22.540701,1247
粤B0WK22,114.096298,22.540199,1247
粤B0WK22,114.0952,22.5422,1248
粤B0WK22,114.097,22.543301,1249
粤B0WK22,114.097099,22.541401,1250
粤B0WK22,114.097099,22.541401,1250
粤B0WK22,114.098198,22.5411,1251
粤B0WK22,114.101898,22.5415,1252
粤B0WK22,114.099403,22.5411,1252
粤B0WK22,114.095299,22.540701,1253
粤B0WK22,114.103401,22.5441,1253
粤B0WK22,114.105202,22.5445,1254
粤B0WK22,114.107101,22.5448,1255
粤B0WK22,114.113098,22.545799,1256
粤B0WK22,114.113197,22.545799,1257
粤B0WK22,114.112503,22.5462,1257
粤B0WK22,114.112801,22.5467,1258
粤B0WK22,114.112602,22.5471,1259
粤B0WK22,114.111,22.546801,1260
粤B0WK22,114.111,22.547701,1261
粤B0WK22,114.112297,22.547701,1262
粤B0WK22,114.111397,22.5478,1262
粤B0WK22,114.112701,22.547199,1263
粤B0WK22,114.111,22.546801,1264
粤B0WK22,114.112801,22.5467,1264
粤B0WK22,114.111298,22.547701,1265
粤B0WK22,114.111298,22.547701,1265
粤B0WK22,114.112503,22.5471,1266
粤B0WK22,114.112099,22.5457,1267
粤B0WK22,114.106598,22.545,1268
粤B0WK22,114.102203,22.544001,1269
粤B0WK22,114.106598,22.545,1269
粤B0WK22,114.097504,22.543501,1270
粤B0WK22,114.094398,22.543501,1271
粤B0WK22,114.090897,22.5434,1272
粤B0WK22,114.0868,22.5434,1273
粤B0WK22,114.080498,22.543301,1274
粤B0WK22,114.076103,22.5431,1274
粤B0WK22,114.069397,22.542999,1275
粤B0WK22,114.060997,22.5429,1276
粤B0WK22,114.055496,22.5431,1277
粤B0WK22,114.048302,22.5427,1278
粤B0WK22,114.044502,22.5425,1279
粤B0WK22,114.0401,22.5424,1279
粤B0WK22,114.036201,22.5417,1280
粤B0WK22,114.030899,22.5408,1281
粤B0WK22,114.025497,22.5399,1282
粤B0WK22,114.019699,22.539101,1283
粤B0WK22,114.013,22.540899,1284
粤B0WK22,114.014702,22.5382,1284
粤B0WK22,114.0121,22.544001,1285
粤B0WK22,114.012398,22.5446,1286
粤B0WK22,114.0121,22.544001,1286
粤B0WK22,114.014198,22.545099,1287
粤B0WK22,114.015404,22.541901,1288
粤B0WK22,114.0158,22.5399,1289
粤B0WK22,114.0158,22.5399,1289
粤B0WK22,114.016098,22.539,1290
粤B0WK22,114.016098,22.539101,1290
粤B0WK22,114.016098,22.5392,1290
粤B0WK22,114.014603,22.5397,1291
粤B0WK22,114.013802,22.5396,1292
粤B0WK22,114.010803,22.5376,1293
粤B0WK22,114.011703,22.5366,1294
粤B0WK22,114.011803,22.5312,1295
粤B0WK22,114.005501,22.5299,1296
粤B0WK22,113.996696,22.528999,1297
粤B0WK22,113.977898,22.5229,1298
粤B0WK22,113.959,22.5229,1300
粤B0WK22,113.941704,22.5245,1302
粤B0WK22,113.933701,22.5249,1303
粤B0WK22,113.926804,22.5254,1303
粤B0WK22,113.916603,22.5275,1307
粤B0WK22,113.915802,22.527399,1308
粤B0WK22,113.914597,22.528601,1308
粤B0WK22,113.909302,22.531401,1311
粤B0WK22,113.907097,22.5327,1312
粤B0WK22,113.907097,22.532101,1312
粤B0WK22,113.907097,22.5327,1313
粤B0WK22,113.907204,22.5348,1314
粤B0WK22,113.910103,22.5352,1315
粤B0WK22,113.910103,22.5352,1316
粤B0WK22,113.914001,22.5354,1317
粤B0WK22,113.911903,22.535299,1317
粤B0WK22,113.915802,22.5355,1318
粤B0WK22,113.9188,22.535299,1319
粤B0WK22,113.919701,22.5327,1320
粤B0WK22,113.910103,22.5352,1321
粤B0WK22,113.919601,22.5322,1321
粤B0WK22,113.919601,22.5322,1322
粤B0WK22,113.919601,22.5322,1322
粤B0WK22,113.919601,22.5322,1323
粤B0WK22,113.919601,22.5322,1324
粤B0WK22,113.919601,22.5312,1325
粤B0WK22,113.920601,22.5303,1326
粤B0WK22,113.923103,22.528799,1327
粤B0WK22,113.923103,22.5298,1327
粤B0WK22,113.922897,22.5263,1328
粤B0WK22,113.919197,22.5271,1329
粤B0WK22,113.9188,22.527201,1330
粤B0WK22,113.915398,22.527201,1331
粤B0WK22,113.913803,22.526699,1332
粤B0WK22,113.909698,22.526199,1332
粤B0WK22,113.9104,22.5306,1333
粤B0WK22,113.9104,22.531601,1334
粤B0WK22,113.9104,22.534901,1335
粤B0WK22,113.910301,22.539499,1336
粤B0WK22,113.910301,22.539499,1337
粤B0WK22,113.908501,22.538401,1337
粤B0WK22,113.907799,22.5383,1338
粤B0WK22,113.907799,22.5383,1338
粤B0WK22,113.907501,22.5383,1339
粤B0WK22,113.907501,22.5383,1339
粤B0WK22,113.907501,22.5383,1339
粤B0WK22,113.907501,22.5383,1339
粤B0WK22,113.907799,22.5383,1339
粤B0WK22,113.910301,22.5368,1340
粤B0WK22,113.910301,22.5317,1341
粤B0WK22,113.913498,22.5312,1342
粤B0WK22,113.910599,22.5313,1342
粤B0WK22,113.913803,22.531799,1343
粤B0WK22,113.913803,22.531799,1344
粤B0WK22,113.9142,22.5348,1345
粤B0WK22,113.917099,22.5354,1346
粤B0WK22,113.919899,22.534201,1346
粤B0WK22,113.919601,22.5312,1347
粤B0WK22,113.920799,22.5301,1348
粤B0WK22,113.922798,22.529699,1349
粤B0WK22,113.923103,22.5287,1350
粤B0WK22,113.922897,22.5268,1351
粤B0WK22,113.920097,22.527,1352
粤B0WK22,113.922798,22.5259,1352
粤B0WK22,113.923897,22.5233,1353
粤B0WK22,113.9235,22.5224,1354
粤B0WK22,113.922699,22.525,1355
粤B0WK22,113.922401,22.5236,1355
粤B0WK22,113.925697,22.525101,1356
粤B0WK22,113.930901,22.5247,1357
粤B0WK22,113.938904,22.5245,1358
粤B0WK22,113.948097,22.524,1359
粤B0WK22,113.957901,22.5229,1360
粤B0WK22,113.968201,22.522699,1360
粤B0WK22,113.978401,22.5228,1361
粤B0WK22,113.987602,22.524099,1362
粤B0WK22,113.995697,22.5282,1363
粤B0WK22,114.007004,22.5296,1364
粤B0WK22,114.005203,22.5298,1364
粤B0WK22,114.0075,22.5296,1364
粤B0WK22,114.023201,22.5317,1365
粤B0WK22,114.014297,22.530701,1365
粤B0WK22,114.031898,22.5301,1366
粤B0WK22,114.0401,22.5308,1367
粤B0WK22,114.045799,22.531099,1368
粤B0WK22,114.044601,22.535299,1369
粤B0WK22,114.044403,22.5432,1370
粤B0WK22,114.040802,22.5425,1370
粤B0WK22,114.036201,22.5418,1371
粤B0WK22,114.033401,22.541401,1372
粤B0WK22,114.031998,22.542601,1373
粤B0WK22,114.031799,22.5439,1374
粤B0WK22,114.031799,22.5439,1374
粤B0WK22,114.031799,22.5439,1374
粤B0WK22,114.031799,22.5439,1375
粤B0WK22,114.031799,22.5439,1375
粤B0WK22,114.032204,22.5434,1376
粤B0WK22,114.034203,22.543301,1376
粤B0WK22,114.034698,22.543501,1377
粤B0WK22,114.035599,22.5424,1378
粤B0WK22,114.034599,22.5471,1379
粤B0WK22,114.039597,22.5494,1380
粤B0WK22,114.031799,22.5439,1380
粤B0WK22,114.040298,22.5495,1381
粤B0WK22,114.044296,22.5516,1382
粤B0WK22,114.043999,22.550501,1382
粤B0WK22,114.043999,22.5564,1383
粤B0WK22,114.043999,22.5564,1384
粤B0WK22,114.041496,22.5611,1385
粤B0WK22,114.046501,22.5648,1386
粤B0WK22,114.0569,22.5658,1387
粤B0WK22,114.066597,22.5688,1387
粤B0WK22,114.074699,22.571199,1388
粤B0WK22,114.0839,22.570999,1389
粤B0WK22,114.0886,22.566799,1390
粤B0WK22,114.097603,22.569401,1391
粤B0WK22,114.113297,22.5763,1392
粤B0WK22,114.106102,22.5741,1392
粤B0WK22,114.117798,22.573299,1393
粤B0WK22,114.118103,22.566,1394
粤B0WK22,114.118698,22.5609,1395
粤B0WK22,114.117599,22.559799,1396
粤B0WK22,114.117599,22.559799,1396
粤B0WK22,114.117599,22.559799,1396
粤B0WK22,114.117302,22.559401,1397
粤B0WK22,114.114899,22.5606,1398
粤B0WK22,114.116203,22.5634,1399
粤B0WK22,114.115997,22.561899,1399
粤B0WK22,114.118401,22.563601,1400
粤B0WK22,114.120003,22.5585,1401
粤B0WK22,114.119202,22.554701,1402
粤B0WK22,114.117897,22.5522,1403
粤B0WK22,114.117401,22.5516,1404
粤B0WK22,114.1166,22.5504,1404
粤B0WK22,114.116798,22.5483,1405
粤B0WK22,114.114998,22.5459,1406
粤B0WK22,114.113602,22.547501,1407
粤B0WK22,114.111298,22.5469,1408
粤B0WK22,114.112,22.547701,1409
粤B0WK22,114.112198,22.546801,1409
粤B0WK22,114.110397,22.5474,1410
粤B0WK22,114.108498,22.5473,1411
粤B0WK22,114.106201,22.546301,1412
粤B0WK22,114.106201,22.546301,1413
粤B0WK22,114.101303,22.546,1414
粤B0WK22,114.101303,22.546101,1414
粤B0WK22,114.101997,22.5441,1414
粤B0WK22,114.101303,22.546101,1414
粤B0WK22,114.101997,22.5485,1415
粤B0WK22,114.1017,22.546101,1415
粤B0WK22,114.101402,22.546101,1415
粤B0WK22,114.101997,22.548401,1416
粤B0WK22,114.101997,22.548401,1417
粤B0WK22,114.101997,22.548401,1418
粤B0WK22,114.101997,22.548401,1419
粤B0WK22,114.101997,22.548401,1419
粤B0WK22,114.101997,22.548401,1420
粤B0WK22,114.101997,22.548401,1421
粤B0WK22,114.101997,22.548401,1422
粤B0WK22,114.101997,22.548401,1423
粤B0WK22,114.101997,22.548401,1424
粤B0WK22,114.101997,22.548401,1424
粤B0WK22,114.101997,22.548401,1425
粤B0WK22,114.101997,22.548401,1426
粤B0WK22,114.101997,22.548401,1427
粤B0WK22,114.101997,22.548401,1428
粤B0WK22,114.101997,22.548401,1429
粤B0WK22,114.101997,22.548401,1429
粤B0WK22,114.101997,22.548401,1430
粤B0WK22,114.101997,22.548401,1431
粤B0WK22,114.101997,22.548401,1432
粤B0WK22,114.101997,22.548401,1433
粤B0WK22,114.101997,22.548401,1434
粤B0WK22,114.101997,22.548401,1434
粤B0WK22,114.101997,22.548401,1435
