粤BJ31K9,114.030602,22.5618,529
粤BJ31K9,114.033501,22.5623,529
粤BJ31K9,114.041496,22.5637,530
粤BJ31K9,114.039101,22.5632,530
粤BJ31K9,114.054703,22.565001,532
粤BJ31K9,114.060699,22.5676,533
粤BJ31K9,114.0755,22.571699,535
粤BJ31K9,114.076302,22.5721,536
粤BJ31K9,114.076797,22.5723,536
粤BJ31K9,114.117996,22.566799,545
粤BJ31K9,114.119797,22.5606,547
粤BJ31K9,114.119904,22.5602,547
粤BJ31K9,114.1203,22.5611,548
粤BJ31K9,114.119904,22.5609,548
粤BJ31K9,114.120102,22.560301,550
粤BJ31K9,114.120796,22.5595,550
粤BJ31K9,114.120796,22.5595,551
粤BJ31K9,114.117203,22.558901,554
粤BJ31K9,114.114601,22.558901,554
粤BJ31K9,114.110901,22.5588,554
粤BJ31K9,114.105202,22.558701,555
粤BJ31K9,114.107002,22.558701,555
粤BJ31K9,114.103996,22.556101,557
粤BJ31K9,114.103996,22.555799,557
粤BJ31K9,114.103996,22.558201,557
粤BJ31K9,114.104103,22.554199,558
粤BJ31K9,114.104103,22.5546,558
粤BJ31K9,114.104103,22.554001,559
粤BJ31K9,114.099899,22.552099,561
粤BJ31K9,114.099899,22.552099,561
粤BJ31K9,114.0979,22.551901,562
粤BJ31K9,114.099899,22.552099,562
粤BJ31K9,114.088898,22.549299,564
粤BJ31K9,114.087898,22.5494,565
粤BJ31K9,114.083504,22.5492,566
粤BJ31K9,114.084297,22.5494,566
粤BJ31K9,114.078697,22.5473,568
粤BJ31K9,114.079399,22.5471,569
粤BJ31K9,114.081398,22.5469,572
粤BJ31K9,114.082802,22.5471,573
粤BJ31K9,114.083504,22.547199,573
粤BJ31K9,114.083504,22.547199,573
粤BJ31K9,114.087997,22.5457,575
粤BJ31K9,114.0905,22.545401,576
粤BJ31K9,114.088997,22.545401,576
粤BJ31K9,114.0895,22.543501,577
粤BJ31K9,114.0895,22.543501,577
粤BJ31K9,114.081497,22.5432,579
粤BJ31K9,114.084396,22.543301,579
粤BJ31K9,114.078697,22.5432,580
粤BJ31K9,114.069,22.542999,581
粤BJ31K9,114.060204,22.544201,583
粤BJ31K9,114.060402,22.5439,583
粤BJ31K9,114.060204,22.543699,584
粤BJ31K9,114.060204,22.543699,584
粤BJ31K9,114.054199,22.542101,586
粤BJ31K9,114.057404,22.542601,586
粤BJ31K9,114.0606,22.5427,587
粤BJ31K9,114.0662,22.542801,587
粤BJ31K9,114.075699,22.542999,590
粤BJ31K9,114.076698,22.542999,590
粤BJ31K9,114.077202,22.542999,590
粤BJ31K9,114.076302,22.542999,590
粤BJ31K9,114.079903,22.5404,593
粤BJ31K9,114.079903,22.5404,594
粤BJ31K9,114.079903,22.5404,594
粤BJ31K9,114.079903,22.5404,597
粤BJ31K9,114.079903,22.5404,597
粤BJ31K9,114.079903,22.5404,598
粤BJ31K9,114.079903,22.5404,598
粤BJ31K9,114.079903,22.5404,601
粤BJ31K9,114.079903,22.5404,601
粤BJ31K9,114.080597,22.5406,602
粤BJ31K9,114.081596,22.540501,604
粤BJ31K9,114.079903,22.536501,605
粤BJ31K9,114.077202,22.5324,607
粤BJ31K9,114.0774,22.5327,607
粤BJ31K9,114.075699,22.532,608
粤BJ31K9,114.073601,22.532,609
粤BJ31K9,114.071098,22.532,611
粤BJ31K9,114.069504,22.532,612
粤BJ31K9,114.067001,22.532301,612
粤BJ31K9,114.058296,22.5166,614
粤BJ31K9,114.063904,22.5215,614
粤BJ31K9,114.058197,22.5165,615
粤BJ31K9,114.042999,22.5137,616
粤BJ31K9,114.023499,22.523199,617
粤BJ31K9,114.014503,22.533199,618
粤BJ31K9,114.018799,22.525999,618
粤BJ31K9,114.014297,22.534201,619
粤BJ31K9,114.014297,22.5343,619
粤BJ31K9,114.015297,22.5327,622
粤BJ31K9,114.015297,22.5327,622
粤BJ31K9,114.015503,22.533701,623
粤BJ31K9,114.009903,22.534,624
粤BJ31K9,114.006302,22.5343,625
粤BJ31K9,114.003899,22.5334,626
粤BJ31K9,114.003304,22.535299,627
粤BJ31K9,114.008102,22.536699,628
粤BJ31K9,114.013496,22.5394,629
粤BJ31K9,114.013802,22.538799,629
粤BJ31K9,114.0121,22.5438,631
粤BJ31K9,114.013603,22.5501,634
粤BJ31K9,114.012604,22.549601,634
粤BJ31K9,114.017303,22.543501,635
粤BJ31K9,114.015099,22.548,635
粤BJ31K9,114.017799,22.5411,636
粤BJ31K9,114.021896,22.540899,637
粤BJ31K9,114.020897,22.540701,638
粤BJ31K9,114.020103,22.540501,638
粤BJ31K9,114.018501,22.5401,639
粤BJ31K9,114.018501,22.541201,639
粤BJ31K9,114.022301,22.5424,641
粤BJ31K9,114.022301,22.5424,641
粤BJ31K9,114.022301,22.5424,641
粤BJ31K9,114.022301,22.5424,642
粤BJ31K9,114.022301,22.5424,642
粤BJ31K9,114.023201,22.5399,643
粤BJ31K9,114.025803,22.5305,644
粤BJ31K9,114.024696,22.534,644
粤BJ31K9,114.028198,22.5285,645
粤BJ31K9,114.030098,22.5275,645
粤BJ31K9,114.033401,22.5257,646
粤BJ31K9,114.031799,22.526501,646
粤BJ31K9,114.035698,22.524401,648
粤BJ31K9,114.035797,22.524401,649
粤BJ31K9,114.035698,22.524401,649
粤BJ31K9,114.039101,22.5226,651
粤BJ31K9,114.041603,22.5212,652
粤BJ31K9,114.041603,22.5212,652
粤BJ31K9,114.043701,22.524099,654
粤BJ31K9,114.044296,22.5252,654
粤BJ31K9,114.045097,22.527901,655
粤BJ31K9,114.044601,22.5259,655
粤BJ31K9,114.046204,22.530899,656
粤BJ31K9,114.058701,22.529301,657
粤BJ31K9,114.058502,22.5305,658
粤BJ31K9,114.058197,22.533701,658
粤BJ31K9,114.0625,22.5376,661
粤BJ31K9,114.0625,22.5376,661
粤BJ31K9,114.058502,22.5376,664
粤BJ31K9,114.058197,22.5366,666
粤BJ31K9,114.058197,22.5366,666
粤BJ31K9,114.058197,22.536501,668
粤BJ31K9,114.058197,22.536501,668
粤BJ31K9,114.058197,22.536501,668
粤BJ31K9,114.058197,22.536501,669
粤BJ31K9,114.058296,22.534599,671
粤BJ31K9,114.057999,22.5389,672
粤BJ31K9,114.0681,22.5464,674
粤BJ31K9,114.0681,22.547199,675
粤BJ31K9,114.0681,22.547199,675
粤BJ31K9,114.067902,22.556299,678
粤BJ31K9,114.068001,22.554199,678
粤BJ31K9,114.067902,22.557199,679
粤BJ31K9,114.0718,22.5581,679
粤BJ31K9,114.068497,22.558001,679
粤BJ31K9,114.088997,22.5583,681
粤BJ31K9,114.089798,22.5583,682
粤BJ31K9,114.089798,22.5583,682
粤BJ31K9,114.089798,22.5583,683
粤BJ31K9,114.089798,22.5583,683
粤BJ31K9,114.089798,22.5583,683
粤BJ31K9,114.098503,22.5585,686
粤BJ31K9,114.101799,22.559799,688
粤BJ31K9,114.101501,22.5588,688
粤BJ31K9,114.099197,22.558701,689
粤BJ31K9,114.094101,22.5585,689
粤BJ31K9,114.097,22.5585,689
粤BJ31K9,114.091797,22.5585,690
粤BJ31K9,114.091797,22.5585,690
粤BJ31K9,114.090797,22.5585,692
粤BJ31K9,114.080704,22.5583,693
粤BJ31K9,114.071899,22.558201,693
粤BJ31K9,114.069099,22.558201,694
粤BJ31K9,114.061501,22.559299,695
粤BJ31K9,114.062401,22.558399,695
粤BJ31K9,114.062103,22.5515,696
粤BJ31K9,114.062202,22.5529,696
粤BJ31K9,114.059196,22.5515,697
粤BJ31K9,114.048897,22.5511,698
粤BJ31K9,114.044502,22.5508,699
粤BJ31K9,114.044502,22.5508,700
粤BJ31K9,114.0382,22.5492,702
粤BJ31K9,114.040001,22.5497,702
粤BJ31K9,114.034599,22.5483,703
粤BJ31K9,114.017998,22.5443,706
粤BJ31K9,114.017197,22.544001,707
粤BJ31K9,114.015602,22.5408,709
粤BJ31K9,114.015602,22.5408,709
粤BJ31K9,114.015602,22.5408,709
粤BJ31K9,114.013802,22.539499,710
粤BJ31K9,114.015701,22.5401,710
粤BJ31K9,114.012299,22.542801,712
粤BJ31K9,114.013199,22.539801,713
粤BJ31K9,114.013298,22.5397,713
粤BJ31K9,114.013397,22.538099,714
粤BJ31K9,114.012001,22.537201,715
粤BJ31K9,114.014397,22.5376,716
粤BJ31K9,114.017998,22.5382,716
粤BJ31K9,114.023102,22.539101,717
粤BJ31K9,114.031097,22.540501,718
粤BJ31K9,114.028397,22.540001,718
粤BJ31K9,114.034401,22.5411,718
粤BJ31K9,114.038002,22.5417,719
粤BJ31K9,114.041397,22.542101,719
粤BJ31K9,114.043098,22.5417,720
粤BJ31K9,114.043098,22.5417,720
粤BJ31K9,114.043098,22.5417,721
粤BJ31K9,114.043098,22.5417,721
粤BJ31K9,114.040901,22.532499,724
粤BJ31K9,114.040901,22.532499,725
粤BJ31K9,114.040901,22.532499,726
粤BJ31K9,114.040901,22.532499,726
粤BJ31K9,114.040901,22.532499,728
粤BJ31K9,114.040901,22.532499,729
粤BJ31K9,114.040901,22.532499,729
粤BJ31K9,114.040901,22.532499,729
粤BJ31K9,114.040901,22.532499,730
粤BJ31K9,114.040901,22.532499,731
粤BJ31K9,114.040901,22.532499,732
粤BJ31K9,114.040901,22.532499,732
粤BJ31K9,114.040901,22.532499,732
粤BJ31K9,114.040901,22.532499,733
粤BJ31K9,114.040901,22.532499,733
粤BJ31K9,114.040901,22.532499,735
粤BJ31K9,114.040901,22.532499,736
粤BJ31K9,114.040901,22.532499,737
粤BJ31K9,114.040901,22.532499,739
粤BJ31K9,114.040901,22.532499,739
粤BJ31K9,114.040901,22.532499,739
粤BJ31K9,114.040901,22.532499,740
粤BJ31K9,114.040901,22.532499,740
粤BJ31K9,114.040901,22.532499,740
粤BJ31K9,114.040901,22.532499,743
粤BJ31K9,114.040901,22.532499,744
粤BJ31K9,114.040901,22.532499,746
粤BJ31K9,114.040901,22.532499,747
粤BJ31K9,114.040901,22.532499,747
粤BJ31K9,114.040901,22.532499,749
粤BJ31K9,114.040901,22.532499,749
粤BJ31K9,114.040901,22.532499,750
粤BJ31K9,114.040901,22.532499,750
粤BJ31K9,114.040901,22.532499,750
粤BJ31K9,114.040901,22.532499,751
粤BJ31K9,114.040901,22.532499,753
粤BJ31K9,114.040901,22.532499,754
粤BJ31K9,114.040901,22.532499,756
粤BJ31K9,114.040901,22.532499,757
粤BJ31K9,114.040901,22.532499,757
粤BJ31K9,114.040901,22.532499,758
粤BJ31K9,114.040901,22.532499,759
粤BJ31K9,114.040901,22.532499,760
粤BJ31K9,114.040901,22.532499,760
粤BJ31K9,114.040901,22.532499,761
粤BJ31K9,114.040901,22.532499,761
粤BJ31K9,114.041397,22.5333,763
粤BJ31K9,114.043999,22.5345,763
粤BJ31K9,114.0448,22.532801,764
粤BJ31K9,114.044098,22.5327,764
粤BJ31K9,114.045998,22.535601,765
粤BJ31K9,114.044701,22.5347,765
粤BJ31K9,114.0476,22.5368,766
粤BJ31K9,114.047897,22.535601,766
粤BJ31K9,114.048203,22.5352,767
粤BJ31K9,114.049698,22.535101,768
粤BJ31K9,114.048302,22.5352,768
粤BJ31K9,114.051201,22.5289,770
粤BJ31K9,114.050499,22.528601,770
粤BJ31K9,114.050499,22.528601,771
粤BJ31K9,114.050499,22.528601,771
粤BJ31K9,114.050499,22.528601,771
粤BJ31K9,114.0504,22.528601,772
粤BJ31K9,114.048798,22.5277,773
粤BJ31K9,114.046799,22.5257,774
粤BJ31K9,114.0448,22.5259,775
粤BJ31K9,114.046303,22.5257,775
粤BJ31K9,114.045898,22.5306,777
粤BJ31K9,114.045898,22.5306,778
粤BJ31K9,114.045898,22.5306,778
粤BJ31K9,114.046898,22.530399,779
粤BJ31K9,114.046997,22.5266,780
粤BJ31K9,114.046997,22.5277,780
粤BJ31K9,114.044701,22.5257,781
粤BJ31K9,114.0467,22.525801,781
粤BJ31K9,114.044701,22.5257,782
粤BJ31K9,114.044701,22.5257,782
粤BJ31K9,114.042702,22.522699,784
粤BJ31K9,114.042,22.5214,785
粤BJ31K9,114.042,22.5214,785
粤BJ31K9,114.046997,22.5187,786
粤BJ31K9,114.0513,22.511101,787
粤BJ31K9,114.0513,22.511101,787
粤BJ31K9,114.0513,22.511101,788
粤BJ31K9,114.0513,22.511101,788
粤BJ31K9,114.0476,22.5107,789
粤BJ31K9,114.045303,22.5107,789
粤BJ31K9,114.041,22.5144,791
粤BJ31K9,114.041,22.5144,791
粤BJ31K9,114.040802,22.5149,791
粤BJ31K9,114.039597,22.5154,791
粤BJ31K9,114.041702,22.520901,792
粤BJ31K9,114.040398,22.5187,792
粤BJ31K9,114.039101,22.516399,792
粤BJ31K9,114.041702,22.520901,793
粤BJ31K9,114.038597,22.524099,794
粤BJ31K9,114.039001,22.524401,795
粤BJ31K9,114.038803,22.5242,795
粤BJ31K9,114.039001,22.524401,796
粤BJ31K9,114.039001,22.524401,797
粤BJ31K9,114.039001,22.524401,798
粤BJ31K9,114.039001,22.524401,798
粤BJ31K9,114.039001,22.524401,799
粤BJ31K9,114.041199,22.527201,801
粤BJ31K9,114.041603,22.5273,802
粤BJ31K9,114.041603,22.5277,802
粤BJ31K9,114.043999,22.531099,804
粤BJ31K9,114.044701,22.5327,805
粤BJ31K9,114.044998,22.5306,805
粤BJ31K9,114.044601,22.5392,806
粤BJ31K9,114.0466,22.5394,806
粤BJ31K9,114.045197,22.5403,808
粤BJ31K9,114.044601,22.540701,808
粤BJ31K9,114.043198,22.5366,809
粤BJ31K9,114.0438,22.5403,809
粤BJ31K9,114.0439,22.5382,809
粤BJ31K9,114.043999,22.5347,810
粤BJ31K9,114.047997,22.531099,812
粤BJ31K9,114.0467,22.531099,812
粤BJ31K9,114.045303,22.530399,812
粤BJ31K9,114.049202,22.531099,813
粤BJ31K9,114.047997,22.531099,813
粤BJ31K9,114.049698,22.528799,815
粤BJ31K9,114.050499,22.528799,815
粤BJ31K9,114.049698,22.528799,815
粤BJ31K9,114.051399,22.527201,816
粤BJ31K9,114.051399,22.527201,816
粤BJ31K9,114.059898,22.531401,818
粤BJ31K9,114.075302,22.531799,819
粤BJ31K9,114.068604,22.531601,819
粤BJ31K9,114.079399,22.5355,820
粤BJ31K9,114.078003,22.5329,820
粤BJ31K9,114.099197,22.537901,822
粤BJ31K9,114.104202,22.537399,823
粤BJ31K9,114.109901,22.5375,825
粤BJ31K9,114.111099,22.5357,826
粤BJ31K9,114.111298,22.5343,826
粤BJ31K9,114.111099,22.5357,826
粤BJ31K9,114.111603,22.5317,827
粤BJ31K9,114.111504,22.532801,827
粤BJ31K9,114.111702,22.532301,828
粤BJ31K9,114.111198,22.5355,829
粤BJ31K9,114.111198,22.5354,829
粤BJ31K9,114.111504,22.5336,829
粤BJ31K9,114.109703,22.5378,830
粤BJ31K9,114.077599,22.5327,834
粤BJ31K9,114.072098,22.5338,835
粤BJ31K9,114.072502,22.532,835
粤BJ31K9,114.0737,22.532,835
粤BJ31K9,114.071999,22.5352,842
粤BJ31K9,114.066597,22.532,843
粤BJ31K9,114.063202,22.532,844
粤BJ31K9,114.061897,22.529301,845
粤BJ31K9,114.062798,22.529499,845
粤BJ31K9,114.059601,22.5291,847
粤BJ31K9,114.059601,22.5291,848
粤BJ31K9,114.059303,22.5292,848
粤BJ31K9,114.058899,22.5294,848
粤BJ31K9,114.059601,22.5291,848
粤BJ31K9,114.058998,22.531401,849
粤BJ31K9,114.058502,22.516701,851
粤BJ31K9,114.064796,22.522699,851
粤BJ31K9,114.055298,22.5149,852
粤BJ31K9,114.058197,22.5165,852
粤BJ31K9,114.058098,22.5165,852
粤BJ31K9,114.035599,22.516399,854
粤BJ31K9,114.025497,22.521999,854
粤BJ31K9,114.020401,22.5249,855
粤BJ31K9,114.010696,22.538799,856
粤BJ31K9,114.006897,22.542299,856
粤BJ31K9,113.988403,22.5488,857
粤BJ31K9,113.983803,22.5513,858
粤BJ31K9,113.9496,22.5644,860
粤BJ31K9,113.929001,22.565701,861
粤BJ31K9,113.918404,22.571699,862
粤BJ31K9,113.912598,22.5791,864
粤BJ31K9,113.897903,22.5944,865
粤BJ31K9,113.901901,22.5905,865
粤BJ31K9,113.893402,22.598,865
粤BJ31K9,113.888901,22.6012,866
粤BJ31K9,113.876198,22.6161,867
粤BJ31K9,113.872002,22.6194,867
粤BJ31K9,113.879402,22.612101,867
粤BJ31K9,113.857903,22.625401,868
粤BJ31K9,113.862701,22.6236,868
粤BJ31K9,113.854797,22.627001,869
粤BJ31K9,113.850304,22.627199,871
粤BJ31K9,113.847,22.622801,871
粤BJ31K9,113.849998,22.624901,871
粤BJ31K9,113.842796,22.6217,872
粤BJ31K9,113.838501,22.6206,872
粤BJ31K9,113.817001,22.6129,874
粤BJ31K9,113.811996,22.622101,875
粤BJ31K9,113.812798,22.625799,876
粤BJ31K9,113.812599,22.6238,876
粤BJ31K9,113.807899,22.6266,878
粤BJ31K9,113.806396,22.623899,879
粤BJ31K9,113.808403,22.620701,879
粤BJ31K9,113.813301,22.623301,881
粤BJ31K9,113.813599,22.624001,882
粤BJ31K9,113.813599,22.624001,882
粤BJ31K9,113.813599,22.624001,883
粤BJ31K9,113.813599,22.624001,885
粤BJ31K9,113.813599,22.624001,885
粤BJ31K9,113.813599,22.624001,886
粤BJ31K9,113.813599,22.624001,886
粤BJ31K9,113.813599,22.624001,886
粤BJ31K9,113.813599,22.624001,887
粤BJ31K9,113.813599,22.624001,888
粤BJ31K9,113.813599,22.624001,889
粤BJ31K9,113.813599,22.624001,889
粤BJ31K9,113.813599,22.624001,890
粤BJ31K9,113.813599,22.624001,892
粤BJ31K9,113.813599,22.624001,892
粤BJ31K9,113.813599,22.624001,893
粤BJ31K9,113.813599,22.624001,894
粤BJ31K9,113.813599,22.624001,896
粤BJ31K9,113.813599,22.624001,896
粤BJ31K9,113.813599,22.624001,897
粤BJ31K9,113.813599,22.624001,911
粤BJ31K9,113.813599,22.624001,912
粤BJ31K9,113.813599,22.624001,913
粤BJ31K9,113.813599,22.624001,913
粤BJ31K9,113.813599,22.624001,914
粤BJ31K9,113.813599,22.624001,914
粤BJ31K9,113.813599,22.624001,914
粤BJ31K9,113.813599,22.624001,915
粤BJ31K9,113.813499,22.624901,917
粤BJ31K9,113.813698,22.624599,917
粤BJ31K9,113.813301,22.625299,917
粤BJ31K9,113.813103,22.6257,918
粤BJ31K9,113.813103,22.6257,918
粤BJ31K9,113.813103,22.6257,918
粤BJ31K9,113.813103,22.6257,919
粤BJ31K9,113.813103,22.6257,921
粤BJ31K9,113.813004,22.625799,921
粤BJ31K9,113.813103,22.6257,921
粤BJ31K9,113.811897,22.6278,922
粤BJ31K9,113.812698,22.626499,922
粤BJ31K9,113.811897,22.6278,923
粤BJ31K9,113.809799,22.627399,925
粤BJ31K9,113.809799,22.627399,925
粤BJ31K9,113.809998,22.6269,926
粤BJ31K9,113.809402,22.625299,928
粤BJ31K9,113.810204,22.626499,928
粤BJ31K9,113.808502,22.624901,928
粤BJ31K9,113.806602,22.6238,928
粤BJ31K9,113.809402,22.625299,928
粤BJ31K9,113.807999,22.6213,929
粤BJ31K9,113.813103,22.612301,931
粤BJ31K9,113.817902,22.6101,932
粤BJ31K9,113.814903,22.610399,932
粤BJ31K9,113.813599,22.611401,932
粤BJ31K9,113.822197,22.613501,933
粤BJ31K9,113.819504,22.612,933
粤BJ31K9,113.8255,22.615,933
粤BJ31K9,113.870399,22.620199,938
粤BJ31K9,113.884598,22.6047,939
粤BJ31K9,113.878799,22.6129,939
粤BJ31K9,113.888496,22.601299,940
粤BJ31K9,113.900703,22.591499,942
粤BJ31K9,113.901398,22.5909,942
粤BJ31K9,113.901901,22.5905,943
粤BJ31K9,113.9021,22.5903,943
粤BJ31K9,113.901703,22.5907,943
粤BJ31K9,113.903099,22.589199,944
粤BJ31K9,113.906601,22.5853,945
粤BJ31K9,113.907898,22.584,945
粤BJ31K9,113.909798,22.582001,946
粤BJ31K9,113.9104,22.581301,947
粤BJ31K9,113.916603,22.574699,949
粤BJ31K9,113.915604,22.575701,949
粤BJ31K9,113.9179,22.573299,949
粤BJ31K9,113.921799,22.570299,950
粤BJ31K9,113.922302,22.5686,950
粤BJ31K9,113.925301,22.5669,951
粤BJ31K9,113.953201,22.563801,952
粤BJ31K9,113.970497,22.5599,953
粤BJ31K9,113.965202,22.561199,953
粤BJ31K9,113.983398,22.5515,954
粤BJ31K9,113.9757,22.5574,954
粤BJ31K9,113.979698,22.554199,954
粤BJ31K9,114.0093,22.5396,956
粤BJ31K9,114.007599,22.541599,956
粤BJ31K9,114.009399,22.539499,957
粤BJ31K9,114.009499,22.5394,958
粤BJ31K9,114.011902,22.535801,959
粤BJ31K9,114.011597,22.534401,960
粤BJ31K9,114.014397,22.530701,961
粤BJ31K9,114.012497,22.530199,961
粤BJ31K9,114.017998,22.531601,962
粤BJ31K9,114.037498,22.5305,963
粤BJ31K9,114.0336,22.5301,963
粤BJ31K9,114.040199,22.5308,964
粤BJ31K9,114.045403,22.5312,965
粤BJ31K9,114.040199,22.5308,969
粤BJ31K9,114.050797,22.533501,970
粤BJ31K9,114.050201,22.533501,970
粤BJ31K9,114.051201,22.531099,972
粤BJ31K9,114.065002,22.5315,973
粤BJ31K9,114.066399,22.531601,974
粤BJ31K9,114.0681,22.531601,975
粤BJ31K9,114.081802,22.537399,978
粤BJ31K9,114.081802,22.539101,978
粤BJ31K9,114.081802,22.540001,979
粤BJ31K9,114.081802,22.5399,979
粤BJ31K9,114.080597,22.543301,982
粤BJ31K9,114.080597,22.543301,982
粤BJ31K9,114.079201,22.5432,983
粤BJ31K9,114.078201,22.543699,987
粤BJ31K9,114.078201,22.543699,987
粤BJ31K9,114.078201,22.543699,988
粤BJ31K9,114.078201,22.543699,989
粤BJ31K9,114.078201,22.543699,990
粤BJ31K9,114.078201,22.543699,993
粤BJ31K9,114.078201,22.543699,994
粤BJ31K9,114.078201,22.543699,997
粤BJ31K9,114.078201,22.543699,997
粤BJ31K9,114.078201,22.543699,997
粤BJ31K9,114.078102,22.543501,998
粤BJ31K9,114.078003,22.5434,998
粤BJ31K9,114.078201,22.543699,998
粤BJ31K9,114.076302,22.543301,999
粤BJ31K9,114.067703,22.5432,1000
粤BJ31K9,114.0672,22.5432,1002
粤BJ31K9,114.060402,22.543699,1004
粤BJ31K9,114.057899,22.542801,1005
粤BJ31K9,114.043602,22.5431,1007
粤BJ31K9,114.044403,22.536301,1008
粤BJ31K9,114.044197,22.5429,1008
粤BJ31K9,114.044502,22.5331,1009
粤BJ31K9,114.0448,22.5292,1009
粤BJ31K9,114.0485,22.524799,1012
粤BJ31K9,114.048302,22.523399,1012
粤BJ31K9,114.043098,22.5205,1014
粤BJ31K9,114.041397,22.521601,1015
粤BJ31K9,114.041199,22.523701,1016
粤BJ31K9,114.041,22.5271,1018
粤BJ31K9,114.020699,22.532301,1029
粤BJ31K9,114.020699,22.532301,1029
粤BJ31K9,114.020699,22.532301,1029
粤BJ31K9,114.020699,22.532301,1031
粤BJ31K9,114.020699,22.532301,1032
粤BJ31K9,114.020699,22.532301,1032
粤BJ31K9,114.020699,22.532301,1032
粤BJ31K9,114.020699,22.532301,1033
粤BJ31K9,114.020699,22.532301,1034
粤BJ31K9,114.020699,22.532301,1034
粤BJ31K9,114.0205,22.5322,1035
粤BJ31K9,114.0205,22.5322,1035
粤BJ31K9,114.0205,22.5322,1036
粤BJ31K9,114.018997,22.532,1038
粤BJ31K9,114.020401,22.5322,1038
粤BJ31K9,114.010201,22.5299,1039
粤BJ31K9,114.0028,22.530199,1040
粤BJ31K9,113.999496,22.5299,1040
粤BJ31K9,113.986801,22.524,1041
粤BJ31K9,113.976196,22.523001,1042
粤BJ31K9,113.983704,22.5233,1042
粤BJ31K9,113.968201,22.5229,1043
粤BJ31K9,113.972198,22.5229,1043
粤BJ31K9,113.963898,22.5228,1043
粤BJ31K9,113.945198,22.524401,1045
粤BJ31K9,113.931198,22.5249,1046
粤BJ31K9,113.929901,22.525,1047
粤BJ31K9,113.928802,22.525101,1047
粤BJ31K9,113.920502,22.5268,1048
粤BJ31K9,113.920502,22.5268,1049
粤BJ31K9,113.920502,22.5268,1049
粤BJ31K9,113.918999,22.527201,1050
粤BJ31K9,113.9179,22.527399,1050
粤BJ31K9,113.914101,22.5268,1053
粤BJ31K9,113.911903,22.5261,1054
粤BJ31K9,113.909897,22.525999,1054
粤BJ31K9,113.909897,22.525999,1054
粤BJ31K9,113.905403,22.5259,1056
粤BJ31K9,113.905403,22.5259,1056
粤BJ31K9,113.905403,22.5259,1057
粤BJ31K9,113.905403,22.5259,1057
粤BJ31K9,113.902901,22.520901,1060
粤BJ31K9,113.902901,22.520901,1060
粤BJ31K9,113.902802,22.5208,1061
粤BJ31K9,113.898903,22.5205,1063
粤BJ31K9,113.898903,22.5205,1063
粤BJ31K9,113.899803,22.519899,1064
粤BJ31K9,113.900497,22.5193,1064
粤BJ31K9,113.900497,22.5193,1064
粤BJ31K9,113.900497,22.5193,1065
粤BJ31K9,113.900497,22.5193,1065
粤BJ31K9,113.908302,22.514799,1068
粤BJ31K9,113.9095,22.5149,1069
粤BJ31K9,113.910698,22.5187,1070
粤BJ31K9,113.915901,22.5198,1073
粤BJ31K9,113.914803,22.5187,1073
粤BJ31K9,113.917397,22.5212,1074
粤BJ31K9,113.918503,22.5261,1076
粤BJ31K9,113.918503,22.5263,1077
粤BJ31K9,113.918503,22.5263,1077
粤BJ31K9,113.918503,22.5263,1078
粤BJ31K9,113.918602,22.526699,1078
粤BJ31K9,113.918602,22.526699,1079
粤BJ31K9,113.918602,22.526699,1080
粤BJ31K9,113.918602,22.526699,1080
粤BJ31K9,113.919296,22.5296,1081
粤BJ31K9,113.918701,22.5271,1081
粤BJ31K9,113.919899,22.5348,1083
粤BJ31K9,113.919899,22.534,1084
粤BJ31K9,113.9198,22.5333,1084
粤BJ31K9,113.919601,22.5315,1084
粤BJ31K9,113.920097,22.534901,1085
粤BJ31K9,113.919899,22.533001,1085
粤BJ31K9,113.919197,22.5422,1088
粤BJ31K9,113.919403,22.540899,1088
粤BJ31K9,113.919197,22.5422,1088
粤BJ31K9,113.919197,22.5422,1089
粤BJ31K9,113.915703,22.5436,1090
粤BJ31K9,113.915703,22.5436,1091
粤BJ31K9,113.915703,22.5436,1091
粤BJ31K9,113.913498,22.544201,1092
粤BJ31K9,113.915703,22.5436,1092
粤BJ31K9,113.910202,22.547701,1094
粤BJ31K9,113.910202,22.547701,1094
粤BJ31K9,113.910202,22.547701,1094
粤BJ31K9,113.909798,22.548201,1095
粤BJ31K9,113.910202,22.547701,1095
粤BJ31K9,113.901901,22.559299,1097
粤BJ31K9,113.894402,22.5651,1098
粤BJ31K9,113.896301,22.5634,1098
粤BJ31K9,113.898399,22.561899,1098
粤BJ31K9,113.892601,22.5672,1099
粤BJ31K9,113.878403,22.5809,1101
粤BJ31K9,113.882004,22.5774,1101
粤BJ31K9,113.880203,22.5791,1101
粤BJ31K9,113.874199,22.5856,1102
粤BJ31K9,113.873703,22.588499,1104
粤BJ31K9,113.873497,22.5893,1106
粤BJ31K9,113.873497,22.5893,1106
粤BJ31K9,113.873497,22.5893,1107
粤BJ31K9,113.873497,22.5893,1108
粤BJ31K9,113.873497,22.5893,1108
粤BJ31K9,113.873497,22.5893,1109
粤BJ31K9,113.873497,22.5893,1111
粤BJ31K9,113.873497,22.5893,1112
粤BJ31K9,113.873497,22.5893,1112
粤BJ31K9,113.873497,22.5893,1113
粤BJ31K9,113.873497,22.5893,1114
粤BJ31K9,113.873497,22.5893,1115
粤BJ31K9,113.873497,22.5893,1115
粤BJ31K9,113.873497,22.5893,1115
粤BJ31K9,113.873497,22.5893,1116
粤BJ31K9,113.873299,22.5891,1118
粤BJ31K9,113.8703,22.59,1119
粤BJ31K9,113.8731,22.589199,1119
粤BJ31K9,113.872101,22.589199,1119
粤BJ31K9,113.866096,22.596901,1120
粤BJ31K9,113.867798,22.5942,1120
粤BJ31K9,113.869102,22.591801,1120
粤BJ31K9,113.857498,22.608299,1122
粤BJ31K9,113.859001,22.6068,1122
粤BJ31K9,113.854698,22.6127,1123
粤BJ31K9,113.852203,22.617599,1123
粤BJ31K9,113.850403,22.6199,1124
粤BJ31K9,113.842697,22.6311,1125
粤BJ31K9,113.844398,22.6285,1125
粤BJ31K9,113.840103,22.6341,1126
粤BJ31K9,113.839996,22.6336,1127
粤BJ31K9,113.8396,22.6341,1127
粤BJ31K9,113.845398,22.625601,1129
粤BJ31K9,113.847,22.623199,1130
粤BJ31K9,113.846397,22.6241,1130
粤BJ31K9,113.845703,22.622499,1130
粤BJ31K9,113.824402,22.6147,1132
粤BJ31K9,113.828003,22.616301,1132
粤BJ31K9,113.817703,22.612301,1133
粤BJ31K9,113.815903,22.614901,1133
粤BJ31K9,113.814301,22.617901,1134
粤BJ31K9,113.812599,22.621,1134
粤BJ31K9,113.8134,22.6236,1136
粤BJ31K9,113.8134,22.6236,1136
粤BJ31K9,113.8134,22.6236,1141
粤BJ31K9,113.8134,22.6236,1142
粤BJ31K9,113.8134,22.6236,1146
粤BJ31K9,113.8134,22.6236,1146
粤BJ31K9,113.8134,22.6236,1147
粤BJ31K9,113.8134,22.6236,1147
粤BJ31K9,113.8134,22.6236,1148
粤BJ31K9,113.8134,22.6236,1150
粤BJ31K9,113.8134,22.6236,1150
粤BJ31K9,113.8134,22.6236,1150
粤BJ31K9,113.8134,22.6236,1151
粤BJ31K9,113.8134,22.6236,1151
粤BJ31K9,113.8134,22.6236,1152
粤BJ31K9,113.8134,22.6236,1154
粤BJ31K9,113.8134,22.6236,1154
粤BJ31K9,113.8134,22.6236,1154
粤BJ31K9,113.8134,22.6236,1155
粤BJ31K9,113.8134,22.623699,1157
粤BJ31K9,113.8134,22.623699,1157
粤BJ31K9,113.8134,22.623699,1158
粤BJ31K9,113.8134,22.623699,1158
粤BJ31K9,113.813499,22.624001,1160
粤BJ31K9,113.813499,22.624201,1161
粤BJ31K9,113.813599,22.6243,1161
粤BJ31K9,113.813599,22.6243,1161
粤BJ31K9,113.813599,22.6243,1162
粤BJ31K9,113.813599,22.6243,1163
粤BJ31K9,113.813599,22.6243,1165
粤BJ31K9,113.8134,22.6252,1166
粤BJ31K9,113.812202,22.6273,1167
粤BJ31K9,113.813004,22.6259,1167
粤BJ31K9,113.8069,22.623199,1170
粤BJ31K9,113.8116,22.614901,1171
粤BJ31K9,113.810204,22.617599,1171
粤BJ31K9,113.808296,22.620701,1171
粤BJ31K9,113.814796,22.610399,1172
粤BJ31K9,113.834602,22.619301,1174
粤BJ31K9,113.838402,22.620399,1175
粤BJ31K9,113.845299,22.6222,1175
粤BJ31K9,113.842102,22.6213,1175
粤BJ31K9,113.850304,22.6248,1176
粤BJ31K9,113.848198,22.623301,1176
粤BJ31K9,113.858902,22.6245,1177
粤BJ31K9,113.866501,22.621901,1178
粤BJ31K9,113.862602,22.623301,1178
粤BJ31K9,113.880203,22.6108,1179
粤BJ31K9,113.900299,22.5921,1181
粤BJ31K9,113.9067,22.585199,1182
粤BJ31K9,113.915901,22.5753,1183
粤BJ31K9,113.912903,22.578501,1183
粤BJ31K9,113.918602,22.572701,1184
粤BJ31K9,113.9188,22.5725,1185
粤BJ31K9,113.9188,22.5725,1185
粤BJ31K9,113.9188,22.5725,1186
粤BJ31K9,113.9188,22.5725,1186
粤BJ31K9,113.9188,22.5725,1186
粤BJ31K9,113.926003,22.566,1190
粤BJ31K9,113.926003,22.566,1190
粤BJ31K9,113.926903,22.564899,1190
粤BJ31K9,113.9291,22.559999,1191
粤BJ31K9,113.928802,22.557501,1192
粤BJ31K9,113.928398,22.548599,1193
粤BJ31K9,113.927299,22.546101,1194
粤BJ31K9,113.927696,22.5471,1194
粤BJ31K9,113.927902,22.5476,1194
粤BJ31K9,113.926903,22.542999,1195
粤BJ31K9,113.927002,22.5453,1195
粤BJ31K9,113.926903,22.544201,1195
粤BJ31K9,113.924103,22.5355,1197
粤BJ31K9,113.920799,22.535801,1198
粤BJ31K9,113.916298,22.5387,1203
粤BJ31K9,113.914902,22.5396,1204
粤BJ31K9,113.920799,22.535801,1204
粤BJ31K9,113.915199,22.5389,1204
粤BJ31K9,113.919197,22.541599,1206
粤BJ31K9,113.919601,22.539,1207
粤BJ31K9,113.919403,22.531,1209
粤BJ31K9,113.919403,22.5308,1209
粤BJ31K9,113.918999,22.528999,1210
粤BJ31K9,113.914902,22.5189,1212
粤BJ31K9,113.914497,22.518499,1213
粤BJ31K9,113.913803,22.517799,1213
粤BJ31K9,113.907898,22.5151,1215
粤BJ31K9,113.907898,22.5151,1215
粤BJ31K9,113.9077,22.5147,1216
粤BJ31K9,113.909203,22.5147,1216
粤BJ31K9,113.909599,22.514799,1217
粤BJ31K9,113.918098,22.506201,1220
粤BJ31K9,113.917503,22.5042,1221
粤BJ31K9,113.917397,22.5044,1221
粤BJ31K9,113.9179,22.5058,1221
粤BJ31K9,113.917503,22.504299,1222
粤BJ31K9,113.918701,22.507401,1222
粤BJ31K9,113.920303,22.511499,1224
粤BJ31K9,113.9216,22.5145,1226
粤BJ31K9,113.9226,22.519501,1227
粤BJ31K9,113.924599,22.5268,1228
粤BJ31K9,113.925301,22.532101,1229
粤BJ31K9,113.926399,22.534201,1229
粤BJ31K9,113.927902,22.547199,1231
粤BJ31K9,113.929901,22.554199,1232
粤BJ31K9,113.928802,22.552,1232
粤BJ31K9,113.946701,22.555201,1234
粤BJ31K9,113.951302,22.556,1235
粤BJ31K9,113.948997,22.5557,1235
粤BJ31K9,113.953598,22.556101,1235
粤BJ31K9,113.9561,22.556101,1236
粤BJ31K9,113.961403,22.5564,1236
粤BJ31K9,113.958801,22.5562,1236
粤BJ31K9,113.964203,22.5597,1238
粤BJ31K9,113.966698,22.561501,1238
粤BJ31K9,113.966904,22.562401,1239
粤BJ31K9,113.967796,22.564301,1239
粤BJ31K9,113.969299,22.566,1240
粤BJ31K9,113.9776,22.562401,1241
粤BJ31K9,113.977898,22.562201,1241
粤BJ31K9,113.977898,22.562201,1242
粤BJ31K9,113.979301,22.5616,1242
粤BJ31K9,113.978699,22.559799,1243
粤BJ31K9,113.978798,22.559299,1243
粤BJ31K9,113.966499,22.5576,1245
粤BJ31K9,113.9627,22.5569,1245
粤BJ31K9,113.970596,22.557301,1245
粤BJ31K9,113.9524,22.556299,1246
粤BJ31K9,113.955704,22.556499,1246
粤BJ31K9,113.935501,22.555401,1248
粤BJ31K9,113.923798,22.5555,1249
粤BJ31K9,113.927399,22.5553,1249
粤BJ31K9,113.920303,22.5557,1249
粤BJ31K9,113.913101,22.554001,1250
粤BJ31K9,113.916298,22.555401,1250
粤BJ31K9,113.901604,22.559601,1252
粤BJ31K9,113.903702,22.5616,1253
粤BJ31K9,113.902397,22.560499,1253
粤BJ31K9,113.904602,22.5625,1255
粤BJ31K9,113.906403,22.5641,1256
粤BJ31K9,113.906601,22.564301,1256
粤BJ31K9,113.906601,22.564301,1256
粤BJ31K9,113.906799,22.5644,1257
粤BJ31K9,113.908897,22.5744,1260
粤BJ31K9,113.908897,22.5723,1260
粤BJ31K9,113.912003,22.577299,1263
粤BJ31K9,113.912201,22.577499,1264
粤BJ31K9,113.9114,22.5784,1264
粤BJ31K9,113.909599,22.5802,1265
粤BJ31K9,113.909599,22.5802,1265
粤BJ31K9,113.909599,22.5802,1265
粤BJ31K9,113.905403,22.577499,1267
粤BJ31K9,113.903,22.575399,1267
粤BJ31K9,113.903297,22.575701,1267
粤BJ31K9,113.903,22.575399,1268
粤BJ31K9,113.903,22.575399,1268
粤BJ31K9,113.902702,22.575001,1269
粤BJ31K9,113.898399,22.5714,1271
粤BJ31K9,113.896797,22.57,1271
粤BJ31K9,113.896698,22.569901,1272
粤BJ31K9,113.896698,22.569901,1272
粤BJ31K9,113.889297,22.570801,1274
粤BJ31K9,113.892899,22.567801,1274
粤BJ31K9,113.884201,22.5755,1275
粤BJ31K9,113.880501,22.5788,1276
粤BJ31K9,113.871902,22.5879,1277
粤BJ31K9,113.870399,22.5895,1277
粤BJ31K9,113.869003,22.591801,1278
粤BJ31K9,113.865303,22.598,1278
粤BJ31K9,113.861397,22.603901,1279
粤BJ31K9,113.843498,22.629999,1282
粤BJ31K9,113.841103,22.6329,1283
粤BJ31K9,113.841599,22.632,1284
粤BJ31K9,113.8452,22.626101,1285
粤BJ31K9,113.846497,22.6241,1285
粤BJ31K9,113.844704,22.622299,1286
粤BJ31K9,113.8424,22.6215,1286
粤BJ31K9,113.822899,22.614,1288
粤BJ31K9,113.817497,22.6124,1288
粤BJ31K9,113.82,22.6126,1288
粤BJ31K9,113.816002,22.6147,1289
粤BJ31K9,113.814796,22.617001,1289
粤BJ31K9,113.813301,22.623699,1291
粤BJ31K9,113.813301,22.623699,1291
粤BJ31K9,113.813301,22.623699,1292
粤BJ31K9,113.813301,22.623699,1292
粤BJ31K9,113.813301,22.623699,1293
粤BJ31K9,113.813301,22.623699,1293
粤BJ31K9,113.813301,22.623699,1295
粤BJ31K9,113.813301,22.623699,1295
粤BJ31K9,113.813301,22.623699,1296
粤BJ31K9,113.813301,22.623699,1296
粤BJ31K9,113.813301,22.623699,1298
粤BJ31K9,113.813301,22.623699,1298
粤BJ31K9,113.813301,22.623699,1299
粤BJ31K9,113.813301,22.623699,1303
粤BJ31K9,113.813301,22.623699,1303
粤BJ31K9,113.813301,22.623699,1305
粤BJ31K9,113.813301,22.623699,1309
粤BJ31K9,113.8134,22.624001,1310
粤BJ31K9,113.8134,22.624001,1310
粤BJ31K9,113.8134,22.624001,1310
粤BJ31K9,113.8134,22.624001,1311
粤BJ31K9,113.8134,22.624001,1312
粤BJ31K9,113.812599,22.626699,1314
粤BJ31K9,113.8125,22.626801,1314
粤BJ31K9,113.810898,22.627899,1315
粤BJ31K9,113.812202,22.627399,1315
粤BJ31K9,113.810402,22.627701,1317
粤BJ31K9,113.8097,22.627399,1318
粤BJ31K9,113.809898,22.627501,1318
粤BJ31K9,113.809898,22.626801,1324
粤BJ31K9,113.809898,22.626801,1325
粤BJ31K9,113.809898,22.626801,1325
粤BJ31K9,113.832397,22.618299,1330
粤BJ31K9,113.8395,22.6206,1331
粤BJ31K9,113.835899,22.6196,1331
粤BJ31K9,113.849899,22.624599,1332
粤BJ31K9,113.846703,22.622601,1332
粤BJ31K9,113.877899,22.614,1335
粤BJ31K9,113.8843,22.6049,1335
粤BJ31K9,113.907303,22.584499,1337
粤BJ31K9,113.904099,22.587999,1337
粤BJ31K9,113.910896,22.5807,1338
粤BJ31K9,113.921799,22.57,1339
粤BJ31K9,113.919296,22.5721,1339
粤BJ31K9,113.948601,22.564501,1341
粤BJ31K9,113.943298,22.565001,1341
粤BJ31K9,113.953903,22.5637,1341
粤BJ31K9,113.959297,22.562599,1342
粤BJ31K9,113.969398,22.5602,1342
粤BJ31K9,113.964401,22.561399,1342
粤BJ31K9,113.996101,22.546,1344
粤BJ31K9,113.991203,22.547501,1344
粤BJ31K9,114.008003,22.5411,1345
粤BJ31K9,114.005096,22.5432,1345
粤BJ31K9,114.009399,22.539301,1346
粤BJ31K9,114.003403,22.5361,1348
粤BJ31K9,114.003403,22.5361,1348
粤BJ31K9,114.003403,22.5361,1348
粤BJ31K9,114.003403,22.5361,1349
粤BJ31K9,114.003403,22.5361,1349
粤BJ31K9,114.003403,22.5361,1349
粤BJ31K9,114.003502,22.5359,1350
粤BJ31K9,114.012604,22.5422,1352
粤BJ31K9,114.013397,22.5396,1352
粤BJ31K9,114.0084,22.5485,1353
粤BJ31K9,114.003502,22.5359,1356
粤BJ31K9,114.014999,22.5438,1358
粤BJ31K9,114.0084,22.5485,1358
粤BJ31K9,114.014999,22.542999,1358
粤BJ31K9,114.018204,22.539499,1360
粤BJ31K9,114.017403,22.5399,1360
粤BJ31K9,114.021103,22.5408,1365
粤BJ31K9,114.017601,22.540199,1365
粤BJ31K9,114.018204,22.539499,1365
粤BJ31K9,114.012199,22.548401,1368
粤BJ31K9,114.007004,22.5492,1369
粤BJ31K9,114.008499,22.549,1369
粤BJ31K9,113.9823,22.5485,1373
粤BJ31K9,113.9851,22.546301,1373
粤BJ31K9,114.007004,22.5492,1374
粤BJ31K9,113.976601,22.552,1376
粤BJ31K9,113.979599,22.5501,1376
粤BJ31K9,113.982803,22.5536,1377
粤BJ31K9,113.980904,22.551399,1377
粤BJ31K9,113.9832,22.556999,1378
粤BJ31K9,113.983101,22.554199,1378
粤BJ31K9,113.9785,22.562901,1380
粤BJ31K9,113.979401,22.5648,1380
粤BJ31K9,113.980904,22.5611,1383
粤BJ31K9,113.982803,22.5541,1384
粤BJ31K9,113.983101,22.5569,1384
粤BJ31K9,113.982498,22.5534,1385
粤BJ31K9,113.974503,22.554001,1386
粤BJ31K9,113.972298,22.5516,1387
粤BJ31K9,113.973396,22.5529,1387
粤BJ31K9,113.974503,22.5541,1387
粤BJ31K9,113.972198,22.5504,1388
粤BJ31K9,113.974297,22.548201,1388
粤BJ31K9,113.972603,22.5492,1388
粤BJ31K9,113.973396,22.5408,1390
粤BJ31K9,113.9655,22.541401,1391
粤BJ31K9,113.970802,22.5396,1391
粤BJ31K9,113.968697,22.5403,1391
粤BJ31K9,113.9608,22.5432,1394
粤BJ31K9,113.960297,22.543301,1394
粤BJ31K9,113.960297,22.543301,1394
粤BJ31K9,113.960297,22.543301,1395
粤BJ31K9,113.953102,22.5562,1397
粤BJ31K9,113.954399,22.5571,1398
粤BJ31K9,113.945801,22.5555,1399
粤BJ31K9,113.920601,22.5557,1401
粤BJ31K9,113.914101,22.5548,1401
粤BJ31K9,113.9114,22.553301,1402
粤BJ31K9,113.908302,22.552,1402
粤BJ31K9,113.907097,22.553301,1402
粤BJ31K9,113.903603,22.5583,1404
粤BJ31K9,113.903603,22.5583,1405
粤BJ31K9,113.9049,22.556999,1405
粤BJ31K9,113.909599,22.559799,1406
粤BJ31K9,113.911003,22.5602,1406
粤BJ31K9,113.905296,22.556499,1410
粤BJ31K9,113.904198,22.5576,1410
粤BJ31K9,113.901299,22.559799,1411
粤BJ31K9,113.898499,22.5618,1411
粤BJ31K9,113.894096,22.565201,1413
粤BJ31K9,113.898804,22.5613,1414
粤BJ31K9,113.900597,22.5599,1414
粤BJ31K9,113.904503,22.556299,1415
粤BJ31K9,113.905701,22.554399,1415
粤BJ31K9,113.908997,22.549299,1416
粤BJ31K9,113.909897,22.5424,1417
粤BJ31K9,113.910301,22.537201,1418
粤BJ31K9,113.9104,22.5355,1418
粤BJ31K9,113.9104,22.5355,1419
粤BJ31K9,113.9104,22.5355,1419
粤BJ31K9,113.910896,22.5352,1419
粤BJ31K9,113.918999,22.530701,1422
粤BJ31K9,113.918999,22.528999,1422
粤BJ31K9,113.918701,22.527201,1423
粤BJ31K9,113.918701,22.527399,1423
粤BJ31K9,113.922401,22.526199,1424
粤BJ31K9,113.927902,22.521799,1425
粤BJ31K9,113.931099,22.5219,1426
粤BJ31K9,113.928299,22.5226,1426
粤BJ31K9,113.931099,22.5212,1427
粤BJ31K9,113.928902,22.52,1429
粤BJ31K9,113.927902,22.519899,1429
粤BJ31K9,113.927399,22.518299,1430
粤BJ31K9,113.925598,22.518,1430
粤BJ31K9,113.922203,22.5179,1431
粤BJ31K9,113.914299,22.5186,1433
粤BJ31K9,113.9142,22.518499,1434
