粤BV7R41,114.1036,22.5865,7
粤BV7R41,114.1036,22.5865,7
粤BV7R41,114.1036,22.5865,7
粤BV7R41,114.1036,22.5865,10
粤BV7R41,114.1036,22.5865,10
粤BV7R41,114.1036,22.5865,11
粤BV7R41,114.1036,22.5865,11
粤BV7R41,114.1036,22.5865,13
粤BV7R41,114.1036,22.5865,13
粤BV7R41,114.1036,22.5865,14
粤BV7R41,114.1036,22.5865,14
粤BV7R41,114.1036,22.5865,15
粤BV7R41,114.1036,22.5865,16
粤BV7R41,114.1036,22.5865,17
粤BV7R41,114.1036,22.5865,17
粤BV7R41,114.1036,22.5865,17
粤BV7R41,114.1036,22.5865,18
粤BV7R41,114.1036,22.5865,18
粤BV7R41,114.1036,22.5865,18
粤BV7R41,114.1036,22.5865,20
粤BV7R41,114.1036,22.5865,20
粤BV7R41,114.1036,22.5865,20
粤BV7R41,114.1036,22.5865,21
粤BV7R41,114.1036,22.5865,22
粤BV7R41,114.1036,22.5865,23
粤BV7R41,114.1036,22.5865,24
粤BV7R41,114.1036,22.5865,24
粤BV7R41,114.1036,22.5865,24
粤BV7R41,114.1036,22.5865,25
粤BV7R41,114.1036,22.5865,25
粤BV7R41,114.1036,22.5865,27
粤BV7R41,114.1036,22.5865,27
粤BV7R41,114.1036,22.5865,28
粤BV7R41,114.1036,22.5865,29
粤BV7R41,114.1036,22.5865,31
粤BV7R41,114.1036,22.5865,32
粤BV7R41,114.1036,22.5865,35
粤BV7R41,114.1036,22.5865,35
粤BV7R41,114.1036,22.5865,36
粤BV7R41,114.1036,22.5865,38
粤BV7R41,114.1036,22.5865,38
粤BV7R41,114.1036,22.5865,38
粤BV7R41,114.1036,22.5865,39
粤BV7R41,114.1036,22.5865,39
粤BV7R41,114.1036,22.5865,39
粤BV7R41,114.1036,22.5865,40
粤BV7R41,114.1036,22.5865,42
粤BV7R41,114.1036,22.5865,43
粤BV7R41,114.1036,22.5865,45
粤BV7R41,114.1036,22.5865,45
粤BV7R41,114.1036,22.5865,46
粤BV7R41,114.1036,22.5865,46
粤BV7R41,114.1036,22.5865,47
粤BV7R41,114.1036,22.5865,49
粤BV7R41,114.1036,22.5865,49
粤BV7R41,114.1036,22.5865,50
粤BV7R41,114.1036,22.5865,50
粤BV7R41,114.1036,22.5865,52
粤BV7R41,114.1036,22.5865,53
粤BV7R41,114.1036,22.5865,53
粤BV7R41,114.1036,22.5865,55
粤BV7R41,114.1036,22.5865,56
粤BV7R41,114.1036,22.5865,57
粤BV7R41,114.1036,22.5865,59
粤BV7R41,114.1036,22.5865,59
粤BV7R41,114.1036,22.5865,60
粤BV7R41,114.1036,22.5865,60
粤BV7R41,114.1036,22.5865,61
粤BV7R41,114.1036,22.5865,64
粤BV7R41,114.1036,22.5865,64
粤BV7R41,114.1036,22.5865,65
粤BV7R41,114.1036,22.5865,65
粤BV7R41,114.1036,22.5865,66
粤BV7R41,114.1036,22.5865,67
粤BV7R41,114.1036,22.5865,67
粤BV7R41,114.1036,22.5865,67
粤BV7R41,114.1036,22.5865,68
粤BV7R41,114.1036,22.5865,68
粤BV7R41,114.1036,22.5865,70
粤BV7R41,114.1036,22.5865,70
粤BV7R41,114.1036,22.5865,71
粤BV7R41,114.1036,22.5865,71
粤BV7R41,114.1036,22.5865,72
粤BV7R41,114.1036,22.5865,73
粤BV7R41,114.1036,22.5865,74
粤BV7R41,114.1036,22.5865,75
粤BV7R41,114.1036,22.5865,75
粤BV7R41,114.1036,22.5865,75
粤BV7R41,114.1036,22.5865,77
粤BV7R41,114.1036,22.5865,78
粤BV7R41,114.1036,22.5865,78
粤BV7R41,114.1036,22.5865,79
粤BV7R41,114.1036,22.5865,79
粤BV7R41,114.1036,22.5865,80
粤BV7R41,114.1036,22.5865,81
粤BV7R41,114.1036,22.5865,84
粤BV7R41,114.1036,22.5865,84
粤BV7R41,114.1036,22.5865,85
粤BV7R41,114.1036,22.5865,86
粤BV7R41,114.1036,22.5865,87
粤BV7R41,114.1036,22.5865,88
粤BV7R41,114.1036,22.5865,88
粤BV7R41,114.1036,22.5865,88
粤BV7R41,114.1036,22.5865,89
粤BV7R41,114.1036,22.5865,89
粤BV7R41,114.1036,22.5865,89
粤BV7R41,114.1036,22.5865,91
粤BV7R41,114.1036,22.5865,92
粤BV7R41,114.1036,22.5865,92
粤BV7R41,114.1036,22.5865,93
粤BV7R41,114.1036,22.5865,96
粤BV7R41,114.1036,22.5865,96
粤BV7R41,114.1036,22.5865,96
粤BV7R41,114.1036,22.5865,98
粤BV7R41,114.1036,22.5865,98
粤BV7R41,114.1036,22.5865,99
粤BV7R41,114.1036,22.5865,99
粤BV7R41,114.1036,22.5865,100
粤BV7R41,114.1036,22.5865,100
粤BV7R41,114.1036,22.5865,102
粤BV7R41,114.1036,22.5865,102
粤BV7R41,114.1036,22.5865,103
粤BV7R41,114.1036,22.5865,103
粤BV7R41,114.1036,22.5865,104
粤BV7R41,114.1036,22.5865,106
粤BV7R41,114.1036,22.5865,106
粤BV7R41,114.1036,22.5865,106
粤BV7R41,114.1036,22.5865,107
粤BV7R41,114.1036,22.5865,107
粤BV7R41,114.1036,22.5865,109
粤BV7R41,114.1036,22.5865,109
粤BV7R41,114.1036,22.5865,110
粤BV7R41,114.1036,22.5865,110
粤BV7R41,114.1036,22.5865,110
粤BV7R41,114.1036,22.5865,111
粤BV7R41,114.1036,22.5865,113
粤BV7R41,114.1036,22.5865,113
粤BV7R41,114.1036,22.5865,114
粤BV7R41,114.1036,22.5865,116
粤BV7R41,114.1036,22.5865,116
粤BV7R41,114.1036,22.5865,117
粤BV7R41,114.1036,22.5865,118
粤BV7R41,114.1036,22.5865,120
粤BV7R41,114.1036,22.5865,120
粤BV7R41,114.1036,22.5865,120
粤BV7R41,114.1036,22.5865,121
粤BV7R41,114.1036,22.5865,122
粤BV7R41,114.1036,22.5865,123
粤BV7R41,114.1036,22.5865,124
粤BV7R41,114.1036,22.5865,124
粤BV7R41,114.1036,22.5865,125
粤BV7R41,114.1036,22.5865,125
粤BV7R41,114.1036,22.5865,127
粤BV7R41,114.1036,22.5865,128
粤BV7R41,114.1036,22.5865,128
粤BV7R41,114.1036,22.5865,129
粤BV7R41,114.1036,22.5865,131
粤BV7R41,114.1036,22.5865,132
粤BV7R41,114.1036,22.5865,133
粤BV7R41,114.1036,22.5865,135
粤BV7R41,114.1036,22.5865,135
粤BV7R41,114.1036,22.5865,135
粤BV7R41,114.1036,22.5865,136
粤BV7R41,114.1036,22.5865,136
粤BV7R41,114.1036,22.5865,136
粤BV7R41,114.1036,22.5865,139
粤BV7R41,114.1036,22.5865,139
粤BV7R41,114.1036,22.5865,139
粤BV7R41,114.1036,22.5865,140
粤BV7R41,114.1036,22.5865,140
粤BV7R41,114.1036,22.5865,142
粤BV7R41,114.1036,22.5865,142
粤BV7R41,114.1036,22.5865,143
粤BV7R41,114.1036,22.5865,143
粤BV7R41,114.1036,22.5865,143
粤BV7R41,114.1036,22.5865,146
粤BV7R41,114.1036,22.5865,146
粤BV7R41,114.1036,22.5865,147
粤BV7R41,114.1036,22.5865,147
粤BV7R41,114.1036,22.5865,148
粤BV7R41,114.1036,22.5865,148
粤BV7R41,114.1036,22.5865,150
粤BV7R41,114.1036,22.5865,150
粤BV7R41,114.1036,22.5865,151
粤BV7R41,114.1036,22.5865,151
粤BV7R41,114.1036,22.5865,152
粤BV7R41,114.1036,22.5865,154
粤BV7R41,114.1036,22.5865,154
粤BV7R41,114.1036,22.5865,154
粤BV7R41,114.1036,22.5865,157
粤BV7R41,114.1036,22.5865,157
粤BV7R41,114.1036,22.5865,158
粤BV7R41,114.1036,22.5865,158
粤BV7R41,114.1036,22.5865,159
粤BV7R41,114.1036,22.5865,159
粤BV7R41,114.1036,22.5865,161
粤BV7R41,114.1036,22.5865,161
粤BV7R41,114.1036,22.5865,162
粤BV7R41,114.1036,22.5865,162
粤BV7R41,114.1036,22.5865,163
粤BV7R41,114.1036,22.5865,163
粤BV7R41,114.1036,22.5865,165
粤BV7R41,114.1036,22.5865,165
粤BV7R41,114.1036,22.5865,168
粤BV7R41,114.1036,22.5865,169
粤BV7R41,114.1036,22.5865,169
粤BV7R41,114.1036,22.5865,170
粤BV7R41,114.1036,22.5865,170
粤BV7R41,114.1036,22.5865,173
粤BV7R41,114.1036,22.5865,173
粤BV7R41,114.1036,22.5865,174
粤BV7R41,114.1036,22.5865,174
粤BV7R41,114.1036,22.5865,176
粤BV7R41,114.1036,22.5865,177
粤BV7R41,114.1036,22.5865,177
粤BV7R41,114.1036,22.5865,178
粤BV7R41,114.1036,22.5865,180
粤BV7R41,114.1036,22.5865,181
粤BV7R41,114.1036,22.5865,181
粤BV7R41,114.1036,22.5865,182
粤BV7R41,114.1036,22.5865,191
粤BV7R41,114.1036,22.5865,192
粤BV7R41,114.1036,22.5865,193
粤BV7R41,114.1036,22.5865,193
粤BV7R41,114.1036,22.5865,196
粤BV7R41,114.1036,22.5865,196
粤BV7R41,114.1036,22.5865,197
粤BV7R41,114.1036,22.5865,198
粤BV7R41,114.1036,22.5865,199
粤BV7R41,114.1036,22.5865,199
粤BV7R41,114.1036,22.5865,199
粤BV7R41,114.1036,22.5865,200
粤BV7R41,114.1036,22.5865,200
粤BV7R41,114.1036,22.5865,203
粤BV7R41,114.1036,22.5865,203
粤BV7R41,114.1036,22.5865,203
粤BV7R41,114.1036,22.5865,204
粤BV7R41,114.1036,22.5865,204
粤BV7R41,114.1036,22.5865,206
粤BV7R41,114.1036,22.5865,207
粤BV7R41,114.1036,22.5865,207
粤BV7R41,114.1036,22.5865,207
粤BV7R41,114.1036,22.5865,208
粤BV7R41,114.1036,22.5865,210
粤BV7R41,114.1036,22.5865,210
粤BV7R41,114.1036,22.5865,210
粤BV7R41,114.1036,22.5865,211
粤BV7R41,114.1036,22.5865,211
粤BV7R41,114.1036,22.5865,213
粤BV7R41,114.1036,22.5865,214
粤BV7R41,114.1036,22.5865,214
粤BV7R41,114.1036,22.5865,215
粤BV7R41,114.1036,22.5865,217
粤BV7R41,114.1036,22.5865,217
粤BV7R41,114.1036,22.5865,218
粤BV7R41,114.1036,22.5865,218
粤BV7R41,114.1036,22.5865,218
粤BV7R41,114.1036,22.5865,219
粤BV7R41,114.1036,22.5865,221
粤BV7R41,114.1036,22.5865,221
粤BV7R41,114.1036,22.5865,222
粤BV7R41,114.1036,22.5865,222
粤BV7R41,114.1036,22.5865,222
粤BV7R41,114.1036,22.5865,223
粤BV7R41,114.1036,22.5865,223
粤BV7R41,114.1036,22.5865,224
粤BV7R41,114.1036,22.5865,225
粤BV7R41,114.1036,22.5865,225
粤BV7R41,114.1036,22.5865,225
粤BV7R41,114.1036,22.5865,226
粤BV7R41,114.1036,22.5865,226
粤BV7R41,114.1036,22.5865,228
粤BV7R41,114.1036,22.5865,229
粤BV7R41,114.1036,22.5865,229
粤BV7R41,114.1036,22.5865,230
粤BV7R41,114.1036,22.5865,230
粤BV7R41,114.1036,22.5865,230
粤BV7R41,114.1036,22.5865,232
粤BV7R41,114.1036,22.5865,232
粤BV7R41,114.1036,22.5865,233
粤BV7R41,114.1036,22.5865,234
粤BV7R41,114.1036,22.5865,234
粤BV7R41,114.1036,22.5865,234
粤BV7R41,114.1036,22.5865,236
粤BV7R41,114.1036,22.5865,237
粤BV7R41,114.1036,22.5865,237
粤BV7R41,114.1036,22.5865,238
粤BV7R41,114.1036,22.5865,240
粤BV7R41,114.1036,22.5865,240
粤BV7R41,114.1036,22.5865,241
粤BV7R41,114.1036,22.5865,241
粤BV7R41,114.1036,22.5865,242
粤BV7R41,114.1036,22.5865,243
粤BV7R41,114.1036,22.5865,244
粤BV7R41,114.1036,22.5865,244
粤BV7R41,114.1036,22.5865,245
粤BV7R41,114.1036,22.5865,247
粤BV7R41,114.1036,22.5865,248
粤BV7R41,114.1036,22.5865,248
粤BV7R41,114.1036,22.5865,248
粤BV7R41,114.1036,22.5865,249
粤BV7R41,114.1036,22.5865,249
粤BV7R41,114.1036,22.5865,251
粤BV7R41,114.1036,22.5865,252
粤BV7R41,114.1036,22.5865,252
粤BV7R41,114.1036,22.5865,253
粤BV7R41,114.1036,22.5865,254
粤BV7R41,114.1036,22.5865,255
粤BV7R41,114.1036,22.5865,256
粤BV7R41,114.1036,22.5865,256
粤BV7R41,114.1036,22.5865,257
粤BV7R41,114.1036,22.5865,259
粤BV7R41,114.1036,22.5865,259
粤BV7R41,114.1036,22.5865,260
粤BV7R41,114.1036,22.5865,262
粤BV7R41,114.1036,22.5865,262
粤BV7R41,114.1036,22.5865,263
粤BV7R41,114.1036,22.5865,263
粤BV7R41,114.1036,22.5865,264
粤BV7R41,114.1036,22.5865,264
粤BV7R41,114.1036,22.5865,266
粤BV7R41,114.1036,22.5865,266
粤BV7R41,114.1036,22.5865,267
粤BV7R41,114.1036,22.5865,267
粤BV7R41,114.1036,22.5865,268
粤BV7R41,114.1036,22.5865,271
粤BV7R41,114.1036,22.5865,271
粤BV7R41,114.1036,22.5865,272
粤BV7R41,114.1036,22.5865,272
粤BV7R41,114.1036,22.5865,274
粤BV7R41,114.1036,22.5865,274
粤BV7R41,114.1036,22.5865,275
粤BV7R41,114.1036,22.5865,275
粤BV7R41,114.1036,22.5865,276
粤BV7R41,114.1036,22.5865,277
粤BV7R41,114.1036,22.5865,278
粤BV7R41,114.1036,22.5865,278
粤BV7R41,114.1036,22.5865,278
粤BV7R41,114.1036,22.5865,279
粤BV7R41,114.1036,22.5865,279
粤BV7R41,114.1036,22.5865,279
粤BV7R41,114.1036,22.5865,282
粤BV7R41,114.1036,22.5865,282
粤BV7R41,114.1036,22.5865,282
粤BV7R41,114.1036,22.5865,283
粤BV7R41,114.1036,22.5865,283
粤BV7R41,114.1036,22.5865,283
粤BV7R41,114.1036,22.5865,285
粤BV7R41,114.1036,22.5865,286
粤BV7R41,114.1036,22.5865,287
粤BV7R41,114.1036,22.5865,287
粤BV7R41,114.1036,22.5865,287
粤BV7R41,114.1036,22.5865,289
粤BV7R41,114.1036,22.5865,290
粤BV7R41,114.1036,22.5865,290
粤BV7R41,114.1036,22.5865,291
粤BV7R41,114.1036,22.5865,293
粤BV7R41,114.1036,22.5865,293
粤BV7R41,114.1036,22.5865,293
粤BV7R41,114.1036,22.5865,294
粤BV7R41,114.1036,22.5865,294
粤BV7R41,114.1036,22.5865,295
粤BV7R41,114.1036,22.5865,297
粤BV7R41,114.1036,22.5865,297
粤BV7R41,114.1036,22.5865,298
粤BV7R41,114.1036,22.5865,298
粤BV7R41,114.1036,22.5865,298
粤BV7R41,114.1036,22.5865,299
粤BV7R41,114.1036,22.5865,299
粤BV7R41,114.1036,22.5865,301
粤BV7R41,114.1036,22.5865,301
粤BV7R41,114.1036,22.5865,302
粤BV7R41,114.1036,22.5865,302
粤BV7R41,114.1036,22.5865,302
粤BV7R41,114.1036,22.5865,303
粤BV7R41,114.1036,22.5865,303
粤BV7R41,114.1036,22.5865,306
粤BV7R41,114.1036,22.5865,306
粤BV7R41,114.1036,22.5865,309
粤BV7R41,114.1036,22.5865,309
粤BV7R41,114.1036,22.5865,310
粤BV7R41,114.1036,22.5865,312
粤BV7R41,114.1036,22.5865,313
粤BV7R41,114.1036,22.5865,313
粤BV7R41,114.1036,22.5865,314
粤BV7R41,114.1036,22.5865,316
粤BV7R41,114.1036,22.5865,316
粤BV7R41,114.1036,22.5865,317
粤BV7R41,114.1036,22.5865,318
粤BV7R41,114.1036,22.5865,318
粤BV7R41,114.1036,22.5865,320
粤BV7R41,114.1036,22.5865,320
粤BV7R41,114.1036,22.5865,320
粤BV7R41,114.1036,22.5865,321
粤BV7R41,114.1036,22.5865,321
粤BV7R41,114.1036,22.5865,323
粤BV7R41,114.1036,22.5865,324
粤BV7R41,114.1036,22.5865,325
粤BV7R41,114.1036,22.5865,325
粤BV7R41,114.1036,22.5865,325
粤BV7R41,114.1036,22.5865,327
粤BV7R41,114.1036,22.5865,328
粤BV7R41,114.1036,22.5865,331
粤BV7R41,114.1036,22.5865,331
粤BV7R41,114.1036,22.5865,333
粤BV7R41,114.1036,22.5865,335
粤BV7R41,114.1036,22.5865,335
粤BV7R41,114.1036,22.5865,336
粤BV7R41,114.1036,22.5865,336
粤BV7R41,114.1036,22.5865,337
粤BV7R41,114.1036,22.5865,338
粤BV7R41,114.1036,22.5865,339
粤BV7R41,114.1036,22.5865,339
粤BV7R41,114.1036,22.5865,340
粤BV7R41,114.1036,22.5865,340
粤BV7R41,114.1036,22.5865,341
粤BV7R41,114.1036,22.5865,343
粤BV7R41,114.1036,22.5865,343
粤BV7R41,114.1036,22.5865,343
粤BV7R41,114.1036,22.5865,344
粤BV7R41,114.1036,22.5865,344
粤BV7R41,114.1036,22.5865,344
粤BV7R41,114.1036,22.5865,345
粤BV7R41,114.1036,22.5865,346
粤BV7R41,114.1036,22.5865,347
粤BV7R41,114.1036,22.5865,347
粤BV7R41,114.1036,22.5865,348
粤BV7R41,114.1036,22.5865,350
粤BV7R41,114.1036,22.5865,350
粤BV7R41,114.1036,22.5865,351
粤BV7R41,114.1036,22.5865,351
粤BV7R41,114.1036,22.5865,352
粤BV7R41,114.1036,22.5865,352
粤BV7R41,114.1036,22.5865,352
粤BV7R41,114.1036,22.5865,354
粤BV7R41,114.1036,22.5865,355
粤BV7R41,114.1036,22.5865,355
粤BV7R41,114.1036,22.5865,358
粤BV7R41,114.1036,22.5865,359
粤BV7R41,114.1036,22.5865,359
粤BV7R41,114.1036,22.5865,360
粤BV7R41,114.1036,22.5865,363
粤BV7R41,114.1036,22.5865,364
粤BV7R41,114.1036,22.5865,366
粤BV7R41,114.1036,22.5865,367
粤BV7R41,114.1036,22.5865,368
粤BV7R41,114.1036,22.5865,368
粤BV7R41,114.1036,22.5865,368
粤BV7R41,114.1036,22.5865,370
粤BV7R41,114.1036,22.5865,370
粤BV7R41,114.1036,22.5865,371
粤BV7R41,114.1036,22.5865,374
粤BV7R41,114.1036,22.5865,374
粤BV7R41,114.1036,22.5865,375
粤BV7R41,114.1036,22.5865,375
粤BV7R41,114.1036,22.5865,375
粤BV7R41,114.1036,22.5865,378
粤BV7R41,114.1036,22.5865,378
粤BV7R41,114.1036,22.5865,379
粤BV7R41,114.1036,22.5865,379
粤BV7R41,114.1036,22.5865,381
粤BV7R41,114.1036,22.5865,382
粤BV7R41,114.1036,22.5865,382
粤BV7R41,114.1036,22.5865,383
粤BV7R41,114.1036,22.5865,385
粤BV7R41,114.1036,22.5865,386
粤BV7R41,114.1036,22.5865,386
粤BV7R41,114.1036,22.5865,387
粤BV7R41,114.1036,22.5865,387
粤BV7R41,114.1036,22.5865,389
粤BV7R41,114.1036,22.5865,390
粤BV7R41,114.1036,22.5865,390
粤BV7R41,114.1036,22.5865,390
粤BV7R41,114.1036,22.5865,391
粤BV7R41,114.1036,22.5865,393
粤BV7R41,114.1036,22.5865,393
粤BV7R41,114.1036,22.5865,394
粤BV7R41,114.1036,22.5865,394
粤BV7R41,114.1036,22.5865,394
粤BV7R41,114.1036,22.5865,395
粤BV7R41,114.1036,22.5865,395
粤BV7R41,114.1036,22.5865,396
粤BV7R41,114.1036,22.5865,398
粤BV7R41,114.1036,22.5865,398
粤BV7R41,114.1036,22.5865,399
粤BV7R41,114.1036,22.5865,400
粤BV7R41,114.1036,22.5865,401
粤BV7R41,114.1036,22.5865,401
粤BV7R41,114.1036,22.5865,401
粤BV7R41,114.1036,22.5865,402
粤BV7R41,114.1036,22.5865,402
粤BV7R41,114.1036,22.5865,404
粤BV7R41,114.1036,22.5865,404
粤BV7R41,114.1036,22.5865,405
粤BV7R41,114.1036,22.5865,405
粤BV7R41,114.1036,22.5865,406
粤BV7R41,114.1036,22.5865,408
粤BV7R41,114.1036,22.5865,408
粤BV7R41,114.1036,22.5865,409
粤BV7R41,114.1036,22.5865,410
粤BV7R41,114.1036,22.5865,410
粤BV7R41,114.1036,22.5865,412
粤BV7R41,114.1036,22.5865,412
粤BV7R41,114.1036,22.5865,412
粤BV7R41,114.1036,22.5865,414
粤BV7R41,114.1036,22.5865,416
粤BV7R41,114.1036,22.5865,416
粤BV7R41,114.1036,22.5865,417
粤BV7R41,114.1036,22.5865,417
粤BV7R41,114.1036,22.5865,418
粤BV7R41,114.1036,22.5865,418
粤BV7R41,114.1036,22.5865,420
粤BV7R41,114.1036,22.5865,420
粤BV7R41,114.1036,22.5865,421
粤BV7R41,114.1036,22.5865,421
粤BV7R41,114.1036,22.5865,421
粤BV7R41,114.1036,22.5865,422
粤BV7R41,114.1036,22.5865,422
粤BV7R41,114.1036,22.5865,424
粤BV7R41,114.1036,22.5865,424
粤BV7R41,114.1036,22.5865,425
粤BV7R41,114.1036,22.5865,428
粤BV7R41,114.1036,22.5865,428
粤BV7R41,114.1036,22.5865,428
粤BV7R41,114.1036,22.5865,429
粤BV7R41,114.1036,22.5865,429
粤BV7R41,114.1036,22.5865,431
粤BV7R41,114.1036,22.5865,431
粤BV7R41,114.1036,22.5865,432
粤BV7R41,114.1036,22.5865,433
粤BV7R41,114.1036,22.5865,435
粤BV7R41,114.1036,22.5865,435
粤BV7R41,114.1036,22.5865,436
粤BV7R41,114.1036,22.5865,436
粤BV7R41,114.1036,22.5865,437
粤BV7R41,114.1036,22.5865,439
粤BV7R41,114.1036,22.5865,439
粤BV7R41,114.1036,22.5865,439
粤BV7R41,114.1036,22.5865,440
粤BV7R41,114.1036,22.5865,440
粤BV7R41,114.1036,22.5865,443
粤BV7R41,114.1036,22.5865,443
粤BV7R41,114.102699,22.5861,443
粤BV7R41,114.101601,22.586,444
粤BV7R41,114.103401,22.581499,445
粤BV7R41,114.104599,22.579201,446
粤BV7R41,114.104202,22.5805,446
粤BV7R41,114.1064,22.5755,447
粤BV7R41,114.107498,22.566999,450
粤BV7R41,114.106003,22.562099,451
粤BV7R41,114.106903,22.562901,451
粤BV7R41,114.103996,22.555901,453
粤BV7R41,114.103996,22.559299,453
粤BV7R41,114.102097,22.5557,454
粤BV7R41,114.102097,22.5557,454
粤BV7R41,114.102997,22.555901,454
粤BV7R41,114.102097,22.5557,455
粤BV7R41,114.104103,22.5541,456
粤BV7R41,114.105202,22.551399,457
粤BV7R41,114.105797,22.550501,457
粤BV7R41,114.1054,22.549999,458
粤BV7R41,114.100899,22.547501,460
粤BV7R41,114.101997,22.5557,465
粤BV7R41,114.101997,22.5557,465
粤BV7R41,114.101997,22.5557,465
粤BV7R41,114.101997,22.5557,466
粤BV7R41,114.100899,22.555,467
粤BV7R41,114.100899,22.555,467
粤BV7R41,114.099602,22.5553,468
粤BV7R41,114.1007,22.555,468
粤BV7R41,114.099403,22.5534,468
粤BV7R41,114.091904,22.5518,471
粤BV7R41,114.091202,22.553101,471
粤BV7R41,114.091103,22.5539,473
粤BV7R41,114.091103,22.5569,475
粤BV7R41,114.091103,22.5569,475
粤BV7R41,114.091103,22.557301,476
粤BV7R41,114.091103,22.5581,476
粤BV7R41,114.098999,22.5585,478
粤BV7R41,114.098999,22.5585,478
粤BV7R41,114.098999,22.5585,479
粤BV7R41,114.098999,22.5585,479
粤BV7R41,114.101303,22.5585,480
粤BV7R41,114.101898,22.555599,482
粤BV7R41,114.101898,22.555599,482
粤BV7R41,114.100502,22.555,485
粤BV7R41,114.100403,22.555,486
粤BV7R41,114.100403,22.555,486
粤BV7R41,114.099899,22.555,486
粤BV7R41,114.099297,22.557699,487
粤BV7R41,114.099403,22.556499,487
粤BV7R41,114.089897,22.5604,490
粤BV7R41,114.088097,22.5639,491
粤BV7R41,114.087196,22.5662,491
粤BV7R41,114.073402,22.570499,493
粤BV7R41,114.066597,22.568899,494
粤BV7R41,114.063004,22.568501,494
粤BV7R41,114.059402,22.567101,495
粤BV7R41,114.056,22.5655,495
粤BV7R41,114.033501,22.5625,497
粤BV7R41,114.027496,22.561399,498
粤BV7R41,114.030296,22.561899,498
粤BV7R41,114.019897,22.5604,499
粤BV7R41,114.014099,22.5602,501
粤BV7R41,114.015701,22.5604,501
粤BV7R41,114.014603,22.560801,502
粤BV7R41,114.013901,22.561199,502
粤BV7R41,114.013603,22.560499,502
粤BV7R41,114.014999,22.558599,504
粤BV7R41,114.015297,22.5557,504
粤BV7R41,114.015099,22.5569,504
粤BV7R41,114.010002,22.554899,505
粤BV7R41,114.009697,22.5541,505
粤BV7R41,114.009697,22.5541,506
粤BV7R41,114.009697,22.5541,506
粤BV7R41,114.009598,22.554001,507
粤BV7R41,114.009102,22.5527,507
粤BV7R41,114.007103,22.549999,508
粤BV7R41,114.007103,22.549801,509
粤BV7R41,114.007103,22.549999,509
粤BV7R41,114.006699,22.5483,511
粤BV7R41,114.005699,22.5476,511
粤BV7R41,114.0056,22.547501,512
粤BV7R41,114.0056,22.547501,512
粤BV7R41,114.0056,22.5473,514
粤BV7R41,114.0056,22.5473,515
粤BV7R41,114.0056,22.5473,515
粤BV7R41,114.0056,22.5473,516
粤BV7R41,114.0056,22.5473,518
粤BV7R41,114.009903,22.5541,521
粤BV7R41,114.011101,22.5553,522
粤BV7R41,114.012802,22.555401,522
粤BV7R41,114.011497,22.5553,522
粤BV7R41,114.019402,22.5555,523
粤BV7R41,114.015999,22.5553,523
粤BV7R41,114.032898,22.5539,525
粤BV7R41,114.033501,22.5536,525
粤BV7R41,114.032204,22.554399,525
粤BV7R41,114.037598,22.556,526
粤BV7R41,114.038803,22.5562,526
粤BV7R41,114.0354,22.555201,526
粤BV7R41,114.043297,22.556601,528
粤BV7R41,114.043297,22.556601,528
粤BV7R41,114.045898,22.5585,529
粤BV7R41,114.049797,22.561701,530
粤BV7R41,114.054901,22.562401,531
粤BV7R41,114.062698,22.558201,532
粤BV7R41,114.0578,22.562401,532
粤BV7R41,114.060097,22.560301,532
粤BV7R41,114.066299,22.558001,533
粤BV7R41,114.065697,22.558001,533
粤BV7R41,114.075699,22.558201,536
粤BV7R41,114.105904,22.547001,547
粤BV7R41,114.105904,22.547001,547
粤BV7R41,114.105904,22.547001,547
粤BV7R41,114.106499,22.5446,548
粤BV7R41,114.106003,22.546499,548
粤BV7R41,114.1092,22.544399,549
粤BV7R41,114.1092,22.544399,550
粤BV7R41,114.109596,22.544399,552
粤BV7R41,114.108299,22.541401,553
粤BV7R41,114.110199,22.5422,553
粤BV7R41,114.109802,22.5417,553
粤BV7R41,114.108299,22.541401,554
粤BV7R41,114.1063,22.544001,557
粤BV7R41,114.1063,22.5441,558
粤BV7R41,114.105797,22.5469,558
粤BV7R41,114.104897,22.548901,559
粤BV7R41,114.104103,22.5527,560
粤BV7R41,114.104103,22.5527,561
粤BV7R41,114.104103,22.5527,561
粤BV7R41,114.104103,22.5527,561
粤BV7R41,114.104103,22.5527,562
粤BV7R41,114.104103,22.5527,563
粤BV7R41,114.104103,22.5581,564
粤BV7R41,114.107399,22.558701,565
粤BV7R41,114.1054,22.5585,565
粤BV7R41,114.107201,22.559799,565
粤BV7R41,114.106697,22.564199,566
粤BV7R41,114.107597,22.567499,568
粤BV7R41,114.107697,22.569201,569
粤BV7R41,114.107697,22.5681,569
粤BV7R41,114.107101,22.565701,571
粤BV7R41,114.105904,22.562099,572
粤BV7R41,114.104599,22.5618,573
粤BV7R41,114.104599,22.5618,573
粤BV7R41,114.104103,22.555901,575
粤BV7R41,114.103996,22.554501,576
粤BV7R41,114.104202,22.5534,576
粤BV7R41,114.104897,22.5515,577
粤BV7R41,114.105202,22.5492,577
粤BV7R41,114.1063,22.545,579
粤BV7R41,114.1063,22.545,580
粤BV7R41,114.1063,22.545,580
粤BV7R41,114.1063,22.545,580
粤BV7R41,114.1063,22.545,581
粤BV7R41,114.109497,22.5452,582
粤BV7R41,114.109497,22.5452,582
粤BV7R41,114.113403,22.5459,583
粤BV7R41,114.1166,22.5466,584
粤BV7R41,114.1166,22.5466,584
粤BV7R41,114.115196,22.5462,584
粤BV7R41,114.117104,22.551001,586
粤BV7R41,114.117599,22.5511,586
粤BV7R41,114.117699,22.5513,587
粤BV7R41,114.117699,22.5513,587
粤BV7R41,114.117699,22.5513,587
粤BV7R41,114.117699,22.5513,588
粤BV7R41,114.115501,22.553301,589
粤BV7R41,114.115501,22.553301,590
粤BV7R41,114.115501,22.553301,590
粤BV7R41,114.115303,22.553499,591
粤BV7R41,114.115501,22.553301,591
粤BV7R41,114.114601,22.5506,594
粤BV7R41,114.114601,22.5506,594
粤BV7R41,114.114998,22.552601,595
粤BV7R41,114.114799,22.551701,595
粤BV7R41,114.113899,22.552099,597
粤BV7R41,114.114601,22.552999,597
粤BV7R41,114.114304,22.5516,598
粤BV7R41,114.1147,22.5516,598
粤BV7R41,114.115402,22.5585,601
粤BV7R41,114.120499,22.558701,602
粤BV7R41,114.117798,22.5723,604
粤BV7R41,114.117401,22.5755,604
粤BV7R41,114.117897,22.574499,604
粤BV7R41,114.115402,22.5795,605
粤BV7R41,114.116501,22.577299,605
粤BV7R41,114.115097,22.5861,608
粤BV7R41,114.115501,22.585501,608
粤BV7R41,114.115097,22.5861,609
粤BV7R41,114.115097,22.5861,609
粤BV7R41,114.114403,22.581301,612
粤BV7R41,114.114502,22.580799,612
粤BV7R41,114.114304,22.5819,612
粤BV7R41,114.114799,22.580099,613
粤BV7R41,114.115601,22.577999,614
粤BV7R41,114.115402,22.5769,615
粤BV7R41,114.115501,22.5776,615
粤BV7R41,114.1129,22.5767,616
粤BV7R41,114.098602,22.57,618
粤BV7R41,114.099602,22.5704,618
粤BV7R41,114.096703,22.569099,619
粤BV7R41,114.097298,22.569401,619
粤BV7R41,114.095703,22.568701,619
粤BV7R41,114.090698,22.5674,621
粤BV7R41,114.065598,22.5688,624
粤BV7R41,114.0625,22.568399,624
粤BV7R41,114.051498,22.565001,625
粤BV7R41,114.040802,22.562,628
粤BV7R41,114.0429,22.558399,631
粤BV7R41,114.043297,22.557699,631
粤BV7R41,114.043297,22.557699,632
粤BV7R41,114.043297,22.557699,632
粤BV7R41,114.043297,22.557699,633
粤BV7R41,114.043404,22.5576,634
粤BV7R41,114.043602,22.557199,635
粤BV7R41,114.043602,22.557199,636
粤BV7R41,114.043602,22.557199,636
粤BV7R41,114.043503,22.5576,637
粤BV7R41,114.042801,22.5588,638
粤BV7R41,114.044296,22.564199,639
粤BV7R41,114.041901,22.563499,639
粤BV7R41,114.0495,22.563,641
粤BV7R41,114.049301,22.563601,641
粤BV7R41,114.044197,22.5571,642
粤BV7R41,114.047203,22.559799,642
粤BV7R41,114.044197,22.5571,643
粤BV7R41,114.044098,22.554399,645
粤BV7R41,114.044098,22.554199,646
粤BV7R41,114.044098,22.5522,646
粤BV7R41,114.044098,22.551399,647
粤BV7R41,114.044098,22.551399,647
粤BV7R41,114.044197,22.5499,648
粤BV7R41,114.044296,22.547001,648
粤BV7R41,114.044296,22.5436,649
粤BV7R41,114.044403,22.5403,649
粤BV7R41,114.041496,22.5312,650
粤BV7R41,114.034103,22.530399,651
粤BV7R41,114.030602,22.5303,652
粤BV7R41,114.025299,22.532801,653
粤BV7R41,114.024803,22.5369,654
粤BV7R41,114.025299,22.5366,655
粤BV7R41,114.025497,22.5361,655
粤BV7R41,114.025497,22.5361,656
粤BV7R41,114.024597,22.5355,658
粤BV7R41,114.024002,22.537399,658
粤BV7R41,114.0252,22.5341,658
粤BV7R41,114.022202,22.5438,659
粤BV7R41,114.023102,22.540701,659
粤BV7R41,114.022102,22.5443,659
粤BV7R41,114.014999,22.559999,661
粤BV7R41,114.012199,22.559799,662
粤BV7R41,114.006798,22.5574,662
粤BV7R41,113.992699,22.5576,664
粤BV7R41,113.956703,22.556499,668
粤BV7R41,113.953697,22.5564,668
粤BV7R41,113.9505,22.5562,668
粤BV7R41,113.944099,22.555201,669
粤BV7R41,113.947701,22.555799,669
粤BV7R41,113.928703,22.5555,671
粤BV7R41,113.928497,22.5548,672
粤BV7R41,113.924599,22.5492,674
粤BV7R41,113.924599,22.5492,675
粤BV7R41,113.9282,22.5492,675
粤BV7R41,113.926003,22.544201,676
粤BV7R41,113.927002,22.5457,676
粤BV7R41,113.928497,22.544399,678
粤BV7R41,113.928497,22.5443,679
粤BV7R41,113.929604,22.5441,679
粤BV7R41,113.930397,22.5441,680
粤BV7R41,113.926903,22.5434,681
粤BV7R41,113.927101,22.538601,682
粤BV7R41,113.927002,22.540899,682
粤BV7R41,113.924301,22.5299,683
粤BV7R41,113.929497,22.524799,685
粤BV7R41,113.934898,22.522699,688
粤BV7R41,113.934799,22.5222,688
粤BV7R41,113.935204,22.521999,689
粤BV7R41,113.937202,22.5215,689
粤BV7R41,113.940697,22.5207,690
粤BV7R41,113.941597,22.526899,692
粤BV7R41,113.941597,22.526899,693
粤BV7R41,113.941597,22.526899,693
粤BV7R41,113.941597,22.526899,693
粤BV7R41,113.941597,22.526899,695
粤BV7R41,113.941597,22.526899,695
粤BV7R41,113.941597,22.526899,695
粤BV7R41,113.941597,22.526899,696
粤BV7R41,113.941597,22.526899,696
粤BV7R41,113.941597,22.526899,696
粤BV7R41,113.941597,22.526899,698
粤BV7R41,113.941597,22.526899,699
粤BV7R41,113.941597,22.526899,702
粤BV7R41,113.941597,22.526899,703
粤BV7R41,113.941597,22.526899,703
粤BV7R41,113.941597,22.526899,704
粤BV7R41,113.941597,22.526899,705
粤BV7R41,113.941597,22.526899,706
粤BV7R41,113.941597,22.526899,706
粤BV7R41,113.941597,22.526899,707
粤BV7R41,113.941597,22.526899,708
粤BV7R41,113.941597,22.526899,709
粤BV7R41,113.941597,22.526899,709
粤BV7R41,113.941597,22.526899,710
粤BV7R41,113.941597,22.526899,710
粤BV7R41,113.941597,22.526899,711
粤BV7R41,113.941597,22.526899,712
粤BV7R41,113.941597,22.526899,712
粤BV7R41,113.941597,22.526899,712
粤BV7R41,113.941597,22.526899,713
粤BV7R41,113.941597,22.526899,713
粤BV7R41,113.941597,22.526899,715
粤BV7R41,113.941597,22.526899,716
粤BV7R41,113.941597,22.526899,716
粤BV7R41,113.941597,22.526899,716
粤BV7R41,113.941597,22.526899,717
粤BV7R41,113.941597,22.526899,719
粤BV7R41,113.941597,22.526899,719
粤BV7R41,113.941597,22.526899,719
粤BV7R41,113.941597,22.526899,720
粤BV7R41,113.941597,22.526899,720
粤BV7R41,113.941597,22.526899,721
粤BV7R41,113.934196,22.5264,725
粤BV7R41,113.934196,22.5264,726
粤BV7R41,113.941597,22.526899,726
粤BV7R41,113.934196,22.5264,726
粤BV7R41,113.934196,22.5264,728
粤BV7R41,113.934196,22.5264,728
粤BV7R41,113.934196,22.5264,729
粤BV7R41,113.934196,22.5264,730
粤BV7R41,113.944801,22.525801,731
粤BV7R41,113.947502,22.5277,732
粤BV7R41,113.946098,22.5257,732
粤BV7R41,113.947601,22.5264,732
粤BV7R41,113.947304,22.530001,733
粤BV7R41,113.947502,22.5289,733
粤BV7R41,113.945999,22.530001,733
粤BV7R41,113.945,22.5362,735
粤BV7R41,113.945,22.5324,735
粤BV7R41,113.944901,22.533899,735
粤BV7R41,113.945,22.5401,737
粤BV7R41,113.945,22.538799,737
粤BV7R41,113.948196,22.5418,739
粤BV7R41,113.948196,22.5418,740
粤BV7R41,113.948196,22.5418,740
粤BV7R41,113.948799,22.5418,740
粤BV7R41,113.9515,22.538,742
粤BV7R41,113.9506,22.538601,742
粤BV7R41,113.949799,22.531799,743
粤BV7R41,113.949303,22.5266,744
粤BV7R41,113.9496,22.528999,744
粤BV7R41,113.9347,22.5249,746
粤BV7R41,113.928703,22.5249,746
粤BV7R41,113.930702,22.524799,746
粤BV7R41,113.93,22.524799,746
粤BV7R41,113.924202,22.5259,747
粤BV7R41,113.921501,22.526501,747
粤BV7R41,113.917603,22.5275,749
粤BV7R41,113.917198,22.5275,750
粤BV7R41,113.917198,22.5275,751
粤BV7R41,113.911598,22.5259,753
粤BV7R41,113.911598,22.5259,753
粤BV7R41,113.9132,22.5264,754
粤BV7R41,113.916702,22.527399,754
粤BV7R41,113.918297,22.527201,756
粤BV7R41,113.918297,22.527201,757
粤BV7R41,113.918297,22.527201,757
粤BV7R41,113.920097,22.5268,757
粤BV7R41,113.9263,22.5236,759
粤BV7R41,113.924301,22.522301,760
粤BV7R41,113.924599,22.524599,761
粤BV7R41,113.9244,22.527399,761
粤BV7R41,113.923798,22.5224,761
粤BV7R41,113.929703,22.5284,763
粤BV7R41,113.930801,22.528099,763
粤BV7R41,113.9282,22.528601,763
粤BV7R41,113.933098,22.528299,764
粤BV7R41,113.934601,22.5282,764
粤BV7R41,113.936302,22.5284,765
粤BV7R41,113.940903,22.5249,766
粤BV7R41,113.9412,22.5224,767
粤BV7R41,113.940903,22.5219,767
粤BV7R41,113.963699,22.5226,770
粤BV7R41,113.967003,22.5226,770
粤BV7R41,113.975899,22.5224,771
粤BV7R41,113.970398,22.522699,771
粤BV7R41,113.976501,22.5221,771
粤BV7R41,113.977798,22.5222,772
粤BV7R41,113.985603,22.529499,773
粤BV7R41,113.987801,22.5275,774
粤BV7R41,113.987602,22.528799,774
粤BV7R41,113.987999,22.526199,775
粤BV7R41,113.987801,22.5275,775
粤BV7R41,113.994003,22.5264,777
粤BV7R41,113.992996,22.526199,778
粤BV7R41,114.017601,22.5315,780
粤BV7R41,114.021698,22.532,781
粤BV7R41,114.051102,22.5299,784
粤BV7R41,114.051399,22.527599,784
粤BV7R41,114.051399,22.5261,785
粤BV7R41,114.051399,22.5261,785
粤BV7R41,114.051399,22.5261,785
粤BV7R41,114.052498,22.525801,786
粤BV7R41,114.058403,22.5254,787
粤BV7R41,114.058701,22.523001,788
粤BV7R41,114.058899,22.522499,788
粤BV7R41,114.058899,22.5222,789
粤BV7R41,114.058899,22.5222,789
粤BV7R41,114.058899,22.520399,791
粤BV7R41,114.058899,22.5203,791
粤BV7R41,114.058998,22.5208,791
粤BV7R41,114.063301,22.525499,793
粤BV7R41,114.063301,22.5313,794
粤BV7R41,114.077301,22.532101,795
粤BV7R41,114.073601,22.531799,795
粤BV7R41,114.0793,22.535299,796
粤BV7R41,114.096397,22.538,797
粤BV7R41,114.098999,22.537901,798
粤BV7R41,114.102898,22.538,798
粤BV7R41,114.104698,22.5373,799
粤BV7R41,114.111397,22.5336,801
粤BV7R41,114.111504,22.5333,801
粤BV7R41,114.111198,22.5355,801
粤BV7R41,114.111397,22.533001,802
粤BV7R41,114.111504,22.532301,803
粤BV7R41,114.111099,22.535601,804
粤BV7R41,114.111099,22.535601,804
粤BV7R41,114.110497,22.5376,805
粤BV7R41,114.111099,22.535601,805
粤BV7R41,114.107498,22.544201,809
粤BV7R41,114.106903,22.544399,810
粤BV7R41,114.094704,22.5434,813
粤BV7R41,114.098503,22.5436,813
粤BV7R41,114.087997,22.545099,816
粤BV7R41,114.088402,22.543501,816
粤BV7R41,114.088303,22.5445,816
粤BV7R41,114.087898,22.545601,818
粤BV7R41,114.087898,22.5455,818
粤BV7R41,114.087898,22.545799,818
粤BV7R41,114.0868,22.543301,819
粤BV7R41,114.085503,22.543301,820
粤BV7R41,114.086403,22.5455,822
粤BV7R41,114.087898,22.544901,823
粤BV7R41,114.0877,22.5455,823
粤BV7R41,114.0877,22.5455,823
粤BV7R41,114.0812,22.5432,825
粤BV7R41,114.076401,22.5431,826
粤BV7R41,114.076698,22.5431,826
粤BV7R41,114.076698,22.5431,826
粤BV7R41,114.062202,22.5429,828
粤BV7R41,114.057297,22.542801,829
粤BV7R41,114.060699,22.542801,829
粤BV7R41,114.049797,22.542601,830
粤BV7R41,114.053802,22.5431,830
粤BV7R41,114.046997,22.542601,830
粤BV7R41,114.032501,22.5411,833
粤BV7R41,114.030602,22.5408,834
粤BV7R41,114.021797,22.539499,835
粤BV7R41,114.018303,22.5415,836
粤BV7R41,114.017303,22.544201,843
粤BV7R41,114.019897,22.5446,844
粤BV7R41,114.023903,22.5452,844
粤BV7R41,114.0298,22.545799,845
粤BV7R41,114.0298,22.5457,845
粤BV7R41,114.033997,22.548,847
粤BV7R41,114.033997,22.548,847
粤BV7R41,114.033997,22.548,848
粤BV7R41,114.036697,22.5487,849
粤BV7R41,114.0392,22.5494,849
粤BV7R41,114.041603,22.549999,850
粤BV7R41,114.043602,22.5504,851
粤BV7R41,114.043602,22.5504,852
粤BV7R41,114.043602,22.5504,852
粤BV7R41,114.043602,22.5504,858
粤BV7R41,114.045898,22.567499,858
粤BV7R41,114.049698,22.5674,858
粤BV7R41,114.052101,22.5674,859
粤BV7R41,114.050697,22.5674,859
粤BV7R41,114.056297,22.568399,861
粤BV7R41,114.055603,22.568001,861
粤BV7R41,114.055901,22.5693,862
粤BV7R41,114.055901,22.570101,862
粤BV7R41,114.054199,22.572001,864
粤BV7R41,114.0541,22.571699,864
粤BV7R41,114.054497,22.571199,864
粤BV7R41,114.054199,22.572001,865
粤BV7R41,114.0541,22.573799,866
粤BV7R41,114.0541,22.574499,866
粤BV7R41,114.0541,22.572901,866
粤BV7R41,114.054001,22.575199,867
粤BV7R41,114.054199,22.5751,867
粤BV7R41,114.0541,22.572399,868
粤BV7R41,114.054001,22.574301,868
粤BV7R41,114.054001,22.571699,869
粤BV7R41,114.054001,22.571699,869
粤BV7R41,114.0541,22.568501,870
粤BV7R41,114.0541,22.570999,870
粤BV7R41,114.054199,22.5674,871
粤BV7R41,114.0541,22.567801,871
粤BV7R41,114.055298,22.567801,872
粤BV7R41,114.061096,22.5711,874
粤BV7R41,114.061699,22.570499,875
粤BV7R41,114.062302,22.566999,876
粤BV7R41,114.060699,22.5625,878
粤BV7R41,114.059303,22.562401,878
粤BV7R41,114.059402,22.562401,878
粤BV7R41,114.058701,22.5623,879
粤BV7R41,114.054703,22.562401,880
粤BV7R41,114.0438,22.557301,882
粤BV7R41,114.042,22.559999,882
粤BV7R41,114.039902,22.5644,883
粤BV7R41,114.014,22.559999,885
粤BV7R41,114.018097,22.560301,885
粤BV7R41,114.022202,22.5604,885
粤BV7R41,114.010597,22.558901,886
粤BV7R41,114.005096,22.556499,886
粤BV7R41,114.005096,22.556499,887
粤BV7R41,114.001198,22.555901,887
粤BV7R41,114.005096,22.556499,887
粤BV7R41,113.983101,22.558399,889
粤BV7R41,113.9757,22.556801,889
粤BV7R41,113.972,22.556999,890
粤BV7R41,113.954002,22.5564,892
粤BV7R41,113.952499,22.5564,892
粤BV7R41,113.948799,22.556,893
粤BV7R41,113.9468,22.555599,893
粤BV7R41,113.946198,22.5555,894
粤BV7R41,113.928596,22.553499,897
粤BV7R41,113.928596,22.5553,897
粤BV7R41,113.927803,22.547199,898
粤BV7R41,113.926804,22.541901,899
粤BV7R41,113.951401,22.542101,910
粤BV7R41,113.951401,22.542101,911
粤BV7R41,113.951401,22.542101,911
粤BV7R41,113.951401,22.542101,913
粤BV7R41,113.951401,22.5424,914
粤BV7R41,113.951401,22.542101,914
粤BV7R41,113.949997,22.542,915
粤BV7R41,113.949997,22.542,915
粤BV7R41,113.949997,22.542,915
粤BV7R41,113.946701,22.541599,916
粤BV7R41,113.949097,22.5417,916
粤BV7R41,113.947998,22.541599,916
粤BV7R41,113.945396,22.541599,917
粤BV7R41,113.945999,22.541599,917
粤BV7R41,113.945396,22.541599,917
粤BV7R41,113.942802,22.541599,918
粤BV7R41,113.945,22.5417,918
粤BV7R41,113.937103,22.5504,922
粤BV7R41,113.9375,22.5494,922
粤BV7R41,113.940002,22.5499,922
粤BV7R41,113.936897,22.5522,923
粤BV7R41,113.940399,22.552,924
粤BV7R41,113.940498,22.5508,925
粤BV7R41,113.940498,22.5509,925
粤BV7R41,113.940498,22.5508,926
粤BV7R41,113.940399,22.5511,926
粤BV7R41,113.9403,22.552099,927
粤BV7R41,113.940201,22.5543,928
粤BV7R41,113.946198,22.555099,929
粤BV7R41,113.945,22.554899,929
粤BV7R41,113.946198,22.555099,929
粤BV7R41,113.951103,22.5562,930
粤BV7R41,113.9478,22.5555,930
粤BV7R41,113.949501,22.555901,930
粤BV7R41,113.964897,22.557301,933
粤BV7R41,113.967003,22.557501,933
粤BV7R41,113.962303,22.556801,933
粤BV7R41,113.971397,22.5571,934
粤BV7R41,113.982498,22.5581,936
粤BV7R41,113.990196,22.558599,937
粤BV7R41,113.986198,22.558901,937
粤BV7R41,113.995003,22.5564,938
粤BV7R41,114.008003,22.5576,939
粤BV7R41,114.015297,22.5574,940
粤BV7R41,114.014099,22.5597,940
粤BV7R41,114.010902,22.558701,940
粤BV7R41,114.023598,22.5387,942
粤BV7R41,114.021698,22.5453,942
粤BV7R41,114.022797,22.5415,942
粤BV7R41,114.024597,22.534201,943
粤BV7R41,114.0242,22.5362,943
粤BV7R41,114.047096,22.5312,946
粤BV7R41,114.052803,22.531401,947
粤BV7R41,114.052803,22.531401,947
粤BV7R41,114.052803,22.531401,947
粤BV7R41,114.057602,22.5354,948
粤BV7R41,114.057602,22.5354,949
粤BV7R41,114.058701,22.5354,950
粤BV7R41,114.058701,22.5354,950
粤BV7R41,114.057602,22.5354,950
粤BV7R41,114.060501,22.533701,952
粤BV7R41,114.058098,22.5317,953
粤BV7R41,114.0597,22.531799,953
粤BV7R41,114.031898,22.530199,956
粤BV7R41,114.024498,22.5315,956
粤BV7R41,114.020401,22.532,957
粤BV7R41,114.012703,22.5305,957
粤BV7R41,114.009003,22.5298,958
粤BV7R41,113.9842,22.523399,960
粤BV7R41,113.975899,22.5229,961
粤BV7R41,113.980202,22.523001,961
粤BV7R41,113.971497,22.5229,961
粤BV7R41,113.967003,22.5229,962
粤BV7R41,113.9505,22.523899,963
粤BV7R41,113.946404,22.5243,963
粤BV7R41,113.935898,22.5249,964
粤BV7R41,113.942101,22.5245,964
粤BV7R41,113.929901,22.525,965
粤BV7R41,113.929802,22.526699,965
粤BV7R41,113.942101,22.5245,969
粤BV7R41,113.935898,22.5249,969
粤BV7R41,113.923203,22.518101,970
粤BV7R41,113.923302,22.5214,971
粤BV7R41,113.9244,22.528,972
粤BV7R41,113.925201,22.5292,973
粤BV7R41,113.929497,22.5284,974
粤BV7R41,113.929901,22.528299,974
粤BV7R41,113.930397,22.5282,975
粤BV7R41,113.929901,22.528299,975
粤BV7R41,113.9319,22.528099,975
粤BV7R41,113.933701,22.528,976
粤BV7R41,113.934898,22.528,976
粤BV7R41,113.940903,22.527,978
粤BV7R41,113.972099,22.5228,982
粤BV7R41,113.963997,22.522699,982
粤BV7R41,113.984299,22.5233,983
粤BV7R41,113.987701,22.5242,984
粤BV7R41,114.016098,22.531099,986
粤BV7R41,114.012901,22.530399,986
粤BV7R41,114.025101,22.5313,988
粤BV7R41,114.040703,22.5308,990
粤BV7R41,114.042503,22.531,990
粤BV7R41,114.042503,22.5222,992
粤BV7R41,114.043198,22.5224,993
粤BV7R41,114.044098,22.521999,993
粤BV7R41,114.0438,22.5221,993
粤BV7R41,114.044998,22.5217,994
粤BV7R41,114.042198,22.5212,995
粤BV7R41,114.043404,22.5205,995
粤BV7R41,114.044502,22.5256,996
粤BV7R41,114.046402,22.5257,997
粤BV7R41,114.048599,22.5259,998
粤BV7R41,114.043198,22.5301,1000
粤BV7R41,114.044899,22.530199,1000
粤BV7R41,114.042397,22.529699,1001
粤BV7R41,114.0429,22.5277,1001
粤BV7R41,114.042801,22.528299,1001
粤BV7R41,114.042801,22.5275,1002
粤BV7R41,114.042397,22.527201,1002
粤BV7R41,114.040703,22.5298,1003
粤BV7R41,114.040901,22.5306,1004
粤BV7R41,114.042999,22.531,1004
粤BV7R41,114.045403,22.5306,1005
粤BV7R41,114.0448,22.531099,1005
粤BV7R41,114.044899,22.5312,1005
粤BV7R41,114.0467,22.5394,1007
粤BV7R41,114.047897,22.5397,1007
粤BV7R41,114.047897,22.5397,1007
粤BV7R41,114.047997,22.5399,1008
粤BV7R41,114.047897,22.5397,1008
粤BV7R41,114.047897,22.5411,1008
粤BV7R41,114.048897,22.5418,1009
粤BV7R41,114.068604,22.5443,1014
粤BV7R41,114.068604,22.5443,1015
粤BV7R41,114.0681,22.5462,1018
粤BV7R41,114.098999,22.572599,1029
粤BV7R41,114.0989,22.5741,1029
粤BV7R41,114.100601,22.580299,1031
粤BV7R41,114.1017,22.5825,1032
粤BV7R41,114.101898,22.5819,1032
粤BV7R41,114.1017,22.5826,1033
粤BV7R41,114.1017,22.5828,1035
粤BV7R41,114.1017,22.5828,1035
粤BV7R41,114.1017,22.5828,1036
粤BV7R41,114.1017,22.5828,1036
粤BV7R41,114.1017,22.5828,1036
粤BV7R41,114.1017,22.5828,1037
粤BV7R41,114.1017,22.5828,1037
粤BV7R41,114.1017,22.5828,1038
粤BV7R41,114.1017,22.5828,1039
粤BV7R41,114.101799,22.5828,1039
粤BV7R41,114.101799,22.5828,1041
粤BV7R41,114.101799,22.5828,1042
粤BV7R41,114.101799,22.5828,1042
粤BV7R41,114.101799,22.5828,1042
粤BV7R41,114.101799,22.5828,1043
粤BV7R41,114.101799,22.5828,1045
粤BV7R41,114.101799,22.5828,1045
粤BV7R41,114.101601,22.5828,1046
粤BV7R41,114.101601,22.5828,1046
粤BV7R41,114.101601,22.5828,1046
粤BV7R41,114.101601,22.5828,1047
粤BV7R41,114.101601,22.5828,1048
粤BV7R41,114.101601,22.5828,1049
粤BV7R41,114.101601,22.5828,1049
粤BV7R41,114.101601,22.5828,1050
粤BV7R41,114.101601,22.5828,1051
粤BV7R41,114.101601,22.5828,1053
粤BV7R41,114.101601,22.5828,1053
粤BV7R41,114.101601,22.5828,1053
粤BV7R41,114.101601,22.5828,1054
粤BV7R41,114.101601,22.5828,1054
粤BV7R41,114.101601,22.5828,1055
粤BV7R41,114.101601,22.5828,1056
粤BV7R41,114.101601,22.5828,1056
粤BV7R41,114.101601,22.5828,1057
粤BV7R41,114.101601,22.5828,1060
粤BV7R41,114.101601,22.5828,1061
粤BV7R41,114.101601,22.5828,1061
粤BV7R41,114.101601,22.5828,1061
粤BV7R41,114.101601,22.5828,1062
粤BV7R41,114.101601,22.5828,1063
粤BV7R41,114.101601,22.5828,1064
粤BV7R41,114.101601,22.5828,1064
粤BV7R41,114.101601,22.5828,1065
粤BV7R41,114.101601,22.582701,1068
粤BV7R41,114.101601,22.582701,1068
粤BV7R41,114.101601,22.582701,1068
粤BV7R41,114.101799,22.5826,1069
粤BV7R41,114.101601,22.582701,1069
粤BV7R41,114.101799,22.5826,1070
粤BV7R41,114.101799,22.5826,1070
粤BV7R41,114.101799,22.5826,1072
粤BV7R41,114.101799,22.5826,1072
粤BV7R41,114.101799,22.5826,1073
粤BV7R41,114.101799,22.5826,1073
粤BV7R41,114.101799,22.5826,1074
粤BV7R41,114.101799,22.5826,1074
粤BV7R41,114.101799,22.5826,1076
粤BV7R41,114.101799,22.5826,1077
粤BV7R41,114.101799,22.5826,1077
粤BV7R41,114.101799,22.5826,1078
粤BV7R41,114.101799,22.5826,1078
粤BV7R41,114.101303,22.582701,1080
粤BV7R41,114.101303,22.582701,1080
粤BV7R41,114.101799,22.5826,1081
粤BV7R41,114.101799,22.5826,1082
粤BV7R41,114.101601,22.582701,1083
粤BV7R41,114.101601,22.582701,1084
粤BV7R41,114.101601,22.582701,1084
粤BV7R41,114.101601,22.582701,1085
粤BV7R41,114.101601,22.582701,1085
粤BV7R41,114.101601,22.582701,1085
粤BV7R41,114.101601,22.582701,1087
粤BV7R41,114.101601,22.582701,1088
粤BV7R41,114.101601,22.582701,1088
粤BV7R41,114.101601,22.582701,1089
粤BV7R41,114.101601,22.582701,1089
粤BV7R41,114.101601,22.582701,1091
粤BV7R41,114.101501,22.582701,1091
粤BV7R41,114.101501,22.582701,1092
粤BV7R41,114.101501,22.582701,1092
粤BV7R41,114.101501,22.582701,1094
粤BV7R41,114.101501,22.582701,1095
粤BV7R41,114.101501,22.582701,1095
粤BV7R41,114.101501,22.582701,1095
粤BV7R41,114.1017,22.582701,1099
粤BV7R41,114.1017,22.582701,1099
粤BV7R41,114.101799,22.582701,1101
粤BV7R41,114.1017,22.582701,1101
粤BV7R41,114.101601,22.582701,1103
粤BV7R41,114.101601,22.582701,1104
粤BV7R41,114.101601,22.582701,1105
粤BV7R41,114.101601,22.582701,1105
粤BV7R41,114.101601,22.582701,1106
粤BV7R41,114.1017,22.582701,1106
粤BV7R41,114.1017,22.582701,1106
粤BV7R41,114.1017,22.582701,1108
粤BV7R41,114.1017,22.582701,1109
粤BV7R41,114.1017,22.582701,1109
粤BV7R41,114.101097,22.5828,1112
粤BV7R41,114.101097,22.5828,1115
粤BV7R41,114.101097,22.5828,1115
粤BV7R41,114.101097,22.5828,1115
粤BV7R41,114.101097,22.5828,1116
粤BV7R41,114.101097,22.5828,1116
粤BV7R41,114.101097,22.5828,1116
粤BV7R41,114.101097,22.5828,1118
粤BV7R41,114.101097,22.5828,1119
粤BV7R41,114.101501,22.5828,1120
粤BV7R41,114.101097,22.5828,1120
粤BV7R41,114.101501,22.5828,1122
粤BV7R41,114.101501,22.5828,1122
粤BV7R41,114.101402,22.582701,1125
粤BV7R41,114.101402,22.582701,1126
粤BV7R41,114.101402,22.582701,1126
粤BV7R41,114.101402,22.582701,1126
粤BV7R41,114.101402,22.582701,1127
粤BV7R41,114.101402,22.582701,1128
粤BV7R41,114.101402,22.582701,1129
粤BV7R41,114.101402,22.582701,1129
粤BV7R41,114.101402,22.582701,1130
粤BV7R41,114.101501,22.582701,1130
粤BV7R41,114.101501,22.582701,1132
粤BV7R41,114.101501,22.582701,1133
粤BV7R41,114.101501,22.582701,1133
粤BV7R41,114.101501,22.582701,1134
粤BV7R41,114.101501,22.582701,1135
粤BV7R41,114.101501,22.582701,1136
粤BV7R41,114.101501,22.582701,1136
粤BV7R41,114.101501,22.582701,1142
粤BV7R41,114.101402,22.5825,1146
粤BV7R41,114.101402,22.5825,1146
粤BV7R41,114.101402,22.5825,1147
粤BV7R41,114.101402,22.5825,1147
粤BV7R41,114.101402,22.5825,1147
粤BV7R41,114.101402,22.5825,1148
粤BV7R41,114.1017,22.5826,1150
粤BV7R41,114.1017,22.5826,1150
粤BV7R41,114.101196,22.582399,1151
粤BV7R41,114.101196,22.582399,1152
粤BV7R41,114.101402,22.5828,1154
粤BV7R41,114.101402,22.5828,1155
粤BV7R41,114.101402,22.5828,1157
粤BV7R41,114.101402,22.5828,1157
粤BV7R41,114.101402,22.5825,1158
粤BV7R41,114.101402,22.5825,1158
粤BV7R41,114.101402,22.5825,1158
粤BV7R41,114.100403,22.5818,1161
粤BV7R41,114.100403,22.5818,1161
粤BV7R41,114.1007,22.582199,1162
粤BV7R41,114.101196,22.5825,1162
粤BV7R41,114.100304,22.5818,1162
粤BV7R41,114.100304,22.5818,1163
粤BV7R41,114.1008,22.5826,1165
粤BV7R41,114.100998,22.582399,1165
粤BV7R41,114.1007,22.5821,1166
粤BV7R41,114.1008,22.5826,1166
粤BV7R41,114.1008,22.5826,1166
粤BV7R41,114.100403,22.582199,1167
粤BV7R41,114.100304,22.5819,1167
粤BV7R41,114.101501,22.5826,1172
粤BV7R41,114.101501,22.5826,1172
粤BV7R41,114.101196,22.5825,1174
粤BV7R41,114.101196,22.5825,1174
粤BV7R41,114.101196,22.5825,1174
粤BV7R41,114.100998,22.582399,1175
粤BV7R41,114.101097,22.582399,1175
粤BV7R41,114.100304,22.582001,1175
粤BV7R41,114.096199,22.579901,1177
粤BV7R41,114.0961,22.579901,1178
粤BV7R41,114.095497,22.579599,1178
粤BV7R41,114.0951,22.5795,1179
粤BV7R41,114.097801,22.580999,1181
粤BV7R41,114.097801,22.580999,1181
粤BV7R41,114.097801,22.580999,1182
粤BV7R41,114.097801,22.580999,1182
粤BV7R41,114.101402,22.5828,1185
粤BV7R41,114.101402,22.5828,1186
粤BV7R41,114.101402,22.5828,1186
粤BV7R41,114.101402,22.582701,1190
粤BV7R41,114.101402,22.582701,1190
粤BV7R41,114.101402,22.582701,1190
粤BV7R41,114.101402,22.582701,1191
粤BV7R41,114.101402,22.582701,1191
粤BV7R41,114.101402,22.582701,1194
粤BV7R41,114.101402,22.582701,1194
粤BV7R41,114.101402,22.582701,1194
粤BV7R41,114.1017,22.582899,1195
粤BV7R41,114.101402,22.582701,1195
粤BV7R41,114.101601,22.5828,1197
粤BV7R41,114.101601,22.5828,1197
粤BV7R41,114.101601,22.5828,1198
粤BV7R41,114.101601,22.5828,1198
粤BV7R41,114.100403,22.5823,1203
粤BV7R41,114.101601,22.5828,1204
粤BV7R41,114.1007,22.5825,1205
粤BV7R41,114.1007,22.5825,1205
粤BV7R41,114.1007,22.5825,1206
粤BV7R41,114.101303,22.5825,1207
粤BV7R41,114.101303,22.5825,1208
粤BV7R41,114.101303,22.5825,1208
粤BV7R41,114.101303,22.5825,1209
粤BV7R41,114.101303,22.5825,1209
粤BV7R41,114.101303,22.5825,1210
粤BV7R41,114.101303,22.5825,1212
粤BV7R41,114.101303,22.5825,1213
粤BV7R41,114.101303,22.5825,1213
粤BV7R41,114.101303,22.5825,1214
粤BV7R41,114.101303,22.5825,1215
粤BV7R41,114.101303,22.5825,1215
粤BV7R41,114.101303,22.5825,1215
粤BV7R41,114.101303,22.5825,1216
粤BV7R41,114.101303,22.5825,1216
粤BV7R41,114.1017,22.582701,1221
粤BV7R41,114.1017,22.582701,1221
粤BV7R41,114.101501,22.582701,1222
粤BV7R41,114.101501,22.5826,1222
粤BV7R41,114.101402,22.5825,1224
粤BV7R41,114.101402,22.5825,1224
粤BV7R41,114.100998,22.5826,1227
粤BV7R41,114.100998,22.5826,1228
粤BV7R41,114.100998,22.5826,1228
粤BV7R41,114.101501,22.5825,1229
粤BV7R41,114.101501,22.5825,1231
粤BV7R41,114.101303,22.5828,1232
粤BV7R41,114.101303,22.582701,1234
粤BV7R41,114.101303,22.582701,1235
粤BV7R41,114.101303,22.582701,1235
粤BV7R41,114.101303,22.582701,1235
粤BV7R41,114.101303,22.582701,1236
粤BV7R41,114.101303,22.582701,1236
粤BV7R41,114.101097,22.5826,1238
粤BV7R41,114.101097,22.5826,1238
粤BV7R41,114.101097,22.5826,1238
粤BV7R41,114.101303,22.5826,1239
粤BV7R41,114.101303,22.5826,1239
粤BV7R41,114.101303,22.5826,1240
粤BV7R41,114.101303,22.5826,1241
粤BV7R41,114.101303,22.5826,1241
粤BV7R41,114.101303,22.5826,1242
粤BV7R41,114.101303,22.5826,1242
粤BV7R41,114.101303,22.5826,1245
粤BV7R41,114.101303,22.5826,1245
粤BV7R41,114.101303,22.5826,1245
粤BV7R41,114.101303,22.5826,1246
粤BV7R41,114.1017,22.582701,1249
粤BV7R41,114.1017,22.582701,1251
粤BV7R41,114.1017,22.582701,1252
粤BV7R41,114.101196,22.582399,1253
粤BV7R41,114.101303,22.5826,1255
粤BV7R41,114.101303,22.5826,1256
粤BV7R41,114.101501,22.5825,1256
粤BV7R41,114.101501,22.5825,1257
粤BV7R41,114.101501,22.582199,1260
粤BV7R41,114.101402,22.5823,1260
粤BV7R41,114.101601,22.5819,1261
粤BV7R41,114.101501,22.5821,1261
粤BV7R41,114.101501,22.581499,1263
粤BV7R41,114.101601,22.581699,1263
粤BV7R41,114.101097,22.582001,1264
粤BV7R41,114.100998,22.5823,1265
粤BV7R41,114.101196,22.582399,1265
粤BV7R41,114.099602,22.5821,1267
粤BV7R41,114.099098,22.5819,1267
粤BV7R41,114.099998,22.5818,1269
粤BV7R41,114.099998,22.5818,1269
粤BV7R41,114.101501,22.582701,1271
粤BV7R41,114.101501,22.582701,1271
粤BV7R41,114.101601,22.582701,1272
粤BV7R41,114.101601,22.582701,1272
粤BV7R41,114.101601,22.582701,1272
粤BV7R41,114.101402,22.582701,1275
粤BV7R41,114.101402,22.582701,1275
粤BV7R41,114.101402,22.582701,1276
粤BV7R41,114.101501,22.582701,1278
粤BV7R41,114.101501,22.582701,1278
粤BV7R41,114.101501,22.582701,1278
粤BV7R41,114.101601,22.582701,1279
粤BV7R41,114.101799,22.5828,1279
粤BV7R41,114.101402,22.5826,1281
粤BV7R41,114.101501,22.5826,1282
粤BV7R41,114.101402,22.5826,1282
粤BV7R41,114.101501,22.5826,1282
粤BV7R41,114.101303,22.5826,1285
粤BV7R41,114.101303,22.5826,1285
粤BV7R41,114.101303,22.5826,1285
粤BV7R41,114.101303,22.5826,1286
粤BV7R41,114.101303,22.5826,1287
粤BV7R41,114.101402,22.582701,1288
粤BV7R41,114.101501,22.582701,1288
粤BV7R41,114.101402,22.582701,1289
粤BV7R41,114.101402,22.582701,1289
粤BV7R41,114.101501,22.5826,1291
粤BV7R41,114.101501,22.5826,1293
粤BV7R41,114.101501,22.5826,1293
粤BV7R41,114.101601,22.582701,1294
粤BV7R41,114.101601,22.582701,1295
粤BV7R41,114.101601,22.582701,1296
粤BV7R41,114.101601,22.582701,1296
粤BV7R41,114.101402,22.582701,1298
粤BV7R41,114.100998,22.5828,1298
粤BV7R41,114.100998,22.5828,1299
粤BV7R41,114.100998,22.5828,1299
粤BV7R41,114.100899,22.582701,1302
粤BV7R41,114.100899,22.582701,1302
粤BV7R41,114.100899,22.582701,1303
粤BV7R41,114.100899,22.582701,1308
粤BV7R41,114.100899,22.582701,1309
粤BV7R41,114.101303,22.5826,1309
粤BV7R41,114.101303,22.5826,1310
粤BV7R41,114.101303,22.5826,1310
粤BV7R41,114.1008,22.5832,1311
粤BV7R41,114.1008,22.5832,1311
粤BV7R41,114.101196,22.582701,1311
粤BV7R41,114.101601,22.582399,1313
粤BV7R41,114.101501,22.5825,1314
粤BV7R41,114.101501,22.5825,1314
粤BV7R41,114.101501,22.5825,1314
粤BV7R41,114.101501,22.5825,1315
粤BV7R41,114.1008,22.582899,1317
粤BV7R41,114.1008,22.582899,1317
粤BV7R41,114.1008,22.582899,1318
粤BV7R41,114.1008,22.582899,1318
粤BV7R41,114.101196,22.582701,1326
粤BV7R41,114.101196,22.582701,1326
粤BV7R41,114.101196,22.582701,1327
粤BV7R41,114.0998,22.5828,1331
粤BV7R41,114.0998,22.5828,1332
粤BV7R41,114.0998,22.5828,1332
粤BV7R41,114.101402,22.5826,1333
粤BV7R41,114.101303,22.5826,1334
粤BV7R41,114.101303,22.5826,1334
粤BV7R41,114.101303,22.5826,1335
粤BV7R41,114.101303,22.5826,1335
粤BV7R41,114.101501,22.5825,1337
粤BV7R41,114.101501,22.5825,1337
粤BV7R41,114.101501,22.5825,1337
粤BV7R41,114.101501,22.5825,1338
粤BV7R41,114.101501,22.5825,1339
粤BV7R41,114.101501,22.5825,1340
粤BV7R41,114.100304,22.583099,1341
粤BV7R41,114.101501,22.5825,1341
粤BV7R41,114.100304,22.583099,1342
粤BV7R41,114.100304,22.583099,1342
粤BV7R41,114.100304,22.583099,1342
粤BV7R41,114.100899,22.582701,1344
粤BV7R41,114.100304,22.583099,1344
粤BV7R41,114.100197,22.5826,1345
粤BV7R41,114.100197,22.5826,1345
粤BV7R41,114.100197,22.5826,1345
粤BV7R41,114.098602,22.582701,1346
粤BV7R41,114.100197,22.5826,1346
粤BV7R41,114.098198,22.5825,1348
粤BV7R41,114.098198,22.5825,1349
粤BV7R41,114.098198,22.5825,1349
粤BV7R41,114.098198,22.5825,1349
粤BV7R41,114.098198,22.5825,1350
粤BV7R41,114.100899,22.582701,1358
粤BV7R41,114.100899,22.582701,1358
粤BV7R41,114.100403,22.583401,1358
粤BV7R41,114.100899,22.582701,1358
粤BV7R41,114.100403,22.583401,1359
粤BV7R41,114.099998,22.583401,1359
粤BV7R41,114.096001,22.580999,1364
粤BV7R41,114.096001,22.580999,1364
粤BV7R41,114.096001,22.580999,1364
粤BV7R41,114.082001,22.600401,1365
粤BV7R41,114.082001,22.600401,1365
粤BV7R41,114.082001,22.600401,1365
粤BV7R41,114.096001,22.580999,1365
粤BV7R41,114.078499,22.604099,1366
粤BV7R41,114.078499,22.604099,1366
粤BV7R41,114.078499,22.604099,1366
粤BV7R41,114.079903,22.602501,1366
粤BV7R41,114.077797,22.5945,1368
粤BV7R41,114.078102,22.594101,1368
粤BV7R41,114.078102,22.594101,1369
粤BV7R41,114.078102,22.594101,1369
粤BV7R41,114.078102,22.594101,1369
粤BV7R41,114.078102,22.594101,1369
粤BV7R41,114.078102,22.594101,1372
粤BV7R41,114.078102,22.594101,1372
粤BV7R41,114.096298,22.583799,1376
粤BV7R41,114.091698,22.5851,1377
粤BV7R41,114.091698,22.5851,1377
粤BV7R41,114.095596,22.583799,1377
粤BV7R41,114.091698,22.5851,1377
粤BV7R41,114.091698,22.5851,1377
粤BV7R41,114.091698,22.5851,1377
粤BV7R41,114.091698,22.5851,1377
粤BV7R41,114.095596,22.583799,1377
粤BV7R41,114.091698,22.5851,1377
粤BV7R41,114.095596,22.583799,1377
粤BV7R41,114.0877,22.5867,1378
粤BV7R41,114.077103,22.591101,1380
粤BV7R41,114.077103,22.591101,1380
粤BV7R41,114.077103,22.591101,1380
粤BV7R41,114.077103,22.591101,1380
粤BV7R41,114.077103,22.591101,1381
粤BV7R41,114.077103,22.591101,1381
粤BV7R41,114.077103,22.591101,1381
粤BV7R41,114.077103,22.591101,1382
粤BV7R41,114.077103,22.591101,1383
粤BV7R41,114.077103,22.591101,1383
粤BV7R41,114.077103,22.591101,1384
粤BV7R41,114.077103,22.591101,1384
粤BV7R41,114.077103,22.591101,1384
粤BV7R41,114.077103,22.591101,1384
粤BV7R41,114.077103,22.591101,1385
粤BV7R41,114.077103,22.591101,1386
粤BV7R41,114.077103,22.591101,1386
粤BV7R41,114.097397,22.5819,1387
粤BV7R41,114.097397,22.5819,1387
粤BV7R41,114.097397,22.5819,1388
粤BV7R41,114.097397,22.5819,1388
粤BV7R41,114.101501,22.582701,1390
粤BV7R41,114.101501,22.582701,1391
粤BV7R41,114.101501,22.582701,1391
粤BV7R41,114.101501,22.582701,1391
粤BV7R41,114.101501,22.582701,1392
粤BV7R41,114.101501,22.582701,1393
粤BV7R41,114.101501,22.582701,1393
粤BV7R41,114.101501,22.582701,1394
粤BV7R41,114.101501,22.582701,1394
粤BV7R41,114.101501,22.582701,1394
粤BV7R41,114.101501,22.582701,1395
粤BV7R41,114.101501,22.582701,1397
粤BV7R41,114.101898,22.5825,1398
粤BV7R41,114.101097,22.583,1398
粤BV7R41,114.101097,22.583,1399
粤BV7R41,114.101097,22.583,1401
粤BV7R41,114.101097,22.583,1402
粤BV7R41,114.101501,22.582701,1404
粤BV7R41,114.101501,22.582701,1404
粤BV7R41,114.101501,22.582701,1405
粤BV7R41,114.101501,22.582701,1406
粤BV7R41,114.101501,22.582701,1406
粤BV7R41,114.101501,22.582701,1410
粤BV7R41,114.101501,22.582701,1411
粤BV7R41,114.101501,22.582701,1411
粤BV7R41,114.101501,22.582701,1412
粤BV7R41,114.101501,22.582701,1413
粤BV7R41,114.101501,22.582701,1413
粤BV7R41,114.101501,22.582701,1413
粤BV7R41,114.101501,22.582701,1414
粤BV7R41,114.101501,22.582701,1414
粤BV7R41,114.101501,22.582701,1415
粤BV7R41,114.101501,22.582701,1415
粤BV7R41,114.101501,22.582701,1415
粤BV7R41,114.101501,22.582701,1416
粤BV7R41,114.101501,22.582701,1416
粤BV7R41,114.101501,22.582701,1418
粤BV7R41,114.101501,22.582701,1419
粤BV7R41,114.101501,22.582701,1419
粤BV7R41,114.101501,22.582701,1422
粤BV7R41,114.101501,22.582701,1422
粤BV7R41,114.101501,22.582701,1422
粤BV7R41,114.101501,22.582701,1423
粤BV7R41,114.101501,22.582701,1423
粤BV7R41,114.101501,22.582701,1425
粤BV7R41,114.101501,22.582701,1425
粤BV7R41,114.101501,22.582701,1426
粤BV7R41,114.101501,22.582701,1427
粤BV7R41,114.101501,22.582701,1427
粤BV7R41,114.101501,22.582701,1430
粤BV7R41,114.101501,22.582701,1430
粤BV7R41,114.101501,22.582701,1430
粤BV7R41,114.101501,22.582701,1431
粤BV7R41,114.101501,22.582701,1432
粤BV7R41,114.101501,22.582701,1432
粤BV7R41,114.101501,22.582701,1433
粤BV7R41,114.101501,22.582701,1433
粤BV7R41,114.101501,22.582701,1433
