粤BZ6Z12,113.958,22.573999,7
粤BZ6Z12,113.958,22.573999,10
粤BZ6Z12,113.958,22.573999,10
粤BZ6Z12,113.958,22.573999,13
粤BZ6Z12,113.958,22.573999,13
粤BZ6Z12,113.958,22.573999,14
粤BZ6Z12,113.958,22.573999,14
粤BZ6Z12,113.958,22.573999,15
粤BZ6Z12,113.958,22.573999,16
粤BZ6Z12,113.958,22.573999,17
粤BZ6Z12,113.958,22.573999,20
粤BZ6Z12,113.958,22.573999,20
粤BZ6Z12,113.958,22.573999,20
粤BZ6Z12,113.958,22.573999,21
粤BZ6Z12,113.958,22.573999,24
粤BZ6Z12,113.958,22.573999,24
粤BZ6Z12,113.958,22.573999,24
粤BZ6Z12,113.958,22.573999,25
粤BZ6Z12,113.958,22.573999,25
粤BZ6Z12,113.958,22.573999,25
粤BZ6Z12,113.958,22.573999,27
粤BZ6Z12,113.958,22.573999,27
粤BZ6Z12,113.958,22.573999,28
粤BZ6Z12,113.958,22.573999,28
粤BZ6Z12,113.958,22.573999,28
粤BZ6Z12,113.958,22.573999,29
粤BZ6Z12,113.958,22.573999,31
粤BZ6Z12,113.958,22.573999,31
粤BZ6Z12,113.958,22.573999,32
粤BZ6Z12,113.958,22.573999,32
粤BZ6Z12,113.958,22.573999,32
粤BZ6Z12,113.958,22.573999,33
粤BZ6Z12,113.958,22.573999,34
粤BZ6Z12,113.958,22.573999,35
粤BZ6Z12,113.958,22.573999,35
粤BZ6Z12,113.958,22.573999,36
粤BZ6Z12,113.958,22.573999,36
粤BZ6Z12,113.958,22.573999,38
粤BZ6Z12,113.958,22.573999,38
粤BZ6Z12,113.958,22.573999,38
粤BZ6Z12,113.958,22.573999,39
粤BZ6Z12,113.958,22.573999,39
粤BZ6Z12,113.958,22.573999,39
粤BZ6Z12,113.958,22.573999,40
粤BZ6Z12,113.958,22.573999,41
粤BZ6Z12,113.958,22.573999,42
粤BZ6Z12,113.958,22.573999,43
粤BZ6Z12,113.958,22.573999,45
粤BZ6Z12,113.958,22.573999,46
粤BZ6Z12,113.958,22.573999,46
粤BZ6Z12,113.958,22.573999,47
粤BZ6Z12,113.958,22.573999,49
粤BZ6Z12,113.958,22.573999,50
粤BZ6Z12,113.958,22.573999,50
粤BZ6Z12,113.958,22.573999,52
粤BZ6Z12,113.958,22.573999,52
粤BZ6Z12,113.958,22.573999,52
粤BZ6Z12,113.958,22.573999,53
粤BZ6Z12,113.958,22.573999,53
粤BZ6Z12,113.958,22.573999,53
粤BZ6Z12,113.958,22.573999,54
粤BZ6Z12,113.958,22.573999,55
粤BZ6Z12,113.958,22.573999,56
粤BZ6Z12,113.958,22.573999,56
粤BZ6Z12,113.958,22.573999,57
粤BZ6Z12,113.958,22.573999,57
粤BZ6Z12,113.958,22.573999,57
粤BZ6Z12,113.958,22.573999,59
粤BZ6Z12,113.958,22.573999,59
粤BZ6Z12,113.958,22.573999,60
粤BZ6Z12,113.958,22.573999,61
粤BZ6Z12,113.958,22.573999,61
粤BZ6Z12,113.958,22.573999,63
粤BZ6Z12,113.958,22.573999,63
粤BZ6Z12,113.958,22.573999,64
粤BZ6Z12,113.958,22.573999,64
粤BZ6Z12,113.958,22.573999,65
粤BZ6Z12,113.958,22.573999,66
粤BZ6Z12,113.958,22.573999,67
粤BZ6Z12,113.958,22.573999,67
粤BZ6Z12,113.958,22.573999,68
粤BZ6Z12,113.958,22.573999,68
粤BZ6Z12,113.958,22.573999,70
粤BZ6Z12,113.958,22.573999,71
粤BZ6Z12,113.958,22.573999,71
粤BZ6Z12,113.958,22.573999,74
粤BZ6Z12,113.958,22.573999,75
粤BZ6Z12,113.958,22.573999,75
粤BZ6Z12,113.958,22.573999,77
粤BZ6Z12,113.958,22.573999,77
粤BZ6Z12,113.958,22.573999,78
粤BZ6Z12,113.958,22.573999,78
粤BZ6Z12,113.958,22.573999,79
粤BZ6Z12,113.958,22.573999,79
粤BZ6Z12,113.958,22.573999,80
粤BZ6Z12,113.958,22.573999,82
粤BZ6Z12,113.958,22.573999,84
粤BZ6Z12,113.958,22.573999,84
粤BZ6Z12,113.958,22.573999,85
粤BZ6Z12,113.958,22.573999,85
粤BZ6Z12,113.958,22.573999,85
粤BZ6Z12,113.958,22.573999,86
粤BZ6Z12,113.958,22.573999,87
粤BZ6Z12,113.958,22.573999,88
粤BZ6Z12,113.958,22.573999,88
粤BZ6Z12,113.958,22.573999,89
粤BZ6Z12,113.958,22.573999,91
粤BZ6Z12,113.958,22.573999,91
粤BZ6Z12,113.958,22.573999,92
粤BZ6Z12,113.958,22.573999,92
粤BZ6Z12,113.958,22.573999,93
粤BZ6Z12,113.958,22.573999,93
粤BZ6Z12,113.958,22.573999,95
粤BZ6Z12,113.958,22.573999,95
粤BZ6Z12,113.958,22.573999,95
粤BZ6Z12,113.958,22.573999,96
粤BZ6Z12,113.958,22.573999,98
粤BZ6Z12,113.958,22.573999,99
粤BZ6Z12,113.958,22.573999,99
粤BZ6Z12,113.958,22.573999,100
粤BZ6Z12,113.958,22.573999,102
粤BZ6Z12,113.958,22.573999,103
粤BZ6Z12,113.958,22.573999,103
粤BZ6Z12,113.958,22.573999,103
粤BZ6Z12,113.958,22.573999,104
粤BZ6Z12,113.958,22.573999,106
粤BZ6Z12,113.958,22.573999,106
粤BZ6Z12,113.958,22.573999,107
粤BZ6Z12,113.958,22.573999,107
粤BZ6Z12,113.958,22.573999,109
粤BZ6Z12,113.958,22.573999,110
粤BZ6Z12,113.958,22.573999,110
粤BZ6Z12,113.958,22.573999,111
粤BZ6Z12,113.958,22.573999,113
粤BZ6Z12,113.958,22.573999,113
粤BZ6Z12,113.958,22.573999,113
粤BZ6Z12,113.958,22.573999,114
粤BZ6Z12,113.958,22.573999,116
粤BZ6Z12,113.958,22.573999,116
粤BZ6Z12,113.958,22.573999,117
粤BZ6Z12,113.958,22.573999,118
粤BZ6Z12,113.958,22.573999,120
粤BZ6Z12,113.958,22.573999,120
粤BZ6Z12,113.958,22.573999,120
粤BZ6Z12,113.958,22.573999,121
粤BZ6Z12,113.958,22.573999,121
粤BZ6Z12,113.958,22.573999,122
粤BZ6Z12,113.958,22.573999,124
粤BZ6Z12,113.958,22.573999,124
粤BZ6Z12,113.958,22.573999,125
粤BZ6Z12,113.958,22.573999,128
粤BZ6Z12,113.958,22.573999,129
粤BZ6Z12,113.958,22.573999,129
粤BZ6Z12,113.958,22.573999,129
粤BZ6Z12,113.958,22.573999,131
粤BZ6Z12,113.958,22.573999,131
粤BZ6Z12,113.958,22.573999,132
粤BZ6Z12,113.958,22.573999,135
粤BZ6Z12,113.958,22.573999,135
粤BZ6Z12,113.958,22.573999,136
粤BZ6Z12,113.958,22.573999,137
粤BZ6Z12,113.958,22.573999,138
粤BZ6Z12,113.958,22.573999,139
粤BZ6Z12,113.958,22.573999,139
粤BZ6Z12,113.958,22.573999,140
粤BZ6Z12,113.958,22.573999,142
粤BZ6Z12,113.958,22.573999,142
粤BZ6Z12,113.958,22.573999,143
粤BZ6Z12,113.958,22.573999,143
粤BZ6Z12,113.958,22.573999,144
粤BZ6Z12,113.958,22.573999,146
粤BZ6Z12,113.958,22.573999,146
粤BZ6Z12,113.958,22.573999,147
粤BZ6Z12,113.958,22.573999,147
粤BZ6Z12,113.958,22.573999,148
粤BZ6Z12,113.958,22.573999,150
粤BZ6Z12,113.958,22.573999,150
粤BZ6Z12,113.958,22.573999,150
粤BZ6Z12,113.958,22.573999,151
粤BZ6Z12,113.958,22.573999,151
粤BZ6Z12,113.958,22.573999,152
粤BZ6Z12,113.958,22.573999,154
粤BZ6Z12,113.958,22.573999,155
粤BZ6Z12,113.958,22.573999,157
粤BZ6Z12,113.958,22.573999,157
粤BZ6Z12,113.958,22.573999,158
粤BZ6Z12,113.958,22.573999,158
粤BZ6Z12,113.958,22.573999,158
粤BZ6Z12,113.958,22.573999,159
粤BZ6Z12,113.958,22.573999,161
粤BZ6Z12,113.958,22.573999,162
粤BZ6Z12,113.958,22.573999,162
粤BZ6Z12,113.958,22.573999,163
粤BZ6Z12,113.958,22.573999,165
粤BZ6Z12,113.958,22.573999,165
粤BZ6Z12,113.958,22.573999,165
粤BZ6Z12,113.958,22.573999,166
粤BZ6Z12,113.958,22.573999,166
粤BZ6Z12,113.958,22.573999,168
粤BZ6Z12,113.958,22.573999,170
粤BZ6Z12,113.958,22.573999,170
粤BZ6Z12,113.958,22.573999,170
粤BZ6Z12,113.958,22.573999,172
粤BZ6Z12,113.958,22.573999,173
粤BZ6Z12,113.958,22.573999,174
粤BZ6Z12,113.958,22.573999,174
粤BZ6Z12,113.958,22.573999,174
粤BZ6Z12,113.958,22.573999,176
粤BZ6Z12,113.958,22.573999,177
粤BZ6Z12,113.958,22.573999,178
粤BZ6Z12,113.958,22.573999,180
粤BZ6Z12,113.958,22.573999,181
粤BZ6Z12,113.958,22.573999,182
粤BZ6Z12,113.958,22.573999,191
粤BZ6Z12,113.958,22.573999,192
粤BZ6Z12,113.958,22.573999,192
粤BZ6Z12,113.958,22.573999,192
粤BZ6Z12,113.958,22.573999,193
粤BZ6Z12,113.958,22.573999,193
粤BZ6Z12,113.958,22.573999,195
粤BZ6Z12,113.958,22.573999,195
粤BZ6Z12,113.958,22.573999,196
粤BZ6Z12,113.958,22.573999,196
粤BZ6Z12,113.958,22.573999,197
粤BZ6Z12,113.958,22.573999,198
粤BZ6Z12,113.958,22.573999,199
粤BZ6Z12,113.958,22.573999,199
粤BZ6Z12,113.958,22.573999,200
粤BZ6Z12,113.958,22.573999,200
粤BZ6Z12,113.958,22.573999,200
粤BZ6Z12,113.958,22.573999,203
粤BZ6Z12,113.958,22.573999,203
粤BZ6Z12,113.958,22.573999,204
粤BZ6Z12,113.958,22.573999,204
粤BZ6Z12,113.958,22.573999,206
粤BZ6Z12,113.958,22.573999,206
粤BZ6Z12,113.958,22.573999,207
粤BZ6Z12,113.958,22.573999,207
粤BZ6Z12,113.958,22.573999,208
粤BZ6Z12,113.958,22.573999,208
粤BZ6Z12,113.958,22.573999,210
粤BZ6Z12,113.958,22.573999,210
粤BZ6Z12,113.958,22.573999,211
粤BZ6Z12,113.958,22.573999,211
粤BZ6Z12,113.958,22.573999,212
粤BZ6Z12,113.958,22.573999,214
粤BZ6Z12,113.958,22.573999,214
粤BZ6Z12,113.958,22.573999,215
粤BZ6Z12,113.958,22.573999,217
粤BZ6Z12,113.958,22.573999,217
粤BZ6Z12,113.958,22.573999,218
粤BZ6Z12,113.958,22.573999,218
粤BZ6Z12,113.958,22.573999,218
粤BZ6Z12,113.958,22.573999,219
粤BZ6Z12,113.958,22.573999,222
粤BZ6Z12,113.958,22.573999,222
粤BZ6Z12,113.958,22.573999,222
粤BZ6Z12,113.958,22.573999,223
粤BZ6Z12,113.958,22.573999,223
粤BZ6Z12,113.958,22.573999,225
粤BZ6Z12,113.958,22.573999,226
粤BZ6Z12,113.958,22.573999,226
粤BZ6Z12,113.958,22.573999,226
粤BZ6Z12,113.958,22.573999,227
粤BZ6Z12,113.958,22.573999,229
粤BZ6Z12,113.958,22.573999,229
粤BZ6Z12,113.958,22.573999,229
粤BZ6Z12,113.958,22.573999,230
粤BZ6Z12,113.958,22.573999,230
粤BZ6Z12,113.958,22.573999,232
粤BZ6Z12,113.958,22.573999,232
粤BZ6Z12,113.958,22.573999,233
粤BZ6Z12,113.958,22.573999,234
粤BZ6Z12,113.958,22.573999,236
粤BZ6Z12,113.958,22.573999,236
粤BZ6Z12,113.958,22.573999,237
粤BZ6Z12,113.958,22.573999,238
粤BZ6Z12,113.958,22.573999,238
粤BZ6Z12,113.958,22.573999,240
粤BZ6Z12,113.958,22.573999,240
粤BZ6Z12,113.958,22.573999,241
粤BZ6Z12,113.958,22.573999,242
粤BZ6Z12,113.958,22.573999,244
粤BZ6Z12,113.958,22.573999,244
粤BZ6Z12,113.958,22.573999,245
粤BZ6Z12,113.958,22.573999,245
粤BZ6Z12,113.958,22.573999,246
粤BZ6Z12,113.958,22.573999,247
粤BZ6Z12,113.958,22.573999,248
粤BZ6Z12,113.958,22.573999,249
粤BZ6Z12,113.958,22.573999,251
粤BZ6Z12,113.958,22.573999,251
粤BZ6Z12,113.958,22.573999,252
粤BZ6Z12,113.958,22.573999,252
粤BZ6Z12,113.958,22.573999,253
粤BZ6Z12,113.958,22.573999,255
粤BZ6Z12,113.958,22.573999,255
粤BZ6Z12,113.958,22.573999,255
粤BZ6Z12,113.958,22.573999,256
粤BZ6Z12,113.958,22.573999,258
粤BZ6Z12,113.958,22.573999,259
粤BZ6Z12,113.958,22.573999,260
粤BZ6Z12,113.958,22.573999,260
粤BZ6Z12,113.958,22.573999,260
粤BZ6Z12,113.958,22.573999,262
粤BZ6Z12,113.958,22.573999,263
粤BZ6Z12,113.958,22.573999,263
粤BZ6Z12,113.958,22.573999,264
粤BZ6Z12,113.958,22.573999,266
粤BZ6Z12,113.958,22.573999,267
粤BZ6Z12,113.958,22.573999,267
粤BZ6Z12,113.958,22.573999,268
粤BZ6Z12,113.958,22.573999,268
粤BZ6Z12,113.958,22.573999,270
粤BZ6Z12,113.958,22.573999,271
粤BZ6Z12,113.958,22.573999,272
粤BZ6Z12,113.958,22.573999,274
粤BZ6Z12,113.958,22.573999,275
粤BZ6Z12,113.958,22.573999,275
粤BZ6Z12,113.958,22.573999,275
粤BZ6Z12,113.958,22.573999,277
粤BZ6Z12,113.958,22.573999,277
粤BZ6Z12,113.958,22.573999,278
粤BZ6Z12,113.958,22.573999,279
粤BZ6Z12,113.958,22.573999,279
粤BZ6Z12,113.958,22.573999,279
粤BZ6Z12,113.958,22.573999,281
粤BZ6Z12,113.958,22.573999,282
粤BZ6Z12,113.958,22.573999,282
粤BZ6Z12,113.958,22.573999,283
粤BZ6Z12,113.958,22.573999,286
粤BZ6Z12,113.958,22.573999,286
粤BZ6Z12,113.958,22.573999,286
粤BZ6Z12,113.958,22.573999,287
粤BZ6Z12,113.958,22.573999,289
粤BZ6Z12,113.958,22.573999,289
粤BZ6Z12,113.958,22.573999,290
粤BZ6Z12,113.958,22.573999,290
粤BZ6Z12,113.958,22.573999,291
粤BZ6Z12,113.958,22.573999,293
粤BZ6Z12,113.958,22.573999,294
粤BZ6Z12,113.958,22.573999,297
粤BZ6Z12,113.958,22.573999,297
粤BZ6Z12,113.958,22.573999,297
粤BZ6Z12,113.958,22.573999,298
粤BZ6Z12,113.958,22.573999,298
粤BZ6Z12,113.958,22.573999,298
粤BZ6Z12,113.958,22.573999,301
粤BZ6Z12,113.958,22.573999,301
粤BZ6Z12,113.958,22.573999,302
粤BZ6Z12,113.958,22.573999,302
粤BZ6Z12,113.958,22.573999,304
粤BZ6Z12,113.958,22.573999,305
粤BZ6Z12,113.958,22.573999,305
粤BZ6Z12,113.958,22.573999,306
粤BZ6Z12,113.958,22.573999,306
粤BZ6Z12,113.958,22.573999,307
粤BZ6Z12,113.958,22.573999,309
粤BZ6Z12,113.958,22.573999,310
粤BZ6Z12,113.958,22.573999,311
粤BZ6Z12,113.958,22.573999,312
粤BZ6Z12,113.958,22.573999,313
粤BZ6Z12,113.958,22.573999,314
粤BZ6Z12,113.958,22.573999,314
粤BZ6Z12,113.958,22.573999,316
粤BZ6Z12,113.958,22.573999,316
粤BZ6Z12,113.958,22.573999,317
粤BZ6Z12,113.958,22.573999,317
粤BZ6Z12,113.958,22.573999,317
粤BZ6Z12,113.958,22.573999,318
粤BZ6Z12,113.958,22.573999,318
粤BZ6Z12,113.958,22.573999,320
粤BZ6Z12,113.958,22.573999,321
粤BZ6Z12,113.958,22.573999,323
粤BZ6Z12,113.958,22.573999,325
粤BZ6Z12,113.958,22.573999,325
粤BZ6Z12,113.958,22.573999,327
粤BZ6Z12,113.958,22.573999,327
粤BZ6Z12,113.958,22.573999,328
粤BZ6Z12,113.958,22.573999,328
粤BZ6Z12,113.958,22.573999,329
粤BZ6Z12,113.958,22.573999,331
粤BZ6Z12,113.958,22.573999,331
粤BZ6Z12,113.958,22.573999,332
粤BZ6Z12,113.958,22.573999,332
粤BZ6Z12,113.958,22.573999,335
粤BZ6Z12,113.958,22.573999,335
粤BZ6Z12,113.958,22.573999,336
粤BZ6Z12,113.958,22.573999,337
粤BZ6Z12,113.958,22.573999,339
粤BZ6Z12,113.958,22.573999,339
粤BZ6Z12,113.958,22.573999,340
粤BZ6Z12,113.958,22.573999,340
粤BZ6Z12,113.958,22.573999,342
粤BZ6Z12,113.958,22.573999,343
粤BZ6Z12,113.958,22.573999,343
粤BZ6Z12,113.958,22.573999,344
粤BZ6Z12,113.958,22.573999,344
粤BZ6Z12,113.958,22.573999,344
粤BZ6Z12,113.958,22.573999,345
粤BZ6Z12,113.958,22.573999,346
粤BZ6Z12,113.958,22.573999,347
粤BZ6Z12,113.958,22.573999,347
粤BZ6Z12,113.958,22.573999,348
粤BZ6Z12,113.958,22.573999,348
粤BZ6Z12,113.958,22.573999,350
粤BZ6Z12,113.958,22.573999,351
粤BZ6Z12,113.958,22.573999,351
粤BZ6Z12,113.958,22.573999,352
粤BZ6Z12,113.958,22.573999,352
粤BZ6Z12,113.958,22.573999,354
粤BZ6Z12,113.958,22.573999,355
粤BZ6Z12,113.958,22.573999,356
粤BZ6Z12,113.958,22.573999,358
粤BZ6Z12,113.958,22.573999,359
粤BZ6Z12,113.958,22.573999,359
粤BZ6Z12,113.958,22.573999,360
粤BZ6Z12,113.958,22.573999,360
粤BZ6Z12,113.958,22.573999,362
粤BZ6Z12,113.958,22.573999,364
粤BZ6Z12,113.958,22.573999,364
粤BZ6Z12,113.958,22.573999,366
粤BZ6Z12,113.958,22.573999,367
粤BZ6Z12,113.958,22.573999,368
粤BZ6Z12,113.958,22.573999,368
粤BZ6Z12,113.958,22.573999,370
粤BZ6Z12,113.958,22.573999,370
粤BZ6Z12,113.958,22.573999,371
粤BZ6Z12,113.958,22.573999,372
粤BZ6Z12,113.958,22.573999,372
粤BZ6Z12,113.958,22.573999,374
粤BZ6Z12,113.958,22.573999,374
粤BZ6Z12,113.958,22.573999,374
粤BZ6Z12,113.958,22.573999,375
粤BZ6Z12,113.958,22.573999,375
粤BZ6Z12,113.958,22.573999,375
粤BZ6Z12,113.958,22.573999,376
粤BZ6Z12,113.958,22.573999,378
粤BZ6Z12,113.958,22.573999,379
粤BZ6Z12,113.958,22.573999,379
粤BZ6Z12,113.958,22.573999,379
粤BZ6Z12,113.958,22.573999,380
粤BZ6Z12,113.958,22.573999,381
粤BZ6Z12,113.958,22.573999,382
粤BZ6Z12,113.958,22.573999,382
粤BZ6Z12,113.958,22.573999,382
粤BZ6Z12,113.958,22.573999,383
粤BZ6Z12,113.958,22.573999,383
粤BZ6Z12,113.958,22.573999,383
粤BZ6Z12,113.958,22.573999,384
粤BZ6Z12,113.958,22.573999,385
粤BZ6Z12,113.958,22.573999,386
粤BZ6Z12,113.958,22.573999,386
粤BZ6Z12,113.958,22.573999,386
粤BZ6Z12,113.958,22.573999,387
粤BZ6Z12,113.958,22.573999,389
粤BZ6Z12,113.958,22.573999,389
粤BZ6Z12,113.958,22.573999,390
粤BZ6Z12,113.958,22.573999,390
粤BZ6Z12,113.958,22.573999,391
粤BZ6Z12,113.958,22.573999,391
粤BZ6Z12,113.958,22.573999,391
粤BZ6Z12,113.958,22.573999,393
粤BZ6Z12,113.958,22.573999,394
粤BZ6Z12,113.958,22.573999,394
粤BZ6Z12,113.958,22.573999,395
粤BZ6Z12,113.958,22.573999,395
粤BZ6Z12,113.958,22.573999,397
粤BZ6Z12,113.958,22.573999,397
粤BZ6Z12,113.958,22.573999,398
粤BZ6Z12,113.958,22.573999,398
粤BZ6Z12,113.958,22.573999,398
粤BZ6Z12,113.958,22.573999,399
粤BZ6Z12,113.958,22.573999,400
粤BZ6Z12,113.958,22.573999,401
粤BZ6Z12,113.958,22.573999,401
粤BZ6Z12,113.958,22.573999,401
粤BZ6Z12,113.958,22.573999,402
粤BZ6Z12,113.958,22.573999,402
粤BZ6Z12,113.958,22.573999,404
粤BZ6Z12,113.958,22.573999,406
粤BZ6Z12,113.958,22.573999,406
粤BZ6Z12,113.958,22.573999,408
粤BZ6Z12,113.958,22.573999,408
粤BZ6Z12,113.958,22.573999,409
粤BZ6Z12,113.958,22.573999,409
粤BZ6Z12,113.958,22.573999,410
粤BZ6Z12,113.958,22.573999,413
粤BZ6Z12,113.958,22.573999,414
粤BZ6Z12,113.958,22.573999,417
粤BZ6Z12,113.958,22.573999,417
粤BZ6Z12,113.958,22.573999,418
粤BZ6Z12,113.958,22.573999,420
粤BZ6Z12,113.958,22.573999,421
粤BZ6Z12,113.958,22.573999,421
粤BZ6Z12,113.958,22.573999,422
粤BZ6Z12,113.958,22.573999,424
粤BZ6Z12,113.958,22.573999,424
粤BZ6Z12,113.958,22.573999,424
粤BZ6Z12,113.958,22.573999,425
粤BZ6Z12,113.958,22.573999,425
粤BZ6Z12,113.958,22.573999,426
粤BZ6Z12,113.958,22.573999,427
粤BZ6Z12,113.958,22.573999,428
粤BZ6Z12,113.958,22.573999,428
粤BZ6Z12,113.958,22.573999,428
粤BZ6Z12,113.958,22.573999,429
粤BZ6Z12,113.958,22.573999,429
粤BZ6Z12,113.958,22.573999,429
粤BZ6Z12,113.958,22.573999,431
粤BZ6Z12,113.958,22.573999,431
粤BZ6Z12,113.958,22.573999,432
粤BZ6Z12,113.958,22.573999,432
粤BZ6Z12,113.958,22.573999,432
粤BZ6Z12,113.958,22.573999,433
粤BZ6Z12,113.958,22.573999,435
粤BZ6Z12,113.958,22.573999,435
粤BZ6Z12,113.958,22.573999,435
粤BZ6Z12,113.958,22.573999,436
粤BZ6Z12,113.958,22.573999,436
粤BZ6Z12,113.958,22.573999,437
粤BZ6Z12,113.958,22.573999,439
粤BZ6Z12,113.958,22.573999,439
粤BZ6Z12,113.958,22.573999,439
粤BZ6Z12,113.958,22.573999,440
粤BZ6Z12,113.958,22.573999,440
粤BZ6Z12,113.958,22.573999,441
粤BZ6Z12,113.958,22.573999,442
粤BZ6Z12,113.958,22.573999,442
粤BZ6Z12,113.952599,22.5714,444
粤BZ6Z12,113.950798,22.571501,444
粤BZ6Z12,113.951202,22.568501,451
粤BZ6Z12,113.952202,22.566401,451
粤BZ6Z12,113.948898,22.5637,452
粤BZ6Z12,113.948898,22.5637,457
粤BZ6Z12,113.948799,22.5637,457
粤BZ6Z12,113.947098,22.5583,461
粤BZ6Z12,113.946198,22.557501,461
粤BZ6Z12,113.946198,22.557501,462
粤BZ6Z12,113.948799,22.5637,462
粤BZ6Z12,113.946198,22.557501,462
粤BZ6Z12,113.946198,22.557501,466
粤BZ6Z12,113.946198,22.557501,466
粤BZ6Z12,113.946198,22.557501,467
粤BZ6Z12,113.946198,22.557501,468
粤BZ6Z12,113.946198,22.557501,468
粤BZ6Z12,113.946198,22.557501,468
粤BZ6Z12,113.946198,22.557501,469
粤BZ6Z12,113.946198,22.557501,472
粤BZ6Z12,113.946198,22.557501,473
粤BZ6Z12,113.946198,22.557501,474
粤BZ6Z12,113.946198,22.557501,475
粤BZ6Z12,113.946198,22.557501,475
粤BZ6Z12,113.946198,22.557501,475
粤BZ6Z12,113.946198,22.557501,476
粤BZ6Z12,113.946198,22.557501,476
粤BZ6Z12,113.946198,22.557501,478
粤BZ6Z12,113.946198,22.557501,479
粤BZ6Z12,113.946198,22.557501,479
粤BZ6Z12,113.946198,22.557501,480
粤BZ6Z12,113.946198,22.557501,480
粤BZ6Z12,113.946198,22.557501,486
粤BZ6Z12,113.946198,22.557501,486
粤BZ6Z12,113.946198,22.557501,486
粤BZ6Z12,113.946198,22.557501,487
粤BZ6Z12,113.946198,22.557501,487
粤BZ6Z12,113.946198,22.557501,487
粤BZ6Z12,113.946198,22.557501,488
粤BZ6Z12,113.946198,22.557501,489
粤BZ6Z12,113.946198,22.557501,490
粤BZ6Z12,113.946198,22.557501,490
粤BZ6Z12,113.946198,22.557501,490
粤BZ6Z12,113.946198,22.557501,491
粤BZ6Z12,113.946198,22.557501,491
粤BZ6Z12,113.946198,22.557501,494
粤BZ6Z12,113.946198,22.557501,494
粤BZ6Z12,113.946198,22.557501,495
粤BZ6Z12,113.946198,22.557501,495
粤BZ6Z12,113.946198,22.557501,497
粤BZ6Z12,113.946198,22.557501,497
粤BZ6Z12,113.946198,22.557501,498
粤BZ6Z12,113.946198,22.557501,499
粤BZ6Z12,113.947304,22.561899,500
粤BZ6Z12,113.947502,22.561001,500
粤BZ6Z12,113.962303,22.5567,501
粤BZ6Z12,113.9767,22.5569,505
粤BZ6Z12,114.024803,22.560801,506
粤BZ6Z12,113.991501,22.558001,506
粤BZ6Z12,114.029701,22.561701,507
粤BZ6Z12,114.033997,22.562401,507
粤BZ6Z12,114.024803,22.560801,513
粤BZ6Z12,114.029701,22.561701,514
粤BZ6Z12,114.039803,22.5634,514
粤BZ6Z12,114.057602,22.566,515
粤BZ6Z12,114.065804,22.566799,516
粤BZ6Z12,114.057602,22.566,522
粤BZ6Z12,114.060799,22.5625,524
粤BZ6Z12,114.058197,22.562401,524
粤BZ6Z12,114.065804,22.566799,525
粤BZ6Z12,114.054604,22.562401,525
粤BZ6Z12,114.060799,22.5625,530
粤BZ6Z12,114.046204,22.558901,532
粤BZ6Z12,114.038696,22.5562,533
粤BZ6Z12,114.054604,22.562401,533
粤BZ6Z12,114.022301,22.542801,542
粤BZ6Z12,114.022301,22.542801,549
粤BZ6Z12,113.9897,22.535999,557
粤BZ6Z12,113.964203,22.541901,558
粤BZ6Z12,113.972099,22.5389,558
粤BZ6Z12,113.962196,22.542601,559
粤BZ6Z12,113.960602,22.5432,559
粤BZ6Z12,113.962196,22.542601,565
粤BZ6Z12,113.951302,22.5434,567
粤BZ6Z12,113.942497,22.5431,567
粤BZ6Z12,113.915001,22.503901,583
粤BZ6Z12,113.942497,22.5431,583
粤BZ6Z12,113.918503,22.5068,584
粤BZ6Z12,113.916801,22.503401,584
粤BZ6Z12,113.920097,22.5107,584
粤BZ6Z12,113.927498,22.5165,593
粤BZ6Z12,113.927498,22.513399,593
粤BZ6Z12,113.928001,22.503201,595
粤BZ6Z12,113.927399,22.507,596
粤BZ6Z12,113.9282,22.503201,596
粤BZ6Z12,113.928299,22.522699,602
粤BZ6Z12,113.934196,22.5247,602
粤BZ6Z12,113.939003,22.524401,604
粤BZ6Z12,113.934196,22.5247,604
粤BZ6Z12,113.952797,22.539301,605
粤BZ6Z12,113.9534,22.5525,605
粤BZ6Z12,113.966599,22.5737,611
粤BZ6Z12,113.953003,22.5623,611
粤BZ6Z12,113.918503,22.5068,612
粤BZ6Z12,113.9282,22.503201,613
粤BZ6Z12,113.9534,22.5525,614
粤BZ6Z12,113.966599,22.5737,615
粤BZ6Z12,113.987602,22.586599,616
粤BZ6Z12,113.9534,22.5525,616
粤BZ6Z12,113.987602,22.586599,621
粤BZ6Z12,114.023102,22.6105,629
粤BZ6Z12,114.023102,22.6105,630
粤BZ6Z12,114.022301,22.611401,633
粤BZ6Z12,114.022301,22.611401,634
粤BZ6Z12,113.971802,22.5874,647
粤BZ6Z12,113.9673,22.585699,651
粤BZ6Z12,113.959503,22.589001,652
粤BZ6Z12,113.946503,22.5839,658
粤BZ6Z12,113.943604,22.587099,659
粤BZ6Z12,113.949203,22.583599,660
粤BZ6Z12,113.9459,22.583401,660
粤BZ6Z12,113.954399,22.5837,668
粤BZ6Z12,113.955597,22.5846,668
粤BZ6Z12,113.953102,22.5921,670
粤BZ6Z12,113.9673,22.585699,673
粤BZ6Z12,113.953102,22.5921,678
粤BZ6Z12,113.928802,22.568501,687
粤BZ6Z12,113.923302,22.568399,687
粤BZ6Z12,113.876404,22.6159,689
粤BZ6Z12,113.8396,22.6394,696
粤BZ6Z12,113.858299,22.625099,696
粤BZ6Z12,113.830704,22.6506,697
粤BZ6Z12,113.833298,22.649,697
粤BZ6Z12,113.823601,22.665199,698
粤BZ6Z12,113.8284,22.693199,705
粤BZ6Z12,113.824402,22.6984,706
粤BZ6Z12,113.819099,22.702299,707
粤BZ6Z12,113.858299,22.625099,711
粤BZ6Z12,113.823601,22.665199,712
粤BZ6Z12,113.819603,22.7064,714
粤BZ6Z12,113.819099,22.702299,714
粤BZ6Z12,113.8284,22.693199,718
粤BZ6Z12,113.837303,22.7048,725
粤BZ6Z12,113.829399,22.7045,734
粤BZ6Z12,113.823502,22.709,735
粤BZ6Z12,113.837303,22.7048,736
粤BZ6Z12,113.821198,22.712799,740
粤BZ6Z12,113.826599,22.7027,741
粤BZ6Z12,113.827599,22.690701,741
粤BZ6Z12,113.822403,22.6609,742
粤BZ6Z12,113.823402,22.673901,742
粤BZ6Z12,113.824699,22.6495,750
粤BZ6Z12,113.816498,22.653099,751
粤BZ6Z12,113.817802,22.6492,751
粤BZ6Z12,113.817703,22.650801,756
粤BZ6Z12,113.817703,22.650801,757
粤BZ6Z12,113.817703,22.650801,757
粤BZ6Z12,113.817703,22.650801,760
粤BZ6Z12,113.817703,22.650801,760
粤BZ6Z12,113.817703,22.650801,761
粤BZ6Z12,113.817703,22.650801,761
粤BZ6Z12,113.817703,22.650801,761
粤BZ6Z12,113.817703,22.650801,763
粤BZ6Z12,113.817703,22.650801,763
粤BZ6Z12,113.817703,22.650801,764
粤BZ6Z12,113.817703,22.650801,766
粤BZ6Z12,113.817703,22.650801,767
粤BZ6Z12,113.817703,22.650801,767
粤BZ6Z12,113.817703,22.650801,767
粤BZ6Z12,113.817703,22.650801,768
粤BZ6Z12,113.817703,22.650801,768
粤BZ6Z12,113.817703,22.650801,770
粤BZ6Z12,113.817703,22.650801,771
粤BZ6Z12,113.817703,22.650801,771
粤BZ6Z12,113.817703,22.650801,772
粤BZ6Z12,113.817703,22.650801,773
粤BZ6Z12,113.817703,22.650801,775
粤BZ6Z12,113.817703,22.650801,777
粤BZ6Z12,113.817703,22.650801,777
粤BZ6Z12,113.817703,22.650801,778
粤BZ6Z12,113.817703,22.650801,778
粤BZ6Z12,113.817703,22.650801,780
粤BZ6Z12,113.817703,22.650801,780
粤BZ6Z12,113.817703,22.650801,781
粤BZ6Z12,113.817703,22.650801,782
粤BZ6Z12,113.817703,22.650801,784
粤BZ6Z12,113.817703,22.650801,784
粤BZ6Z12,113.817703,22.650801,784
粤BZ6Z12,113.817703,22.650801,785
粤BZ6Z12,113.817703,22.650801,785
粤BZ6Z12,113.817703,22.650801,786
粤BZ6Z12,113.817703,22.650801,788
粤BZ6Z12,113.817703,22.650801,789
粤BZ6Z12,113.817703,22.650801,791
粤BZ6Z12,113.817703,22.650801,792
粤BZ6Z12,113.817703,22.650801,793
粤BZ6Z12,113.817703,22.650801,794
粤BZ6Z12,113.817703,22.650801,795
粤BZ6Z12,113.817703,22.650801,795
粤BZ6Z12,113.817703,22.650801,795
粤BZ6Z12,113.817703,22.650801,796
粤BZ6Z12,113.817703,22.650801,797
粤BZ6Z12,113.817703,22.650801,798
粤BZ6Z12,113.817703,22.650801,798
粤BZ6Z12,113.817703,22.650801,798
粤BZ6Z12,113.817703,22.650801,801
粤BZ6Z12,113.817703,22.650801,802
粤BZ6Z12,113.817703,22.650801,802
粤BZ6Z12,113.817703,22.650801,804
粤BZ6Z12,113.817703,22.650801,804
粤BZ6Z12,113.817703,22.650801,805
粤BZ6Z12,113.817703,22.650801,805
粤BZ6Z12,113.817703,22.650801,808
粤BZ6Z12,113.817703,22.650801,808
粤BZ6Z12,113.817703,22.650801,809
粤BZ6Z12,113.817703,22.650801,809
粤BZ6Z12,113.817703,22.650801,810
粤BZ6Z12,113.817703,22.650801,811
粤BZ6Z12,113.817703,22.650801,812
粤BZ6Z12,113.817703,22.650801,812
粤BZ6Z12,113.817703,22.650801,813
粤BZ6Z12,113.817703,22.650801,815
粤BZ6Z12,113.817703,22.650801,815
粤BZ6Z12,113.817703,22.650801,815
粤BZ6Z12,113.817703,22.650801,816
粤BZ6Z12,113.817703,22.650801,818
粤BZ6Z12,113.817703,22.650801,819
粤BZ6Z12,113.817703,22.650801,819
粤BZ6Z12,113.817703,22.650801,820
粤BZ6Z12,113.817703,22.650801,820
粤BZ6Z12,113.817703,22.650801,822
粤BZ6Z12,113.817703,22.650801,822
粤BZ6Z12,113.817703,22.650801,823
粤BZ6Z12,113.817703,22.650801,823
粤BZ6Z12,113.817703,22.650801,823
粤BZ6Z12,113.817703,22.650801,824
粤BZ6Z12,113.817703,22.650801,826
粤BZ6Z12,113.817703,22.650801,827
粤BZ6Z12,113.817703,22.650801,827
粤BZ6Z12,113.817703,22.650801,829
粤BZ6Z12,113.817703,22.650801,829
粤BZ6Z12,113.817703,22.650801,830
粤BZ6Z12,113.819801,22.649,832
粤BZ6Z12,113.819901,22.6434,833
粤BZ6Z12,113.823097,22.637501,833
粤BZ6Z12,113.813499,22.6243,842
粤BZ6Z12,113.813499,22.6243,842
粤BZ6Z12,113.813499,22.6243,858
粤BZ6Z12,113.813499,22.6243,859
粤BZ6Z12,113.813499,22.6243,860
粤BZ6Z12,113.813499,22.6243,865
粤BZ6Z12,113.813499,22.6243,866
粤BZ6Z12,113.813499,22.6243,867
粤BZ6Z12,113.813499,22.6243,867
粤BZ6Z12,113.813499,22.6243,873
粤BZ6Z12,113.813499,22.6243,876
粤BZ6Z12,113.813499,22.6243,876
粤BZ6Z12,113.813499,22.6243,878
粤BZ6Z12,113.813499,22.6243,882
粤BZ6Z12,113.813499,22.6243,885
粤BZ6Z12,113.813499,22.6243,885
粤BZ6Z12,113.813499,22.6243,887
粤BZ6Z12,113.813499,22.6243,890
粤BZ6Z12,113.813499,22.6243,891
粤BZ6Z12,113.813599,22.624901,893
粤BZ6Z12,113.850403,22.624901,911
粤BZ6Z12,113.815804,22.6101,916
粤BZ6Z12,113.9049,22.5872,920
粤BZ6Z12,113.925499,22.5665,928
粤BZ6Z12,113.928398,22.565399,929
粤BZ6Z12,113.959099,22.563299,930
粤BZ6Z12,113.928398,22.565399,935
粤BZ6Z12,113.959099,22.563299,937
粤BZ6Z12,113.981499,22.586,938
粤BZ6Z12,113.971901,22.585699,938
粤BZ6Z12,113.9795,22.5861,938
粤BZ6Z12,113.986198,22.5865,946
粤BZ6Z12,114.024597,22.6038,952
粤BZ6Z12,114.026703,22.599701,952
粤BZ6Z12,114.0224,22.6098,956
粤BZ6Z12,114.022003,22.611099,960
粤BZ6Z12,114.019501,22.613001,960
粤BZ6Z12,114.026604,22.6164,961
粤BZ6Z12,114.021698,22.610001,965
粤BZ6Z12,114.023003,22.6103,966
粤BZ6Z12,114.023003,22.6103,970
粤BZ6Z12,114.023003,22.6103,970
粤BZ6Z12,114.023003,22.611401,971
粤BZ6Z12,114.022903,22.6113,971
粤BZ6Z12,114.0149,22.610901,974
粤BZ6Z12,113.986198,22.5893,975
粤BZ6Z12,113.983803,22.5884,983
粤BZ6Z12,113.983398,22.583599,983
粤BZ6Z12,113.987503,22.567499,987
粤BZ6Z12,113.980797,22.5562,988
粤BZ6Z12,113.980797,22.556101,988
粤BZ6Z12,113.972198,22.550501,994
粤BZ6Z12,113.973503,22.543301,994
粤BZ6Z12,113.971397,22.5396,995
粤BZ6Z12,113.971199,22.539499,1001
粤BZ6Z12,113.981697,22.536301,1002
粤BZ6Z12,113.974297,22.537701,1002
粤BZ6Z12,113.970001,22.539499,1002
粤BZ6Z12,113.991997,22.5347,1003
粤BZ6Z12,113.973503,22.543301,1008
粤BZ6Z12,113.991997,22.5347,1009
粤BZ6Z12,114.010498,22.5299,1011
粤BZ6Z12,114.037102,22.5305,1011
粤BZ6Z12,114.068001,22.5567,1029
粤BZ6Z12,114.075897,22.558201,1029
粤BZ6Z12,114.091499,22.558399,1030
粤BZ6Z12,114.075897,22.558201,1034
粤BZ6Z12,114.109398,22.558701,1037
粤BZ6Z12,114.091499,22.558399,1038
粤BZ6Z12,114.114998,22.559999,1038
粤BZ6Z12,114.114998,22.559999,1045
粤BZ6Z12,114.1185,22.5632,1046
粤BZ6Z12,114.1222,22.556801,1047
粤BZ6Z12,114.1222,22.556801,1052
粤BZ6Z12,114.1222,22.552,1054
粤BZ6Z12,114.116501,22.548901,1055
粤BZ6Z12,114.117599,22.5511,1055
粤BZ6Z12,114.117599,22.5511,1061
粤BZ6Z12,114.106796,22.5448,1062
粤BZ6Z12,114.116501,22.548901,1063
粤BZ6Z12,114.0961,22.5383,1064
粤BZ6Z12,114.0961,22.5383,1073
粤BZ6Z12,114.031601,22.5186,1080
粤BZ6Z12,114.058998,22.517099,1080
粤BZ6Z12,114.013901,22.5333,1081
粤BZ6Z12,113.917198,22.5741,1089
粤BZ6Z12,113.905701,22.5865,1090
粤BZ6Z12,113.905701,22.5865,1096
粤BZ6Z12,113.849998,22.627001,1098
粤BZ6Z12,113.839798,22.6208,1099
粤BZ6Z12,113.813599,22.6245,1116
粤BZ6Z12,113.813599,22.6245,1122
粤BZ6Z12,113.813599,22.6245,1122
粤BZ6Z12,113.813599,22.6245,1123
粤BZ6Z12,113.813599,22.6245,1123
粤BZ6Z12,113.809601,22.625401,1148
粤BZ6Z12,113.809998,22.626699,1148
粤BZ6Z12,113.808296,22.624701,1152
粤BZ6Z12,113.816803,22.610001,1152
粤BZ6Z12,113.856003,22.6255,1156
粤BZ6Z12,113.888298,22.6015,1157
粤BZ6Z12,113.888298,22.6015,1163
粤BZ6Z12,113.922302,22.5686,1165
粤BZ6Z12,113.992302,22.5471,1166
粤BZ6Z12,113.992302,22.5471,1172
粤BZ6Z12,114.047401,22.5131,1173
粤BZ6Z12,114.062897,22.5457,1182
粤BZ6Z12,114.062599,22.543699,1182
粤BZ6Z12,114.058098,22.542801,1183
粤BZ6Z12,114.057098,22.542801,1187
粤BZ6Z12,114.0569,22.5429,1187
粤BZ6Z12,114.030602,22.5432,1192
粤BZ6Z12,114.030098,22.5432,1192
粤BZ6Z12,114.0569,22.5429,1193
粤BZ6Z12,114.014801,22.5613,1202
粤BZ6Z12,114.015099,22.5595,1202
粤BZ6Z12,113.983101,22.5606,1204
粤BZ6Z12,113.972603,22.565399,1205
粤BZ6Z12,113.972603,22.565399,1210
粤BZ6Z12,113.957603,22.572901,1213
粤BZ6Z12,113.958603,22.5735,1214
粤BZ6Z12,113.958603,22.5735,1221
粤BZ6Z12,113.958603,22.5735,1224
粤BZ6Z12,113.958603,22.5735,1224
粤BZ6Z12,113.958603,22.5735,1225
粤BZ6Z12,113.958603,22.5735,1225
粤BZ6Z12,113.958603,22.5735,1226
粤BZ6Z12,113.958603,22.5735,1227
粤BZ6Z12,113.958603,22.5735,1229
粤BZ6Z12,113.958603,22.5735,1229
粤BZ6Z12,113.958603,22.5735,1229
粤BZ6Z12,113.958603,22.5735,1232
粤BZ6Z12,113.958603,22.5735,1232
粤BZ6Z12,113.958603,22.5735,1233
粤BZ6Z12,113.958603,22.5735,1234
粤BZ6Z12,113.958603,22.5735,1235
粤BZ6Z12,113.958603,22.5735,1235
粤BZ6Z12,113.958603,22.5735,1235
粤BZ6Z12,113.958603,22.5735,1236
粤BZ6Z12,113.958603,22.5735,1236
粤BZ6Z12,113.958603,22.5735,1238
粤BZ6Z12,113.958603,22.5735,1238
粤BZ6Z12,113.958603,22.5735,1238
粤BZ6Z12,113.958603,22.5735,1239
粤BZ6Z12,113.958603,22.5735,1241
粤BZ6Z12,113.958603,22.5735,1241
粤BZ6Z12,113.958603,22.5735,1242
粤BZ6Z12,113.958603,22.5735,1242
粤BZ6Z12,113.958603,22.5735,1243
粤BZ6Z12,113.958603,22.5735,1245
粤BZ6Z12,113.958603,22.5735,1246
粤BZ6Z12,113.958603,22.5735,1246
粤BZ6Z12,113.958603,22.5735,1248
粤BZ6Z12,113.958603,22.5735,1248
粤BZ6Z12,113.958603,22.5735,1249
粤BZ6Z12,113.958603,22.5735,1249
粤BZ6Z12,113.958603,22.5735,1250
粤BZ6Z12,113.958603,22.5735,1251
粤BZ6Z12,113.958603,22.5735,1252
粤BZ6Z12,113.958603,22.5735,1252
粤BZ6Z12,113.958603,22.5735,1252
粤BZ6Z12,113.958603,22.5735,1253
粤BZ6Z12,113.958603,22.5735,1253
粤BZ6Z12,113.958603,22.5735,1255
粤BZ6Z12,113.958603,22.5735,1256
粤BZ6Z12,113.958603,22.5735,1256
粤BZ6Z12,113.958603,22.5735,1256
粤BZ6Z12,113.958603,22.5735,1257
粤BZ6Z12,113.958603,22.5735,1260
粤BZ6Z12,113.958603,22.5735,1260
粤BZ6Z12,113.958603,22.5735,1261
粤BZ6Z12,113.958603,22.5735,1261
粤BZ6Z12,113.958603,22.5735,1263
粤BZ6Z12,113.958603,22.5735,1263
粤BZ6Z12,113.958603,22.5735,1264
粤BZ6Z12,113.958603,22.5735,1265
粤BZ6Z12,113.958603,22.5735,1267
粤BZ6Z12,113.958603,22.5735,1267
粤BZ6Z12,113.958603,22.5735,1268
粤BZ6Z12,113.958603,22.5735,1269
粤BZ6Z12,113.958603,22.5735,1271
粤BZ6Z12,113.958603,22.5735,1271
粤BZ6Z12,113.958603,22.5735,1272
粤BZ6Z12,113.958603,22.5735,1272
粤BZ6Z12,113.958603,22.5735,1272
粤BZ6Z12,113.958603,22.5735,1274
粤BZ6Z12,113.958603,22.5735,1274
粤BZ6Z12,113.958603,22.5735,1275
粤BZ6Z12,113.958603,22.5735,1275
粤BZ6Z12,113.958603,22.5735,1275
粤BZ6Z12,113.958603,22.5735,1276
粤BZ6Z12,113.958603,22.5735,1277
粤BZ6Z12,113.958603,22.5735,1278
粤BZ6Z12,113.958603,22.5735,1278
粤BZ6Z12,113.958603,22.5735,1279
粤BZ6Z12,113.958603,22.5735,1279
粤BZ6Z12,113.958603,22.5735,1281
粤BZ6Z12,113.958603,22.5735,1281
粤BZ6Z12,113.958603,22.5735,1282
粤BZ6Z12,113.958603,22.5735,1282
粤BZ6Z12,113.958603,22.5735,1282
粤BZ6Z12,113.958603,22.5735,1283
粤BZ6Z12,113.958603,22.5735,1285
粤BZ6Z12,113.958603,22.5735,1285
粤BZ6Z12,113.958603,22.5735,1285
粤BZ6Z12,113.958603,22.5735,1286
粤BZ6Z12,113.958603,22.5735,1287
粤BZ6Z12,113.958603,22.5735,1288
粤BZ6Z12,113.958603,22.5735,1288
粤BZ6Z12,113.958603,22.5735,1288
粤BZ6Z12,113.958603,22.5735,1289
粤BZ6Z12,113.958603,22.5735,1291
粤BZ6Z12,113.958603,22.5735,1291
粤BZ6Z12,113.958603,22.5735,1292
粤BZ6Z12,113.958603,22.5735,1293
粤BZ6Z12,113.958603,22.5735,1295
粤BZ6Z12,113.958603,22.5735,1296
粤BZ6Z12,113.958603,22.5735,1296
粤BZ6Z12,113.958603,22.5735,1298
粤BZ6Z12,113.958603,22.5735,1298
粤BZ6Z12,113.958603,22.5735,1299
粤BZ6Z12,113.958603,22.5735,1302
粤BZ6Z12,113.958603,22.5735,1302
粤BZ6Z12,113.958603,22.5735,1303
粤BZ6Z12,113.958603,22.5735,1303
粤BZ6Z12,113.958603,22.5735,1303
粤BZ6Z12,113.958603,22.5735,1307
粤BZ6Z12,113.958603,22.5735,1309
粤BZ6Z12,113.958603,22.5735,1310
粤BZ6Z12,113.958603,22.5735,1310
粤BZ6Z12,113.958603,22.5735,1311
粤BZ6Z12,113.958603,22.5735,1311
粤BZ6Z12,113.958603,22.5735,1311
粤BZ6Z12,113.958603,22.5735,1312
粤BZ6Z12,113.958603,22.5735,1313
粤BZ6Z12,113.958603,22.5735,1314
粤BZ6Z12,113.958603,22.5735,1314
粤BZ6Z12,113.958603,22.5735,1315
粤BZ6Z12,113.958603,22.5735,1315
粤BZ6Z12,113.958603,22.5735,1317
粤BZ6Z12,113.958603,22.5735,1317
粤BZ6Z12,113.958603,22.5735,1317
粤BZ6Z12,113.958603,22.5735,1318
粤BZ6Z12,113.958603,22.5735,1326
粤BZ6Z12,113.958603,22.5735,1326
粤BZ6Z12,113.958603,22.5735,1327
粤BZ6Z12,113.958603,22.5735,1331
粤BZ6Z12,113.958603,22.5735,1331
粤BZ6Z12,113.958603,22.5735,1332
粤BZ6Z12,113.958603,22.5735,1332
粤BZ6Z12,113.958603,22.5735,1334
粤BZ6Z12,113.958603,22.5735,1335
粤BZ6Z12,113.958603,22.5735,1337
粤BZ6Z12,113.958603,22.5735,1337
粤BZ6Z12,113.958603,22.5735,1337
粤BZ6Z12,113.958603,22.5735,1338
粤BZ6Z12,113.958603,22.5735,1338
粤BZ6Z12,113.958603,22.5735,1339
粤BZ6Z12,113.958603,22.5735,1340
粤BZ6Z12,113.958603,22.5735,1342
粤BZ6Z12,113.958603,22.5735,1342
粤BZ6Z12,113.958603,22.5735,1344
粤BZ6Z12,113.958603,22.5735,1344
粤BZ6Z12,113.958603,22.5735,1344
粤BZ6Z12,113.958603,22.5735,1345
粤BZ6Z12,113.958603,22.5735,1345
粤BZ6Z12,113.958603,22.5735,1346
粤BZ6Z12,113.958603,22.5735,1346
粤BZ6Z12,113.958603,22.5735,1348
粤BZ6Z12,113.958603,22.5735,1348
粤BZ6Z12,113.958603,22.5735,1348
粤BZ6Z12,113.958603,22.5735,1349
粤BZ6Z12,113.958603,22.5735,1349
粤BZ6Z12,113.958603,22.5735,1350
粤BZ6Z12,113.958603,22.5735,1351
粤BZ6Z12,113.958603,22.5735,1352
粤BZ6Z12,113.958603,22.5735,1352
粤BZ6Z12,113.958603,22.5735,1353
粤BZ6Z12,113.958603,22.5735,1353
粤BZ6Z12,113.958603,22.5735,1358
粤BZ6Z12,113.958603,22.5735,1359
粤BZ6Z12,113.958603,22.5735,1364
粤BZ6Z12,113.958603,22.5735,1364
粤BZ6Z12,113.958603,22.5735,1365
粤BZ6Z12,113.958603,22.5735,1365
粤BZ6Z12,113.958603,22.5735,1366
粤BZ6Z12,113.958603,22.5735,1368
粤BZ6Z12,113.958603,22.5735,1368
粤BZ6Z12,113.958603,22.5735,1368
粤BZ6Z12,113.958603,22.5735,1369
粤BZ6Z12,113.958603,22.5735,1372
粤BZ6Z12,113.958603,22.5735,1373
粤BZ6Z12,113.958603,22.5735,1373
粤BZ6Z12,113.958603,22.5735,1376
粤BZ6Z12,113.958603,22.5735,1377
粤BZ6Z12,113.958603,22.5735,1378
粤BZ6Z12,113.958603,22.5735,1378
粤BZ6Z12,113.958603,22.5735,1378
粤BZ6Z12,113.958603,22.5735,1380
粤BZ6Z12,113.958603,22.5735,1381
粤BZ6Z12,113.958603,22.5735,1381
粤BZ6Z12,113.958603,22.5735,1384
粤BZ6Z12,113.958603,22.5735,1384
粤BZ6Z12,113.958603,22.5735,1385
粤BZ6Z12,113.958603,22.5735,1386
粤BZ6Z12,113.958603,22.5735,1387
粤BZ6Z12,113.958603,22.5735,1388
粤BZ6Z12,113.958603,22.5735,1388
粤BZ6Z12,113.958603,22.5735,1390
粤BZ6Z12,113.958603,22.5735,1391
粤BZ6Z12,113.958603,22.5735,1392
粤BZ6Z12,113.958603,22.5735,1393
粤BZ6Z12,113.958603,22.5735,1394
粤BZ6Z12,113.958603,22.5735,1395
粤BZ6Z12,113.958603,22.5735,1395
粤BZ6Z12,113.958603,22.5735,1397
粤BZ6Z12,113.958603,22.5735,1398
粤BZ6Z12,113.958603,22.5735,1398
粤BZ6Z12,113.958603,22.5735,1399
粤BZ6Z12,113.958603,22.5735,1399
粤BZ6Z12,113.958603,22.5735,1401
粤BZ6Z12,113.958603,22.5735,1401
粤BZ6Z12,113.958603,22.5735,1402
粤BZ6Z12,113.958603,22.5735,1402
粤BZ6Z12,113.958603,22.5735,1405
粤BZ6Z12,113.958603,22.5735,1406
粤BZ6Z12,113.958603,22.5735,1410
粤BZ6Z12,113.958603,22.5735,1411
粤BZ6Z12,113.958603,22.5735,1411
粤BZ6Z12,113.958603,22.5735,1411
粤BZ6Z12,113.958603,22.5735,1412
粤BZ6Z12,113.958603,22.5735,1413
粤BZ6Z12,113.958603,22.5735,1414
粤BZ6Z12,113.958603,22.5735,1414
粤BZ6Z12,113.958603,22.5735,1415
粤BZ6Z12,113.958603,22.5735,1416
粤BZ6Z12,113.958603,22.5735,1418
粤BZ6Z12,113.958603,22.5735,1419
粤BZ6Z12,113.958603,22.5735,1419
粤BZ6Z12,113.958603,22.5735,1422
粤BZ6Z12,113.958603,22.5735,1422
粤BZ6Z12,113.958603,22.5735,1423
粤BZ6Z12,113.958603,22.5735,1424
粤BZ6Z12,113.958603,22.5735,1425
粤BZ6Z12,113.958603,22.5735,1425
粤BZ6Z12,113.958603,22.5735,1426
粤BZ6Z12,113.958603,22.5735,1426
粤BZ6Z12,113.958603,22.5735,1427
粤BZ6Z12,113.958603,22.5735,1429
粤BZ6Z12,113.958603,22.5735,1430
粤BZ6Z12,113.958603,22.5735,1431
粤BZ6Z12,113.958603,22.5735,1432
粤BZ6Z12,113.958603,22.5735,1433
粤BZ6Z12,113.958603,22.5735,1433
粤BZ6Z12,113.958603,22.5735,1434
粤BZ6Z12,113.958603,22.5735,1434
