粤B2NP29,113.859001,22.5716,8
粤B2NP29,113.859901,22.570999,8
粤B2NP29,113.860298,22.5707,8
粤B2NP29,113.862198,22.5695,9
粤B2NP29,113.8647,22.5676,9
粤B2NP29,113.8647,22.5676,10
粤B2NP29,113.8647,22.5676,10
粤B2NP29,113.865799,22.566799,10
粤B2NP29,113.864799,22.5676,10
粤B2NP29,113.867996,22.5653,11
粤B2NP29,113.867104,22.565901,11
粤B2NP29,113.864799,22.5676,12
粤B2NP29,113.866699,22.5662,12
粤B2NP29,113.863297,22.568701,12
粤B2NP29,113.860199,22.570801,13
粤B2NP29,113.861603,22.569799,13
粤B2NP29,113.858803,22.571899,13
粤B2NP29,113.858704,22.5718,14
粤B2NP29,113.858002,22.5725,14
粤B2NP29,113.857399,22.573,14
粤B2NP29,113.8601,22.570801,15
粤B2NP29,113.862099,22.5695,15
粤B2NP29,113.858803,22.5718,15
粤B2NP29,113.865303,22.567101,16
粤B2NP29,113.866096,22.5665,16
粤B2NP29,113.863503,22.568399,16
粤B2NP29,113.867897,22.5653,17
粤B2NP29,113.866699,22.5662,17
粤B2NP29,113.867203,22.565901,17
粤B2NP29,113.866302,22.5669,18
粤B2NP29,113.866898,22.568001,18
粤B2NP29,113.867798,22.569099,18
粤B2NP29,113.868103,22.570101,19
粤B2NP29,113.867699,22.570499,19
粤B2NP29,113.867699,22.570499,19
粤B2NP29,113.868301,22.569799,19
粤B2NP29,113.865997,22.571899,20
粤B2NP29,113.867401,22.570601,20
粤B2NP29,113.866203,22.571699,20
粤B2NP29,113.863701,22.573601,21
粤B2NP29,113.864899,22.572701,21
粤B2NP29,113.865997,22.571899,21
粤B2NP29,113.863197,22.5739,22
粤B2NP29,113.863403,22.5739,22
粤B2NP29,113.8619,22.5751,22
粤B2NP29,113.860199,22.5765,23
粤B2NP29,113.859901,22.5767,23
粤B2NP29,113.860001,22.576599,23
粤B2NP29,113.858498,22.5779,24
粤B2NP29,113.859703,22.577,24
粤B2NP29,113.857399,22.578699,24
粤B2NP29,113.8573,22.578899,25
粤B2NP29,113.854797,22.5812,25
粤B2NP29,113.855103,22.581699,25
粤B2NP29,113.856102,22.58,25
粤B2NP29,113.8563,22.582899,26
粤B2NP29,113.856499,22.5832,26
粤B2NP29,113.856499,22.5832,26
粤B2NP29,113.856003,22.586599,27
粤B2NP29,113.857498,22.584299,27
粤B2NP29,113.858101,22.585199,27
粤B2NP29,113.849899,22.5914,28
粤B2NP29,113.852798,22.5889,28
粤B2NP29,113.847504,22.594101,28
粤B2NP29,113.845596,22.5972,29
粤B2NP29,113.845901,22.5965,29
粤B2NP29,113.845596,22.597099,29
粤B2NP29,113.845596,22.597099,30
粤B2NP29,113.845596,22.597099,30
粤B2NP29,113.845596,22.597099,30
粤B2NP29,113.845497,22.5973,31
粤B2NP29,113.845596,22.597099,31
粤B2NP29,113.845596,22.597099,31
粤B2NP29,113.844803,22.5986,32
粤B2NP29,113.844704,22.6003,32
粤B2NP29,113.844299,22.5996,32
粤B2NP29,113.8451,22.600901,33
粤B2NP29,113.8452,22.6007,33
粤B2NP29,113.844398,22.6001,33
粤B2NP29,113.844398,22.6,34
粤B2NP29,113.844398,22.6,34
粤B2NP29,113.845901,22.5958,35
粤B2NP29,113.8442,22.599199,35
粤B2NP29,113.8452,22.597099,35
粤B2NP29,113.846001,22.5956,36
粤B2NP29,113.845901,22.5958,36
粤B2NP29,113.847099,22.594101,36
粤B2NP29,113.852402,22.5889,37
粤B2NP29,113.848701,22.592199,37
粤B2NP29,113.850502,22.590401,37
粤B2NP29,113.8545,22.587299,38
粤B2NP29,113.854897,22.586,38
粤B2NP29,113.853302,22.584299,38
粤B2NP29,113.852402,22.5833,39
粤B2NP29,113.852303,22.5832,39
粤B2NP29,113.8535,22.582001,39
粤B2NP29,113.854301,22.581301,40
粤B2NP29,113.854301,22.581301,40
粤B2NP29,113.854301,22.581301,40
粤B2NP29,113.854599,22.5811,41
粤B2NP29,113.857597,22.578501,41
粤B2NP29,113.8563,22.579599,41
粤B2NP29,113.858002,22.575001,42
粤B2NP29,113.859398,22.5765,42
粤B2NP29,113.856697,22.573601,43
粤B2NP29,113.859299,22.5714,43
粤B2NP29,113.857697,22.572701,43
粤B2NP29,113.8601,22.5707,44
粤B2NP29,113.861801,22.569599,44
粤B2NP29,113.859901,22.5709,44
粤B2NP29,113.861603,22.566799,45
粤B2NP29,113.862999,22.568501,45
粤B2NP29,113.862099,22.5674,45
粤B2NP29,113.860802,22.565901,46
粤B2NP29,113.8601,22.5648,46
粤B2NP29,113.860001,22.564899,46
粤B2NP29,113.863403,22.568701,47
粤B2NP29,113.861,22.565901,47
粤B2NP29,113.862198,22.567301,47
粤B2NP29,113.863602,22.568899,48
粤B2NP29,113.863602,22.568899,48
粤B2NP29,113.864502,22.5702,49
粤B2NP29,113.863602,22.569,49
粤B2NP29,113.865402,22.571501,49
粤B2NP29,113.865601,22.5718,50
粤B2NP29,113.865501,22.571699,50
粤B2NP29,113.865097,22.572599,50
粤B2NP29,113.8638,22.573601,51
粤B2NP29,113.862503,22.5746,51
粤B2NP29,113.863403,22.573799,51
粤B2NP29,113.861504,22.575399,52
粤B2NP29,113.862099,22.5791,53
粤B2NP29,113.862099,22.5791,53
粤B2NP29,113.862099,22.5791,53
粤B2NP29,113.862099,22.5791,54
粤B2NP29,113.862099,22.5791,54
粤B2NP29,113.862099,22.5791,55
粤B2NP29,113.862099,22.5791,55
粤B2NP29,113.862099,22.5791,55
粤B2NP29,113.862099,22.5791,56
粤B2NP29,113.862099,22.5791,56
粤B2NP29,113.862099,22.5791,56
粤B2NP29,113.862099,22.5791,57
粤B2NP29,113.862099,22.5791,57
粤B2NP29,113.862099,22.5791,57
粤B2NP29,113.863197,22.580299,58
粤B2NP29,113.862099,22.5791,58
粤B2NP29,113.863197,22.580299,59
粤B2NP29,113.863998,22.5811,59
粤B2NP29,113.865402,22.5826,59
粤B2NP29,113.865501,22.582701,60
粤B2NP29,113.865501,22.582701,60
粤B2NP29,113.865501,22.582701,60
粤B2NP29,113.868698,22.585199,61
粤B2NP29,113.871201,22.587,61
粤B2NP29,113.870903,22.589199,62
粤B2NP29,113.872803,22.588499,62
粤B2NP29,113.868599,22.5942,63
粤B2NP29,113.869698,22.594101,63
粤B2NP29,113.868401,22.5933,63
粤B2NP29,113.870796,22.592699,64
粤B2NP29,113.871696,22.591499,64
粤B2NP29,113.871696,22.5914,64
粤B2NP29,113.871696,22.5914,65
粤B2NP29,113.871696,22.5914,65
粤B2NP29,113.871803,22.5912,65
粤B2NP29,113.871696,22.5914,65
粤B2NP29,113.873497,22.588301,66
粤B2NP29,113.874802,22.587,66
粤B2NP29,113.877899,22.5879,67
粤B2NP29,113.877296,22.5875,67
粤B2NP29,113.8759,22.5863,67
粤B2NP29,113.877998,22.587799,68
粤B2NP29,113.877998,22.587799,68
粤B2NP29,113.877998,22.587799,68
粤B2NP29,113.877998,22.587799,69
粤B2NP29,113.877998,22.587799,69
粤B2NP29,113.877998,22.587799,69
粤B2NP29,113.877998,22.587799,70
粤B2NP29,113.877998,22.587799,70
粤B2NP29,113.877998,22.587799,70
粤B2NP29,113.877998,22.587799,71
粤B2NP29,113.877998,22.587799,71
粤B2NP29,113.877998,22.587799,71
粤B2NP29,113.895203,22.566601,719
粤B2NP29,113.894699,22.5672,719
粤B2NP29,113.894501,22.5674,720
粤B2NP29,113.897797,22.569599,721
粤B2NP29,113.896896,22.570801,721
粤B2NP29,113.899597,22.5672,722
粤B2NP29,113.898201,22.568899,722
粤B2NP29,113.900902,22.565001,723
粤B2NP29,113.901901,22.5641,723
粤B2NP29,113.902603,22.5634,723
粤B2NP29,113.902802,22.5632,724
粤B2NP29,113.902802,22.5632,724
粤B2NP29,113.903297,22.5627,724
粤B2NP29,113.902,22.560499,725
粤B2NP29,113.902,22.560499,725
粤B2NP29,113.903397,22.5616,725
粤B2NP29,113.901703,22.5604,726
粤B2NP29,113.901001,22.5609,726
粤B2NP29,113.901398,22.560499,726
粤B2NP29,113.900497,22.5616,727
粤B2NP29,113.899902,22.562099,727
粤B2NP29,113.899498,22.562401,727
粤B2NP29,113.8992,22.5627,728
粤B2NP29,113.898804,22.563101,728
粤B2NP29,113.898201,22.5637,728
粤B2NP29,113.898201,22.5637,728
粤B2NP29,113.898499,22.5634,728
粤B2NP29,113.897301,22.564699,729
粤B2NP29,113.897003,22.564899,729
粤B2NP29,113.897301,22.564699,729
粤B2NP29,113.894096,22.567801,730
粤B2NP29,113.895699,22.5662,730
粤B2NP29,113.892799,22.569099,730
粤B2NP29,113.891899,22.571899,731
粤B2NP29,113.890999,22.5711,731
粤B2NP29,113.891403,22.570499,731
粤B2NP29,113.894997,22.5746,732
粤B2NP29,113.893204,22.573099,732
粤B2NP29,113.894302,22.573999,732
粤B2NP29,113.895599,22.5751,733
粤B2NP29,113.895599,22.5751,733
粤B2NP29,113.895599,22.5751,733
粤B2NP29,113.895599,22.5751,734
粤B2NP29,113.895599,22.5751,734
粤B2NP29,113.895798,22.5753,734
粤B2NP29,113.893204,22.578199,735
粤B2NP29,113.893204,22.578199,735
粤B2NP29,113.894997,22.576401,735
粤B2NP29,113.8927,22.579399,736
粤B2NP29,113.8927,22.578699,736
粤B2NP29,113.893898,22.5804,736
粤B2NP29,113.895699,22.5821,737
粤B2NP29,113.894798,22.581301,737
粤B2NP29,113.896004,22.582199,737
粤B2NP29,113.896896,22.5812,738
粤B2NP29,113.8993,22.578899,738
粤B2NP29,113.898102,22.580099,738
粤B2NP29,113.897697,22.576799,739
粤B2NP29,113.896202,22.575701,739
粤B2NP29,113.899002,22.577999,739
粤B2NP29,113.893303,22.5781,740
粤B2NP29,113.894501,22.5769,740
粤B2NP29,113.895401,22.576,740
粤B2NP29,113.8927,22.5786,741
粤B2NP29,113.8927,22.5786,741
粤B2NP29,113.8927,22.5786,741
粤B2NP29,113.8927,22.5786,742
粤B2NP29,113.892601,22.578699,742
粤B2NP29,113.891899,22.5788,743
粤B2NP29,113.889603,22.576799,743
粤B2NP29,113.8909,22.5779,743
粤B2NP29,113.888199,22.5779,744
粤B2NP29,113.888802,22.5772,744
粤B2NP29,113.887199,22.578699,744
粤B2NP29,113.883499,22.582001,745
粤B2NP29,113.884499,22.5812,745
粤B2NP29,113.886002,22.58,745
粤B2NP29,113.881599,22.584101,746
粤B2NP29,113.882599,22.5828,746
粤B2NP29,113.880898,22.584999,746
粤B2NP29,113.878304,22.5877,747
粤B2NP29,113.877098,22.5875,747
粤B2NP29,113.875702,22.586201,748
粤B2NP29,113.877701,22.584101,748
粤B2NP29,113.876602,22.585199,748
粤B2NP29,113.879204,22.5825,749
粤B2NP29,113.880302,22.581699,749
粤B2NP29,113.8787,22.583099,749
粤B2NP29,113.881401,22.580799,750
粤B2NP29,113.882202,22.580099,750
粤B2NP29,113.883003,22.5793,750
粤B2NP29,113.883102,22.5793,751
粤B2NP29,113.8843,22.579399,751
粤B2NP29,113.883499,22.578899,751
粤B2NP29,113.884697,22.5797,752
粤B2NP29,113.885399,22.580299,752
粤B2NP29,113.886398,22.579599,752
粤B2NP29,113.889099,22.576799,753
粤B2NP29,113.887901,22.5783,753
粤B2NP29,113.889801,22.5762,753
粤B2NP29,113.892601,22.5734,754
粤B2NP29,113.891197,22.574699,754
粤B2NP29,113.892403,22.573601,754
粤B2NP29,113.892899,22.573,755
粤B2NP29,113.894203,22.5718,755
粤B2NP29,113.892899,22.573099,755
粤B2NP29,113.8955,22.570499,756
粤B2NP29,113.896202,22.5697,756
粤B2NP29,113.896202,22.5697,756
粤B2NP29,113.896202,22.5697,757
粤B2NP29,113.896202,22.5697,757
粤B2NP29,113.896202,22.5697,757
粤B2NP29,113.896698,22.5693,758
粤B2NP29,113.896202,22.5697,758
粤B2NP29,113.896202,22.5697,758
粤B2NP29,113.897697,22.5683,759
粤B2NP29,113.898201,22.567699,759
粤B2NP29,113.897697,22.5683,759
粤B2NP29,113.897797,22.5653,760
粤B2NP29,113.898804,22.566999,760
粤B2NP29,113.899002,22.5665,760
粤B2NP29,113.896797,22.5651,761
粤B2NP29,113.895798,22.566099,761
粤B2NP29,113.894798,22.566999,761
粤B2NP29,113.892502,22.569401,762
粤B2NP29,113.891197,22.570499,762
粤B2NP29,113.893997,22.5737,763
粤B2NP29,113.892799,22.572701,763
粤B2NP29,113.891502,22.5716,763
粤B2NP29,113.895699,22.5751,764
粤B2NP29,113.894798,22.574499,764
粤B2NP29,113.895599,22.5751,764
粤B2NP29,113.895699,22.5751,765
粤B2NP29,113.895699,22.5751,765
粤B2NP29,113.895699,22.5751,765
粤B2NP29,113.896004,22.575399,766
粤B2NP29,113.897499,22.576799,766
粤B2NP29,113.901199,22.577,767
粤B2NP29,113.899101,22.578199,767
粤B2NP29,113.900101,22.5781,767
粤B2NP29,113.902802,22.575399,768
粤B2NP29,113.902802,22.575399,768
粤B2NP29,113.902802,22.575399,768
粤B2NP29,113.902802,22.575399,769
粤B2NP29,113.902802,22.575399,769
粤B2NP29,113.902802,22.575399,769
粤B2NP29,113.905403,22.5772,770
粤B2NP29,113.903801,22.5758,770
粤B2NP29,113.9058,22.5776,770
粤B2NP29,113.907204,22.5788,771
粤B2NP29,113.906998,22.578699,771
粤B2NP29,113.907204,22.5788,771
粤B2NP29,113.907204,22.5788,771
粤B2NP29,113.9076,22.5791,772
粤B2NP29,113.907204,22.5788,772
粤B2NP29,113.9076,22.5791,772
粤B2NP29,113.9076,22.5791,772
粤B2NP29,113.908798,22.580299,773
粤B2NP29,113.908401,22.5798,773
粤B2NP29,113.910004,22.581301,773
粤B2NP29,113.910103,22.5814,774
粤B2NP29,113.910103,22.5814,774
粤B2NP29,113.910103,22.5814,774
粤B2NP29,113.912498,22.5835,775
粤B2NP29,113.910896,22.5821,775
粤B2NP29,113.913399,22.5842,775
粤B2NP29,113.914497,22.5851,776
粤B2NP29,113.9151,22.585699,776
粤B2NP29,113.915398,22.5858,776
粤B2NP29,113.915497,22.586,777
粤B2NP29,113.916298,22.586599,777
粤B2NP29,113.917503,22.587799,777
粤B2NP29,113.917801,22.587999,778
粤B2NP29,113.917801,22.587999,778
粤B2NP29,113.918098,22.588301,778
粤B2NP29,113.920601,22.59,779
粤B2NP29,113.919098,22.589199,779
粤B2NP29,113.920097,22.59,779
粤B2NP29,113.921204,22.589701,780
粤B2NP29,113.920898,22.5898,780
粤B2NP29,113.921204,22.589701,780
粤B2NP29,113.921204,22.589701,781
粤B2NP29,113.921204,22.589701,781
粤B2NP29,113.921204,22.589701,782
粤B2NP29,113.921204,22.589701,782
粤B2NP29,113.921204,22.589701,782
粤B2NP29,113.921204,22.589701,783
粤B2NP29,113.921204,22.589701,783
粤B2NP29,113.921204,22.589701,783
粤B2NP29,113.921204,22.589701,784
粤B2NP29,113.921204,22.589701,784
粤B2NP29,113.921204,22.589701,784
粤B2NP29,113.921204,22.589701,785
粤B2NP29,113.921204,22.589701,785
粤B2NP29,113.921204,22.589701,785
粤B2NP29,113.921204,22.589701,786
粤B2NP29,113.921204,22.589701,786
粤B2NP29,113.921204,22.589701,786
粤B2NP29,113.921204,22.589701,787
粤B2NP29,113.921204,22.589701,787
粤B2NP29,113.921204,22.589701,788
粤B2NP29,113.921204,22.589701,788
粤B2NP29,113.921204,22.589701,788
粤B2NP29,113.921204,22.589701,789
粤B2NP29,113.921204,22.589701,789
粤B2NP29,113.921204,22.589701,789
粤B2NP29,113.921204,22.589701,790
粤B2NP29,113.921204,22.589701,790
粤B2NP29,113.921204,22.589701,790
粤B2NP29,113.921204,22.589701,791
粤B2NP29,113.921204,22.589701,791
粤B2NP29,113.921204,22.589701,791
粤B2NP29,113.921204,22.589701,792
粤B2NP29,113.921204,22.589701,792
粤B2NP29,113.921097,22.5895,792
粤B2NP29,113.921204,22.589701,792
粤B2NP29,113.921204,22.589701,792
粤B2NP29,113.921097,22.5895,793
粤B2NP29,113.921097,22.5895,793
粤B2NP29,113.921097,22.5895,794
粤B2NP29,113.921097,22.5895,794
粤B2NP29,113.921097,22.5895,794
粤B2NP29,113.921097,22.5895,795
粤B2NP29,113.921097,22.5895,795
粤B2NP29,113.921097,22.5895,795
粤B2NP29,113.921097,22.5895,796
粤B2NP29,113.921097,22.5895,796
粤B2NP29,113.921097,22.5895,796
粤B2NP29,113.921097,22.5895,797
粤B2NP29,113.921097,22.5895,798
粤B2NP29,113.9207,22.5898,798
粤B2NP29,113.921097,22.5895,798
粤B2NP29,113.920502,22.589899,799
粤B2NP29,113.919899,22.589899,799
粤B2NP29,113.920502,22.589899,799
粤B2NP29,113.918503,22.5886,800
粤B2NP29,113.918503,22.5886,800
粤B2NP29,113.916199,22.5867,801
粤B2NP29,113.917702,22.587999,801
粤B2NP29,113.918503,22.5886,801
粤B2NP29,113.9142,22.5851,802
粤B2NP29,113.914299,22.5851,802
粤B2NP29,113.914703,22.5854,802
粤B2NP29,113.914299,22.5851,802
粤B2NP29,113.9142,22.5851,802
粤B2NP29,113.9142,22.5851,803
粤B2NP29,113.913803,22.5846,803
粤B2NP29,113.911903,22.583,803
粤B2NP29,113.907898,22.5819,804
粤B2NP29,113.909103,22.5807,804
粤B2NP29,113.910202,22.581499,804
粤B2NP29,113.906502,22.5833,805
粤B2NP29,113.907097,22.583401,805
粤B2NP29,113.907402,22.5832,805
粤B2NP29,113.9076,22.583,806
粤B2NP29,113.907501,22.5826,806
粤B2NP29,113.907501,22.5826,807
粤B2NP29,113.907501,22.5826,807
粤B2NP29,113.907501,22.5826,807
粤B2NP29,113.907501,22.5826,808
粤B2NP29,113.907501,22.5826,808
粤B2NP29,113.907501,22.5826,808
粤B2NP29,113.907501,22.5826,809
粤B2NP29,113.906898,22.583099,809
粤B2NP29,113.907501,22.5826,809
粤B2NP29,113.904999,22.5832,810
粤B2NP29,113.905899,22.5839,810
粤B2NP29,113.906403,22.5835,810
粤B2NP29,113.902702,22.5812,811
粤B2NP29,113.902702,22.5812,811
粤B2NP29,113.903801,22.5821,811
粤B2NP29,113.902298,22.580999,812
粤B2NP29,113.902603,22.5812,812
粤B2NP29,113.903297,22.5802,812
粤B2NP29,113.903,22.5804,812
粤B2NP29,113.903999,22.5795,813
粤B2NP29,113.905403,22.5779,813
粤B2NP29,113.905403,22.577999,813
粤B2NP29,113.905899,22.577499,814
粤B2NP29,113.906898,22.576599,814
粤B2NP29,113.905403,22.5779,814
粤B2NP29,113.908096,22.575199,815
粤B2NP29,113.908798,22.5741,815
粤B2NP29,113.908897,22.5721,815
粤B2NP29,113.908897,22.571199,816
粤B2NP29,113.908897,22.571199,816
粤B2NP29,113.908897,22.571199,816
粤B2NP29,113.908897,22.570999,817
粤B2NP29,113.908997,22.5693,817
粤B2NP29,113.908897,22.571199,817
粤B2NP29,113.908798,22.5662,818
粤B2NP29,113.908997,22.567699,818
粤B2NP29,113.908897,22.568399,818
粤B2NP29,113.907997,22.565599,819
粤B2NP29,113.907997,22.565599,819
粤B2NP29,113.907997,22.565599,819
粤B2NP29,113.907097,22.564899,820
粤B2NP29,113.906898,22.5646,820
粤B2NP29,113.907097,22.564899,820
粤B2NP29,113.903999,22.562201,821
粤B2NP29,113.9048,22.562799,821
粤B2NP29,113.905899,22.5637,821
粤B2NP29,113.901901,22.5641,822
粤B2NP29,113.903,22.563,822
粤B2NP29,113.901001,22.564899,823
粤B2NP29,113.901398,22.5644,823
粤B2NP29,113.900101,22.5658,823
粤B2NP29,113.899902,22.5672,824
粤B2NP29,113.899399,22.566299,824
粤B2NP29,113.900002,22.5672,825
粤B2NP29,113.900101,22.567301,825
粤B2NP29,113.899803,22.566999,825
粤B2NP29,113.897697,22.568199,826
粤B2NP29,113.898903,22.566999,826
粤B2NP29,113.896599,22.569599,826
粤B2NP29,113.897903,22.570801,827
粤B2NP29,113.899002,22.571699,827
粤B2NP29,113.899002,22.571699,828
粤B2NP29,113.899002,22.571699,828
粤B2NP29,113.899002,22.571699,828
粤B2NP29,113.897697,22.5737,829
粤B2NP29,113.899101,22.5723,829
粤B2NP29,113.899002,22.5718,829
粤B2NP29,113.898201,22.574301,830
粤B2NP29,113.899597,22.5755,830
粤B2NP29,113.900803,22.574301,831
粤B2NP29,113.900703,22.5744,831
粤B2NP29,113.9011,22.5737,831
粤B2NP29,113.899101,22.5723,832
粤B2NP29,113.900002,22.572701,832
粤B2NP29,113.896301,22.575001,833
粤B2NP29,113.896103,22.575199,833
粤B2NP29,113.895302,22.576,834
粤B2NP29,113.893204,22.5781,834
粤B2NP29,113.894501,22.5769,834
粤B2NP29,113.893501,22.58,835
粤B2NP29,113.894501,22.5809,835
粤B2NP29,113.892502,22.579,835
粤B2NP29,113.894997,22.5814,836
粤B2NP29,113.894997,22.5814,836
粤B2NP29,113.895798,22.582001,836
粤B2NP29,113.896004,22.582399,837
粤B2NP29,113.896698,22.582899,837
粤B2NP29,113.907402,22.5833,843
粤B2NP29,113.907402,22.5833,844
粤B2NP29,113.907402,22.5833,844
粤B2NP29,113.907402,22.5833,844
粤B2NP29,113.907402,22.5833,845
粤B2NP29,113.907402,22.5833,845
粤B2NP29,113.907402,22.5833,845
粤B2NP29,113.907402,22.5833,846
粤B2NP29,113.907402,22.5833,846
粤B2NP29,113.907402,22.5833,846
粤B2NP29,113.907402,22.5833,847
粤B2NP29,113.907402,22.5833,847
粤B2NP29,113.907402,22.5833,847
粤B2NP29,113.907402,22.5833,848
粤B2NP29,113.907402,22.5833,848
粤B2NP29,113.907402,22.5833,848
粤B2NP29,113.907402,22.5833,849
粤B2NP29,113.907402,22.5833,849
粤B2NP29,113.907402,22.5833,849
粤B2NP29,113.907402,22.5833,850
粤B2NP29,113.907402,22.5833,850
粤B2NP29,113.907402,22.5833,850
粤B2NP29,113.907402,22.5833,851
粤B2NP29,113.907402,22.5833,851
粤B2NP29,113.907402,22.5833,851
粤B2NP29,113.907402,22.5833,852
粤B2NP29,113.907402,22.5833,852
粤B2NP29,113.907402,22.5833,852
粤B2NP29,113.907402,22.5833,853
粤B2NP29,113.907402,22.5833,853
粤B2NP29,113.907402,22.5833,853
粤B2NP29,113.907402,22.5833,854
粤B2NP29,113.907402,22.5833,854
粤B2NP29,113.907402,22.5833,854
粤B2NP29,113.907402,22.5833,855
粤B2NP29,113.907402,22.5833,855
粤B2NP29,113.907402,22.5833,855
粤B2NP29,113.907402,22.5833,856
粤B2NP29,113.907402,22.5833,856
粤B2NP29,113.907402,22.5833,856
粤B2NP29,113.907402,22.5833,857
粤B2NP29,113.907402,22.5833,857
粤B2NP29,113.907402,22.5833,857
粤B2NP29,113.907402,22.5833,858
粤B2NP29,113.907402,22.5833,858
粤B2NP29,113.907402,22.5833,858
粤B2NP29,113.907402,22.5833,859
粤B2NP29,113.907402,22.5833,859
粤B2NP29,113.907402,22.5833,859
粤B2NP29,113.907402,22.5833,860
粤B2NP29,113.907402,22.5833,860
粤B2NP29,113.907402,22.5833,860
粤B2NP29,113.907402,22.5833,861
粤B2NP29,113.907402,22.5833,861
粤B2NP29,113.907402,22.5833,861
粤B2NP29,113.907402,22.5833,862
粤B2NP29,113.907402,22.5833,862
粤B2NP29,113.907402,22.5833,862
粤B2NP29,113.907402,22.5833,863
粤B2NP29,113.907402,22.5833,863
粤B2NP29,113.907402,22.5833,863
粤B2NP29,113.907402,22.5833,864
粤B2NP29,113.907402,22.5833,864
粤B2NP29,113.907402,22.5833,864
粤B2NP29,113.907402,22.5833,865
粤B2NP29,113.907402,22.5833,865
粤B2NP29,113.907402,22.5833,865
粤B2NP29,113.907402,22.5833,866
粤B2NP29,113.907402,22.5833,866
粤B2NP29,113.907402,22.5833,866
粤B2NP29,113.907402,22.5833,867
粤B2NP29,113.907402,22.5833,867
粤B2NP29,113.907402,22.5833,867
粤B2NP29,113.907402,22.5833,868
粤B2NP29,113.907402,22.5833,868
粤B2NP29,113.907402,22.5833,868
粤B2NP29,113.907402,22.5833,869
粤B2NP29,113.907402,22.5833,869
粤B2NP29,113.907402,22.5833,869
粤B2NP29,113.907402,22.5833,870
粤B2NP29,113.907402,22.5833,870
粤B2NP29,113.907402,22.5833,871
粤B2NP29,113.907402,22.5833,871
粤B2NP29,113.907402,22.5833,871
粤B2NP29,113.907402,22.5833,872
粤B2NP29,113.907402,22.5833,872
粤B2NP29,113.907402,22.5833,872
粤B2NP29,113.907402,22.5833,873
粤B2NP29,113.907402,22.5833,873
粤B2NP29,113.907402,22.5833,873
粤B2NP29,113.907402,22.5833,874
粤B2NP29,113.907402,22.5833,874
粤B2NP29,113.907402,22.5833,874
粤B2NP29,113.907402,22.5833,875
粤B2NP29,113.907402,22.5833,875
粤B2NP29,113.907402,22.5833,875
粤B2NP29,113.907402,22.5833,876
粤B2NP29,113.907402,22.5833,876
粤B2NP29,113.907402,22.5833,876
粤B2NP29,113.907402,22.5833,877
粤B2NP29,113.907402,22.5833,877
粤B2NP29,113.907402,22.5833,877
粤B2NP29,113.907402,22.5833,878
粤B2NP29,113.907402,22.5833,878
粤B2NP29,113.907402,22.5833,878
粤B2NP29,113.907402,22.5833,879
粤B2NP29,113.907402,22.5833,879
粤B2NP29,113.907402,22.5833,879
粤B2NP29,113.907402,22.5833,880
粤B2NP29,113.907402,22.5833,880
粤B2NP29,113.907402,22.5833,880
粤B2NP29,113.907402,22.5833,881
粤B2NP29,113.907402,22.5833,881
粤B2NP29,113.907402,22.5833,881
粤B2NP29,113.907402,22.5833,882
粤B2NP29,113.907402,22.5833,882
粤B2NP29,113.907402,22.5833,882
粤B2NP29,113.907402,22.5833,883
粤B2NP29,113.907402,22.5833,883
粤B2NP29,113.907402,22.5833,883
粤B2NP29,113.907402,22.5833,884
粤B2NP29,113.907402,22.5833,884
粤B2NP29,113.907402,22.5833,884
粤B2NP29,113.907402,22.5833,885
粤B2NP29,113.907402,22.5833,885
粤B2NP29,113.907402,22.5833,885
粤B2NP29,113.907402,22.5833,886
粤B2NP29,113.907402,22.5833,886
粤B2NP29,113.907402,22.5833,886
粤B2NP29,113.907402,22.5833,887
粤B2NP29,113.907402,22.5833,887
粤B2NP29,113.907402,22.5833,887
粤B2NP29,113.907402,22.5833,888
粤B2NP29,113.907402,22.5833,888
粤B2NP29,113.907402,22.5833,888
粤B2NP29,113.907402,22.5833,889
粤B2NP29,113.907402,22.5833,889
粤B2NP29,113.907402,22.5833,889
粤B2NP29,113.907402,22.5833,890
粤B2NP29,113.907402,22.5833,890
粤B2NP29,113.907402,22.5833,890
粤B2NP29,113.907402,22.5833,891
粤B2NP29,113.907402,22.5833,891
粤B2NP29,113.907402,22.5833,891
粤B2NP29,113.907402,22.5833,892
粤B2NP29,113.907402,22.5833,892
粤B2NP29,113.907402,22.5833,892
粤B2NP29,113.907402,22.5833,893
粤B2NP29,113.907402,22.5833,893
粤B2NP29,113.907402,22.5833,893
粤B2NP29,113.907402,22.5833,894
粤B2NP29,113.907402,22.5833,894
粤B2NP29,113.907402,22.5833,894
粤B2NP29,113.907402,22.5833,895
粤B2NP29,113.907402,22.5833,895
粤B2NP29,113.907402,22.5833,895
粤B2NP29,113.907402,22.5833,896
粤B2NP29,113.907402,22.5833,896
粤B2NP29,113.907402,22.5833,896
粤B2NP29,113.907402,22.5833,897
粤B2NP29,113.907402,22.5833,897
粤B2NP29,113.907402,22.5833,897
粤B2NP29,113.907402,22.5833,898
粤B2NP29,113.907402,22.5833,898
粤B2NP29,113.907402,22.5833,898
粤B2NP29,113.907402,22.5833,899
粤B2NP29,113.907402,22.5833,899
粤B2NP29,113.907402,22.5833,899
粤B2NP29,113.907402,22.5833,900
粤B2NP29,113.907402,22.5833,911
粤B2NP29,113.907402,22.5833,911
粤B2NP29,113.907402,22.5833,912
粤B2NP29,113.907402,22.5833,912
粤B2NP29,113.907402,22.5833,912
粤B2NP29,113.907402,22.5833,913
粤B2NP29,113.907402,22.5833,913
粤B2NP29,113.907402,22.5833,913
粤B2NP29,113.907402,22.5833,914
粤B2NP29,113.907402,22.5833,914
粤B2NP29,113.907402,22.5833,914
粤B2NP29,113.907402,22.5833,915
粤B2NP29,113.907402,22.5833,915
粤B2NP29,113.907402,22.5833,915
粤B2NP29,113.907402,22.5833,916
粤B2NP29,113.907402,22.5833,916
粤B2NP29,113.907402,22.5833,916
粤B2NP29,113.907402,22.5833,917
粤B2NP29,113.907402,22.5833,917
粤B2NP29,113.907402,22.5833,917
粤B2NP29,113.907402,22.5833,918
粤B2NP29,113.907402,22.5833,918
粤B2NP29,113.907402,22.5833,918
粤B2NP29,113.907402,22.5833,919
粤B2NP29,113.907402,22.5833,919
粤B2NP29,113.907402,22.5833,919
粤B2NP29,113.907402,22.5833,920
粤B2NP29,113.907402,22.5833,920
粤B2NP29,113.907402,22.5833,920
粤B2NP29,113.907402,22.5833,921
粤B2NP29,113.907402,22.5833,921
粤B2NP29,113.907402,22.5833,921
粤B2NP29,113.907402,22.5833,922
粤B2NP29,113.907402,22.5833,922
粤B2NP29,113.907402,22.5833,922
粤B2NP29,113.907402,22.5833,923
粤B2NP29,113.907402,22.5833,923
粤B2NP29,113.907402,22.5833,923
粤B2NP29,113.907402,22.5833,924
粤B2NP29,113.907402,22.5833,924
粤B2NP29,113.907402,22.5833,924
粤B2NP29,113.907402,22.5833,925
粤B2NP29,113.907402,22.5833,925
粤B2NP29,113.907402,22.5833,925
粤B2NP29,113.907402,22.5833,926
粤B2NP29,113.907402,22.5833,926
粤B2NP29,113.907402,22.5833,926
粤B2NP29,113.907402,22.5833,927
粤B2NP29,113.907402,22.5833,927
粤B2NP29,113.907402,22.5833,927
粤B2NP29,113.907402,22.5833,928
粤B2NP29,113.907402,22.5833,928
粤B2NP29,113.907402,22.5833,928
粤B2NP29,113.907402,22.5833,929
粤B2NP29,113.907402,22.5833,929
粤B2NP29,113.907402,22.5833,929
粤B2NP29,113.907402,22.5833,930
粤B2NP29,113.907402,22.5833,930
粤B2NP29,113.907402,22.5833,930
粤B2NP29,113.907402,22.5833,931
粤B2NP29,113.907402,22.5833,931
粤B2NP29,113.907402,22.5833,931
粤B2NP29,113.907402,22.5833,932
粤B2NP29,113.907402,22.5833,932
粤B2NP29,113.907402,22.5833,932
粤B2NP29,113.907402,22.5833,933
粤B2NP29,113.907402,22.5833,933
粤B2NP29,113.907402,22.5833,933
粤B2NP29,113.907402,22.5833,934
粤B2NP29,113.907402,22.5833,934
粤B2NP29,113.907402,22.5833,934
粤B2NP29,113.907402,22.5833,935
粤B2NP29,113.907402,22.5833,935
粤B2NP29,113.907402,22.5833,935
粤B2NP29,113.907402,22.5833,936
粤B2NP29,113.907402,22.5833,936
粤B2NP29,113.907402,22.5833,937
粤B2NP29,113.907402,22.5833,937
粤B2NP29,113.907402,22.5833,937
粤B2NP29,113.907402,22.5833,938
粤B2NP29,113.907402,22.5833,938
粤B2NP29,113.907402,22.5833,938
粤B2NP29,113.907402,22.5833,939
粤B2NP29,113.907402,22.5833,939
粤B2NP29,113.907402,22.5833,939
粤B2NP29,113.907402,22.5833,940
粤B2NP29,113.907402,22.5833,940
粤B2NP29,113.907402,22.5833,940
粤B2NP29,113.907402,22.5833,941
粤B2NP29,113.907402,22.5833,941
粤B2NP29,113.907402,22.5833,941
粤B2NP29,113.906303,22.5833,942
粤B2NP29,113.905998,22.583401,942
粤B2NP29,113.905998,22.583401,942
粤B2NP29,113.907097,22.5825,943
粤B2NP29,113.908501,22.581301,943
粤B2NP29,113.908699,22.580299,943
粤B2NP29,113.904602,22.578899,944
粤B2NP29,113.905701,22.5779,944
粤B2NP29,113.903503,22.58,945
粤B2NP29,113.901299,22.580099,945
粤B2NP29,113.902397,22.580999,945
粤B2NP29,113.900101,22.579,946
粤B2NP29,113.900101,22.5781,946
粤B2NP29,113.901199,22.577101,946
粤B2NP29,113.902603,22.5756,947
粤B2NP29,113.902603,22.5756,947
粤B2NP29,113.902298,22.575899,947
粤B2NP29,113.901001,22.573601,948
粤B2NP29,113.902603,22.575001,948
粤B2NP29,113.902603,22.5756,948
粤B2NP29,113.899399,22.5723,949
粤B2NP29,113.897102,22.5742,949
粤B2NP29,113.898399,22.573,949
粤B2NP29,113.896301,22.575001,950
粤B2NP29,113.896301,22.575001,950
粤B2NP29,113.896301,22.575001,950
粤B2NP29,113.896301,22.575001,951
粤B2NP29,113.896202,22.5751,951
粤B2NP29,113.896301,22.575001,951
粤B2NP29,113.893402,22.5779,952
粤B2NP29,113.894402,22.577,952
粤B2NP29,113.895302,22.576,952
粤B2NP29,113.892502,22.578899,953
粤B2NP29,113.892502,22.578899,953
粤B2NP29,113.892502,22.578899,953
粤B2NP29,113.892502,22.578899,954
粤B2NP29,113.892502,22.578899,954
粤B2NP29,113.892502,22.578899,954
粤B2NP29,113.891296,22.58,955
粤B2NP29,113.892502,22.578899,955
粤B2NP29,113.889099,22.582199,955
粤B2NP29,113.892502,22.578899,955
粤B2NP29,113.888603,22.5826,956
粤B2NP29,113.888603,22.5826,956
粤B2NP29,113.888603,22.5826,956
粤B2NP29,113.888603,22.5826,957
粤B2NP29,113.888603,22.5826,957
粤B2NP29,113.888603,22.5826,957
粤B2NP29,113.888199,22.583,958
粤B2NP29,113.888603,22.5826,958
粤B2NP29,113.886803,22.5844,958
粤B2NP29,113.884903,22.5874,959
粤B2NP29,113.886597,22.5882,959
粤B2NP29,113.885399,22.585899,959
粤B2NP29,113.887604,22.588499,960
粤B2NP29,113.8871,22.588301,960
粤B2NP29,113.8871,22.588301,960
粤B2NP29,113.888,22.5886,961
粤B2NP29,113.888,22.5886,961
粤B2NP29,113.888,22.5886,961
粤B2NP29,113.888702,22.5875,962
粤B2NP29,113.890099,22.5844,962
粤B2NP29,113.889397,22.585899,962
粤B2NP29,113.889,22.583599,963
粤B2NP29,113.887703,22.583599,963
粤B2NP29,113.886002,22.5853,963
粤B2NP29,113.884697,22.5865,964
粤B2NP29,113.884598,22.586599,964
粤B2NP29,113.884697,22.5865,964
粤B2NP29,113.884003,22.5867,965
粤B2NP29,113.885002,22.580799,967
粤B2NP29,113.882797,22.5795,968
粤B2NP29,113.882202,22.580299,969
粤B2NP29,113.882599,22.579901,969
粤B2NP29,113.8806,22.581699,970
粤B2NP29,113.882004,22.5805,970
粤B2NP29,113.878403,22.583401,971
粤B2NP29,113.8769,22.5849,971
粤B2NP29,113.875603,22.586201,972
粤B2NP29,113.872101,22.5907,973
粤B2NP29,113.872902,22.5895,973
粤B2NP29,113.870102,22.593599,974
粤B2NP29,113.871803,22.5961,975
粤B2NP29,113.871803,22.5961,975
粤B2NP29,113.872002,22.5963,975
粤B2NP29,113.874603,22.5965,976
粤B2NP29,113.877899,22.5931,977
粤B2NP29,113.8769,22.5942,977
粤B2NP29,113.878403,22.592699,978
粤B2NP29,113.878403,22.592699,978
粤B2NP29,113.878403,22.592699,978
粤B2NP29,113.878403,22.592699,979
粤B2NP29,113.878403,22.592699,979
粤B2NP29,113.878403,22.5926,979
粤B2NP29,113.879204,22.591801,980
粤B2NP29,113.880302,22.59,980
粤B2NP29,113.880203,22.590799,980
粤B2NP29,113.878799,22.5888,981
粤B2NP29,113.877296,22.5875,981
粤B2NP29,113.875999,22.5865,982
粤B2NP29,113.875702,22.5861,982
粤B2NP29,113.875999,22.5865,982
粤B2NP29,113.877998,22.5837,983
粤B2NP29,113.876999,22.584801,983
粤B2NP29,113.876503,22.5853,983
粤B2NP29,113.879097,22.582701,984
粤B2NP29,113.878998,22.5828,984
粤B2NP29,113.880096,22.5819,984
粤B2NP29,113.882004,22.5804,985
粤B2NP29,113.881401,22.5805,985
粤B2NP29,113.882401,22.5807,986
粤B2NP29,113.883003,22.5812,986
粤B2NP29,113.883301,22.581699,986
粤B2NP29,113.885101,22.5807,987
粤B2NP29,113.884499,22.5811,987
粤B2NP29,113.887199,22.582001,988
粤B2NP29,113.885101,22.5807,988
粤B2NP29,113.885696,22.5807,988
粤B2NP29,113.889999,22.5811,989
粤B2NP29,113.888298,22.5828,989
粤B2NP29,113.889,22.5821,989
粤B2NP29,113.891197,22.58,990
粤B2NP29,113.891899,22.5793,990
粤B2NP29,113.891899,22.5793,991
粤B2NP29,113.891899,22.5793,991
粤B2NP29,113.891899,22.5793,991
粤B2NP29,113.891998,22.579201,992
粤B2NP29,113.891899,22.5793,992
粤B2NP29,113.889702,22.5816,993
粤B2NP29,113.888603,22.582701,995
粤B2NP29,113.888603,22.582701,995
粤B2NP29,113.888603,22.582701,996
粤B2NP29,113.888603,22.582701,996
粤B2NP29,113.888603,22.582701,996
粤B2NP29,113.888603,22.582701,997
粤B2NP29,113.888298,22.582899,997
粤B2NP29,113.888603,22.582701,997
粤B2NP29,113.887398,22.5823,998
粤B2NP29,113.885803,22.580799,998
粤B2NP29,113.886398,22.5814,998
粤B2NP29,113.885803,22.580799,999
粤B2NP29,113.885803,22.580799,999
粤B2NP29,113.885803,22.580799,999
粤B2NP29,113.885696,22.5807,1000
粤B2NP29,113.885803,22.580799,1000
粤B2NP29,113.884201,22.579399,1000
粤B2NP29,113.880699,22.5765,1001
粤B2NP29,113.882103,22.5776,1001
粤B2NP29,113.880699,22.5765,1001
粤B2NP29,113.880203,22.576,1002
粤B2NP29,113.880203,22.576,1002
粤B2NP29,113.880402,22.5762,1002
粤B2NP29,113.879799,22.5756,1003
粤B2NP29,113.8787,22.5746,1003
粤B2NP29,113.879402,22.5753,1003
粤B2NP29,113.8787,22.5746,1004
粤B2NP29,113.879303,22.573601,1004
粤B2NP29,113.879799,22.5732,1005
粤B2NP29,113.879799,22.5732,1005
粤B2NP29,113.879799,22.5732,1005
粤B2NP29,113.881203,22.5718,1006
粤B2NP29,113.880302,22.5728,1006
粤B2NP29,113.882202,22.570999,1006
粤B2NP29,113.884201,22.572599,1007
粤B2NP29,113.882896,22.571501,1007
粤B2NP29,113.8843,22.5728,1007
粤B2NP29,113.884003,22.5725,1007
粤B2NP29,113.8871,22.5723,1008
粤B2NP29,113.8853,22.573601,1008
粤B2NP29,113.8862,22.573299,1008
粤B2NP29,113.888,22.5716,1009
粤B2NP29,113.889099,22.570499,1009
粤B2NP29,113.892899,22.566,1010
粤B2NP29,113.891998,22.5672,1010
粤B2NP29,113.891403,22.5681,1010
粤B2NP29,113.895203,22.5686,1011
粤B2NP29,113.8946,22.568001,1011
粤B2NP29,113.895401,22.568701,1012
粤B2NP29,113.896004,22.5695,1012
粤B2NP29,113.8964,22.569599,1012
粤B2NP29,113.892799,22.5676,1013
粤B2NP29,113.895897,22.569401,1013
粤B2NP29,113.890999,22.564899,1014
粤B2NP29,113.891502,22.565599,1014
粤B2NP29,113.890999,22.564899,1014
粤B2NP29,113.890404,22.5644,1015
粤B2NP29,113.887703,22.562201,1015
粤B2NP29,113.889099,22.5634,1015
粤B2NP29,113.887703,22.562201,1016
粤B2NP29,113.887703,22.562201,1016
粤B2NP29,113.887604,22.562099,1017
粤B2NP29,113.887703,22.562201,1017
粤B2NP29,113.887703,22.562201,1017
粤B2NP29,113.886902,22.5613,1018
粤B2NP29,113.888496,22.5595,1018
粤B2NP29,113.888496,22.5595,1018
粤B2NP29,113.887901,22.560101,1018
粤B2NP29,113.889198,22.558901,1019
粤B2NP29,113.891998,22.556,1019
粤B2NP29,113.890099,22.558001,1019
粤B2NP29,113.890701,22.5574,1019
粤B2NP29,113.896599,22.557899,1029
粤B2NP29,113.897202,22.5574,1029
粤B2NP29,113.895699,22.558599,1030
粤B2NP29,113.895699,22.5585,1030
粤B2NP29,113.8946,22.559299,1030
粤B2NP29,113.892799,22.560699,1031
粤B2NP29,113.892097,22.5613,1031
粤B2NP29,113.892601,22.560801,1031
粤B2NP29,113.889801,22.563801,1032
粤B2NP29,113.890701,22.5627,1032
粤B2NP29,113.891403,22.562,1032
粤B2NP29,113.893303,22.5662,1033
粤B2NP29,113.891502,22.565399,1033
粤B2NP29,113.893303,22.5674,1033
粤B2NP29,113.891899,22.568199,1034
粤B2NP29,113.889801,22.5704,1034
粤B2NP29,113.890297,22.571301,1035
粤B2NP29,113.890297,22.571301,1035
粤B2NP29,113.890198,22.571199,1035
粤B2NP29,113.890297,22.571501,1036
粤B2NP29,113.887398,22.5744,1036
粤B2NP29,113.889,22.5728,1036
粤B2NP29,113.887901,22.575199,1037
粤B2NP29,113.888901,22.576,1037
粤B2NP29,113.889297,22.5765,1037
粤B2NP29,113.889297,22.5765,1038
粤B2NP29,113.890198,22.577299,1038
粤B2NP29,113.891998,22.578699,1038
粤B2NP29,113.891998,22.578699,1039
粤B2NP29,113.891998,22.578699,1039
粤B2NP29,113.891998,22.578699,1040
粤B2NP29,113.891998,22.578699,1040
粤B2NP29,113.891998,22.578699,1040
粤B2NP29,113.894402,22.5809,1041
粤B2NP29,113.893501,22.580099,1041
粤B2NP29,113.8955,22.581699,1042
粤B2NP29,113.895103,22.5814,1042
粤B2NP29,113.896004,22.582199,1043
粤B2NP29,113.896004,22.582199,1043
粤B2NP29,113.895203,22.583,1043
粤B2NP29,113.894402,22.583799,1044
粤B2NP29,113.894096,22.584499,1044
粤B2NP29,113.893997,22.5849,1044
粤B2NP29,113.894402,22.583799,1044
粤B2NP29,113.892601,22.5849,1045
粤B2NP29,113.893997,22.5849,1045
粤B2NP29,113.893997,22.5851,1045
粤B2NP29,113.889999,22.5847,1046
粤B2NP29,113.891098,22.5846,1046
粤B2NP29,113.889603,22.5856,1046
粤B2NP29,113.888901,22.587,1047
粤B2NP29,113.888199,22.588699,1047
粤B2NP29,113.888298,22.5882,1047
粤B2NP29,113.8862,22.5928,1048
粤B2NP29,113.886803,22.5914,1048
粤B2NP29,113.887604,22.5898,1048
粤B2NP29,113.8862,22.5928,1048
粤B2NP29,113.8881,22.593201,1049
粤B2NP29,113.888298,22.592899,1050
粤B2NP29,113.888298,22.592899,1050
粤B2NP29,113.888298,22.592899,1050
粤B2NP29,113.888298,22.592899,1051
粤B2NP29,113.888298,22.592899,1052
粤B2NP29,113.888298,22.592899,1052
粤B2NP29,113.888298,22.592899,1053
粤B2NP29,113.888298,22.592899,1053
粤B2NP29,113.888298,22.592899,1053
粤B2NP29,113.889702,22.5933,1054
粤B2NP29,113.888702,22.593,1054
粤B2NP29,113.891502,22.593399,1054
粤B2NP29,113.887497,22.593399,1055
粤B2NP29,113.885201,22.5933,1055
粤B2NP29,113.889801,22.5935,1055
粤B2NP29,113.881203,22.593,1056
粤B2NP29,113.882698,22.5931,1056
粤B2NP29,113.881798,22.5931,1056
粤B2NP29,113.880798,22.593,1057
粤B2NP29,113.879799,22.592899,1057
粤B2NP29,113.879799,22.592899,1057
粤B2NP29,113.879799,22.592899,1058
粤B2NP29,113.879799,22.592899,1058
粤B2NP29,113.879799,22.592899,1058
粤B2NP29,113.879799,22.592899,1059
粤B2NP29,113.879799,22.592899,1059
粤B2NP29,113.879799,22.592899,1059
粤B2NP29,113.879799,22.592899,1060
粤B2NP29,113.879799,22.592899,1060
粤B2NP29,113.879799,22.592899,1060
粤B2NP29,113.879799,22.592899,1061
粤B2NP29,113.879799,22.592899,1061
粤B2NP29,113.879402,22.5928,1061
粤B2NP29,113.8769,22.591499,1062
粤B2NP29,113.875298,22.5903,1062
粤B2NP29,113.878197,22.5923,1062
粤B2NP29,113.873901,22.5891,1063
粤B2NP29,113.870499,22.586599,1063
粤B2NP29,113.872498,22.587999,1063
粤B2NP29,113.867699,22.5846,1064
粤B2NP29,113.868797,22.5853,1064
粤B2NP29,113.866501,22.5837,1064
粤B2NP29,113.865601,22.583,1065
粤B2NP29,113.865997,22.583401,1065
粤B2NP29,113.866096,22.583401,1065
粤B2NP29,113.864899,22.582399,1066
粤B2NP29,113.863998,22.581301,1066
粤B2NP29,113.863998,22.581301,1067
粤B2NP29,113.863998,22.581301,1067
粤B2NP29,113.863998,22.581301,1068
粤B2NP29,113.863998,22.581301,1068
粤B2NP29,113.863998,22.581301,1069
粤B2NP29,113.862999,22.580299,1069
粤B2NP29,113.863899,22.5812,1069
粤B2NP29,113.862297,22.5807,1070
粤B2NP29,113.862503,22.580299,1070
粤B2NP29,113.862297,22.5807,1070
粤B2NP29,113.862297,22.5807,1071
粤B2NP29,113.862297,22.5807,1071
粤B2NP29,113.862297,22.5807,1071
粤B2NP29,113.862297,22.5807,1072
粤B2NP29,113.862297,22.5807,1072
粤B2NP29,113.862297,22.5807,1073
粤B2NP29,113.862297,22.5807,1074
粤B2NP29,113.862297,22.5807,1074
粤B2NP29,113.862297,22.5807,1075
粤B2NP29,113.862297,22.5807,1076
粤B2NP29,113.862297,22.5807,1076
粤B2NP29,113.862297,22.5807,1076
粤B2NP29,113.862297,22.5807,1077
粤B2NP29,113.862297,22.5807,1077
粤B2NP29,113.862297,22.5807,1077
粤B2NP29,113.862297,22.5807,1078
粤B2NP29,113.862297,22.5807,1078
粤B2NP29,113.862297,22.5807,1078
粤B2NP29,113.862297,22.5807,1079
粤B2NP29,113.862297,22.5807,1079
粤B2NP29,113.862297,22.5807,1080
粤B2NP29,113.862297,22.5807,1080
粤B2NP29,113.862297,22.5807,1080
粤B2NP29,113.862297,22.5807,1081
粤B2NP29,113.862297,22.5807,1081
粤B2NP29,113.862297,22.5807,1082
粤B2NP29,113.862297,22.5807,1082
粤B2NP29,113.862297,22.5807,1082
粤B2NP29,113.862297,22.5807,1083
粤B2NP29,113.862297,22.5807,1083
粤B2NP29,113.862297,22.5807,1083
粤B2NP29,113.862297,22.5807,1084
粤B2NP29,113.862297,22.5807,1084
粤B2NP29,113.862297,22.5807,1084
粤B2NP29,113.862503,22.580601,1085
粤B2NP29,113.862602,22.5802,1085
粤B2NP29,113.862503,22.5797,1085
粤B2NP29,113.862297,22.579399,1086
粤B2NP29,113.861397,22.578501,1086
粤B2NP29,113.862198,22.5793,1086
粤B2NP29,113.860901,22.5779,1087
粤B2NP29,113.860901,22.5779,1087
粤B2NP29,113.860901,22.5779,1088
粤B2NP29,113.860901,22.5779,1088
粤B2NP29,113.860901,22.5779,1088
粤B2NP29,113.860397,22.5774,1089
粤B2NP29,113.859802,22.576599,1089
粤B2NP29,113.860802,22.5758,1090
粤B2NP29,113.862503,22.574499,1090
粤B2NP29,113.863602,22.5735,1091
粤B2NP29,113.862999,22.5741,1091
粤B2NP29,113.865303,22.5723,1092
粤B2NP29,113.865303,22.5723,1092
粤B2NP29,113.8647,22.572701,1092
粤B2NP29,113.865601,22.572001,1093
粤B2NP29,113.867996,22.5749,1093
粤B2NP29,113.8666,22.573099,1093
粤B2NP29,113.869102,22.575899,1094
粤B2NP29,113.8685,22.575701,1094
粤B2NP29,113.871399,22.5746,1094
粤B2NP29,113.874603,22.572399,1095
粤B2NP29,113.874901,22.5721,1095
粤B2NP29,113.873398,22.5732,1095
粤B2NP29,113.874901,22.5721,1096
粤B2NP29,113.874901,22.5721,1096
粤B2NP29,113.874901,22.5721,1096
粤B2NP29,113.874901,22.5721,1097
粤B2NP29,113.874901,22.5721,1097
粤B2NP29,113.875099,22.572001,1098
粤B2NP29,113.877701,22.573799,1099
粤B2NP29,113.878304,22.574301,1099
粤B2NP29,113.878304,22.574301,1099
粤B2NP29,113.878304,22.574301,1100
粤B2NP29,113.878304,22.574301,1100
粤B2NP29,113.878304,22.574301,1100
粤B2NP29,113.8787,22.5746,1101
粤B2NP29,113.8806,22.5763,1101
粤B2NP29,113.879402,22.575199,1101
粤B2NP29,113.882401,22.577801,1102
粤B2NP29,113.884102,22.5793,1102
粤B2NP29,113.884102,22.5793,1102
粤B2NP29,113.884499,22.579599,1103
粤B2NP29,113.885201,22.5802,1103
粤B2NP29,113.884102,22.5793,1103
粤B2NP29,113.8862,22.5811,1104
粤B2NP29,113.888298,22.5828,1104
粤B2NP29,113.887001,22.5818,1104
粤B2NP29,113.889702,22.581499,1105
粤B2NP29,113.891502,22.579599,1105
粤B2NP29,113.891197,22.579901,1105
粤B2NP29,113.893898,22.577299,1106
粤B2NP29,113.893097,22.5781,1106
粤B2NP29,113.891899,22.579201,1106
粤B2NP29,113.8955,22.575701,1107
粤B2NP29,113.897697,22.5769,1107
粤B2NP29,113.896698,22.576099,1107
粤B2NP29,113.899002,22.5781,1108
粤B2NP29,113.899399,22.5784,1108
粤B2NP29,113.899399,22.5784,1108
粤B2NP29,113.899696,22.5786,1109
粤B2NP29,113.900902,22.5797,1109
粤B2NP29,113.900703,22.579399,1109
粤B2NP29,113.9011,22.579901,1110
粤B2NP29,113.902702,22.5809,1110
粤B2NP29,113.9021,22.580601,1110
粤B2NP29,113.905602,22.5779,1111
粤B2NP29,113.903801,22.579599,1111
粤B2NP29,113.904701,22.5788,1111
粤B2NP29,113.9076,22.579201,1112
粤B2NP29,113.906097,22.5779,1112
粤B2NP29,113.908401,22.579901,1112
粤B2NP29,113.908401,22.579901,1113
粤B2NP29,113.908401,22.579901,1113
粤B2NP29,113.908401,22.579901,1113
粤B2NP29,113.908401,22.579901,1114
粤B2NP29,113.908401,22.579901,1114
粤B2NP29,113.908401,22.579901,1114
粤B2NP29,113.908401,22.579901,1115
粤B2NP29,113.908401,22.579901,1115
粤B2NP29,113.908401,22.579901,1115
粤B2NP29,113.908401,22.579901,1116
粤B2NP29,113.908401,22.579901,1116
粤B2NP29,113.908401,22.579901,1116
粤B2NP29,113.908699,22.5811,1117
粤B2NP29,113.908699,22.5811,1117
粤B2NP29,113.909203,22.580601,1117
粤B2NP29,113.908203,22.5816,1118
粤B2NP29,113.908699,22.5811,1118
粤B2NP29,113.908699,22.5811,1118
粤B2NP29,113.908699,22.5811,1118
粤B2NP29,113.908501,22.581301,1119
粤B2NP29,113.908501,22.5814,1119
粤B2NP29,113.908501,22.581301,1119
粤B2NP29,113.908699,22.5812,1120
粤B2NP29,113.910202,22.5814,1120
粤B2NP29,113.909302,22.5807,1120
粤B2NP29,113.913498,22.579201,1121
粤B2NP29,113.910698,22.5818,1121
粤B2NP29,113.911903,22.580799,1121
粤B2NP29,113.913803,22.578899,1122
粤B2NP29,113.913803,22.578899,1122
粤B2NP29,113.913803,22.578899,1122
粤B2NP29,113.914703,22.5781,1123
粤B2NP29,113.914497,22.578199,1123
粤B2NP29,113.914001,22.578699,1123
粤B2NP29,113.915604,22.577101,1124
粤B2NP29,113.915604,22.577101,1124
粤B2NP29,113.915604,22.5772,1124
粤B2NP29,113.916,22.5769,1125
粤B2NP29,113.915901,22.576799,1125
粤B2NP29,113.915604,22.5772,1125
粤B2NP29,113.914398,22.5784,1126
粤B2NP29,113.914497,22.578199,1126
粤B2NP29,113.915703,22.577,1126
粤B2NP29,113.911102,22.581699,1127
粤B2NP29,113.913399,22.579399,1127
粤B2NP29,113.911797,22.5809,1127
粤B2NP29,113.911102,22.581699,1128
粤B2NP29,113.911102,22.581699,1128
粤B2NP29,113.911102,22.581699,1128
粤B2NP29,113.911102,22.581699,1129
粤B2NP29,113.911102,22.581699,1129
粤B2NP29,113.911102,22.581699,1129
粤B2NP29,113.9095,22.5809,1130
粤B2NP29,113.9095,22.5809,1130
粤B2NP29,113.9095,22.5809,1131
粤B2NP29,113.9095,22.5809,1131
粤B2NP29,113.9067,22.5784,1132
粤B2NP29,113.906998,22.5786,1132
粤B2NP29,113.908897,22.580299,1132
粤B2NP29,113.9048,22.5767,1133
粤B2NP29,113.903702,22.5758,1133
粤B2NP29,113.905998,22.5779,1133
粤B2NP29,113.903603,22.574499,1134
粤B2NP29,113.903099,22.5753,1134
粤B2NP29,113.903999,22.5742,1135
粤B2NP29,113.904999,22.573299,1135
粤B2NP29,113.9048,22.573601,1135
粤B2NP29,113.905296,22.572901,1136
粤B2NP29,113.9049,22.571501,1136
粤B2NP29,113.905701,22.572399,1136
粤B2NP29,113.903702,22.570499,1137
粤B2NP29,113.904099,22.5707,1137
粤B2NP29,113.903702,22.570499,1137
粤B2NP29,113.903198,22.5651,1144
粤B2NP29,113.902802,22.564699,1144
粤B2NP29,113.902199,22.5641,1145
粤B2NP29,113.902199,22.5641,1145
粤B2NP29,113.902199,22.5641,1145
粤B2NP29,113.902199,22.5641,1145
粤B2NP29,113.901802,22.5641,1146
粤B2NP29,113.902199,22.5641,1146
粤B2NP29,113.901703,22.564301,1146
粤B2NP29,113.900497,22.5655,1147
粤B2NP29,113.901398,22.5646,1147
粤B2NP29,113.901199,22.5648,1147
粤B2NP29,113.899696,22.566299,1148
粤B2NP29,113.899399,22.566601,1148
粤B2NP29,113.899902,22.566,1148
粤B2NP29,113.897003,22.569,1149
粤B2NP29,113.898399,22.567499,1149
粤B2NP29,113.897499,22.568501,1149
粤B2NP29,113.896202,22.569799,1150
粤B2NP29,113.896896,22.569099,1150
粤B2NP29,113.896896,22.569099,1150
粤B2NP29,113.894096,22.571899,1151
粤B2NP29,113.8955,22.570499,1151
粤B2NP29,113.894997,22.570999,1151
粤B2NP29,113.893799,22.572201,1152
粤B2NP29,113.893097,22.572901,1152
粤B2NP29,113.893303,22.5728,1152
粤B2NP29,113.8955,22.575001,1153
粤B2NP29,113.894096,22.573799,1153
粤B2NP29,113.8955,22.575001,1153
粤B2NP29,113.895401,22.5749,1153
粤B2NP29,113.8955,22.575001,1154
粤B2NP29,113.8955,22.575001,1154
粤B2NP29,113.8955,22.575001,1154
粤B2NP29,113.8955,22.575001,1155
粤B2NP29,113.8955,22.575001,1155
粤B2NP29,113.895699,22.575199,1155
粤B2NP29,113.892998,22.5783,1156
粤B2NP29,113.8937,22.5776,1156
粤B2NP29,113.895203,22.576099,1156
粤B2NP29,113.892998,22.5784,1157
粤B2NP29,113.892998,22.5784,1157
粤B2NP29,113.892601,22.578699,1158
粤B2NP29,113.893799,22.580299,1158
粤B2NP29,113.892899,22.5795,1158
粤B2NP29,113.894699,22.5811,1159
粤B2NP29,113.895401,22.581699,1159
粤B2NP29,113.895897,22.5821,1159
粤B2NP29,113.895897,22.5821,1160
粤B2NP29,113.895897,22.5821,1160
粤B2NP29,113.895897,22.5821,1160
粤B2NP29,113.896599,22.5816,1161
粤B2NP29,113.8974,22.580799,1161
粤B2NP29,113.898499,22.5798,1162
粤B2NP29,113.9002,22.579,1162
粤B2NP29,113.899498,22.578699,1162
粤B2NP29,113.900703,22.579599,1163
粤B2NP29,113.901199,22.58,1163
粤B2NP29,113.901199,22.58,1163
粤B2NP29,113.902802,22.580601,1164
粤B2NP29,113.902199,22.580799,1164
粤B2NP29,113.901901,22.5807,1164
粤B2NP29,113.903801,22.5797,1165
粤B2NP29,113.904503,22.578899,1165
粤B2NP29,113.905602,22.5779,1165
粤B2NP29,113.905998,22.577801,1166
粤B2NP29,113.907303,22.578899,1166
粤B2NP29,113.905602,22.5779,1166
粤B2NP29,113.909203,22.5805,1167
粤B2NP29,113.910004,22.581301,1167
粤B2NP29,113.910004,22.5812,1167
粤B2NP29,113.910004,22.581301,1168
粤B2NP29,113.910301,22.581499,1168
粤B2NP29,113.910004,22.581301,1168
粤B2NP29,113.911301,22.582399,1169
粤B2NP29,113.914597,22.5851,1169
粤B2NP29,113.914803,22.585199,1170
粤B2NP29,113.914803,22.585199,1170
粤B2NP29,113.914803,22.585199,1171
粤B2NP29,113.914902,22.585501,1171
粤B2NP29,113.916298,22.5867,1172
粤B2NP29,113.917801,22.587999,1172
粤B2NP29,113.917801,22.5881,1172
粤B2NP29,113.916397,22.586901,1173
粤B2NP29,113.914597,22.5853,1173
粤B2NP29,113.917999,22.588301,1173
粤B2NP29,113.911903,22.587099,1174
粤B2NP29,113.913597,22.5854,1174
粤B2NP29,113.912903,22.5861,1174
粤B2NP29,113.9104,22.587601,1175
粤B2NP29,113.9104,22.587601,1175
粤B2NP29,113.911301,22.587601,1175
粤B2NP29,113.908897,22.5875,1176
粤B2NP29,113.909103,22.587601,1176
粤B2NP29,113.909203,22.587601,1176
粤B2NP29,113.908203,22.5875,1177
粤B2NP29,113.908897,22.5875,1177
粤B2NP29,113.907303,22.587601,1177
粤B2NP29,113.907303,22.587601,1178
粤B2NP29,113.907303,22.587601,1178
粤B2NP29,113.907303,22.587601,1178
粤B2NP29,113.9058,22.587799,1179
粤B2NP29,113.906303,22.5877,1179
粤B2NP29,113.907097,22.587601,1179
粤B2NP29,113.901398,22.591801,1180
粤B2NP29,113.902901,22.5903,1180
粤B2NP29,113.904297,22.5889,1180
粤B2NP29,113.900101,22.595501,1181
粤B2NP29,113.900299,22.593599,1181
粤B2NP29,113.900101,22.596399,1181
粤B2NP29,113.896103,22.598301,1182
粤B2NP29,113.899399,22.5966,1182
粤B2NP29,113.897598,22.597099,1182
粤B2NP29,113.894402,22.601,1183
粤B2NP29,113.891998,22.6014,1183
粤B2NP29,113.8955,22.6,1183
粤B2NP29,113.8881,22.604,1184
粤B2NP29,113.890099,22.6029,1184
粤B2NP29,113.886803,22.603901,1184
粤B2NP29,113.884499,22.6019,1185
粤B2NP29,113.880798,22.602699,1186
粤B2NP29,113.879997,22.6028,1186
粤B2NP29,113.881401,22.6026,1186
粤B2NP29,113.877701,22.6008,1187
粤B2NP29,113.8769,22.600201,1187
粤B2NP29,113.875397,22.598801,1188
粤B2NP29,113.874298,22.598,1188
粤B2NP29,113.871201,22.6001,1189
粤B2NP29,113.873299,22.598,1189
粤B2NP29,113.868599,22.6026,1189
粤B2NP29,113.865097,22.6061,1190
粤B2NP29,113.862701,22.6085,1190
粤B2NP29,113.8666,22.604601,1190
粤B2NP29,113.860397,22.6108,1191
粤B2NP29,113.858498,22.612801,1191
粤B2NP29,113.857697,22.6136,1191
粤B2NP29,113.857101,22.615,1192
粤B2NP29,113.857101,22.615,1192
粤B2NP29,113.857101,22.615,1192
粤B2NP29,113.8573,22.614201,1192
粤B2NP29,113.857101,22.615,1193
粤B2NP29,113.857101,22.615,1193
粤B2NP29,113.857101,22.615,1193
粤B2NP29,113.856499,22.6164,1194
粤B2NP29,113.857101,22.615,1194
粤B2NP29,113.856903,22.615299,1194
粤B2NP29,113.8564,22.616699,1195
粤B2NP29,113.856598,22.615999,1195
粤B2NP29,113.859703,22.6115,1196
粤B2NP29,113.858101,22.6131,1196
粤B2NP29,113.860802,22.6103,1197
粤B2NP29,113.862801,22.6082,1197
粤B2NP29,113.861397,22.6096,1197
粤B2NP29,113.864098,22.607,1198
粤B2NP29,113.864601,22.606501,1198
粤B2NP29,113.865601,22.605499,1198
粤B2NP29,113.8666,22.604601,1199
粤B2NP29,113.865601,22.6054,1199
粤B2NP29,113.8713,22.5998,1200
粤B2NP29,113.867897,22.6033,1200
粤B2NP29,113.869598,22.601601,1200
粤B2NP29,113.872101,22.596399,1201
粤B2NP29,113.872902,22.5982,1201
粤B2NP29,113.873299,22.5972,1201
粤B2NP29,113.8703,22.5952,1202
粤B2NP29,113.871597,22.596001,1202
粤B2NP29,113.869698,22.594801,1202
粤B2NP29,113.869598,22.5947,1203
粤B2NP29,113.869598,22.5947,1203
粤B2NP29,113.869598,22.5947,1203
粤B2NP29,113.869499,22.594601,1204
粤B2NP29,113.870102,22.593599,1204
粤B2NP29,113.871201,22.591999,1204
粤B2NP29,113.872498,22.5902,1205
粤B2NP29,113.871803,22.5912,1205
粤B2NP29,113.873001,22.5893,1205
粤B2NP29,113.873001,22.5893,1206
粤B2NP29,113.873001,22.589001,1206
粤B2NP29,113.8741,22.587799,1206
粤B2NP29,113.875099,22.5868,1207
粤B2NP29,113.875504,22.586399,1207
粤B2NP29,113.875801,22.5861,1207
粤B2NP29,113.877701,22.5842,1208
粤B2NP29,113.876999,22.584801,1208
粤B2NP29,113.876198,22.5856,1208
粤B2NP29,113.880402,22.581699,1209
粤B2NP29,113.879402,22.5825,1209
粤B2NP29,113.878304,22.5835,1209
粤B2NP29,113.881897,22.5805,1210
粤B2NP29,113.882599,22.579901,1210
粤B2NP29,113.881104,22.5812,1210
粤B2NP29,113.884598,22.577299,1211
粤B2NP29,113.883598,22.578699,1211
粤B2NP29,113.886002,22.575899,1211
粤B2NP29,113.888901,22.573,1212
粤B2NP29,113.887398,22.5744,1212
粤B2NP29,113.890602,22.571301,1213
粤B2NP29,113.890602,22.571301,1213
粤B2NP29,113.890602,22.571301,1213
粤B2NP29,113.890602,22.571301,1213
粤B2NP29,113.8908,22.5711,1214
粤B2NP29,113.890602,22.571301,1214
粤B2NP29,113.891502,22.5716,1214
粤B2NP29,113.894203,22.5739,1215
粤B2NP29,113.892601,22.5725,1215
粤B2NP29,113.895401,22.5749,1215
粤B2NP29,113.895897,22.575399,1216
粤B2NP29,113.8955,22.575001,1216
粤B2NP29,113.900398,22.5793,1217
粤B2NP29,113.897797,22.577,1217
粤B2NP29,113.9021,22.580799,1218
粤B2NP29,113.901398,22.5802,1218
粤B2NP29,113.902199,22.5809,1218
粤B2NP29,113.902702,22.581301,1219
粤B2NP29,113.907097,22.582701,1220
粤B2NP29,113.9058,22.5839,1220
粤B2NP29,113.908897,22.5809,1221
粤B2NP29,113.908897,22.5809,1221
粤B2NP29,113.908897,22.5809,1221
粤B2NP29,113.908897,22.5809,1222
粤B2NP29,113.908897,22.5809,1222
粤B2NP29,113.908897,22.5809,1222
粤B2NP29,113.909698,22.5809,1223
粤B2NP29,113.910599,22.5818,1223
粤B2NP29,113.910599,22.5818,1223
粤B2NP29,113.910599,22.5818,1224
粤B2NP29,113.911301,22.5825,1224
粤B2NP29,113.913696,22.584499,1224
粤B2NP29,113.913597,22.5854,1225
粤B2NP29,113.913597,22.585501,1225
粤B2NP29,113.913597,22.585501,1225
粤B2NP29,113.913399,22.5856,1226
粤B2NP29,113.913399,22.5856,1226
粤B2NP29,113.913902,22.584999,1226
粤B2NP29,113.914001,22.5849,1227
粤B2NP29,113.914001,22.5849,1227
粤B2NP29,113.914001,22.5849,1227
粤B2NP29,113.914001,22.5849,1228
粤B2NP29,113.913597,22.584499,1228
粤B2NP29,113.914001,22.5849,1228
粤B2NP29,113.9132,22.5842,1229
粤B2NP29,113.9132,22.5842,1229
粤B2NP29,113.9132,22.584101,1229
粤B2NP29,113.911003,22.5821,1230
粤B2NP29,113.911903,22.582899,1230
粤B2NP29,113.911003,22.5821,1230
粤B2NP29,113.911003,22.5821,1231
粤B2NP29,113.911003,22.5821,1231
粤B2NP29,113.911003,22.5821,1231
粤B2NP29,113.912399,22.5804,1232
粤B2NP29,113.911003,22.5821,1232
粤B2NP29,113.910896,22.5818,1232
粤B2NP29,113.913696,22.579,1233
粤B2NP29,113.914001,22.5788,1233
粤B2NP29,113.913902,22.578899,1233
粤B2NP29,113.915901,22.577,1234
粤B2NP29,113.915901,22.5769,1234
粤B2NP29,113.915298,22.577499,1234
粤B2NP29,113.915398,22.5774,1235
粤B2NP29,113.915298,22.577499,1235
粤B2NP29,113.915001,22.5777,1235
粤B2NP29,113.915604,22.577299,1235
粤B2NP29,113.914001,22.5788,1236
粤B2NP29,113.914497,22.5783,1236
粤B2NP29,113.912399,22.580299,1236
粤B2NP29,113.910301,22.582399,1237
粤B2NP29,113.909401,22.5833,1237
粤B2NP29,113.911102,22.581699,1237
粤B2NP29,113.906502,22.5863,1238
粤B2NP29,113.907501,22.5853,1238
粤B2NP29,113.908401,22.5844,1238
粤B2NP29,113.905098,22.5877,1239
粤B2NP29,113.905502,22.587601,1239
粤B2NP29,113.905899,22.587099,1239
粤B2NP29,113.903702,22.586399,1240
粤B2NP29,113.903999,22.5867,1240
粤B2NP29,113.903702,22.586399,1240
粤B2NP29,113.900803,22.5851,1241
粤B2NP29,113.902199,22.585501,1241
粤B2NP29,113.903702,22.586399,1241
粤B2NP29,113.897598,22.5858,1242
粤B2NP29,113.896301,22.585699,1242
粤B2NP29,113.898903,22.5847,1242
粤B2NP29,113.894302,22.5853,1243
粤B2NP29,113.894402,22.5853,1243
粤B2NP29,113.894997,22.5854,1243
粤B2NP29,113.890701,22.5846,1244
粤B2NP29,113.8918,22.5847,1244
粤B2NP29,113.893097,22.584999,1244
粤B2NP29,113.8899,22.584801,1245
粤B2NP29,113.888603,22.5877,1245
粤B2NP29,113.889297,22.586201,1245
粤B2NP29,113.888199,22.5884,1246
粤B2NP29,113.888199,22.5884,1246
粤B2NP29,113.888199,22.5884,1246
粤B2NP29,113.885597,22.5877,1247
粤B2NP29,113.887703,22.588499,1247
粤B2NP29,113.886299,22.587999,1247
粤B2NP29,113.884598,22.5872,1248
粤B2NP29,113.883598,22.5877,1248
粤B2NP29,113.881897,22.5893,1248
粤B2NP29,113.880997,22.5902,1249
粤B2NP29,113.880898,22.5903,1249
粤B2NP29,113.880898,22.5903,1249
粤B2NP29,113.880997,22.5902,1249
粤B2NP29,113.880898,22.5903,1249
粤B2NP29,113.880699,22.590401,1250
粤B2NP29,113.880898,22.5903,1250
粤B2NP29,113.880898,22.5903,1250
粤B2NP29,113.880402,22.5902,1251
粤B2NP29,113.880402,22.5902,1251
粤B2NP29,113.880402,22.5902,1251
粤B2NP29,113.880402,22.5902,1252
粤B2NP29,113.880302,22.590099,1252
粤B2NP29,113.880302,22.590099,1252
粤B2NP29,113.878601,22.5886,1253
粤B2NP29,113.879799,22.589701,1253
粤B2NP29,113.880302,22.590099,1253
粤B2NP29,113.877899,22.5879,1254
粤B2NP29,113.878502,22.5874,1254
粤B2NP29,113.880798,22.584999,1255
粤B2NP29,113.882896,22.582399,1256
粤B2NP29,113.883202,22.582199,1256
粤B2NP29,113.882202,22.5833,1256
粤B2NP29,113.883301,22.5821,1257
粤B2NP29,113.885002,22.580799,1258
粤B2NP29,113.884399,22.5812,1258
粤B2NP29,113.884499,22.5812,1258
粤B2NP29,113.883698,22.579201,1259
粤B2NP29,113.884102,22.579399,1259
粤B2NP29,113.885101,22.580299,1259
粤B2NP29,113.883698,22.579201,1260
粤B2NP29,113.883698,22.579201,1260
粤B2NP29,113.883698,22.579201,1260
粤B2NP29,113.883698,22.579201,1261
粤B2NP29,113.884201,22.577801,1261
粤B2NP29,113.883499,22.5788,1261
粤B2NP29,113.888802,22.573,1262
粤B2NP29,113.887199,22.574699,1262
粤B2NP29,113.885597,22.5763,1262
粤B2NP29,113.890701,22.571199,1263
粤B2NP29,113.890503,22.5714,1263
粤B2NP29,113.890297,22.5716,1263
粤B2NP29,113.893799,22.568001,1264
粤B2NP29,113.891602,22.5702,1264
粤B2NP29,113.8927,22.569201,1264
粤B2NP29,113.895103,22.566799,1265
粤B2NP29,113.8946,22.567301,1265
粤B2NP29,113.894203,22.5676,1265
粤B2NP29,113.895897,22.565901,1266
粤B2NP29,113.896301,22.5655,1266
粤B2NP29,113.896103,22.565701,1266
粤B2NP29,113.897003,22.564899,1267
粤B2NP29,113.896797,22.5651,1267
粤B2NP29,113.896797,22.5651,1267
粤B2NP29,113.896698,22.5651,1267
粤B2NP29,113.897301,22.565001,1268
粤B2NP29,113.899696,22.566999,1268
粤B2NP29,113.898399,22.5658,1268
粤B2NP29,113.9011,22.568199,1269
粤B2NP29,113.9002,22.5674,1269
粤B2NP29,113.900497,22.567699,1269
粤B2NP29,113.903099,22.57,1270
粤B2NP29,113.902199,22.569201,1270
粤B2NP29,113.904999,22.571501,1271
粤B2NP29,113.905197,22.571699,1271
粤B2NP29,113.905197,22.571699,1271
粤B2NP29,113.905197,22.571699,1271
粤B2NP29,113.906403,22.571899,1272
粤B2NP29,113.905701,22.572201,1272
粤B2NP29,113.906601,22.571699,1272
粤B2NP29,113.906601,22.571699,1273
粤B2NP29,113.906799,22.571501,1273
粤B2NP29,113.906601,22.571699,1273
粤B2NP29,113.9076,22.5711,1274
粤B2NP29,113.908997,22.569099,1274
粤B2NP29,113.908897,22.5707,1274
粤B2NP29,113.9086,22.568001,1275
粤B2NP29,113.907303,22.568001,1275
粤B2NP29,113.907402,22.568001,1275
粤B2NP29,113.907303,22.568001,1276
粤B2NP29,113.907303,22.568001,1276
粤B2NP29,113.907303,22.568001,1276
粤B2NP29,113.907303,22.568001,1277
粤B2NP29,113.906097,22.567699,1277
粤B2NP29,113.907204,22.568001,1277
粤B2NP29,113.905403,22.567101,1278
粤B2NP29,113.905098,22.566799,1278
粤B2NP29,113.905197,22.5669,1278
粤B2NP29,113.903702,22.5655,1279
粤B2NP29,113.903297,22.565201,1279
粤B2NP29,113.904404,22.5662,1279
粤B2NP29,113.902603,22.5644,1280
粤B2NP29,113.902397,22.564301,1280
粤B2NP29,113.9021,22.5641,1280
粤B2NP29,113.901703,22.564301,1281
粤B2NP29,113.9021,22.5641,1281
粤B2NP29,113.9021,22.5641,1281
粤B2NP29,113.900703,22.5641,1282
粤B2NP29,113.901001,22.5644,1282
粤B2NP29,113.901398,22.5646,1282
粤B2NP29,113.900398,22.563801,1283
粤B2NP29,113.900398,22.563801,1283
粤B2NP29,113.900703,22.5641,1283
粤B2NP29,113.900398,22.563801,1283
粤B2NP29,113.900299,22.563801,1283
粤B2NP29,113.900703,22.5641,1284
粤B2NP29,113.900902,22.564199,1284
粤B2NP29,113.9011,22.564501,1285
粤B2NP29,113.900902,22.5651,1286
粤B2NP29,113.9011,22.564501,1286
粤B2NP29,113.901199,22.5648,1286
粤B2NP29,113.900703,22.565201,1287
粤B2NP29,113.900398,22.565399,1287
粤B2NP29,113.900101,22.5658,1287
粤B2NP29,113.898102,22.567801,1288
粤B2NP29,113.899101,22.566799,1288
粤B2NP29,113.899803,22.566099,1288
粤B2NP29,113.897003,22.57,1289
粤B2NP29,113.898598,22.571501,1289
粤B2NP29,113.897102,22.569,1289
粤B2NP29,113.898697,22.5716,1290
粤B2NP29,113.898804,22.571699,1290
粤B2NP29,113.898697,22.5716,1290
粤B2NP29,113.898903,22.572399,1291
粤B2NP29,113.8964,22.575001,1291
粤B2NP29,113.897301,22.5741,1291
粤B2NP29,113.8964,22.575001,1292
粤B2NP29,113.896004,22.5753,1292
粤B2NP29,113.8964,22.575001,1292
粤B2NP29,113.893799,22.5776,1293
粤B2NP29,113.892799,22.5786,1293
粤B2NP29,113.894699,22.576599,1293
粤B2NP29,113.891998,22.579399,1294
粤B2NP29,113.892799,22.5786,1294
粤B2NP29,113.891197,22.5802,1294
粤B2NP29,113.890099,22.5812,1295
粤B2NP29,113.889297,22.582001,1295
粤B2NP29,113.888603,22.5828,1295
粤B2NP29,113.889397,22.583799,1296
粤B2NP29,113.889999,22.5842,1296
粤B2NP29,113.889999,22.5842,1296
粤B2NP29,113.891197,22.5847,1297
粤B2NP29,113.891403,22.585199,1297
粤B2NP29,113.889999,22.5842,1297
粤B2NP29,113.891403,22.585199,1298
粤B2NP29,113.891403,22.585199,1298
粤B2NP29,113.889801,22.589199,1299
粤B2NP29,113.890602,22.587099,1299
粤B2NP29,113.889503,22.589199,1300
粤B2NP29,113.888397,22.5888,1300
粤B2NP29,113.888397,22.5888,1300
粤B2NP29,113.885002,22.587299,1302
粤B2NP29,113.885498,22.5877,1302
粤B2NP29,113.881401,22.5844,1304
粤B2NP29,113.881798,22.584801,1304
粤B2NP29,113.882004,22.583401,1305
粤B2NP29,113.882896,22.582399,1305
粤B2NP29,113.8834,22.582001,1305
粤B2NP29,113.884102,22.579399,1306
粤B2NP29,113.884102,22.5814,1306
粤B2NP29,113.883499,22.578899,1307
粤B2NP29,113.883904,22.578199,1307
粤B2NP29,113.888199,22.5737,1308
粤B2NP29,113.890701,22.5711,1309
粤B2NP29,113.890404,22.5714,1309
粤B2NP29,113.892899,22.568899,1310
粤B2NP29,113.897797,22.5641,1311
粤B2NP29,113.898804,22.563,1312
粤B2NP29,113.898804,22.563,1312
粤B2NP29,113.898499,22.563299,1312
粤B2NP29,113.899902,22.563499,1313
粤B2NP29,113.899803,22.563299,1313
粤B2NP29,113.899101,22.562799,1313
粤B2NP29,113.901001,22.5644,1314
粤B2NP29,113.900398,22.563801,1314
粤B2NP29,113.900803,22.565201,1315
粤B2NP29,113.901299,22.564699,1315
粤B2NP29,113.901199,22.564899,1315
粤B2NP29,113.901199,22.5646,1315
粤B2NP29,113.899498,22.566401,1316
粤B2NP29,113.9002,22.565701,1316
粤B2NP29,113.8974,22.5686,1317
粤B2NP29,113.8983,22.567699,1317
粤B2NP29,113.899101,22.5669,1317
粤B2NP29,113.896797,22.569201,1318
粤B2NP29,113.896797,22.569201,1318
粤B2NP29,113.896797,22.569201,1318
粤B2NP29,113.896797,22.569201,1319
粤B2NP29,113.896797,22.569201,1319
粤B2NP29,113.896797,22.569201,1319
粤B2NP29,113.896797,22.569201,1320
粤B2NP29,113.884697,22.565701,1324
粤B2NP29,113.881104,22.562599,1326
粤B2NP29,113.879501,22.5613,1327
粤B2NP29,113.876099,22.5583,1328
粤B2NP29,113.875198,22.562201,1329
粤B2NP29,113.873703,22.560801,1329
粤B2NP29,113.876297,22.563101,1330
粤B2NP29,113.875504,22.5641,1330
粤B2NP29,113.876099,22.562901,1330
粤B2NP29,113.874901,22.566,1331
粤B2NP29,113.874397,22.565201,1331
粤B2NP29,113.874901,22.566,1331
粤B2NP29,113.874901,22.566,1332
粤B2NP29,113.874901,22.566,1332
粤B2NP29,113.874901,22.566,1332
粤B2NP29,113.875702,22.5665,1333
粤B2NP29,113.874901,22.566,1333
粤B2NP29,113.876503,22.5658,1333
粤B2NP29,113.876503,22.5655,1334
粤B2NP29,113.874802,22.564699,1334
粤B2NP29,113.875702,22.564699,1334
粤B2NP29,113.8713,22.567499,1335
粤B2NP29,113.8731,22.566099,1335
粤B2NP29,113.870499,22.5681,1336
粤B2NP29,113.8713,22.567499,1336
粤B2NP29,113.8713,22.567499,1336
粤B2NP29,113.870903,22.569,1337
粤B2NP29,113.8703,22.568399,1337
粤B2NP29,113.870903,22.569401,1337
粤B2NP29,113.870903,22.569401,1338
粤B2NP29,113.870903,22.569401,1338
粤B2NP29,113.870903,22.569401,1338
粤B2NP29,113.870598,22.569599,1339
粤B2NP29,113.870598,22.569599,1339
粤B2NP29,113.870903,22.569401,1339
粤B2NP29,113.871101,22.5693,1340
粤B2NP29,113.871002,22.569201,1340
粤B2NP29,113.870598,22.569599,1340
粤B2NP29,113.869797,22.568701,1341
粤B2NP29,113.870598,22.568701,1341
粤B2NP29,113.870399,22.568501,1341
粤B2NP29,113.866302,22.571501,1342
粤B2NP29,113.8675,22.570601,1342
粤B2NP29,113.864304,22.573099,1343
粤B2NP29,113.865997,22.5718,1343
粤B2NP29,113.865402,22.572201,1343
粤B2NP29,113.863403,22.573799,1344
粤B2NP29,113.863403,22.573799,1344
粤B2NP29,113.863098,22.573999,1344
粤B2NP29,113.860802,22.575899,1345
粤B2NP29,113.860199,22.576401,1345
粤B2NP29,113.861702,22.575199,1345
粤B2NP29,113.857002,22.5791,1346
粤B2NP29,113.859802,22.5767,1346
粤B2NP29,113.858398,22.5779,1346
粤B2NP29,113.855598,22.580299,1347
粤B2NP29,113.855003,22.580799,1347
粤B2NP29,113.855003,22.580799,1347
粤B2NP29,113.854797,22.580999,1348
粤B2NP29,113.854797,22.580999,1348
粤B2NP29,113.854797,22.580999,1348
粤B2NP29,113.854797,22.580999,1349
粤B2NP29,113.854401,22.5811,1349
粤B2NP29,113.854797,22.580999,1349
粤B2NP29,113.852097,22.578501,1350
粤B2NP29,113.8517,22.578199,1350
粤B2NP29,113.853302,22.579901,1350
粤B2NP29,113.851501,22.5779,1351
粤B2NP29,113.851601,22.5781,1351
粤B2NP29,113.851601,22.5781,1351
粤B2NP29,113.852203,22.5772,1352
粤B2NP29,113.8517,22.5776,1352
粤B2NP29,113.852203,22.5772,1353
粤B2NP29,113.852203,22.5772,1354
粤B2NP29,113.852203,22.5772,1354
粤B2NP29,113.855904,22.5742,1355
粤B2NP29,113.854103,22.575701,1355
粤B2NP29,113.852699,22.576799,1355
粤B2NP29,113.856903,22.573601,1356
粤B2NP29,113.859398,22.5762,1356
粤B2NP29,113.859398,22.5762,1357
粤B2NP29,113.859398,22.5762,1357
粤B2NP29,113.859398,22.5762,1357
粤B2NP29,113.860703,22.5776,1358
粤B2NP29,113.862198,22.579201,1359
粤B2NP29,113.862999,22.58,1359
粤B2NP29,113.862999,22.58,1359
粤B2NP29,113.862999,22.58,1360
粤B2NP29,113.862999,22.58,1360
粤B2NP29,113.865501,22.5825,1361
粤B2NP29,113.865501,22.5825,1362
粤B2NP29,113.865501,22.5825,1362
粤B2NP29,113.867203,22.584,1363
粤B2NP29,113.869202,22.5854,1363
粤B2NP29,113.871597,22.5872,1363
粤B2NP29,113.873802,22.5888,1364
粤B2NP29,113.876099,22.5907,1364
粤B2NP29,113.877899,22.591801,1364
粤B2NP29,113.879204,22.5919,1365
粤B2NP29,113.879402,22.5893,1365
粤B2NP29,113.880402,22.585501,1366
粤B2NP29,113.880501,22.5853,1367
粤B2NP29,113.880501,22.5853,1367
粤B2NP29,113.880501,22.5853,1367
粤B2NP29,113.881302,22.5844,1368
粤B2NP29,113.882301,22.5832,1368
粤B2NP29,113.883202,22.582199,1368
粤B2NP29,113.884697,22.5811,1369
粤B2NP29,113.883598,22.5819,1369
粤B2NP29,113.883598,22.5819,1369
粤B2NP29,113.885101,22.5807,1369
粤B2NP29,113.887604,22.5823,1370
粤B2NP29,113.886101,22.5811,1370
粤B2NP29,113.887901,22.5826,1370
粤B2NP29,113.887901,22.5826,1371
粤B2NP29,113.890198,22.584299,1373
粤B2NP29,113.893799,22.5851,1373
粤B2NP29,113.8964,22.585699,1374
粤B2NP29,113.894096,22.585199,1374
粤B2NP29,113.893799,22.5851,1374
粤B2NP29,113.901001,22.585199,1375
粤B2NP29,113.8993,22.584801,1375
粤B2NP29,113.904404,22.587,1376
粤B2NP29,113.905098,22.587601,1376
粤B2NP29,113.905197,22.5877,1377
粤B2NP29,113.905899,22.587099,1377
粤B2NP29,113.907204,22.5856,1377
粤B2NP29,113.907501,22.585501,1378
粤B2NP29,113.9077,22.5856,1378
粤B2NP29,113.907501,22.585501,1378
粤B2NP29,113.908302,22.5861,1379
粤B2NP29,113.908302,22.5861,1379
粤B2NP29,113.908302,22.5861,1379
粤B2NP29,113.908302,22.5861,1380
粤B2NP29,113.908302,22.5861,1380
粤B2NP29,113.908302,22.5861,1380
粤B2NP29,113.908501,22.5863,1381
粤B2NP29,113.910202,22.585699,1381
粤B2NP29,113.909203,22.5867,1381
粤B2NP29,113.908302,22.5861,1381
粤B2NP29,113.910797,22.585199,1382
粤B2NP29,113.912102,22.583799,1383
粤B2NP29,113.912102,22.583799,1383
粤B2NP29,113.912102,22.583799,1383
粤B2NP29,113.912102,22.583799,1384
粤B2NP29,113.911301,22.5846,1384
粤B2NP29,113.911003,22.5854,1384
粤B2NP29,113.912003,22.586201,1385
粤B2NP29,113.912201,22.5863,1385
粤B2NP29,113.913002,22.586,1385
粤B2NP29,113.911201,22.582399,1386
粤B2NP29,113.913902,22.5847,1386
粤B2NP29,113.912399,22.583401,1386
粤B2NP29,113.911201,22.582399,1387
粤B2NP29,113.9104,22.581699,1387
粤B2NP29,113.911201,22.582399,1387
粤B2NP29,113.906998,22.578699,1388
粤B2NP29,113.908897,22.5804,1388
粤B2NP29,113.906097,22.5779,1388
粤B2NP29,113.904198,22.576401,1389
粤B2NP29,113.903198,22.5755,1389
粤B2NP29,113.905899,22.577801,1389
粤B2NP29,113.9011,22.5737,1390
粤B2NP29,113.902901,22.5753,1390
粤B2NP29,113.903198,22.5755,1390
粤B2NP29,113.899498,22.5723,1391
粤B2NP29,113.899597,22.5723,1391
粤B2NP29,113.899498,22.5723,1391
粤B2NP29,113.899498,22.5723,1392
粤B2NP29,113.898399,22.571301,1392
粤B2NP29,113.896599,22.5697,1392
粤B2NP29,113.896599,22.5697,1393
粤B2NP29,113.8964,22.569599,1393
粤B2NP29,113.896599,22.5697,1393
粤B2NP29,113.8974,22.5686,1394
粤B2NP29,113.8983,22.567699,1394
粤B2NP29,113.898102,22.5655,1395
粤B2NP29,113.897102,22.564899,1395
粤B2NP29,113.8983,22.563499,1396
粤B2NP29,113.8983,22.563499,1396
粤B2NP29,113.897797,22.5641,1396
粤B2NP29,113.8983,22.563499,1397
粤B2NP29,113.898499,22.563299,1397
粤B2NP29,113.8983,22.563499,1397
粤B2NP29,113.899498,22.563101,1398
粤B2NP29,113.898804,22.563101,1398
粤B2NP29,113.898903,22.562901,1398
粤B2NP29,113.900597,22.563999,1399
粤B2NP29,113.9002,22.5637,1399
粤B2NP29,113.9002,22.5637,1399
粤B2NP29,113.901299,22.564301,1400
粤B2NP29,113.900902,22.563999,1400
粤B2NP29,113.901299,22.564301,1400
粤B2NP29,113.900703,22.5653,1401
粤B2NP29,113.901299,22.564301,1401
粤B2NP29,113.901299,22.564301,1401
粤B2NP29,113.900902,22.565001,1401
粤B2NP29,113.9011,22.5648,1401
粤B2NP29,113.900497,22.5655,1402
粤B2NP29,113.899498,22.566401,1402
粤B2NP29,113.899597,22.566401,1402
粤B2NP29,113.8993,22.566601,1402
粤B2NP29,113.8974,22.5686,1403
粤B2NP29,113.898399,22.567499,1403
粤B2NP29,113.896202,22.569799,1404
粤B2NP29,113.8936,22.5734,1405
粤B2NP29,113.895302,22.5748,1405
粤B2NP29,113.895897,22.576401,1406
粤B2NP29,113.895897,22.577,1406
粤B2NP29,113.895798,22.5786,1407
粤B2NP29,113.895798,22.579399,1408
粤B2NP29,113.896797,22.581301,1409
粤B2NP29,113.897797,22.580601,1409
粤B2NP29,113.896599,22.580799,1409
粤B2NP29,113.8992,22.579,1410
粤B2NP29,113.8992,22.579,1410
粤B2NP29,113.898903,22.579399,1410
粤B2NP29,113.8992,22.579,1411
粤B2NP29,113.899399,22.578699,1411
粤B2NP29,113.8992,22.579,1411
粤B2NP29,113.898598,22.5777,1412
粤B2NP29,113.896301,22.575701,1412
粤B2NP29,113.897301,22.5765,1412
粤B2NP29,113.8946,22.574301,1413
粤B2NP29,113.895401,22.575001,1413
粤B2NP29,113.8946,22.574301,1414
粤B2NP29,113.8946,22.574301,1414
粤B2NP29,113.8946,22.574301,1414
粤B2NP29,113.8946,22.574301,1415
粤B2NP29,113.8946,22.574301,1415
粤B2NP29,113.8946,22.574301,1415
粤B2NP29,113.8946,22.574301,1416
粤B2NP29,113.8946,22.574301,1416
粤B2NP29,113.8946,22.574301,1416
粤B2NP29,113.8946,22.574301,1417
粤B2NP29,113.8946,22.574301,1417
粤B2NP29,113.8946,22.574301,1417
粤B2NP29,113.8946,22.574301,1418
粤B2NP29,113.8946,22.574301,1418
粤B2NP29,113.8946,22.574301,1418
粤B2NP29,113.8946,22.574301,1419
粤B2NP29,113.8946,22.574301,1419
粤B2NP29,113.8946,22.574301,1420
粤B2NP29,113.8946,22.574301,1421
粤B2NP29,113.8946,22.574301,1421
粤B2NP29,113.8946,22.574301,1421
粤B2NP29,113.8946,22.574301,1422
粤B2NP29,113.8946,22.574301,1422
粤B2NP29,113.8946,22.574301,1422
粤B2NP29,113.8946,22.574301,1423
粤B2NP29,113.8946,22.574301,1423
粤B2NP29,113.8946,22.574301,1423
粤B2NP29,113.8946,22.574301,1424
粤B2NP29,113.8946,22.574301,1424
粤B2NP29,113.8946,22.574301,1424
粤B2NP29,113.8946,22.574301,1425
粤B2NP29,113.8946,22.574301,1425
粤B2NP29,113.8946,22.574301,1425
粤B2NP29,113.8946,22.574301,1426
粤B2NP29,113.8946,22.574301,1426
粤B2NP29,113.8946,22.574301,1426
粤B2NP29,113.8946,22.574301,1427
粤B2NP29,113.8946,22.574301,1427
粤B2NP29,113.8946,22.574301,1427
粤B2NP29,113.8946,22.574301,1427
粤B2NP29,113.8946,22.574301,1428
粤B2NP29,113.8946,22.574301,1428
粤B2NP29,113.8946,22.574301,1428
粤B2NP29,113.8946,22.574301,1429
粤B2NP29,113.8946,22.574301,1429
粤B2NP29,113.8946,22.574301,1429
粤B2NP29,113.8946,22.574301,1430
粤B2NP29,113.8946,22.574301,1430
粤B2NP29,113.8946,22.574301,1430
粤B2NP29,113.8946,22.574301,1431
粤B2NP29,113.894402,22.5741,1431
粤B2NP29,113.8946,22.574301,1431
粤B2NP29,113.891502,22.5744,1432
粤B2NP29,113.893402,22.573299,1432
粤B2NP29,113.892502,22.5735,1432
粤B2NP29,113.890198,22.5758,1433
粤B2NP29,113.889198,22.576799,1433
粤B2NP29,113.889603,22.576401,1433
粤B2NP29,113.885696,22.580299,1434
粤B2NP29,113.888,22.577999,1434
粤B2NP29,113.885597,22.580299,1435
粤B2NP29,113.885597,22.580299,1435
