粤B5MU52,114.067497,22.617599,7
粤B5MU52,114.067497,22.617599,7
粤B5MU52,114.0737,22.629499,10
粤B5MU52,114.070999,22.629999,10
粤B5MU52,114.074501,22.629299,11
粤B5MU52,114.0783,22.6287,11
粤B5MU52,114.092003,22.631701,13
粤B5MU52,114.089104,22.629999,13
粤B5MU52,114.100502,22.6276,15
粤B5MU52,114.1045,22.621901,16
粤B5MU52,114.105301,22.6187,17
粤B5MU52,114.106003,22.6159,18
粤B5MU52,114.107498,22.615801,20
粤B5MU52,114.108101,22.6159,20
粤B5MU52,114.107101,22.6134,21
粤B5MU52,114.107498,22.6117,22
粤B5MU52,114.110298,22.6094,23
粤B5MU52,114.111397,22.607901,25
粤B5MU52,114.121201,22.607599,28
粤B5MU52,114.121101,22.6101,28
粤B5MU52,114.1222,22.608801,28
粤B5MU52,114.118301,22.606001,29
粤B5MU52,114.109596,22.5895,31
粤B5MU52,114.1147,22.580299,32
粤B5MU52,114.115303,22.578899,32
粤B5MU52,114.113998,22.5828,32
粤B5MU52,114.115501,22.578501,32
粤B5MU52,114.122704,22.5793,34
粤B5MU52,114.120003,22.579201,34
粤B5MU52,114.124603,22.5793,35
粤B5MU52,114.128502,22.5797,35
粤B5MU52,114.133102,22.579599,36
粤B5MU52,114.130898,22.579599,36
粤B5MU52,114.134003,22.5795,38
粤B5MU52,114.134003,22.5795,38
粤B5MU52,114.134003,22.5795,38
粤B5MU52,114.134003,22.5795,39
粤B5MU52,114.134003,22.5795,39
粤B5MU52,114.134003,22.5795,42
粤B5MU52,114.134003,22.5795,42
粤B5MU52,114.134003,22.5795,42
粤B5MU52,114.134003,22.5795,43
粤B5MU52,114.134003,22.5795,43
粤B5MU52,114.134003,22.5795,43
粤B5MU52,114.134003,22.5795,45
粤B5MU52,114.134003,22.5795,45
粤B5MU52,114.134003,22.5795,45
粤B5MU52,114.134003,22.5795,46
粤B5MU52,114.134003,22.5795,46
粤B5MU52,114.134003,22.5795,46
粤B5MU52,114.134003,22.5795,48
粤B5MU52,114.134003,22.5795,48
粤B5MU52,114.134003,22.5795,50
粤B5MU52,114.134003,22.5795,50
粤B5MU52,114.134003,22.5795,52
粤B5MU52,114.134003,22.5795,52
粤B5MU52,114.134003,22.5795,53
粤B5MU52,114.134003,22.5795,53
粤B5MU52,114.134003,22.5795,53
粤B5MU52,114.134003,22.5795,56
粤B5MU52,114.134003,22.5795,56
粤B5MU52,114.134003,22.5795,57
粤B5MU52,114.134003,22.5795,59
粤B5MU52,114.134003,22.5795,60
粤B5MU52,114.134003,22.5795,60
粤B5MU52,114.134003,22.5795,60
粤B5MU52,114.134003,22.5795,61
粤B5MU52,114.134003,22.5795,63
粤B5MU52,114.134003,22.5795,64
粤B5MU52,114.134003,22.5795,64
粤B5MU52,114.134003,22.5795,65
粤B5MU52,114.134003,22.5795,65
粤B5MU52,114.134003,22.5795,66
粤B5MU52,114.134003,22.5795,67
粤B5MU52,114.134003,22.5795,67
粤B5MU52,114.134003,22.5795,68
粤B5MU52,114.133499,22.5795,68
粤B5MU52,114.134003,22.5795,68
粤B5MU52,114.132698,22.5798,69
粤B5MU52,114.133003,22.584299,70
粤B5MU52,114.137398,22.5807,71
粤B5MU52,114.135902,22.5795,72
粤B5MU52,114.131401,22.579599,73
粤B5MU52,114.130402,22.579599,74
粤B5MU52,114.128304,22.5797,74
粤B5MU52,114.1259,22.579599,74
粤B5MU52,114.123596,22.5793,75
粤B5MU52,114.123199,22.5793,75
粤B5MU52,114.122101,22.5716,77
粤B5MU52,114.120399,22.5697,78
粤B5MU52,114.119499,22.568701,78
粤B5MU52,114.118103,22.568501,79
粤B5MU52,114.119904,22.5686,79
粤B5MU52,114.1231,22.567101,80
粤B5MU52,114.123802,22.567499,81
粤B5MU52,114.123802,22.567499,81
粤B5MU52,114.123802,22.567499,82
粤B5MU52,114.123802,22.567499,82
粤B5MU52,114.123802,22.567499,84
粤B5MU52,114.123802,22.567499,84
粤B5MU52,114.123802,22.567499,85
粤B5MU52,114.123802,22.567499,85
粤B5MU52,114.123802,22.567499,88
粤B5MU52,114.123802,22.567499,88
粤B5MU52,114.123901,22.5674,91
粤B5MU52,114.123901,22.5674,92
粤B5MU52,114.123901,22.5674,92
粤B5MU52,114.123901,22.5674,92
粤B5MU52,114.123901,22.5674,93
粤B5MU52,114.123901,22.5674,95
粤B5MU52,114.123901,22.5674,95
粤B5MU52,114.123901,22.5674,95
粤B5MU52,114.123901,22.5674,96
粤B5MU52,114.123901,22.5674,98
粤B5MU52,114.123901,22.5674,98
粤B5MU52,114.123901,22.5674,99
粤B5MU52,114.123901,22.5674,99
粤B5MU52,114.123901,22.5674,99
粤B5MU52,114.123901,22.5674,100
粤B5MU52,114.123901,22.5674,100
粤B5MU52,114.123901,22.5674,103
粤B5MU52,114.123901,22.5674,104
粤B5MU52,114.121597,22.5679,106
粤B5MU52,114.123199,22.569599,106
粤B5MU52,114.120796,22.568899,107
粤B5MU52,114.122597,22.5695,107
粤B5MU52,114.124199,22.569901,107
粤B5MU52,114.106796,22.563999,109
粤B5MU52,114.106697,22.562401,110
粤B5MU52,114.104797,22.5618,110
粤B5MU52,114.103897,22.559099,111
粤B5MU52,114.101997,22.558599,111
粤B5MU52,114.101196,22.5581,113
粤B5MU52,114.101196,22.5581,114
粤B5MU52,114.101196,22.5581,114
粤B5MU52,114.101196,22.5581,114
粤B5MU52,114.101097,22.558399,117
粤B5MU52,114.101601,22.5585,118
粤B5MU52,114.101601,22.5585,120
粤B5MU52,114.101601,22.5585,120
粤B5MU52,114.1036,22.558599,121
粤B5MU52,114.101601,22.5585,121
粤B5MU52,114.111801,22.5662,124
粤B5MU52,114.120903,22.568899,125
粤B5MU52,114.114601,22.567101,125
粤B5MU52,114.118103,22.566999,127
粤B5MU52,114.117599,22.5751,128
粤B5MU52,114.112,22.5865,129
粤B5MU52,114.1147,22.5812,129
粤B5MU52,114.112396,22.5986,131
粤B5MU52,114.116798,22.604099,131
粤B5MU52,114.1259,22.610001,132
粤B5MU52,114.1306,22.613899,135
粤B5MU52,114.130096,22.6134,135
粤B5MU52,114.129997,22.6133,136
粤B5MU52,114.129997,22.6133,136
粤B5MU52,114.129997,22.6133,137
粤B5MU52,114.129997,22.6133,139
粤B5MU52,114.129997,22.6133,139
粤B5MU52,114.129997,22.6133,140
粤B5MU52,114.129997,22.6133,140
粤B5MU52,114.129997,22.6133,140
粤B5MU52,114.129997,22.6133,142
粤B5MU52,114.129997,22.6133,144
粤B5MU52,114.129997,22.6133,144
粤B5MU52,114.129997,22.6133,146
粤B5MU52,114.129997,22.6133,146
粤B5MU52,114.129997,22.6133,147
粤B5MU52,114.129997,22.6133,147
粤B5MU52,114.129997,22.6133,148
粤B5MU52,114.129997,22.6133,148
粤B5MU52,114.129997,22.6133,150
粤B5MU52,114.129997,22.6133,150
粤B5MU52,114.129997,22.6133,151
粤B5MU52,114.129997,22.6133,151
粤B5MU52,114.129997,22.6133,151
粤B5MU52,114.129997,22.6133,152
粤B5MU52,114.129997,22.6133,155
粤B5MU52,114.129997,22.6133,155
粤B5MU52,114.129997,22.6133,155
粤B5MU52,114.129997,22.6133,157
粤B5MU52,114.129997,22.6133,158
粤B5MU52,114.129997,22.6133,158
粤B5MU52,114.129997,22.6133,162
粤B5MU52,114.129997,22.6133,163
粤B5MU52,114.129997,22.6133,165
粤B5MU52,114.129997,22.6133,165
粤B5MU52,114.129997,22.6133,166
粤B5MU52,114.129997,22.6133,166
粤B5MU52,114.129997,22.6133,166
粤B5MU52,114.129997,22.6133,167
粤B5MU52,114.129997,22.6133,168
粤B5MU52,114.129997,22.6133,169
粤B5MU52,114.129997,22.6133,169
粤B5MU52,114.129997,22.6133,169
粤B5MU52,114.129997,22.6133,170
粤B5MU52,114.129997,22.6133,172
粤B5MU52,114.129997,22.6133,173
粤B5MU52,114.129997,22.6133,173
粤B5MU52,114.129997,22.6133,174
粤B5MU52,114.129997,22.6133,174
粤B5MU52,114.129997,22.6133,174
粤B5MU52,114.129997,22.6133,176
粤B5MU52,114.129997,22.6133,177
粤B5MU52,114.129997,22.6133,177
粤B5MU52,114.129997,22.6133,178
粤B5MU52,114.129997,22.6133,180
粤B5MU52,114.129997,22.6133,181
粤B5MU52,114.129997,22.6133,191
粤B5MU52,114.129997,22.6133,192
粤B5MU52,114.129997,22.6133,192
粤B5MU52,114.129997,22.6133,195
粤B5MU52,114.129997,22.6133,195
粤B5MU52,114.129997,22.6133,196
粤B5MU52,114.129997,22.6133,196
粤B5MU52,114.129997,22.6133,198
粤B5MU52,114.129997,22.6133,199
粤B5MU52,114.129997,22.6133,199
粤B5MU52,114.129997,22.6133,199
粤B5MU52,114.129997,22.6133,200
粤B5MU52,114.129997,22.6133,200
粤B5MU52,114.129997,22.6133,202
粤B5MU52,114.129997,22.6133,203
粤B5MU52,114.129997,22.6133,203
粤B5MU52,114.129997,22.6133,203
粤B5MU52,114.129997,22.6133,204
粤B5MU52,114.129997,22.6133,204
粤B5MU52,114.129997,22.6133,204
粤B5MU52,114.129997,22.6133,207
粤B5MU52,114.129997,22.6133,208
粤B5MU52,114.129997,22.6133,208
粤B5MU52,114.129997,22.6133,210
粤B5MU52,114.129997,22.6133,210
粤B5MU52,114.129997,22.6133,211
粤B5MU52,114.129997,22.6133,211
粤B5MU52,114.129997,22.6133,213
粤B5MU52,114.129997,22.6133,214
粤B5MU52,114.129997,22.6133,214
粤B5MU52,114.129997,22.6133,215
粤B5MU52,114.129997,22.6133,217
粤B5MU52,114.129997,22.6133,217
粤B5MU52,114.129997,22.6133,218
粤B5MU52,114.129997,22.6133,218
粤B5MU52,114.129997,22.6133,219
粤B5MU52,114.129997,22.6133,221
粤B5MU52,114.129997,22.6133,222
粤B5MU52,114.129997,22.6133,222
粤B5MU52,114.129997,22.6133,223
粤B5MU52,114.129997,22.6133,223
粤B5MU52,114.129997,22.6133,225
粤B5MU52,114.129997,22.6133,226
粤B5MU52,114.129997,22.6133,226
粤B5MU52,114.129997,22.6133,227
粤B5MU52,114.129997,22.6133,229
粤B5MU52,114.129997,22.6133,230
粤B5MU52,114.129997,22.6133,233
粤B5MU52,114.129997,22.6133,236
粤B5MU52,114.129997,22.6133,236
粤B5MU52,114.129997,22.6133,237
粤B5MU52,114.129997,22.6133,237
粤B5MU52,114.129997,22.6133,237
粤B5MU52,114.129997,22.6133,238
粤B5MU52,114.129997,22.6133,238
粤B5MU52,114.129997,22.6133,240
粤B5MU52,114.129997,22.6133,240
粤B5MU52,114.129997,22.6133,240
粤B5MU52,114.129997,22.6133,241
粤B5MU52,114.129997,22.6133,241
粤B5MU52,114.129997,22.6133,242
粤B5MU52,114.129997,22.6133,244
粤B5MU52,114.129997,22.6133,244
粤B5MU52,114.129997,22.6133,245
粤B5MU52,114.129997,22.6133,245
粤B5MU52,114.129997,22.6133,246
粤B5MU52,114.129997,22.6133,247
粤B5MU52,114.129997,22.6133,248
粤B5MU52,114.129997,22.6133,248
粤B5MU52,114.129997,22.6133,248
粤B5MU52,114.129997,22.6133,249
粤B5MU52,114.129997,22.6133,249
粤B5MU52,114.129997,22.6133,249
粤B5MU52,114.129997,22.6133,251
粤B5MU52,114.129997,22.6133,251
粤B5MU52,114.129997,22.6133,252
粤B5MU52,114.129997,22.6133,255
粤B5MU52,114.129997,22.6133,255
粤B5MU52,114.129997,22.6133,256
粤B5MU52,114.129997,22.6133,256
粤B5MU52,114.129997,22.6133,256
粤B5MU52,114.129997,22.6133,258
粤B5MU52,114.129997,22.6133,259
粤B5MU52,114.129997,22.6133,259
粤B5MU52,114.129997,22.6133,260
粤B5MU52,114.129997,22.6133,260
粤B5MU52,114.129997,22.6133,262
粤B5MU52,114.129997,22.6133,262
粤B5MU52,114.129997,22.6133,263
粤B5MU52,114.129997,22.6133,263
粤B5MU52,114.129997,22.6133,264
粤B5MU52,114.129997,22.6133,266
粤B5MU52,114.129997,22.6133,266
粤B5MU52,114.129997,22.6133,266
粤B5MU52,114.129997,22.6133,267
粤B5MU52,114.129997,22.6133,268
粤B5MU52,114.129997,22.6133,268
粤B5MU52,114.129997,22.6133,270
粤B5MU52,114.129997,22.6133,270
粤B5MU52,114.129997,22.6133,271
粤B5MU52,114.129997,22.6133,271
粤B5MU52,114.129997,22.6133,271
粤B5MU52,114.129997,22.6133,272
粤B5MU52,114.129997,22.6133,273
粤B5MU52,114.129997,22.6133,274
粤B5MU52,114.129997,22.6133,275
粤B5MU52,114.129997,22.6133,275
粤B5MU52,114.129997,22.6133,275
粤B5MU52,114.129997,22.6133,276
粤B5MU52,114.129997,22.6133,277
粤B5MU52,114.129997,22.6133,278
粤B5MU52,114.129997,22.6133,278
粤B5MU52,114.129997,22.6133,279
粤B5MU52,114.129997,22.6133,281
粤B5MU52,114.129997,22.6133,282
粤B5MU52,114.129997,22.6133,282
粤B5MU52,114.129997,22.6133,283
粤B5MU52,114.129997,22.6133,283
粤B5MU52,114.129997,22.6133,283
粤B5MU52,114.129997,22.6133,286
粤B5MU52,114.129997,22.6133,286
粤B5MU52,114.129997,22.6133,287
粤B5MU52,114.129997,22.6133,287
粤B5MU52,114.129997,22.6133,289
粤B5MU52,114.129997,22.6133,289
粤B5MU52,114.129997,22.6133,289
粤B5MU52,114.129997,22.6133,290
粤B5MU52,114.129997,22.6133,291
粤B5MU52,114.129997,22.6133,292
粤B5MU52,114.129997,22.6133,293
粤B5MU52,114.129997,22.6133,293
粤B5MU52,114.129997,22.6133,294
粤B5MU52,114.129997,22.6133,294
粤B5MU52,114.129997,22.6133,294
粤B5MU52,114.129997,22.6133,295
粤B5MU52,114.129997,22.6133,297
粤B5MU52,114.129997,22.6133,298
粤B5MU52,114.129997,22.6133,299
粤B5MU52,114.129997,22.6133,301
粤B5MU52,114.129997,22.6133,301
粤B5MU52,114.129997,22.6133,302
粤B5MU52,114.129997,22.6133,302
粤B5MU52,114.129997,22.6133,302
粤B5MU52,114.129997,22.6133,303
粤B5MU52,114.129997,22.6133,305
粤B5MU52,114.129997,22.6133,305
粤B5MU52,114.129997,22.6133,306
粤B5MU52,114.129997,22.6133,307
粤B5MU52,114.129997,22.6133,308
粤B5MU52,114.129997,22.6133,309
粤B5MU52,114.129997,22.6133,309
粤B5MU52,114.129997,22.6133,309
粤B5MU52,114.129997,22.6133,310
粤B5MU52,114.129997,22.6133,310
粤B5MU52,114.129997,22.6133,310
粤B5MU52,114.129997,22.6133,312
粤B5MU52,114.129997,22.6133,313
粤B5MU52,114.129997,22.6133,313
粤B5MU52,114.129997,22.6133,314
粤B5MU52,114.129997,22.6133,314
粤B5MU52,114.129997,22.6133,314
粤B5MU52,114.129997,22.6133,316
粤B5MU52,114.129997,22.6133,316
粤B5MU52,114.129997,22.6133,316
粤B5MU52,114.129997,22.6133,317
粤B5MU52,114.129997,22.6133,317
粤B5MU52,114.129997,22.6133,318
粤B5MU52,114.129997,22.6133,319
粤B5MU52,114.129997,22.6133,320
粤B5MU52,114.129997,22.6133,320
粤B5MU52,114.129997,22.6133,320
粤B5MU52,114.129997,22.6133,321
粤B5MU52,114.129997,22.6133,321
粤B5MU52,114.129997,22.6133,323
粤B5MU52,114.129997,22.6133,324
粤B5MU52,114.129997,22.6133,324
粤B5MU52,114.129997,22.6133,325
粤B5MU52,114.129997,22.6133,325
粤B5MU52,114.129997,22.6133,325
粤B5MU52,114.129997,22.6133,327
粤B5MU52,114.129997,22.6133,328
粤B5MU52,114.129997,22.6133,328
粤B5MU52,114.129997,22.6133,329
粤B5MU52,114.129997,22.6133,331
粤B5MU52,114.129997,22.6133,332
粤B5MU52,114.129997,22.6133,332
粤B5MU52,114.129997,22.6133,333
粤B5MU52,114.129997,22.6133,334
粤B5MU52,114.129997,22.6133,335
粤B5MU52,114.129997,22.6133,336
粤B5MU52,114.129997,22.6133,336
粤B5MU52,114.129997,22.6133,338
粤B5MU52,114.129997,22.6133,339
粤B5MU52,114.129997,22.6133,339
粤B5MU52,114.129997,22.6133,339
粤B5MU52,114.129997,22.6133,340
粤B5MU52,114.129997,22.6133,342
粤B5MU52,114.129997,22.6133,343
粤B5MU52,114.128304,22.612801,344
粤B5MU52,114.129997,22.6133,344
粤B5MU52,114.126099,22.611,346
粤B5MU52,114.126099,22.611,346
粤B5MU52,114.126099,22.611,347
粤B5MU52,114.126099,22.611,347
粤B5MU52,114.126099,22.611,348
粤B5MU52,114.126099,22.611,348
粤B5MU52,114.126099,22.611,351
粤B5MU52,114.126099,22.611,351
粤B5MU52,114.126099,22.611,352
粤B5MU52,114.126099,22.611,352
粤B5MU52,114.126099,22.611,353
粤B5MU52,114.126099,22.611,354
粤B5MU52,114.126099,22.611,354
粤B5MU52,114.126099,22.611,355
粤B5MU52,114.126099,22.611,356
粤B5MU52,114.126099,22.611,356
粤B5MU52,114.126099,22.611,358
粤B5MU52,114.126099,22.611,358
粤B5MU52,114.126099,22.611,359
粤B5MU52,114.126099,22.611,359
粤B5MU52,114.126099,22.611,359
粤B5MU52,114.126099,22.611,360
粤B5MU52,114.126099,22.611,360
粤B5MU52,114.126099,22.611,360
粤B5MU52,114.126099,22.611,362
粤B5MU52,114.126099,22.611,363
粤B5MU52,114.126099,22.611,364
粤B5MU52,114.126099,22.611,364
粤B5MU52,114.125999,22.611,366
粤B5MU52,114.124496,22.611799,367
粤B5MU52,114.124901,22.613899,367
粤B5MU52,114.129097,22.6113,368
粤B5MU52,114.126198,22.6131,368
粤B5MU52,114.133904,22.6105,370
粤B5MU52,114.134499,22.610399,370
粤B5MU52,114.134201,22.610399,371
粤B5MU52,114.133301,22.6106,371
粤B5MU52,114.133598,22.6106,371
粤B5MU52,114.134804,22.610901,372
粤B5MU52,114.133598,22.6103,374
粤B5MU52,114.129997,22.611099,374
粤B5MU52,114.131599,22.610701,374
粤B5MU52,114.128197,22.612,375
粤B5MU52,114.123596,22.608801,376
粤B5MU52,114.109299,22.5902,378
粤B5MU52,114.109497,22.593,378
粤B5MU52,114.110802,22.587601,378
粤B5MU52,114.114197,22.582199,379
粤B5MU52,114.115501,22.578501,380
粤B5MU52,114.113998,22.574499,381
粤B5MU52,114.113701,22.5723,382
粤B5MU52,114.111298,22.557699,383
粤B5MU52,114.111801,22.560499,383
粤B5MU52,114.109901,22.5452,385
粤B5MU52,114.110298,22.542,386
粤B5MU52,114.110802,22.538,387
粤B5MU52,114.110802,22.538,387
粤B5MU52,114.113899,22.531799,389
粤B5MU52,114.113998,22.531601,389
粤B5MU52,114.113998,22.531601,389
粤B5MU52,114.114502,22.534901,390
粤B5MU52,114.113998,22.531601,390
粤B5MU52,114.113998,22.531601,390
粤B5MU52,114.1138,22.537701,391
粤B5MU52,114.114098,22.5364,391
粤B5MU52,114.116798,22.5362,394
粤B5MU52,114.116798,22.5362,394
粤B5MU52,114.116798,22.5362,395
粤B5MU52,114.116798,22.5362,396
粤B5MU52,114.116798,22.5362,397
粤B5MU52,114.116798,22.5362,398
粤B5MU52,114.116798,22.5362,400
粤B5MU52,114.116798,22.5362,401
粤B5MU52,114.116798,22.5362,401
粤B5MU52,114.116798,22.5362,402
粤B5MU52,114.116798,22.5362,402
粤B5MU52,114.116798,22.5362,405
粤B5MU52,114.116798,22.5362,405
粤B5MU52,114.116798,22.5362,405
粤B5MU52,114.116798,22.5362,406
粤B5MU52,114.1157,22.535,408
粤B5MU52,114.116898,22.536301,408
粤B5MU52,114.121902,22.5396,409
粤B5MU52,114.125298,22.541901,409
粤B5MU52,114.128998,22.5438,410
粤B5MU52,114.138496,22.573099,413
粤B5MU52,114.134201,22.585899,416
粤B5MU52,114.133598,22.586201,416
粤B5MU52,114.133202,22.586599,417
粤B5MU52,114.133202,22.586599,418
粤B5MU52,114.134697,22.5868,420
粤B5MU52,114.134697,22.5868,420
粤B5MU52,114.134697,22.586599,421
粤B5MU52,114.132301,22.586599,422
粤B5MU52,114.133003,22.5863,424
粤B5MU52,114.133003,22.5863,424
粤B5MU52,114.133003,22.5853,425
粤B5MU52,114.133003,22.586,425
粤B5MU52,114.133003,22.5847,426
粤B5MU52,114.133301,22.584299,427
粤B5MU52,114.135201,22.5844,428
粤B5MU52,114.136398,22.583099,428
粤B5MU52,114.136803,22.5818,428
粤B5MU52,114.135498,22.5844,428
粤B5MU52,114.135803,22.5784,429
粤B5MU52,114.1371,22.581301,429
粤B5MU52,114.128403,22.577499,431
粤B5MU52,114.1315,22.5777,431
粤B5MU52,114.124603,22.577,432
粤B5MU52,114.115898,22.5776,433
粤B5MU52,114.118698,22.562599,435
粤B5MU52,114.118202,22.5655,435
粤B5MU52,114.1213,22.5576,436
粤B5MU52,114.122704,22.557699,436
粤B5MU52,114.124901,22.559,438
粤B5MU52,114.1241,22.558701,439
粤B5MU52,114.123596,22.5585,440
粤B5MU52,114.117798,22.5695,442
粤B5MU52,114.118202,22.565901,442
粤B5MU52,114.118896,22.5625,442
粤B5MU52,114.120399,22.5763,444
粤B5MU52,114.133301,22.576599,445
粤B5MU52,114.137398,22.5758,446
粤B5MU52,114.136002,22.575701,446
粤B5MU52,114.135902,22.5779,447
粤B5MU52,114.136902,22.5818,449
粤B5MU52,114.136002,22.5795,450
粤B5MU52,114.137199,22.5807,450
粤B5MU52,114.1362,22.5797,450
粤B5MU52,114.135803,22.579,451
粤B5MU52,114.136002,22.5795,451
粤B5MU52,114.123299,22.576799,453
粤B5MU52,114.129799,22.577801,453
粤B5MU52,114.122498,22.576799,454
粤B5MU52,114.120102,22.576799,455
粤B5MU52,114.114197,22.5774,457
粤B5MU52,114.113701,22.576799,457
粤B5MU52,114.1138,22.572901,458
粤B5MU52,114.114098,22.5748,458
粤B5MU52,114.112999,22.57,458
粤B5MU52,114.111702,22.5583,460
粤B5MU52,114.110199,22.556299,461
粤B5MU52,114.109802,22.552099,462
粤B5MU52,114.1101,22.549801,463
粤B5MU52,114.1101,22.549801,464
粤B5MU52,114.110199,22.5485,465
粤B5MU52,114.110199,22.548201,465
粤B5MU52,114.110199,22.548,465
粤B5MU52,114.1101,22.543501,467
粤B5MU52,114.110397,22.542601,467
粤B5MU52,114.110298,22.542101,468
粤B5MU52,114.110397,22.542601,468
粤B5MU52,114.110603,22.540701,469
粤B5MU52,114.110703,22.539499,469
粤B5MU52,114.096603,22.5382,471
粤B5MU52,114.078201,22.5338,473
粤B5MU52,114.069099,22.532,474
粤B5MU52,114.067299,22.532,475
粤B5MU52,114.068001,22.5326,475
粤B5MU52,114.066002,22.525,476
粤B5MU52,114.067497,22.5222,478
粤B5MU52,114.066902,22.522301,478
粤B5MU52,114.0681,22.521799,479
粤B5MU52,114.0681,22.521999,479
粤B5MU52,114.067802,22.521,480
粤B5MU52,114.065598,22.5242,482
粤B5MU52,114.066299,22.524099,482
粤B5MU52,114.068298,22.5362,487
粤B5MU52,114.074097,22.5396,489
粤B5MU52,114.074303,22.539,490
粤B5MU52,114.074402,22.539301,490
粤B5MU52,114.074303,22.539,490
粤B5MU52,114.074303,22.539,491
粤B5MU52,114.074303,22.539,491
粤B5MU52,114.074303,22.539,491
粤B5MU52,114.073898,22.535299,493
粤B5MU52,114.075302,22.534401,494
粤B5MU52,114.075401,22.533701,495
粤B5MU52,114.077499,22.5376,497
粤B5MU52,114.0774,22.5364,497
粤B5MU52,114.077599,22.540199,499
粤B5MU52,114.076401,22.540001,499
粤B5MU52,114.074303,22.5394,501
粤B5MU52,114.073898,22.5383,501
粤B5MU52,114.073799,22.5373,502
粤B5MU52,114.072304,22.5359,503
粤B5MU52,114.068398,22.532,505
粤B5MU52,114.056503,22.531799,507
粤B5MU52,114.054298,22.5317,507
粤B5MU52,114.046097,22.5319,508
粤B5MU52,114.0485,22.5317,508
粤B5MU52,114.044701,22.5327,509
粤B5MU52,114.044601,22.534901,509
粤B5MU52,114.047401,22.5417,511
粤B5MU52,114.047203,22.5418,511
粤B5MU52,114.047897,22.5406,512
粤B5MU52,114.047798,22.5385,513
粤B5MU52,114.047798,22.5368,514
粤B5MU52,114.050301,22.5338,516
粤B5MU52,114.050201,22.533501,516
粤B5MU52,114.0513,22.531601,518
粤B5MU52,114.051399,22.5282,518
粤B5MU52,114.051399,22.5266,519
粤B5MU52,114.051399,22.5266,519
粤B5MU52,114.050797,22.5187,521
粤B5MU52,114.050797,22.518101,522
粤B5MU52,114.050499,22.5165,522
粤B5MU52,114.050797,22.5144,523
粤B5MU52,114.047203,22.5103,525
粤B5MU52,114.047997,22.5107,525
粤B5MU52,114.047302,22.510201,525
粤B5MU52,114.047302,22.5096,526
粤B5MU52,114.047302,22.5056,527
粤B5MU52,114.049202,22.505199,528
粤B5MU52,114.0467,22.5054,529
粤B5MU52,114.047997,22.5054,529
粤B5MU52,114.044098,22.5086,530
粤B5MU52,114.038803,22.511499,532
粤B5MU52,114.038902,22.5107,532
粤B5MU52,114.039101,22.512501,533
粤B5MU52,114.040001,22.513399,533
粤B5MU52,114.040398,22.513201,534
粤B5MU52,114.040001,22.513399,534
粤B5MU52,114.040398,22.513201,536
粤B5MU52,114.055603,22.513901,545
粤B5MU52,114.0354,22.653601,717
粤B5MU52,114.035599,22.6542,718
粤B5MU52,114.037498,22.653,718
粤B5MU52,114.037903,22.652599,719
粤B5MU52,114.041199,22.651199,720
粤B5MU52,114.041199,22.651199,721
粤B5MU52,114.041603,22.638599,725
粤B5MU52,114.041603,22.638599,725
粤B5MU52,114.0457,22.639099,726
粤B5MU52,114.047096,22.6348,728
粤B5MU52,114.047203,22.634399,728
粤B5MU52,114.046898,22.636299,728
粤B5MU52,114.0467,22.6336,729
粤B5MU52,114.045898,22.632099,729
粤B5MU52,114.045998,22.632099,729
粤B5MU52,114.044403,22.632401,730
粤B5MU52,114.043404,22.6325,732
粤B5MU52,114.043404,22.6325,732
粤B5MU52,114.043404,22.6325,732
粤B5MU52,114.043404,22.6325,733
粤B5MU52,114.043404,22.6325,733
粤B5MU52,114.043404,22.6325,733
粤B5MU52,114.0448,22.632099,735
粤B5MU52,114.048599,22.631201,735
粤B5MU52,114.052399,22.630199,735
粤B5MU52,114.065697,22.6294,737
粤B5MU52,114.064499,22.6299,737
粤B5MU52,114.066902,22.623501,739
粤B5MU52,114.067101,22.622101,739
粤B5MU52,114.064598,22.619499,740
粤B5MU52,114.0625,22.6194,740
粤B5MU52,114.062599,22.619301,741
粤B5MU52,114.058701,22.6194,742
粤B5MU52,114.057404,22.6194,742
粤B5MU52,114.055702,22.621401,743
粤B5MU52,114.055603,22.618099,744
粤B5MU52,114.055,22.6117,745
粤B5MU52,114.054199,22.6087,746
粤B5MU52,114.054901,22.611099,746
粤B5MU52,114.054199,22.6087,747
粤B5MU52,114.053001,22.6066,747
粤B5MU52,114.050499,22.6049,748
粤B5MU52,114.043297,22.6017,749
粤B5MU52,114.043503,22.6005,750
粤B5MU52,114.043602,22.600401,750
粤B5MU52,114.043602,22.600401,750
粤B5MU52,114.043602,22.600401,751
粤B5MU52,114.043602,22.600401,751
粤B5MU52,114.043602,22.600401,753
粤B5MU52,114.043602,22.600401,754
粤B5MU52,114.043602,22.600401,754
粤B5MU52,114.043602,22.600401,754
粤B5MU52,114.043602,22.600201,754
粤B5MU52,114.048897,22.591299,756
粤B5MU52,114.053398,22.584,757
粤B5MU52,114.055099,22.580601,757
粤B5MU52,114.061798,22.5779,758
粤B5MU52,114.067497,22.566999,759
粤B5MU52,114.067497,22.5585,760
粤B5MU52,114.067497,22.561001,760
粤B5MU52,114.067398,22.563601,760
粤B5MU52,114.067497,22.5585,761
粤B5MU52,114.067596,22.5578,761
粤B5MU52,114.067703,22.554899,761
粤B5MU52,114.067703,22.551399,763
粤B5MU52,114.067703,22.5485,764
粤B5MU52,114.067703,22.5501,764
粤B5MU52,114.067902,22.544901,765
粤B5MU52,114.067802,22.5469,765
粤B5MU52,114.0681,22.5338,766
粤B5MU52,114.067902,22.530701,767
粤B5MU52,114.067497,22.5315,767
粤B5MU52,114.077202,22.532101,768
粤B5MU52,114.096397,22.538,770
粤B5MU52,114.092499,22.538099,770
粤B5MU52,114.104301,22.537901,771
粤B5MU52,114.100304,22.538099,771
粤B5MU52,114.106201,22.537001,771
粤B5MU52,114.114799,22.5348,774
粤B5MU52,114.116898,22.5366,774
粤B5MU52,114.1157,22.5354,774
粤B5MU52,114.1147,22.5348,774
粤B5MU52,114.1147,22.5348,775
粤B5MU52,114.113998,22.533899,777
粤B5MU52,114.113998,22.533899,777
粤B5MU52,114.113998,22.533899,778
粤B5MU52,114.113998,22.533899,778
粤B5MU52,114.113998,22.533899,778
粤B5MU52,114.113998,22.533899,778
粤B5MU52,114.113701,22.538799,780
粤B5MU52,114.113701,22.538799,781
粤B5MU52,114.113701,22.5397,781
粤B5MU52,114.113602,22.5411,781
粤B5MU52,114.113503,22.5418,782
粤B5MU52,114.116997,22.5464,784
粤B5MU52,114.116997,22.5464,784
粤B5MU52,114.117302,22.547199,785
粤B5MU52,114.122902,22.5485,788
粤B5MU52,114.122597,22.5502,789
粤B5MU52,114.122299,22.551001,789
粤B5MU52,114.119202,22.552,791
粤B5MU52,114.118896,22.551901,792
粤B5MU52,114.1185,22.551701,792
粤B5MU52,114.117699,22.5511,793
粤B5MU52,114.116798,22.5506,794
粤B5MU52,114.1166,22.5476,796
粤B5MU52,114.1166,22.5478,796
粤B5MU52,114.108498,22.545799,798
粤B5MU52,114.109001,22.5473,798
粤B5MU52,114.110298,22.5432,799
粤B5MU52,114.109901,22.5459,799
粤B5MU52,114.110397,22.541901,801
粤B5MU52,114.110802,22.541901,801
粤B5MU52,114.112701,22.5422,802
粤B5MU52,114.113701,22.5424,802
粤B5MU52,114.114098,22.5424,803
粤B5MU52,114.116898,22.542999,804
粤B5MU52,114.117104,22.5432,805
粤B5MU52,114.118698,22.544001,805
粤B5MU52,114.1175,22.5434,805
粤B5MU52,114.120399,22.544399,806
粤B5MU52,114.118797,22.540199,808
粤B5MU52,114.1166,22.5397,809
粤B5MU52,114.0933,22.5382,812
粤B5MU52,114.081902,22.538099,813
粤B5MU52,114.083397,22.5375,813
粤B5MU52,114.081703,22.541,814
粤B5MU52,114.081703,22.5425,815
粤B5MU52,114.082001,22.542999,815
粤B5MU52,114.081703,22.5425,815
粤B5MU52,114.095299,22.5434,818
粤B5MU52,114.105103,22.544399,820
粤B5MU52,114.112602,22.545799,822
粤B5MU52,114.113297,22.5459,822
粤B5MU52,114.113297,22.5459,822
粤B5MU52,114.112602,22.5464,823
粤B5MU52,114.113503,22.5459,823
粤B5MU52,114.112503,22.5471,824
粤B5MU52,114.112503,22.547199,826
粤B5MU52,114.112701,22.547701,826
粤B5MU52,114.112099,22.5469,827
粤B5MU52,114.109901,22.552601,828
粤B5MU52,114.109802,22.5532,829
粤B5MU52,114.109802,22.5536,829
粤B5MU52,114.112099,22.559601,830
粤B5MU52,114.112099,22.559799,830
粤B5MU52,114.111298,22.557501,830
粤B5MU52,114.111801,22.5618,830
粤B5MU52,114.1119,22.558599,830
粤B5MU52,114.109299,22.576401,833
粤B5MU52,114.105598,22.574301,834
粤B5MU52,114.093803,22.5681,835
粤B5MU52,114.097099,22.5693,835
粤B5MU52,114.085503,22.5646,837
粤B5MU52,114.067802,22.567699,843
粤B5MU52,114.067802,22.567699,844
粤B5MU52,114.067802,22.567699,844
粤B5MU52,114.067802,22.567699,844
粤B5MU52,114.067398,22.5674,845
粤B5MU52,114.065804,22.5669,846
粤B5MU52,114.0653,22.5669,847
粤B5MU52,114.0653,22.5669,847
粤B5MU52,114.065498,22.567101,848
粤B5MU52,114.065697,22.566299,849
粤B5MU52,114.0653,22.566999,851
粤B5MU52,114.0653,22.566999,851
粤B5MU52,114.065399,22.567101,852
粤B5MU52,114.0653,22.566999,852
粤B5MU52,114.065399,22.567101,854
粤B5MU52,114.065399,22.567101,854
粤B5MU52,114.065399,22.567101,855
粤B5MU52,114.065399,22.567101,855
粤B5MU52,114.065399,22.567101,855
粤B5MU52,114.065399,22.567101,856
粤B5MU52,114.065399,22.567101,858
粤B5MU52,114.0653,22.566999,859
粤B5MU52,114.0653,22.566999,861
粤B5MU52,114.0653,22.566999,861
粤B5MU52,114.0653,22.566999,862
粤B5MU52,114.0653,22.566999,864
粤B5MU52,114.0653,22.566999,865
粤B5MU52,114.0653,22.566999,865
粤B5MU52,114.0653,22.566999,865
粤B5MU52,114.0653,22.566999,865
粤B5MU52,114.065498,22.5674,866
粤B5MU52,114.0653,22.566999,866
粤B5MU52,114.0653,22.566999,866
粤B5MU52,114.065498,22.567499,866
粤B5MU52,114.065498,22.567499,867
粤B5MU52,114.065498,22.567499,868
粤B5MU52,114.065498,22.567499,868
粤B5MU52,114.065498,22.567499,868
粤B5MU52,114.065498,22.567499,869
粤B5MU52,114.065399,22.567301,871
粤B5MU52,114.065399,22.567301,872
粤B5MU52,114.065399,22.567301,872
粤B5MU52,114.065399,22.567301,873
粤B5MU52,114.065399,22.567301,874
粤B5MU52,114.065399,22.567301,874
粤B5MU52,114.065399,22.5674,875
粤B5MU52,114.065399,22.5674,875
粤B5MU52,114.065102,22.566999,876
粤B5MU52,114.065201,22.567301,876
粤B5MU52,114.066704,22.566799,878
粤B5MU52,114.066101,22.566799,878
粤B5MU52,114.067299,22.566799,879
粤B5MU52,114.065201,22.5669,880
粤B5MU52,114.0634,22.566799,881
粤B5MU52,114.064697,22.5669,881
粤B5MU52,114.067398,22.566601,882
粤B5MU52,114.066803,22.566799,882
粤B5MU52,114.065498,22.5669,882
粤B5MU52,114.067703,22.552099,885
粤B5MU52,114.067703,22.5511,886
粤B5MU52,114.067703,22.549,886
粤B5MU52,114.067703,22.549101,886
粤B5MU52,114.067703,22.548901,887
粤B5MU52,114.068001,22.539801,888
粤B5MU52,114.068001,22.5375,889
粤B5MU52,114.067902,22.533701,889
粤B5MU52,114.067802,22.533501,890
粤B5MU52,114.063202,22.533199,892
粤B5MU52,114.063004,22.5345,892
粤B5MU52,114.062897,22.535299,893
粤B5MU52,114.062698,22.5361,893
粤B5MU52,114.0625,22.5406,895
粤B5MU52,114.064003,22.5476,896
粤B5MU52,114.066498,22.547701,897
粤B5MU52,114.064697,22.5476,897
粤B5MU52,114.080597,22.5492,911
粤B5MU52,114.078598,22.5483,911
粤B5MU52,114.080597,22.5492,911
粤B5MU52,114.0802,22.547199,913
粤B5MU52,114.0793,22.547199,913
粤B5MU52,114.080299,22.5466,914
粤B5MU52,114.080399,22.5452,915
粤B5MU52,114.080498,22.5448,915
粤B5MU52,114.073799,22.542999,917
粤B5MU52,114.076302,22.5431,917
粤B5MU52,114.069,22.5432,918
粤B5MU52,114.067497,22.543301,918
粤B5MU52,114.071503,22.5432,918
粤B5MU52,114.068001,22.5401,919
粤B5MU52,114.0662,22.5261,921
粤B5MU52,114.066803,22.527399,921
粤B5MU52,114.067001,22.528,921
粤B5MU52,114.065498,22.5247,922
粤B5MU52,114.061203,22.520901,924
粤B5MU52,114.058998,22.5177,925
粤B5MU52,114.060799,22.518999,925
粤B5MU52,114.055397,22.5156,926
粤B5MU52,114.053596,22.514799,926
粤B5MU52,114.045097,22.514299,928
粤B5MU52,114.040901,22.5144,929
粤B5MU52,114.040802,22.514299,929
粤B5MU52,114.041496,22.513,930
粤B5MU52,114.044899,22.5124,931
粤B5MU52,114.050598,22.5126,932
粤B5MU52,114.054604,22.513599,933
粤B5MU52,114.052597,22.513,933
粤B5MU52,114.057404,22.514999,935
粤B5MU52,114.058899,22.516001,935
粤B5MU52,114.061401,22.517799,936
粤B5MU52,114.061699,22.5184,936
粤B5MU52,114.062103,22.518499,937
粤B5MU52,114.0625,22.518801,937
粤B5MU52,114.062103,22.518499,937
粤B5MU52,114.062202,22.5189,938
粤B5MU52,114.062202,22.5189,938
粤B5MU52,114.062202,22.5189,938
粤B5MU52,114.062202,22.5189,939
粤B5MU52,114.062103,22.5187,940
粤B5MU52,114.062103,22.5187,940
粤B5MU52,114.061897,22.5186,941
粤B5MU52,114.061897,22.518499,941
粤B5MU52,114.061897,22.518499,942
粤B5MU52,114.061897,22.518499,942
粤B5MU52,114.061897,22.518499,942
粤B5MU52,114.062202,22.5189,945
粤B5MU52,114.062202,22.5189,945
粤B5MU52,114.062202,22.5189,946
粤B5MU52,114.055,22.5154,948
粤B5MU52,114.051399,22.5144,949
粤B5MU52,114.050903,22.515499,949
粤B5MU52,114.048599,22.523399,952
粤B5MU52,114.048698,22.5236,953
粤B5MU52,114.048599,22.523399,953
粤B5MU52,114.048698,22.5236,953
粤B5MU52,114.048698,22.5236,954
粤B5MU52,114.048698,22.5236,954
粤B5MU52,114.051102,22.525801,956
粤B5MU52,114.0513,22.525801,956
粤B5MU52,114.050903,22.525801,956
粤B5MU52,114.056801,22.5259,957
粤B5MU52,114.059502,22.5261,958
粤B5MU52,114.059402,22.527201,960
粤B5MU52,114.059502,22.527,960
粤B5MU52,114.062401,22.5315,962
粤B5MU52,114.069603,22.5317,963
粤B5MU52,114.068901,22.5317,963
粤B5MU52,114.070198,22.5317,964
粤B5MU52,114.071297,22.5317,964
粤B5MU52,114.077797,22.532499,965
粤B5MU52,114.071297,22.5317,969
粤B5MU52,114.077797,22.532499,970
粤B5MU52,114.105003,22.5375,971
粤B5MU52,114.112602,22.538099,972
粤B5MU52,114.108101,22.5373,972
粤B5MU52,114.116501,22.5362,974
粤B5MU52,114.115799,22.5354,974
粤B5MU52,114.1147,22.5347,975
粤B5MU52,114.1147,22.5347,975
粤B5MU52,114.1147,22.5347,975
粤B5MU52,114.1147,22.5347,975
粤B5MU52,114.1147,22.5347,975
粤B5MU52,114.114502,22.533899,976
粤B5MU52,114.113998,22.5338,976
粤B5MU52,114.113602,22.538601,978
粤B5MU52,114.1138,22.539301,978
粤B5MU52,114.113602,22.5418,979
粤B5MU52,114.113701,22.5424,979
粤B5MU52,114.114998,22.5427,980
粤B5MU52,114.116096,22.5464,981
粤B5MU52,114.117104,22.5471,982
粤B5MU52,114.116501,22.5497,983
粤B5MU52,114.116798,22.5506,984
粤B5MU52,114.1213,22.5569,986
粤B5MU52,114.119499,22.560499,986
粤B5MU52,114.117996,22.567101,987
粤B5MU52,114.118401,22.5648,987
粤B5MU52,114.116501,22.5772,990
粤B5MU52,114.115898,22.578501,990
粤B5MU52,114.116203,22.5779,990
粤B5MU52,114.112503,22.5856,993
粤B5MU52,114.109802,22.593399,994
粤B5MU52,114.109497,22.5907,994
粤B5MU52,114.111,22.595699,995
粤B5MU52,114.1119,22.597601,995
粤B5MU52,114.124702,22.6092,997
粤B5MU52,114.1269,22.6106,998
粤B5MU52,114.128403,22.6147,1000
粤B5MU52,114.128403,22.6147,1001
粤B5MU52,114.128403,22.6147,1001
粤B5MU52,114.128403,22.6147,1002
粤B5MU52,114.128403,22.6147,1003
粤B5MU52,114.128403,22.6147,1004
粤B5MU52,114.128403,22.6147,1004
粤B5MU52,114.128403,22.6147,1005
粤B5MU52,114.128403,22.6147,1007
粤B5MU52,114.128403,22.6147,1007
粤B5MU52,114.128403,22.6147,1008
粤B5MU52,114.128403,22.6147,1011
粤B5MU52,114.128403,22.6147,1011
粤B5MU52,114.128403,22.6147,1011
粤B5MU52,114.128403,22.6147,1012
粤B5MU52,114.128403,22.6147,1012
粤B5MU52,114.128403,22.6147,1013
粤B5MU52,114.128403,22.6147,1013
粤B5MU52,114.1297,22.6136,1015
粤B5MU52,114.1297,22.6136,1015
粤B5MU52,114.127701,22.612499,1016
粤B5MU52,114.117699,22.6054,1018
粤B5MU52,114.123199,22.555599,1029
粤B5MU52,114.1259,22.548599,1031
粤B5MU52,114.1259,22.548599,1032
粤B5MU52,114.1259,22.548599,1032
粤B5MU52,114.1259,22.548599,1033
粤B5MU52,114.136703,22.5495,1035
粤B5MU52,114.138298,22.549801,1036
粤B5MU52,114.139099,22.553499,1038
粤B5MU52,114.139,22.553301,1038
粤B5MU52,114.139099,22.553499,1039
粤B5MU52,114.137497,22.551901,1039
粤B5MU52,114.137398,22.551901,1040
粤B5MU52,114.137398,22.551901,1040
粤B5MU52,114.130699,22.544901,1041
粤B5MU52,114.1343,22.546499,1042
粤B5MU52,114.134499,22.546801,1043
粤B5MU52,114.137901,22.549801,1045
粤B5MU52,114.132401,22.549101,1046
粤B5MU52,114.132103,22.549,1046
粤B5MU52,114.133003,22.5492,1046
粤B5MU52,114.129997,22.548599,1047
粤B5MU52,114.129799,22.548599,1047
粤B5MU52,114.129601,22.547001,1049
粤B5MU52,114.129501,22.548,1049
粤B5MU52,114.129601,22.546301,1050
粤B5MU52,114.127403,22.545401,1050
粤B5MU52,114.126198,22.5452,1052
粤B5MU52,114.125603,22.542101,1053
粤B5MU52,114.125999,22.5452,1053
粤B5MU52,114.1259,22.5438,1053
粤B5MU52,114.1222,22.541201,1054
粤B5MU52,114.117699,22.537001,1056
粤B5MU52,114.119202,22.5382,1056
粤B5MU52,114.115097,22.535101,1057
粤B5MU52,114.117699,22.5369,1057
粤B5MU52,114.114601,22.5347,1057
粤B5MU52,114.116699,22.535999,1057
粤B5MU52,114.114197,22.534599,1058
粤B5MU52,114.114197,22.534401,1058
粤B5MU52,114.114304,22.534599,1058
粤B5MU52,114.114403,22.5341,1060
粤B5MU52,114.114403,22.5341,1060
粤B5MU52,114.114403,22.5341,1061
粤B5MU52,114.114403,22.5341,1062
粤B5MU52,114.116302,22.5357,1063
粤B5MU52,114.1203,22.538401,1064
粤B5MU52,114.121902,22.539499,1064
粤B5MU52,114.123802,22.540701,1065
粤B5MU52,114.121803,22.5443,1069
粤B5MU52,114.120796,22.543699,1069
粤B5MU52,114.1213,22.543699,1069
粤B5MU52,114.120399,22.544001,1070
粤B5MU52,114.121101,22.5471,1072
粤B5MU52,114.123497,22.5474,1073
粤B5MU52,114.123299,22.5474,1073
粤B5MU52,114.123497,22.5474,1074
粤B5MU52,114.125397,22.547899,1076
粤B5MU52,114.125397,22.547899,1076
粤B5MU52,114.125397,22.547899,1077
粤B5MU52,114.128304,22.549999,1080
粤B5MU52,114.128899,22.550501,1080
粤B5MU52,114.129898,22.552,1081
粤B5MU52,114.129501,22.5508,1081
粤B5MU52,114.128799,22.556101,1083
粤B5MU52,114.130798,22.560301,1084
粤B5MU52,114.129303,22.558001,1084
粤B5MU52,114.128601,22.556299,1084
粤B5MU52,114.132103,22.562099,1085
粤B5MU52,114.132103,22.562099,1085
粤B5MU52,114.133102,22.563299,1087
粤B5MU52,114.133301,22.563601,1087
粤B5MU52,114.1334,22.563601,1088
粤B5MU52,114.1334,22.563601,1088
粤B5MU52,114.133698,22.5639,1089
粤B5MU52,114.134903,22.5653,1090
粤B5MU52,114.134903,22.5653,1091
粤B5MU52,114.135201,22.565701,1092
粤B5MU52,114.136101,22.566799,1092
粤B5MU52,114.136398,22.566799,1092
粤B5MU52,114.138199,22.5646,1093
粤B5MU52,114.136497,22.566799,1093
粤B5MU52,114.137901,22.562901,1094
粤B5MU52,114.136703,22.561001,1095
粤B5MU52,114.137001,22.561501,1095
粤B5MU52,114.139603,22.559601,1096
粤B5MU52,114.140503,22.559099,1097
粤B5MU52,114.140297,22.558201,1097
粤B5MU52,114.139801,22.5581,1097
粤B5MU52,114.139801,22.5581,1097
粤B5MU52,114.140503,22.5595,1098
粤B5MU52,114.137604,22.566099,1099
粤B5MU52,114.138603,22.5648,1099
粤B5MU52,114.137299,22.5683,1100
粤B5MU52,114.138298,22.572201,1101
粤B5MU52,114.138,22.5711,1101
粤B5MU52,114.138298,22.5742,1102
粤B5MU52,114.135399,22.5763,1103
粤B5MU52,114.136398,22.575899,1103
粤B5MU52,114.124702,22.577101,1104
粤B5MU52,114.122902,22.5781,1105
粤B5MU52,114.123398,22.577101,1105
粤B5MU52,114.137001,22.561501,1105
粤B5MU52,114.120796,22.579201,1106
粤B5MU52,114.119102,22.579399,1106
粤B5MU52,114.118698,22.579599,1107
粤B5MU52,114.119904,22.579201,1108
粤B5MU52,114.120201,22.5793,1108
粤B5MU52,114.120796,22.5793,1109
粤B5MU52,114.120796,22.5793,1109
粤B5MU52,114.1222,22.5793,1111
粤B5MU52,114.1222,22.5793,1111
粤B5MU52,114.1222,22.5793,1111
粤B5MU52,114.1222,22.5793,1112
粤B5MU52,114.1222,22.5793,1112
粤B5MU52,114.129402,22.579599,1115
粤B5MU52,114.129402,22.579599,1116
粤B5MU52,114.129402,22.579599,1116
粤B5MU52,114.129402,22.579599,1116
粤B5MU52,114.1306,22.580999,1118
粤B5MU52,114.1306,22.5805,1118
粤B5MU52,114.130402,22.582001,1119
粤B5MU52,114.131401,22.5823,1120
粤B5MU52,114.131798,22.5823,1120
粤B5MU52,114.133003,22.582001,1122
粤B5MU52,114.132698,22.5798,1123
粤B5MU52,114.136299,22.5797,1125
粤B5MU52,114.136002,22.579399,1125
粤B5MU52,114.1353,22.5793,1125
粤B5MU52,114.137398,22.5805,1126
粤B5MU52,114.140099,22.578699,1127
粤B5MU52,114.138603,22.5748,1128
粤B5MU52,114.137703,22.570499,1129
粤B5MU52,114.137703,22.570499,1129
粤B5MU52,114.137604,22.5704,1130
粤B5MU52,114.137703,22.570499,1130
粤B5MU52,114.137901,22.569,1130
粤B5MU52,114.137199,22.568001,1131
粤B5MU52,114.132301,22.5625,1132
粤B5MU52,114.131798,22.562,1132
粤B5MU52,114.128601,22.5571,1133
粤B5MU52,114.130798,22.560499,1133
粤B5MU52,114.129898,22.5592,1133
粤B5MU52,114.129997,22.555201,1135
粤B5MU52,114.130302,22.5543,1136
粤B5MU52,114.130302,22.554199,1136
粤B5MU52,114.125099,22.5492,1141
粤B5MU52,114.118698,22.547899,1146
粤B5MU52,114.120201,22.5476,1146
粤B5MU52,114.117699,22.548,1146
粤B5MU52,114.122101,22.5481,1147
粤B5MU52,114.122704,22.5483,1147
粤B5MU52,114.121399,22.5478,1147
粤B5MU52,114.122704,22.5483,1148
粤B5MU52,114.125999,22.5501,1149
粤B5MU52,114.125999,22.5501,1149
粤B5MU52,114.127502,22.555201,1150
粤B5MU52,114.129799,22.555201,1151
粤B5MU52,114.128799,22.556,1151
粤B5MU52,114.131104,22.554399,1151
粤B5MU52,114.134399,22.557699,1152
粤B5MU52,114.136803,22.5567,1153
粤B5MU52,114.138802,22.556,1154
粤B5MU52,114.168999,22.561701,1160
粤B5MU52,114.170898,22.565599,1161
粤B5MU52,114.170898,22.5662,1162
粤B5MU52,114.170898,22.5662,1162
粤B5MU52,114.170799,22.5641,1163
粤B5MU52,114.168198,22.5634,1165
粤B5MU52,114.168701,22.563801,1165
粤B5MU52,114.165604,22.563101,1166
粤B5MU52,114.156502,22.560499,1167
粤B5MU52,114.161003,22.562799,1167
粤B5MU52,114.149101,22.556,1168
粤B5MU52,114.138397,22.556101,1169
粤B5MU52,114.141998,22.5557,1169
粤B5MU52,114.136002,22.557699,1170
粤B5MU52,114.134201,22.559601,1170
粤B5MU52,114.132698,22.5611,1170
粤B5MU52,114.130501,22.559999,1171
粤B5MU52,114.131798,22.561899,1171
粤B5MU52,114.129799,22.559099,1172
粤B5MU52,114.128998,22.557699,1174
粤B5MU52,114.125603,22.5588,1175
粤B5MU52,114.126503,22.558001,1175
粤B5MU52,114.130203,22.5616,1177
粤B5MU52,114.131302,22.562,1178
粤B5MU52,114.131302,22.562,1178
粤B5MU52,114.131599,22.562,1179
粤B5MU52,114.135902,22.566601,1181
粤B5MU52,114.135902,22.566601,1182
粤B5MU52,114.135902,22.566601,1182
粤B5MU52,114.135902,22.566601,1183
粤B5MU52,114.136002,22.5667,1183
粤B5MU52,114.135696,22.566601,1184
粤B5MU52,114.135696,22.566601,1184
粤B5MU52,114.134201,22.5648,1185
粤B5MU52,114.132202,22.5625,1185
粤B5MU52,114.128304,22.5567,1186
粤B5MU52,114.136002,22.5667,1188
粤B5MU52,114.125801,22.549801,1190
粤B5MU52,114.125801,22.549801,1190
粤B5MU52,114.117203,22.546499,1194
粤B5MU52,114.115097,22.546101,1195
粤B5MU52,114.1138,22.546,1195
粤B5MU52,114.105301,22.5446,1197
粤B5MU52,114.104698,22.5443,1197
粤B5MU52,114.101097,22.544901,1198
粤B5MU52,114.101196,22.5439,1198
粤B5MU52,114.101402,22.545799,1199
粤B5MU52,114.105797,22.547199,1202
粤B5MU52,114.105598,22.547501,1202
粤B5MU52,114.105598,22.5462,1203
粤B5MU52,114.105797,22.547199,1203
粤B5MU52,114.105797,22.5469,1203
粤B5MU52,114.1045,22.5455,1204
粤B5MU52,114.099503,22.5415,1206
粤B5MU52,114.086502,22.5376,1208
粤B5MU52,114.0821,22.5376,1209
粤B5MU52,114.081802,22.5403,1210
粤B5MU52,114.081802,22.5403,1210
粤B5MU52,114.081703,22.5371,1212
粤B5MU52,114.084297,22.5371,1212
粤B5MU52,114.084396,22.5371,1213
粤B5MU52,114.085403,22.537201,1213
粤B5MU52,114.0979,22.538,1215
粤B5MU52,114.101402,22.5385,1215
粤B5MU52,114.100403,22.537901,1215
粤B5MU52,114.0998,22.539,1216
粤B5MU52,114.099701,22.5408,1216
粤B5MU52,114.1017,22.541201,1217
粤B5MU52,114.105103,22.541201,1220
粤B5MU52,114.1064,22.5413,1221
粤B5MU52,114.105598,22.541201,1221
粤B5MU52,114.113602,22.5445,1224
粤B5MU52,114.113503,22.5429,1225
粤B5MU52,114.113503,22.542999,1225
粤B5MU52,114.113503,22.542999,1225
粤B5MU52,114.113503,22.5427,1226
粤B5MU52,114.113503,22.5427,1226
粤B5MU52,114.1147,22.540899,1228
粤B5MU52,114.115898,22.541201,1228
粤B5MU52,114.118103,22.5418,1229
粤B5MU52,114.1175,22.5415,1229
粤B5MU52,114.119797,22.541901,1231
粤B5MU52,114.121399,22.543699,1232
粤B5MU52,114.122101,22.544901,1232
粤B5MU52,114.1222,22.545601,1233
粤B5MU52,114.123901,22.5459,1234
粤B5MU52,114.123901,22.5459,1235
粤B5MU52,114.124001,22.5453,1235
粤B5MU52,114.122498,22.545099,1236
粤B5MU52,114.122498,22.545099,1236
粤B5MU52,114.123802,22.545099,1236
粤B5MU52,114.122498,22.545099,1237
粤B5MU52,114.122002,22.544901,1237
粤B5MU52,114.1185,22.5432,1239
粤B5MU52,114.1185,22.5432,1239
粤B5MU52,114.1185,22.5432,1239
粤B5MU52,114.118103,22.543501,1240
粤B5MU52,114.1175,22.5448,1240
粤B5MU52,114.119904,22.5457,1241
粤B5MU52,114.119301,22.544001,1243
粤B5MU52,114.119698,22.5443,1243
粤B5MU52,114.116402,22.542999,1245
粤B5MU52,114.115799,22.5429,1245
粤B5MU52,114.114098,22.5425,1246
粤B5MU52,114.114304,22.542601,1246
粤B5MU52,114.1091,22.5452,1248
粤B5MU52,114.107903,22.5473,1250
粤B5MU52,114.106499,22.553101,1252
粤B5MU52,114.107399,22.552401,1252
粤B5MU52,114.104698,22.553301,1253
粤B5MU52,114.1045,22.5532,1253
粤B5MU52,114.1063,22.5532,1253
粤B5MU52,114.101601,22.552401,1256
粤B5MU52,114.103104,22.5527,1256
粤B5MU52,114.100998,22.554001,1257
粤B5MU52,114.100998,22.554001,1257
粤B5MU52,114.1008,22.554199,1257
粤B5MU52,114.105003,22.551399,1260
粤B5MU52,114.105301,22.5481,1261
粤B5MU52,114.105003,22.5494,1261
粤B5MU52,114.104797,22.545799,1262
粤B5MU52,114.106003,22.546301,1262
粤B5MU52,114.102997,22.5448,1263
粤B5MU52,114.104599,22.545601,1264
粤B5MU52,114.104897,22.545799,1265
粤B5MU52,114.105698,22.5462,1265
粤B5MU52,114.105202,22.550699,1267
粤B5MU52,114.105003,22.549601,1267
粤B5MU52,114.105301,22.551201,1268
粤B5MU52,114.105301,22.5509,1268
粤B5MU52,114.1045,22.552,1269
粤B5MU52,114.103996,22.553301,1269
粤B5MU52,114.121399,22.557501,1274
粤B5MU52,114.122002,22.557301,1275
粤B5MU52,114.122704,22.557699,1275
粤B5MU52,114.121597,22.557301,1275
粤B5MU52,114.123398,22.5581,1276
粤B5MU52,114.123199,22.558001,1276
粤B5MU52,114.124901,22.558901,1277
粤B5MU52,114.124901,22.558901,1278
粤B5MU52,114.124901,22.558901,1278
粤B5MU52,114.128304,22.5609,1279
粤B5MU52,114.130898,22.561899,1279
粤B5MU52,114.134201,22.5646,1281
粤B5MU52,114.133301,22.5639,1282
粤B5MU52,114.133301,22.5639,1283
粤B5MU52,114.125198,22.5595,1285
粤B5MU52,114.125,22.560499,1285
粤B5MU52,114.124901,22.561701,1286
粤B5MU52,114.125198,22.567301,1287
粤B5MU52,114.125099,22.5697,1288
粤B5MU52,114.124199,22.5737,1289
粤B5MU52,114.120903,22.579201,1291
粤B5MU52,114.119598,22.579201,1292
粤B5MU52,114.118896,22.5793,1292
粤B5MU52,114.118896,22.5793,1292
粤B5MU52,114.119301,22.579399,1293
粤B5MU52,114.123001,22.577101,1294
粤B5MU52,114.123802,22.5739,1295
粤B5MU52,114.122002,22.5728,1296
粤B5MU52,114.122597,22.5697,1296
粤B5MU52,114.117798,22.569,1298
粤B5MU52,114.117897,22.573299,1298
粤B5MU52,114.118202,22.5755,1299
粤B5MU52,114.128304,22.5772,1302
粤B5MU52,114.127998,22.5772,1302
粤B5MU52,114.129799,22.5774,1303
粤B5MU52,114.128304,22.5772,1308
粤B5MU52,114.129799,22.5774,1309
粤B5MU52,114.143501,22.584299,1310
粤B5MU52,114.141296,22.582701,1310
粤B5MU52,114.140999,22.5805,1310
粤B5MU52,114.148499,22.5886,1311
粤B5MU52,114.146004,22.586901,1311
粤B5MU52,114.155098,22.596901,1313
粤B5MU52,114.159599,22.601,1314
粤B5MU52,114.160797,22.603701,1314
粤B5MU52,114.160004,22.6075,1315
粤B5MU52,114.158501,22.6115,1316
粤B5MU52,114.1577,22.6134,1318
粤B5MU52,114.146103,22.587099,1325
粤B5MU52,114.1436,22.584299,1326
粤B5MU52,114.141701,22.5833,1326
粤B5MU52,114.1408,22.58,1327
粤B5MU52,114.138,22.5697,1330
粤B5MU52,114.138,22.5697,1330
粤B5MU52,114.137802,22.568701,1331
粤B5MU52,114.1362,22.567101,1332
粤B5MU52,114.132103,22.5623,1333
粤B5MU52,114.133698,22.5639,1334
粤B5MU52,114.134697,22.5651,1335
粤B5MU52,114.135597,22.564699,1335
粤B5MU52,114.135201,22.558901,1337
粤B5MU52,114.136002,22.560101,1337
粤B5MU52,114.134903,22.5585,1338
粤B5MU52,114.135101,22.5588,1338
粤B5MU52,114.135101,22.5588,1338
粤B5MU52,114.133904,22.5571,1339
粤B5MU52,114.128998,22.556,1340
粤B5MU52,114.123901,22.552299,1342
粤B5MU52,114.122498,22.5504,1344
粤B5MU52,114.122704,22.549601,1344
粤B5MU52,114.122597,22.549999,1344
粤B5MU52,114.122902,22.5488,1345
粤B5MU52,114.122902,22.5488,1345
粤B5MU52,114.1231,22.547899,1345
粤B5MU52,114.121597,22.547199,1346
粤B5MU52,114.121002,22.5471,1346
粤B5MU52,114.113998,22.546,1348
粤B5MU52,114.113998,22.546,1348
粤B5MU52,114.108597,22.547001,1349
粤B5MU52,114.108704,22.5457,1349
粤B5MU52,114.110298,22.542,1351
粤B5MU52,114.110802,22.537901,1353
粤B5MU52,114.110298,22.542,1357
粤B5MU52,114.113701,22.5404,1358
粤B5MU52,114.113602,22.541901,1358
粤B5MU52,114.111298,22.542101,1359
粤B5MU52,114.110298,22.542299,1360
粤B5MU52,114.113998,22.5317,1364
粤B5MU52,114.113998,22.5317,1365
粤B5MU52,114.115799,22.5352,1365
粤B5MU52,114.113998,22.5317,1365
粤B5MU52,114.117104,22.536301,1366
粤B5MU52,114.119202,22.5378,1366
粤B5MU52,114.118599,22.537399,1366
粤B5MU52,114.124496,22.5415,1368
粤B5MU52,114.121696,22.539301,1368
粤B5MU52,114.124199,22.5413,1368
粤B5MU52,114.126099,22.5422,1369
粤B5MU52,114.125999,22.543501,1369
粤B5MU52,114.124901,22.547899,1373
粤B5MU52,114.124496,22.5478,1373
粤B5MU52,114.125999,22.549801,1376
粤B5MU52,114.125397,22.549299,1376
粤B5MU52,114.126602,22.553801,1377
粤B5MU52,114.1278,22.5557,1377
粤B5MU52,114.125999,22.552,1377
粤B5MU52,114.130096,22.554899,1378
粤B5MU52,114.135002,22.558599,1380
粤B5MU52,114.135902,22.5599,1381
粤B5MU52,114.138,22.563101,1381
粤B5MU52,114.139397,22.556101,1383
粤B5MU52,114.139999,22.558399,1383
粤B5MU52,114.138397,22.5553,1384
粤B5MU52,114.143501,22.5555,1384
粤B5MU52,114.140198,22.555799,1384
粤B5MU52,114.146896,22.5555,1385
粤B5MU52,114.157501,22.560801,1386
粤B5MU52,114.157402,22.563101,1387
粤B5MU52,114.157402,22.5641,1388
粤B5MU52,114.157097,22.5648,1388
粤B5MU52,114.156601,22.564899,1390
粤B5MU52,114.157303,22.5611,1391
粤B5MU52,114.157402,22.563,1391
粤B5MU52,114.147797,22.5592,1393
粤B5MU52,114.146599,22.557301,1394
粤B5MU52,114.146599,22.557301,1394
粤B5MU52,114.146599,22.557301,1395
粤B5MU52,114.146599,22.557301,1395
粤B5MU52,114.138702,22.5548,1398
粤B5MU52,114.138,22.5525,1398
粤B5MU52,114.133698,22.5464,1399
粤B5MU52,114.106201,22.5371,1401
粤B5MU52,114.109901,22.5378,1401
粤B5MU52,114.106903,22.5404,1402
粤B5MU52,114.111099,22.535999,1404
粤B5MU52,114.111099,22.535601,1405
粤B5MU52,114.111099,22.535601,1405
粤B5MU52,114.111099,22.535601,1405
粤B5MU52,114.111198,22.535101,1406
粤B5MU52,114.119698,22.538,1410
粤B5MU52,114.118103,22.537001,1410
粤B5MU52,114.119904,22.538799,1411
粤B5MU52,114.118896,22.540199,1411
粤B5MU52,114.117897,22.5401,1412
粤B5MU52,114.114502,22.540701,1413
粤B5MU52,114.115997,22.5411,1414
粤B5MU52,114.115601,22.540899,1414
粤B5MU52,114.115997,22.5411,1414
粤B5MU52,114.116203,22.542,1415
粤B5MU52,114.116203,22.5413,1415
粤B5MU52,114.117798,22.543301,1416
粤B5MU52,114.117401,22.546,1417
粤B5MU52,114.117599,22.548201,1418
粤B5MU52,114.117302,22.5462,1418
粤B5MU52,114.121498,22.547899,1419
粤B5MU52,114.118698,22.548,1419
粤B5MU52,114.120201,22.547701,1419
粤B5MU52,114.124298,22.549,1422
粤B5MU52,114.124298,22.549,1422
粤B5MU52,114.124298,22.549,1423
粤B5MU52,114.124298,22.549,1423
粤B5MU52,114.124298,22.549,1427
粤B5MU52,114.124298,22.549,1427
粤B5MU52,114.124298,22.549,1429
粤B5MU52,114.124298,22.549,1429
粤B5MU52,114.124298,22.549,1430
粤B5MU52,114.124298,22.549,1430
粤B5MU52,114.124298,22.549,1430
粤B5MU52,114.124298,22.549,1432
粤B5MU52,114.124298,22.549,1432
粤B5MU52,114.124298,22.549,1433
粤B5MU52,114.124298,22.549,1433
