粤B0MT41,114.118752,22.589533,12
粤B0MT41,114.118752,22.589533,23
粤B0MT41,114.118752,22.589533,33
粤B0MT41,114.118752,22.589533,44
粤B0MT41,114.118752,22.589533,55
粤B0MT41,114.118752,22.589533,65
粤B0MT41,114.118752,22.589533,76
粤B0MT41,114.118752,22.589533,86
粤B0MT41,114.118752,22.589533,97
粤B0MT41,114.118752,22.589533,107
粤B0MT41,114.118752,22.589533,118
粤B0MT41,114.118752,22.589533,129
粤B0MT41,114.118752,22.589533,139
粤B0MT41,114.118752,22.589533,150
粤B0MT41,114.118752,22.589533,160
粤B0MT41,114.118752,22.589533,171
粤B0MT41,114.118752,22.589533,193
粤B0MT41,114.118752,22.589533,203
粤B0MT41,114.118752,22.589533,214
粤B0MT41,114.118752,22.589533,225
粤B0MT41,114.118752,22.589533,235
粤B0MT41,114.118752,22.589533,246
粤B0MT41,114.118752,22.589533,256
粤B0MT41,114.118752,22.589533,267
粤B0MT41,114.118752,22.589533,277
粤B0MT41,114.118752,22.589533,288
粤B0MT41,114.118752,22.589533,299
粤B0MT41,114.118752,22.589533,309
粤B0MT41,114.118752,22.589533,320
粤B0MT41,114.118752,22.589533,330
粤B0MT41,114.118752,22.589533,341
粤B0MT41,114.118752,22.589533,352
粤B0MT41,114.118752,22.589533,362
粤B0MT41,114.118752,22.589533,373
粤B0MT41,114.118752,22.589533,383
粤B0MT41,114.118752,22.589533,394
粤B0MT41,114.118752,22.589533,404
粤B0MT41,114.118752,22.589533,415
粤B0MT41,114.118752,22.589533,426
粤B0MT41,114.118752,22.589533,436
粤B0MT41,114.118752,22.589533,447
粤B0MT41,114.118752,22.589533,457
粤B0MT41,114.118752,22.589533,468
粤B0MT41,114.118752,22.589533,479
粤B0MT41,114.118752,22.589533,489
粤B0MT41,114.118752,22.589533,500
粤B0MT41,114.118752,22.589533,510
粤B0MT41,114.118752,22.589533,521
粤B0MT41,114.118752,22.589533,531
粤B0MT41,114.118752,22.589533,553
粤B0MT41,114.118752,22.589533,563
粤B0MT41,114.118752,22.589533,574
粤B0MT41,114.118752,22.589533,584
粤B0MT41,114.118752,22.589533,595
粤B0MT41,114.118752,22.589533,606
粤B0MT41,114.118752,22.589533,616
粤B0MT41,114.118752,22.589533,627
粤B0MT41,114.118752,22.589533,637
粤B0MT41,114.118752,22.589533,648
粤B0MT41,114.118752,22.589533,658
粤B0MT41,114.118752,22.589533,669
粤B0MT41,114.118752,22.589533,680
粤B0MT41,114.118752,22.589533,690
粤B0MT41,114.118752,22.589533,701
粤B0MT41,114.118752,22.589533,711
粤B0MT41,114.118752,22.589533,722
粤B0MT41,114.118752,22.589533,733
粤B0MT41,114.118752,22.589533,743
粤B0MT41,114.118752,22.589533,754
粤B0MT41,114.118752,22.589533,764
粤B0MT41,114.118752,22.589533,775
粤B0MT41,114.118752,22.589533,785
粤B0MT41,114.118752,22.589533,796
粤B0MT41,114.118752,22.589533,807
粤B0MT41,114.118752,22.589533,817
粤B0MT41,114.118752,22.589533,828
粤B0MT41,114.118752,22.589533,849
粤B0MT41,114.118752,22.589533,860
粤B0MT41,114.118752,22.589533,870
粤B0MT41,114.118752,22.589533,881
粤B0MT41,114.118752,22.589533,891
粤B0MT41,114.118752,22.589533,912
粤B0MT41,114.118752,22.589533,923
粤B0MT41,114.118752,22.589533,934
粤B0MT41,114.118752,22.589533,944
粤B0MT41,114.118752,22.589533,955
粤B0MT41,114.118752,22.589533,965
粤B0MT41,114.118752,22.589533,976
粤B0MT41,114.118752,22.589533,987
粤B0MT41,114.118752,22.589533,997
粤B0MT41,114.118752,22.589533,1008
粤B0MT41,114.118752,22.589533,1018
粤B0MT41,114.118752,22.589533,1029
粤B0MT41,114.118752,22.589533,1039
粤B0MT41,114.118752,22.589533,1050
粤B0MT41,114.118752,22.589533,1061
粤B0MT41,114.118752,22.589533,1071
粤B0MT41,114.118752,22.589533,1082
粤B0MT41,114.118752,22.589533,1092
粤B0MT41,114.118752,22.589533,1103
粤B0MT41,114.118752,22.589533,1114
粤B0MT41,114.118752,22.589533,1124
粤B0MT41,114.118752,22.589533,1135
粤B0MT41,114.118752,22.589533,1145
粤B0MT41,114.118752,22.589533,1156
粤B0MT41,114.118752,22.589533,1166
粤B0MT41,114.118752,22.589533,1177
粤B0MT41,114.118752,22.589533,1188
粤B0MT41,114.118752,22.589533,1198
粤B0MT41,114.118752,22.589533,1209
粤B0MT41,114.118752,22.589533,1219
粤B0MT41,114.118752,22.589533,1230
粤B0MT41,114.118752,22.589533,1241
粤B0MT41,114.118752,22.589533,1251
粤B0MT41,114.118752,22.589533,1262
粤B0MT41,114.118752,22.589533,1272
粤B0MT41,114.118752,22.589533,1283
粤B0MT41,114.118752,22.589533,1293
粤B0MT41,114.118752,22.589533,1304
粤B0MT41,114.118752,22.589533,1315
粤B0MT41,114.118752,22.589533,1325
粤B0MT41,114.118752,22.589533,1336
粤B0MT41,114.118752,22.589533,1346
粤B0MT41,114.118752,22.589533,1357
粤B0MT41,114.118752,22.589533,1367
粤B0MT41,114.118752,22.589533,1378
粤B0MT41,114.118752,22.589533,1389
粤B0MT41,114.118752,22.589533,1399
粤B0MT41,114.118752,22.589533,1410
粤B0MT41,114.118752,22.589533,1420
粤B0MT41,114.118752,22.589533,1431
