粤B6FU92,114.117798,22.621704,3
粤B6FU92,114.117798,22.621704,13
粤B6FU92,114.117798,22.621704,19
粤B6FU92,114.117798,22.621704,19
粤B6FU92,114.117798,22.621704,24
粤B6FU92,114.117798,22.621704,30
粤B6FU92,114.117798,22.621704,35
粤B6FU92,114.117798,22.621704,36
粤B6FU92,114.117798,22.621704,42
粤B6FU92,114.117798,22.621704,48
粤B6FU92,114.117798,22.621704,51
粤B6FU92,114.117798,22.621704,54
粤B6FU92,114.117798,22.621704,60
粤B6FU92,114.117798,22.621704,66
粤B6FU92,114.117798,22.621704,66
粤B6FU92,114.117798,22.621704,72
粤B6FU92,114.117798,22.621704,78
粤B6FU92,114.117798,22.621704,82
粤B6FU92,114.117798,22.621704,84
粤B6FU92,114.117798,22.621704,90
粤B6FU92,114.117798,22.621704,96
粤B6FU92,114.117798,22.621704,98
粤B6FU92,114.117798,22.621704,102
粤B6FU92,114.117798,22.621704,108
粤B6FU92,114.117798,22.621704,113
粤B6FU92,114.117798,22.621704,114
粤B6FU92,114.117798,22.621704,120
粤B6FU92,114.117798,22.621704,126
粤B6FU92,114.117798,22.621704,129
粤B6FU92,114.117798,22.621704,131
粤B6FU92,114.117798,22.621704,137
粤B6FU92,114.117798,22.621704,143
粤B6FU92,114.117798,22.621704,145
粤B6FU92,114.117798,22.621704,149
粤B6FU92,114.117798,22.621704,155
粤B6FU92,114.117798,22.621704,161
粤B6FU92,114.117798,22.621704,161
粤B6FU92,114.117798,22.621704,167
粤B6FU92,114.117798,22.621704,173
粤B6FU92,114.117798,22.621704,179
粤B6FU92,114.117798,22.621704,192
粤B6FU92,114.117798,22.621704,197
粤B6FU92,114.117798,22.621704,203
粤B6FU92,114.117798,22.621704,208
粤B6FU92,114.117798,22.621704,209
粤B6FU92,114.117798,22.621704,215
粤B6FU92,114.117798,22.621704,221
粤B6FU92,114.117798,22.621704,224
粤B6FU92,114.117798,22.621704,227
粤B6FU92,114.117798,22.621704,233
粤B6FU92,114.117798,22.621704,239
粤B6FU92,114.117798,22.621704,239
粤B6FU92,114.117798,22.621704,245
粤B6FU92,114.117798,22.621704,251
粤B6FU92,114.117798,22.621704,255
粤B6FU92,114.117798,22.621704,257
粤B6FU92,114.117798,22.621704,263
粤B6FU92,114.117798,22.621704,269
粤B6FU92,114.117798,22.621704,271
粤B6FU92,114.117798,22.621704,275
粤B6FU92,114.117798,22.621704,281
粤B6FU92,114.117798,22.621704,287
粤B6FU92,114.117798,22.621704,287
粤B6FU92,114.117798,22.621704,293
粤B6FU92,114.117798,22.621704,299
粤B6FU92,114.117798,22.621704,302
粤B6FU92,114.117798,22.621704,305
粤B6FU92,114.117798,22.621704,311
粤B6FU92,114.117798,22.621704,317
粤B6FU92,114.117798,22.621704,318
粤B6FU92,114.117798,22.621704,322
粤B6FU92,114.117798,22.621704,328
粤B6FU92,114.117798,22.621704,334
粤B6FU92,114.117798,22.621704,334
粤B6FU92,114.117798,22.621704,340
粤B6FU92,114.117798,22.621704,346
粤B6FU92,114.117798,22.621704,350
粤B6FU92,114.117798,22.621704,352
粤B6FU92,114.117798,22.621704,358
粤B6FU92,114.117798,22.621704,365
粤B6FU92,114.117798,22.621704,370
粤B6FU92,114.117798,22.621704,376
粤B6FU92,114.117798,22.621704,381
粤B6FU92,114.117798,22.621704,382
粤B6FU92,114.117798,22.621704,388
粤B6FU92,114.117798,22.621704,394
粤B6FU92,114.117798,22.621704,397
粤B6FU92,114.117798,22.621704,400
粤B6FU92,114.117798,22.621704,406
粤B6FU92,114.117798,22.621704,412
粤B6FU92,114.117798,22.621704,413
粤B6FU92,114.117798,22.621704,417
粤B6FU92,114.117798,22.621704,423
粤B6FU92,114.117798,22.621704,428
粤B6FU92,114.117798,22.621704,429
粤B6FU92,114.117798,22.621704,435
粤B6FU92,114.117798,22.621704,441
粤B6FU92,114.117798,22.621704,444
粤B6FU92,114.117798,22.621704,447
粤B6FU92,114.117798,22.621704,453
粤B6FU92,114.117798,22.621704,459
粤B6FU92,114.117798,22.621704,460
粤B6FU92,114.117798,22.621704,465
粤B6FU92,114.117798,22.621704,471
粤B6FU92,114.117798,22.621704,477
粤B6FU92,114.117798,22.621704,483
粤B6FU92,114.117798,22.621704,489
粤B6FU92,114.117798,22.621704,491
粤B6FU92,114.117798,22.621704,495
粤B6FU92,114.117798,22.621704,501
粤B6FU92,114.117798,22.621704,507
粤B6FU92,114.117798,22.621704,507
粤B6FU92,114.117798,22.621704,513
粤B6FU92,114.117798,22.621704,519
粤B6FU92,114.117798,22.621704,523
粤B6FU92,114.117798,22.621704,525
粤B6FU92,114.117798,22.621704,537
粤B6FU92,114.117798,22.621704,538
粤B6FU92,114.117798,22.621704,549
粤B6FU92,114.117798,22.621704,554
粤B6FU92,114.117798,22.621704,555
粤B6FU92,114.117798,22.621704,561
粤B6FU92,114.117798,22.621704,567
粤B6FU92,114.117798,22.621704,570
粤B6FU92,114.117798,22.621704,573
粤B6FU92,114.117798,22.621704,579
粤B6FU92,114.117798,22.621704,585
粤B6FU92,114.117798,22.621704,585
粤B6FU92,114.117798,22.621704,591
粤B6FU92,114.117798,22.621704,596
粤B6FU92,114.117798,22.621704,601
粤B6FU92,114.117798,22.621704,608
粤B6FU92,114.117798,22.621704,614
粤B6FU92,114.117798,22.621704,617
粤B6FU92,114.117798,22.621704,620
粤B6FU92,114.117798,22.621704,625
粤B6FU92,114.117798,22.621704,626
粤B6FU92,114.117798,22.621704,633
粤B6FU92,114.117798,22.621704,641
粤B6FU92,114.117798,22.621704,642
粤B6FU92,114.117798,22.621704,648
粤B6FU92,114.117798,22.621704,654
粤B6FU92,114.117798,22.621704,656
粤B6FU92,114.117798,22.621704,660
粤B6FU92,114.117798,22.621704,666
粤B6FU92,114.117798,22.621704,672
粤B6FU92,114.117798,22.621704,672
粤B6FU92,114.117798,22.621704,678
粤B6FU92,114.117798,22.621704,684
粤B6FU92,114.117798,22.621704,688
粤B6FU92,114.117798,22.621704,690
粤B6FU92,114.117798,22.621704,696
粤B6FU92,114.117798,22.621704,702
粤B6FU92,114.117798,22.621704,704
粤B6FU92,114.117798,22.621704,708
粤B6FU92,114.117798,22.621704,714
粤B6FU92,114.117798,22.621704,719
粤B6FU92,114.117798,22.621704,720
粤B6FU92,114.117798,22.621704,726
粤B6FU92,114.117798,22.621704,732
粤B6FU92,114.117798,22.621704,735
粤B6FU92,114.117798,22.621704,738
粤B6FU92,114.117798,22.621704,744
粤B6FU92,114.117798,22.621704,750
粤B6FU92,114.117798,22.621704,751
粤B6FU92,114.117798,22.621704,756
粤B6FU92,114.117798,22.621704,762
粤B6FU92,114.117798,22.621704,767
粤B6FU92,114.117798,22.621704,768
粤B6FU92,114.117798,22.621704,774
粤B6FU92,114.117798,22.621704,780
粤B6FU92,114.117798,22.621704,782
粤B6FU92,114.117798,22.621704,786
粤B6FU92,114.117798,22.621704,792
粤B6FU92,114.117798,22.621704,798
粤B6FU92,114.117798,22.621704,798
粤B6FU92,114.117798,22.621704,804
粤B6FU92,114.117798,22.621704,810
粤B6FU92,114.117798,22.621704,814
粤B6FU92,114.117798,22.621704,816
粤B6FU92,114.117798,22.621704,822
粤B6FU92,114.117798,22.621704,828
粤B6FU92,114.117798,22.621704,834
粤B6FU92,114.117798,22.621704,845
粤B6FU92,114.117798,22.621704,846
粤B6FU92,114.117798,22.621704,852
粤B6FU92,114.117798,22.621704,858
粤B6FU92,114.117798,22.621704,861
粤B6FU92,114.117798,22.621704,864
粤B6FU92,114.117798,22.621704,870
粤B6FU92,114.117798,22.621704,876
粤B6FU92,114.117798,22.621704,877
粤B6FU92,114.117798,22.621704,882
粤B6FU92,114.117798,22.621704,888
粤B6FU92,114.117798,22.621704,894
粤B6FU92,114.117798,22.621704,900
粤B6FU92,114.117798,22.621704,908
粤B6FU92,114.117798,22.621704,912
粤B6FU92,114.117798,22.621704,918
粤B6FU92,114.117798,22.621704,924
粤B6FU92,114.117798,22.621704,924
粤B6FU92,114.117798,22.621704,930
粤B6FU92,114.117798,22.621704,936
粤B6FU92,114.117798,22.621704,940
粤B6FU92,114.117798,22.621704,942
粤B6FU92,114.117798,22.621704,948
粤B6FU92,114.117798,22.621704,954
粤B6FU92,114.117798,22.621704,955
粤B6FU92,114.117798,22.621704,960
粤B6FU92,114.117798,22.621704,966
粤B6FU92,114.117798,22.621704,971
粤B6FU92,114.117798,22.621704,972
粤B6FU92,114.117798,22.621704,978
粤B6FU92,114.117798,22.621704,984
粤B6FU92,114.117798,22.621704,987
粤B6FU92,114.117798,22.621704,990
粤B6FU92,114.117798,22.621704,995
粤B6FU92,114.117798,22.621704,1001
粤B6FU92,114.117798,22.621704,1002
粤B6FU92,114.117798,22.621704,1007
粤B6FU92,114.117798,22.621704,1013
粤B6FU92,114.117798,22.621704,1019
粤B6FU92,114.117798,22.621704,1031
粤B6FU92,114.117798,22.621704,1034
粤B6FU92,114.117798,22.621704,1037
粤B6FU92,114.117798,22.621704,1043
粤B6FU92,114.117798,22.621704,1049
粤B6FU92,114.117798,22.621704,1050
粤B6FU92,114.117798,22.621704,1055
粤B6FU92,114.117798,22.621704,1061
粤B6FU92,114.117798,22.621704,1065
粤B6FU92,114.117798,22.621704,1067
粤B6FU92,114.117798,22.621704,1073
粤B6FU92,114.117798,22.621704,1079
粤B6FU92,114.117798,22.621704,1081
粤B6FU92,114.117798,22.621704,1085
粤B6FU92,114.117798,22.621704,1091
粤B6FU92,114.117798,22.621704,1097
粤B6FU92,114.117798,22.621704,1097
粤B6FU92,114.117798,22.621704,1103
粤B6FU92,114.117798,22.621704,1109
粤B6FU92,114.117798,22.621704,1113
粤B6FU92,114.117798,22.621704,1115
粤B6FU92,114.117798,22.621704,1121
粤B6FU92,114.117798,22.621704,1127
粤B6FU92,114.117798,22.621704,1133
粤B6FU92,114.117798,22.621704,1144
粤B6FU92,114.117798,22.621704,1145
粤B6FU92,114.117798,22.621704,1151
粤B6FU92,114.117798,22.621704,1157
粤B6FU92,114.117798,22.621704,1160
粤B6FU92,114.117798,22.621704,1163
粤B6FU92,114.117798,22.621704,1169
粤B6FU92,114.117798,22.621704,1175
粤B6FU92,114.117798,22.621704,1176
粤B6FU92,114.117798,22.621704,1181
粤B6FU92,114.117798,22.621704,1187
粤B6FU92,114.117798,22.621704,1191
粤B6FU92,114.117798,22.621704,1193
粤B6FU92,114.117798,22.621704,1199
粤B6FU92,114.117798,22.621704,1204
粤B6FU92,114.117798,22.621704,1207
粤B6FU92,114.117798,22.621704,1210
粤B6FU92,114.117798,22.621704,1216
粤B6FU92,114.117798,22.621704,1222
粤B6FU92,114.117798,22.621704,1223
粤B6FU92,114.117798,22.621704,1228
粤B6FU92,114.117798,22.621704,1234
粤B6FU92,114.117798,22.621704,1239
粤B6FU92,114.117798,22.621704,1240
粤B6FU92,114.117798,22.621704,1246
粤B6FU92,114.117798,22.621704,1252
粤B6FU92,114.117798,22.621704,1254
粤B6FU92,114.117798,22.621704,1258
粤B6FU92,114.117798,22.621704,1264
粤B6FU92,114.117798,22.621704,1270
粤B6FU92,114.117798,22.621704,1270
粤B6FU92,114.117798,22.621704,1276
粤B6FU92,114.117798,22.621704,1282
粤B6FU92,114.117798,22.621704,1286
粤B6FU92,114.117798,22.621704,1288
粤B6FU92,114.117798,22.621704,1294
粤B6FU92,114.117798,22.621704,1300
粤B6FU92,114.117798,22.621704,1302
粤B6FU92,114.117798,22.621704,1306
粤B6FU92,114.117798,22.621704,1312
粤B6FU92,114.117798,22.621704,1317
粤B6FU92,114.117798,22.621704,1318
粤B6FU92,114.117798,22.621704,1324
粤B6FU92,114.117798,22.621704,1329
粤B6FU92,114.117798,22.621704,1333
粤B6FU92,114.117798,22.621704,1335
粤B6FU92,114.117798,22.621704,1341
粤B6FU92,114.117798,22.621704,1347
粤B6FU92,114.117798,22.621704,1349
粤B6FU92,114.117798,22.621704,1353
粤B6FU92,114.117798,22.621704,1359
粤B6FU92,114.117798,22.621704,1365
粤B6FU92,114.117798,22.621704,1371
粤B6FU92,114.117798,22.621704,1377
粤B6FU92,114.117798,22.621704,1380
粤B6FU92,114.117798,22.621704,1383
粤B6FU92,114.117798,22.621704,1389
粤B6FU92,114.117798,22.621704,1395
粤B6FU92,114.117798,22.621704,1396
粤B6FU92,114.117798,22.621704,1401
粤B6FU92,114.117798,22.621704,1407
粤B6FU92,114.117798,22.621704,1412
粤B6FU92,114.117798,22.621704,1413
粤B6FU92,114.117798,22.621704,1419
粤B6FU92,114.117798,22.621704,1425
粤B6FU92,114.117798,22.621704,1431
粤B6FU92,114.117798,22.621704,1437
