粤B550ZK,113.9161,22.500645,18
粤B550ZK,113.917038,22.50313,19
粤B550ZK,113.917038,22.50313,19
粤B550ZK,113.918694,22.507458,20
粤B550ZK,113.919846,22.510637,21
粤B550ZK,113.921745,22.515154,22
粤B550ZK,113.920357,22.519192,23
粤B550ZK,113.920357,22.519192,25
粤B550ZK,113.924332,22.529287,35
粤B550ZK,113.924332,22.529287,45
粤B550ZK,113.927132,22.537113,46
粤B550ZK,113.927132,22.545168,47
粤B550ZK,113.929214,22.553574,48
粤B550ZK,113.938377,22.555288,49
粤B550ZK,113.929214,22.553574,49
粤B550ZK,113.948189,22.555462,50
粤B550ZK,113.957703,22.556126,51
粤B550ZK,113.961967,22.557377,52
粤B550ZK,113.964554,22.559668,53
粤B550ZK,113.966263,22.559914,54
粤B550ZK,113.966942,22.562557,55
粤B550ZK,113.966263,22.559914,55
粤B550ZK,113.971062,22.566107,56
粤B550ZK,113.978088,22.561937,57
粤B550ZK,113.978004,22.562052,57
粤B550ZK,113.978058,22.561989,58
粤B550ZK,113.977806,22.562073,59
粤B550ZK,113.975891,22.563511,60
粤B550ZK,113.975891,22.563511,60
粤B550ZK,113.974335,22.564425,61
粤B550ZK,113.972389,22.565495,62
粤B550ZK,113.972198,22.565367,63
粤B550ZK,113.975227,22.563766,65
粤B550ZK,113.977318,22.562557,66
粤B550ZK,113.977318,22.562557,66
粤B550ZK,113.982651,22.560658,67
粤B550ZK,113.99144,22.55794,68
粤B550ZK,114.003159,22.55582,69
粤B550ZK,114.013275,22.560539,70
粤B550ZK,114.012207,22.56868,71
粤B550ZK,114.013947,22.590502,74
粤B550ZK,114.02581,22.594507,75
粤B550ZK,114.039284,22.593176,76
粤B550ZK,114.058929,22.601803,78
粤B550ZK,114.058929,22.601803,78
粤B550ZK,114.069138,22.609182,79
粤B550ZK,114.074959,22.617846,80
粤B550ZK,114.080261,22.626892,81
粤B550ZK,114.091164,22.631601,82
粤B550ZK,114.202179,22.666651,82
粤B550ZK,114.205086,22.677856,83
粤B550ZK,114.100021,22.634586,83
粤B550ZK,114.103775,22.63707,84
粤B550ZK,114.103775,22.63707,84
粤B550ZK,114.11496,22.642878,85
粤B550ZK,114.128838,22.637712,86
粤B550ZK,114.141983,22.638468,87
粤B550ZK,114.152611,22.644739,88
粤B550ZK,114.165001,22.64761,89
粤B550ZK,114.177887,22.653908,90
粤B550ZK,114.177887,22.653908,90
粤B550ZK,114.189659,22.660055,91
粤B550ZK,114.202179,22.666651,92
粤B550ZK,114.205086,22.677856,93
粤B550ZK,114.212578,22.679647,94
粤B550ZK,114.212799,22.679792,95
粤B550ZK,114.212914,22.679794,96
粤B550ZK,114.212914,22.679794,96
粤B550ZK,114.221375,22.682541,97
粤B550ZK,114.223198,22.687202,98
粤B550ZK,114.226471,22.695538,99
粤B550ZK,114.228394,22.698215,100
粤B550ZK,114.228653,22.698586,101
粤B550ZK,114.233368,22.706123,102
粤B550ZK,114.233368,22.706123,102
粤B550ZK,114.239861,22.71246,103
粤B550ZK,114.243401,22.715668,104
粤B550ZK,114.243393,22.71567,104
粤B550ZK,114.243408,22.715679,105
粤B550ZK,114.243835,22.716089,106
粤B550ZK,114.244003,22.716181,107
粤B550ZK,114.244019,22.716183,108
粤B550ZK,114.244019,22.716183,108
粤B550ZK,114.244026,22.716183,109
粤B550ZK,114.246307,22.718334,110
粤B550ZK,114.243164,22.715849,111
粤B550ZK,114.238655,22.711838,112
粤B550ZK,114.23867,22.711798,113
粤B550ZK,114.209503,22.657539,114
粤B550ZK,114.234612,22.708036,114
粤B550ZK,114.234612,22.708036,114
粤B550ZK,114.229919,22.701141,115
粤B550ZK,114.226051,22.695147,116
粤B550ZK,114.223076,22.687719,117
粤B550ZK,114.221786,22.680422,118
粤B550ZK,114.220398,22.677748,119
粤B550ZK,114.216873,22.671968,120
粤B550ZK,114.216873,22.671968,120
粤B550ZK,114.216141,22.670422,121
粤B550ZK,114.213066,22.661875,123
粤B550ZK,114.209503,22.657539,124
粤B550ZK,114.203796,22.651127,126
粤B550ZK,114.197762,22.646441,127
粤B550ZK,114.194504,22.644917,128
粤B550ZK,114.187904,22.642775,129
粤B550ZK,114.180298,22.638779,130
粤B550ZK,114.172523,22.636763,131
粤B550ZK,114.17247,22.636703,132
粤B550ZK,114.17247,22.636703,132
粤B550ZK,114.166527,22.635563,133
粤B550ZK,114.158379,22.63102,134
粤B550ZK,114.153526,22.624971,135
粤B550ZK,114.146393,22.622892,136
粤B550ZK,114.142334,22.622629,137
粤B550ZK,114.142319,22.622725,138
粤B550ZK,114.142319,22.622725,138
粤B550ZK,114.142357,22.62261,139
粤B550ZK,114.142204,22.622595,140
粤B550ZK,114.142181,22.622562,141
粤B550ZK,114.142174,22.622581,142
粤B550ZK,114.142174,22.622631,143
粤B550ZK,114.142174,22.622585,144
粤B550ZK,114.142174,22.622585,144
粤B550ZK,114.117905,22.567245,145
粤B550ZK,114.142166,22.622641,145
粤B550ZK,114.138847,22.622217,146
粤B550ZK,114.137566,22.621679,147
粤B550ZK,114.134354,22.618345,148
粤B550ZK,114.128159,22.611723,149
粤B550ZK,114.128159,22.611723,150
粤B550ZK,114.11866,22.606138,150
粤B550ZK,114.112061,22.598103,151
粤B550ZK,114.109566,22.589546,152
粤B550ZK,114.113876,22.583176,153
粤B550ZK,114.117249,22.575504,154
粤B550ZK,114.117905,22.567245,155
粤B550ZK,114.119476,22.559614,156
粤B550ZK,114.117905,22.567245,156
粤B550ZK,114.118736,22.553989,157
粤B550ZK,114.116798,22.550512,158
粤B550ZK,114.116463,22.549934,159
粤B550ZK,114.116577,22.550077,159
粤B550ZK,114.11676,22.548822,160
粤B550ZK,114.11721,22.545507,161
粤B550ZK,114.081741,22.537298,161
粤B550ZK,114.11721,22.545507,162
粤B550ZK,114.116257,22.54171,162
粤B550ZK,114.11631,22.539568,163
粤B550ZK,114.108109,22.53743,164
粤B550ZK,114.097511,22.538147,165
粤B550ZK,114.087257,22.537527,166
粤B550ZK,114.081787,22.539974,167
粤B550ZK,114.081741,22.537298,168
粤B550ZK,114.081787,22.539974,168
粤B550ZK,114.080406,22.534161,171
粤B550ZK,114.080521,22.534147,172
粤B550ZK,114.081848,22.534025,173
粤B550ZK,114.081848,22.534025,174
粤B550ZK,114.082031,22.533682,174
粤B550ZK,114.081787,22.538151,175
粤B550ZK,114.081238,22.543209,176
粤B550ZK,114.074928,22.543076,177
粤B550ZK,114.06385,22.542931,178
粤B550ZK,114.058136,22.543947,179
粤B550ZK,114.058136,22.543947,180
粤B550ZK,114.057922,22.538958,181
粤B550ZK,114.053795,22.537642,182
粤B550ZK,114.049416,22.537373,183
粤B550ZK,114.048615,22.537489,192
粤B550ZK,114.048317,22.537451,193
粤B550ZK,114.048668,22.537487,193
粤B550ZK,114.048637,22.537502,194
粤B550ZK,114.048653,22.537487,195
粤B550ZK,114.048439,22.537516,196
粤B550ZK,114.048439,22.537516,197
粤B550ZK,114.048431,22.537348,199
粤B550ZK,114.048363,22.537392,200
粤B550ZK,114.048332,22.537428,201
粤B550ZK,114.048317,22.537451,202
粤B550ZK,114.048317,22.537457,203
粤B550ZK,114.048317,22.537457,203
粤B550ZK,114.048286,22.537477,204
粤B550ZK,114.048302,22.537468,205
粤B550ZK,114.048248,22.537483,206
粤B550ZK,114.048256,22.537485,207
粤B550ZK,114.04747,22.537827,208
粤B550ZK,114.048141,22.537458,208
粤B550ZK,114.048141,22.537458,209
粤B550ZK,114.048027,22.537474,211
粤B550ZK,114.047951,22.537434,212
粤B550ZK,114.047951,22.537434,215
粤B550ZK,114.048012,22.537457,215
粤B550ZK,114.048607,22.536858,216
粤B550ZK,114.047966,22.5375,217
粤B550ZK,114.04747,22.537827,218
粤B550ZK,114.047417,22.537878,219
粤B550ZK,114.047539,22.537821,220
粤B550ZK,114.047539,22.537821,221
粤B550ZK,114.047211,22.538252,223
粤B550ZK,114.047775,22.537962,224
粤B550ZK,114.0382,22.516115,224
粤B550ZK,114.044495,22.525949,224
粤B550ZK,114.047775,22.537962,227
粤B550ZK,114.044479,22.532681,230
粤B550ZK,114.044495,22.525949,231
粤B550ZK,114.044495,22.525949,233
粤B550ZK,114.041908,22.521448,233
粤B550ZK,114.0382,22.516115,234
粤B550ZK,114.037178,22.516371,235
粤B550ZK,114.041008,22.519714,236
粤B550ZK,114.041794,22.520937,237
粤B550ZK,114.042328,22.522013,238
粤B550ZK,114.041893,22.521444,239
粤B550ZK,114.041893,22.521444,239
粤B550ZK,114.031006,22.52368,240
粤B550ZK,114.038193,22.516068,240
粤B550ZK,114.032333,22.519016,241
粤B550ZK,114.027328,22.521717,242
粤B550ZK,114.022881,22.524319,243
粤B550ZK,114.024719,22.527201,245
粤B550ZK,114.024574,22.526936,246
粤B550ZK,114.023293,22.524822,247
粤B550ZK,114.024612,22.52317,248
粤B550ZK,114.02916,22.520979,249
粤B550ZK,114.031006,22.52368,250
粤B550ZK,114.034752,22.525005,251
粤B550ZK,114.034752,22.525005,251
粤B550ZK,114.033173,22.526024,252
粤B550ZK,114.032318,22.526508,253
粤B550ZK,114.010712,22.530016,255
粤B550ZK,113.918732,22.527109,256
粤B550ZK,113.998329,22.529669,256
粤B550ZK,113.925072,22.525709,256
粤B550ZK,113.990082,22.525518,257
粤B550ZK,113.990082,22.525518,257
粤B550ZK,113.987801,22.524708,258
粤B550ZK,113.985847,22.524063,259
粤B550ZK,113.977715,22.523226,260
粤B550ZK,113.966171,22.522842,261
粤B550ZK,113.952965,22.523558,262
粤B550ZK,113.941147,22.524508,263
粤B550ZK,113.941147,22.524508,263
粤B550ZK,113.932907,22.524881,264
粤B550ZK,113.925072,22.525709,265
粤B550ZK,113.918732,22.527109,266
粤B550ZK,113.91774,22.523382,267
粤B550ZK,113.917511,22.520935,268
粤B550ZK,113.921539,22.518303,269
粤B550ZK,113.920677,22.518772,269
粤B550ZK,113.921539,22.518303,269
粤B550ZK,113.921844,22.517975,270
粤B550ZK,113.933136,22.499533,271
粤B550ZK,113.930672,22.517328,272
粤B550ZK,113.931496,22.517187,273
粤B550ZK,113.932678,22.511538,274
粤B550ZK,113.93277,22.504219,275
粤B550ZK,113.93277,22.504219,275
粤B550ZK,113.933136,22.499533,276
粤B550ZK,113.935104,22.494343,279
粤B550ZK,113.93351,22.498009,280
粤B550ZK,113.932991,22.502855,281
粤B550ZK,113.933136,22.499533,281
粤B550ZK,113.929314,22.502836,282
粤B550ZK,113.926727,22.507978,283
粤B550ZK,113.923538,22.507942,284
粤B550ZK,113.919441,22.507877,285
粤B550ZK,113.919067,22.507832,286
粤B550ZK,113.915619,22.510315,287
粤B550ZK,113.915619,22.510315,287
粤B550ZK,113.913864,22.511444,288
粤B550ZK,113.913528,22.517454,289
粤B550ZK,113.913528,22.517454,293
粤B550ZK,113.931076,22.517311,303
粤B550ZK,113.917213,22.516586,307
粤B550ZK,113.919533,22.519156,308
粤B550ZK,113.921242,22.51774,309
粤B550ZK,113.925552,22.51799,310
粤B550ZK,113.927277,22.518024,311
粤B550ZK,113.925552,22.51799,311
粤B550ZK,113.931076,22.517311,312
粤B550ZK,113.934242,22.518217,313
粤B550ZK,113.935844,22.5212,314
粤B550ZK,113.941025,22.521442,315
粤B550ZK,113.941025,22.521442,317
粤B550ZK,113.94342,22.519413,319
粤B550ZK,113.94342,22.519413,328
粤B550ZK,113.94342,22.519413,329
粤B550ZK,113.936775,22.521736,329
粤B550ZK,113.936218,22.52177,330
粤B550ZK,113.935097,22.519621,331
粤B550ZK,113.934196,22.517324,332
粤B550ZK,113.931587,22.512856,333
粤B550ZK,113.931587,22.512856,334
粤B550ZK,113.931587,22.512856,335
粤B550ZK,113.931587,22.512856,341
粤B550ZK,113.931587,22.512856,346
粤B550ZK,113.931587,22.512856,350
粤B550ZK,113.931587,22.512856,352
粤B550ZK,113.931587,22.512856,358
粤B550ZK,113.931587,22.512856,364
粤B550ZK,113.931587,22.512856,366
粤B550ZK,113.931587,22.512856,370
粤B550ZK,113.931587,22.512856,376
粤B550ZK,113.932861,22.508392,395
粤B550ZK,113.93602,22.507851,396
粤B550ZK,113.935905,22.50778,397
粤B550ZK,113.92942,22.498207,397
粤B550ZK,113.937271,22.50782,398
粤B550ZK,113.942612,22.506535,399
粤B550ZK,113.94455,22.507307,400
粤B550ZK,113.94455,22.507307,400
粤B550ZK,113.944534,22.507292,400
粤B550ZK,113.945938,22.506823,401
粤B550ZK,113.944138,22.507938,402
粤B550ZK,113.939842,22.508148,403
粤B550ZK,113.935951,22.506958,404
粤B550ZK,113.934837,22.499357,405
粤B550ZK,113.93055,22.498407,406
粤B550ZK,113.93055,22.498407,406
粤B550ZK,113.92942,22.498207,407
粤B550ZK,113.929527,22.495087,408
粤B550ZK,113.929527,22.495087,412
粤B550ZK,113.929527,22.495087,413
粤B550ZK,113.929527,22.495087,418
粤B550ZK,113.929527,22.495087,424
粤B550ZK,113.929527,22.495087,430
粤B550ZK,113.929527,22.495087,436
粤B550ZK,113.926849,22.48918,441
粤B550ZK,113.922569,22.491577,442
粤B550ZK,113.922569,22.491577,442
粤B550ZK,113.921844,22.491711,443
粤B550ZK,113.92366,22.507523,444
粤B550ZK,113.921913,22.493406,444
粤B550ZK,113.9244,22.494169,445
粤B550ZK,113.920967,22.507936,445
粤B550ZK,113.925415,22.496387,446
粤B550ZK,113.925415,22.496387,448
粤B550ZK,113.92366,22.507523,454
粤B550ZK,113.920967,22.507936,455
粤B550ZK,113.919128,22.508524,455
粤B550ZK,113.919334,22.509527,456
粤B550ZK,113.919312,22.509848,457
粤B550ZK,113.917114,22.503736,458
粤B550ZK,113.916878,22.503159,459
粤B550ZK,113.916878,22.503159,459
粤B550ZK,113.916275,22.499247,461
粤B550ZK,113.916336,22.499123,461
粤B550ZK,113.916824,22.498623,462
粤B550ZK,113.919075,22.496819,463
粤B550ZK,113.919968,22.4967,464
粤B550ZK,113.920052,22.496778,464
粤B550ZK,113.922241,22.497805,465
粤B550ZK,113.922241,22.497805,465
粤B550ZK,113.925743,22.497477,466
粤B550ZK,113.928215,22.497795,467
粤B550ZK,113.928307,22.497812,468
粤B550ZK,113.93013,22.498285,469
粤B550ZK,113.932648,22.498833,470
粤B550ZK,113.932899,22.503399,471
粤B550ZK,113.932899,22.503399,471
粤B550ZK,113.932953,22.507282,472
粤B550ZK,113.932953,22.509052,473
粤B550ZK,113.932899,22.512114,474
粤B550ZK,113.933617,22.515066,475
粤B550ZK,113.933739,22.516012,476
粤B550ZK,113.934471,22.51763,477
粤B550ZK,113.934715,22.518288,478
粤B550ZK,113.937508,22.52404,479
粤B550ZK,113.94519,22.523932,480
粤B550ZK,113.949074,22.523504,481
粤B550ZK,113.94976,22.528255,482
粤B550ZK,113.949989,22.531296,483
粤B550ZK,113.949989,22.531296,483
粤B550ZK,113.952866,22.557316,488
粤B550ZK,113.952843,22.558397,489
粤B550ZK,113.952843,22.558397,489
粤B550ZK,113.952888,22.559362,490
粤B550ZK,113.952919,22.561592,491
粤B550ZK,113.977638,22.586817,492
粤B550ZK,113.968269,22.585106,492
粤B550ZK,113.952957,22.562183,492
粤B550ZK,113.95076,22.569784,493
粤B550ZK,113.950066,22.57127,494
粤B550ZK,113.949539,22.577948,495
粤B550ZK,113.949539,22.577948,495
粤B550ZK,113.951378,22.579622,496
粤B550ZK,113.954674,22.583147,497
粤B550ZK,113.955315,22.58358,498
粤B550ZK,113.960243,22.584763,499
粤B550ZK,113.960258,22.584755,500
粤B550ZK,113.968269,22.585106,501
粤B550ZK,113.968269,22.585106,501
粤B550ZK,113.977638,22.586817,502
粤B550ZK,113.977776,22.588491,503
粤B550ZK,113.977676,22.592789,504
粤B550ZK,113.981911,22.593475,505
粤B550ZK,113.985229,22.59531,506
粤B550ZK,113.965034,22.585373,507
粤B550ZK,113.985291,22.592638,507
粤B550ZK,113.985291,22.592638,507
粤B550ZK,113.956757,22.583954,508
粤B550ZK,113.984764,22.593138,508
粤B550ZK,113.984764,22.593138,508
粤B550ZK,113.98526,22.594322,509
粤B550ZK,113.985466,22.595381,510
粤B550ZK,113.984131,22.595095,511
粤B550ZK,113.982834,22.594048,511
粤B550ZK,113.979424,22.592964,512
粤B550ZK,113.977226,22.591948,513
粤B550ZK,113.977226,22.591948,513
粤B550ZK,113.977722,22.588833,514
粤B550ZK,113.972389,22.587044,515
粤B550ZK,113.97213,22.586966,516
粤B550ZK,113.965034,22.585373,517
粤B550ZK,113.956757,22.583954,518
粤B550ZK,113.953346,22.583838,519
粤B550ZK,113.953346,22.583838,519
粤B550ZK,113.951393,22.583838,520
粤B550ZK,113.951233,22.583788,521
粤B550ZK,113.950508,22.583702,522
粤B550ZK,113.929375,22.571535,523
粤B550ZK,113.950462,22.583757,523
粤B550ZK,113.950439,22.583735,524
粤B550ZK,113.949287,22.579,525
粤B550ZK,113.949287,22.579,525
粤B550ZK,113.949516,22.574652,526
粤B550ZK,113.944023,22.571493,527
粤B550ZK,113.935036,22.57144,528
粤B550ZK,113.929451,22.571497,529
粤B550ZK,113.929375,22.571535,530
粤B550ZK,113.909325,22.55184,534
粤B550ZK,113.904549,22.542641,535
粤B550ZK,113.904404,22.535282,536
粤B550ZK,113.904778,22.531717,537
粤B550ZK,113.904778,22.531717,537
粤B550ZK,113.915016,22.510641,547
粤B550ZK,113.918404,22.508181,548
粤B550ZK,113.920204,22.511356,549
粤B550ZK,113.920204,22.511356,549
粤B550ZK,113.922119,22.517496,551
粤B550ZK,113.923302,22.521242,552
粤B550ZK,113.926308,22.524929,553
粤B550ZK,113.930382,22.524591,554
粤B550ZK,113.962234,22.559353,555
粤B550ZK,113.930382,22.524591,555
粤B550ZK,113.963814,22.563667,555
粤B550ZK,113.938034,22.524649,555
粤B550ZK,113.946266,22.523823,556
粤B550ZK,113.949455,22.526163,557
粤B550ZK,113.950356,22.535065,558
粤B550ZK,113.95179,22.53767,559
粤B550ZK,113.954254,22.544411,560
粤B550ZK,113.953484,22.552568,561
粤B550ZK,113.953484,22.552568,561
粤B550ZK,113.955078,22.555927,562
粤B550ZK,113.961288,22.556463,563
粤B550ZK,113.962234,22.559353,564
粤B550ZK,113.965446,22.563133,565
粤B550ZK,113.963814,22.563667,565
粤B550ZK,113.965607,22.563097,566
粤B550ZK,113.965569,22.563107,566
粤B550ZK,113.966698,22.562807,567
粤B550ZK,113.966698,22.562807,567
粤B550ZK,113.966743,22.56279,568
粤B550ZK,113.969795,22.566561,569
粤B550ZK,114.041733,22.567053,570
粤B550ZK,113.975105,22.56403,571
粤B550ZK,113.981369,22.56109,572
粤B550ZK,113.990395,22.558296,573
粤B550ZK,113.990395,22.558296,573
粤B550ZK,113.999413,22.555689,574
粤B550ZK,114.010391,22.558647,575
粤B550ZK,114.022125,22.560217,576
粤B550ZK,114.032333,22.562008,577
粤B550ZK,114.035751,22.562576,578
粤B550ZK,114.040497,22.562857,579
粤B550ZK,114.040497,22.562857,579
粤B550ZK,114.041733,22.567053,580
粤B550ZK,114.043007,22.567503,581
粤B550ZK,114.047508,22.567398,582
粤B550ZK,114.048592,22.567793,583
粤B550ZK,114.048347,22.572348,584
粤B550ZK,114.048363,22.572235,584
粤B550ZK,114.048485,22.571157,585
粤B550ZK,114.048485,22.571157,585
粤B550ZK,114.048645,22.567963,586
粤B550ZK,114.048714,22.568497,586
粤B550ZK,114.043785,22.566114,586
粤B550ZK,114.053673,22.567307,587
粤B550ZK,114.055244,22.567669,588
粤B550ZK,114.057961,22.568897,589
粤B550ZK,114.059486,22.569202,590
粤B550ZK,114.058975,22.56922,590
粤B550ZK,114.057007,22.568304,591
粤B550ZK,114.057007,22.568304,591
粤B550ZK,114.053261,22.567146,592
粤B550ZK,114.04818,22.567415,593
粤B550ZK,114.043724,22.567589,594
粤B550ZK,114.043625,22.567568,595
粤B550ZK,114.043571,22.567558,595
粤B550ZK,114.043785,22.566114,596
粤B550ZK,114.037552,22.563232,597
粤B550ZK,114.043785,22.566114,597
粤B550ZK,114.033875,22.562546,598
粤B550ZK,114.027504,22.561401,601
粤B550ZK,114.024788,22.56085,602
粤B550ZK,113.949661,22.55611,602
粤B550ZK,114.020241,22.560234,603
粤B550ZK,114.008865,22.558197,604
粤B550ZK,113.998741,22.555841,605
粤B550ZK,113.988647,22.559065,606
粤B550ZK,113.976799,22.557037,607
粤B550ZK,113.965866,22.557543,608
粤B550ZK,113.956184,22.556482,609
粤B550ZK,113.965866,22.557543,609
粤B550ZK,113.949661,22.55611,610
粤B550ZK,113.927803,22.55547,613
粤B550ZK,113.928566,22.553076,614
粤B550ZK,113.928642,22.550671,615
粤B550ZK,113.928642,22.550671,615
粤B550ZK,113.926964,22.545031,616
粤B550ZK,113.92617,22.535563,617
粤B550ZK,113.92691,22.535669,618
粤B550ZK,113.923294,22.535416,618
粤B550ZK,113.926926,22.535658,619
粤B550ZK,113.92804,22.535757,620
粤B550ZK,113.927612,22.530947,621
粤B550ZK,113.927658,22.530903,621
粤B550ZK,113.92804,22.535757,621
粤B550ZK,113.927452,22.531523,622
粤B550ZK,113.927765,22.535175,623
粤B550ZK,113.920937,22.535473,625
粤B550ZK,113.916336,22.535732,626
粤B550ZK,113.926949,22.539972,626
粤B550ZK,113.92617,22.535563,627
粤B550ZK,113.927261,22.537817,627
粤B550ZK,113.923294,22.535416,628
粤B550ZK,113.923286,22.535431,629
粤B550ZK,113.923157,22.532108,630
粤B550ZK,113.92308,22.53046,631
粤B550ZK,113.923164,22.530199,631
粤B550ZK,113.923126,22.532425,632
粤B550ZK,113.923164,22.534918,633
粤B550ZK,113.916237,22.535669,636
粤B550ZK,113.916336,22.535732,636
粤B550ZK,113.918823,22.535378,637
粤B550ZK,113.919556,22.535351,638
粤B550ZK,113.921646,22.535393,639
粤B550ZK,113.926468,22.535425,640
粤B550ZK,113.91851,22.526493,641
粤B550ZK,113.924271,22.529278,641
粤B550ZK,113.923508,22.522207,642
粤B550ZK,113.923264,22.521572,643
粤B550ZK,113.923508,22.522207,643
粤B550ZK,113.922791,22.520529,644
粤B550ZK,113.922447,22.519642,645
粤B550ZK,113.922226,22.519022,646
粤B550ZK,113.922249,22.519123,646
粤B550ZK,113.922188,22.518965,647
粤B550ZK,113.922188,22.518965,649
粤B550ZK,113.918129,22.520664,649
粤B550ZK,113.91803,22.524258,650
粤B550ZK,113.91851,22.526493,651
粤B550ZK,113.922424,22.526176,652
粤B550ZK,113.929771,22.524868,653
粤B550ZK,113.940704,22.524406,654
粤B550ZK,113.940704,22.524406,655
粤B550ZK,113.965736,22.522696,656
粤B550ZK,114.081749,22.536465,657
粤B550ZK,113.978088,22.522778,657
粤B550ZK,113.991096,22.525528,658
粤B550ZK,114.002296,22.530106,659
粤B550ZK,114.013718,22.530663,660
粤B550ZK,114.025658,22.5312,661
粤B550ZK,114.025658,22.5312,661
粤B550ZK,114.036034,22.530481,662
粤B550ZK,114.048798,22.531458,663
粤B550ZK,114.059555,22.531603,664
粤B550ZK,114.07132,22.531761,665
粤B550ZK,114.078125,22.533323,666
粤B550ZK,114.081749,22.536465,667
粤B550ZK,114.081749,22.536465,667
粤B550ZK,114.081619,22.542358,668
粤B550ZK,114.080589,22.54318,669
粤B550ZK,114.080574,22.543064,670
粤B550ZK,114.0765,22.543098,671
粤B550ZK,114.074532,22.543116,672
粤B550ZK,114.067886,22.543856,673
粤B550ZK,114.02446,22.534006,673
粤B550ZK,114.067886,22.543856,673
粤B550ZK,114.068031,22.536873,674
粤B550ZK,114.066719,22.532501,675
粤B550ZK,114.0606,22.531858,676
粤B550ZK,114.05217,22.531687,677
粤B550ZK,114.046265,22.53154,678
粤B550ZK,114.046265,22.53154,679
粤B550ZK,114.040092,22.531088,679
粤B550ZK,114.032539,22.530287,680
粤B550ZK,114.02787,22.530865,681
粤B550ZK,114.022797,22.533024,682
粤B550ZK,114.02446,22.534006,683
粤B550ZK,114.025406,22.53154,684
粤B550ZK,114.031357,22.526918,685
粤B550ZK,114.025406,22.53154,685
粤B550ZK,114.032387,22.526398,686
粤B550ZK,114.033173,22.527014,687
粤B550ZK,114.033173,22.527014,688
粤B550ZK,114.033173,22.527014,691
粤B550ZK,114.033173,22.527014,697
粤B550ZK,114.033173,22.527014,703
粤B550ZK,114.033173,22.527014,704
粤B550ZK,114.033173,22.527014,709
粤B550ZK,114.033173,22.527014,715
粤B550ZK,114.033768,22.528172,719
粤B550ZK,113.962158,22.523172,720
粤B550ZK,114.033127,22.527063,720
粤B550ZK,113.968376,22.523153,720
粤B550ZK,114.02861,22.528475,721
粤B550ZK,114.033127,22.527063,721
粤B550ZK,114.021553,22.532278,722
粤B550ZK,114.012505,22.530487,723
粤B550ZK,114.002319,22.53027,724
粤B550ZK,113.995811,22.528915,725
粤B550ZK,113.989601,22.525417,726
粤B550ZK,113.989601,22.525417,727
粤B550ZK,113.984161,22.523727,727
粤B550ZK,113.975815,22.523226,728
粤B550ZK,113.968376,22.523153,729
粤B550ZK,113.962158,22.523172,730
粤B550ZK,113.962158,22.523172,730
粤B550ZK,113.952187,22.523649,731
粤B550ZK,113.93969,22.524565,732
粤B550ZK,113.93969,22.524565,732
粤B550ZK,113.928864,22.524998,733
粤B550ZK,113.923943,22.526762,734
粤B550ZK,113.922821,22.520782,735
粤B550ZK,113.924713,22.525351,736
粤B550ZK,113.922531,22.51963,736
粤B550ZK,113.922844,22.518679,737
粤B550ZK,113.917931,22.520802,738
粤B550ZK,113.917931,22.520802,738
粤B550ZK,113.917694,22.522268,739
粤B550ZK,113.917686,22.522263,739
粤B550ZK,113.918106,22.524311,740
粤B550ZK,113.918205,22.524462,741
粤B550ZK,113.920967,22.52339,742
粤B550ZK,113.922539,22.525105,744
粤B550ZK,113.922539,22.525105,744
粤B550ZK,113.924713,22.525351,745
粤B550ZK,113.92601,22.522408,746
粤B550ZK,113.925362,22.519871,747
粤B550ZK,113.925369,22.519583,748
粤B550ZK,113.925171,22.519552,748
粤B550ZK,113.925735,22.521358,749
粤B550ZK,113.923912,22.522255,750
粤B550ZK,113.923912,22.522255,750
粤B550ZK,113.924393,22.528547,751
粤B550ZK,113.925606,22.549194,751
粤B550ZK,113.926834,22.534515,752
粤B550ZK,113.92823,22.536102,753
粤B550ZK,113.930946,22.537731,754
粤B550ZK,113.930893,22.537743,754
粤B550ZK,113.930405,22.537472,755
粤B550ZK,113.927315,22.536762,756
粤B550ZK,113.927315,22.536762,756
粤B550ZK,113.927643,22.536301,756
粤B550ZK,113.927109,22.540922,757
粤B550ZK,113.928764,22.549192,758
粤B550ZK,113.928589,22.551291,759
粤B550ZK,113.92704,22.549198,760
粤B550ZK,113.92704,22.549198,760
粤B550ZK,113.925606,22.549194,761
粤B550ZK,113.924484,22.546787,762
粤B550ZK,113.924484,22.546787,762
粤B550ZK,113.922935,22.546007,763
粤B550ZK,113.923141,22.545994,763
粤B550ZK,113.92231,22.543369,764
粤B550ZK,113.922554,22.538578,765
粤B550ZK,113.92617,22.535446,766
粤B550ZK,113.924278,22.528257,767
粤B550ZK,114.038544,22.530724,767
粤B550ZK,113.927933,22.52512,768
粤B550ZK,113.927933,22.52512,768
粤B550ZK,113.939636,22.5245,769
粤B550ZK,113.952736,22.523491,770
粤B550ZK,113.966057,22.522745,771
粤B550ZK,113.97982,22.52284,772
粤B550ZK,113.992058,22.526085,773
粤B550ZK,114.003311,22.530012,774
粤B550ZK,113.992058,22.526085,774
粤B550ZK,114.015266,22.530951,775
粤B550ZK,114.027069,22.530882,776
粤B550ZK,114.038544,22.530724,777
粤B550ZK,114.05056,22.531452,778
粤B550ZK,114.062439,22.53163,779
粤B550ZK,114.073547,22.53175,780
粤B550ZK,114.073547,22.53175,780
粤B550ZK,114.07991,22.536221,781
粤B550ZK,114.090164,22.53784,782
粤B550ZK,114.09967,22.538074,783
粤B550ZK,114.112724,22.547279,783
粤B550ZK,114.106422,22.539083,784
粤B550ZK,114.10656,22.540745,785
粤B550ZK,114.106689,22.541098,786
粤B550ZK,114.106689,22.541098,786
粤B550ZK,114.106438,22.543201,787
粤B550ZK,114.106361,22.544161,788
粤B550ZK,114.113548,22.54578,789
粤B550ZK,114.111259,22.547684,790
粤B550ZK,114.111656,22.547657,791
粤B550ZK,114.111824,22.547668,791
粤B550ZK,114.112724,22.547279,792
粤B550ZK,114.112724,22.547279,792
粤B550ZK,114.112396,22.546618,793
粤B550ZK,114.112457,22.545666,794
粤B550ZK,114.108574,22.546581,795
粤B550ZK,114.109612,22.546385,796
粤B550ZK,114.109627,22.546368,796
粤B550ZK,114.110489,22.542149,797
粤B550ZK,114.110733,22.542177,798
粤B550ZK,114.110382,22.542295,798
粤B550ZK,114.110733,22.542177,798
粤B550ZK,114.110748,22.538204,799
粤B550ZK,114.111435,22.533182,800
粤B550ZK,114.11396,22.536665,803
粤B550ZK,114.113487,22.540344,804
粤B550ZK,114.113487,22.540344,804
粤B550ZK,114.113403,22.542,805
粤B550ZK,114.112602,22.542128,806
粤B550ZK,114.112617,22.542109,806
粤B550ZK,114.110809,22.544001,807
粤B550ZK,114.110382,22.542295,808
粤B550ZK,114.107391,22.541576,809
粤B550ZK,114.106522,22.54147,810
粤B550ZK,114.106522,22.54147,810
粤B550ZK,114.103279,22.540642,811
粤B550ZK,114.100594,22.541683,812
粤B550ZK,114.100578,22.541725,812
粤B550ZK,114.100586,22.541552,813
粤B550ZK,114.077423,22.532604,814
粤B550ZK,114.099899,22.54117,815
粤B550ZK,114.099434,22.539476,816
粤B550ZK,114.099434,22.539476,816
粤B550ZK,114.093346,22.538258,817
粤B550ZK,114.088219,22.537767,818
粤B550ZK,114.084785,22.537554,819
粤B550ZK,114.085976,22.537638,819
粤B550ZK,114.081848,22.540096,820
粤B550ZK,114.081619,22.539528,821
粤B550ZK,114.081612,22.539528,821
粤B550ZK,114.080406,22.536915,822
粤B550ZK,114.080406,22.536915,822
粤B550ZK,114.077423,22.532604,823
粤B550ZK,114.077477,22.532677,823
粤B550ZK,114.071655,22.532036,824
粤B550ZK,114.066742,22.53195,825
粤B550ZK,114.063026,22.531473,826
粤B550ZK,114.062851,22.526375,827
粤B550ZK,114.061165,22.521444,828
粤B550ZK,114.061165,22.521444,828
粤B550ZK,114.058983,22.523632,829
粤B550ZK,114.057175,22.523752,830
粤B550ZK,114.056641,22.52356,830
粤B550ZK,114.05645,22.521925,831
粤B550ZK,114.056557,22.521297,832
粤B550ZK,114.054108,22.518738,833
粤B550ZK,114.051659,22.518291,834
粤B550ZK,114.051659,22.518291,834
粤B550ZK,114.051735,22.51827,835
粤B550ZK,114.05117,22.518217,835
粤B550ZK,114.051178,22.5182,836
粤B550ZK,114.051231,22.512587,837
粤B550ZK,114.039658,22.515463,844
粤B550ZK,114.039955,22.518007,845
粤B550ZK,114.041649,22.520861,846
粤B550ZK,114.041641,22.520859,846
粤B550ZK,114.041649,22.520861,846
粤B550ZK,114.041702,22.521288,847
粤B550ZK,114.041779,22.521164,847
粤B550ZK,114.038673,22.522879,848
粤B550ZK,114.036125,22.524265,849
粤B550ZK,114.033554,22.525833,850
粤B550ZK,114.030884,22.527367,851
粤B550ZK,114.03083,22.527393,851
粤B550ZK,114.025452,22.531761,852
粤B550ZK,114.025452,22.531761,852
粤B550ZK,114.024559,22.535051,853
粤B550ZK,114.023331,22.539881,854
粤B550ZK,114.02256,22.543497,855
粤B550ZK,114.02256,22.543507,855
粤B550ZK,114.024101,22.536766,857
粤B550ZK,114.024979,22.532682,858
粤B550ZK,114.024979,22.532682,858
粤B550ZK,114.020187,22.532469,859
粤B550ZK,114.019089,22.532873,860
粤B550ZK,114.018036,22.532562,861
粤B550ZK,113.945496,22.525633,861
粤B550ZK,114.01371,22.530706,862
粤B550ZK,114.005058,22.529968,863
粤B550ZK,113.996925,22.529367,864
粤B550ZK,113.996925,22.529367,864
粤B550ZK,113.990005,22.52553,865
粤B550ZK,113.977638,22.523287,867
粤B550ZK,113.967331,22.523203,868
粤B550ZK,113.957047,22.523439,869
粤B550ZK,113.947151,22.524542,870
粤B550ZK,113.947151,22.524542,870
粤B550ZK,113.945496,22.525633,871
粤B550ZK,113.945435,22.52562,871
粤B550ZK,113.947456,22.527277,872
粤B550ZK,113.94735,22.527485,873
粤B550ZK,113.949333,22.530172,874
粤B550ZK,113.949913,22.530354,875
粤B550ZK,113.949913,22.530354,876
粤B550ZK,113.95372,22.535269,876
粤B550ZK,113.962166,22.53297,877
粤B550ZK,113.942474,22.527246,877
粤B550ZK,113.964661,22.531042,878
粤B550ZK,113.964676,22.531034,878
粤B550ZK,113.964661,22.531036,879
粤B550ZK,113.963806,22.531042,880
粤B550ZK,113.960243,22.530895,881
粤B550ZK,113.960243,22.530895,882
粤B550ZK,113.959297,22.531008,882
粤B550ZK,113.958794,22.529121,883
粤B550ZK,113.956772,22.523458,884
粤B550ZK,113.946991,22.524612,885
粤B550ZK,113.945213,22.527363,886
粤B550ZK,113.942474,22.527246,887
粤B550ZK,113.94252,22.527258,887
粤B550ZK,113.938438,22.524878,888
粤B550ZK,113.942474,22.527246,888
粤B550ZK,113.929306,22.525051,889
粤B550ZK,113.92511,22.525909,890
粤B550ZK,113.92466,22.530649,891
粤B550ZK,113.924576,22.530796,891
粤B550ZK,113.925621,22.532751,892
粤B550ZK,113.927116,22.53537,893
粤B550ZK,113.92598,22.535572,894
粤B550ZK,113.927116,22.53537,894
粤B550ZK,113.923286,22.535458,895
粤B550ZK,113.923195,22.530533,896
粤B550ZK,113.924126,22.529587,897
粤B550ZK,113.923912,22.527012,898
粤B550ZK,113.9263,22.523733,899
粤B550ZK,113.932693,22.524944,909
粤B550ZK,113.992439,22.526848,911
粤B550ZK,113.992439,22.526848,912
粤B550ZK,113.977936,22.523237,914
粤B550ZK,113.966118,22.522943,915
粤B550ZK,113.953735,22.523502,916
粤B550ZK,113.9422,22.524525,917
粤B550ZK,113.9422,22.524525,918
粤B550ZK,113.932693,22.524944,918
粤B550ZK,113.925385,22.525858,919
粤B550ZK,113.924446,22.529848,920
粤B550ZK,113.927078,22.536232,921
粤B550ZK,113.927094,22.541082,922
粤B550ZK,113.925697,22.543615,923
粤B550ZK,113.925697,22.543615,924
粤B550ZK,113.923553,22.543045,924
粤B550ZK,113.876923,22.570585,924
粤B550ZK,113.920792,22.543188,925
粤B550ZK,113.91259,22.544357,927
粤B550ZK,113.902046,22.546577,928
粤B550ZK,113.894661,22.554064,929
粤B550ZK,113.888084,22.560328,930
粤B550ZK,113.894661,22.554064,930
粤B550ZK,113.887543,22.560852,931
粤B550ZK,113.884315,22.564034,932
粤B550ZK,113.879913,22.568123,933
粤B550ZK,113.876923,22.570585,934
粤B550ZK,113.876923,22.570633,935
粤B550ZK,113.876923,22.570601,936
粤B550ZK,113.876923,22.570633,936
粤B550ZK,113.876328,22.571096,937
粤B550ZK,113.876404,22.571115,938
粤B550ZK,113.87635,22.571115,939
粤B550ZK,113.875633,22.571714,940
粤B550ZK,113.875618,22.571697,941
粤B550ZK,113.875618,22.571697,941
粤B550ZK,113.875618,22.571697,942
粤B550ZK,113.870384,22.5683,943
粤B550ZK,113.867393,22.570637,944
粤B550ZK,113.86615,22.571726,945
粤B550ZK,113.86496,22.572634,946
粤B550ZK,113.861977,22.574987,947
粤B550ZK,113.861977,22.574987,948
粤B550ZK,113.859962,22.576643,948
粤B550ZK,113.859955,22.576653,949
粤B550ZK,113.858238,22.578131,950
粤B550ZK,113.856277,22.579845,951
粤B550ZK,113.856339,22.582952,952
粤B550ZK,113.857994,22.584736,953
粤B550ZK,113.857994,22.584736,954
粤B550ZK,113.862717,22.581177,954
粤B550ZK,113.864639,22.579378,955
粤B550ZK,113.871246,22.574499,956
粤B550ZK,113.876877,22.570217,957
粤B550ZK,113.881119,22.566587,958
粤B550ZK,113.88308,22.564734,959
粤B550ZK,113.88308,22.564734,960
粤B550ZK,113.88311,22.564728,960
粤B550ZK,113.886841,22.561192,961
粤B550ZK,113.899246,22.555758,965
粤B550ZK,113.899246,22.555758,966
粤B550ZK,113.901733,22.553904,966
粤B550ZK,113.904533,22.55603,967
粤B550ZK,113.905647,22.554543,968
粤B550ZK,113.906815,22.552975,969
粤B550ZK,113.906052,22.553919,969
粤B550ZK,113.909691,22.544975,970
粤B550ZK,113.957207,22.522953,972
粤B550ZK,113.918678,22.543011,973
粤B550ZK,113.919044,22.542988,974
粤B550ZK,113.92572,22.541952,975
粤B550ZK,113.926903,22.535322,976
粤B550ZK,113.924171,22.529068,977
粤B550ZK,113.925079,22.525484,978
粤B550ZK,113.924171,22.529068,978
粤B550ZK,113.933388,22.524862,979
粤B550ZK,113.945152,22.524302,980
粤B550ZK,113.957207,22.522953,981
粤B550ZK,113.969398,22.522753,982
粤B550ZK,113.98037,22.522842,983
粤B550ZK,113.98037,22.522842,984
粤B550ZK,113.991249,22.525698,984
粤B550ZK,114.001816,22.530092,985
粤B550ZK,114.012634,22.530396,986
粤B550ZK,114.023567,22.531681,987
粤B550ZK,114.100357,22.538046,987
粤B550ZK,114.034317,22.530254,988
粤B550ZK,114.047638,22.531403,989
粤B550ZK,114.059036,22.531576,990
粤B550ZK,114.047638,22.531403,990
粤B550ZK,114.070473,22.5317,991
粤B550ZK,114.077606,22.532406,992
粤B550ZK,114.08091,22.536844,993
粤B550ZK,114.084488,22.537188,994
粤B550ZK,114.084541,22.537188,994
粤B550ZK,114.090698,22.537947,995
粤B550ZK,114.098099,22.538055,996
粤B550ZK,114.084541,22.537188,996
粤B550ZK,114.100357,22.538046,997
粤B550ZK,114.101837,22.538111,999
粤B550ZK,114.102524,22.538115,1000
粤B550ZK,114.103516,22.538124,1001
粤B550ZK,114.103516,22.538124,1002
粤B550ZK,114.108566,22.537418,1003
粤B550ZK,114.126007,22.542349,1006
粤B550ZK,114.134315,22.546909,1007
粤B550ZK,114.139351,22.554823,1008
粤B550ZK,114.126007,22.542349,1008
粤B550ZK,114.14077,22.56254,1009
粤B550ZK,114.139755,22.563818,1010
粤B550ZK,114.13958,22.563972,1011
粤B550ZK,114.138817,22.564877,1012
粤B550ZK,114.138359,22.565342,1013
粤B550ZK,114.138031,22.565628,1014
粤B550ZK,114.138359,22.565342,1014
粤B550ZK,114.13768,22.566057,1015
粤B550ZK,114.137032,22.566736,1016
粤B550ZK,114.137138,22.567678,1017
粤B550ZK,114.137993,22.569094,1018
粤B550ZK,114.125717,22.550913,1019
粤B550ZK,114.136436,22.569677,1019
粤B550ZK,114.136452,22.5697,1019
粤B550ZK,114.13755,22.569153,1020
粤B550ZK,114.136452,22.5697,1020
粤B550ZK,114.125717,22.550913,1029
粤B550ZK,114.125793,22.548147,1030
粤B550ZK,114.125763,22.548155,1031
粤B550ZK,114.125763,22.548155,1032
粤B550ZK,114.125763,22.548176,1032
粤B550ZK,114.125328,22.545158,1033
粤B550ZK,114.122475,22.545055,1034
粤B550ZK,114.108932,22.537867,1034
粤B550ZK,114.121407,22.543905,1035
粤B550ZK,114.120514,22.54213,1036
粤B550ZK,114.118378,22.543226,1037
粤B550ZK,114.118378,22.543226,1038
粤B550ZK,114.116508,22.542997,1038
粤B550ZK,114.114967,22.542633,1039
粤B550ZK,114.11261,22.542242,1040
粤B550ZK,114.11161,22.542053,1040
粤B550ZK,114.110344,22.543234,1041
粤B550ZK,114.110832,22.538759,1043
粤B550ZK,114.110832,22.538759,1044
粤B550ZK,114.108932,22.537867,1044
粤B550ZK,114.1036,22.538242,1045
粤B550ZK,114.093353,22.538214,1046
粤B550ZK,114.08551,22.537516,1047
粤B550ZK,114.081764,22.53738,1048
粤B550ZK,114.079094,22.535374,1049
粤B550ZK,114.081764,22.53738,1050
粤B550ZK,114.031654,22.530422,1050
粤B550ZK,114.076889,22.532076,1050
粤B550ZK,114.0728,22.531851,1051
粤B550ZK,114.065674,22.531868,1052
粤B550ZK,114.058907,22.531847,1053
粤B550ZK,114.056114,22.531799,1054
粤B550ZK,114.056122,22.531796,1054
粤B550ZK,114.053665,22.531725,1055
粤B550ZK,114.053665,22.531725,1056
粤B550ZK,114.052765,22.531725,1056
粤B550ZK,114.04731,22.531668,1057
粤B550ZK,114.040993,22.531208,1058
粤B550ZK,114.038452,22.530993,1059
粤B550ZK,114.031654,22.530422,1060
粤B550ZK,114.02562,22.531477,1061
粤B550ZK,114.021706,22.532322,1062
粤B550ZK,114.02562,22.531477,1062
粤B550ZK,114.019295,22.53298,1063
粤B550ZK,114.018204,22.532021,1064
粤B550ZK,114.015373,22.531097,1065
粤B550ZK,114.00705,22.529772,1066
粤B550ZK,113.998123,22.529745,1067
粤B550ZK,113.998123,22.529745,1068
粤B550ZK,113.988304,22.524809,1069
粤B550ZK,113.987419,22.524523,1070
粤B550ZK,113.983086,22.52351,1071
粤B550ZK,113.974457,22.523186,1072
粤B550ZK,113.967163,22.523146,1073
粤B550ZK,113.967163,22.523146,1074
粤B550ZK,113.958565,22.523233,1074
粤B550ZK,113.949493,22.524288,1075
粤B550ZK,113.94278,22.52483,1076
粤B550ZK,113.94088,22.526857,1077
粤B550ZK,113.940468,22.520885,1078
粤B550ZK,113.935875,22.521868,1079
粤B550ZK,113.934341,22.520567,1080
粤B550ZK,113.940468,22.520885,1080
粤B550ZK,113.93309,22.518875,1081
粤B550ZK,113.9272,22.509109,1082
粤B550ZK,113.931862,22.518759,1082
粤B550ZK,113.927376,22.511593,1082
粤B550ZK,113.930222,22.517368,1083
粤B550ZK,113.929794,22.517426,1083
粤B550ZK,113.927742,22.518745,1084
粤B550ZK,113.929588,22.519995,1085
粤B550ZK,113.927742,22.518745,1086
粤B550ZK,113.929176,22.520098,1087
粤B550ZK,113.928909,22.520147,1087
粤B550ZK,113.928085,22.519493,1088
粤B550ZK,113.927635,22.519506,1089
粤B550ZK,113.927467,22.516409,1090
粤B550ZK,113.927376,22.511593,1091
粤B550ZK,113.9272,22.509109,1092
粤B550ZK,113.927467,22.516409,1092
粤B550ZK,113.927216,22.509035,1093
粤B550ZK,113.92717,22.508661,1094
粤B550ZK,113.927811,22.503708,1095
粤B550ZK,113.927856,22.503536,1096
粤B550ZK,113.928047,22.502453,1097
粤B550ZK,113.929291,22.496161,1098
粤B550ZK,113.928047,22.502453,1098
粤B550ZK,113.929871,22.493637,1099
粤B550ZK,113.93071,22.489183,1100
粤B550ZK,113.926704,22.487488,1101
粤B550ZK,113.925095,22.486603,1102
粤B550ZK,113.92025,22.488142,1103
粤B550ZK,113.919479,22.488119,1104
粤B550ZK,113.92025,22.488142,1104
粤B550ZK,113.919395,22.489202,1105
粤B550ZK,113.919533,22.490702,1106
粤B550ZK,113.919624,22.490993,1106
粤B550ZK,113.921844,22.493437,1108
粤B550ZK,113.921844,22.493437,1109
粤B550ZK,113.924179,22.494043,1109
粤B550ZK,113.925041,22.497168,1110
粤B550ZK,113.928429,22.497883,1111
粤B550ZK,113.929321,22.496086,1112
粤B550ZK,113.929321,22.496086,1115
粤B550ZK,113.933022,22.503178,1144
粤B550ZK,113.933006,22.50705,1145
粤B550ZK,113.931168,22.520296,1145
粤B550ZK,113.933006,22.50705,1145
粤B550ZK,113.933022,22.507656,1146
粤B550ZK,113.933029,22.507675,1147
粤B550ZK,113.932991,22.512848,1148
粤B550ZK,113.932968,22.512842,1149
粤B550ZK,113.933861,22.516422,1150
粤B550ZK,113.933861,22.516422,1151
粤B550ZK,113.931564,22.518223,1151
粤B550ZK,113.931755,22.519543,1152
粤B550ZK,113.931503,22.520628,1153
粤B550ZK,113.931168,22.520296,1154
粤B550ZK,113.931145,22.520399,1155
粤B550ZK,113.931084,22.520258,1156
粤B550ZK,113.930984,22.520029,1157
粤B550ZK,113.931084,22.520258,1157
粤B550ZK,113.931229,22.521139,1158
粤B550ZK,113.931541,22.520948,1159
粤B550ZK,113.931458,22.521076,1160
粤B550ZK,113.931465,22.521034,1161
粤B550ZK,113.931366,22.520967,1161
粤B550ZK,113.930855,22.521038,1162
粤B550ZK,113.930855,22.521038,1163
粤B550ZK,113.929237,22.528128,1173
粤B550ZK,113.927139,22.528542,1174
粤B550ZK,113.924553,22.529472,1175
粤B550ZK,113.924553,22.529472,1175
粤B550ZK,113.92662,22.534388,1176
粤B550ZK,113.901703,22.559912,1176
粤B550ZK,113.927101,22.541237,1177
粤B550ZK,113.925285,22.543222,1178
粤B550ZK,113.923828,22.543093,1179
粤B550ZK,113.920616,22.543201,1180
粤B550ZK,113.91996,22.543226,1181
粤B550ZK,113.91996,22.543226,1181
粤B550ZK,113.919243,22.543304,1182
粤B550ZK,113.915314,22.543524,1183
粤B550ZK,113.909676,22.54842,1184
粤B550ZK,113.904839,22.55619,1185
粤B550ZK,113.901703,22.559912,1186
粤B550ZK,113.902214,22.560261,1187
粤B550ZK,113.902214,22.560261,1187
粤B550ZK,113.903122,22.561213,1188
粤B550ZK,113.903252,22.561316,1189
粤B550ZK,113.903511,22.561527,1190
粤B550ZK,113.903641,22.561718,1191
粤B550ZK,113.903717,22.561823,1192
粤B550ZK,113.90229,22.563641,1193
粤B550ZK,113.90229,22.563641,1193
粤B550ZK,113.902252,22.563652,1193
粤B550ZK,113.902168,22.563631,1194
粤B550ZK,113.903694,22.562162,1195
粤B550ZK,113.899605,22.558374,1196
粤B550ZK,113.900414,22.558832,1197
粤B550ZK,113.903839,22.557285,1198
粤B550ZK,113.908386,22.550611,1199
粤B550ZK,113.908386,22.550611,1199
粤B550ZK,113.909569,22.545887,1200
粤B550ZK,113.909737,22.544514,1201
粤B550ZK,113.910141,22.54064,1202
粤B550ZK,113.9104,22.535957,1203
粤B550ZK,113.910439,22.53548,1204
粤B550ZK,113.912712,22.535313,1205
粤B550ZK,113.912712,22.535313,1205
粤B550ZK,113.914017,22.535418,1206
粤B550ZK,113.91687,22.535431,1207
粤B550ZK,113.919746,22.532917,1208
粤B550ZK,113.917503,22.520864,1208
粤B550ZK,113.919739,22.533014,1208
粤B550ZK,113.914589,22.518604,1208
粤B550ZK,113.919456,22.530861,1209
粤B550ZK,113.919044,22.528492,1210
粤B550ZK,113.918465,22.526125,1211
粤B550ZK,113.918465,22.526125,1211
粤B550ZK,113.918259,22.524372,1212
粤B550ZK,113.918266,22.524378,1212
粤B550ZK,113.919579,22.523914,1213
粤B550ZK,113.922012,22.522854,1214
粤B550ZK,113.920776,22.520168,1215
粤B550ZK,113.917564,22.520962,1216
粤B550ZK,113.917564,22.520962,1217
粤B550ZK,113.917503,22.520864,1217
粤B550ZK,113.914589,22.518604,1218
粤B550ZK,113.914398,22.518419,1219
粤B550ZK,113.915627,22.517359,1220
粤B550ZK,113.918732,22.515432,1221
粤B550ZK,113.920883,22.513931,1222
粤B550ZK,113.931297,22.519718,1223
粤B550ZK,113.920677,22.511995,1223
粤B550ZK,113.920883,22.513931,1223
粤B550ZK,113.922684,22.515614,1224
粤B550ZK,113.921967,22.515173,1224
粤B550ZK,113.923492,22.515617,1225
粤B550ZK,113.924004,22.51676,1226
粤B550ZK,113.926521,22.517799,1227
粤B550ZK,113.927826,22.519398,1228
粤B550ZK,113.929535,22.519817,1228
粤B550ZK,113.929573,22.519869,1229
粤B550ZK,113.929535,22.519817,1229
粤B550ZK,113.929527,22.520535,1230
粤B550ZK,113.931068,22.519985,1233
粤B550ZK,113.931297,22.519718,1233
粤B550ZK,113.930672,22.519112,1234
粤B550ZK,113.930672,22.519112,1234
粤B550ZK,113.927956,22.521627,1235
粤B550ZK,113.930099,22.527517,1236
粤B550ZK,113.930168,22.52762,1237
粤B550ZK,113.928665,22.528248,1238
粤B550ZK,113.926659,22.528456,1239
粤B550ZK,113.919266,22.50849,1239
粤B550ZK,113.924606,22.530624,1240
粤B550ZK,113.924515,22.530434,1240
粤B550ZK,113.924606,22.530624,1240
粤B550ZK,113.92543,22.532204,1241
粤B550ZK,113.926544,22.534624,1242
粤B550ZK,113.924332,22.529148,1243
粤B550ZK,113.924614,22.528362,1244
粤B550ZK,113.924782,22.528164,1244
粤B550ZK,113.924805,22.527046,1245
粤B550ZK,113.922729,22.520138,1246
粤B550ZK,113.922729,22.520138,1246
粤B550ZK,113.921555,22.515171,1247
粤B550ZK,113.920456,22.511889,1248
粤B550ZK,113.919266,22.50849,1249
粤B550ZK,113.919556,22.506405,1250
粤B550ZK,113.919319,22.505688,1250
粤B550ZK,113.919304,22.505678,1251
粤B550ZK,113.918663,22.503645,1252
粤B550ZK,113.918663,22.503645,1252
粤B550ZK,113.917831,22.505135,1253
粤B550ZK,113.920029,22.507692,1254
粤B550ZK,113.945938,22.507025,1255
粤B550ZK,113.923576,22.50778,1255
粤B550ZK,113.926323,22.507837,1256
粤B550ZK,113.930573,22.507931,1257
粤B550ZK,113.932549,22.507904,1258
粤B550ZK,113.932549,22.507904,1258
粤B550ZK,113.940178,22.50798,1260
粤B550ZK,113.94339,22.507149,1261
粤B550ZK,113.945328,22.507088,1262
粤B550ZK,113.94503,22.506552,1263
粤B550ZK,113.945053,22.506557,1264
粤B550ZK,113.945297,22.506563,1264
粤B550ZK,113.945053,22.506557,1264
粤B550ZK,113.945938,22.507025,1265
粤B550ZK,113.942635,22.507778,1266
粤B550ZK,113.946571,22.50758,1267
粤B550ZK,113.947731,22.514063,1268
粤B550ZK,113.948944,22.522722,1269
粤B550ZK,113.921051,22.543205,1270
粤B550ZK,113.945633,22.524714,1270
粤B550ZK,113.945633,22.524714,1270
粤B550ZK,113.920898,22.543219,1271
粤B550ZK,113.938049,22.524906,1271
粤B550ZK,113.931549,22.524967,1272
粤B550ZK,113.924667,22.526417,1273
粤B550ZK,113.924583,22.530771,1274
粤B550ZK,113.927116,22.537203,1275
粤B550ZK,113.927025,22.543278,1276
粤B550ZK,113.927025,22.543278,1276
粤B550ZK,113.924141,22.5431,1277
粤B550ZK,113.922668,22.543118,1278
粤B550ZK,113.922356,22.543139,1279
粤B550ZK,113.921051,22.543205,1280
粤B550ZK,113.920898,22.543219,1281
粤B550ZK,113.91925,22.543201,1282
粤B550ZK,113.91925,22.543201,1282
粤B550ZK,113.919212,22.54324,1283
粤B550ZK,113.916061,22.543386,1284
粤B550ZK,113.90802,22.544653,1285
粤B550ZK,113.886871,22.56101,1286
粤B550ZK,113.899055,22.549818,1286
粤B550ZK,113.892502,22.556185,1287
粤B550ZK,113.888367,22.560066,1288
粤B550ZK,113.888367,22.560066,1288
粤B550ZK,113.887695,22.560686,1289
粤B550ZK,113.887474,22.5609,1290
粤B550ZK,113.887108,22.561193,1291
粤B550ZK,113.887093,22.561209,1292
粤B550ZK,113.885895,22.560747,1293
粤B550ZK,113.883255,22.558216,1294
粤B550ZK,113.883255,22.558216,1294
粤B550ZK,113.884583,22.559389,1294
粤B550ZK,113.884567,22.559397,1295
粤B550ZK,113.886871,22.56101,1296
粤B550ZK,113.894234,22.554195,1297
粤B550ZK,113.901466,22.547068,1298
粤B550ZK,113.908592,22.544382,1299
粤B550ZK,113.91011,22.54047,1300
粤B550ZK,113.91011,22.54047,1300
粤B550ZK,113.91021,22.538521,1301
粤B550ZK,113.910347,22.5355,1302
粤B550ZK,113.923233,22.526087,1302
粤B550ZK,113.916824,22.535503,1306
粤B550ZK,113.916824,22.535503,1306
粤B550ZK,113.919922,22.534815,1307
粤B550ZK,113.919891,22.535086,1307
粤B550ZK,113.91951,22.530928,1308
粤B550ZK,113.918785,22.527643,1309
粤B550ZK,113.918732,22.527584,1310
粤B550ZK,113.918701,22.527439,1311
粤B550ZK,113.923233,22.526087,1312
粤B550ZK,113.923233,22.526087,1312
粤B550ZK,113.922943,22.52062,1314
粤B550ZK,113.92234,22.518688,1316
粤B550ZK,113.922096,22.518,1317
粤B550ZK,113.920792,22.51302,1318
粤B550ZK,113.923721,22.50738,1318
粤B550ZK,113.920792,22.51302,1318
粤B550ZK,113.919167,22.508537,1319
粤B550ZK,113.919159,22.508385,1320
粤B550ZK,113.923409,22.507744,1321
粤B550ZK,113.923386,22.507822,1322
粤B550ZK,113.923889,22.507771,1323
粤B550ZK,113.924103,22.507753,1324
粤B550ZK,113.92392,22.50774,1324
粤B550ZK,113.924103,22.507753,1324
粤B550ZK,113.927528,22.505552,1325
粤B550ZK,113.926048,22.502831,1326
粤B550ZK,113.924255,22.50391,1327
粤B550ZK,113.923721,22.50738,1328
粤B550ZK,113.925812,22.507837,1329
粤B550ZK,113.926788,22.507881,1330
粤B550ZK,113.926788,22.507881,1330
粤B550ZK,113.927444,22.509422,1331
粤B550ZK,113.927437,22.509575,1331
粤B550ZK,113.927559,22.512484,1332
粤B550ZK,113.927673,22.51895,1333
粤B550ZK,113.952286,22.523399,1333
粤B550ZK,113.927811,22.519417,1334
粤B550ZK,113.964684,22.52268,1334
粤B550ZK,113.92942,22.525904,1335
粤B550ZK,113.92942,22.525904,1336
粤B550ZK,113.934509,22.527987,1336
粤B550ZK,113.93663,22.527906,1337
粤B550ZK,113.936623,22.527912,1337
粤B550ZK,113.93602,22.528027,1338
粤B550ZK,113.936829,22.528027,1338
粤B550ZK,113.939117,22.529654,1339
粤B550ZK,113.941017,22.522158,1341
粤B550ZK,113.941017,22.522158,1342
粤B550ZK,113.94355,22.524029,1342
粤B550ZK,113.952286,22.523399,1343
粤B550ZK,113.964684,22.52268,1344
粤B550ZK,113.977058,22.522757,1345
粤B550ZK,113.988274,22.524345,1346
粤B550ZK,113.999146,22.529701,1347
粤B550ZK,114.010818,22.529917,1348
粤B550ZK,113.999146,22.529701,1348
粤B550ZK,114.021317,22.531897,1349
粤B550ZK,114.02626,22.529802,1350
粤B550ZK,114.031021,22.52697,1351
粤B550ZK,114.030968,22.526823,1352
粤B550ZK,114.029823,22.526968,1353
粤B550ZK,114.029037,22.526821,1354
粤B550ZK,114.029297,22.526863,1354
粤B550ZK,114.029099,22.526739,1355
粤B550ZK,114.030807,22.526791,1356
粤B550ZK,114.032341,22.526203,1357
粤B550ZK,114.037125,22.523638,1358
粤B550ZK,114.040085,22.522087,1359
粤B550ZK,114.040085,22.522087,1359
粤B550ZK,114.043541,22.520205,1360
粤B550ZK,114.050583,22.51815,1361
粤B550ZK,114.058296,22.519577,1362
粤B550ZK,114.058487,22.519766,1363
粤B550ZK,114.051201,22.518227,1364
粤B550ZK,114.042519,22.520882,1365
粤B550ZK,114.042519,22.520882,1365
粤B550ZK,114.03775,22.523523,1366
粤B550ZK,114.030472,22.527542,1367
粤B550ZK,114.02269,22.532154,1368
粤B550ZK,114.013046,22.530695,1369
粤B550ZK,114.002747,22.5303,1370
粤B550ZK,113.993874,22.527708,1371
粤B550ZK,113.993874,22.527708,1371
粤B550ZK,113.987923,22.524702,1372
粤B550ZK,113.987816,22.524647,1373
粤B550ZK,113.987778,22.524643,1374
粤B550ZK,113.987373,22.524471,1376
粤B550ZK,113.987503,22.524534,1376
粤B550ZK,113.979736,22.52323,1377
粤B550ZK,113.979736,22.52323,1377
粤B550ZK,113.970039,22.522873,1378
粤B550ZK,113.956436,22.523157,1379
粤B550ZK,113.919052,22.528811,1381
粤B550ZK,113.935341,22.524784,1381
粤B550ZK,113.918915,22.527571,1383
粤B550ZK,113.919724,22.531788,1384
粤B550ZK,113.91658,22.535578,1385
粤B550ZK,113.917122,22.537212,1386
粤B550ZK,113.917137,22.537201,1386
粤B550ZK,113.917061,22.537312,1387
粤B550ZK,113.916405,22.535604,1388
粤B550ZK,113.915863,22.534138,1389
粤B550ZK,113.915863,22.534138,1389
粤B550ZK,113.916534,22.531408,1390
粤B550ZK,113.919052,22.528811,1391
粤B550ZK,113.918404,22.525568,1392
粤B550ZK,113.917534,22.5219,1393
粤B550ZK,113.914383,22.518063,1394
粤B550ZK,113.918098,22.515972,1395
粤B550ZK,113.918098,22.515972,1395
粤B550ZK,113.914215,22.535223,1396
粤B550ZK,113.919228,22.515383,1396
粤B550ZK,113.919403,22.515087,1396
粤B550ZK,113.911819,22.535378,1397
粤B550ZK,113.911819,22.535381,1397
粤B550ZK,113.918556,22.515694,1397
粤B550ZK,113.915054,22.517511,1398
粤B550ZK,113.914284,22.518147,1399
粤B550ZK,113.916176,22.520052,1400
粤B550ZK,113.916023,22.520168,1400
粤B550ZK,113.917084,22.520891,1401
粤B550ZK,113.917084,22.520891,1401
粤B550ZK,113.918007,22.524191,1402
粤B550ZK,113.918526,22.526867,1403
粤B550ZK,113.914505,22.528149,1404
粤B550ZK,113.913956,22.53373,1405
粤B550ZK,113.914215,22.535223,1406
粤B550ZK,113.911819,22.535381,1407
粤B550ZK,113.911819,22.535378,1407
粤B550ZK,113.911819,22.535378,1407
粤B550ZK,113.911842,22.535305,1408
粤B550ZK,113.910652,22.535242,1409
粤B550ZK,113.91407,22.535307,1410
粤B550ZK,113.913651,22.531227,1411
粤B550ZK,113.921288,22.513594,1412
粤B550ZK,113.914688,22.527214,1412
粤B550ZK,113.914688,22.527191,1413
粤B550ZK,113.914688,22.527191,1413
粤B550ZK,113.914291,22.523445,1414
粤B550ZK,113.911697,22.519215,1415
粤B550ZK,113.913567,22.518805,1416
粤B550ZK,113.914024,22.518412,1417
粤B550ZK,113.91642,22.517139,1418
粤B550ZK,113.919601,22.514709,1419
粤B550ZK,113.919601,22.514709,1419
粤B550ZK,113.919922,22.514467,1420
粤B550ZK,113.919876,22.514584,1420
粤B550ZK,113.920639,22.513927,1421
粤B550ZK,113.921288,22.513594,1422
粤B550ZK,113.922188,22.517582,1423
粤B550ZK,113.924362,22.523542,1424
粤B550ZK,113.929344,22.524405,1425
粤B550ZK,113.93959,22.524412,1426
粤B550ZK,113.951942,22.523518,1427
粤B550ZK,113.964928,22.522718,1428
粤B550ZK,113.978294,22.522818,1429
粤B550ZK,113.991051,22.525545,1430
粤B550ZK,114.002068,22.530027,1431
粤B550ZK,114.002068,22.530027,1431
粤B550ZK,114.012093,22.529554,1432
粤B550ZK,114.014214,22.531378,1433
粤B550ZK,114.013962,22.535374,1434
粤B550ZK,114.018166,22.538555,1435
粤B550ZK,114.020821,22.538172,1436
粤B550ZK,114.021248,22.53833,1437
