粤B036ZE,114.062393,22.550617,67
粤B036ZE,114.050766,22.551237,73
粤B036ZE,114.051201,22.551178,74
粤B036ZE,114.057533,22.551205,75
粤B036ZE,114.062393,22.550617,76
粤B036ZE,114.062393,22.550617,78
粤B036ZE,114.062393,22.550617,82
粤B036ZE,114.062393,22.550617,84
粤B036ZE,114.062393,22.550617,90
粤B036ZE,114.063095,22.545715,98
粤B036ZE,114.061157,22.54426,102
粤B036ZE,114.063095,22.545715,107
粤B036ZE,114.063095,22.545715,108
粤B036ZE,114.063095,22.545715,114
粤B036ZE,114.057793,22.525723,126
粤B036ZE,114.054436,22.526188,127
粤B036ZE,114.057106,22.525948,127
粤B036ZE,114.051468,22.529028,128
粤B036ZE,114.051796,22.535309,129
粤B036ZE,114.053703,22.537664,130
粤B036ZE,114.054123,22.537403,130
粤B036ZE,114.053703,22.537664,131
粤B036ZE,114.053703,22.537664,132
粤B036ZE,114.053703,22.537664,138
粤B036ZE,114.044098,22.55282,147
粤B036ZE,114.04213,22.559866,148
粤B036ZE,114.036804,22.565727,149
粤B036ZE,114.037804,22.565687,149
粤B036ZE,114.037804,22.565687,150
粤B036ZE,114.046844,22.564831,287
粤B036ZE,114.037842,22.565538,291
粤B036ZE,114.037827,22.565519,292
粤B036ZE,114.038849,22.565666,293
粤B036ZE,114.038849,22.565666,293
粤B036ZE,114.038498,22.565737,293
粤B036ZE,114.041313,22.561146,294
粤B036ZE,114.043671,22.557053,295
粤B036ZE,114.042168,22.559837,296
粤B036ZE,114.046844,22.564831,297
粤B036ZE,114.059158,22.566746,298
粤B036ZE,114.072197,22.569721,299
粤B036ZE,114.072197,22.569721,299
粤B036ZE,114.084297,22.570629,300
粤B036ZE,114.08947,22.561071,301
粤B036ZE,114.090828,22.558407,302
粤B036ZE,114.075989,22.546879,303
粤B036ZE,114.087448,22.553568,303
粤B036ZE,114.087532,22.553711,303
粤B036ZE,114.085922,22.553461,304
粤B036ZE,114.077293,22.55154,306
粤B036ZE,114.080391,22.551514,307
粤B036ZE,114.084152,22.548107,309
粤B036ZE,114.086037,22.54546,310
粤B036ZE,114.085762,22.542707,311
粤B036ZE,114.085762,22.542707,311
粤B036ZE,114.080765,22.54315,312
粤B036ZE,114.075989,22.546879,313
粤B036ZE,114.077034,22.546989,313
粤B036ZE,114.076477,22.547117,314
粤B036ZE,114.074135,22.543447,315
粤B036ZE,114.067726,22.541628,316
粤B036ZE,114.068169,22.529572,317
粤B036ZE,114.068169,22.529572,317
粤B036ZE,114.059685,22.51737,318
粤B036ZE,114.050781,22.513601,319
粤B036ZE,113.92807,22.565886,319
粤B036ZE,114.034172,22.517242,320
粤B036ZE,114.019211,22.52565,321
粤B036ZE,114.010353,22.539213,322
粤B036ZE,113.995193,22.546312,323
粤B036ZE,113.995193,22.546312,323
粤B036ZE,113.979828,22.554235,324
粤B036ZE,113.963684,22.561701,325
粤B036ZE,113.946228,22.564827,326
粤B036ZE,113.92807,22.565886,327
粤B036ZE,113.92807,22.565886,329
粤B036ZE,113.900345,22.59219,330
粤B036ZE,113.886673,22.60288,331
粤B036ZE,113.87616,22.616234,332
粤B036ZE,113.861221,22.624075,333
粤B036ZE,113.850174,22.629339,334
粤B036ZE,113.850182,22.627096,335
粤B036ZE,113.850182,22.627096,335
粤B036ZE,113.848206,22.623455,336
粤B036ZE,113.8358,22.619753,337
粤B036ZE,113.824417,22.614676,338
粤B036ZE,113.817322,22.612497,339
粤B036ZE,113.812164,22.621506,340
粤B036ZE,113.812164,22.621506,341
粤B036ZE,113.810722,22.628008,341
粤B036ZE,113.809517,22.627483,341
粤B036ZE,113.809502,22.627487,342
粤B036ZE,113.808121,22.626841,343
粤B036ZE,113.808319,22.620987,344
粤B036ZE,113.813347,22.611813,345
粤B036ZE,113.820274,22.612537,346
粤B036ZE,113.820274,22.612537,347
粤B036ZE,113.830208,22.617243,347
粤B036ZE,113.840042,22.620756,348
粤B036ZE,113.847923,22.622362,349
粤B036ZE,113.855736,22.618431,350
粤B036ZE,113.850426,22.618752,350
粤B036ZE,113.850304,22.618885,351
粤B036ZE,113.850075,22.617567,353
粤B036ZE,113.855736,22.618431,353
粤B036ZE,113.855736,22.618431,359
粤B036ZE,113.855736,22.618431,365
粤B036ZE,113.855736,22.618431,366
粤B036ZE,113.855736,22.618431,370
粤B036ZE,113.855736,22.618431,376
粤B036ZE,113.907249,22.584558,413
粤B036ZE,113.857346,22.613564,413
粤B036ZE,113.865288,22.605375,414
粤B036ZE,113.868706,22.602377,415
粤B036ZE,113.873283,22.597836,416
粤B036ZE,113.873528,22.597572,417
粤B036ZE,113.876511,22.594547,418
粤B036ZE,113.876511,22.594547,418
粤B036ZE,113.878365,22.592754,419
粤B036ZE,113.88044,22.592743,420
粤B036ZE,113.892311,22.593418,421
粤B036ZE,113.896919,22.594374,422
粤B036ZE,113.907249,22.584558,423
粤B036ZE,113.918137,22.572947,424
粤B036ZE,113.918137,22.572947,424
粤B036ZE,113.928825,22.565317,426
粤B036ZE,113.940453,22.565594,427
粤B036ZE,113.953941,22.564148,428
粤B036ZE,114.046608,22.598255,429
粤B036ZE,113.965553,22.565668,429
粤B036ZE,113.972198,22.585829,431
粤B036ZE,113.985115,22.586306,432
粤B036ZE,114.010201,22.589996,434
粤B036ZE,114.02285,22.593624,435
粤B036ZE,114.034149,22.594337,436
粤B036ZE,114.034149,22.594337,436
粤B036ZE,114.042358,22.592304,437
粤B036ZE,114.048805,22.593002,438
粤B036ZE,114.046608,22.598255,439
粤B036ZE,114.045753,22.59943,440
粤B036ZE,114.045456,22.599308,441
粤B036ZE,114.044228,22.600561,442
粤B036ZE,114.044228,22.600561,442
粤B036ZE,114.044434,22.600616,443
粤B036ZE,114.047737,22.604141,471
粤B036ZE,114.047569,22.604038,472
粤B036ZE,114.047737,22.604141,472
粤B036ZE,114.047585,22.604042,473
粤B036ZE,114.047531,22.603987,474
粤B036ZE,114.047607,22.603954,475
粤B036ZE,114.047569,22.604,476
粤B036ZE,114.047539,22.603987,477
粤B036ZE,114.047539,22.603987,477
粤B036ZE,114.047539,22.603952,478
粤B036ZE,114.047493,22.603952,479
粤B036ZE,114.047501,22.603962,480
粤B036ZE,114.047501,22.603962,480
粤B036ZE,114.04258,22.603073,481
粤B036ZE,114.038643,22.603422,482
粤B036ZE,114.03688,22.604816,483
粤B036ZE,114.027931,22.612453,488
粤B036ZE,114.02726,22.613243,489
粤B036ZE,114.028915,22.611977,491
粤B036ZE,114.039421,22.606079,492
粤B036ZE,114.031403,22.614044,492
粤B036ZE,114.03199,22.614548,493
粤B036ZE,114.032646,22.615007,494
粤B036ZE,114.036324,22.61681,495
粤B036ZE,114.036324,22.61681,495
粤B036ZE,114.038406,22.614645,496
粤B036ZE,114.038605,22.614428,497
粤B036ZE,114.038963,22.613638,498
粤B036ZE,114.040634,22.609312,499
粤B036ZE,114.038811,22.60759,500
粤B036ZE,114.039421,22.606079,501
粤B036ZE,114.039421,22.606079,501
粤B036ZE,114.039429,22.6061,502
粤B036ZE,114.039406,22.606092,503
粤B036ZE,114.039421,22.6061,504
粤B036ZE,114.039421,22.60606,505
粤B036ZE,114.039421,22.60606,506
粤B036ZE,114.049896,22.589945,507
粤B036ZE,114.042015,22.603125,507
粤B036ZE,114.042015,22.603125,507
粤B036ZE,114.042557,22.602455,508
粤B036ZE,114.045151,22.596699,509
粤B036ZE,114.046822,22.594835,510
粤B036ZE,114.047409,22.593863,511
粤B036ZE,114.047989,22.592875,512
粤B036ZE,114.048836,22.59136,513
粤B036ZE,114.048836,22.59136,513
粤B036ZE,114.049896,22.589945,514
粤B036ZE,114.054634,22.581388,517
粤B036ZE,114.055214,22.580362,518
粤B036ZE,114.057739,22.57839,519
粤B036ZE,114.057739,22.57839,519
粤B036ZE,114.060143,22.577187,520
粤B036ZE,114.060814,22.574932,521
粤B036ZE,114.061401,22.572369,522
粤B036ZE,114.062271,22.568117,523
粤B036ZE,114.063011,22.53022,523
粤B036ZE,114.062508,22.56127,524
粤B036ZE,114.062531,22.558937,525
粤B036ZE,114.062508,22.56127,525
粤B036ZE,114.062607,22.555208,526
粤B036ZE,114.062386,22.552523,527
粤B036ZE,114.062355,22.552492,528
粤B036ZE,114.062378,22.551262,529
粤B036ZE,114.063011,22.53022,533
粤B036ZE,114.06279,22.528719,534
粤B036ZE,114.062904,22.5264,535
粤B036ZE,114.044479,22.543283,539
粤B036ZE,114.051369,22.534695,546
粤B036ZE,114.050339,22.531662,547
粤B036ZE,114.044579,22.533442,548
粤B036ZE,114.044479,22.543283,549
粤B036ZE,114.044479,22.543283,549
粤B036ZE,114.040642,22.542423,550
粤B036ZE,114.036171,22.541805,551
粤B036ZE,114.035454,22.541685,552
粤B036ZE,114.032051,22.542402,553
粤B036ZE,114.029388,22.54335,554
粤B036ZE,114.049942,22.551016,555
粤B036ZE,114.029388,22.54335,555
粤B036ZE,114.025993,22.543716,557
粤B036ZE,114.025894,22.544502,558
粤B036ZE,114.025955,22.544052,558
粤B036ZE,114.032661,22.547527,560
粤B036ZE,114.025894,22.544502,561
粤B036ZE,114.039078,22.549255,561
粤B036ZE,114.04332,22.550449,562
粤B036ZE,114.049942,22.551016,564
粤B036ZE,114.050735,22.551044,565
粤B036ZE,114.050972,22.55069,566
粤B036ZE,114.050949,22.549088,567
粤B036ZE,114.050949,22.549088,567
粤B036ZE,114.050964,22.549063,567
粤B036ZE,114.049904,22.547392,568
粤B036ZE,114.047668,22.545374,569
粤B036ZE,114.046944,22.545338,570
粤B036ZE,114.046944,22.545338,573
粤B036ZE,114.051132,22.539923,582
粤B036ZE,114.051102,22.539774,583
粤B036ZE,114.051483,22.541027,584
粤B036ZE,114.05172,22.541037,585
粤B036ZE,114.05172,22.541037,585
粤B036ZE,114.051872,22.537983,586
粤B036ZE,113.975632,22.522963,586
粤B036ZE,114.052635,22.539738,586
粤B036ZE,114.051208,22.534271,589
粤B036ZE,114.045998,22.531523,590
粤B036ZE,114.0345,22.530346,591
粤B036ZE,114.051872,22.537983,591
粤B036ZE,114.02272,22.531935,592
粤B036ZE,114.010719,22.53001,593
粤B036ZE,113.998436,22.529678,594
粤B036ZE,113.987839,22.524303,595
粤B036ZE,113.975632,22.522963,596
粤B036ZE,113.963501,22.522877,597
粤B036ZE,113.963501,22.522877,597
粤B036ZE,113.936958,22.508192,603
粤B036ZE,113.933136,22.513552,605
粤B036ZE,113.932945,22.511736,605
粤B036ZE,113.933113,22.51354,606
粤B036ZE,113.9338,22.516485,607
粤B036ZE,113.931923,22.518753,608
粤B036ZE,113.931923,22.518753,609
粤B036ZE,113.932022,22.519102,610
粤B036ZE,113.931381,22.51803,611
粤B036ZE,113.927895,22.517912,612
粤B036ZE,113.927902,22.517878,613
粤B036ZE,113.927406,22.513226,615
粤B036ZE,113.925064,22.50795,615
粤B036ZE,113.9217,22.507944,616
粤B036ZE,113.917542,22.504755,617
粤B036ZE,113.918541,22.507351,617
粤B036ZE,113.926498,22.534439,618
粤B036ZE,113.917236,22.50408,618
粤B036ZE,113.917328,22.504333,618
粤B036ZE,113.917343,22.504368,618
粤B036ZE,113.917496,22.504313,619
粤B036ZE,113.918671,22.507311,620
粤B036ZE,113.918716,22.507439,621
粤B036ZE,113.918716,22.507439,621
粤B036ZE,113.919098,22.50849,622
粤B036ZE,113.919281,22.508875,622
粤B036ZE,113.920197,22.511297,623
粤B036ZE,113.921906,22.516321,624
粤B036ZE,113.921982,22.517363,625
粤B036ZE,113.922867,22.520042,626
粤B036ZE,113.915062,22.541126,626
粤B036ZE,113.924332,22.529062,627
粤B036ZE,113.924332,22.529062,627
粤B036ZE,113.926498,22.534439,628
粤B036ZE,113.92704,22.535208,629
粤B036ZE,113.926926,22.535543,630
粤B036ZE,113.921745,22.535418,632
粤B036ZE,113.914879,22.535658,633
粤B036ZE,113.914886,22.539797,635
粤B036ZE,113.915062,22.541126,636
粤B036ZE,113.915314,22.542591,637
粤B036ZE,113.91803,22.543194,639
粤B036ZE,113.918045,22.543198,640
粤B036ZE,113.918404,22.5432,641
粤B036ZE,113.931656,22.559566,641
粤B036ZE,113.919083,22.54372,642
粤B036ZE,113.919098,22.543715,642
粤B036ZE,113.918938,22.544502,643
粤B036ZE,113.919098,22.543715,643
粤B036ZE,113.919006,22.544258,643
粤B036ZE,113.918495,22.548798,645
粤B036ZE,113.918411,22.553385,646
粤B036ZE,113.921272,22.555397,647
粤B036ZE,113.929031,22.554882,649
粤B036ZE,113.929054,22.558359,649
粤B036ZE,113.931656,22.559566,650
粤B036ZE,113.93293,22.559727,651
粤B036ZE,113.939964,22.559984,652
粤B036ZE,113.941956,22.559633,653
粤B036ZE,113.945572,22.558865,654
粤B036ZE,113.945572,22.558865,655
粤B036ZE,113.946777,22.558929,655
粤B036ZE,113.946739,22.560776,656
粤B036ZE,113.946716,22.560553,656
粤B036ZE,113.946678,22.560558,657
粤B036ZE,113.934898,22.547176,657
粤B036ZE,113.943916,22.558882,658
粤B036ZE,113.940155,22.559992,659
粤B036ZE,113.939774,22.559902,660
粤B036ZE,113.940567,22.55986,660
粤B036ZE,113.940315,22.554777,661
粤B036ZE,113.940567,22.55986,661
粤B036ZE,113.937119,22.549429,664
粤B036ZE,113.936836,22.547159,665
粤B036ZE,113.934898,22.547176,666
粤B036ZE,113.93367,22.548227,667
粤B036ZE,113.934898,22.547176,667
粤B036ZE,113.937111,22.55048,668
粤B036ZE,113.938324,22.552559,669
粤B036ZE,113.940376,22.552181,670
粤B036ZE,113.940437,22.547237,671
粤B036ZE,113.940506,22.544735,672
粤B036ZE,113.940521,22.544647,673
粤B036ZE,113.940506,22.544735,673
粤B036ZE,113.959946,22.544113,673
粤B036ZE,113.940552,22.544624,674
粤B036ZE,113.940475,22.544605,676
粤B036ZE,113.940475,22.5446,677
粤B036ZE,113.940582,22.543524,677
粤B036ZE,113.946404,22.543062,678
粤B036ZE,113.954582,22.543282,679
粤B036ZE,113.946404,22.543062,679
粤B036ZE,113.95945,22.543287,680
粤B036ZE,113.959671,22.543282,681
粤B036ZE,113.959946,22.544113,682
粤B036ZE,113.961464,22.547068,683
粤B036ZE,113.96328,22.547094,684
粤B036ZE,113.963341,22.547094,685
粤B036ZE,113.963676,22.546719,685
粤B036ZE,113.96328,22.547094,685
粤B036ZE,113.964058,22.545149,686
粤B036ZE,113.963791,22.543922,687
粤B036ZE,113.970947,22.538948,688
粤B036ZE,113.967178,22.540325,688
粤B036ZE,113.961197,22.543055,688
粤B036ZE,113.959892,22.543264,689
粤B036ZE,113.962463,22.542112,690
粤B036ZE,113.962463,22.542112,691
粤B036ZE,113.965263,22.540998,691
粤B036ZE,113.965218,22.54101,692
粤B036ZE,113.96524,22.541044,693
粤B036ZE,113.965256,22.54101,694
粤B036ZE,113.96524,22.541033,695
粤B036ZE,113.965218,22.541023,696
粤B036ZE,113.967178,22.540325,697
粤B036ZE,113.965218,22.541023,697
粤B036ZE,113.970947,22.538948,698
粤B036ZE,113.970947,22.538958,699
粤B036ZE,113.970947,22.538958,700
粤B036ZE,113.970955,22.53896,701
粤B036ZE,113.974236,22.537598,703
粤B036ZE,113.970947,22.539026,703
粤B036ZE,113.976006,22.53676,704
粤B036ZE,114.008453,22.536612,704
粤B036ZE,113.976959,22.53639,705
粤B036ZE,113.982063,22.536102,706
粤B036ZE,113.984375,22.536058,707
粤B036ZE,113.989639,22.535641,708
粤B036ZE,113.995895,22.534613,709
粤B036ZE,113.989639,22.535641,709
粤B036ZE,114.002022,22.535633,710
粤B036ZE,114.006264,22.536304,711
粤B036ZE,114.008461,22.536617,712
粤B036ZE,114.008453,22.536612,713
粤B036ZE,114.008453,22.53664,714
粤B036ZE,114.008484,22.536648,714
粤B036ZE,114.014664,22.537771,715
粤B036ZE,114.008484,22.536648,715
粤B036ZE,114.018982,22.537807,716
粤B036ZE,114.01931,22.536392,717
粤B036ZE,114.02047,22.536367,718
粤B036ZE,114.021736,22.53661,719
粤B036ZE,114.022362,22.535137,720
粤B036ZE,114.02182,22.536564,720
粤B036ZE,114.023125,22.534992,721
粤B036ZE,114.022423,22.534952,721
粤B036ZE,114.022362,22.535137,721
粤B036ZE,114.025269,22.532072,722
粤B036ZE,114.030975,22.527021,723
粤B036ZE,114.0289,22.526461,724
粤B036ZE,114.027397,22.525511,725
粤B036ZE,114.027084,22.525204,726
粤B036ZE,114.027405,22.525482,726
粤B036ZE,114.027084,22.525204,727
粤B036ZE,114.025627,22.526304,727
粤B036ZE,114.024521,22.526871,728
粤B036ZE,114.023972,22.52597,729
粤B036ZE,114.024406,22.523293,730
粤B036ZE,114.02874,22.520899,731
粤B036ZE,114.034309,22.517935,732
粤B036ZE,114.034309,22.517935,733
粤B036ZE,114.038124,22.515841,733
粤B036ZE,114.040886,22.514874,734
粤B036ZE,114.049995,22.5144,735
粤B036ZE,114.054581,22.515182,736
粤B036ZE,114.05098,22.517805,736
粤B036ZE,114.055389,22.514132,737
粤B036ZE,114.058868,22.51593,738
粤B036ZE,114.06176,22.518381,739
粤B036ZE,114.058868,22.51593,739
粤B036ZE,114.061836,22.51857,740
粤B036ZE,114.060135,22.518494,741
粤B036ZE,114.055603,22.515825,742
粤B036ZE,114.05127,22.514473,743
粤B036ZE,114.051025,22.515301,744
粤B036ZE,114.051025,22.515301,745
粤B036ZE,114.050758,22.516438,745
粤B036ZE,114.05098,22.517805,745
粤B036ZE,114.051208,22.521112,746
粤B036ZE,114.051567,22.525473,747
粤B036ZE,114.051605,22.52825,748
粤B036ZE,114.051361,22.534904,749
粤B036ZE,114.050995,22.531788,750
粤B036ZE,114.048096,22.532043,751
粤B036ZE,114.048096,22.532043,751
粤B036ZE,114.050995,22.531788,751
粤B036ZE,114.048096,22.532043,757
粤B036ZE,114.048096,22.532043,763
粤B036ZE,114.048096,22.532043,767
粤B036ZE,114.048096,22.532043,769
粤B036ZE,114.048096,22.532043,774
粤B036ZE,114.048096,22.532043,781
粤B036ZE,114.048096,22.532043,786
粤B036ZE,114.047829,22.537203,793
粤B036ZE,114.052155,22.537197,794
粤B036ZE,114.050339,22.537291,795
粤B036ZE,114.05336,22.535856,796
粤B036ZE,114.053337,22.535683,797
粤B036ZE,114.053329,22.535595,797
粤B036ZE,114.055336,22.535288,798
粤B036ZE,114.055336,22.535288,798
粤B036ZE,114.064049,22.531403,800
粤B036ZE,114.067078,22.527122,801
粤B036ZE,114.067162,22.522326,802
粤B036ZE,114.068054,22.522141,804
粤B036ZE,114.068054,22.522141,805
粤B036ZE,114.06617,22.524242,805
粤B036ZE,114.068146,22.523643,806
粤B036ZE,114.068466,22.523783,808
粤B036ZE,114.068436,22.523829,809
粤B036ZE,114.068459,22.523951,810
粤B036ZE,114.068459,22.523951,810
粤B036ZE,114.068497,22.524057,811
粤B036ZE,114.068497,22.524118,812
粤B036ZE,114.068253,22.524239,813
粤B036ZE,114.068321,22.531332,814
粤B036ZE,114.068176,22.524261,814
粤B036ZE,114.068169,22.524269,815
粤B036ZE,114.067703,22.524401,816
粤B036ZE,114.067703,22.524401,816
粤B036ZE,114.067741,22.524061,817
粤B036ZE,114.067719,22.524046,818
粤B036ZE,114.068184,22.524021,819
粤B036ZE,114.0681,22.523758,820
粤B036ZE,114.067909,22.523838,821
粤B036ZE,114.067497,22.524549,822
粤B036ZE,114.067497,22.524549,822
粤B036ZE,114.068321,22.531332,823
粤B036ZE,114.069145,22.531996,824
粤B036ZE,114.064247,22.531893,825
粤B036ZE,114.059029,22.53171,826
粤B036ZE,114.051125,22.531588,827
粤B036ZE,114.040359,22.530935,828
粤B036ZE,114.040359,22.530935,829
粤B036ZE,114.029449,22.530409,829
粤B036ZE,114.018547,22.53178,830
粤B036ZE,114.007057,22.529655,831
粤B036ZE,113.996704,22.528957,832
粤B036ZE,113.986832,22.524006,833
粤B036ZE,113.976677,22.522873,835
粤B036ZE,113.963478,22.522888,835
粤B036ZE,113.926323,22.48629,844
粤B036ZE,113.925629,22.483225,845
粤B036ZE,113.945404,22.49004,846
粤B036ZE,113.925568,22.483114,846
粤B036ZE,113.925568,22.483114,847
粤B036ZE,113.926239,22.486307,847
粤B036ZE,113.927956,22.488932,848
粤B036ZE,113.931107,22.489323,849
粤B036ZE,113.931503,22.489912,850
粤B036ZE,113.930229,22.493153,851
粤B036ZE,113.93087,22.491108,852
粤B036ZE,113.930832,22.491142,852
粤B036ZE,113.93087,22.491108,852
粤B036ZE,113.93486,22.485634,853
粤B036ZE,113.939323,22.489487,854
粤B036ZE,113.945404,22.49004,855
粤B036ZE,113.946495,22.497343,856
粤B036ZE,113.946556,22.505783,857
粤B036ZE,113.947304,22.512032,858
粤B036ZE,113.947304,22.512032,858
粤B036ZE,113.948807,22.520441,859
粤B036ZE,113.952454,22.523396,860
粤B036ZE,114.055931,22.531418,861
粤B036ZE,113.961823,22.522627,861
粤B036ZE,113.971657,22.522724,862
粤B036ZE,113.982147,22.522911,863
粤B036ZE,113.991798,22.525887,864
粤B036ZE,113.991798,22.525887,864
粤B036ZE,114.000618,22.529997,865
粤B036ZE,114.011612,22.530153,866
粤B036ZE,114.021332,22.532047,867
粤B036ZE,114.030617,22.530195,868
粤B036ZE,114.040741,22.530943,869
粤B036ZE,114.049301,22.531282,870
粤B036ZE,114.049301,22.531282,870
粤B036ZE,114.055931,22.531418,871
粤B036ZE,114.059013,22.528595,872
粤B036ZE,114.058235,22.53326,873
粤B036ZE,114.058128,22.535473,874
粤B036ZE,114.057755,22.53685,875
粤B036ZE,114.057755,22.53685,876
粤B036ZE,114.057701,22.536873,876
粤B036ZE,114.05793,22.537481,877
粤B036ZE,114.057922,22.537495,877
粤B036ZE,114.058121,22.537031,878
粤B036ZE,114.057785,22.536045,879
粤B036ZE,114.056595,22.536013,880
粤B036ZE,114.056175,22.537449,881
粤B036ZE,114.05677,22.537609,882
粤B036ZE,114.056175,22.537449,882
粤B036ZE,114.056793,22.537653,883
粤B036ZE,114.056747,22.537546,884
粤B036ZE,114.056709,22.537483,885
粤B036ZE,114.056747,22.537542,886
粤B036ZE,114.057022,22.537693,887
粤B036ZE,114.056679,22.537729,887
粤B036ZE,114.057022,22.537693,888
粤B036ZE,114.05677,22.537252,888
粤B036ZE,114.057671,22.537237,889
粤B036ZE,114.057991,22.542233,890
粤B036ZE,114.057793,22.545376,891
粤B036ZE,114.057678,22.546169,892
粤B036ZE,114.051094,22.548956,894
粤B036ZE,114.051094,22.548956,894
粤B036ZE,114.051102,22.549011,895
粤B036ZE,114.05088,22.549482,896
粤B036ZE,114.051003,22.549444,896
粤B036ZE,114.050491,22.547537,897
粤B036ZE,114.047791,22.545446,898
粤B036ZE,114.049911,22.545465,899
粤B036ZE,114.076057,22.543011,909
粤B036ZE,114.05217,22.540422,911
粤B036ZE,114.052177,22.540407,912
粤B036ZE,114.05217,22.540422,912
粤B036ZE,114.052094,22.540424,913
粤B036ZE,114.051964,22.540432,913
粤B036ZE,114.051361,22.541109,914
粤B036ZE,114.056999,22.54244,915
粤B036ZE,114.064781,22.542757,916
粤B036ZE,114.073494,22.542942,917
粤B036ZE,114.076057,22.543011,918
粤B036ZE,114.073494,22.542942,918
粤B036ZE,114.078537,22.543053,919
粤B036ZE,114.081123,22.543144,920
粤B036ZE,114.082085,22.543167,921
粤B036ZE,114.084274,22.543106,922
粤B036ZE,114.08445,22.543114,922
粤B036ZE,114.085564,22.54351,923
粤B036ZE,114.086761,22.543421,924
粤B036ZE,114.088585,22.54343,924
粤B036ZE,114.086761,22.543421,924
粤B036ZE,114.091278,22.547062,925
粤B036ZE,114.090919,22.551163,926
粤B036ZE,114.091133,22.551687,927
粤B036ZE,114.091194,22.556524,928
粤B036ZE,114.096161,22.558493,929
粤B036ZE,114.099457,22.560492,930
粤B036ZE,114.096161,22.558493,930
粤B036ZE,114.099426,22.561098,931
粤B036ZE,114.100662,22.561529,932
粤B036ZE,114.100647,22.56156,932
粤B036ZE,114.101715,22.561657,933
粤B036ZE,114.102669,22.561684,934
粤B036ZE,114.102806,22.561672,934
粤B036ZE,114.103683,22.561724,935
粤B036ZE,114.103683,22.561724,936
粤B036ZE,114.103973,22.561596,936
粤B036ZE,114.103973,22.5599,937
粤B036ZE,114.104004,22.555525,938
粤B036ZE,114.104149,22.553734,939
粤B036ZE,114.105621,22.553711,940
粤B036ZE,114.110687,22.538122,940
粤B036ZE,114.107178,22.552832,942
粤B036ZE,114.107712,22.549494,943
粤B036ZE,114.107773,22.547703,944
粤B036ZE,114.108452,22.547203,945
粤B036ZE,114.109917,22.543938,946
粤B036ZE,114.109985,22.541952,947
粤B036ZE,114.109985,22.541952,948
粤B036ZE,114.110092,22.541927,948
粤B036ZE,114.110687,22.538122,949
粤B036ZE,114.111069,22.536692,950
粤B036ZE,114.111069,22.534027,951
粤B036ZE,114.111,22.533922,952
粤B036ZE,114.110985,22.533911,953
粤B036ZE,114.110985,22.533911,954
粤B036ZE,114.110886,22.533833,954
粤B036ZE,114.11116,22.53404,955
粤B036ZE,114.110954,22.536518,956
粤B036ZE,114.111076,22.533939,956
粤B036ZE,114.110977,22.533819,957
粤B036ZE,114.110893,22.533806,958
粤B036ZE,114.111008,22.533863,959
粤B036ZE,114.111008,22.533863,960
粤B036ZE,114.111038,22.533897,960
粤B036ZE,114.111115,22.533934,961
粤B036ZE,114.110954,22.536518,965
粤B036ZE,114.110954,22.536518,966
粤B036ZE,114.110825,22.538841,966
粤B036ZE,114.110413,22.538054,967
粤B036ZE,114.111053,22.53569,968
粤B036ZE,114.111282,22.534201,969
粤B036ZE,114.111244,22.534143,970
粤B036ZE,114.11097,22.533964,971
粤B036ZE,114.111252,22.533747,972
粤B036ZE,114.11097,22.533964,972
粤B036ZE,114.110611,22.533781,972
粤B036ZE,114.110519,22.533709,973
粤B036ZE,114.111412,22.53219,974
粤B036ZE,114.111229,22.535137,975
粤B036ZE,114.111275,22.535673,976
粤B036ZE,114.110725,22.538816,977
粤B036ZE,114.110603,22.538652,978
粤B036ZE,114.110725,22.538816,978
粤B036ZE,114.111053,22.536585,979
粤B036ZE,114.11113,22.535629,980
粤B036ZE,114.111252,22.533747,981
粤B036ZE,114.111809,22.532162,982
粤B036ZE,114.11129,22.535431,983
粤B036ZE,114.11129,22.535431,984
粤B036ZE,114.111099,22.53651,984
粤B036ZE,114.111145,22.535692,985
粤B036ZE,114.111137,22.535507,986
粤B036ZE,114.146294,22.554976,987
粤B036ZE,114.146294,22.557062,987
粤B036ZE,114.112007,22.531609,987
粤B036ZE,114.11116,22.535446,987
粤B036ZE,114.116112,22.535473,988
粤B036ZE,114.118233,22.537264,989
粤B036ZE,114.118233,22.537264,990
粤B036ZE,114.121155,22.539127,990
粤B036ZE,114.131844,22.545307,992
粤B036ZE,114.143837,22.555355,995
粤B036ZE,114.146294,22.554976,996
粤B036ZE,114.131844,22.545307,996
粤B036ZE,114.146324,22.557087,997
粤B036ZE,114.146294,22.557062,997
粤B036ZE,114.146378,22.557182,998
粤B036ZE,114.140984,22.555872,999
粤B036ZE,114.135139,22.558582,1000
粤B036ZE,114.135178,22.558603,1002
粤B036ZE,114.119034,22.554243,1003
粤B036ZE,114.13179,22.562086,1003
粤B036ZE,114.120987,22.558514,1006
粤B036ZE,114.11692,22.558878,1007
粤B036ZE,114.116905,22.559177,1007
粤B036ZE,114.114967,22.560129,1008
粤B036ZE,114.11692,22.558878,1008
粤B036ZE,114.116608,22.56012,1009
粤B036ZE,114.117989,22.560696,1010
粤B036ZE,114.119499,22.560228,1011
粤B036ZE,114.120392,22.558132,1012
粤B036ZE,114.119034,22.554243,1013
粤B036ZE,114.11853,22.553207,1014
粤B036ZE,114.119034,22.554243,1014
粤B036ZE,114.117905,22.552149,1015
粤B036ZE,114.117119,22.551157,1016
粤B036ZE,114.116768,22.549059,1017
粤B036ZE,114.117378,22.545471,1019
粤B036ZE,114.117378,22.545471,1020
粤B036ZE,114.115921,22.544838,1029
粤B036ZE,114.115929,22.544781,1030
粤B036ZE,114.115982,22.544769,1030
粤B036ZE,114.113762,22.544336,1031
粤B036ZE,114.113762,22.545298,1032
粤B036ZE,114.113762,22.544336,1032
粤B036ZE,114.113762,22.545279,1033
粤B036ZE,114.104576,22.553291,1034
粤B036ZE,114.113426,22.545813,1034
粤B036ZE,114.107849,22.548241,1036
粤B036ZE,114.106514,22.551542,1037
粤B036ZE,114.106125,22.552971,1038
粤B036ZE,114.106514,22.551542,1038
粤B036ZE,114.105995,22.55344,1039
粤B036ZE,114.104561,22.553091,1040
粤B036ZE,114.104576,22.553291,1041
粤B036ZE,114.104576,22.553291,1044
粤B036ZE,114.099709,22.555134,1044
粤B036ZE,114.099701,22.555119,1045
粤B036ZE,114.099442,22.556337,1046
粤B036ZE,114.10421,22.558605,1047
粤B036ZE,114.110893,22.558743,1048
粤B036ZE,114.115402,22.578907,1050
粤B036ZE,114.110893,22.558743,1050
粤B036ZE,114.11779,22.568792,1051
粤B036ZE,114.116722,22.576824,1052
粤B036ZE,114.113419,22.584232,1053
粤B036ZE,114.111778,22.585184,1054
粤B036ZE,114.112999,22.58432,1055
粤B036ZE,114.112999,22.58432,1056
粤B036ZE,114.113571,22.583616,1056
粤B036ZE,114.113892,22.583059,1057
粤B036ZE,114.114265,22.581961,1058
粤B036ZE,114.115082,22.57938,1059
粤B036ZE,114.115158,22.57922,1060
粤B036ZE,114.115402,22.578907,1060
粤B036ZE,114.112434,22.576647,1061
粤B036ZE,114.112434,22.576647,1062
粤B036ZE,114.10582,22.574209,1062
粤B036ZE,114.100426,22.571075,1063
粤B036ZE,114.097412,22.56975,1064
粤B036ZE,114.095505,22.568935,1065
粤B036ZE,114.053108,22.586191,1066
粤B036ZE,114.092148,22.568075,1066
粤B036ZE,114.085007,22.570244,1068
粤B036ZE,114.086662,22.567696,1068
粤B036ZE,114.080986,22.572609,1069
粤B036ZE,114.075516,22.572201,1070
粤B036ZE,114.070107,22.569628,1071
粤B036ZE,114.067642,22.570957,1072
粤B036ZE,114.065689,22.576477,1073
粤B036ZE,114.067642,22.570957,1074
粤B036ZE,114.056114,22.579189,1074
粤B036ZE,114.053108,22.586191,1075
粤B036ZE,114.048538,22.592308,1076
粤B036ZE,114.046684,22.597908,1077
粤B036ZE,114.04364,22.601524,1078
粤B036ZE,114.040291,22.605391,1080
粤B036ZE,114.04364,22.601524,1080
粤B036ZE,114.039688,22.607872,1081
粤B036ZE,114.039665,22.607866,1081
粤B036ZE,114.043755,22.601816,1082
粤B036ZE,114.043053,22.603222,1082
粤B036ZE,114.03891,22.607637,1082
粤B036ZE,114.038918,22.607649,1083
粤B036ZE,114.041267,22.603996,1084
粤B036ZE,114.043114,22.601307,1085
粤B036ZE,114.043114,22.601307,1086
粤B036ZE,114.043663,22.600449,1089
粤B036ZE,114.044006,22.60013,1090
粤B036ZE,114.043755,22.601816,1091
粤B036ZE,114.043053,22.603222,1092
粤B036ZE,114.044006,22.60013,1092
粤B036ZE,114.039085,22.606867,1093
粤B036ZE,114.035355,22.605984,1094
粤B036ZE,114.032112,22.608723,1095
粤B036ZE,114.028343,22.612036,1096
粤B036ZE,114.02417,22.604053,1113
粤B036ZE,113.98307,22.560013,1113
粤B036ZE,114.025475,22.597561,1114
粤B036ZE,114.018875,22.592505,1115
粤B036ZE,114.018875,22.592505,1116
粤B036ZE,114.009094,22.590242,1116
粤B036ZE,113.997902,22.590136,1117
粤B036ZE,113.989464,22.586975,1118
粤B036ZE,113.984108,22.586668,1119
粤B036ZE,113.98716,22.566259,1122
粤B036ZE,113.98307,22.560013,1123
粤B036ZE,113.976074,22.557037,1124
粤B036ZE,113.967995,22.557669,1125
粤B036ZE,113.957802,22.556658,1126
粤B036ZE,113.953445,22.556549,1127
粤B036ZE,113.953445,22.556549,1128
粤B036ZE,113.95266,22.556894,1128
粤B036ZE,113.954391,22.549768,1129
粤B036ZE,113.949425,22.527239,1133
粤B036ZE,113.949043,22.524107,1134
粤B036ZE,113.954391,22.549768,1134
粤B036ZE,113.948051,22.516893,1135
粤B036ZE,113.946434,22.508816,1136
粤B036ZE,113.942528,22.508186,1137
粤B036ZE,113.932983,22.51313,1145
粤B036ZE,113.932983,22.51313,1146
粤B036ZE,113.932983,22.51313,1151
粤B036ZE,113.932983,22.51313,1157
粤B036ZE,113.932983,22.51313,1163
粤B036ZE,113.932983,22.51313,1169
粤B036ZE,113.932983,22.51313,1175
粤B036ZE,113.932983,22.51313,1176
粤B036ZE,113.932983,22.51313,1181
粤B036ZE,113.932983,22.51313,1187
粤B036ZE,113.932983,22.51313,1192
粤B036ZE,113.932983,22.51313,1193
粤B036ZE,113.932983,22.51313,1199
粤B036ZE,113.932983,22.51313,1205
粤B036ZE,113.932983,22.51313,1207
粤B036ZE,113.932983,22.51313,1211
粤B036ZE,113.932983,22.51313,1217
粤B036ZE,113.932983,22.51313,1223
粤B036ZE,113.932983,22.51313,1223
粤B036ZE,113.932983,22.51313,1229
粤B036ZE,113.932983,22.51313,1235
粤B036ZE,113.932983,22.51313,1239
粤B036ZE,113.932983,22.51313,1241
粤B036ZE,113.932983,22.51313,1247
粤B036ZE,113.932983,22.51313,1253
粤B036ZE,113.932983,22.51313,1255
粤B036ZE,113.932983,22.51313,1258
粤B036ZE,113.932983,22.51313,1264
粤B036ZE,113.932983,22.51313,1270
粤B036ZE,113.932983,22.51313,1270
粤B036ZE,113.932983,22.51313,1276
粤B036ZE,113.932983,22.51313,1282
粤B036ZE,113.932983,22.51313,1286
粤B036ZE,113.932983,22.51313,1288
粤B036ZE,113.932983,22.51313,1294
粤B036ZE,113.932983,22.51313,1300
粤B036ZE,113.932983,22.51313,1302
粤B036ZE,113.932983,22.51313,1306
粤B036ZE,113.932983,22.51313,1312
粤B036ZE,113.932983,22.51313,1318
粤B036ZE,113.932983,22.51313,1318
粤B036ZE,113.932983,22.51313,1324
粤B036ZE,113.93457,22.517769,1330
粤B036ZE,113.935555,22.520531,1331
粤B036ZE,113.935593,22.52063,1332
粤B036ZE,113.934563,22.518517,1332
粤B036ZE,113.934586,22.518499,1333
粤B036ZE,113.917656,22.504871,1334
粤B036ZE,113.933975,22.516783,1334
粤B036ZE,113.932762,22.513233,1335
粤B036ZE,113.931534,22.508059,1336
粤B036ZE,113.932762,22.513233,1336
粤B036ZE,113.927513,22.508055,1337
粤B036ZE,113.927109,22.508013,1338
粤B036ZE,113.919083,22.507862,1340
粤B036ZE,113.91909,22.507832,1341
粤B036ZE,113.918076,22.506107,1342
粤B036ZE,113.918076,22.506098,1342
粤B036ZE,113.91909,22.507832,1342
粤B036ZE,113.917656,22.504871,1343
粤B036ZE,113.918167,22.505928,1344
粤B036ZE,113.91819,22.505999,1344
粤B036ZE,113.918724,22.507236,1345
粤B036ZE,113.921326,22.513485,1347
粤B036ZE,113.921326,22.513485,1348
粤B036ZE,113.922218,22.517309,1348
粤B036ZE,113.922333,22.518339,1349
粤B036ZE,113.924088,22.523214,1350
粤B036ZE,113.925346,22.532152,1351
粤B036ZE,113.927208,22.540237,1352
粤B036ZE,113.933601,22.542482,1353
粤B036ZE,113.946259,22.542995,1354
粤B036ZE,113.927208,22.540237,1354
粤B036ZE,113.949135,22.543062,1355
粤B036ZE,113.958656,22.543333,1356
粤B036ZE,113.959572,22.54327,1357
粤B036ZE,113.960892,22.544218,1358
粤B036ZE,113.963364,22.544422,1359
粤B036ZE,113.963409,22.54434,1359
粤B036ZE,113.963409,22.54434,1360
粤B036ZE,113.963486,22.543831,1360
粤B036ZE,113.963608,22.543465,1361
粤B036ZE,113.958427,22.543665,1363
粤B036ZE,113.954636,22.546787,1364
粤B036ZE,113.952911,22.557537,1365
粤B036ZE,113.952805,22.565018,1366
粤B036ZE,113.952911,22.557537,1366
粤B036ZE,113.949944,22.571232,1367
粤B036ZE,113.945702,22.571512,1368
粤B036ZE,113.94574,22.571484,1368
粤B036ZE,113.944206,22.571369,1369
粤B036ZE,113.94384,22.571377,1370
粤B036ZE,113.951591,22.567963,1371
粤B036ZE,113.951591,22.567963,1372
粤B036ZE,113.952904,22.561621,1372
粤B036ZE,113.953262,22.553007,1373
粤B036ZE,113.954086,22.542868,1374
粤B036ZE,113.950279,22.538168,1377
粤B036ZE,113.954086,22.542868,1378
粤B036ZE,113.95018,22.538235,1378
粤B036ZE,113.950005,22.537243,1379
粤B036ZE,113.927147,22.538462,1381
粤B036ZE,113.940514,22.536148,1383
粤B036ZE,113.940514,22.536148,1384
粤B036ZE,113.93718,22.535347,1384
粤B036ZE,113.937759,22.533726,1385
粤B036ZE,113.937447,22.534824,1386
粤B036ZE,113.937706,22.534241,1386
粤B036ZE,113.934128,22.532928,1387
粤B036ZE,113.928238,22.528353,1388
粤B036ZE,113.924507,22.529552,1389
粤B036ZE,113.927147,22.538462,1390
粤B036ZE,113.924507,22.529552,1390
粤B036ZE,113.926735,22.544216,1391
粤B036ZE,113.923615,22.543146,1392
粤B036ZE,113.920837,22.543253,1393
粤B036ZE,113.92028,22.543222,1394
粤B036ZE,113.91993,22.543295,1395
粤B036ZE,113.91993,22.543295,1395
粤B036ZE,113.9198,22.543325,1396
粤B036ZE,113.919167,22.543407,1397
粤B036ZE,113.914864,22.543638,1398
粤B036ZE,113.902199,22.546268,1399
粤B036ZE,113.894493,22.554262,1400
粤B036ZE,113.887253,22.561281,1401
粤B036ZE,113.894493,22.554262,1401
粤B036ZE,113.887283,22.561275,1402
粤B036ZE,113.881218,22.56691,1403
粤B036ZE,113.875923,22.571547,1404
粤B036ZE,113.871338,22.574635,1405
粤B036ZE,113.868591,22.575912,1406
粤B036ZE,113.868591,22.575912,1407
粤B036ZE,113.866882,22.573311,1407
粤B036ZE,113.86499,22.574141,1408
粤B036ZE,113.864975,22.57412,1408
粤B036ZE,113.86499,22.574055,1409
粤B036ZE,113.865021,22.574074,1410
粤B036ZE,113.865028,22.574062,1411
粤B036ZE,113.845886,22.596249,1412
粤B036ZE,113.84433,22.599262,1412
粤B036ZE,113.864464,22.573198,1412
粤B036ZE,113.862984,22.574118,1413
粤B036ZE,113.864464,22.573198,1413
粤B036ZE,113.862411,22.579491,1414
粤B036ZE,113.862808,22.579966,1415
粤B036ZE,113.863197,22.580305,1416
粤B036ZE,113.863434,22.580673,1418
粤B036ZE,113.858604,22.58494,1419
粤B036ZE,113.863434,22.580673,1419
粤B036ZE,113.85453,22.587507,1420
粤B036ZE,113.845886,22.596249,1421
粤B036ZE,113.84433,22.599262,1422
粤B036ZE,113.840698,22.606869,1423
粤B036ZE,113.840721,22.606819,1424
粤B036ZE,113.840721,22.606819,1425
粤B036ZE,113.839333,22.609653,1425
粤B036ZE,113.837387,22.613852,1426
粤B036ZE,113.834053,22.619358,1427
粤B036ZE,113.828812,22.616787,1428
粤B036ZE,113.819405,22.612577,1429
粤B036ZE,113.815529,22.615768,1430
粤B036ZE,113.813309,22.619913,1431
粤B036ZE,113.815529,22.615768,1431
粤B036ZE,113.813072,22.620378,1432
粤B036ZE,113.812286,22.621817,1433
粤B036ZE,113.81208,22.622192,1434
粤B036ZE,113.812088,22.622194,1435
粤B036ZE,113.811958,22.622393,1437
