粤BF8511,114.078102,22.533167,7
粤BF8511,114.08683,22.537399,8
粤BF8511,114.07988,22.5362,8
粤BF8511,114.083336,22.537367,8
粤BF8511,114.089935,22.53775,9
粤BF8511,114.090851,22.538,9
粤BF8511,114.090797,22.537951,9
粤BF8511,114.091331,22.53805,10
粤BF8511,114.091866,22.537317,10
粤BF8511,114.091347,22.538033,10
粤BF8511,114.091949,22.538099,11
粤BF8511,114.09227,22.53875,11
粤BF8511,114.09227,22.53875,12
粤BF8511,114.092567,22.538099,12
粤BF8511,114.09227,22.53875,12
粤BF8511,114.093102,22.538067,13
粤BF8511,114.092682,22.538099,13
粤BF8511,114.092918,22.538082,13
粤BF8511,114.093781,22.538033,14
粤BF8511,114.093651,22.538033,14
粤BF8511,114.093651,22.538033,14
粤BF8511,114.094582,22.538,15
粤BF8511,114.094017,22.538033,15
粤BF8511,114.097084,22.53805,15
粤BF8511,114.105148,22.537518,16
粤BF8511,114.101364,22.538134,16
粤BF8511,114.107849,22.537216,16
粤BF8511,114.117386,22.539749,17
粤BF8511,114.111549,22.537901,17
粤BF8511,114.115486,22.538816,17
粤BF8511,114.117485,22.539833,18
粤BF8511,114.117485,22.539833,19
粤BF8511,114.117485,22.539833,19
粤BF8511,114.117485,22.539833,19
粤BF8511,114.117485,22.539833,20
粤BF8511,114.117485,22.539833,20
粤BF8511,114.117485,22.539833,20
粤BF8511,114.117485,22.539833,21
粤BF8511,114.117485,22.539833,21
粤BF8511,114.117485,22.539833,21
粤BF8511,114.118851,22.542133,22
粤BF8511,114.117485,22.539833,22
粤BF8511,114.117485,22.539833,22
粤BF8511,114.117981,22.540951,23
粤BF8511,114.117821,22.539867,23
粤BF8511,114.117569,22.539633,24
粤BF8511,114.120552,22.540716,25
粤BF8511,114.12043,22.540632,25
粤BF8511,114.120552,22.540716,25
粤BF8511,114.120552,22.540716,25
粤BF8511,114.120552,22.540716,26
粤BF8511,114.120552,22.540716,26
粤BF8511,114.120552,22.540716,26
粤BF8511,114.120552,22.540716,27
粤BF8511,114.120552,22.540716,27
粤BF8511,114.120552,22.540716,27
粤BF8511,114.120552,22.540716,28
粤BF8511,114.11898,22.541401,28
粤BF8511,114.117332,22.543249,28
粤BF8511,114.11908,22.541317,29
粤BF8511,114.118782,22.54155,29
粤BF8511,114.116997,22.54365,29
粤BF8511,114.120003,22.540283,30
粤BF8511,114.120483,22.539667,30
粤BF8511,114.120483,22.539667,30
粤BF8511,114.120483,22.539667,31
粤BF8511,114.120483,22.539667,31
粤BF8511,114.1203,22.541433,31
粤BF8511,114.120483,22.539667,31
粤BF8511,114.1203,22.541433,32
粤BF8511,114.120132,22.54175,32
粤BF8511,114.1203,22.541433,32
粤BF8511,114.118935,22.54035,33
粤BF8511,114.118935,22.54035,33
粤BF8511,114.118935,22.54035,33
粤BF8511,114.116348,22.539049,34
粤BF8511,114.117897,22.540033,34
粤BF8511,114.113968,22.538483,34
粤BF8511,114.106567,22.536983,35
粤BF8511,114.110535,22.537817,35
粤BF8511,114.102951,22.538267,35
粤BF8511,114.09005,22.537901,36
粤BF8511,114.098999,22.538168,36
粤BF8511,114.094383,22.538067,36
粤BF8511,114.08197,22.537317,37
粤BF8511,114.079185,22.535467,37
粤BF8511,114.073448,22.531782,38
粤BF8511,114.069321,22.531799,38
粤BF8511,114.077301,22.532217,38
粤BF8511,114.059853,22.531816,39
粤BF8511,114.061897,22.531834,39
粤BF8511,114.065399,22.531851,39
粤BF8511,114.055832,22.531733,40
粤BF8511,114.051903,22.5317,40
粤BF8511,114.048103,22.531651,40
粤BF8511,114.047997,22.536118,41
粤BF8511,114.048431,22.536301,41
粤BF8511,114.047882,22.533951,41
粤BF8511,114.04792,22.537184,42
粤BF8511,114.048019,22.53735,42
粤BF8511,114.048019,22.53735,42
粤BF8511,114.047897,22.537367,42
粤BF8511,114.048019,22.53735,43
粤BF8511,114.048019,22.53735,43
粤BF8511,114.048019,22.53735,44
粤BF8511,114.048233,22.538767,44
粤BF8511,114.048264,22.538767,45
粤BF8511,114.045517,22.541416,46
粤BF8511,114.045517,22.541416,52
粤BF8511,114.048668,22.539667,63
粤BF8511,114.048668,22.539667,64
粤BF8511,114.048668,22.539667,64
粤BF8511,114.053284,22.538282,65
粤BF8511,114.055496,22.537582,65
粤BF8511,114.058281,22.536583,65
粤BF8511,114.059196,22.534567,66
粤BF8511,114.059883,22.534401,66
粤BF8511,114.054214,22.537216,66
粤BF8511,114.059883,22.534401,67
粤BF8511,114.059235,22.533733,67
粤BF8511,114.059883,22.534401,67
粤BF8511,114.059631,22.533733,68
粤BF8511,114.060204,22.533632,68
粤BF8511,114.060699,22.533567,68
粤BF8511,114.061203,22.533501,69
粤BF8511,114.062202,22.533382,69
粤BF8511,114.061699,22.533449,69
粤BF8511,114.062668,22.533318,76
粤BF8511,114.058998,22.531218,76
粤BF8511,114.062515,22.531384,77
粤BF8511,114.069016,22.531717,77
粤BF8511,114.065636,22.531567,77
粤BF8511,114.072998,22.53175,78
粤BF8511,114.078613,22.533783,78
粤BF8511,114.076569,22.531799,78
粤BF8511,114.081764,22.538967,79
粤BF8511,114.081863,22.5366,79
粤BF8511,114.08033,22.536449,79
粤BF8511,114.081818,22.536367,80
粤BF8511,114.081635,22.537067,80
粤BF8511,114.081734,22.538851,80
粤BF8511,114.089066,22.537466,81
粤BF8511,114.093582,22.538033,81
粤BF8511,114.084785,22.5373,81
粤BF8511,114.105598,22.537251,82
粤BF8511,114.102386,22.5382,82
粤BF8511,114.098213,22.538116,82
粤BF8511,114.111732,22.537916,83
粤BF8511,114.108253,22.537268,83
粤BF8511,114.115036,22.538584,83
粤BF8511,114.118919,22.540001,84
粤BF8511,114.117416,22.539551,84
粤BF8511,114.119064,22.540199,84
粤BF8511,114.12072,22.542467,85
粤BF8511,114.120201,22.541468,85
粤BF8511,114.11985,22.541033,85
粤BF8511,114.12133,22.543699,86
粤BF8511,114.121635,22.544683,86
粤BF8511,114.121552,22.545017,93
粤BF8511,114.121552,22.545017,93
粤BF8511,114.121552,22.545017,94
粤BF8511,114.121552,22.545017,94
粤BF8511,114.121552,22.545017,95
粤BF8511,114.121552,22.545017,96
粤BF8511,114.121552,22.545017,97
粤BF8511,114.121552,22.545017,97
粤BF8511,114.121552,22.545017,97
粤BF8511,114.121552,22.545017,98
粤BF8511,114.121552,22.545017,98
粤BF8511,114.121552,22.545017,98
粤BF8511,114.121552,22.545017,99
粤BF8511,114.121552,22.545017,99
粤BF8511,114.121552,22.545017,99
粤BF8511,114.121552,22.545017,100
粤BF8511,114.121552,22.545017,100
粤BF8511,114.121552,22.545017,100
粤BF8511,114.121552,22.545017,101
粤BF8511,114.121552,22.545017,101
粤BF8511,114.121552,22.545017,101
粤BF8511,114.121552,22.545017,102
粤BF8511,114.121552,22.545017,102
粤BF8511,114.121552,22.545017,102
粤BF8511,114.121552,22.545017,103
粤BF8511,114.121552,22.545017,103
粤BF8511,114.121552,22.545017,103
粤BF8511,114.121552,22.545017,104
粤BF8511,114.121552,22.545017,104
粤BF8511,114.121552,22.545017,104
粤BF8511,114.121552,22.545017,105
粤BF8511,114.121552,22.545017,105
粤BF8511,114.121552,22.545017,105
粤BF8511,114.121552,22.545017,106
粤BF8511,114.121552,22.545017,106
粤BF8511,114.121552,22.545017,106
粤BF8511,114.121552,22.545017,107
粤BF8511,114.121552,22.545017,107
粤BF8511,114.121552,22.545017,107
粤BF8511,114.121552,22.545017,108
粤BF8511,114.121552,22.545017,108
粤BF8511,114.121552,22.545017,108
粤BF8511,114.121552,22.545017,109
粤BF8511,114.121552,22.545017,109
粤BF8511,114.121552,22.545017,109
粤BF8511,114.121552,22.545017,110
粤BF8511,114.121552,22.545017,110
粤BF8511,114.121552,22.545017,110
粤BF8511,114.121552,22.545017,111
粤BF8511,114.121552,22.545017,111
粤BF8511,114.121552,22.545017,111
粤BF8511,114.121552,22.545017,111
粤BF8511,114.121552,22.545017,112
粤BF8511,114.121552,22.545017,112
粤BF8511,114.121552,22.545017,112
粤BF8511,114.121552,22.545017,113
粤BF8511,114.121552,22.545017,113
粤BF8511,114.121552,22.545017,113
粤BF8511,114.121552,22.545017,114
粤BF8511,114.121552,22.545017,114
粤BF8511,114.121552,22.545017,114
粤BF8511,114.110748,22.537901,115
粤BF8511,114.106499,22.537033,115
粤BF8511,114.102882,22.538317,115
粤BF8511,114.098633,22.538233,116
粤BF8511,114.089531,22.537867,116
粤BF8511,114.093987,22.538183,116
粤BF8511,114.081032,22.537117,117
粤BF8511,114.078583,22.534401,117
粤BF8511,114.08522,22.537382,117
粤BF8511,114.068184,22.531816,118
粤BF8511,114.07618,22.531767,118
粤BF8511,114.072281,22.531851,118
粤BF8511,114.054749,22.531584,119
粤BF8511,114.059464,22.531668,119
粤BF8511,114.063881,22.531733,119
粤BF8511,114.050018,22.531584,120
粤BF8511,114.045914,22.531633,120
粤BF8511,114.045883,22.531584,120
粤BF8511,114.045914,22.531633,121
粤BF8511,114.043884,22.531433,121
粤BF8511,114.045914,22.531633,121
粤BF8511,114.0345,22.530518,122
粤BF8511,114.039467,22.530951,122
粤BF8511,114.030098,22.530451,122
粤BF8511,114.026299,22.531349,123
粤BF8511,114.025131,22.533068,123
粤BF8511,114.024384,22.535851,123
粤BF8511,114.022781,22.542566,124
粤BF8511,114.023567,22.538933,124
粤BF8511,114.022202,22.544767,124
粤BF8511,114.022202,22.544767,125
粤BF8511,114.017303,22.544451,125
粤BF8511,114.019966,22.5448,125
粤BF8511,114.014214,22.549583,126
粤BF8511,114.013985,22.550068,126
粤BF8511,114.016281,22.546618,126
粤BF8511,114.016335,22.5495,127
粤BF8511,114.015717,22.549618,127
粤BF8511,114.016335,22.5495,127
粤BF8511,114.016335,22.5495,127
粤BF8511,114.015465,22.544216,132
粤BF8511,114.015465,22.544216,132
粤BF8511,114.015465,22.544216,132
粤BF8511,114.015465,22.544216,133
粤BF8511,114.015465,22.544216,133
粤BF8511,114.015465,22.544216,133
粤BF8511,114.015465,22.544216,134
粤BF8511,114.015465,22.544216,134
粤BF8511,114.015465,22.544216,134
粤BF8511,114.015465,22.544216,135
粤BF8511,114.015465,22.544216,135
粤BF8511,114.015465,22.544216,135
粤BF8511,114.015465,22.544216,136
粤BF8511,114.015465,22.544216,136
粤BF8511,114.015465,22.544216,136
粤BF8511,114.015465,22.544216,137
粤BF8511,114.015465,22.544216,137
粤BF8511,114.015465,22.544216,137
粤BF8511,114.015465,22.544216,138
粤BF8511,114.015465,22.544216,138
粤BF8511,114.015465,22.544216,138
粤BF8511,114.015465,22.544216,139
粤BF8511,114.015465,22.544216,139
粤BF8511,114.015465,22.544216,139
粤BF8511,114.015465,22.544216,140
粤BF8511,114.015465,22.544216,140
粤BF8511,114.015465,22.544216,140
粤BF8511,114.033882,22.545584,141
粤BF8511,114.035286,22.543934,141
粤BF8511,114.035133,22.545017,141
粤BF8511,114.035751,22.541668,142
粤BF8511,114.035614,22.541933,142
粤BF8511,114.03537,22.542601,142
粤BF8511,114.038185,22.542049,143
粤BF8511,114.039932,22.541651,143
粤BF8511,114.04023,22.541134,151
粤BF8511,114.04023,22.541134,155
粤BF8511,114.04023,22.541134,155
粤BF8511,114.04023,22.541134,155
粤BF8511,114.04023,22.541134,155
粤BF8511,114.04023,22.541134,156
粤BF8511,114.04023,22.541134,156
粤BF8511,114.04023,22.541134,156
粤BF8511,114.04023,22.541134,157
粤BF8511,114.04023,22.541134,157
粤BF8511,114.04023,22.541134,157
粤BF8511,114.04023,22.541134,169
粤BF8511,114.04023,22.541134,169
粤BF8511,114.04023,22.541134,169
粤BF8511,114.04023,22.541134,170
粤BF8511,114.04023,22.541134,170
粤BF8511,114.04023,22.541134,170
粤BF8511,114.04023,22.541134,171
粤BF8511,114.04023,22.541134,171
粤BF8511,114.04023,22.541134,172
粤BF8511,114.04023,22.541134,172
粤BF8511,114.04023,22.541134,173
粤BF8511,114.04023,22.541134,173
粤BF8511,114.04023,22.541134,173
粤BF8511,114.04023,22.541134,174
粤BF8511,114.04023,22.541134,174
粤BF8511,114.04023,22.541134,175
粤BF8511,114.04023,22.541134,177
粤BF8511,114.04023,22.541134,177
粤BF8511,114.04023,22.541134,178
粤BF8511,114.04023,22.541134,178
粤BF8511,114.04023,22.541134,179
粤BF8511,114.04023,22.541134,192
粤BF8511,114.04023,22.541134,192
粤BF8511,114.04023,22.541134,192
粤BF8511,114.04023,22.541134,193
粤BF8511,114.04023,22.541134,193
粤BF8511,114.04023,22.541134,193
粤BF8511,114.04023,22.541134,194
粤BF8511,114.04023,22.541134,194
粤BF8511,114.04023,22.541134,194
粤BF8511,114.04023,22.541134,195
粤BF8511,114.04023,22.541134,195
粤BF8511,114.04023,22.541134,195
粤BF8511,114.04023,22.541134,196
粤BF8511,114.04023,22.541134,196
粤BF8511,114.04023,22.541134,196
粤BF8511,114.04023,22.541134,197
粤BF8511,114.04023,22.541134,197
粤BF8511,114.04023,22.541134,197
粤BF8511,114.04023,22.541134,198
粤BF8511,114.04023,22.541134,198
粤BF8511,114.04023,22.541134,198
粤BF8511,114.04023,22.541134,199
粤BF8511,114.04023,22.541134,199
粤BF8511,114.04023,22.541134,199
粤BF8511,114.04023,22.541134,200
粤BF8511,114.04023,22.541134,200
粤BF8511,114.04023,22.541134,200
粤BF8511,114.04023,22.541134,201
粤BF8511,114.04023,22.541134,201
粤BF8511,114.04023,22.541134,201
粤BF8511,114.04023,22.541134,202
粤BF8511,114.04023,22.541134,202
粤BF8511,114.04023,22.541134,202
粤BF8511,114.04023,22.541134,203
粤BF8511,114.04023,22.541134,203
粤BF8511,114.04023,22.541134,203
粤BF8511,114.04023,22.541134,204
粤BF8511,114.04023,22.541134,204
粤BF8511,114.04023,22.541134,204
粤BF8511,114.04023,22.541134,205
粤BF8511,114.04023,22.541134,205
粤BF8511,114.04023,22.541134,205
粤BF8511,114.04023,22.541134,206
粤BF8511,114.04023,22.541134,206
粤BF8511,114.04023,22.541134,206
粤BF8511,114.04023,22.541134,207
粤BF8511,114.04023,22.541134,207
粤BF8511,114.04023,22.541134,207
粤BF8511,114.04023,22.541134,208
粤BF8511,114.04023,22.541134,208
粤BF8511,114.04023,22.541134,208
粤BF8511,114.04023,22.541134,208
粤BF8511,114.04023,22.541134,209
粤BF8511,114.04023,22.541134,209
粤BF8511,114.04023,22.541134,209
粤BF8511,114.067032,22.538633,210
粤BF8511,114.04023,22.541134,210
粤BF8511,114.04023,22.541134,210
粤BF8511,114.070816,22.538651,211
粤BF8511,114.072098,22.537434,211
粤BF8511,114.072632,22.535868,211
粤BF8511,114.073631,22.536917,212
粤BF8511,114.073616,22.536751,212
粤BF8511,114.073532,22.536066,212
粤BF8511,114.073616,22.536682,212
粤BF8511,114.073631,22.537001,217
粤BF8511,114.073631,22.537001,218
粤BF8511,114.073631,22.537001,218
粤BF8511,114.073631,22.537001,218
粤BF8511,114.073631,22.537001,219
粤BF8511,114.091454,22.543417,219
粤BF8511,114.073631,22.537001,219
粤BF8511,114.097786,22.543516,220
粤BF8511,114.094254,22.543501,220
粤BF8511,114.099586,22.543516,220
粤BF8511,114.10125,22.543633,221
粤BF8511,114.099586,22.543516,221
粤BF8511,114.099586,22.543516,221
粤BF8511,114.106102,22.544649,222
粤BF8511,114.104713,22.54435,222
粤BF8511,114.106102,22.544649,222
粤BF8511,114.106102,22.544649,223
粤BF8511,114.106102,22.544649,223
粤BF8511,114.106216,22.544718,223
粤BF8511,114.1082,22.550449,224
粤BF8511,114.1082,22.548367,224
粤BF8511,114.106033,22.546932,224
粤BF8511,114.107849,22.5494,225
粤BF8511,114.107803,22.549351,225
粤BF8511,114.107834,22.549383,225
粤BF8511,114.107468,22.549368,229
粤BF8511,114.107468,22.549368,230
粤BF8511,114.107468,22.549368,230
粤BF8511,114.107468,22.549368,230
粤BF8511,114.091133,22.551767,231
粤BF8511,114.107468,22.549368,231
粤BF8511,114.091133,22.551767,231
粤BF8511,114.091133,22.551767,232
粤BF8511,114.091133,22.551767,232
粤BF8511,114.09095,22.551767,232
粤BF8511,114.090797,22.549967,233
粤BF8511,114.087685,22.549282,233
粤BF8511,114.089951,22.548117,233
粤BF8511,114.083931,22.549267,234
粤BF8511,114.086052,22.549316,234
粤BF8511,114.081253,22.549183,235
粤BF8511,114.076248,22.549133,237
粤BF8511,114.076263,22.549049,237
粤BF8511,114.071465,22.547983,238
粤BF8511,114.076019,22.547268,238
粤BF8511,114.073586,22.547617,238
粤BF8511,114.071365,22.54565,239
粤BF8511,114.071533,22.547434,239
粤BF8511,114.071648,22.547068,239
粤BF8511,114.071335,22.544634,240
粤BF8511,114.071716,22.543983,240
粤BF8511,114.070847,22.545601,240
粤BF8511,114.067436,22.5438,241
粤BF8511,114.0718,22.543182,241
粤BF8511,114.069237,22.543133,241
粤BF8511,114.067802,22.53875,242
粤BF8511,114.068016,22.540567,242
粤BF8511,114.067802,22.53875,242
粤BF8511,114.066681,22.538584,243
粤BF8511,114.063019,22.537533,243
粤BF8511,114.065102,22.537983,243
粤BF8511,114.06292,22.5352,244
粤BF8511,114.06292,22.528982,244
粤BF8511,114.063019,22.532417,244
粤BF8511,114.062836,22.524717,245
粤BF8511,114.062836,22.524717,245
粤BF8511,114.063065,22.526333,245
粤BF8511,114.062836,22.524717,246
粤BF8511,114.062836,22.524717,246
粤BF8511,114.062836,22.524717,246
粤BF8511,114.062836,22.524717,247
粤BF8511,114.062836,22.524717,247
粤BF8511,114.062836,22.524717,247
粤BF8511,114.062836,22.524717,248
粤BF8511,114.062836,22.524717,248
粤BF8511,114.062836,22.524717,248
粤BF8511,114.062836,22.524717,249
粤BF8511,114.062836,22.524717,249
粤BF8511,114.062836,22.524717,249
粤BF8511,114.062836,22.524717,250
粤BF8511,114.062836,22.524717,250
粤BF8511,114.062836,22.524717,250
粤BF8511,114.062836,22.524717,251
粤BF8511,114.062836,22.524717,251
粤BF8511,114.062836,22.524717,251
粤BF8511,114.062836,22.524717,252
粤BF8511,114.062836,22.524717,252
粤BF8511,114.062836,22.524717,252
粤BF8511,114.062836,22.524717,253
粤BF8511,114.062836,22.524717,253
粤BF8511,114.062836,22.524717,253
粤BF8511,114.062836,22.524717,254
粤BF8511,114.062836,22.524717,254
粤BF8511,114.062836,22.524717,254
粤BF8511,114.062836,22.524717,255
粤BF8511,114.062836,22.524717,255
粤BF8511,114.062836,22.524717,255
粤BF8511,114.062836,22.524717,256
粤BF8511,114.062836,22.524717,256
粤BF8511,114.062836,22.524717,256
粤BF8511,114.062836,22.524717,257
粤BF8511,114.062836,22.524717,257
粤BF8511,114.062836,22.524717,257
粤BF8511,114.062836,22.524717,258
粤BF8511,114.062836,22.524717,258
粤BF8511,114.062836,22.524717,258
粤BF8511,114.062569,22.523132,267
粤BF8511,114.061066,22.521317,267
粤BF8511,114.0634,22.524717,267
粤BF8511,114.060684,22.521017,268
粤BF8511,114.05822,22.519617,268
粤BF8511,114.061066,22.521317,268
粤BF8511,114.050781,22.518284,269
粤BF8511,114.054337,22.518417,269
粤BF8511,114.050369,22.518467,269
粤BF8511,114.045135,22.519466,270
粤BF8511,114.050369,22.518467,270
粤BF8511,114.048882,22.518383,270
粤BF8511,114.042099,22.521017,271
粤BF8511,114.042053,22.521067,271
粤BF8511,114.040497,22.521917,271
粤BF8511,114.036835,22.523216,272
粤BF8511,114.03775,22.523382,272
粤BF8511,114.037651,22.523434,272
粤BF8511,114.035202,22.522133,273
粤BF8511,114.032883,22.522833,273
粤BF8511,114.033966,22.5222,273
粤BF8511,114.031036,22.523783,274
粤BF8511,114.031181,22.523899,274
粤BF8511,114.031319,22.5238,274
粤BF8511,114.026787,22.523399,275
粤BF8511,114.028519,22.522367,275
粤BF8511,114.0298,22.5221,275
粤BF8511,114.024902,22.52445,276
粤BF8511,114.026154,22.523701,276
粤BF8511,114.023666,22.5252,276
粤BF8511,114.023537,22.525284,288
粤BF8511,114.023537,22.525284,288
粤BF8511,114.032516,22.525932,289
粤BF8511,114.032516,22.525932,289
粤BF8511,114.032516,22.525932,289
粤BF8511,114.033386,22.527218,290
粤BF8511,114.032516,22.525932,290
粤BF8511,114.03373,22.528549,290
粤BF8511,114.033318,22.529568,291
粤BF8511,114.033363,22.529417,291
粤BF8511,114.035004,22.530184,291
粤BF8511,114.047699,22.531183,292
粤BF8511,114.043167,22.531099,292
粤BF8511,114.038498,22.530617,292
粤BF8511,114.051765,22.53125,293
粤BF8511,114.053566,22.531384,294
粤BF8511,114.053566,22.531384,295
粤BF8511,114.053566,22.531384,298
粤BF8511,114.049232,22.531651,298
粤BF8511,114.044464,22.531151,299
粤BF8511,114.045647,22.531567,299
粤BF8511,114.043167,22.531782,299
粤BF8511,114.044601,22.52615,300
粤BF8511,114.044853,22.528418,300
粤BF8511,114.043587,22.524151,300
粤BF8511,114.037682,22.523417,301
粤BF8511,114.039986,22.522167,301
粤BF8511,114.04203,22.521816,301
粤BF8511,114.037682,22.523417,302
粤BF8511,114.036934,22.523333,302
粤BF8511,114.037682,22.523417,302
粤BF8511,114.035515,22.522301,303
粤BF8511,114.034164,22.522034,303
粤BF8511,114.03228,22.523167,303
粤BF8511,114.030983,22.523417,304
粤BF8511,114.030365,22.522682,304
粤BF8511,114.030647,22.522949,305
粤BF8511,114.030785,22.523132,305
粤BF8511,114.030983,22.523417,305
粤BF8511,114.030647,22.522949,306
粤BF8511,114.030647,22.522949,306
粤BF8511,114.030563,22.523283,307
粤BF8511,114.030563,22.523283,307
粤BF8511,114.030563,22.523283,307
粤BF8511,114.030563,22.523283,308
粤BF8511,114.030563,22.523283,308
粤BF8511,114.030548,22.523767,313
粤BF8511,114.030548,22.523767,313
粤BF8511,114.030563,22.523283,313
粤BF8511,114.030548,22.523767,314
粤BF8511,114.030548,22.523767,314
粤BF8511,114.030548,22.523767,314
粤BF8511,114.030464,22.522249,315
粤BF8511,114.030617,22.523849,315
粤BF8511,114.030632,22.523867,315
粤BF8511,114.030319,22.528,316
粤BF8511,114.030479,22.527517,316
粤BF8511,114.030434,22.52195,316
粤BF8511,114.03038,22.528851,317
粤BF8511,114.03038,22.528851,317
粤BF8511,114.03038,22.528851,317
粤BF8511,114.03038,22.528851,318
粤BF8511,114.03038,22.528851,318
粤BF8511,114.03038,22.528851,318
粤BF8511,114.03038,22.528851,319
粤BF8511,114.03038,22.528851,319
粤BF8511,114.03038,22.528851,319
粤BF8511,114.03038,22.528851,320
粤BF8511,114.03038,22.528851,320
粤BF8511,114.03038,22.528851,320
粤BF8511,114.03038,22.528851,321
粤BF8511,114.03038,22.528851,321
粤BF8511,114.03038,22.528851,321
粤BF8511,114.03038,22.528851,322
粤BF8511,114.03038,22.528851,322
粤BF8511,114.03038,22.528851,322
粤BF8511,114.03038,22.528851,323
粤BF8511,114.03083,22.518784,323
粤BF8511,114.03038,22.528851,323
粤BF8511,114.03083,22.518784,324
粤BF8511,114.03083,22.518784,324
粤BF8511,114.03083,22.518784,324
粤BF8511,114.030685,22.533716,325
粤BF8511,114.030701,22.528366,325
粤BF8511,114.030685,22.532984,325
粤BF8511,114.030632,22.531218,326
粤BF8511,114.030785,22.5231,326
粤BF8511,114.030785,22.524,326
粤BF8511,114.030701,22.527033,327
粤BF8511,114.030731,22.524866,327
粤BF8511,114.03067,22.528217,327
粤BF8511,114.03067,22.527283,328
粤BF8511,114.03067,22.527517,328
粤BF8511,114.03067,22.527283,328
粤BF8511,114.030701,22.526833,329
粤BF8511,114.03067,22.527283,329
粤BF8511,114.03067,22.527283,329
粤BF8511,114.030716,22.5266,330
粤BF8511,114.030716,22.5266,330
粤BF8511,114.030716,22.5266,330
粤BF8511,114.030716,22.5266,331
粤BF8511,114.030716,22.5266,331
粤BF8511,114.030716,22.5266,331
粤BF8511,114.030716,22.5266,332
粤BF8511,114.030716,22.5266,332
粤BF8511,114.030716,22.5266,332
粤BF8511,114.030716,22.5266,333
粤BF8511,114.030716,22.5266,333
粤BF8511,114.030716,22.5266,333
粤BF8511,114.030716,22.5266,334
粤BF8511,114.030716,22.5266,334
粤BF8511,114.030716,22.5266,334
粤BF8511,114.030716,22.5266,335
粤BF8511,114.030716,22.5266,335
粤BF8511,114.030716,22.5266,335
粤BF8511,114.030716,22.5266,336
粤BF8511,114.030716,22.5266,337
粤BF8511,114.030716,22.5266,337
粤BF8511,114.030716,22.5266,337
粤BF8511,114.030716,22.5266,338
粤BF8511,114.030716,22.5266,338
粤BF8511,114.030716,22.5266,338
粤BF8511,114.030716,22.5266,339
粤BF8511,114.030716,22.5266,339
粤BF8511,114.030716,22.5266,339
粤BF8511,114.030716,22.5266,340
粤BF8511,114.030716,22.5266,340
粤BF8511,114.030716,22.5266,340
粤BF8511,114.030716,22.5266,341
粤BF8511,114.030716,22.5266,341
粤BF8511,114.030716,22.5266,341
粤BF8511,114.030716,22.5266,342
粤BF8511,114.030716,22.5266,342
粤BF8511,114.030716,22.5266,342
粤BF8511,114.030716,22.5266,343
粤BF8511,114.030716,22.5266,343
粤BF8511,114.030716,22.5266,343
粤BF8511,114.030716,22.5266,344
粤BF8511,114.030716,22.5266,344
粤BF8511,114.030716,22.5266,344
粤BF8511,114.030716,22.5266,358
粤BF8511,114.030716,22.5266,359
粤BF8511,114.030716,22.5266,359
粤BF8511,114.030716,22.5266,359
粤BF8511,114.030716,22.5266,360
粤BF8511,114.030716,22.5266,360
粤BF8511,114.030716,22.5266,360
粤BF8511,114.030716,22.5266,361
粤BF8511,114.030716,22.5266,361
粤BF8511,114.030716,22.5266,361
粤BF8511,114.030716,22.5266,362
粤BF8511,114.030716,22.5266,362
粤BF8511,114.030716,22.5266,362
粤BF8511,114.030716,22.5266,363
粤BF8511,114.030716,22.5266,363
粤BF8511,114.030716,22.5266,363
粤BF8511,114.030716,22.5266,364
粤BF8511,114.030716,22.5266,364
粤BF8511,114.030716,22.5266,365
粤BF8511,114.030716,22.5266,366
粤BF8511,114.030716,22.5266,366
粤BF8511,114.030716,22.5266,366
粤BF8511,114.030716,22.5266,367
粤BF8511,114.030716,22.5266,367
粤BF8511,114.030716,22.5266,367
粤BF8511,114.030716,22.5266,368
粤BF8511,114.030716,22.5266,368
粤BF8511,114.030716,22.5266,368
粤BF8511,114.030716,22.5266,369
粤BF8511,114.030716,22.5266,369
粤BF8511,114.030716,22.5266,369
粤BF8511,114.030716,22.5266,370
粤BF8511,114.030716,22.5266,370
粤BF8511,114.030716,22.5266,370
粤BF8511,114.030716,22.5266,371
粤BF8511,114.030716,22.5266,371
粤BF8511,114.030716,22.5266,371
粤BF8511,114.030716,22.5266,372
粤BF8511,114.030716,22.5266,372
粤BF8511,114.030716,22.5266,372
粤BF8511,114.030716,22.5266,373
粤BF8511,114.030716,22.5266,373
粤BF8511,114.030716,22.5266,373
粤BF8511,114.030716,22.5266,374
粤BF8511,114.030716,22.5266,374
粤BF8511,114.030716,22.5266,374
粤BF8511,114.030716,22.5266,375
粤BF8511,114.030716,22.5266,375
粤BF8511,114.030716,22.5266,375
粤BF8511,114.030716,22.5266,386
粤BF8511,114.030716,22.5266,386
粤BF8511,114.030716,22.5266,386
粤BF8511,114.030716,22.5266,387
粤BF8511,114.030716,22.5266,387
粤BF8511,114.030716,22.5266,387
粤BF8511,114.030716,22.5266,388
粤BF8511,114.030716,22.5266,388
粤BF8511,114.030716,22.5266,388
粤BF8511,114.030716,22.5266,389
粤BF8511,114.030716,22.5266,389
粤BF8511,114.030716,22.5266,389
粤BF8511,114.030716,22.5266,390
粤BF8511,114.030716,22.5266,390
粤BF8511,114.030716,22.5266,390
粤BF8511,114.030716,22.5266,391
粤BF8511,114.030716,22.5266,391
粤BF8511,114.030716,22.5266,391
粤BF8511,114.030716,22.5266,392
粤BF8511,114.030716,22.5266,392
粤BF8511,114.030716,22.5266,392
粤BF8511,114.030716,22.5266,393
粤BF8511,114.030716,22.5266,393
粤BF8511,114.030716,22.5266,393
粤BF8511,114.030716,22.5266,394
粤BF8511,114.030716,22.5266,394
粤BF8511,114.030716,22.5266,394
粤BF8511,114.030716,22.5266,395
粤BF8511,114.030716,22.5266,395
粤BF8511,114.030716,22.5266,395
粤BF8511,114.030716,22.5266,396
粤BF8511,114.030716,22.5266,396
粤BF8511,114.030716,22.5266,396
粤BF8511,114.030716,22.5266,397
粤BF8511,114.030716,22.5266,397
粤BF8511,114.030716,22.5266,397
粤BF8511,114.030716,22.5266,398
粤BF8511,114.030716,22.5266,398
粤BF8511,114.030716,22.5266,398
粤BF8511,114.030716,22.5266,399
粤BF8511,114.030716,22.5266,399
粤BF8511,114.030716,22.5266,399
粤BF8511,114.030716,22.5266,400
粤BF8511,114.030716,22.5266,400
粤BF8511,114.030716,22.5266,400
粤BF8511,114.030716,22.5266,401
粤BF8511,114.030716,22.5266,401
粤BF8511,114.030716,22.5266,401
粤BF8511,114.030716,22.5266,402
粤BF8511,114.030716,22.5266,402
粤BF8511,114.030716,22.5266,402
粤BF8511,114.030716,22.5266,403
粤BF8511,114.030716,22.5266,403
粤BF8511,114.030716,22.5266,403
粤BF8511,114.030716,22.5266,404
粤BF8511,114.030716,22.5266,415
粤BF8511,114.030716,22.5266,416
粤BF8511,114.030716,22.5266,416
粤BF8511,114.030716,22.5266,416
粤BF8511,114.030716,22.5266,417
粤BF8511,114.030716,22.5266,417
粤BF8511,114.030716,22.5266,417
粤BF8511,114.030716,22.5266,418
粤BF8511,114.030716,22.5266,418
粤BF8511,114.030716,22.5266,422
粤BF8511,114.030716,22.5266,422
粤BF8511,114.030716,22.5266,422
粤BF8511,114.030716,22.5266,423
粤BF8511,114.030716,22.5266,423
粤BF8511,114.030716,22.5266,424
粤BF8511,114.030716,22.5266,424
粤BF8511,114.030716,22.5266,424
粤BF8511,114.030716,22.5266,425
粤BF8511,114.030716,22.5266,425
粤BF8511,114.030716,22.5266,425
粤BF8511,114.030716,22.5266,426
粤BF8511,114.030716,22.5266,426
粤BF8511,114.030716,22.5266,429
粤BF8511,114.030716,22.5266,433
粤BF8511,114.030716,22.5266,434
粤BF8511,114.030716,22.5266,434
粤BF8511,114.030716,22.5266,434
粤BF8511,114.030716,22.5266,435
粤BF8511,114.030716,22.5266,436
粤BF8511,114.030716,22.5266,436
粤BF8511,114.030716,22.5266,437
粤BF8511,114.030716,22.5266,437
粤BF8511,114.030716,22.5266,437
粤BF8511,114.030716,22.5266,438
粤BF8511,114.030716,22.5266,438
粤BF8511,114.030716,22.5266,438
粤BF8511,114.030716,22.5266,439
粤BF8511,114.030716,22.5266,439
粤BF8511,114.030716,22.5266,439
粤BF8511,114.030716,22.5266,440
粤BF8511,114.030716,22.5266,440
粤BF8511,114.030716,22.5266,440
粤BF8511,114.030464,22.524767,441
粤BF8511,114.030502,22.524817,447
粤BF8511,114.030502,22.524817,447
粤BF8511,114.030502,22.524817,448
粤BF8511,114.030502,22.524817,448
粤BF8511,114.030502,22.524817,448
粤BF8511,114.030502,22.524817,449
粤BF8511,114.030502,22.524817,449
粤BF8511,114.030502,22.524817,449
粤BF8511,114.030502,22.524817,450
粤BF8511,114.030502,22.524817,450
粤BF8511,114.030502,22.524817,451
粤BF8511,114.030502,22.524817,451
粤BF8511,114.030502,22.524817,451
粤BF8511,114.030502,22.524817,452
粤BF8511,114.030502,22.524817,452
粤BF8511,114.030502,22.524817,452
粤BF8511,114.030502,22.524817,453
粤BF8511,114.030502,22.524817,453
粤BF8511,114.030502,22.524817,453
粤BF8511,114.030502,22.524817,454
粤BF8511,114.030502,22.524817,454
粤BF8511,114.030502,22.524817,454
粤BF8511,114.030502,22.524817,455
粤BF8511,114.030502,22.524817,455
粤BF8511,114.030502,22.524817,455
粤BF8511,114.030502,22.524817,456
粤BF8511,114.030502,22.524817,456
粤BF8511,114.030502,22.524817,456
粤BF8511,114.030502,22.524817,457
粤BF8511,114.030502,22.524817,457
粤BF8511,114.030502,22.524817,457
粤BF8511,114.030502,22.524817,458
粤BF8511,114.030502,22.524817,458
粤BF8511,114.030502,22.524817,458
粤BF8511,114.030502,22.524817,459
粤BF8511,114.030502,22.524817,459
粤BF8511,114.030502,22.524817,459
粤BF8511,114.030502,22.524817,460
粤BF8511,114.030502,22.524817,460
粤BF8511,114.030502,22.524817,460
粤BF8511,114.030502,22.524817,461
粤BF8511,114.030502,22.524817,461
粤BF8511,114.030502,22.524817,461
粤BF8511,114.030502,22.524817,462
粤BF8511,114.030502,22.524817,462
粤BF8511,114.030502,22.524817,462
粤BF8511,114.030502,22.524817,463
粤BF8511,114.030502,22.524817,463
粤BF8511,114.030502,22.524817,463
粤BF8511,114.030502,22.524817,464
粤BF8511,114.031319,22.523767,466
粤BF8511,114.0308,22.523582,467
粤BF8511,114.02932,22.522051,467
粤BF8511,114.030014,22.522367,467
粤BF8511,114.028816,22.522367,468
粤BF8511,114.028381,22.522583,468
粤BF8511,114.028816,22.522367,468
粤BF8511,114.027885,22.522783,469
粤BF8511,114.026581,22.52355,469
粤BF8511,114.027267,22.523083,469
粤BF8511,114.025497,22.524099,470
粤BF8511,114.025864,22.523916,470
粤BF8511,114.025436,22.5243,470
粤BF8511,114.027313,22.525883,471
粤BF8511,114.02623,22.524866,471
粤BF8511,114.025848,22.524683,471
粤BF8511,114.027336,22.525433,472
粤BF8511,114.027298,22.525883,472
粤BF8511,114.026619,22.524834,472
粤BF8511,114.026604,22.524733,473
粤BF8511,114.026604,22.524733,473
粤BF8511,114.025764,22.524151,473
粤BF8511,114.026199,22.524651,473
粤BF8511,114.02562,22.523767,474
粤BF8511,114.025818,22.5229,474
粤BF8511,114.02597,22.522284,476
粤BF8511,114.0308,22.52355,476
粤BF8511,114.02597,22.522284,476
粤BF8511,114.031586,22.52425,477
粤BF8511,114.03083,22.523649,477
粤BF8511,114.03083,22.523649,477
粤BF8511,114.032501,22.5259,478
粤BF8511,114.03373,22.527483,478
粤BF8511,114.031967,22.525618,478
粤BF8511,114.035034,22.5291,479
粤BF8511,114.035698,22.529917,480
粤BF8511,114.036613,22.530283,480
粤BF8511,114.035103,22.53005,480
粤BF8511,114.039131,22.530649,481
粤BF8511,114.042915,22.531067,481
粤BF8511,114.046936,22.531349,481
粤BF8511,114.050797,22.53145,482
粤BF8511,114.054535,22.531532,482
粤BF8511,114.058403,22.531549,482
粤BF8511,114.062103,22.531584,483
粤BF8511,114.065987,22.531651,483
粤BF8511,114.108482,22.53735,488
粤BF8511,114.105919,22.53705,488
粤BF8511,114.115669,22.5389,489
粤BF8511,114.110901,22.5378,489
粤BF8511,114.113235,22.538183,489
粤BF8511,114.119331,22.537067,490
粤BF8511,114.120514,22.538067,490
粤BF8511,114.114197,22.542933,491
粤BF8511,114.117065,22.538834,491
粤BF8511,114.113853,22.544567,495
粤BF8511,114.113853,22.544567,499
粤BF8511,114.113853,22.544567,499
粤BF8511,114.113853,22.544567,500
粤BF8511,114.113853,22.544567,500
粤BF8511,114.113853,22.544567,500
粤BF8511,114.113853,22.544567,501
粤BF8511,114.113853,22.544567,501
粤BF8511,114.113853,22.544567,501
粤BF8511,114.113853,22.544567,502
粤BF8511,114.113853,22.544567,502
粤BF8511,114.113853,22.544567,502
粤BF8511,114.113853,22.544567,503
粤BF8511,114.113853,22.544567,503
粤BF8511,114.113853,22.544567,503
粤BF8511,114.113853,22.544567,505
粤BF8511,114.113853,22.544567,505
粤BF8511,114.112297,22.536551,506
粤BF8511,114.113853,22.544567,506
粤BF8511,114.113853,22.544567,506
粤BF8511,114.111717,22.540234,507
粤BF8511,114.11187,22.539083,507
粤BF8511,114.111931,22.538733,507
粤BF8511,114.11187,22.539083,507
粤BF8511,114.11097,22.543266,508
粤BF8511,114.111435,22.541149,508
粤BF8511,114.111549,22.540951,508
粤BF8511,114.111099,22.542299,508
粤BF8511,114.11013,22.5424,509
粤BF8511,114.110153,22.5436,509
粤BF8511,114.11013,22.5424,510
粤BF8511,114.11013,22.5424,510
粤BF8511,114.11013,22.5424,510
粤BF8511,114.11013,22.5424,511
粤BF8511,114.110252,22.542133,511
粤BF8511,114.110466,22.540701,511
粤BF8511,114.110718,22.538651,512
粤BF8511,114.110115,22.537901,512
粤BF8511,114.108833,22.5376,512
粤BF8511,114.107697,22.537251,513
粤BF8511,114.105598,22.536583,513
粤BF8511,114.104149,22.536133,514
粤BF8511,114.104469,22.536234,514
粤BF8511,114.104149,22.536133,514
粤BF8511,114.104149,22.536133,514
粤BF8511,114.104149,22.536133,515
粤BF8511,114.104149,22.536133,515
粤BF8511,114.104149,22.536133,515
粤BF8511,114.104149,22.536133,516
粤BF8511,114.108467,22.536949,516
粤BF8511,114.111687,22.538067,516
粤BF8511,114.109833,22.537666,516
粤BF8511,114.112968,22.538334,518
粤BF8511,114.110252,22.541267,518
粤BF8511,114.109886,22.541483,519
粤BF8511,114.10965,22.541599,519
粤BF8511,114.110703,22.545218,520
粤BF8511,114.10965,22.541599,520
粤BF8511,114.111198,22.543417,520
粤BF8511,114.110229,22.547701,521
粤BF8511,114.109833,22.547783,521
粤BF8511,114.108749,22.54735,521
粤BF8511,114.105736,22.546333,522
粤BF8511,114.107765,22.546984,522
粤BF8511,114.104935,22.5457,522
粤BF8511,114.103447,22.544518,523
粤BF8511,114.102615,22.544201,525
粤BF8511,114.102615,22.544201,525
粤BF8511,114.102615,22.544201,525
粤BF8511,114.102615,22.544201,526
粤BF8511,114.102615,22.544201,526
粤BF8511,114.106201,22.546217,526
粤BF8511,114.102615,22.544201,526
粤BF8511,114.106529,22.54595,527
粤BF8511,114.106781,22.545517,527
粤BF8511,114.106682,22.545616,527
粤BF8511,114.10527,22.548218,528
粤BF8511,114.105034,22.550432,528
粤BF8511,114.106781,22.545517,528
粤BF8511,114.10527,22.551933,529
粤BF8511,114.10527,22.551933,529
粤BF8511,114.105103,22.55155,529
粤BF8511,114.10527,22.551933,531
粤BF8511,114.10527,22.551933,531
粤BF8511,114.10527,22.551933,531
粤BF8511,114.10527,22.551933,532
粤BF8511,114.10527,22.551933,532
粤BF8511,114.10527,22.551933,532
粤BF8511,114.10527,22.551933,533
粤BF8511,114.10527,22.551933,533
粤BF8511,114.10527,22.551933,533
粤BF8511,114.103584,22.553368,534
粤BF8511,114.103554,22.553383,535
粤BF8511,114.103554,22.553383,535
粤BF8511,114.103554,22.553383,536
粤BF8511,114.103554,22.553383,536
粤BF8511,114.103554,22.553383,536
粤BF8511,114.103554,22.553383,537
粤BF8511,114.088264,22.543333,546
粤BF8511,114.091164,22.5434,546
粤BF8511,114.088249,22.543318,547
粤BF8511,114.088249,22.543318,547
粤BF8511,114.088249,22.543318,547
粤BF8511,114.082481,22.543333,548
粤BF8511,114.078499,22.543133,548
粤BF8511,114.086914,22.542883,548
粤BF8511,114.072632,22.542982,549
粤BF8511,114.075218,22.5431,549
粤BF8511,114.076653,22.543533,549
粤BF8511,114.068947,22.542967,550
粤BF8511,114.059853,22.542868,550
粤BF8511,114.064735,22.542917,550
粤BF8511,114.051582,22.542683,551
粤BF8511,114.056519,22.5429,551
粤BF8511,114.055435,22.543083,551
粤BF8511,114.045334,22.542534,552
粤BF8511,114.046936,22.542583,552
粤BF8511,114.044083,22.542549,552
粤BF8511,114.043732,22.543882,553
粤BF8511,114.043686,22.541267,553
粤BF8511,114.044266,22.541401,553
粤BF8511,114.043869,22.542267,554
粤BF8511,114.047218,22.541782,554
粤BF8511,114.045898,22.542233,554
粤BF8511,114.047768,22.541166,555
粤BF8511,114.048119,22.541033,555
粤BF8511,114.047813,22.538168,556
粤BF8511,114.04792,22.539682,556
粤BF8511,114.047836,22.53825,556
粤BF8511,114.04792,22.539534,556
粤BF8511,114.045601,22.537518,557
粤BF8511,114.04335,22.536467,557
粤BF8511,114.047714,22.537933,557
粤BF8511,114.044632,22.5306,558
粤BF8511,114.044449,22.534332,558
粤BF8511,114.044983,22.527582,558
粤BF8511,114.043236,22.523399,559
粤BF8511,114.044502,22.526033,559
粤BF8511,114.043648,22.524166,559
粤BF8511,114.042465,22.522449,560
粤BF8511,114.043236,22.523399,560
粤BF8511,114.042015,22.521683,560
粤BF8511,114.041664,22.521099,560
粤BF8511,114.041367,22.5207,561
粤BF8511,114.041084,22.520082,561
粤BF8511,114.041252,22.520533,561
粤BF8511,114.039452,22.517401,562
粤BF8511,114.037849,22.514482,562
粤BF8511,114.038269,22.515432,562
粤BF8511,114.035896,22.516268,563
粤BF8511,114.031868,22.514084,563
粤BF8511,114.036598,22.516399,563
粤BF8511,114.032249,22.513332,566
粤BF8511,114.032249,22.513332,566
粤BF8511,114.032249,22.513332,567
粤BF8511,114.032249,22.513332,567
粤BF8511,114.032249,22.513332,567
粤BF8511,114.032249,22.513332,568
粤BF8511,114.032249,22.513332,588
粤BF8511,114.030067,22.5224,589
粤BF8511,114.032135,22.525566,589
粤BF8511,114.030952,22.5238,589
粤BF8511,114.029182,22.521,590
粤BF8511,114.028519,22.519951,643
粤BF8511,114.028519,22.519951,644
粤BF8511,114.028519,22.519951,644
粤BF8511,114.028519,22.519951,644
粤BF8511,114.028519,22.519951,645
粤BF8511,114.028519,22.519951,645
粤BF8511,114.028519,22.519951,645
粤BF8511,114.028519,22.519951,647
粤BF8511,114.028519,22.519951,650
粤BF8511,114.028519,22.519951,650
粤BF8511,114.028519,22.519951,651
粤BF8511,114.028519,22.519951,651
粤BF8511,114.028519,22.519951,651
粤BF8511,114.028519,22.519951,652
粤BF8511,114.028519,22.519951,653
粤BF8511,114.028519,22.519951,653
粤BF8511,114.028519,22.519951,654
粤BF8511,114.028519,22.519951,655
粤BF8511,114.028519,22.519951,655
粤BF8511,114.028519,22.519951,661
粤BF8511,114.028519,22.519951,662
粤BF8511,114.028519,22.519951,662
粤BF8511,114.028519,22.519951,662
粤BF8511,114.028519,22.519951,663
粤BF8511,114.028519,22.519951,663
粤BF8511,114.028519,22.519951,663
粤BF8511,114.028519,22.519951,664
粤BF8511,114.028519,22.519951,664
粤BF8511,114.028519,22.519951,665
粤BF8511,114.028519,22.519951,665
粤BF8511,114.028519,22.519951,666
粤BF8511,114.028519,22.519951,666
粤BF8511,114.028519,22.519951,666
粤BF8511,114.028519,22.519951,667
粤BF8511,114.028519,22.519951,667
粤BF8511,114.028519,22.519951,667
粤BF8511,114.028519,22.519951,668
粤BF8511,114.028519,22.519951,668
粤BF8511,114.028519,22.519951,668
粤BF8511,114.028519,22.519951,669
粤BF8511,114.028519,22.519951,669
粤BF8511,114.028519,22.519951,669
粤BF8511,114.028519,22.519951,670
粤BF8511,114.028519,22.519951,670
粤BF8511,114.028519,22.519951,670
粤BF8511,114.028519,22.519951,671
粤BF8511,114.028519,22.519951,671
粤BF8511,114.028519,22.519951,671
粤BF8511,114.028519,22.519951,672
粤BF8511,114.028519,22.519951,672
粤BF8511,114.028519,22.519951,672
粤BF8511,114.028519,22.519951,673
粤BF8511,114.028519,22.519951,673
粤BF8511,114.028519,22.519951,673
粤BF8511,114.028519,22.519951,674
粤BF8511,114.028519,22.519951,674
粤BF8511,114.028519,22.519951,674
粤BF8511,114.028519,22.519951,675
粤BF8511,114.028519,22.519951,675
粤BF8511,114.028519,22.519951,675
粤BF8511,114.028519,22.519951,676
粤BF8511,114.028519,22.519951,676
粤BF8511,114.028519,22.519951,676
粤BF8511,114.028519,22.519951,677
粤BF8511,114.028519,22.519951,677
粤BF8511,114.028519,22.519951,677
粤BF8511,114.028519,22.519951,678
粤BF8511,114.028519,22.519951,678
粤BF8511,114.028519,22.519951,678
粤BF8511,114.028519,22.519951,679
粤BF8511,114.028519,22.519951,679
粤BF8511,114.028519,22.519951,679
粤BF8511,114.028519,22.519951,680
粤BF8511,114.028519,22.519951,680
粤BF8511,114.028519,22.519951,680
粤BF8511,114.028519,22.519951,681
粤BF8511,114.028519,22.519951,681
粤BF8511,114.028519,22.519951,681
粤BF8511,114.028519,22.519951,682
粤BF8511,114.028519,22.519951,682
粤BF8511,114.028519,22.519951,682
粤BF8511,114.028519,22.519951,683
粤BF8511,114.028519,22.519951,683
粤BF8511,114.028519,22.519951,683
粤BF8511,114.028519,22.519951,684
粤BF8511,114.028519,22.519951,684
粤BF8511,114.028519,22.519951,684
粤BF8511,114.028519,22.519951,685
粤BF8511,114.028519,22.519951,685
粤BF8511,114.028519,22.519951,685
粤BF8511,114.028519,22.519951,686
粤BF8511,114.028519,22.519951,686
粤BF8511,114.028519,22.519951,686
粤BF8511,114.028519,22.519951,687
粤BF8511,114.028519,22.519951,687
粤BF8511,114.028519,22.519951,687
粤BF8511,114.028519,22.519951,688
粤BF8511,114.028519,22.519951,688
粤BF8511,114.028519,22.519951,688
粤BF8511,114.028519,22.519951,689
粤BF8511,114.028519,22.519951,689
粤BF8511,114.028519,22.519951,689
粤BF8511,114.028519,22.519951,782
粤BF8511,114.028519,22.519951,782
粤BF8511,114.028519,22.519951,782
粤BF8511,114.028519,22.519951,783
粤BF8511,114.028519,22.519951,783
粤BF8511,114.028519,22.519951,783
粤BF8511,114.028519,22.519951,784
粤BF8511,114.028519,22.519951,784
粤BF8511,114.028519,22.519951,784
粤BF8511,114.028519,22.519951,785
粤BF8511,114.028519,22.519951,785
粤BF8511,114.028519,22.519951,785
粤BF8511,114.028519,22.519951,786
粤BF8511,114.028519,22.519951,786
粤BF8511,114.028519,22.519951,786
粤BF8511,114.028519,22.519951,787
粤BF8511,114.028519,22.519951,787
粤BF8511,114.028519,22.519951,787
粤BF8511,114.028519,22.519951,788
粤BF8511,114.028519,22.519951,788
粤BF8511,114.028519,22.519951,789
粤BF8511,114.028519,22.519951,789
粤BF8511,114.028519,22.519951,789
粤BF8511,114.028519,22.519951,790
粤BF8511,114.028519,22.519951,793
粤BF8511,114.028519,22.519951,796
粤BF8511,114.028519,22.519951,799
粤BF8511,114.028519,22.519951,800
粤BF8511,114.028519,22.519951,800
粤BF8511,114.028519,22.519951,810
粤BF8511,114.028519,22.519951,810
粤BF8511,114.028519,22.519951,811
粤BF8511,114.028519,22.519951,811
粤BF8511,114.028519,22.519951,811
粤BF8511,114.028519,22.519951,812
粤BF8511,114.028519,22.519951,812
粤BF8511,114.028519,22.519951,812
粤BF8511,114.028519,22.519951,813
粤BF8511,114.028519,22.519951,813
粤BF8511,114.028519,22.519951,813
粤BF8511,114.028519,22.519951,814
粤BF8511,114.028519,22.519951,814
粤BF8511,114.028519,22.519951,814
粤BF8511,114.028519,22.519951,815
粤BF8511,114.028519,22.519951,815
粤BF8511,114.028519,22.519951,815
粤BF8511,114.028519,22.519951,816
粤BF8511,114.028519,22.519951,816
粤BF8511,114.028519,22.519951,816
粤BF8511,114.028519,22.519951,817
粤BF8511,114.028519,22.519951,817
粤BF8511,114.028519,22.519951,817
粤BF8511,114.028519,22.519951,818
粤BF8511,114.028519,22.519951,818
粤BF8511,114.028519,22.519951,820
粤BF8511,114.028519,22.519951,820
粤BF8511,114.028519,22.519951,820
粤BF8511,114.028519,22.519951,821
粤BF8511,114.028519,22.519951,821
粤BF8511,114.028519,22.519951,821
粤BF8511,114.028519,22.519951,822
粤BF8511,114.028519,22.519951,822
粤BF8511,114.028519,22.519951,822
粤BF8511,114.028519,22.519951,859
粤BF8511,114.028519,22.519951,859
粤BF8511,114.028519,22.519951,860
粤BF8511,114.028519,22.519951,860
粤BF8511,114.028519,22.519951,860
粤BF8511,114.028519,22.519951,861
粤BF8511,114.028519,22.519951,861
粤BF8511,114.028519,22.519951,861
粤BF8511,114.028519,22.519951,862
粤BF8511,114.028519,22.519951,862
粤BF8511,114.028519,22.519951,862
粤BF8511,114.028519,22.519951,863
粤BF8511,114.028519,22.519951,863
粤BF8511,114.028519,22.519951,863
粤BF8511,114.028519,22.519951,864
粤BF8511,114.028519,22.519951,864
粤BF8511,114.028519,22.519951,865
粤BF8511,114.028519,22.519951,865
粤BF8511,114.028519,22.519951,866
粤BF8511,114.028519,22.519951,866
粤BF8511,114.028519,22.519951,866
粤BF8511,114.028519,22.519951,867
粤BF8511,114.028519,22.519951,975
粤BF8511,114.028519,22.519951,977
粤BF8511,114.028519,22.519951,978
粤BF8511,114.028519,22.519951,978
粤BF8511,114.028519,22.519951,978
粤BF8511,114.028519,22.519951,979
粤BF8511,114.028519,22.519951,979
粤BF8511,114.028519,22.519951,979
粤BF8511,114.028519,22.519951,980
粤BF8511,114.028519,22.519951,980
粤BF8511,114.028519,22.519951,980
粤BF8511,114.042984,22.545799,981
粤BF8511,114.028519,22.519951,981
粤BF8511,114.028519,22.519951,981
粤BF8511,114.047813,22.549084,982
粤BF8511,114.046516,22.54735,982
粤BF8511,114.047668,22.547466,982
粤BF8511,114.048897,22.549316,983
粤BF8511,114.050079,22.549299,983
粤BF8511,114.050201,22.549299,983
粤BF8511,114.050819,22.549267,984
粤BF8511,114.050285,22.549299,984
粤BF8511,114.050285,22.549299,984
粤BF8511,114.050819,22.549267,984
粤BF8511,114.05085,22.549433,985
粤BF8511,114.049698,22.549351,985
粤BF8511,114.049065,22.549351,985
粤BF8511,114.050819,22.549482,985
粤BF8511,114.04763,22.549368,986
粤BF8511,114.048531,22.549351,986
粤BF8511,114.046333,22.549232,986
粤BF8511,114.045769,22.548983,987
粤BF8511,114.045769,22.548983,987
粤BF8511,114.045647,22.549282,987
粤BF8511,114.045082,22.549299,988
粤BF8511,114.044365,22.549368,988
粤BF8511,114.044052,22.550283,988
粤BF8511,114.041397,22.549999,989
粤BF8511,114.039719,22.550068,989
粤BF8511,114.042847,22.550367,989
粤BF8511,114.039749,22.553917,990
粤BF8511,114.039886,22.554251,990
粤BF8511,114.039764,22.551701,990
粤BF8511,114.040901,22.554132,991
粤BF8511,114.040886,22.55415,991
粤BF8511,114.040985,22.5541,991
粤BF8511,114.040985,22.5541,992
粤BF8511,114.040985,22.5541,992
粤BF8511,114.040985,22.5541,993
粤BF8511,114.040985,22.5541,993
粤BF8511,114.040985,22.5541,994
粤BF8511,114.040985,22.5541,994
粤BF8511,114.040985,22.5541,994
粤BF8511,114.041084,22.553766,995
粤BF8511,114.040367,22.55345,996
粤BF8511,114.039886,22.550716,996
粤BF8511,114.039818,22.552383,996
粤BF8511,114.038666,22.549334,997
粤BF8511,114.039864,22.550117,997
粤BF8511,114.039864,22.550117,997
粤BF8511,114.035797,22.548582,998
粤BF8511,114.034752,22.54825,998
粤BF8511,114.034752,22.54825,998
粤BF8511,114.034752,22.54825,999
粤BF8511,114.034752,22.54825,999
粤BF8511,114.034752,22.54825,999
粤BF8511,114.034752,22.54825,1000
粤BF8511,114.034897,22.545601,1000
粤BF8511,114.034485,22.547716,1000
粤BF8511,114.034714,22.541582,1001
粤BF8511,114.035431,22.542717,1001
粤BF8511,114.032181,22.541067,1001
粤BF8511,114.025047,22.5399,1002
粤BF8511,114.031548,22.541,1002
粤BF8511,114.028816,22.540501,1002
粤BF8511,114.021317,22.539383,1003
粤BF8511,114.017899,22.538767,1003
粤BF8511,114.014931,22.538267,1003
粤BF8511,114.012733,22.538017,1004
粤BF8511,114.014549,22.5382,1004
粤BF8511,114.014084,22.538082,1004
粤BF8511,114.010468,22.539749,1005
粤BF8511,114.010597,22.539568,1005
粤BF8511,114.009102,22.540667,1005
粤BF8511,113.999397,22.545418,1006
粤BF8511,114.006516,22.5425,1006
粤BF8511,114.003098,22.5443,1006
粤BF8511,113.985283,22.5504,1007
粤BF8511,113.995033,22.54635,1007
粤BF8511,113.990097,22.548018,1007
粤BF8511,113.972153,22.559418,1008
粤BF8511,113.976936,22.556683,1008
粤BF8511,113.980881,22.553383,1008
粤BF8511,113.963036,22.561899,1009
粤BF8511,113.967186,22.560984,1009
粤BF8511,113.959282,22.562717,1009
粤BF8511,113.951584,22.56415,1010
粤BF8511,113.946884,22.564768,1010
粤BF8511,113.955551,22.563467,1010
粤BF8511,113.93232,22.565332,1011
粤BF8511,113.941521,22.56525,1011
粤BF8511,113.936699,22.56535,1011
粤BF8511,113.923203,22.5683,1012
粤BF8511,113.921852,22.571417,1012
粤BF8511,113.927032,22.566282,1012
粤BF8511,113.918404,22.57345,1013
粤BF8511,113.919281,22.574833,1013
粤BF8511,113.921135,22.5741,1013
粤BF8511,113.914886,22.576633,1014
粤BF8511,113.917015,22.574284,1014
粤BF8511,113.91127,22.580517,1014
粤BF8511,113.9048,22.587383,1015
粤BF8511,113.907768,22.5842,1015
粤BF8511,113.901871,22.590633,1015
粤BF8511,113.894447,22.5973,1016
粤BF8511,113.898285,22.594133,1016
粤BF8511,113.890404,22.600149,1016
粤BF8511,113.886436,22.603067,1017
粤BF8511,113.88308,22.606583,1017
粤BF8511,113.880302,22.610649,1017
粤BF8511,113.869682,22.62075,1018
粤BF8511,113.87368,22.618282,1018
粤BF8511,113.877419,22.614767,1018
粤BF8511,113.861519,22.624001,1019
粤BF8511,113.857216,22.625633,1019
粤BF8511,113.866051,22.622299,1019
粤BF8511,113.85598,22.62615,1020
粤BF8511,113.855965,22.626167,1020
粤BF8511,113.850433,22.627068,1029
粤BF8511,113.850433,22.627068,1029
粤BF8511,113.850433,22.627068,1030
粤BF8511,113.850433,22.627068,1030
粤BF8511,113.850433,22.627068,1030
粤BF8511,113.850433,22.627068,1031
粤BF8511,113.849884,22.6248,1031
粤BF8511,113.85083,22.626167,1031
粤BF8511,113.847717,22.623182,1032
粤BF8511,113.841949,22.621401,1032
粤BF8511,113.845001,22.6222,1032
粤BF8511,113.831581,22.618067,1033
粤BF8511,113.838654,22.620533,1033
粤BF8511,113.835083,22.619568,1033
粤BF8511,113.825317,22.615101,1034
粤BF8511,113.8283,22.616516,1034
粤BF8511,113.822929,22.613983,1034
粤BF8511,113.821548,22.61335,1035
粤BF8511,113.817398,22.612417,1035
粤BF8511,113.819885,22.612568,1035
粤BF8511,113.81572,22.614901,1036
粤BF8511,113.814034,22.61795,1036
粤BF8511,113.812302,22.621183,1036
粤BF8511,113.812469,22.623684,1037
粤BF8511,113.812683,22.626133,1037
粤BF8511,113.811279,22.628017,1037
粤BF8511,113.809631,22.627583,1038
粤BF8511,113.810097,22.6278,1038
粤BF8511,113.809631,22.627583,1038
粤BF8511,113.809631,22.627583,1038
粤BF8511,113.809631,22.627583,1039
粤BF8511,113.809631,22.627583,1039
粤BF8511,113.809631,22.627583,1039
粤BF8511,113.809181,22.627317,1040
粤BF8511,113.807602,22.626551,1040
粤BF8511,113.809631,22.627583,1040
粤BF8511,113.807503,22.622534,1041
粤BF8511,113.806053,22.625116,1041
粤BF8511,113.809082,22.619633,1041
粤BF8511,113.811981,22.614317,1042
粤BF8511,113.813034,22.612383,1042
粤BF8511,113.810585,22.61685,1042
粤BF8511,113.81395,22.610983,1043
粤BF8511,113.813454,22.611616,1043
粤BF8511,113.8144,22.610634,1043
粤BF8511,113.81498,22.610332,1044
粤BF8511,113.815582,22.610184,1044
粤BF8511,113.81662,22.610067,1044
粤BF8511,113.818268,22.610216,1045
粤BF8511,113.819748,22.612249,1045
粤BF8511,113.822899,22.613899,1045
粤BF8511,113.826019,22.615351,1046
粤BF8511,113.833435,22.618834,1046
粤BF8511,113.829781,22.617117,1046
粤BF8511,113.84137,22.621166,1047
粤BF8511,113.837669,22.620184,1047
粤BF8511,113.844383,22.621967,1047
粤BF8511,113.847282,22.622833,1048
粤BF8511,113.850098,22.624901,1048
粤BF8511,113.84938,22.624283,1048
粤BF8511,113.850098,22.624901,1049
粤BF8511,113.850098,22.624901,1049
粤BF8511,113.850098,22.624901,1049
粤BF8511,113.850098,22.624901,1050
粤BF8511,113.850098,22.624901,1050
粤BF8511,113.850098,22.624901,1050
粤BF8511,113.850098,22.624901,1051
粤BF8511,113.850098,22.624901,1051
粤BF8511,113.850098,22.624901,1051
粤BF8511,113.850098,22.624901,1052
粤BF8511,113.850098,22.624901,1052
粤BF8511,113.850098,22.624901,1052
粤BF8511,113.850098,22.624901,1053
粤BF8511,113.850098,22.624901,1053
粤BF8511,113.850098,22.624901,1053
粤BF8511,113.850098,22.624901,1054
粤BF8511,113.850098,22.624901,1054
粤BF8511,113.850098,22.624901,1054
粤BF8511,113.850098,22.624901,1055
粤BF8511,113.850098,22.624901,1055
粤BF8511,113.850098,22.624901,1055
粤BF8511,113.850098,22.624901,1056
粤BF8511,113.850098,22.624901,1056
粤BF8511,113.850098,22.624901,1056
粤BF8511,113.850098,22.624901,1057
粤BF8511,113.850098,22.624901,1057
粤BF8511,113.850418,22.625151,1057
粤BF8511,113.850418,22.625151,1058
粤BF8511,113.850418,22.625151,1058
粤BF8511,113.850418,22.625151,1058
粤BF8511,113.850418,22.625151,1059
粤BF8511,113.850418,22.625151,1059
粤BF8511,113.850418,22.625151,1059
粤BF8511,113.850418,22.625151,1060
粤BF8511,113.850418,22.625151,1060
粤BF8511,113.850418,22.625151,1060
粤BF8511,113.850418,22.625151,1061
粤BF8511,113.850418,22.625151,1061
粤BF8511,113.850418,22.625151,1061
粤BF8511,113.850418,22.625151,1062
粤BF8511,113.850418,22.625151,1062
粤BF8511,113.850418,22.625151,1062
粤BF8511,113.850418,22.625151,1063
粤BF8511,113.850418,22.625151,1063
粤BF8511,113.850418,22.625151,1063
粤BF8511,113.850418,22.625151,1064
粤BF8511,113.850418,22.625151,1064
粤BF8511,113.850418,22.625151,1064
粤BF8511,113.850418,22.625151,1065
粤BF8511,113.850418,22.625151,1065
粤BF8511,113.850418,22.625151,1065
粤BF8511,113.850418,22.625151,1066
粤BF8511,113.850418,22.625151,1066
粤BF8511,113.850418,22.625151,1066
粤BF8511,113.850418,22.625151,1067
粤BF8511,113.850418,22.625151,1067
粤BF8511,113.850418,22.625151,1067
粤BF8511,113.850418,22.625151,1068
粤BF8511,113.850418,22.625151,1068
粤BF8511,113.850418,22.625151,1068
粤BF8511,113.850418,22.625151,1069
粤BF8511,113.850418,22.625151,1069
粤BF8511,113.850418,22.625151,1069
粤BF8511,113.850418,22.625151,1070
粤BF8511,113.850418,22.625151,1070
粤BF8511,113.850418,22.625151,1070
粤BF8511,113.851082,22.62565,1071
粤BF8511,113.851082,22.62565,1071
粤BF8511,113.850418,22.625151,1071
粤BF8511,113.851082,22.62565,1072
粤BF8511,113.851082,22.62565,1072
粤BF8511,113.851082,22.62565,1072
粤BF8511,113.851082,22.62565,1073
粤BF8511,113.851082,22.62565,1073
粤BF8511,113.851082,22.62565,1073
粤BF8511,113.851082,22.62565,1074
粤BF8511,113.851082,22.62565,1074
粤BF8511,113.851082,22.62565,1074
粤BF8511,113.851082,22.62565,1075
粤BF8511,113.851082,22.62565,1075
粤BF8511,113.851082,22.62565,1075
粤BF8511,113.851082,22.62565,1076
粤BF8511,113.851082,22.62565,1076
粤BF8511,113.851082,22.62565,1076
粤BF8511,113.851082,22.62565,1077
粤BF8511,113.851082,22.62565,1077
粤BF8511,113.851082,22.62565,1077
粤BF8511,113.851082,22.62565,1078
粤BF8511,113.851082,22.62565,1078
粤BF8511,113.851082,22.62565,1078
粤BF8511,113.851082,22.62565,1079
粤BF8511,113.851082,22.62565,1079
粤BF8511,113.851082,22.62565,1079
粤BF8511,113.851082,22.62565,1080
粤BF8511,113.851082,22.62565,1080
粤BF8511,113.851082,22.62565,1080
粤BF8511,113.851082,22.62565,1081
粤BF8511,113.851082,22.62565,1081
粤BF8511,113.851082,22.62565,1081
粤BF8511,113.851082,22.62565,1082
粤BF8511,113.851082,22.62565,1082
粤BF8511,113.851082,22.62565,1082
粤BF8511,113.851082,22.62565,1083
粤BF8511,113.851082,22.62565,1083
粤BF8511,113.851082,22.62565,1083
粤BF8511,113.851082,22.62565,1084
粤BF8511,113.851082,22.62565,1084
粤BF8511,113.851082,22.62565,1084
粤BF8511,113.851082,22.62565,1085
粤BF8511,113.851082,22.62565,1085
粤BF8511,113.851082,22.62565,1085
粤BF8511,113.851082,22.62565,1086
粤BF8511,113.851082,22.62565,1086
粤BF8511,113.851082,22.62565,1086
粤BF8511,113.851082,22.62565,1087
粤BF8511,113.851082,22.62565,1087
粤BF8511,113.851082,22.62565,1087
粤BF8511,113.851082,22.62565,1088
粤BF8511,113.851082,22.62565,1088
粤BF8511,113.851082,22.62565,1088
粤BF8511,113.853584,22.626249,1089
粤BF8511,113.851082,22.62565,1089
粤BF8511,113.851768,22.625668,1089
粤BF8511,113.846367,22.631701,1090
粤BF8511,113.849602,22.629601,1090
粤BF8511,113.852898,22.62825,1090
粤BF8511,113.838219,22.6411,1091
粤BF8511,113.843483,22.634533,1091
粤BF8511,113.840935,22.637733,1091
粤BF8511,113.833351,22.647949,1092
粤BF8511,113.835335,22.644667,1092
粤BF8511,113.83313,22.649067,1092
粤BF8511,113.83313,22.649067,1093
粤BF8511,113.83313,22.649067,1093
粤BF8511,113.83313,22.649067,1093
粤BF8511,113.83313,22.649067,1094
粤BF8511,113.83313,22.649067,1094
粤BF8511,113.83313,22.649067,1094
粤BF8511,113.832787,22.650749,1095
粤BF8511,113.832169,22.649384,1095
粤BF8511,113.83007,22.650467,1095
粤BF8511,113.827332,22.649851,1096
粤BF8511,113.825584,22.650267,1096
粤BF8511,113.824936,22.649349,1096
粤BF8511,113.829018,22.646517,1097
粤BF8511,113.830467,22.644432,1097
粤BF8511,113.827065,22.649067,1097
粤BF8511,113.831886,22.6425,1098
粤BF8511,113.834152,22.639917,1098
粤BF8511,113.836617,22.63805,1098
粤BF8511,113.839485,22.634434,1099
粤BF8511,113.838585,22.636499,1099
粤BF8511,113.838585,22.63545,1099
粤BF8511,113.840233,22.6336,1100
粤BF8511,113.842087,22.631517,1100
粤BF8511,113.841118,22.632633,1100
粤BF8511,113.845352,22.626833,1101
粤BF8511,113.844231,22.628433,1101
粤BF8511,113.843132,22.630068,1101
粤BF8511,113.845985,22.626417,1102
粤BF8511,113.845383,22.62565,1102
粤BF8511,113.846352,22.624149,1102
粤BF8511,113.845947,22.622566,1103
粤BF8511,113.842865,22.621651,1103
粤BF8511,113.846916,22.623501,1103
粤BF8511,113.837433,22.620184,1104
粤BF8511,113.839981,22.620884,1104
粤BF8511,113.832932,22.618683,1104
粤BF8511,113.821251,22.613367,1105
粤BF8511,113.828651,22.616667,1105
粤BF8511,113.824921,22.614933,1105
粤BF8511,113.817818,22.611782,1106
粤BF8511,113.816597,22.6138,1106
粤BF8511,113.816299,22.614332,1106
粤BF8511,113.813049,22.620434,1107
粤BF8511,113.814781,22.617216,1107
粤BF8511,113.81617,22.614683,1107
粤BF8511,113.813385,22.624033,1108
粤BF8511,113.812981,22.62315,1108
粤BF8511,113.812134,22.623199,1108
粤BF8511,113.813385,22.624033,1109
粤BF8511,113.813385,22.624033,1109
粤BF8511,113.813385,22.624033,1109
粤BF8511,113.813385,22.624033,1110
粤BF8511,113.813385,22.624033,1110
粤BF8511,113.813385,22.624033,1110
粤BF8511,113.813385,22.624033,1111
粤BF8511,113.813385,22.624033,1111
粤BF8511,113.813385,22.624033,1111
粤BF8511,113.813385,22.624033,1112
粤BF8511,113.813385,22.624033,1112
粤BF8511,113.813385,22.624033,1112
粤BF8511,113.813385,22.624033,1113
粤BF8511,113.813385,22.624033,1113
粤BF8511,113.813385,22.624033,1113
粤BF8511,113.813385,22.624033,1114
粤BF8511,113.813385,22.624033,1114
粤BF8511,113.813385,22.624033,1114
粤BF8511,113.813385,22.624033,1115
粤BF8511,113.813385,22.624033,1115
粤BF8511,113.813385,22.624033,1115
粤BF8511,113.813385,22.624033,1116
粤BF8511,113.813385,22.624033,1116
粤BF8511,113.813385,22.624033,1116
粤BF8511,113.813385,22.624033,1117
粤BF8511,113.813385,22.624033,1117
粤BF8511,113.813385,22.624033,1117
粤BF8511,113.813385,22.624033,1118
粤BF8511,113.813385,22.624033,1118
粤BF8511,113.813385,22.624033,1118
粤BF8511,113.813385,22.624033,1119
粤BF8511,113.813385,22.624033,1119
粤BF8511,113.813385,22.624033,1119
粤BF8511,113.813385,22.624033,1120
粤BF8511,113.813385,22.624033,1120
粤BF8511,113.813385,22.624033,1120
粤BF8511,113.81337,22.62455,1121
粤BF8511,113.813385,22.624033,1121
粤BF8511,113.813347,22.62505,1121
粤BF8511,113.813316,22.625668,1122
粤BF8511,113.813286,22.625868,1122
粤BF8511,113.813248,22.626167,1122
粤BF8511,113.813248,22.626167,1123
粤BF8511,113.813248,22.626167,1123
粤BF8511,113.813248,22.626167,1123
粤BF8511,113.813248,22.626167,1124
粤BF8511,113.813248,22.626167,1124
粤BF8511,113.813248,22.626167,1124
粤BF8511,113.813248,22.626167,1125
粤BF8511,113.813248,22.626167,1125
粤BF8511,113.813248,22.626167,1125
粤BF8511,113.813248,22.626167,1126
粤BF8511,113.813248,22.626167,1126
粤BF8511,113.813248,22.626167,1126
粤BF8511,113.813248,22.626167,1127
粤BF8511,113.813248,22.626167,1127
粤BF8511,113.813248,22.626167,1127
粤BF8511,113.813248,22.626167,1128
粤BF8511,113.813248,22.626167,1128
粤BF8511,113.813248,22.626167,1128
粤BF8511,113.813248,22.626167,1129
粤BF8511,113.813248,22.626167,1129
粤BF8511,113.813248,22.626167,1129
粤BF8511,113.813248,22.626167,1130
粤BF8511,113.813316,22.62525,1130
粤BF8511,113.813248,22.626167,1130
粤BF8511,113.812431,22.626917,1131
粤BF8511,113.81282,22.626217,1131
粤BF8511,113.812218,22.627283,1131
粤BF8511,113.812218,22.627283,1132
粤BF8511,113.812218,22.627283,1132
粤BF8511,113.812218,22.627283,1132
粤BF8511,113.811897,22.6278,1133
粤BF8511,113.812218,22.627283,1133
粤BF8511,113.811852,22.628117,1133
粤BF8511,113.812103,22.6283,1135
粤BF8511,113.806786,22.623217,1146
粤BF8511,113.808151,22.624649,1146
粤BF8511,113.809868,22.618183,1147
粤BF8511,113.811485,22.615217,1147
粤BF8511,113.80825,22.620832,1147
粤BF8511,113.814697,22.610399,1148
粤BF8511,113.813019,22.612432,1148
粤BF8511,113.817284,22.610001,1148
粤BF8511,113.824799,22.61475,1149
粤BF8511,113.819214,22.611532,1149
粤BF8511,113.821167,22.613033,1149
粤BF8511,113.828529,22.616484,1150
粤BF8511,113.832283,22.618282,1150
粤BF8511,113.83622,22.619801,1150
粤BF8511,113.847183,22.622801,1151
粤BF8511,113.843803,22.621782,1151
粤BF8511,113.840164,22.620817,1151
粤BF8511,113.849686,22.624483,1152
粤BF8511,113.852898,22.625717,1152
粤BF8511,113.851753,22.625383,1152
粤BF8511,113.864616,22.622633,1153
粤BF8511,113.860229,22.6241,1153
粤BF8511,113.856232,22.625467,1153
粤BF8511,113.87767,22.614367,1154
粤BF8511,113.869301,22.620817,1154
粤BF8511,113.873718,22.618151,1154
粤BF8511,113.878517,22.613283,1155
粤BF8511,113.887367,22.60215,1155
粤BF8511,113.880714,22.610001,1155
粤BF8511,113.883751,22.605667,1155
粤BF8511,113.881569,22.608683,1155
粤BF8511,113.891464,22.599251,1156
粤BF8511,113.899536,22.5928,1156
粤BF8511,113.895752,22.596117,1156
粤BF8511,113.904617,22.587482,1157
粤BF8511,113.909935,22.581766,1157
粤BF8511,113.90683,22.5851,1157
粤BF8511,113.903267,22.588917,1157
粤BF8511,113.918083,22.573067,1158
粤BF8511,113.912865,22.578583,1158
粤BF8511,113.915802,22.575417,1158
粤BF8511,113.919449,22.571882,1159
粤BF8511,113.920937,22.570917,1159
粤BF8511,113.921799,22.568817,1159
粤BF8511,113.92485,22.567051,1160
粤BF8511,113.933884,22.565201,1160
粤BF8511,113.928947,22.565567,1160
粤BF8511,113.948631,22.564484,1161
粤BF8511,113.943764,22.564951,1161
粤BF8511,113.93885,22.565166,1161
粤BF8511,113.95385,22.563717,1162
粤BF8511,113.963837,22.561617,1162
粤BF8511,113.959099,22.562668,1162
粤BF8511,113.972664,22.559067,1163
粤BF8511,113.976952,22.556566,1163
粤BF8511,113.968315,22.5606,1163
粤BF8511,113.988785,22.548517,1164
粤BF8511,113.980698,22.553467,1164
粤BF8511,113.984619,22.550716,1164
粤BF8511,113.997414,22.5457,1165
粤BF8511,113.993164,22.546833,1165
粤BF8511,114.001686,22.544733,1165
粤BF8511,114.012535,22.535967,1166
粤BF8511,114.005981,22.542784,1166
粤BF8511,114.009537,22.539984,1166
粤BF8511,114.02092,22.524366,1167
粤BF8511,114.016953,22.527416,1167
粤BF8511,114.014381,22.531567,1167
粤BF8511,114.032951,22.517767,1168
粤BF8511,114.030029,22.519382,1168
粤BF8511,114.025452,22.521917,1168
粤BF8511,114.034866,22.516718,1168
粤BF8511,114.050385,22.51335,1169
粤BF8511,114.039482,22.51445,1169
粤BF8511,114.04628,22.5131,1169
粤BF8511,114.044868,22.513184,1169
粤BF8511,114.057785,22.515783,1170
粤BF8511,114.055016,22.514633,1170
粤BF8511,114.0578,22.5158,1170
粤BF8511,114.0578,22.5158,1171
粤BF8511,114.0578,22.5158,1171
粤BF8511,114.0578,22.5158,1171
粤BF8511,114.0578,22.5158,1172
粤BF8511,114.0578,22.5158,1172
粤BF8511,114.0578,22.5158,1172
粤BF8511,114.058083,22.515882,1173
粤BF8511,114.058083,22.515882,1173
粤BF8511,114.058083,22.515882,1173
粤BF8511,114.058083,22.515882,1174
粤BF8511,114.058464,22.516068,1174
粤BF8511,114.05867,22.51615,1174
粤BF8511,114.060654,22.518032,1175
粤BF8511,114.063614,22.520884,1175
粤BF8511,114.058868,22.516251,1175
粤BF8511,114.066254,22.524366,1176
粤BF8511,114.068733,22.530167,1176
粤BF8511,114.067986,22.527483,1176
粤BF8511,114.071732,22.531668,1177
粤BF8511,114.070183,22.531467,1177
粤BF8511,114.074615,22.531717,1177
粤BF8511,114.079552,22.535784,1178
粤BF8511,114.078598,22.534082,1178
粤BF8511,114.077652,22.532316,1178
粤BF8511,114.085236,22.5373,1179
粤BF8511,114.088654,22.537434,1179
粤BF8511,114.081467,22.537117,1179
粤BF8511,114.093834,22.537901,1180
粤BF8511,114.09713,22.537968,1180
粤BF8511,114.091667,22.537884,1180
粤BF8511,114.0998,22.537832,1181
粤BF8511,114.10173,22.537849,1181
粤BF8511,114.103302,22.538017,1181
粤BF8511,114.104584,22.537434,1182
粤BF8511,114.106903,22.540934,1182
粤BF8511,114.106033,22.538633,1182
粤BF8511,114.108704,22.541817,1183
粤BF8511,114.108704,22.541817,1183
粤BF8511,114.108704,22.541817,1183
粤BF8511,114.107986,22.54155,1183
粤BF8511,114.108704,22.541817,1184
粤BF8511,114.108704,22.541817,1184
粤BF8511,114.108704,22.541817,1184
粤BF8511,114.109169,22.5417,1185
粤BF8511,114.108704,22.541817,1185
粤BF8511,114.108704,22.541817,1185
粤BF8511,114.109947,22.541683,1186
粤BF8511,114.109947,22.541683,1186
粤BF8511,114.109947,22.541683,1186
粤BF8511,114.11042,22.540916,1187
粤BF8511,114.110229,22.537916,1187
粤BF8511,114.110664,22.538782,1187
粤BF8511,114.1091,22.537701,1188
粤BF8511,114.10862,22.537582,1190
粤BF8511,114.111397,22.5329,1190
粤BF8511,114.11113,22.535618,1191
粤BF8511,114.111565,22.533016,1191
粤BF8511,114.112053,22.531384,1191
粤BF8511,114.110748,22.537018,1192
粤BF8511,114.110718,22.53805,1192
粤BF8511,114.110718,22.53805,1192
粤BF8511,114.11042,22.541483,1193
粤BF8511,114.110481,22.540733,1193
粤BF8511,114.110619,22.538183,1193
粤BF8511,114.11042,22.541483,1194
粤BF8511,114.11042,22.541483,1194
粤BF8511,114.11042,22.541483,1194
粤BF8511,114.111183,22.541866,1195
粤BF8511,114.11042,22.541483,1195
粤BF8511,114.11042,22.541483,1195
粤BF8511,114.111771,22.538982,1196
粤BF8511,114.111916,22.538151,1196
粤BF8511,114.111565,22.540283,1196
粤BF8511,114.111916,22.538151,1197
粤BF8511,114.111916,22.538151,1197
粤BF8511,114.111916,22.538151,1197
粤BF8511,114.111916,22.538151,1199
粤BF8511,114.112053,22.537567,1199
粤BF8511,114.111916,22.538151,1199
粤BF8511,114.112129,22.537001,1200
粤BF8511,114.112068,22.537317,1200
粤BF8511,114.112129,22.537001,1200
粤BF8511,114.112129,22.537001,1201
粤BF8511,114.112129,22.537001,1201
粤BF8511,114.112129,22.537001,1201
粤BF8511,114.112114,22.536867,1202
粤BF8511,114.112114,22.536867,1202
粤BF8511,114.112129,22.537001,1202
粤BF8511,114.112114,22.536867,1203
粤BF8511,114.112236,22.536383,1203
粤BF8511,114.112236,22.536383,1204
粤BF8511,114.112236,22.536383,1204
粤BF8511,114.112236,22.536383,1204
粤BF8511,114.112366,22.535982,1205
粤BF8511,114.112236,22.536383,1205
粤BF8511,114.112366,22.535982,1205
粤BF8511,114.112747,22.535683,1206
粤BF8511,114.113052,22.535717,1206
粤BF8511,114.112747,22.535683,1206
粤BF8511,114.113968,22.535683,1207
粤BF8511,114.113968,22.535683,1207
粤BF8511,114.114136,22.535517,1207
粤BF8511,114.114136,22.535517,1208
粤BF8511,114.114082,22.534651,1208
粤BF8511,114.113464,22.534218,1215
粤BF8511,114.12487,22.541733,1216
粤BF8511,114.113464,22.534218,1216
粤BF8511,114.127419,22.54315,1216
粤BF8511,114.134331,22.546766,1217
粤BF8511,114.132835,22.545616,1217
粤BF8511,114.13018,22.544416,1217
粤BF8511,114.137985,22.549883,1218
粤BF8511,114.13578,22.548483,1218
粤BF8511,114.139801,22.549932,1218
粤BF8511,114.142197,22.550051,1219
粤BF8511,114.142868,22.550182,1219
粤BF8511,114.14122,22.549883,1219
粤BF8511,114.141548,22.548,1220
粤BF8511,114.142151,22.548918,1220
粤BF8511,114.141449,22.547832,1220
粤BF8511,114.141449,22.547832,1220
粤BF8511,114.141701,22.547983,1221
粤BF8511,114.14222,22.548866,1221
粤BF8511,114.142532,22.549351,1221
粤BF8511,114.14222,22.548866,1221
粤BF8511,114.142883,22.5499,1222
粤BF8511,114.142883,22.5499,1222
粤BF8511,114.142883,22.5499,1222
粤BF8511,114.142883,22.5499,1223
粤BF8511,114.143364,22.551666,1223
粤BF8511,114.143166,22.549917,1223
粤BF8511,114.143333,22.552349,1224
粤BF8511,114.143547,22.553568,1224
粤BF8511,114.143852,22.555,1224
粤BF8511,114.145287,22.55545,1225
粤BF8511,114.151764,22.556732,1225
粤BF8511,114.1483,22.555933,1225
粤BF8511,114.156799,22.560516,1226
粤BF8511,114.158501,22.56105,1226
粤BF8511,114.154221,22.558567,1226
粤BF8511,114.158653,22.560699,1227
粤BF8511,114.158081,22.560266,1227
粤BF8511,114.158615,22.560534,1227
粤BF8511,114.157417,22.562183,1228
粤BF8511,114.157433,22.5611,1228
粤BF8511,114.157433,22.562933,1228
粤BF8511,114.16053,22.564199,1229
粤BF8511,114.157867,22.564199,1229
粤BF8511,114.160133,22.564217,1229
粤BF8511,114.161232,22.564199,1230
粤BF8511,114.162949,22.564251,1230
粤BF8511,114.161736,22.564266,1230
粤BF8511,114.166168,22.564266,1231
粤BF8511,114.164467,22.564283,1231
粤BF8511,114.16568,22.564283,1231
粤BF8511,114.166298,22.564266,1232
粤BF8511,114.166298,22.564266,1232
粤BF8511,114.166298,22.564266,1233
粤BF8511,114.166298,22.564266,1233
粤BF8511,114.166519,22.563049,1234
粤BF8511,114.162865,22.562983,1234
粤BF8511,114.164886,22.563017,1234
粤BF8511,114.157715,22.561399,1235
粤BF8511,114.160217,22.56255,1235
粤BF8511,114.155785,22.55995,1235
粤BF8511,114.151268,22.556618,1236
粤BF8511,114.153503,22.558067,1236
粤BF8511,114.149803,22.556984,1236
粤BF8511,114.147217,22.557516,1237
粤BF8511,114.148033,22.559816,1237
粤BF8511,114.14917,22.558916,1237
粤BF8511,114.1465,22.557234,1238
粤BF8511,114.144318,22.556601,1238
粤BF8511,114.145851,22.55695,1238
粤BF8511,114.142334,22.55615,1239
粤BF8511,114.141319,22.555367,1239
粤BF8511,114.141266,22.556084,1239
粤BF8511,114.13903,22.553534,1240
粤BF8511,114.139816,22.554533,1240
粤BF8511,114.139099,22.553617,1240
粤BF8511,114.13903,22.553534,1241
粤BF8511,114.137154,22.551268,1241
粤BF8511,114.135696,22.549133,1241
粤BF8511,114.134354,22.547167,1242
粤BF8511,114.130348,22.544832,1242
粤BF8511,114.132233,22.545816,1242
粤BF8511,114.12925,22.54405,1243
粤BF8511,114.12925,22.54405,1244
粤BF8511,114.12925,22.54405,1244
粤BF8511,114.12925,22.54405,1244
粤BF8511,114.12925,22.54405,1244
粤BF8511,114.12925,22.54405,1245
粤BF8511,114.12925,22.54405,1245
粤BF8511,114.125999,22.546949,1245
粤BF8511,114.125931,22.547567,1246
粤BF8511,114.125931,22.547567,1246
粤BF8511,114.125931,22.547567,1246
粤BF8511,114.1259,22.549917,1247
粤BF8511,114.1259,22.552017,1247
粤BF8511,114.125969,22.547934,1247
粤BF8511,114.125298,22.553516,1248
粤BF8511,114.1241,22.554768,1248
粤BF8511,114.122566,22.556433,1248
粤BF8511,114.121185,22.558001,1249
粤BF8511,114.119484,22.560949,1249
粤BF8511,114.120186,22.55975,1249
粤BF8511,114.117752,22.569201,1250
粤BF8511,114.118568,22.563601,1250
粤BF8511,114.11808,22.566467,1250
粤BF8511,114.116852,22.576532,1251
粤BF8511,114.117851,22.574318,1251
粤BF8511,114.117798,22.5718,1251
粤BF8511,114.115532,22.579117,1252
粤BF8511,114.1147,22.581301,1252
粤BF8511,114.114052,22.583332,1252
粤BF8511,114.11097,22.587851,1253
粤BF8511,114.112602,22.585318,1253
粤BF8511,114.112236,22.586,1253
粤BF8511,114.111252,22.596201,1254
粤BF8511,114.110046,22.594017,1254
粤BF8511,114.109329,22.590799,1254
粤BF8511,114.111549,22.596649,1255
粤BF8511,114.111549,22.596649,1255
粤BF8511,114.111549,22.596649,1255
粤BF8511,114.111534,22.596617,1255
粤BF8511,114.111549,22.596649,1256
粤BF8511,114.111618,22.5968,1256
粤BF8511,114.112602,22.596933,1256
粤BF8511,114.113785,22.596434,1257
粤BF8511,114.114899,22.596434,1257
粤BF8511,114.11628,22.596466,1257
粤BF8511,114.119698,22.59605,1258
粤BF8511,114.118896,22.596483,1258
粤BF8511,114.1175,22.5965,1258
粤BF8511,114.119667,22.5942,1259
粤BF8511,114.119736,22.592182,1259
粤BF8511,114.120087,22.591118,1260
粤BF8511,114.119934,22.591084,1260
粤BF8511,114.119751,22.591467,1260
粤BF8511,114.119934,22.591084,1260
粤BF8511,114.122765,22.591467,1261
粤BF8511,114.120537,22.5912,1261
粤BF8511,114.125,22.59045,1261
粤BF8511,114.126099,22.588449,1262
粤BF8511,114.127983,22.586651,1262
粤BF8511,114.127434,22.586901,1262
粤BF8511,114.127983,22.587418,1263
粤BF8511,114.128914,22.588083,1263
粤BF8511,114.129265,22.5882,1263
粤BF8511,114.13015,22.589117,1264
粤BF8511,114.130402,22.588734,1264
粤BF8511,114.129967,22.589067,1264
粤BF8511,114.129669,22.588833,1264
粤BF8511,114.130669,22.58865,1265
粤BF8511,114.131218,22.588484,1265
粤BF8511,114.130951,22.588568,1265
粤BF8511,114.12793,22.586533,1266
粤BF8511,114.127968,22.58745,1266
粤BF8511,114.131416,22.588417,1266
粤BF8511,114.128433,22.585867,1267
粤BF8511,114.129631,22.584517,1267
粤BF8511,114.130432,22.583668,1267
粤BF8511,114.130249,22.5802,1268
粤BF8511,114.130486,22.582582,1268
粤BF8511,114.130531,22.581133,1268
粤BF8511,114.130547,22.580116,1269
粤BF8511,114.12957,22.579317,1269
粤BF8511,114.127647,22.579634,1269
粤BF8511,114.124367,22.579399,1270
粤BF8511,114.122902,22.577017,1272
粤BF8511,114.123016,22.579283,1272
粤BF8511,114.123619,22.574867,1273
粤BF8511,114.124168,22.573334,1273
粤BF8511,114.124649,22.571199,1273
粤BF8511,114.125031,22.567699,1274
粤BF8511,114.125069,22.565718,1274
粤BF8511,114.124985,22.569017,1274
粤BF8511,114.124733,22.561867,1275
粤BF8511,114.124619,22.563551,1275
粤BF8511,114.124802,22.56465,1275
粤BF8511,114.124886,22.560499,1276
粤BF8511,114.124985,22.559401,1276
粤BF8511,114.123802,22.558468,1276
粤BF8511,114.122383,22.557684,1277
粤BF8511,114.122383,22.557684,1277
粤BF8511,114.122948,22.558067,1277
粤BF8511,114.121582,22.557217,1277
粤BF8511,114.120537,22.558067,1278
粤BF8511,114.12278,22.556084,1278
粤BF8511,114.121765,22.557167,1278
粤BF8511,114.125717,22.55265,1279
粤BF8511,114.124466,22.554167,1279
粤BF8511,114.125847,22.550682,1279
粤BF8511,114.125816,22.549816,1280
粤BF8511,114.125816,22.549816,1280
粤BF8511,114.125816,22.549816,1280
粤BF8511,114.125702,22.549417,1281
粤BF8511,114.125816,22.549816,1281
粤BF8511,114.125816,22.549816,1281
粤BF8511,114.125717,22.546867,1282
粤BF8511,114.125717,22.548883,1282
粤BF8511,114.125717,22.546932,1282
粤BF8511,114.125748,22.547882,1282
粤BF8511,114.125717,22.546867,1283
粤BF8511,114.125847,22.54565,1283
粤BF8511,114.125816,22.546551,1283
粤BF8511,114.124847,22.545116,1284
粤BF8511,114.122169,22.544983,1284
粤BF8511,114.122986,22.545067,1284
粤BF8511,114.121201,22.543484,1285
粤BF8511,114.121513,22.543966,1285
粤BF8511,114.121117,22.5434,1286
粤BF8511,114.121117,22.5434,1287
粤BF8511,114.121117,22.5434,1287
粤BF8511,114.121117,22.5434,1287
粤BF8511,114.121117,22.5434,1288
粤BF8511,114.121117,22.5434,1288
粤BF8511,114.121117,22.5434,1288
粤BF8511,114.121117,22.5434,1289
粤BF8511,114.117752,22.541384,1289
粤BF8511,114.1175,22.541533,1289
粤BF8511,114.117729,22.541582,1289
粤BF8511,114.116447,22.541166,1290
粤BF8511,114.115952,22.5408,1290
粤BF8511,114.116714,22.539949,1290
粤BF8511,114.114197,22.539,1291
粤BF8511,114.116585,22.539284,1291
粤BF8511,114.113914,22.538967,1291
粤BF8511,114.113686,22.540833,1292
粤BF8511,114.113686,22.539932,1292
粤BF8511,114.113731,22.541567,1292
粤BF8511,114.113731,22.541567,1293
粤BF8511,114.113586,22.54195,1293
粤BF8511,114.114052,22.5424,1293
粤BF8511,114.116234,22.5429,1294
粤BF8511,114.114052,22.5424,1294
粤BF8511,114.114052,22.5424,1294
粤BF8511,114.114731,22.542618,1294
粤BF8511,114.117485,22.543318,1295
粤BF8511,114.117317,22.545334,1295
粤BF8511,114.118019,22.543751,1295
粤BF8511,114.117203,22.546101,1296
粤BF8511,114.117203,22.546101,1296
粤BF8511,114.117203,22.546101,1296
粤BF8511,114.116997,22.547167,1297
粤BF8511,114.116684,22.548468,1297
粤BF8511,114.117203,22.546101,1297
粤BF8511,114.116615,22.55015,1298
粤BF8511,114.11657,22.548983,1298
粤BF8511,114.116882,22.550249,1298
粤BF8511,114.117401,22.550817,1299
粤BF8511,114.117935,22.550682,1299
粤BF8511,114.11808,22.550632,1300
粤BF8511,114.118835,22.553917,1300
粤BF8511,114.120682,22.558184,1301
粤BF8511,114.119835,22.55555,1301
粤BF8511,114.121117,22.556816,1301
粤BF8511,114.118698,22.563032,1302
粤BF8511,114.118233,22.565901,1302
粤BF8511,114.119514,22.56065,1302
粤BF8511,114.117836,22.568968,1303
粤BF8511,114.117882,22.574417,1303
粤BF8511,114.117851,22.572033,1303
粤BF8511,114.115402,22.579733,1304
粤BF8511,114.117134,22.576117,1304
粤BF8511,114.115936,22.578466,1304
粤BF8511,114.117401,22.580168,1305
粤BF8511,114.119934,22.580482,1305
粤BF8511,114.121147,22.5791,1305
粤BF8511,114.122299,22.579599,1306
粤BF8511,114.122704,22.58045,1308
粤BF8511,114.120621,22.580717,1308
粤BF8511,114.12233,22.580816,1308
粤BF8511,114.121216,22.5805,1308
粤BF8511,114.120018,22.580933,1309
粤BF8511,114.122917,22.579933,1310
粤BF8511,114.119484,22.581133,1310
粤BF8511,114.122902,22.579832,1311
粤BF8511,114.122902,22.579832,1311
粤BF8511,114.122818,22.57935,1311
粤BF8511,114.124199,22.573483,1312
粤BF8511,114.122864,22.577999,1312
粤BF8511,114.123352,22.57575,1312
粤BF8511,114.124283,22.573099,1313
粤BF8511,114.124603,22.57185,1313
粤BF8511,114.124283,22.572983,1313
粤BF8511,114.124969,22.570267,1314
粤BF8511,114.124969,22.570267,1314
粤BF8511,114.124969,22.570267,1314
粤BF8511,114.124969,22.570267,1315
粤BF8511,114.124969,22.570267,1315
粤BF8511,114.124969,22.570267,1315
粤BF8511,114.129021,22.571583,1316
粤BF8511,114.127747,22.571167,1316
粤BF8511,114.125954,22.570417,1316
粤BF8511,114.13208,22.571882,1317
粤BF8511,114.133247,22.571466,1317
粤BF8511,114.130348,22.57205,1317
粤BF8511,114.135536,22.5702,1318
粤BF8511,114.133904,22.571033,1318
粤BF8511,114.133247,22.571466,1318
粤BF8511,114.137619,22.568817,1319
粤BF8511,114.137604,22.568382,1319
粤BF8511,114.136467,22.5674,1319
粤BF8511,114.135986,22.5669,1319
粤BF8511,114.135948,22.566851,1320
粤BF8511,114.135948,22.566851,1320
粤BF8511,114.135017,22.566151,1320
粤BF8511,114.132568,22.562817,1321
粤BF8511,114.134415,22.565001,1321
粤BF8511,114.131935,22.562149,1321
粤BF8511,114.131935,22.562149,1322
粤BF8511,114.131035,22.560801,1322
粤BF8511,114.131935,22.562149,1322
粤BF8511,114.12648,22.553867,1323
粤BF8511,114.129501,22.558451,1323
粤BF8511,114.128014,22.556232,1323
粤BF8511,114.125618,22.552683,1324
粤BF8511,114.126068,22.553118,1324
粤BF8511,114.126068,22.553118,1324
粤BF8511,114.124336,22.552349,1325
粤BF8511,114.124115,22.552299,1325
粤BF8511,114.12397,22.55225,1325
粤BF8511,114.123253,22.552233,1326
粤BF8511,114.123634,22.552217,1326
粤BF8511,114.1222,22.551968,1326
粤BF8511,114.120537,22.551983,1327
粤BF8511,114.121719,22.551983,1327
粤BF8511,114.11927,22.551916,1327
粤BF8511,114.118233,22.551783,1328
粤BF8511,114.117714,22.55125,1328
粤BF8511,114.117653,22.551767,1328
粤BF8511,114.116783,22.550583,1329
粤BF8511,114.116814,22.550768,1329
粤BF8511,114.116501,22.549067,1330
粤BF8511,114.116501,22.549368,1330
粤BF8511,114.116531,22.550083,1330
粤BF8511,114.116501,22.549067,1331
粤BF8511,114.110733,22.545467,1332
粤BF8511,114.113548,22.545883,1332
粤BF8511,114.116501,22.549067,1332
粤BF8511,114.108368,22.545067,1333
粤BF8511,114.108566,22.54665,1333
粤BF8511,114.109367,22.5473,1333
粤BF8511,114.109886,22.545834,1334
粤BF8511,114.110252,22.541933,1334
粤BF8511,114.1101,22.54315,1334
粤BF8511,114.108047,22.542383,1335
粤BF8511,114.110252,22.541933,1335
粤BF8511,114.109032,22.5417,1335
粤BF8511,114.108047,22.542383,1335
粤BF8511,114.108047,22.542383,1336
粤BF8511,114.108047,22.542383,1336
粤BF8511,114.108047,22.542383,1336
粤BF8511,114.1082,22.542917,1337
粤BF8511,114.109253,22.545168,1337
粤BF8511,114.108437,22.5445,1337
粤BF8511,114.112335,22.545668,1338
粤BF8511,114.11377,22.546017,1338
粤BF8511,114.11377,22.546017,1338
粤BF8511,114.112602,22.54645,1339
粤BF8511,114.113152,22.546316,1339
粤BF8511,114.113167,22.5464,1339
粤BF8511,114.113815,22.5471,1340
粤BF8511,114.114616,22.547001,1340
粤BF8511,114.11377,22.546118,1340
粤BF8511,114.113197,22.548283,1341
粤BF8511,114.11367,22.547684,1341
粤BF8511,114.11097,22.546967,1342
粤BF8511,114.111969,22.546682,1342
粤BF8511,114.113197,22.548283,1342
粤BF8511,114.110497,22.546917,1343
粤BF8511,114.110336,22.548218,1343
粤BF8511,114.11042,22.54735,1343
粤BF8511,114.110268,22.5499,1344
粤BF8511,114.109886,22.552168,1344
粤BF8511,114.109802,22.553232,1344
粤BF8511,114.110497,22.556601,1345
粤BF8511,114.109802,22.554567,1345
粤BF8511,114.109802,22.553232,1345
粤BF8511,114.112,22.558916,1346
粤BF8511,114.112083,22.564266,1346
粤BF8511,114.111771,22.561417,1346
粤BF8511,114.112534,22.566784,1347
粤BF8511,114.112534,22.566851,1347
粤BF8511,114.112648,22.568268,1347
粤BF8511,114.114334,22.576933,1348
粤BF8511,114.114014,22.573633,1348
粤BF8511,114.113617,22.570868,1348
粤BF8511,114.108833,22.57625,1349
粤BF8511,114.111183,22.576683,1349
粤BF8511,114.113235,22.57695,1349
粤BF8511,114.105034,22.573816,1350
粤BF8511,114.106651,22.574917,1350
粤BF8511,114.102234,22.571966,1350
粤BF8511,114.095718,22.568666,1351
粤BF8511,114.099052,22.570101,1351
粤BF8511,114.092316,22.567766,1351
粤BF8511,114.08625,22.567383,1352
粤BF8511,114.089218,22.567101,1352
粤BF8511,114.084885,22.57025,1352
粤BF8511,114.075348,22.571867,1353
粤BF8511,114.082664,22.572001,1353
粤BF8511,114.078835,22.5728,1353
粤BF8511,114.067551,22.570316,1354
粤BF8511,114.068848,22.569332,1354
粤BF8511,114.072067,22.569866,1354
粤BF8511,114.06752,22.571817,1355
粤BF8511,114.067184,22.574318,1355
粤BF8511,114.065353,22.576717,1355
粤BF8511,114.055664,22.579832,1356
粤BF8511,114.06218,22.57795,1356
粤BF8511,114.058281,22.578484,1356
粤BF8511,114.052368,22.587816,1357
粤BF8511,114.054337,22.582367,1357
粤BF8511,114.053253,22.585051,1357
粤BF8511,114.04837,22.592367,1358
粤BF8511,114.050247,22.589701,1358
粤BF8511,114.046967,22.59515,1358
粤BF8511,114.045769,22.598284,1359
粤BF8511,114.043854,22.600616,1359
粤BF8511,114.043816,22.602818,1359
粤BF8511,114.046165,22.603951,1360
粤BF8511,114.048981,22.604334,1360
粤BF8511,114.047302,22.604067,1360
粤BF8511,114.052269,22.605667,1361
粤BF8511,114.052269,22.605667,1361
粤BF8511,114.052269,22.605667,1361
粤BF8511,114.050865,22.604851,1361
粤BF8511,114.051514,22.6049,1362
粤BF8511,114.050201,22.604349,1362
粤BF8511,114.050201,22.604349,1362
粤BF8511,114.050201,22.604349,1363
粤BF8511,114.049286,22.604467,1363
粤BF8511,114.050201,22.604349,1363
粤BF8511,114.045967,22.604267,1364
粤BF8511,114.047134,22.6042,1364
粤BF8511,114.045464,22.6042,1364
粤BF8511,114.045486,22.603933,1365
粤BF8511,114.04332,22.602318,1365
粤BF8511,114.044731,22.598118,1366
粤BF8511,114.046234,22.595934,1366
粤BF8511,114.043716,22.60055,1366
粤BF8511,114.052299,22.587732,1367
粤BF8511,114.047997,22.592899,1367
粤BF8511,114.050003,22.589767,1367
粤BF8511,114.053253,22.584566,1368
粤BF8511,114.056801,22.57865,1368
粤BF8511,114.054832,22.581118,1368
粤BF8511,114.066933,22.575317,1369
粤BF8511,114.060402,22.578051,1369
粤BF8511,114.064583,22.577049,1369
粤BF8511,114.065269,22.574516,1370
粤BF8511,114.063835,22.573584,1370
粤BF8511,114.064529,22.572517,1370
粤BF8511,114.066635,22.57115,1371
粤BF8511,114.066566,22.57115,1371
粤BF8511,114.065681,22.571882,1371
粤BF8511,114.06633,22.57115,1371
粤BF8511,114.067017,22.570383,1372
粤BF8511,114.064903,22.568716,1372
粤BF8511,114.061447,22.568068,1372
粤BF8511,114.054932,22.565517,1373
粤BF8511,114.058083,22.566483,1373
粤BF8511,114.051849,22.5653,1373
粤BF8511,114.048798,22.567867,1374
粤BF8511,114.048897,22.565517,1374
粤BF8511,114.048767,22.567051,1374
粤BF8511,114.04882,22.568583,1375
粤BF8511,114.04882,22.568583,1375
粤BF8511,114.04882,22.568583,1375
粤BF8511,114.04882,22.568583,1375
粤BF8511,114.04882,22.568583,1376
粤BF8511,114.048698,22.567583,1376
粤BF8511,114.048698,22.567583,1376
粤BF8511,114.048737,22.566799,1377
粤BF8511,114.048782,22.566317,1377
粤BF8511,114.048782,22.566517,1377
粤BF8511,114.04847,22.565201,1377
粤BF8511,114.045815,22.565582,1378
粤BF8511,114.043884,22.564899,1378
粤BF8511,114.045753,22.565468,1378
粤BF8511,114.039215,22.564182,1379
粤BF8511,114.040604,22.562349,1379
粤BF8511,114.040916,22.56385,1379
粤BF8511,114.043449,22.557117,1380
粤BF8511,114.043831,22.556101,1380
粤BF8511,114.042435,22.559151,1380
粤BF8511,114.044083,22.552917,1381
粤BF8511,114.044151,22.550234,1381
粤BF8511,114.044266,22.547001,1381
粤BF8511,114.044403,22.540216,1382
粤BF8511,114.04435,22.543467,1382
粤BF8511,114.044502,22.536833,1382
粤BF8511,114.044586,22.533567,1383
粤BF8511,114.04467,22.530466,1383
粤BF8511,114.044502,22.525999,1384
粤BF8511,114.044502,22.525999,1384
粤BF8511,114.04467,22.526251,1384
粤BF8511,114.042603,22.522266,1385
粤BF8511,114.043999,22.524767,1385
粤BF8511,114.044502,22.525999,1385
粤BF8511,114.045219,22.519367,1386
粤BF8511,114.042213,22.520817,1386
粤BF8511,114.049049,22.518299,1386
粤BF8511,114.058403,22.519484,1387
粤BF8511,114.056252,22.518749,1387
粤BF8511,114.052467,22.518101,1387
粤BF8511,114.059547,22.520201,1388
粤BF8511,114.060669,22.520866,1388
粤BF8511,114.060669,22.520866,1388
粤BF8511,114.060783,22.522034,1389
粤BF8511,114.060303,22.523783,1389
粤BF8511,114.059799,22.525583,1389
粤BF8511,114.05938,22.527317,1390
粤BF8511,114.059731,22.525801,1390
粤BF8511,114.05938,22.527283,1390
粤BF8511,114.059151,22.529284,1391
粤BF8511,114.05938,22.529266,1391
粤BF8511,114.058929,22.528999,1391
粤BF8511,114.059303,22.527483,1391
粤BF8511,114.059464,22.529583,1392
粤BF8511,114.059715,22.529467,1392
粤BF8511,114.06105,22.529484,1392
粤BF8511,114.060432,22.529249,1393
粤BF8511,114.058899,22.529284,1393
粤BF8511,114.06105,22.529484,1393
粤BF8511,114.06105,22.529484,1393
粤BF8511,114.058533,22.531166,1394
粤BF8511,114.060532,22.5315,1394
粤BF8511,114.063469,22.531767,1394
粤BF8511,114.070602,22.532066,1395
粤BF8511,114.066765,22.532017,1395
粤BF8511,114.074486,22.53195,1395
粤BF8511,114.079918,22.535683,1396
粤BF8511,114.078247,22.532551,1396
粤BF8511,114.082901,22.537233,1396
粤BF8511,114.09375,22.538033,1397
粤BF8511,114.08622,22.537333,1397
粤BF8511,114.089966,22.537733,1397
粤BF8511,114.09787,22.537983,1398
粤BF8511,114.10157,22.53805,1398
粤BF8511,114.104836,22.537582,1398
粤BF8511,114.111183,22.535482,1399
粤BF8511,114.109497,22.536568,1399
粤BF8511,114.107315,22.537033,1399
粤BF8511,114.112503,22.531517,1401
粤BF8511,114.111603,22.535351,1401
粤BF8511,114.114136,22.531668,1402
粤BF8511,114.113785,22.535917,1404
粤BF8511,114.114418,22.531467,1404
粤BF8511,114.112419,22.536083,1404
粤BF8511,114.1119,22.538918,1405
粤BF8511,114.112366,22.5368,1405
粤BF8511,114.112198,22.537251,1405
粤BF8511,114.111885,22.538532,1406
粤BF8511,114.111885,22.538532,1406
粤BF8511,114.111885,22.538532,1406
粤BF8511,114.111885,22.538349,1407
粤BF8511,114.112068,22.537832,1407
粤BF8511,114.111984,22.538168,1407
粤BF8511,114.111801,22.537701,1408
粤BF8511,114.111717,22.537649,1410
粤BF8511,114.111717,22.537649,1410
粤BF8511,114.111717,22.537649,1411
粤BF8511,114.111717,22.537649,1411
粤BF8511,114.111717,22.537649,1411
粤BF8511,114.112183,22.537067,1412
粤BF8511,114.112198,22.537233,1412
粤BF8511,114.112183,22.537067,1412
粤BF8511,114.11232,22.536867,1413
粤BF8511,114.112183,22.537067,1413
粤BF8511,114.112396,22.536234,1413
粤BF8511,114.112602,22.535833,1414
粤BF8511,114.112602,22.535833,1414
粤BF8511,114.112396,22.536234,1414
粤BF8511,114.112602,22.535833,1416
粤BF8511,114.112602,22.535833,1416
粤BF8511,114.114487,22.534983,1417
粤BF8511,114.11367,22.53455,1417
粤BF8511,114.112602,22.535833,1417
粤BF8511,114.113403,22.534349,1418
粤BF8511,114.113503,22.534483,1418
粤BF8511,114.11338,22.534317,1423
粤BF8511,114.110313,22.537817,1423
粤BF8511,114.11338,22.534317,1423
粤BF8511,114.10498,22.538282,1424
粤BF8511,114.106865,22.537132,1424
粤BF8511,114.10672,22.539917,1424
粤BF8511,114.106285,22.541517,1425
粤BF8511,114.103348,22.542418,1425
粤BF8511,114.10463,22.541668,1425
粤BF8511,114.102837,22.542633,1426
粤BF8511,114.104797,22.543333,1426
粤BF8511,114.10305,22.542732,1426
粤BF8511,114.102333,22.541733,1426
粤BF8511,114.101898,22.540968,1433
粤BF8511,114.101898,22.540968,1435
粤BF8511,114.101898,22.540968,1436
粤BF8511,114.101898,22.540968,1436
粤BF8511,114.101898,22.540968,1437
粤BF8511,114.101898,22.540968,1437
粤BF8511,114.109383,22.5452,1438
粤BF8511,114.106133,22.544649,1438
粤BF8511,114.112549,22.545767,1438
粤BF8511,114.116814,22.546267,1439
粤BF8511,114.116814,22.546267,1439
粤BF8511,114.115349,22.545834,1439
