粤BX0Y49,114.106773,22.541538,7
粤BX0Y49,114.107201,22.541162,10
粤BX0Y49,114.110748,22.540762,11
粤BX0Y49,114.110001,22.540688,11
粤BX0Y49,114.113457,22.534283,13
粤BX0Y49,114.112694,22.534246,14
粤BX0Y49,114.113914,22.534195,15
粤BX0Y49,114.113693,22.534185,16
粤BX0Y49,114.113869,22.534172,16
粤BX0Y49,114.113869,22.534172,18
粤BX0Y49,114.113869,22.534172,19
粤BX0Y49,114.115242,22.534758,21
粤BX0Y49,114.113914,22.534195,21
粤BX0Y49,114.113487,22.5382,23
粤BX0Y49,114.104263,22.537935,23
粤BX0Y49,114.113487,22.5382,23
粤BX0Y49,114.094978,22.538246,24
粤BX0Y49,114.077621,22.532679,26
粤BX0Y49,114.068298,22.531796,27
粤BX0Y49,114.05027,22.531557,28
粤BX0Y49,114.059052,22.531647,28
粤BX0Y49,114.059052,22.531647,28
粤BX0Y49,114.040504,22.53101,29
粤BX0Y49,114.030647,22.530399,30
粤BX0Y49,114.024857,22.533278,31
粤BX0Y49,114.022987,22.541182,32
粤BX0Y49,114.017471,22.544291,33
粤BX0Y49,114.022118,22.544722,33
粤BX0Y49,114.022118,22.544722,33
粤BX0Y49,114.017471,22.544291,34
粤BX0Y49,114.015007,22.543873,34
粤BX0Y49,114.011909,22.54423,35
粤BX0Y49,114.030647,22.530399,36
粤BX0Y49,114.011932,22.544342,36
粤BX0Y49,114.013954,22.543884,37
粤BX0Y49,114.014809,22.542982,38
粤BX0Y49,114.017281,22.541912,38
粤BX0Y49,114.014809,22.542982,38
粤BX0Y49,114.02121,22.542641,39
粤BX0Y49,114.024055,22.536476,40
粤BX0Y49,114.027557,22.530504,41
粤BX0Y49,114.011909,22.54423,41
粤BX0Y49,114.055954,22.531282,43
粤BX0Y49,114.055954,22.531282,43
粤BX0Y49,114.046204,22.531393,43
粤BX0Y49,114.066193,22.531582,44
粤BX0Y49,114.07589,22.53175,45
粤BX0Y49,114.027557,22.530504,46
粤BX0Y49,114.083084,22.537449,46
粤BX0Y49,114.088875,22.537308,47
粤BX0Y49,114.102791,22.537947,48
粤BX0Y49,114.096642,22.538042,48
粤BX0Y49,114.102791,22.537947,49
粤BX0Y49,114.102791,22.537947,49
粤BX0Y49,114.083084,22.537449,51
粤BX0Y49,114.111465,22.533224,53
粤BX0Y49,114.111481,22.533167,53
粤BX0Y49,114.111465,22.533224,54
粤BX0Y49,114.118843,22.539303,61
粤BX0Y49,114.111465,22.533224,62
粤BX0Y49,114.11879,22.543386,63
粤BX0Y49,114.118698,22.54343,64
粤BX0Y49,114.118698,22.54343,64
粤BX0Y49,114.118698,22.54343,64
粤BX0Y49,114.118172,22.548124,65
粤BX0Y49,114.117981,22.543947,65
粤BX0Y49,114.117134,22.548927,66
粤BX0Y49,114.118843,22.539303,67
粤BX0Y49,114.119568,22.55575,68
粤BX0Y49,114.119057,22.559786,69
粤BX0Y49,114.119057,22.559786,69
粤BX0Y49,114.116196,22.565493,70
粤BX0Y49,114.118294,22.566994,70
粤BX0Y49,114.118553,22.567192,71
粤BX0Y49,114.117134,22.548927,72
粤BX0Y49,114.118492,22.569637,72
粤BX0Y49,114.120483,22.571302,73
粤BX0Y49,114.121925,22.57148,74
粤BX0Y49,114.121925,22.57148,74
粤BX0Y49,114.122856,22.571903,75
粤BX0Y49,114.123924,22.572071,75
粤BX0Y49,114.124001,22.573757,76
粤BX0Y49,114.123863,22.57382,77
粤BX0Y49,114.12384,22.573807,77
粤BX0Y49,114.118553,22.567192,77
粤BX0Y49,114.12384,22.573807,79
粤BX0Y49,114.12384,22.573807,80
粤BX0Y49,114.124001,22.573757,82
粤BX0Y49,114.12384,22.573807,85
粤BX0Y49,114.12384,22.573807,88
粤BX0Y49,114.113205,22.604326,94
粤BX0Y49,114.112053,22.606108,94
粤BX0Y49,114.10939,22.610195,95
粤BX0Y49,114.112053,22.606108,95
粤BX0Y49,114.112053,22.606108,95
粤BX0Y49,114.104401,22.614685,96
粤BX0Y49,114.105568,22.615616,97
粤BX0Y49,114.105789,22.615746,97
粤BX0Y49,114.105789,22.615746,100
粤BX0Y49,114.105789,22.615746,102
粤BX0Y49,114.105789,22.615746,107
粤BX0Y49,114.106171,22.590298,414
粤BX0Y49,114.104111,22.588629,415
粤BX0Y49,114.106155,22.590322,415
粤BX0Y49,114.101135,22.584728,416
粤BX0Y49,114.099434,22.578907,417
粤BX0Y49,114.091095,22.567686,420
粤BX0Y49,114.084824,22.563494,420
粤BX0Y49,114.101135,22.584728,421
粤BX0Y49,114.080063,22.558273,421
粤BX0Y49,114.070221,22.558157,422
粤BX0Y49,114.050011,22.562313,425
粤BX0Y49,114.080063,22.558273,426
粤BX0Y49,114.044868,22.55719,426
粤BX0Y49,114.040604,22.555748,427
粤BX0Y49,114.04068,22.556284,428
粤BX0Y49,114.04068,22.556284,428
粤BX0Y49,114.039894,22.556629,429
粤BX0Y49,114.039459,22.557161,430
粤BX0Y49,114.039894,22.556707,430
粤BX0Y49,114.039459,22.557161,430
粤BX0Y49,114.044868,22.55719,431
粤BX0Y49,114.121727,22.591749,640
粤BX0Y49,114.121712,22.591726,640
粤BX0Y49,114.121727,22.591749,640
粤BX0Y49,114.121719,22.591728,641
粤BX0Y49,114.121719,22.591728,642
粤BX0Y49,114.099449,22.604277,931
粤BX0Y49,114.099487,22.604322,932
粤BX0Y49,114.099503,22.604389,932
粤BX0Y49,114.099747,22.606773,933
粤BX0Y49,114.100014,22.607885,934
粤BX0Y49,114.105095,22.609404,936
粤BX0Y49,114.106087,22.609512,937
粤BX0Y49,114.105713,22.609463,937
粤BX0Y49,114.106087,22.609467,938
粤BX0Y49,114.106087,22.609467,941
粤BX0Y49,114.106087,22.609467,946
粤BX0Y49,114.116356,22.566875,1004
粤BX0Y49,114.116417,22.565708,1004
粤BX0Y49,114.116356,22.566875,1004
粤BX0Y49,114.113892,22.56148,1005
粤BX0Y49,114.111908,22.558819,1006
粤BX0Y49,114.105484,22.558516,1007
粤BX0Y49,114.105209,22.558645,1008
粤BX0Y49,114.105209,22.558645,1008
粤BX0Y49,114.1045,22.558699,1009
粤BX0Y49,114.104485,22.558693,1009
粤BX0Y49,114.10218,22.55867,1010
粤BX0Y49,114.095314,22.55858,1011
粤BX0Y49,114.095619,22.560514,1012
粤BX0Y49,114.105484,22.558516,1012
粤BX0Y49,114.096207,22.559513,1013
粤BX0Y49,114.096207,22.559513,1013
粤BX0Y49,114.097382,22.559681,1014
粤BX0Y49,114.098404,22.559614,1014
粤BX0Y49,114.09893,22.560047,1015
粤BX0Y49,114.099289,22.558947,1016
粤BX0Y49,114.099281,22.558962,1017
粤BX0Y49,114.096207,22.559513,1017
粤BX0Y49,114.099304,22.558962,1018
粤BX0Y49,114.099304,22.558962,1018
粤BX0Y49,114.101593,22.558149,1019
粤BX0Y49,114.102455,22.55637,1019
粤BX0Y49,114.101593,22.558149,1019
粤BX0Y49,114.099304,22.558962,1023
粤BX0Y49,114.105972,22.544991,1029
粤BX0Y49,114.100548,22.543425,1030
粤BX0Y49,114.099953,22.543591,1031
粤BX0Y49,114.099915,22.543613,1032
粤BX0Y49,114.100021,22.543575,1033
粤BX0Y49,114.099663,22.541393,1034
粤BX0Y49,114.099663,22.541393,1034
粤BX0Y49,114.099663,22.541393,1034
粤BX0Y49,114.099503,22.541271,1034
粤BX0Y49,114.09758,22.538219,1035
粤BX0Y49,114.091003,22.538082,1036
粤BX0Y49,114.100021,22.543575,1038
粤BX0Y49,114.079529,22.536501,1038
粤BX0Y49,114.077713,22.533218,1039
粤BX0Y49,114.073326,22.532183,1039
粤BX0Y49,114.077713,22.533218,1039
粤BX0Y49,114.070908,22.531412,1040
粤BX0Y49,114.079529,22.536501,1043
粤BX0Y49,114.060143,22.533957,1043
粤BX0Y49,114.061867,22.533686,1044
粤BX0Y49,114.060333,22.53359,1044
粤BX0Y49,114.061867,22.533686,1044
粤BX0Y49,114.060074,22.533211,1045
粤BX0Y49,114.062515,22.533119,1046
粤BX0Y49,114.06414,22.534182,1047
粤BX0Y49,114.062767,22.537102,1048
粤BX0Y49,114.061867,22.533686,1048
粤BX0Y49,114.06324,22.539724,1049
粤BX0Y49,114.06324,22.539724,1049
粤BX0Y49,114.062866,22.545357,1049
粤BX0Y49,114.062866,22.545357,1050
粤BX0Y49,114.063004,22.546041,1050
粤BX0Y49,114.063232,22.54611,1051
粤BX0Y49,114.062897,22.546106,1052
粤BX0Y49,114.06324,22.539724,1053
粤BX0Y49,114.062973,22.547188,1055
粤BX0Y49,114.060364,22.54533,1055
粤BX0Y49,114.058891,22.545956,1056
粤BX0Y49,114.058205,22.545643,1057
粤BX0Y49,114.058937,22.547277,1058
粤BX0Y49,114.05896,22.546368,1059
粤BX0Y49,114.05896,22.546368,1060
粤BX0Y49,114.059044,22.545792,1060
粤BX0Y49,114.0588,22.545618,1060
粤BX0Y49,114.05748,22.545647,1061
粤BX0Y49,114.052948,22.545403,1062
粤BX0Y49,114.05896,22.546368,1064
粤BX0Y49,114.0513,22.539825,1064
粤BX0Y49,114.051033,22.539993,1065
粤BX0Y49,114.051033,22.539993,1065
粤BX0Y49,114.051491,22.540068,1065
粤BX0Y49,114.051033,22.539993,1065
粤BX0Y49,114.051979,22.541119,1067
粤BX0Y49,114.052231,22.54063,1068
粤BX0Y49,114.0513,22.539825,1069
粤BX0Y49,114.052544,22.539545,1069
粤BX0Y49,114.051598,22.539448,1070
粤BX0Y49,114.051598,22.539448,1070
粤BX0Y49,114.051567,22.539343,1070
粤BX0Y49,114.051239,22.538443,1071
粤BX0Y49,114.051292,22.53726,1072
粤BX0Y49,114.051109,22.534039,1073
粤BX0Y49,114.051514,22.527119,1074
粤BX0Y49,114.052544,22.539545,1074
粤BX0Y49,114.051361,22.5268,1075
粤BX0Y49,114.051353,22.524866,1075
粤BX0Y49,114.051361,22.5268,1075
粤BX0Y49,114.050896,22.519779,1076
粤BX0Y49,114.050774,22.51853,1077
粤BX0Y49,114.050842,22.518539,1078
粤BX0Y49,114.051514,22.527119,1079
粤BX0Y49,114.050896,22.518572,1079
粤BX0Y49,114.050598,22.514387,1080
粤BX0Y49,114.050774,22.51832,1080
粤BX0Y49,114.050774,22.51832,1080
粤BX0Y49,114.050774,22.51832,1080
粤BX0Y49,114.053864,22.515141,1081
粤BX0Y49,114.050774,22.51832,1084
粤BX0Y49,114.052605,22.512943,1085
粤BX0Y49,114.052605,22.512943,1085
粤BX0Y49,114.053833,22.513348,1085
粤BX0Y49,114.054451,22.513445,1086
粤BX0Y49,114.05439,22.51358,1087
粤BX0Y49,114.055435,22.512793,1088
粤BX0Y49,114.055244,22.513977,1089
粤BX0Y49,114.056572,22.514597,1090
粤BX0Y49,114.052605,22.512943,1090
粤BX0Y49,114.060593,22.517082,1091
粤BX0Y49,114.06221,22.518311,1092
粤BX0Y49,114.062569,22.518787,1093
粤BX0Y49,114.056572,22.514597,1095
粤BX0Y49,114.061569,22.520859,1095
粤BX0Y49,114.061119,22.521128,1095
粤BX0Y49,114.061569,22.520859,1095
粤BX0Y49,114.061119,22.521128,1096
粤BX0Y49,114.059868,22.525314,1097
粤BX0Y49,114.059914,22.525484,1098
粤BX0Y49,114.059479,22.527542,1099
粤BX0Y49,114.063095,22.531479,1100
粤BX0Y49,114.061569,22.520859,1100
粤BX0Y49,114.058846,22.53051,1100
粤BX0Y49,114.063095,22.531479,1101
粤BX0Y49,114.065941,22.531546,1101
粤BX0Y49,114.073395,22.531565,1102
粤BX0Y49,114.074921,22.531576,1103
粤BX0Y49,114.078835,22.53359,1104
粤BX0Y49,114.079163,22.534294,1105
粤BX0Y49,114.058846,22.53051,1105
粤BX0Y49,114.082085,22.536278,1105
粤BX0Y49,114.082085,22.536278,1106
粤BX0Y49,114.081863,22.539898,1106
粤BX0Y49,114.082237,22.540668,1107
粤BX0Y49,114.083969,22.540775,1108
粤BX0Y49,114.085648,22.540733,1110
粤BX0Y49,114.079163,22.534294,1110
粤BX0Y49,114.085648,22.540733,1110
粤BX0Y49,114.086746,22.54068,1110
粤BX0Y49,114.086746,22.54068,1111
粤BX0Y49,114.087494,22.540964,1111
粤BX0Y49,114.088829,22.541298,1112
粤BX0Y49,114.095528,22.541592,1114
粤BX0Y49,114.098434,22.543497,1115
粤BX0Y49,114.086746,22.54068,1115
粤BX0Y49,114.09803,22.543589,1115
粤BX0Y49,114.099968,22.546528,1116
粤BX0Y49,114.098434,22.543497,1116
粤BX0Y49,114.099396,22.547142,1117
粤BX0Y49,114.099457,22.547321,1118
粤BX0Y49,114.099655,22.551159,1119
粤BX0Y49,114.099289,22.554462,1120
粤BX0Y49,114.099205,22.553574,1120
粤BX0Y49,114.09964,22.554819,1121
粤BX0Y49,114.098434,22.543497,1121
粤BX0Y49,114.09964,22.554819,1121
粤BX0Y49,114.101654,22.55851,1122
粤BX0Y49,114.103783,22.558596,1123
粤BX0Y49,114.107643,22.559072,1124
粤BX0Y49,114.10688,22.566282,1125
粤BX0Y49,114.106651,22.564472,1125
粤BX0Y49,114.106651,22.564472,1125
粤BX0Y49,114.107903,22.566212,1126
粤BX0Y49,114.099289,22.554462,1126
粤BX0Y49,114.10775,22.567827,1127
粤BX0Y49,114.107903,22.566212,1127
粤BX0Y49,114.107666,22.567852,1128
粤BX0Y49,114.107674,22.570251,1129
粤BX0Y49,114.108047,22.571867,1130
粤BX0Y49,114.107903,22.571962,1130
粤BX0Y49,114.10688,22.566282,1131
粤BX0Y49,114.107887,22.572271,1131
粤BX0Y49,114.107887,22.572271,1132
粤BX0Y49,114.106819,22.57583,1132
粤BX0Y49,114.102402,22.571999,1133
粤BX0Y49,114.095963,22.568987,1134
粤BX0Y49,114.09346,22.571028,1135
粤BX0Y49,114.093506,22.569727,1135
粤BX0Y49,114.093224,22.571953,1136
粤BX0Y49,114.107903,22.571962,1136
粤BX0Y49,114.089317,22.571507,1137
粤BX0Y49,114.093224,22.571953,1137
粤BX0Y49,114.09346,22.571028,1141
粤BX0Y49,114.099274,22.56185,1145
粤BX0Y49,114.099167,22.561848,1145
粤BX0Y49,114.099464,22.558846,1146
粤BX0Y49,114.099419,22.558817,1147
粤BX0Y49,114.099419,22.558817,1147
粤BX0Y49,114.099426,22.558678,1148
粤BX0Y49,114.102615,22.558538,1149
粤BX0Y49,114.113289,22.55864,1150
粤BX0Y49,114.107025,22.558561,1150
粤BX0Y49,114.115585,22.556311,1151
粤BX0Y49,114.115334,22.554199,1152
粤BX0Y49,114.115334,22.554199,1152
粤BX0Y49,114.099464,22.558846,1152
粤BX0Y49,114.115356,22.554176,1153
粤BX0Y49,114.11525,22.553762,1154
粤BX0Y49,114.117134,22.551527,1155
粤BX0Y49,114.116776,22.55183,1155
粤BX0Y49,114.11721,22.551516,1156
粤BX0Y49,114.117134,22.551527,1156
粤BX0Y49,114.115585,22.556311,1157
粤BX0Y49,114.116707,22.550318,1157
粤BX0Y49,114.116707,22.550318,1158
粤BX0Y49,114.116859,22.547188,1158
粤BX0Y49,114.117035,22.547182,1159
粤BX0Y49,114.118027,22.543938,1160
粤BX0Y49,114.117683,22.544357,1160
粤BX0Y49,114.117752,22.543806,1161
粤BX0Y49,114.11721,22.551516,1162
粤BX0Y49,114.117676,22.543802,1162
粤BX0Y49,114.117676,22.543802,1163
粤BX0Y49,114.11779,22.541838,1163
粤BX0Y49,114.116508,22.540594,1164
粤BX0Y49,114.112144,22.537367,1165
粤BX0Y49,114.114532,22.539022,1165
粤BX0Y49,114.112335,22.536118,1166
粤BX0Y49,114.117752,22.543806,1167
粤BX0Y49,114.112289,22.536036,1167
粤BX0Y49,114.112244,22.536062,1168
粤BX0Y49,114.112289,22.536036,1168
粤BX0Y49,114.112244,22.536062,1168
粤BX0Y49,114.112244,22.536062,1171
粤BX0Y49,114.112335,22.536118,1172
粤BX0Y49,114.112244,22.536062,1173
粤BX0Y49,114.112198,22.536062,1176
粤BX0Y49,114.112244,22.536062,1177
粤BX0Y49,114.112198,22.536062,1178
粤BX0Y49,114.112198,22.536062,1183
粤BX0Y49,114.112198,22.536062,1183
粤BX0Y49,114.114166,22.535845,1184
粤BX0Y49,114.113876,22.537458,1185
粤BX0Y49,114.113876,22.537458,1186
粤BX0Y49,114.113739,22.540869,1186
粤BX0Y49,114.11525,22.541344,1187
粤BX0Y49,114.115952,22.541096,1188
粤BX0Y49,114.112198,22.536062,1188
粤BX0Y49,114.115952,22.541096,1188
粤BX0Y49,114.116463,22.540127,1188
粤BX0Y49,114.11425,22.539007,1189
粤BX0Y49,114.114288,22.538864,1190
粤BX0Y49,114.112175,22.538797,1191
粤BX0Y49,114.112114,22.536348,1192
粤BX0Y49,114.112022,22.536158,1192
粤BX0Y49,114.115952,22.541096,1193
粤BX0Y49,114.112022,22.536158,1194
粤BX0Y49,114.112022,22.536158,1198
粤BX0Y49,114.112022,22.536158,1199
粤BX0Y49,114.112022,22.536158,1201
粤BX0Y49,114.112022,22.536158,1203
粤BX0Y49,114.112022,22.536158,1204
粤BX0Y49,114.112022,22.536158,1208
粤BX0Y49,114.112022,22.536158,1209
粤BX0Y49,114.112022,22.536158,1214
粤BX0Y49,114.112022,22.536158,1214
粤BX0Y49,114.112022,22.536158,1216
粤BX0Y49,114.112343,22.536047,1218
粤BX0Y49,114.112343,22.536047,1219
粤BX0Y49,114.112022,22.536158,1219
粤BX0Y49,114.112343,22.536047,1224
粤BX0Y49,114.112343,22.536047,1225
粤BX0Y49,114.112343,22.536047,1229
粤BX0Y49,114.112343,22.536047,1230
粤BX0Y49,114.112373,22.536066,1231
粤BX0Y49,114.112373,22.536066,1231
粤BX0Y49,114.112343,22.536047,1234
粤BX0Y49,114.118477,22.542578,1235
粤BX0Y49,114.120926,22.542894,1235
粤BX0Y49,114.118477,22.542578,1235
粤BX0Y49,114.092377,22.558893,1425
粤BX0Y49,114.087662,22.557913,1426
粤BX0Y49,114.092377,22.558893,1426
粤BX0Y49,114.092377,22.558893,1426
粤BX0Y49,114.075279,22.558283,1427
粤BX0Y49,114.067993,22.558086,1427
粤BX0Y49,114.068581,22.557358,1428
粤BX0Y49,114.055618,22.562574,1431
粤BX0Y49,114.055618,22.562574,1431
粤BX0Y49,114.04966,22.562187,1432
粤BX0Y49,114.043938,22.557037,1433
粤BX0Y49,114.04351,22.556807,1434
粤BX0Y49,114.068581,22.557358,1434
粤BX0Y49,114.037285,22.557255,1435
粤BX0Y49,114.032951,22.561266,1436
粤BX0Y49,114.032951,22.561266,1436
粤BX0Y49,114.03299,22.561642,1437
粤BX0Y49,114.033356,22.560232,1437
粤BX0Y49,114.036011,22.558748,1438
粤BX0Y49,114.03833,22.556423,1439
粤BX0Y49,114.04351,22.556807,1439
