粤B2WT35,114.16127,22.630568,12
粤B2WT35,114.16127,22.630568,23
粤B2WT35,114.16127,22.630568,33
粤B2WT35,114.16127,22.630568,44
粤B2WT35,114.16127,22.630568,55
粤B2WT35,114.16127,22.630568,65
粤B2WT35,114.16127,22.630568,76
粤B2WT35,114.16127,22.630568,86
粤B2WT35,114.16127,22.630568,97
粤B2WT35,114.16127,22.630568,107
粤B2WT35,114.16127,22.630568,118
粤B2WT35,114.16127,22.630568,129
粤B2WT35,114.16127,22.630568,139
粤B2WT35,114.16127,22.630568,150
粤B2WT35,114.16127,22.630568,160
粤B2WT35,114.16127,22.630568,171
粤B2WT35,114.16127,22.630568,193
粤B2WT35,114.16127,22.630568,203
粤B2WT35,114.16127,22.630568,214
粤B2WT35,114.16127,22.630568,225
粤B2WT35,114.16127,22.630568,235
粤B2WT35,114.16127,22.630568,246
粤B2WT35,114.16127,22.630568,256
粤B2WT35,114.16127,22.630568,267
粤B2WT35,114.16127,22.630568,277
粤B2WT35,114.16127,22.630568,288
粤B2WT35,114.16127,22.630568,299
粤B2WT35,114.16127,22.630568,309
粤B2WT35,114.16127,22.630568,320
粤B2WT35,114.16127,22.630568,330
粤B2WT35,114.16127,22.630568,341
粤B2WT35,114.16127,22.630568,352
粤B2WT35,114.16127,22.630568,362
粤B2WT35,114.16127,22.630568,373
粤B2WT35,114.16127,22.630568,383
粤B2WT35,114.16127,22.630568,394
粤B2WT35,114.16127,22.630568,404
粤B2WT35,114.16127,22.630568,415
粤B2WT35,114.16127,22.630568,426
粤B2WT35,114.16127,22.630568,436
粤B2WT35,114.16127,22.630568,447
粤B2WT35,114.16127,22.630568,457
粤B2WT35,114.16127,22.630568,468
粤B2WT35,114.16127,22.630568,479
粤B2WT35,114.16127,22.630568,489
粤B2WT35,114.16127,22.630568,500
粤B2WT35,114.16127,22.630568,510
粤B2WT35,114.16127,22.630568,521
粤B2WT35,114.16127,22.630568,531
粤B2WT35,114.16127,22.630568,553
粤B2WT35,114.16127,22.630568,563
粤B2WT35,114.16127,22.630568,574
粤B2WT35,114.16127,22.630568,584
粤B2WT35,114.16127,22.630568,595
粤B2WT35,114.16127,22.630568,606
粤B2WT35,114.16127,22.630568,616
粤B2WT35,114.16127,22.630568,627
粤B2WT35,114.16127,22.630568,637
粤B2WT35,114.16127,22.630568,648
粤B2WT35,114.16127,22.630568,658
粤B2WT35,114.16127,22.630568,669
粤B2WT35,114.16127,22.630568,680
粤B2WT35,114.16127,22.630568,690
粤B2WT35,114.16127,22.630568,701
粤B2WT35,114.16127,22.630568,711
粤B2WT35,114.16127,22.630568,722
粤B2WT35,114.16127,22.630568,733
粤B2WT35,114.16127,22.630568,743
粤B2WT35,114.16127,22.630568,754
粤B2WT35,114.16127,22.630568,764
粤B2WT35,114.16127,22.630568,775
粤B2WT35,114.16127,22.630568,785
粤B2WT35,114.16127,22.630568,796
粤B2WT35,114.16127,22.630568,807
粤B2WT35,114.16127,22.630568,817
粤B2WT35,114.16127,22.630568,828
粤B2WT35,114.16127,22.630568,849
粤B2WT35,114.16127,22.630568,860
粤B2WT35,114.16127,22.630568,870
粤B2WT35,114.16127,22.630568,881
粤B2WT35,114.16127,22.630568,891
粤B2WT35,114.16127,22.630568,912
粤B2WT35,114.16127,22.630568,923
粤B2WT35,114.16127,22.630568,934
粤B2WT35,114.16127,22.630568,944
粤B2WT35,114.16127,22.630568,955
粤B2WT35,114.16127,22.630568,965
粤B2WT35,114.16127,22.630568,976
粤B2WT35,114.16127,22.630568,987
粤B2WT35,114.16127,22.630568,997
粤B2WT35,114.16127,22.630568,1008
粤B2WT35,114.16127,22.630568,1018
粤B2WT35,114.16127,22.630568,1029
粤B2WT35,114.16127,22.630568,1039
粤B2WT35,114.16127,22.630568,1050
粤B2WT35,114.16127,22.630568,1061
粤B2WT35,114.16127,22.630568,1071
粤B2WT35,114.16127,22.630568,1082
粤B2WT35,114.16127,22.630568,1092
粤B2WT35,114.16127,22.630568,1103
粤B2WT35,114.16127,22.630568,1114
粤B2WT35,114.16127,22.630568,1124
粤B2WT35,114.16127,22.630568,1135
粤B2WT35,114.16127,22.630568,1145
粤B2WT35,114.16127,22.630568,1156
粤B2WT35,114.16127,22.630568,1166
粤B2WT35,114.16127,22.630568,1177
粤B2WT35,114.16127,22.630568,1188
粤B2WT35,114.16127,22.630568,1198
粤B2WT35,114.16127,22.630568,1209
粤B2WT35,114.16127,22.630568,1219
粤B2WT35,114.16127,22.630568,1230
粤B2WT35,114.16127,22.630568,1241
粤B2WT35,114.16127,22.630568,1251
粤B2WT35,114.16127,22.630568,1262
粤B2WT35,114.16127,22.630568,1272
粤B2WT35,114.16127,22.630568,1283
粤B2WT35,114.16127,22.630568,1293
粤B2WT35,114.16127,22.630568,1304
粤B2WT35,114.16127,22.630568,1315
粤B2WT35,114.16127,22.630568,1325
粤B2WT35,114.16127,22.630568,1336
粤B2WT35,114.16127,22.630568,1346
粤B2WT35,114.16127,22.630568,1357
粤B2WT35,114.16127,22.630568,1367
粤B2WT35,114.16127,22.630568,1378
粤B2WT35,114.16127,22.630568,1389
粤B2WT35,114.16127,22.630568,1399
粤B2WT35,114.16127,22.630568,1410
粤B2WT35,114.16127,22.630568,1420
粤B2WT35,114.16127,22.630568,1431
