粤BW9Z47,114.15847,22.560301,12
粤BW9Z47,114.15847,22.560301,23
粤BW9Z47,114.15847,22.560301,33
粤BW9Z47,114.15847,22.560301,44
粤BW9Z47,114.15847,22.560301,55
粤BW9Z47,114.15847,22.560301,65
粤BW9Z47,114.15847,22.560301,76
粤BW9Z47,114.15847,22.560301,86
粤BW9Z47,114.15847,22.560301,97
粤BW9Z47,114.15847,22.560301,107
粤BW9Z47,114.15847,22.560301,118
粤BW9Z47,114.15847,22.560301,129
粤BW9Z47,114.15847,22.560301,139
粤BW9Z47,114.15847,22.560301,150
粤BW9Z47,114.15847,22.560301,160
粤BW9Z47,114.15847,22.560301,171
粤BW9Z47,114.15847,22.560301,193
粤BW9Z47,114.15847,22.560301,203
粤BW9Z47,114.15847,22.560301,214
粤BW9Z47,114.15847,22.560301,225
粤BW9Z47,114.15847,22.560301,235
粤BW9Z47,114.15847,22.560301,246
粤BW9Z47,114.15847,22.560301,256
粤BW9Z47,114.15847,22.560301,267
粤BW9Z47,114.15847,22.560301,277
粤BW9Z47,114.15847,22.560301,288
粤BW9Z47,114.15847,22.560301,299
粤BW9Z47,114.15847,22.560301,309
粤BW9Z47,114.15847,22.560301,320
粤BW9Z47,114.15847,22.560301,330
粤BW9Z47,114.15847,22.560301,341
粤BW9Z47,114.15847,22.560301,352
粤BW9Z47,114.15847,22.560301,362
粤BW9Z47,114.15847,22.560301,373
粤BW9Z47,114.15847,22.560301,383
粤BW9Z47,114.15847,22.560301,394
粤BW9Z47,114.15847,22.560301,404
粤BW9Z47,114.15847,22.560301,415
粤BW9Z47,114.15847,22.560301,426
粤BW9Z47,114.15847,22.560301,436
粤BW9Z47,114.15847,22.560301,447
粤BW9Z47,114.15847,22.560301,457
粤BW9Z47,114.15847,22.560301,468
粤BW9Z47,114.15847,22.560301,479
粤BW9Z47,114.15847,22.560301,489
粤BW9Z47,114.15847,22.560301,500
粤BW9Z47,114.15847,22.560301,510
粤BW9Z47,114.15847,22.560301,521
粤BW9Z47,114.15847,22.560301,531
粤BW9Z47,114.15847,22.560301,553
粤BW9Z47,114.15847,22.560301,563
粤BW9Z47,114.15847,22.560301,574
粤BW9Z47,114.15847,22.560301,584
粤BW9Z47,114.15847,22.560301,595
粤BW9Z47,114.15847,22.560301,606
粤BW9Z47,114.15847,22.560301,616
粤BW9Z47,114.15847,22.560301,627
粤BW9Z47,114.15847,22.560301,637
粤BW9Z47,114.15847,22.560301,648
粤BW9Z47,114.15847,22.560301,658
粤BW9Z47,114.15847,22.560301,669
粤BW9Z47,114.15847,22.560301,680
粤BW9Z47,114.15847,22.560301,690
粤BW9Z47,114.15847,22.560301,701
粤BW9Z47,114.15847,22.560301,711
粤BW9Z47,114.15847,22.560301,722
粤BW9Z47,114.15847,22.560301,733
粤BW9Z47,114.15847,22.560301,743
粤BW9Z47,114.15847,22.560301,754
粤BW9Z47,114.15847,22.560301,764
粤BW9Z47,114.15847,22.560301,775
粤BW9Z47,114.15847,22.560301,785
粤BW9Z47,114.15847,22.560301,796
粤BW9Z47,114.15847,22.560301,807
粤BW9Z47,114.15847,22.560301,817
粤BW9Z47,114.15847,22.560301,828
粤BW9Z47,114.15847,22.560301,849
粤BW9Z47,114.15847,22.560301,860
粤BW9Z47,114.15847,22.560301,870
粤BW9Z47,114.15847,22.560301,881
粤BW9Z47,114.15847,22.560301,891
粤BW9Z47,114.15847,22.560301,912
粤BW9Z47,114.15847,22.560301,923
粤BW9Z47,114.15847,22.560301,934
粤BW9Z47,114.15847,22.560301,944
粤BW9Z47,114.15847,22.560301,955
粤BW9Z47,114.15847,22.560301,965
粤BW9Z47,114.15847,22.560301,976
粤BW9Z47,114.15847,22.560301,987
粤BW9Z47,114.15847,22.560301,997
粤BW9Z47,114.15847,22.560301,1008
粤BW9Z47,114.15847,22.560301,1018
粤BW9Z47,114.15847,22.560301,1029
粤BW9Z47,114.15847,22.560301,1039
粤BW9Z47,114.15847,22.560301,1050
粤BW9Z47,114.15847,22.560301,1061
粤BW9Z47,114.15847,22.560301,1071
粤BW9Z47,114.15847,22.560301,1082
粤BW9Z47,114.15847,22.560301,1092
粤BW9Z47,114.15847,22.560301,1103
粤BW9Z47,114.15847,22.560301,1114
粤BW9Z47,114.15847,22.560301,1124
粤BW9Z47,114.15847,22.560301,1135
粤BW9Z47,114.15847,22.560301,1145
粤BW9Z47,114.15847,22.560301,1156
粤BW9Z47,114.15847,22.560301,1166
粤BW9Z47,114.15847,22.560301,1177
粤BW9Z47,114.15847,22.560301,1188
粤BW9Z47,114.15847,22.560301,1198
粤BW9Z47,114.15847,22.560301,1209
粤BW9Z47,114.15847,22.560301,1219
粤BW9Z47,114.15847,22.560301,1230
粤BW9Z47,114.15847,22.560301,1241
粤BW9Z47,114.15847,22.560301,1251
粤BW9Z47,114.15847,22.560301,1262
粤BW9Z47,114.15847,22.560301,1272
粤BW9Z47,114.15847,22.560301,1283
粤BW9Z47,114.15847,22.560301,1293
粤BW9Z47,114.15847,22.560301,1304
粤BW9Z47,114.15847,22.560301,1315
粤BW9Z47,114.15847,22.560301,1325
粤BW9Z47,114.15847,22.560301,1336
粤BW9Z47,114.15847,22.560301,1346
粤BW9Z47,114.15847,22.560301,1357
粤BW9Z47,114.15847,22.560301,1367
粤BW9Z47,114.15847,22.560301,1378
粤BW9Z47,114.15847,22.560301,1389
粤BW9Z47,114.15847,22.560301,1399
粤BW9Z47,114.15847,22.560301,1410
粤BW9Z47,114.15847,22.560301,1420
粤BW9Z47,114.15847,22.560301,1431
