粤B461ZC,114.055397,22.6341,0
粤B461ZC,114.055397,22.635599,0
粤B461ZC,114.055397,22.632799,0
粤B461ZC,114.055397,22.631399,0
粤B461ZC,114.055397,22.626699,1
粤B461ZC,114.055496,22.629,1
粤B461ZC,114.055496,22.627701,1
粤B461ZC,114.055603,22.622299,2
粤B461ZC,114.055496,22.623301,2
粤B461ZC,114.055397,22.624201,2
粤B461ZC,114.055397,22.6252,2
粤B461ZC,114.055496,22.620899,3
粤B461ZC,114.055603,22.619301,3
粤B461ZC,114.055603,22.618099,3
粤B461ZC,114.056,22.618099,3
粤B461ZC,114.055702,22.6227,4
粤B461ZC,114.055801,22.621799,4
粤B461ZC,114.055901,22.621,4
粤B461ZC,114.055901,22.619499,4
粤B461ZC,114.055801,22.6236,5
粤B461ZC,114.055901,22.624701,5
粤B461ZC,114.055801,22.624901,5
粤B461ZC,114.055801,22.624901,5
粤B461ZC,114.055801,22.624901,6
粤B461ZC,114.055801,22.624901,6
粤B461ZC,114.055801,22.624901,6
粤B461ZC,114.055801,22.624901,6
粤B461ZC,114.055801,22.627501,7
粤B461ZC,114.055801,22.625,7
粤B461ZC,114.055801,22.627899,7
粤B461ZC,114.055702,22.6262,7
粤B461ZC,114.055801,22.629,8
粤B461ZC,114.0774,22.628901,11
粤B461ZC,114.079002,22.628599,11
粤B461ZC,114.082802,22.628,12
粤B461ZC,114.080597,22.6283,12
粤B461ZC,114.0849,22.628,12
粤B461ZC,114.091599,22.631701,13
粤B461ZC,114.087097,22.628799,13
粤B461ZC,114.098999,22.629499,14
粤B461ZC,114.097198,22.6311,14
粤B461ZC,114.1026,22.626101,14
粤B461ZC,114.100502,22.627899,14
粤B461ZC,114.105598,22.623899,15
粤B461ZC,114.105499,22.624001,15
粤B461ZC,114.106102,22.6236,15
粤B461ZC,114.104401,22.6248,15
粤B461ZC,114.106201,22.623501,16
粤B461ZC,114.106102,22.623501,16
粤B461ZC,114.106102,22.623501,16
粤B461ZC,114.106201,22.623501,16
粤B461ZC,114.108498,22.622101,17
粤B461ZC,114.1073,22.622801,17
粤B461ZC,114.1092,22.621901,17
粤B461ZC,114.1092,22.621901,17
粤B461ZC,114.111603,22.6215,18
粤B461ZC,114.113197,22.621401,18
粤B461ZC,114.110199,22.6217,18
粤B461ZC,114.109299,22.621901,18
粤B461ZC,114.114899,22.621201,19
粤B461ZC,114.114403,22.6213,19
粤B461ZC,114.114998,22.621201,19
粤B461ZC,114.115402,22.621201,19
粤B461ZC,114.119102,22.619801,20
粤B461ZC,114.122299,22.615801,20
粤B461ZC,114.120903,22.617701,20
粤B461ZC,114.116997,22.620899,20
粤B461ZC,114.126404,22.610701,21
粤B461ZC,114.032204,22.6394,21
粤B461ZC,114.125999,22.6133,21
粤B461ZC,114.124001,22.6145,21
粤B461ZC,114.127197,22.612101,21
粤B461ZC,114.122803,22.608299,22
粤B461ZC,114.091599,22.631701,22
粤B461ZC,114.120598,22.607201,22
粤B461ZC,114.124901,22.6096,22
粤B461ZC,114.1185,22.6061,22
粤B461ZC,114.115303,22.6024,23
粤B461ZC,114.113602,22.6003,23
粤B461ZC,114.112297,22.5984,23
粤B461ZC,114.116798,22.6043,23
粤B461ZC,114.109398,22.5928,24
粤B461ZC,114.109299,22.5907,24
粤B461ZC,114.111298,22.596701,24
粤B461ZC,114.109703,22.589701,25
粤B461ZC,114.110603,22.588301,25
粤B461ZC,114.109901,22.589001,25
粤B461ZC,114.110703,22.5879,25
粤B461ZC,114.109398,22.5923,26
粤B461ZC,114.109802,22.593201,26
粤B461ZC,114.109398,22.591,26
粤B461ZC,114.110497,22.5947,26
粤B461ZC,114.116798,22.596399,28
粤B461ZC,114.113899,22.596399,28
粤B461ZC,114.118202,22.5965,28
粤B461ZC,114.119698,22.5951,29
粤B461ZC,114.119102,22.5965,29
粤B461ZC,114.119797,22.5942,29
粤B461ZC,114.119598,22.5961,29
粤B461ZC,114.119797,22.5914,30
粤B461ZC,114.119797,22.592199,30
粤B461ZC,114.119797,22.592899,30
粤B461ZC,114.119797,22.591801,30
粤B461ZC,114.121597,22.591299,31
粤B461ZC,114.1203,22.5912,31
粤B461ZC,114.119797,22.591299,31
粤B461ZC,114.119797,22.5912,31
粤B461ZC,114.122398,22.5914,32
粤B461ZC,114.122398,22.5914,32
粤B461ZC,114.119797,22.5917,33
粤B461ZC,114.119797,22.592899,33
粤B461ZC,114.120598,22.591299,33
粤B461ZC,114.120201,22.5912,33
粤B461ZC,114.119797,22.594101,34
粤B461ZC,114.119598,22.5972,34
粤B461ZC,114.119698,22.5963,34
粤B461ZC,114.119598,22.5975,35
粤B461ZC,114.119598,22.5975,35
粤B461ZC,114.119598,22.5975,35
粤B461ZC,114.119598,22.5975,35
粤B461ZC,114.119598,22.5975,36
粤B461ZC,114.119598,22.5975,36
粤B461ZC,114.119598,22.5975,36
粤B461ZC,114.119598,22.5975,36
粤B461ZC,114.119598,22.5975,37
粤B461ZC,114.119598,22.5975,37
粤B461ZC,114.119598,22.5975,37
粤B461ZC,114.119598,22.5975,37
粤B461ZC,114.119598,22.5975,38
粤B461ZC,114.119598,22.5975,38
粤B461ZC,114.119598,22.5975,38
粤B461ZC,114.119598,22.5975,38
粤B461ZC,114.119598,22.5975,39
粤B461ZC,114.119598,22.5975,39
粤B461ZC,114.119598,22.5975,40
粤B461ZC,114.119598,22.5975,40
粤B461ZC,114.119598,22.5975,40
粤B461ZC,114.119499,22.5975,41
粤B461ZC,114.119499,22.5975,41
粤B461ZC,114.119499,22.5975,41
粤B461ZC,114.119499,22.5975,41
粤B461ZC,114.119598,22.5975,42
粤B461ZC,114.119202,22.598,42
粤B461ZC,114.119598,22.5975,42
粤B461ZC,114.117897,22.5998,43
粤B461ZC,114.118202,22.5993,43
粤B461ZC,114.118698,22.5987,43
粤B461ZC,114.117401,22.600401,43
粤B461ZC,114.114899,22.6021,44
粤B461ZC,114.116699,22.601,44
粤B461ZC,114.115799,22.601801,44
粤B461ZC,114.114098,22.6012,44
粤B461ZC,114.112503,22.6005,45
粤B461ZC,114.113403,22.600401,45
粤B461ZC,114.105598,22.618,53
粤B461ZC,114.105202,22.620001,53
粤B461ZC,114.105301,22.619301,53
粤B461ZC,114.104897,22.6208,54
粤B461ZC,114.102303,22.624599,54
粤B461ZC,114.1045,22.622101,54
粤B461ZC,114.103302,22.625401,55
粤B461ZC,114.101997,22.6264,55
粤B461ZC,114.101799,22.6257,55
粤B461ZC,114.105103,22.6243,55
粤B461ZC,114.106102,22.6236,56
粤B461ZC,114.106003,22.6236,56
粤B461ZC,114.108704,22.622101,56
粤B461ZC,114.106796,22.6231,56
粤B461ZC,114.111099,22.621599,57
粤B461ZC,114.114799,22.6213,57
粤B461ZC,114.115303,22.621201,57
粤B461ZC,114.116798,22.621,58
粤B461ZC,114.121201,22.617201,58
粤B461ZC,114.118599,22.6201,58
粤B461ZC,114.122002,22.615999,59
粤B461ZC,114.124199,22.6141,59
粤B461ZC,114.123001,22.615,59
粤B461ZC,114.125298,22.614799,59
粤B461ZC,114.126198,22.615601,60
粤B461ZC,114.129601,22.619301,60
粤B461ZC,114.128502,22.618,60
粤B461ZC,114.127296,22.6166,60
粤B461ZC,114.1334,22.6234,61
粤B461ZC,114.130501,22.6203,61
粤B461ZC,114.131798,22.621799,61
粤B461ZC,114.135399,22.624901,62
粤B461ZC,114.138802,22.6271,62
粤B461ZC,114.140404,22.627501,62
粤B461ZC,114.137199,22.626101,62
粤B461ZC,114.145103,22.6276,63
粤B461ZC,114.144402,22.6276,63
粤B461ZC,114.145798,22.629,63
粤B461ZC,114.142998,22.627501,63
粤B461ZC,114.145897,22.631599,64
粤B461ZC,114.1474,22.6327,64
粤B461ZC,114.146599,22.631901,64
粤B461ZC,114.148003,22.629601,65
粤B461ZC,114.147697,22.6313,65
粤B461ZC,114.147499,22.6322,65
粤B461ZC,114.147697,22.628901,66
粤B461ZC,114.1464,22.627399,66
粤B461ZC,114.146599,22.6266,66
粤B461ZC,114.146896,22.628401,66
粤B461ZC,114.1474,22.624001,67
粤B461ZC,114.147102,22.624701,67
粤B461ZC,114.146896,22.625601,67
粤B461ZC,114.1474,22.6238,67
粤B461ZC,114.147301,22.623699,68
粤B461ZC,114.147697,22.6234,68
粤B461ZC,114.149696,22.6236,69
粤B461ZC,114.148102,22.623199,69
粤B461ZC,114.148201,22.6234,69
粤B461ZC,114.149101,22.6236,69
粤B461ZC,114.146004,22.6229,70
粤B461ZC,114.142097,22.622601,70
粤B461ZC,114.140198,22.622499,70
粤B461ZC,114.135902,22.6203,71
粤B461ZC,114.1371,22.621401,71
粤B461ZC,114.134499,22.618601,71
粤B461ZC,114.138298,22.622101,71
粤B461ZC,114.132401,22.6161,72
粤B461ZC,114.133499,22.617399,72
粤B461ZC,114.122803,22.6157,74
粤B461ZC,114.122803,22.6157,74
粤B461ZC,114.122803,22.6157,74
粤B461ZC,114.122803,22.6157,75
粤B461ZC,114.122803,22.6157,75
粤B461ZC,114.122803,22.6157,75
粤B461ZC,114.122803,22.6157,75
粤B461ZC,114.1222,22.616301,76
粤B461ZC,114.120903,22.6178,76
粤B461ZC,114.122803,22.6157,76
粤B461ZC,114.122803,22.6157,76
粤B461ZC,114.115601,22.621401,77
粤B461ZC,114.113602,22.6215,77
粤B461ZC,114.117599,22.620899,77
粤B461ZC,114.119499,22.6196,77
粤B461ZC,114.106697,22.6234,78
粤B461ZC,114.107399,22.622999,78
粤B461ZC,114.111298,22.6217,78
粤B461ZC,114.106697,22.6234,79
粤B461ZC,114.106796,22.6234,79
粤B461ZC,114.105904,22.623899,79
粤B461ZC,114.106796,22.6234,79
粤B461ZC,114.101997,22.6266,80
粤B461ZC,114.098297,22.6304,80
粤B461ZC,114.099899,22.6287,80
粤B461ZC,114.092903,22.6327,81
粤B461ZC,114.095802,22.631901,81
粤B461ZC,114.090302,22.6315,81
粤B461ZC,114.085403,22.6304,82
粤B461ZC,114.078598,22.628901,82
粤B461ZC,114.082703,22.629601,82
粤B461ZC,114.07,22.6304,83
粤B461ZC,114.074402,22.6297,83
粤B461ZC,114.076599,22.629299,83
粤B461ZC,114.072304,22.629999,83
粤B461ZC,114.066704,22.630501,84
粤B461ZC,114.067902,22.630501,84
粤B461ZC,114.066101,22.630501,84
粤B461ZC,114.065498,22.6315,85
粤B461ZC,114.065102,22.632799,85
粤B461ZC,114.031799,22.6374,143
粤B461ZC,114.031799,22.6374,143
粤B461ZC,114.031898,22.6373,143
粤B461ZC,114.0317,22.6374,144
粤B461ZC,114.0317,22.6374,144
粤B461ZC,114.031799,22.6374,144
粤B461ZC,114.0317,22.6374,144
粤B461ZC,114.0317,22.6374,145
粤B461ZC,114.0317,22.6374,145
粤B461ZC,114.0317,22.6374,145
粤B461ZC,114.031799,22.6366,146
粤B461ZC,114.031898,22.6371,146
粤B461ZC,114.031799,22.6367,146
粤B461ZC,114.0317,22.6374,146
粤B461ZC,114.031898,22.6371,147
粤B461ZC,114.031898,22.637199,147
粤B461ZC,114.031898,22.6371,147
粤B461ZC,114.031898,22.637199,148
粤B461ZC,114.031898,22.637199,148
粤B461ZC,114.031898,22.637199,148
粤B461ZC,114.031898,22.637199,148
粤B461ZC,114.031898,22.637199,149
粤B461ZC,114.031898,22.637199,149
粤B461ZC,114.031898,22.637199,149
粤B461ZC,114.031898,22.637199,149
粤B461ZC,114.031799,22.6373,150
粤B461ZC,114.031898,22.6373,150
粤B461ZC,114.031898,22.637199,150
粤B461ZC,114.031898,22.6373,150
粤B461ZC,114.031799,22.6373,151
粤B461ZC,114.031799,22.6373,151
粤B461ZC,114.031898,22.6374,151
粤B461ZC,114.031799,22.6373,152
粤B461ZC,114.031799,22.6373,152
粤B461ZC,114.031898,22.638399,153
粤B461ZC,114.031799,22.6373,153
粤B461ZC,114.0326,22.643299,154
粤B461ZC,114.033203,22.641701,154
粤B461ZC,114.033203,22.643101,154
粤B461ZC,114.033401,22.6427,154
粤B461ZC,114.030098,22.6439,155
粤B461ZC,114.031601,22.6436,155
粤B461ZC,114.031898,22.6434,155
粤B461ZC,114.033203,22.643,156
粤B461ZC,114.033203,22.643,156
粤B461ZC,114.033302,22.643,156
粤B461ZC,114.033096,22.643,156
粤B461ZC,114.034698,22.6453,157
粤B461ZC,114.035004,22.645599,157
粤B461ZC,114.033897,22.6437,157
粤B461ZC,114.0354,22.6464,157
粤B461ZC,114.021301,22.6728,169
粤B461ZC,114.021103,22.6726,169
粤B461ZC,114.021103,22.6726,169
粤B461ZC,114.021103,22.6726,170
粤B461ZC,114.020798,22.6724,170
粤B461ZC,114.0196,22.671499,170
粤B461ZC,114.015404,22.6689,173
粤B461ZC,114.014999,22.6688,173
粤B461ZC,114.014297,22.668501,174
粤B461ZC,114.014999,22.6688,174
粤B461ZC,114.014297,22.668501,174
粤B461ZC,114.014397,22.668501,174
粤B461ZC,114.014503,22.668501,175
粤B461ZC,114.014503,22.668501,175
粤B461ZC,114.014503,22.668501,175
粤B461ZC,114.014397,22.6686,175
粤B461ZC,114.014397,22.668501,176
粤B461ZC,114.014503,22.668501,176
粤B461ZC,114.014397,22.668501,176
粤B461ZC,114.014503,22.668501,176
粤B461ZC,114.014397,22.668501,177
粤B461ZC,114.014397,22.668501,177
粤B461ZC,114.014397,22.668501,177
粤B461ZC,114.014397,22.668501,177
粤B461ZC,114.014503,22.668501,178
粤B461ZC,114.014397,22.668501,178
粤B461ZC,114.014503,22.6686,178
粤B461ZC,114.014503,22.6686,178
粤B461ZC,114.014397,22.668501,179
粤B461ZC,114.014503,22.6686,179
粤B461ZC,114.014503,22.6686,179
粤B461ZC,114.014503,22.668501,179
粤B461ZC,114.014397,22.6686,180
粤B461ZC,114.014503,22.6686,180
粤B461ZC,114.014397,22.6686,180
粤B461ZC,114.014397,22.6686,181
粤B461ZC,114.014503,22.6686,181
粤B461ZC,114.014397,22.6686,182
粤B461ZC,114.014397,22.6686,182
粤B461ZC,114.014397,22.6686,183
粤B461ZC,114.014503,22.668501,192
粤B461ZC,114.014503,22.6686,192
粤B461ZC,114.014503,22.668501,192
粤B461ZC,114.014397,22.6686,192
粤B461ZC,114.014397,22.6686,193
粤B461ZC,114.014397,22.6686,193
粤B461ZC,114.014397,22.6686,193
粤B461ZC,114.014397,22.6686,193
粤B461ZC,114.014397,22.668501,194
粤B461ZC,114.014397,22.668501,194
粤B461ZC,114.014397,22.668501,194
粤B461ZC,114.014397,22.6686,194
粤B461ZC,114.014397,22.668501,195
粤B461ZC,114.014397,22.668501,195
粤B461ZC,114.014397,22.668501,195
粤B461ZC,114.014397,22.668501,195
粤B461ZC,114.014397,22.668501,195
粤B461ZC,114.014397,22.6686,196
粤B461ZC,114.014397,22.6686,196
粤B461ZC,114.014503,22.6686,197
粤B461ZC,114.014397,22.6686,197
粤B461ZC,114.014503,22.668501,198
粤B461ZC,114.014397,22.668501,198
粤B461ZC,114.014397,22.668501,199
粤B461ZC,114.014397,22.668501,199
粤B461ZC,114.031197,22.665701,446
粤B461ZC,114.031097,22.665701,446
粤B461ZC,114.031197,22.665701,446
粤B461ZC,114.031197,22.665701,446
粤B461ZC,114.031197,22.665701,447
粤B461ZC,114.031197,22.665701,447
粤B461ZC,114.031197,22.665701,447
粤B461ZC,114.031197,22.665701,447
粤B461ZC,114.031197,22.665701,448
粤B461ZC,114.0317,22.6667,448
粤B461ZC,114.0327,22.668699,448
粤B461ZC,114.032799,22.6691,449
粤B461ZC,114.033096,22.67,449
粤B461ZC,114.0327,22.6688,449
粤B461ZC,114.033699,22.6712,449
粤B461ZC,114.036598,22.6707,450
粤B461ZC,114.034203,22.6717,450
粤B461ZC,114.0355,22.6712,450
粤B461ZC,114.037598,22.6703,450
粤B461ZC,114.037804,22.6696,451
粤B461ZC,114.037903,22.6696,451
粤B461ZC,114.037003,22.6665,452
粤B461ZC,114.037804,22.6695,452
粤B461ZC,114.037102,22.6672,452
粤B461ZC,114.0373,22.6681,452
粤B461ZC,114.037003,22.6656,453
粤B461ZC,114.037697,22.663601,453
粤B461ZC,114.0373,22.6647,453
粤B461ZC,114.037201,22.663,453
粤B461ZC,114.033302,22.6614,454
粤B461ZC,114.034897,22.661699,454
粤B461ZC,114.033798,22.6612,454
粤B461ZC,114.036102,22.662399,454
粤B461ZC,114.031303,22.663799,455
粤B461ZC,114.032303,22.6626,455
粤B461ZC,114.030602,22.6647,455
粤B461ZC,114.030899,22.665501,455
粤B461ZC,114.030998,22.665701,456
粤B461ZC,114.031097,22.665701,456
粤B461ZC,114.030998,22.665701,456
粤B461ZC,114.031097,22.665701,456
粤B461ZC,114.031097,22.665701,457
粤B461ZC,114.031197,22.6656,457
粤B461ZC,114.031197,22.665701,458
粤B461ZC,114.031303,22.665701,458
粤B461ZC,114.031303,22.665701,458
粤B461ZC,114.031197,22.6658,458
粤B461ZC,114.031097,22.6656,459
粤B461ZC,114.031197,22.665899,459
粤B461ZC,114.0317,22.6667,460
粤B461ZC,114.032097,22.667801,460
粤B461ZC,114.0326,22.6688,460
粤B461ZC,114.0326,22.6688,461
粤B461ZC,114.0326,22.6689,461
粤B461ZC,114.033897,22.6717,462
粤B461ZC,114.033401,22.6707,462
粤B461ZC,114.033798,22.6716,462
粤B461ZC,114.032898,22.6696,462
粤B461ZC,114.033897,22.6717,463
粤B461ZC,114.0308,22.6737,463
粤B461ZC,114.031303,22.677,464
粤B461ZC,114.031303,22.676901,464
粤B461ZC,114.030296,22.6754,464
粤B461ZC,114.031197,22.676701,464
粤B461ZC,114.031403,22.6775,465
粤B461ZC,114.031303,22.676901,465
粤B461ZC,114.031303,22.677,465
粤B461ZC,114.031303,22.676901,465
粤B461ZC,114.033699,22.682699,466
粤B461ZC,114.0317,22.6789,466
粤B461ZC,114.032898,22.680799,466
粤B461ZC,114.033897,22.683701,466
粤B461ZC,114.034897,22.688101,467
粤B461ZC,114.0354,22.690001,467
粤B461ZC,114.0345,22.6861,467
粤B461ZC,114.035797,22.691999,467
粤B461ZC,114.036003,22.6931,468
粤B461ZC,114.035797,22.694201,468
粤B461ZC,114.035797,22.694201,469
粤B461ZC,114.035797,22.694201,469
粤B461ZC,114.035797,22.694201,469
粤B461ZC,114.035797,22.694201,469
粤B461ZC,114.035698,22.695,470
粤B461ZC,114.0354,22.6966,470
粤B461ZC,114.0355,22.697901,470
粤B461ZC,114.035896,22.699499,471
粤B461ZC,114.037399,22.7052,471
粤B461ZC,114.037498,22.705799,472
粤B461ZC,114.037498,22.705799,472
粤B461ZC,114.038002,22.7075,473
粤B461ZC,114.038597,22.7097,474
粤B461ZC,114.040398,22.7145,476
粤B461ZC,114.040604,22.7153,477
粤B461ZC,114.040604,22.7153,477
粤B461ZC,114.040703,22.715099,477
粤B461ZC,114.040497,22.7146,477
粤B461ZC,114.040298,22.716101,478
粤B461ZC,114.040497,22.7157,478
粤B461ZC,114.040604,22.7153,478
粤B461ZC,114.040604,22.7153,478
粤B461ZC,114.040298,22.716101,479
粤B461ZC,114.040298,22.7162,479
粤B461ZC,114.040199,22.7162,479
粤B461ZC,114.040199,22.7162,479
粤B461ZC,114.040199,22.7162,480
粤B461ZC,114.0383,22.7152,480
粤B461ZC,114.040001,22.716101,480
粤B461ZC,114.037102,22.7152,481
粤B461ZC,114.037102,22.7152,481
粤B461ZC,114.037102,22.7152,481
粤B461ZC,114.037201,22.7152,482
粤B461ZC,114.037102,22.7152,482
粤B461ZC,114.037201,22.7152,482
粤B461ZC,114.0364,22.7167,483
粤B461ZC,114.036797,22.7153,483
粤B461ZC,114.035103,22.7223,486
粤B461ZC,114.035202,22.722,486
粤B461ZC,114.035004,22.722799,486
粤B461ZC,114.0345,22.724501,487
粤B461ZC,114.033798,22.727301,487
粤B461ZC,114.034798,22.723301,487
粤B461ZC,114.027802,22.7283,488
粤B461ZC,114.032997,22.727501,488
粤B461ZC,114.031197,22.7272,488
粤B461ZC,114.029198,22.7276,488
粤B461ZC,114.026802,22.729,489
粤B461ZC,114.025497,22.7316,489
粤B461ZC,114.027496,22.7302,489
粤B461ZC,114.0243,22.732401,490
粤B461ZC,114.0243,22.732401,490
粤B461ZC,114.0243,22.732401,490
粤B461ZC,114.0243,22.732401,490
粤B461ZC,114.022697,22.7342,491
粤B461ZC,114.0243,22.732401,491
粤B461ZC,114.023598,22.733,491
粤B461ZC,114.0243,22.732401,491
粤B461ZC,114.021797,22.7362,492
粤B461ZC,114.022598,22.734301,492
粤B461ZC,114.021202,22.7397,493
粤B461ZC,114.019997,22.744301,493
粤B461ZC,114.020699,22.742701,493
粤B461ZC,114.021004,22.740999,493
粤B461ZC,114.017502,22.749001,494
粤B461ZC,114.019402,22.7456,494
粤B461ZC,114.018097,22.748301,494
粤B461ZC,114.018799,22.746901,494
粤B461ZC,114.013702,22.7481,495
粤B461ZC,114.014198,22.747601,495
粤B461ZC,114.016197,22.7484,495
粤B461ZC,114.013397,22.749201,496
粤B461ZC,114.013397,22.749201,496
粤B461ZC,114.013397,22.7491,496
粤B461ZC,114.013397,22.749201,496
粤B461ZC,114.013298,22.749201,497
粤B461ZC,114.013397,22.7493,497
粤B461ZC,114.013298,22.7493,498
粤B461ZC,114.013298,22.7493,498
粤B461ZC,114.013298,22.7493,499
粤B461ZC,114.013298,22.7493,499
粤B461ZC,114.013298,22.7493,499
粤B461ZC,114.013298,22.7493,499
粤B461ZC,114.013397,22.7493,500
粤B461ZC,114.013397,22.7493,500
粤B461ZC,114.013397,22.7493,500
粤B461ZC,114.013397,22.7493,501
粤B461ZC,114.013397,22.7493,501
粤B461ZC,114.013397,22.7493,501
粤B461ZC,114.013397,22.7493,501
粤B461ZC,114.013397,22.749399,502
粤B461ZC,114.013397,22.7493,502
粤B461ZC,114.013397,22.7493,503
粤B461ZC,114.013397,22.7493,503
粤B461ZC,114.013397,22.7493,503
粤B461ZC,114.013397,22.7493,503
粤B461ZC,114.013298,22.7493,504
粤B461ZC,114.013298,22.7493,504
粤B461ZC,114.013298,22.7493,504
粤B461ZC,114.013298,22.7493,504
粤B461ZC,114.013298,22.7493,505
粤B461ZC,114.013298,22.7493,506
粤B461ZC,114.013298,22.7493,506
粤B461ZC,114.013298,22.7493,506
粤B461ZC,114.013298,22.7493,506
粤B461ZC,114.013298,22.7493,506
粤B461ZC,114.013298,22.7493,507
粤B461ZC,114.013298,22.749201,507
粤B461ZC,114.013298,22.749201,508
粤B461ZC,114.013397,22.749201,508
粤B461ZC,114.013397,22.749201,508
粤B461ZC,114.013298,22.749201,508
粤B461ZC,114.013397,22.749201,509
粤B461ZC,114.013397,22.749201,509
粤B461ZC,114.013397,22.749201,509
粤B461ZC,114.013397,22.749201,509
粤B461ZC,114.013397,22.749201,510
粤B461ZC,114.013397,22.749201,510
粤B461ZC,114.013397,22.749201,510
粤B461ZC,114.013397,22.749201,511
粤B461ZC,114.013397,22.7488,511
粤B461ZC,114.013397,22.749201,511
粤B461ZC,114.013397,22.7491,511
粤B461ZC,114.013496,22.747101,512
粤B461ZC,114.013603,22.7484,512
粤B461ZC,114.013802,22.747801,512
粤B461ZC,114.011902,22.746599,513
粤B461ZC,114.012703,22.7467,513
粤B461ZC,114.011497,22.7453,513
粤B461ZC,114.011101,22.744801,514
粤B461ZC,114.011002,22.744499,514
粤B461ZC,114.010902,22.7444,514
粤B461ZC,114.011299,22.745001,514
粤B461ZC,114.0112,22.7449,515
粤B461ZC,114.011299,22.7451,515
粤B461ZC,114.011299,22.7453,515
粤B461ZC,114.011299,22.745001,515
粤B461ZC,114.011703,22.7458,516
粤B461ZC,114.011398,22.745501,516
粤B461ZC,114.011703,22.7458,516
粤B461ZC,114.011703,22.7458,517
粤B461ZC,114.011703,22.7458,517
粤B461ZC,114.011703,22.7458,517
粤B461ZC,114.011703,22.7458,517
粤B461ZC,114.011703,22.7458,518
粤B461ZC,114.011703,22.7458,518
粤B461ZC,114.011703,22.7458,518
粤B461ZC,114.011597,22.7458,519
粤B461ZC,114.011703,22.7458,519
粤B461ZC,114.011703,22.7458,519
粤B461ZC,114.011703,22.7458,519
粤B461ZC,114.011703,22.7458,521
粤B461ZC,114.011703,22.7458,522
粤B461ZC,114.011703,22.7458,522
粤B461ZC,114.011703,22.7458,522
粤B461ZC,114.011703,22.7458,522
粤B461ZC,114.011703,22.7458,523
粤B461ZC,114.011703,22.7458,523
粤B461ZC,114.011703,22.7458,523
粤B461ZC,114.011703,22.7458,523
粤B461ZC,114.011703,22.7458,524
粤B461ZC,114.011703,22.7458,524
粤B461ZC,114.011703,22.7458,524
粤B461ZC,114.011703,22.7458,524
粤B461ZC,114.011703,22.7458,525
粤B461ZC,114.011703,22.7458,525
粤B461ZC,114.011703,22.7458,525
粤B461ZC,114.011703,22.7458,525
粤B461ZC,114.011703,22.7458,526
粤B461ZC,114.011703,22.7458,526
粤B461ZC,114.011703,22.7458,526
粤B461ZC,114.011703,22.7458,526
粤B461ZC,114.011703,22.7458,527
粤B461ZC,114.011703,22.745899,527
粤B461ZC,114.011703,22.7458,527
粤B461ZC,114.011703,22.745899,527
粤B461ZC,114.011703,22.7458,528
粤B461ZC,114.011703,22.745899,528
粤B461ZC,114.011703,22.745899,528
粤B461ZC,114.011703,22.7458,528
粤B461ZC,114.011703,22.746099,529
粤B461ZC,114.0121,22.7467,529
粤B461ZC,114.011703,22.7458,529
粤B461ZC,114.011703,22.7458,529
粤B461ZC,114.014297,22.745701,530
粤B461ZC,114.013199,22.746799,530
粤B461ZC,114.014,22.746901,530
粤B461ZC,114.016899,22.741699,531
粤B461ZC,114.015404,22.744101,531
粤B461ZC,114.017097,22.740299,531
粤B461ZC,114.016197,22.743,531
粤B461ZC,114.018799,22.7365,532
粤B461ZC,114.018501,22.736799,532
粤B461ZC,114.017601,22.738001,532
粤B461ZC,114.017303,22.739201,532
粤B461ZC,114.020401,22.734699,533
粤B461ZC,114.0214,22.7321,533
粤B461ZC,114.021301,22.7337,533
粤B461ZC,114.019798,22.735399,533
粤B461ZC,114.021301,22.731701,534
粤B461ZC,114.021301,22.731701,534
粤B461ZC,114.021301,22.731701,534
粤B461ZC,114.021301,22.731701,534
粤B461ZC,114.021301,22.731701,535
粤B461ZC,114.021301,22.731701,535
粤B461ZC,114.021301,22.731701,535
粤B461ZC,114.021301,22.731701,536
粤B461ZC,114.021301,22.731701,536
粤B461ZC,114.0214,22.731701,536
粤B461ZC,114.021301,22.731701,537
粤B461ZC,114.0214,22.731701,537
粤B461ZC,114.0214,22.731701,537
粤B461ZC,114.0214,22.731701,537
粤B461ZC,114.025101,22.7295,538
粤B461ZC,114.0214,22.7314,538
粤B461ZC,114.024696,22.7297,538
粤B461ZC,114.022697,22.7307,538
粤B461ZC,114.025101,22.7295,539
粤B461ZC,114.028198,22.728001,539
粤B461ZC,114.026497,22.7288,539
粤B461ZC,114.025299,22.729401,539
粤B461ZC,114.0299,22.727301,540
粤B461ZC,114.030296,22.7272,540
粤B461ZC,114.030296,22.7272,540
粤B461ZC,114.030197,22.7272,541
粤B461ZC,114.030602,22.7271,541
粤B461ZC,114.033096,22.727301,541
粤B461ZC,114.031898,22.7271,541
粤B461ZC,114.033096,22.727301,542
粤B461ZC,114.033096,22.727301,542
粤B461ZC,114.033096,22.7274,543
粤B461ZC,114.033997,22.727699,543
粤B461ZC,114.033096,22.7274,543
粤B461ZC,114.033096,22.7274,543
粤B461ZC,114.035896,22.7288,544
粤B461ZC,114.035599,22.7286,544
粤B461ZC,114.036598,22.729401,544
粤B461ZC,114.035896,22.7288,544
粤B461ZC,114.039597,22.7309,545
粤B461ZC,114.038002,22.730499,545
粤B461ZC,114.038498,22.730801,545
粤B461ZC,114.037498,22.730101,545
粤B461ZC,114.0373,22.728201,546
粤B461ZC,114.040199,22.7299,546
粤B461ZC,114.035599,22.7297,546
粤B461ZC,114.039299,22.7285,546
粤B461ZC,114.030098,22.735001,547
粤B461ZC,114.029404,22.735701,547
粤B461ZC,114.0317,22.7335,547
粤B461ZC,114.033798,22.7316,547
粤B461ZC,114.029404,22.735701,548
粤B461ZC,114.029198,22.735901,548
粤B461ZC,114.029198,22.735901,548
粤B461ZC,114.029297,22.7358,548
粤B461ZC,114.029198,22.735901,549
粤B461ZC,114.029198,22.736,549
粤B461ZC,114.028999,22.736099,549
粤B461ZC,114.024696,22.743999,550
粤B461ZC,114.028,22.7367,550
粤B461ZC,114.025101,22.740801,550
粤B461ZC,114.026398,22.7383,550
粤B461ZC,114.025803,22.7512,551
粤B461ZC,114.026398,22.754801,551
粤B461ZC,114.0252,22.747601,551
粤B461ZC,114.013199,22.746799,551
粤B461ZC,114.027397,22.7582,551
粤B461ZC,114.033096,22.7274,552
粤B461ZC,114.031601,22.767799,552
粤B461ZC,114.030296,22.7649,552
粤B461ZC,114.033699,22.770399,552
粤B461ZC,114.0373,22.782499,553
粤B461ZC,114.037201,22.793301,554
粤B461ZC,114.0373,22.7859,554
粤B461ZC,114.0373,22.7897,554
粤B461ZC,114.037201,22.7969,554
粤B461ZC,114.033798,22.8092,555
粤B461ZC,114.037201,22.800501,555
粤B461ZC,114.035698,22.806499,555
粤B461ZC,114.036697,22.8039,555
粤B461ZC,114.028801,22.812901,556
粤B461ZC,114.022301,22.8158,556
粤B461ZC,114.031403,22.8113,556
粤B461ZC,114.019096,22.816799,557
粤B461ZC,114.016403,22.818501,557
粤B461ZC,114.0112,22.823,557
粤B461ZC,114.013901,22.8207,557
粤B461ZC,114.002602,22.834999,558
粤B461ZC,114.009201,22.825899,558
粤B461ZC,113.994698,22.8426,559
粤B461ZC,113.997597,22.8402,559
粤B461ZC,114.0,22.8379,559
粤B461ZC,113.991798,22.844801,559
粤B461ZC,113.982498,22.854601,560
粤B461ZC,113.983902,22.8515,560
粤B461ZC,113.986298,22.8491,560
粤B461ZC,113.988998,22.847,560
粤B461ZC,113.980598,22.861099,561
粤B461ZC,113.981796,22.857901,561
粤B461ZC,113.978699,22.863899,561
粤B461ZC,113.972702,22.8724,562
粤B461ZC,113.966599,22.876101,562
粤B461ZC,113.974403,22.8694,562
粤B461ZC,113.963097,22.877501,563
粤B461ZC,113.954002,22.883101,563
粤B461ZC,113.956802,22.880899,563
粤B461ZC,113.945503,22.888201,564
粤B461ZC,113.942596,22.889601,564
粤B461ZC,113.948303,22.886801,564
粤B461ZC,113.9394,22.8906,565
粤B461ZC,113.929199,22.893,565
粤B461ZC,113.936203,22.891199,565
粤B461ZC,113.9244,22.895901,566
粤B461ZC,113.926102,22.8946,566
粤B461ZC,113.924004,22.896099,566
粤B461ZC,113.9226,22.8972,567
粤B461ZC,113.922798,22.8971,567
粤B461ZC,113.923698,22.8964,567
粤B461ZC,113.918198,22.9006,568
粤B461ZC,113.920303,22.899,568
粤B461ZC,113.922302,22.897499,568
粤B461ZC,113.914703,22.9035,569
粤B461ZC,113.916199,22.902201,569
粤B461ZC,113.914001,22.9079,570
粤B461ZC,113.913803,22.9077,570
粤B461ZC,113.914101,22.908001,570
粤B461ZC,113.914703,22.908701,571
粤B461ZC,113.915001,22.9088,571
粤B461ZC,113.914902,22.9088,571
粤B461ZC,113.914902,22.9088,572
粤B461ZC,113.915298,22.9091,572
粤B461ZC,113.9161,22.9105,572
粤B461ZC,113.916901,22.912001,572
粤B461ZC,113.913902,22.9102,573
粤B461ZC,113.915199,22.9095,573
粤B461ZC,113.916801,22.9121,573
粤B461ZC,113.916199,22.9111,573
粤B461ZC,113.909698,22.9111,574
粤B461ZC,113.910103,22.909901,574
粤B461ZC,113.910004,22.913099,574
粤B461ZC,113.9104,22.9147,575
粤B461ZC,113.907997,22.919901,576
粤B461ZC,113.909599,22.916599,576
粤B461ZC,113.9086,22.918699,576
粤B461ZC,113.9077,22.9214,577
粤B461ZC,113.9076,22.922501,577
粤B461ZC,113.906898,22.9237,577
粤B461ZC,113.9058,22.929899,578
粤B461ZC,113.906502,22.931601,578
粤B461ZC,113.905701,22.926901,578
粤B461ZC,113.908302,22.935801,579
粤B461ZC,113.907097,22.933001,579
粤B461ZC,113.907997,22.934999,579
粤B461ZC,113.908501,22.9377,580
粤B461ZC,113.908699,22.936701,580
粤B461ZC,113.908997,22.9375,580
粤B461ZC,113.908302,22.938,581
粤B461ZC,113.908302,22.938,581
粤B461ZC,113.908203,22.938101,581
粤B461ZC,113.908897,22.936899,582
粤B461ZC,113.908897,22.937,582
粤B461ZC,113.908302,22.937799,582
粤B461ZC,113.908997,22.937401,582
粤B461ZC,113.908997,22.936899,583
粤B461ZC,113.908897,22.936899,583
粤B461ZC,113.908997,22.936899,583
粤B461ZC,113.908897,22.936899,583
粤B461ZC,113.908897,22.936899,584
粤B461ZC,113.908997,22.936899,584
粤B461ZC,113.908997,22.936899,584
粤B461ZC,113.908997,22.936899,584
粤B461ZC,113.908699,22.9363,585
粤B461ZC,113.9077,22.9342,585
粤B461ZC,113.905701,22.9296,586
粤B461ZC,113.907097,22.9328,586
粤B461ZC,113.905296,22.9279,586
粤B461ZC,113.906502,22.9314,586
粤B461ZC,113.906303,22.9247,587
粤B461ZC,113.905899,22.926001,587
粤B461ZC,113.9076,22.9219,587
粤B461ZC,113.909203,22.9175,588
粤B461ZC,113.908401,22.919001,588
粤B461ZC,113.909897,22.916401,588
粤B461ZC,113.907799,22.9205,588
粤B461ZC,113.910301,22.916201,589
粤B461ZC,113.9105,22.916201,589
粤B461ZC,113.910202,22.9163,589
粤B461ZC,113.9105,22.916201,589
粤B461ZC,113.9105,22.916201,590
粤B461ZC,113.910599,22.9161,590
粤B461ZC,113.9105,22.916201,590
粤B461ZC,113.909698,22.910299,591
粤B461ZC,113.909897,22.9125,591
粤B461ZC,113.909698,22.910299,591
粤B461ZC,113.909698,22.910299,592
粤B461ZC,113.911598,22.91,592
粤B461ZC,113.909897,22.9097,592
粤B461ZC,113.909698,22.910299,592
粤B461ZC,113.913803,22.910101,593
粤B461ZC,113.914001,22.9084,593
粤B461ZC,113.914398,22.908701,593
粤B461ZC,113.913803,22.9083,594
粤B461ZC,113.914001,22.9084,594
粤B461ZC,113.913902,22.9083,594
粤B461ZC,113.913696,22.908199,594
粤B461ZC,113.913597,22.9081,595
粤B461ZC,113.913597,22.9058,595
粤B461ZC,113.912903,22.9041,595
粤B461ZC,113.917,22.9014,596
粤B461ZC,113.9151,22.9027,596
粤B461ZC,113.919098,22.899799,596
粤B461ZC,113.913101,22.9025,596
粤B461ZC,113.927803,22.893499,597
粤B461ZC,113.925598,22.8948,597
粤B461ZC,113.921204,22.8981,597
粤B461ZC,113.936897,22.891001,598
粤B461ZC,113.930496,22.892401,598
粤B461ZC,113.933701,22.8916,598
粤B461ZC,113.939903,22.890499,598
粤B461ZC,113.943001,22.8894,599
粤B461ZC,113.951897,22.8846,599
粤B461ZC,113.946098,22.8878,599
粤B461ZC,113.949203,22.886299,599
粤B461ZC,113.959396,22.879101,600
粤B461ZC,113.962097,22.8778,600
粤B461ZC,113.956497,22.8811,600
粤B461ZC,113.954002,22.882999,600
粤B461ZC,113.978104,22.8645,602
粤B461ZC,113.980003,22.862101,602
粤B461ZC,113.983299,22.852301,603
粤B461ZC,113.981903,22.8573,603
粤B461ZC,113.981201,22.859699,603
粤B461ZC,113.985001,22.85,604
粤B461ZC,113.9925,22.8442,604
粤B461ZC,113.987297,22.848101,604
粤B461ZC,113.9897,22.8463,604
粤B461ZC,113.995697,22.841801,605
粤B461ZC,114.0009,22.8368,605
粤B461ZC,113.998398,22.839399,605
粤B461ZC,114.003098,22.834299,605
粤B461ZC,114.009003,22.8263,606
粤B461ZC,114.007401,22.8293,606
粤B461ZC,114.005302,22.8319,606
粤B461ZC,114.010902,22.8232,606
粤B461ZC,114.023102,22.815399,607
粤B461ZC,114.013603,22.820801,607
粤B461ZC,114.016098,22.8186,607
粤B461ZC,114.019402,22.8165,607
粤B461ZC,114.029297,22.8125,608
粤B461ZC,114.026398,22.8141,608
粤B461ZC,114.031998,22.810699,608
粤B461ZC,114.034599,22.8081,608
粤B461ZC,114.037102,22.7974,609
粤B461ZC,114.0364,22.8048,609
粤B461ZC,114.037102,22.7936,609
粤B461ZC,114.037201,22.801201,609
粤B461ZC,114.037102,22.7864,610
粤B461ZC,114.037201,22.7831,610
粤B461ZC,114.037003,22.7799,610
粤B461ZC,114.038002,22.7773,611
粤B461ZC,114.035797,22.777901,611
粤B461ZC,114.039299,22.777599,611
粤B461ZC,114.039101,22.7775,611
粤B461ZC,114.040703,22.778,612
粤B461ZC,114.039398,22.777599,612
粤B461ZC,114.039398,22.777599,612
粤B461ZC,114.039803,22.7777,612
粤B461ZC,114.041,22.778,613
粤B461ZC,114.040802,22.778,613
粤B461ZC,114.041,22.778,613
粤B461ZC,114.040802,22.778,613
粤B461ZC,114.041199,22.7785,614
粤B461ZC,114.0411,22.778,614
粤B461ZC,114.0411,22.778,614
粤B461ZC,114.041298,22.778601,614
粤B461ZC,114.041603,22.7791,615
粤B461ZC,114.041901,22.7796,615
粤B461ZC,114.041397,22.7787,615
粤B461ZC,114.041901,22.7801,616
粤B461ZC,114.041901,22.7801,616
粤B461ZC,114.041901,22.7801,616
粤B461ZC,114.041901,22.7801,616
粤B461ZC,114.041901,22.7801,617
粤B461ZC,114.041901,22.7801,617
粤B461ZC,114.041901,22.7801,617
粤B461ZC,114.041901,22.7801,617
粤B461ZC,114.041901,22.7801,618
粤B461ZC,114.041901,22.7808,618
粤B461ZC,114.041901,22.7801,618
粤B461ZC,114.040802,22.7812,618
粤B461ZC,114.039299,22.781401,619
粤B461ZC,114.035896,22.7808,619
粤B461ZC,114.031998,22.781099,620
粤B461ZC,114.030403,22.779699,620
粤B461ZC,114.030296,22.780899,620
粤B461ZC,114.029999,22.7764,621
粤B461ZC,114.030296,22.772699,621
粤B461ZC,114.030296,22.7782,621
粤B461ZC,114.030098,22.7747,621
粤B461ZC,114.032898,22.7651,622
粤B461ZC,114.030403,22.7705,622
粤B461ZC,114.032501,22.767099,622
粤B461ZC,114.033501,22.763399,623
粤B461ZC,114.033997,22.7614,623
粤B461ZC,114.033203,22.763901,623
粤B461ZC,114.032997,22.759399,623
粤B461ZC,114.030998,22.756001,624
粤B461ZC,114.0308,22.755899,624
粤B461ZC,114.0308,22.755899,624
粤B461ZC,114.030602,22.7554,625
粤B461ZC,114.030098,22.750601,625
粤B461ZC,114.027802,22.748899,626
粤B461ZC,114.021698,22.7498,627
粤B461ZC,114.025803,22.748899,627
粤B461ZC,114.0159,22.748199,628
粤B461ZC,114.016899,22.748699,628
粤B461ZC,114.015198,22.747999,628
粤B461ZC,114.018097,22.749201,628
粤B461ZC,114.013397,22.747,629
粤B461ZC,114.014,22.747499,629
粤B461ZC,114.014603,22.747801,629
粤B461ZC,114.012497,22.7467,630
粤B461ZC,114.011299,22.7456,630
粤B461ZC,114.010902,22.7444,631
粤B461ZC,114.011101,22.744801,631
粤B461ZC,114.011101,22.745001,631
粤B461ZC,114.0112,22.7449,632
粤B461ZC,114.011101,22.7449,632
粤B461ZC,114.0112,22.7449,632
粤B461ZC,114.0112,22.7449,633
粤B461ZC,114.0112,22.7449,633
粤B461ZC,114.0112,22.7449,633
粤B461ZC,114.0112,22.7449,633
粤B461ZC,114.0112,22.7449,634
粤B461ZC,114.0112,22.7449,634
粤B461ZC,114.0112,22.7449,634
粤B461ZC,114.0112,22.7449,634
粤B461ZC,114.0112,22.7449,635
粤B461ZC,114.011299,22.7449,635
粤B461ZC,114.0112,22.7449,636
粤B461ZC,114.011299,22.7449,636
粤B461ZC,114.011299,22.7449,636
粤B461ZC,114.0112,22.7449,637
粤B461ZC,114.0112,22.7449,637
粤B461ZC,114.011398,22.745399,637
粤B461ZC,114.011803,22.746401,637
粤B461ZC,114.014397,22.7456,638
粤B461ZC,114.013702,22.7472,638
粤B461ZC,114.014198,22.7463,638
粤B461ZC,114.012497,22.7467,638
粤B461ZC,114.014999,22.744699,639
粤B461ZC,114.0168,22.7418,639
粤B461ZC,114.015701,22.743601,639
粤B461ZC,114.0186,22.736601,640
粤B461ZC,114.019699,22.7355,640
粤B461ZC,114.017502,22.7381,640
粤B461ZC,114.0214,22.7335,641
粤B461ZC,114.0214,22.7323,641
粤B461ZC,114.0214,22.732,641
粤B461ZC,114.021301,22.728399,642
粤B461ZC,114.021202,22.727501,642
粤B461ZC,114.0214,22.7309,642
粤B461ZC,114.0215,22.7299,642
粤B461ZC,114.021202,22.7274,643
粤B461ZC,114.0214,22.726,643
粤B461ZC,114.021202,22.7274,643
粤B461ZC,114.021202,22.7274,643
粤B461ZC,114.022499,22.721901,644
粤B461ZC,114.022202,22.722601,644
粤B461ZC,114.022697,22.7216,644
粤B461ZC,114.021896,22.724199,644
粤B461ZC,114.027802,22.718201,645
粤B461ZC,114.023201,22.721001,645
粤B461ZC,114.0243,22.719999,645
粤B461ZC,114.0261,22.719101,645
粤B461ZC,114.029701,22.7174,646
粤B461ZC,114.031502,22.7167,646
粤B461ZC,114.0327,22.716,646
粤B461ZC,114.032402,22.7138,647
粤B461ZC,114.0336,22.7152,647
粤B461ZC,114.033302,22.7143,647
粤B461ZC,114.034103,22.7148,647
粤B461ZC,114.031303,22.7134,648
粤B461ZC,114.030701,22.711901,648
粤B461ZC,114.034302,22.7073,649
粤B461ZC,114.033699,22.7078,649
粤B461ZC,114.031303,22.7108,649
粤B461ZC,114.032402,22.7094,649
粤B461ZC,114.037003,22.703899,650
粤B461ZC,114.036003,22.7064,650
粤B461ZC,114.034897,22.7069,650
粤B461ZC,114.037399,22.7057,650
粤B461ZC,114.0364,22.701799,651
粤B461ZC,114.036102,22.7006,651
粤B461ZC,114.036102,22.7006,651
粤B461ZC,114.035599,22.6987,652
粤B461ZC,114.035797,22.699499,652
粤B461ZC,114.036003,22.7003,652
粤B461ZC,114.0355,22.698299,653
粤B461ZC,114.0355,22.6984,653
粤B461ZC,114.0355,22.6984,653
粤B461ZC,114.0355,22.6984,653
粤B461ZC,114.0355,22.6982,654
粤B461ZC,114.0354,22.697701,654
粤B461ZC,114.0354,22.6968,654
粤B461ZC,114.0354,22.6964,654
粤B461ZC,114.0354,22.696199,655
粤B461ZC,114.0354,22.6964,655
粤B461ZC,114.0354,22.6964,655
粤B461ZC,114.0355,22.6961,656
粤B461ZC,114.0355,22.695801,656
粤B461ZC,114.0355,22.695499,656
粤B461ZC,114.0355,22.6961,656
粤B461ZC,114.035599,22.6952,657
粤B461ZC,114.035599,22.6952,657
粤B461ZC,114.035599,22.6952,657
粤B461ZC,114.035599,22.6952,657
粤B461ZC,114.035599,22.6952,658
粤B461ZC,114.035599,22.6952,658
粤B461ZC,114.035599,22.6952,658
粤B461ZC,114.035599,22.6952,658
粤B461ZC,114.035599,22.6952,659
粤B461ZC,114.035797,22.6936,659
粤B461ZC,114.035599,22.6952,659
粤B461ZC,114.0345,22.686501,660
粤B461ZC,114.035797,22.692499,660
粤B461ZC,114.0354,22.690599,660
粤B461ZC,114.034897,22.6887,660
粤B461ZC,114.033897,22.683901,661
粤B461ZC,114.033302,22.681499,661
粤B461ZC,114.032402,22.680099,661
粤B461ZC,114.032097,22.6796,662
粤B461ZC,114.032402,22.680201,662
粤B461ZC,114.031197,22.677299,663
粤B461ZC,114.031799,22.6793,663
粤B461ZC,114.031502,22.6786,663
粤B461ZC,114.029999,22.6754,664
粤B461ZC,114.029999,22.6754,664
粤B461ZC,114.029999,22.6754,665
粤B461ZC,114.029602,22.675301,665
粤B461ZC,114.026001,22.674,666
粤B461ZC,114.028503,22.6747,666
粤B461ZC,114.026001,22.6745,666
粤B461ZC,114.026299,22.6735,667
粤B461ZC,114.026199,22.672701,667
粤B461ZC,114.024498,22.672001,668
粤B461ZC,114.024498,22.672001,668
粤B461ZC,114.024498,22.672001,668
粤B461ZC,114.024498,22.672001,668
粤B461ZC,114.024498,22.671801,669
粤B461ZC,114.024498,22.672001,669
粤B461ZC,114.024597,22.6716,670
粤B461ZC,114.025497,22.6705,671
粤B461ZC,114.024597,22.6716,671
粤B461ZC,114.024597,22.6716,671
粤B461ZC,114.026802,22.669001,672
粤B461ZC,114.026299,22.6695,672
粤B461ZC,114.027397,22.668301,672
粤B461ZC,114.028198,22.667299,673
粤B461ZC,114.028702,22.666599,673
粤B461ZC,114.028801,22.6665,673
粤B461ZC,114.028801,22.6665,673
粤B461ZC,114.028801,22.6665,674
粤B461ZC,114.028801,22.6665,674
粤B461ZC,114.028801,22.6665,675
粤B461ZC,114.028801,22.6665,675
粤B461ZC,114.028801,22.6665,675
粤B461ZC,114.028801,22.6665,676
粤B461ZC,114.028801,22.6665,676
粤B461ZC,114.028801,22.6665,676
粤B461ZC,114.028801,22.6665,676
粤B461ZC,114.028801,22.666599,677
粤B461ZC,114.028801,22.666599,677
粤B461ZC,114.028801,22.666599,678
粤B461ZC,114.028801,22.666599,678
粤B461ZC,114.028801,22.666599,678
粤B461ZC,114.028801,22.666599,678
粤B461ZC,114.028801,22.666599,679
粤B461ZC,114.028801,22.666599,679
粤B461ZC,114.028801,22.666599,679
粤B461ZC,114.028801,22.666599,680
粤B461ZC,114.028801,22.666599,680
粤B461ZC,114.028801,22.666599,680
粤B461ZC,114.028801,22.6665,681
粤B461ZC,114.028801,22.6665,681
粤B461ZC,114.028801,22.6665,681
粤B461ZC,114.028801,22.6665,681
粤B461ZC,114.028801,22.6665,682
粤B461ZC,114.028801,22.666599,682
粤B461ZC,114.028801,22.666599,682
粤B461ZC,114.028801,22.666599,683
粤B461ZC,114.028801,22.666599,683
粤B461ZC,114.028801,22.666599,683
粤B461ZC,114.028801,22.6665,684
粤B461ZC,114.028801,22.6665,684
粤B461ZC,114.028801,22.6665,685
粤B461ZC,114.028801,22.6665,685
粤B461ZC,114.028801,22.666599,686
粤B461ZC,114.028801,22.666599,686
粤B461ZC,114.028801,22.6665,687
粤B461ZC,114.028801,22.666599,687
粤B461ZC,114.028801,22.666599,687
粤B461ZC,114.028801,22.6665,688
粤B461ZC,114.028801,22.6665,688
粤B461ZC,114.028801,22.6665,688
粤B461ZC,114.028801,22.6665,688
粤B461ZC,114.028801,22.6665,689
粤B461ZC,114.028801,22.6665,689
粤B461ZC,114.028801,22.6665,689
粤B461ZC,114.028801,22.6665,690
粤B461ZC,114.028801,22.6665,691
粤B461ZC,114.028801,22.6665,691
粤B461ZC,114.028801,22.6665,691
粤B461ZC,114.028801,22.6665,691
粤B461ZC,114.028801,22.6665,692
粤B461ZC,114.0289,22.6663,692
粤B461ZC,114.030197,22.665001,693
粤B461ZC,114.030197,22.6649,693
粤B461ZC,114.030701,22.665001,694
粤B461ZC,114.030197,22.665001,694
粤B461ZC,114.031403,22.6656,694
粤B461ZC,114.031303,22.665701,694
粤B461ZC,114.031403,22.665501,695
粤B461ZC,114.031403,22.6656,695
粤B461ZC,114.031403,22.665701,696
粤B461ZC,114.031403,22.665701,696
粤B461ZC,114.031502,22.665501,696
粤B461ZC,114.031303,22.6658,697
粤B461ZC,114.031303,22.6658,697
粤B461ZC,114.031403,22.665701,697
粤B461ZC,114.031403,22.6656,698
粤B461ZC,114.031303,22.665701,698
粤B461ZC,114.031303,22.665701,698
粤B461ZC,114.031303,22.6658,699
粤B461ZC,114.031303,22.6658,699
粤B461ZC,114.031303,22.665701,699
粤B461ZC,114.031303,22.665701,699
粤B461ZC,114.031197,22.6658,700
粤B461ZC,114.031197,22.665899,700
粤B461ZC,114.031197,22.6658,701
粤B461ZC,114.031197,22.6658,701
粤B461ZC,114.031197,22.6658,701
粤B461ZC,114.031197,22.6658,702
粤B461ZC,114.031197,22.6658,702
粤B461ZC,114.031197,22.6658,702
粤B461ZC,114.031197,22.6658,703
粤B461ZC,114.031197,22.665899,703
粤B461ZC,114.031197,22.6658,704
粤B461ZC,114.031197,22.6658,704
粤B461ZC,114.032097,22.6677,705
粤B461ZC,114.031601,22.666599,705
粤B461ZC,114.033699,22.672001,706
粤B461ZC,114.032898,22.6723,706
粤B461ZC,114.033096,22.670099,706
粤B461ZC,114.033501,22.6709,706
粤B461ZC,114.031197,22.676701,707
粤B461ZC,114.031898,22.672701,707
粤B461ZC,114.030296,22.675501,707
粤B461ZC,114.030701,22.673901,707
粤B461ZC,114.031403,22.677299,708
粤B461ZC,114.031403,22.677299,708
粤B461ZC,114.031403,22.677299,708
粤B461ZC,114.031403,22.677299,709
粤B461ZC,114.031403,22.677299,709
粤B461ZC,114.031403,22.677299,709
粤B461ZC,114.031403,22.677299,710
粤B461ZC,114.031403,22.677299,710
粤B461ZC,114.031403,22.677601,710
粤B461ZC,114.031799,22.6791,710
粤B461ZC,114.033501,22.681999,711
粤B461ZC,114.033897,22.683701,711
粤B461ZC,114.0327,22.6805,711
粤B461ZC,114.035698,22.694799,712
粤B461ZC,114.0354,22.6905,712
粤B461ZC,114.0355,22.695999,713
粤B461ZC,114.035599,22.6957,713
粤B461ZC,114.035599,22.695801,713
粤B461ZC,114.035599,22.695801,713
粤B461ZC,114.035599,22.698601,714
粤B461ZC,114.0354,22.6971,714
粤B461ZC,114.036598,22.7022,714
粤B461ZC,114.036102,22.700399,714
粤B461ZC,114.037003,22.704,715
粤B461ZC,114.0383,22.709,715
粤B461ZC,114.037498,22.705799,715
粤B461ZC,114.037903,22.7076,715
粤B461ZC,114.038498,22.7099,716
粤B461ZC,114.038498,22.709801,716
粤B461ZC,114.038498,22.7099,716
粤B461ZC,114.038498,22.7099,716
粤B461ZC,114.038498,22.709999,717
粤B461ZC,114.038597,22.7103,717
粤B461ZC,114.038002,22.710699,717
粤B461ZC,114.038498,22.7099,717
粤B461ZC,114.037003,22.714001,718
粤B461ZC,114.036903,22.7152,718
粤B461ZC,114.036598,22.7127,718
粤B461ZC,114.036598,22.7115,718
粤B461ZC,114.037804,22.7152,719
粤B461ZC,114.038803,22.715599,719
粤B461ZC,114.039597,22.7159,719
粤B461ZC,114.0401,22.716101,719
粤B461ZC,114.040199,22.716101,720
粤B461ZC,114.040199,22.716,720
粤B461ZC,114.040199,22.716,720
粤B461ZC,114.040199,22.716,721
粤B461ZC,114.040298,22.715799,721
粤B461ZC,114.040398,22.7157,722
粤B461ZC,114.040398,22.7157,723
粤B461ZC,114.040298,22.7157,723
粤B461ZC,114.040398,22.7157,723
粤B461ZC,114.040398,22.7157,723
粤B461ZC,114.040398,22.715599,724
粤B461ZC,114.040398,22.7157,724
粤B461ZC,114.040398,22.7157,724
粤B461ZC,114.040703,22.715099,725
粤B461ZC,114.040703,22.715099,725
粤B461ZC,114.040703,22.715099,725
粤B461ZC,114.0401,22.7162,726
粤B461ZC,114.040703,22.715099,726
粤B461ZC,114.040497,22.7157,726
粤B461ZC,114.040703,22.715099,726
粤B461ZC,114.037598,22.715401,727
粤B461ZC,114.039299,22.715799,727
粤B461ZC,114.037201,22.7153,727
粤B461ZC,114.0373,22.7153,728
粤B461ZC,114.0373,22.7153,728
粤B461ZC,114.0373,22.7153,728
粤B461ZC,114.0364,22.7166,729
粤B461ZC,114.036003,22.718201,729
粤B461ZC,114.036797,22.715401,729
粤B461ZC,114.037102,22.7152,729
粤B461ZC,114.035797,22.7192,730
粤B461ZC,114.035698,22.7195,730
粤B461ZC,114.035797,22.7194,730
粤B461ZC,114.0354,22.7206,731
粤B461ZC,114.0354,22.720699,731
粤B461ZC,114.0355,22.7206,731
粤B461ZC,114.035599,22.7199,731
粤B461ZC,114.0354,22.720699,732
粤B461ZC,114.035301,22.721001,732
粤B461ZC,114.035202,22.721701,733
粤B461ZC,114.035202,22.721701,733
粤B461ZC,114.035202,22.721701,733
粤B461ZC,114.035202,22.721701,733
粤B461ZC,114.034897,22.7227,734
粤B461ZC,114.035103,22.722,734
粤B461ZC,114.034897,22.7227,734
粤B461ZC,114.034897,22.7227,734
粤B461ZC,114.034897,22.7227,735
粤B461ZC,114.034897,22.7227,735
粤B461ZC,114.034599,22.7239,735
粤B461ZC,114.034897,22.723,735
粤B461ZC,114.033798,22.726999,736
粤B461ZC,114.033798,22.7269,736
粤B461ZC,114.033798,22.726999,736
粤B461ZC,114.034203,22.725401,736
粤B461ZC,114.033798,22.726999,737
粤B461ZC,114.033798,22.726999,737
粤B461ZC,114.033501,22.7276,737
粤B461ZC,114.033798,22.726999,737
粤B461ZC,114.029999,22.7274,738
粤B461ZC,114.028297,22.728001,738
粤B461ZC,114.028603,22.7279,738
粤B461ZC,114.032097,22.727301,738
粤B461ZC,114.028397,22.728001,739
粤B461ZC,114.028397,22.728001,739
粤B461ZC,114.028397,22.728001,739
粤B461ZC,114.027199,22.7297,740
粤B461ZC,114.027603,22.7304,740
粤B461ZC,114.026802,22.731001,741
粤B461ZC,114.0252,22.7318,741
粤B461ZC,114.022499,22.7344,741
粤B461ZC,114.023598,22.733,741
粤B461ZC,114.021698,22.7367,742
粤B461ZC,114.022202,22.735201,742
粤B461ZC,114.0214,22.7386,742
粤B461ZC,114.021103,22.7402,742
粤B461ZC,114.020302,22.7437,743
粤B461ZC,114.019501,22.7453,743
粤B461ZC,114.018898,22.7467,743
粤B461ZC,114.020897,22.741899,743
粤B461ZC,114.018204,22.748199,744
粤B461ZC,114.0158,22.748199,744
粤B461ZC,114.016899,22.748699,744
粤B461ZC,114.017799,22.749001,744
粤B461ZC,114.011803,22.746,745
粤B461ZC,114.013496,22.747101,745
粤B461ZC,114.012299,22.7467,745
粤B461ZC,114.014801,22.747801,745
粤B461ZC,114.0112,22.745001,746
粤B461ZC,114.0112,22.745001,746
粤B461ZC,114.0112,22.7451,746
粤B461ZC,114.011597,22.745899,747
粤B461ZC,114.0112,22.745001,747
粤B461ZC,114.011497,22.745501,747
粤B461ZC,114.012299,22.7467,748
粤B461ZC,114.011803,22.746201,748
粤B461ZC,114.012703,22.746799,749
粤B461ZC,114.013,22.746799,749
粤B461ZC,114.0131,22.746799,749
粤B461ZC,114.0131,22.746799,749
粤B461ZC,114.013,22.746799,750
粤B461ZC,114.013,22.746799,750
粤B461ZC,114.0131,22.746799,750
粤B461ZC,114.0131,22.746799,751
粤B461ZC,114.0131,22.746799,751
粤B461ZC,114.013,22.746799,751
粤B461ZC,114.0131,22.746799,751
粤B461ZC,114.013,22.7467,752
粤B461ZC,114.013,22.7467,753
粤B461ZC,114.013,22.7467,753
粤B461ZC,114.013,22.746799,753
粤B461ZC,114.013,22.7467,753
粤B461ZC,114.013,22.7467,754
粤B461ZC,114.013,22.7467,754
粤B461ZC,114.013,22.7467,754
粤B461ZC,114.013,22.7467,754
粤B461ZC,114.013,22.7467,755
粤B461ZC,114.0131,22.7467,755
粤B461ZC,114.013,22.7467,756
粤B461ZC,114.0131,22.7467,756
粤B461ZC,114.013,22.7467,756
粤B461ZC,114.013,22.7467,756
粤B461ZC,114.0131,22.7467,757
粤B461ZC,114.013,22.7467,757
粤B461ZC,114.013,22.7467,757
粤B461ZC,114.0131,22.7467,758
粤B461ZC,114.0131,22.7467,758
粤B461ZC,114.013,22.7467,758
粤B461ZC,114.0131,22.7467,759
粤B461ZC,114.0131,22.7467,759
粤B461ZC,114.0131,22.7467,759
粤B461ZC,114.0131,22.7467,760
粤B461ZC,114.0131,22.7467,760
粤B461ZC,114.0131,22.7467,760
粤B461ZC,114.0131,22.7467,761
粤B461ZC,114.0131,22.7467,761
粤B461ZC,114.0131,22.7467,761
粤B461ZC,114.0131,22.7467,761
粤B461ZC,114.013,22.7467,762
粤B461ZC,114.013,22.746799,762
粤B461ZC,114.013,22.746799,762
粤B461ZC,114.013,22.746799,762
粤B461ZC,114.013,22.746799,763
粤B461ZC,114.013,22.746799,763
粤B461ZC,114.013,22.746799,763
粤B461ZC,114.013,22.746799,764
粤B461ZC,114.013,22.746799,764
粤B461ZC,114.013,22.746799,764
粤B461ZC,114.013,22.746799,765
粤B461ZC,114.0131,22.746799,765
粤B461ZC,114.0131,22.746799,765
粤B461ZC,114.0131,22.746799,766
粤B461ZC,114.0131,22.746799,766
粤B461ZC,114.0131,22.746799,766
粤B461ZC,114.013,22.746799,766
粤B461ZC,114.0131,22.746799,767
粤B461ZC,114.013,22.746799,767
粤B461ZC,114.0131,22.746799,767
粤B461ZC,114.013,22.746799,767
粤B461ZC,114.013,22.746799,768
粤B461ZC,114.0131,22.746799,768
粤B461ZC,114.013,22.7467,769
粤B461ZC,114.013,22.7467,769
粤B461ZC,114.013,22.7467,769
粤B461ZC,114.013,22.7467,769
粤B461ZC,114.013,22.7467,770
粤B461ZC,114.013,22.746901,770
粤B461ZC,114.0131,22.746799,770
粤B461ZC,114.013,22.746799,770
粤B461ZC,114.013,22.746901,771
粤B461ZC,114.013,22.746901,771
粤B461ZC,114.013,22.746901,771
粤B461ZC,114.013,22.746901,772
粤B461ZC,114.013,22.746901,772
粤B461ZC,114.0131,22.746799,772
粤B461ZC,114.013,22.746901,772
粤B461ZC,114.0131,22.746799,773
粤B461ZC,114.0131,22.746799,773
粤B461ZC,114.0131,22.746799,773
粤B461ZC,114.013901,22.747,774
粤B461ZC,114.014,22.746599,774
粤B461ZC,114.013603,22.747101,774
粤B461ZC,114.013298,22.746901,774
粤B461ZC,114.014397,22.745501,775
粤B461ZC,114.014198,22.745899,775
粤B461ZC,114.014801,22.7449,775
粤B461ZC,114.015099,22.7444,776
粤B461ZC,114.014099,22.7439,776
粤B461ZC,114.014999,22.7446,776
粤B461ZC,114.014702,22.7442,776
粤B461ZC,114.012802,22.7439,777
粤B461ZC,114.012199,22.744699,778
粤B461ZC,114.011597,22.745001,778
粤B461ZC,114.011299,22.745001,778
粤B461ZC,114.012001,22.745001,778
粤B461ZC,114.0112,22.7449,779
粤B461ZC,114.0112,22.745001,779
粤B461ZC,114.011002,22.7444,779
粤B461ZC,114.011299,22.745001,780
粤B461ZC,114.011299,22.7451,780
粤B461ZC,114.0112,22.745001,780
粤B461ZC,114.0112,22.7451,780
粤B461ZC,114.011299,22.7451,781
粤B461ZC,114.011398,22.7453,781
粤B461ZC,114.011299,22.7451,781
粤B461ZC,114.014397,22.7456,782
粤B461ZC,114.014,22.746799,782
粤B461ZC,114.011902,22.7465,782
粤B461ZC,114.013,22.746799,782
粤B461ZC,114.016296,22.742901,783
粤B461ZC,114.015297,22.744301,783
粤B461ZC,114.016899,22.7416,783
粤B461ZC,114.017097,22.74,783
粤B461ZC,114.020302,22.7349,784
粤B461ZC,114.0196,22.7356,784
粤B461ZC,114.017502,22.7383,784
粤B461ZC,114.018402,22.7369,784
粤B461ZC,114.021301,22.731899,785
粤B461ZC,114.021202,22.7337,785
粤B461ZC,114.021301,22.731899,786
粤B461ZC,114.0214,22.731899,786
粤B461ZC,114.0214,22.731899,786
粤B461ZC,114.021301,22.731899,786
粤B461ZC,114.021301,22.7313,787
粤B461ZC,114.0215,22.7302,787
粤B461ZC,114.021202,22.7278,787
粤B461ZC,114.021202,22.727301,788
粤B461ZC,114.0214,22.7255,788
粤B461ZC,114.021202,22.726999,788
粤B461ZC,114.021202,22.727301,788
粤B461ZC,114.024803,22.719801,789
粤B461ZC,114.022202,22.7236,789
粤B461ZC,114.0326,22.716,790
粤B461ZC,114.031197,22.7169,790
粤B461ZC,114.027,22.7187,790
粤B461ZC,114.033897,22.714899,791
粤B461ZC,114.033798,22.715099,791
粤B461ZC,114.033897,22.714899,791
粤B461ZC,114.033897,22.715,791
粤B461ZC,114.033897,22.714899,792
粤B461ZC,114.034401,22.7148,792
粤B461ZC,114.035698,22.7148,792
粤B461ZC,114.033897,22.714899,792
粤B461ZC,114.036903,22.7132,793
粤B461ZC,114.036598,22.715,793
粤B461ZC,114.037003,22.7145,793
粤B461ZC,114.036797,22.713301,793
粤B461ZC,114.036797,22.7132,794
粤B461ZC,114.036797,22.7132,794
粤B461ZC,114.036797,22.7132,794
粤B461ZC,114.036797,22.7132,794
粤B461ZC,114.036797,22.7131,795
粤B461ZC,114.036903,22.7132,795
粤B461ZC,114.036903,22.7131,795
粤B461ZC,114.036903,22.7132,795
粤B461ZC,114.036903,22.7132,796
粤B461ZC,114.036903,22.7132,796
粤B461ZC,114.036903,22.7132,796
粤B461ZC,114.036903,22.7132,796
粤B461ZC,114.036903,22.713301,797
粤B461ZC,114.036903,22.713301,797
粤B461ZC,114.036903,22.7132,798
粤B461ZC,114.036903,22.713301,798
粤B461ZC,114.036903,22.7132,798
粤B461ZC,114.036903,22.713301,798
粤B461ZC,114.036903,22.7132,799
粤B461ZC,114.036903,22.7132,799
粤B461ZC,114.036903,22.7132,799
粤B461ZC,114.036903,22.7132,800
粤B461ZC,114.036903,22.713301,800
粤B461ZC,114.036797,22.7132,800
粤B461ZC,114.036797,22.7132,801
粤B461ZC,114.036903,22.713301,801
粤B461ZC,114.036903,22.713301,801
粤B461ZC,114.036903,22.713301,802
粤B461ZC,114.036903,22.713301,802
粤B461ZC,114.036797,22.7132,802
粤B461ZC,114.036797,22.713301,802
粤B461ZC,114.036797,22.7132,803
粤B461ZC,114.036797,22.7132,803
粤B461ZC,114.036797,22.7132,803
粤B461ZC,114.036797,22.7132,803
粤B461ZC,114.036797,22.713301,804
粤B461ZC,114.036903,22.7132,804
粤B461ZC,114.036697,22.713301,804
粤B461ZC,114.036903,22.7132,804
粤B461ZC,114.036697,22.713301,805
粤B461ZC,114.036697,22.713301,805
粤B461ZC,114.036697,22.713301,805
粤B461ZC,114.036697,22.713301,805
粤B461ZC,114.036697,22.713301,806
粤B461ZC,114.036697,22.713301,806
粤B461ZC,114.036697,22.713301,806
粤B461ZC,114.036797,22.713301,806
粤B461ZC,114.036697,22.713301,807
粤B461ZC,114.036697,22.713301,807
粤B461ZC,114.036697,22.713301,807
粤B461ZC,114.036797,22.7132,808
粤B461ZC,114.036697,22.713301,808
粤B461ZC,114.036697,22.713301,808
粤B461ZC,114.036797,22.7132,809
粤B461ZC,114.036797,22.713301,812
粤B461ZC,114.036797,22.7132,812
粤B461ZC,114.036903,22.7132,813
粤B461ZC,114.036903,22.7132,813
粤B461ZC,114.036903,22.7132,813
粤B461ZC,114.036903,22.7132,813
粤B461ZC,114.036903,22.7132,814
粤B461ZC,114.036903,22.7132,814
粤B461ZC,114.036797,22.7132,814
粤B461ZC,114.036903,22.7132,814
粤B461ZC,114.036797,22.7132,815
粤B461ZC,114.036797,22.713301,815
粤B461ZC,114.036797,22.713301,815
粤B461ZC,114.036797,22.7132,816
粤B461ZC,114.036797,22.713301,816
粤B461ZC,114.036797,22.7132,816
粤B461ZC,114.036797,22.7132,816
粤B461ZC,114.036903,22.7132,817
粤B461ZC,114.036903,22.7132,817
粤B461ZC,114.036903,22.7132,817
粤B461ZC,114.037003,22.7132,818
粤B461ZC,114.036903,22.7132,818
粤B461ZC,114.036903,22.7132,818
粤B461ZC,114.036903,22.7132,818
粤B461ZC,114.037003,22.7132,819
粤B461ZC,114.037003,22.7132,819
粤B461ZC,114.037003,22.7132,819
粤B461ZC,114.037003,22.7132,820
粤B461ZC,114.037003,22.7132,820
粤B461ZC,114.037003,22.7132,820
粤B461ZC,114.036903,22.7132,821
粤B461ZC,114.036903,22.7132,821
粤B461ZC,114.037003,22.7132,821
粤B461ZC,114.037003,22.7132,821
粤B461ZC,114.036903,22.7132,822
粤B461ZC,114.036903,22.7132,822
粤B461ZC,114.036903,22.7132,822
粤B461ZC,114.036903,22.7132,822
粤B461ZC,114.036903,22.7132,823
粤B461ZC,114.036903,22.7132,823
粤B461ZC,114.036903,22.7132,823
粤B461ZC,114.036903,22.7132,823
粤B461ZC,114.036903,22.713301,824
粤B461ZC,114.037003,22.7132,824
粤B461ZC,114.036903,22.713301,824
粤B461ZC,114.037003,22.7132,824
粤B461ZC,114.037003,22.7132,825
粤B461ZC,114.036903,22.7132,827
粤B461ZC,114.036903,22.7132,828
粤B461ZC,114.036903,22.7132,828
粤B461ZC,114.036903,22.7132,828
粤B461ZC,114.036903,22.7132,828
粤B461ZC,114.036903,22.7132,829
粤B461ZC,114.036903,22.7132,829
粤B461ZC,114.036903,22.7132,829
粤B461ZC,114.036903,22.7132,830
粤B461ZC,114.036903,22.7132,831
粤B461ZC,114.036903,22.7132,832
粤B461ZC,114.036903,22.7132,832
粤B461ZC,114.036903,22.7132,833
粤B461ZC,114.036903,22.7132,833
粤B461ZC,114.036903,22.7132,833
粤B461ZC,114.036903,22.7132,834
粤B461ZC,114.036903,22.7132,834
粤B461ZC,114.036903,22.7132,834
粤B461ZC,114.036903,22.7131,835
粤B461ZC,114.036903,22.7131,835
粤B461ZC,114.036903,22.7132,836
粤B461ZC,114.037003,22.7132,837
粤B461ZC,114.037003,22.7132,837
粤B461ZC,114.037003,22.7132,837
粤B461ZC,114.037003,22.7131,843
粤B461ZC,114.037003,22.7131,843
粤B461ZC,114.037003,22.7132,844
粤B461ZC,114.037003,22.7132,844
粤B461ZC,114.037003,22.7131,844
粤B461ZC,114.036903,22.7132,845
粤B461ZC,114.036903,22.713301,845
粤B461ZC,114.036903,22.713301,845
粤B461ZC,114.036903,22.7132,845
粤B461ZC,114.036903,22.713301,846
粤B461ZC,114.036903,22.713301,846
粤B461ZC,114.036903,22.713301,846
粤B461ZC,114.036903,22.7132,847
粤B461ZC,114.036903,22.7132,847
粤B461ZC,114.036903,22.7132,848
粤B461ZC,114.036903,22.7132,848
粤B461ZC,114.036903,22.7132,848
粤B461ZC,114.036903,22.7132,848
粤B461ZC,114.036903,22.7132,849
粤B461ZC,114.036903,22.7132,849
粤B461ZC,114.036903,22.7132,849
粤B461ZC,114.036903,22.7132,850
粤B461ZC,114.036903,22.7132,850
粤B461ZC,114.036903,22.7132,850
粤B461ZC,114.036903,22.7132,850
粤B461ZC,114.036903,22.7132,851
粤B461ZC,114.036903,22.7132,851
粤B461ZC,114.036903,22.7132,851
粤B461ZC,114.036903,22.7132,853
粤B461ZC,114.036903,22.7132,853
粤B461ZC,114.036903,22.713301,854
粤B461ZC,114.036903,22.713301,854
粤B461ZC,114.036903,22.713301,854
粤B461ZC,114.036903,22.713301,854
粤B461ZC,114.036903,22.7134,855
粤B461ZC,114.036903,22.7134,855
粤B461ZC,114.036903,22.7134,856
粤B461ZC,114.036903,22.7134,856
粤B461ZC,114.036903,22.7134,856
粤B461ZC,114.036797,22.713301,857
粤B461ZC,114.036797,22.713301,857
粤B461ZC,114.036903,22.713301,857
粤B461ZC,114.036797,22.713301,858
粤B461ZC,114.036797,22.713301,858
粤B461ZC,114.036903,22.713301,858
粤B461ZC,114.036797,22.713301,858
粤B461ZC,114.036903,22.713301,859
粤B461ZC,114.036903,22.713301,859
粤B461ZC,114.036903,22.713301,859
粤B461ZC,114.036903,22.713301,859
粤B461ZC,114.036903,22.713301,860
粤B461ZC,114.036903,22.713301,860
粤B461ZC,114.036903,22.713301,860
粤B461ZC,114.036903,22.713301,860
粤B461ZC,114.036903,22.713301,861
粤B461ZC,114.036903,22.7132,862
粤B461ZC,114.036903,22.7132,862
粤B461ZC,114.036903,22.7132,862
粤B461ZC,114.036903,22.7132,863
粤B461ZC,114.036797,22.713301,863
粤B461ZC,114.036903,22.713301,863
粤B461ZC,114.036903,22.7132,863
粤B461ZC,114.036797,22.713301,864
粤B461ZC,114.036903,22.713301,864
粤B461ZC,114.036903,22.713301,864
粤B461ZC,114.036903,22.713301,865
粤B461ZC,114.036903,22.7134,865
粤B461ZC,114.036903,22.7134,865
粤B461ZC,114.036903,22.7134,866
粤B461ZC,114.036903,22.7134,866
粤B461ZC,114.036903,22.7134,866
粤B461ZC,114.036903,22.7134,866
粤B461ZC,114.036903,22.713499,867
粤B461ZC,114.036903,22.7134,869
粤B461ZC,114.036797,22.713499,869
粤B461ZC,114.036797,22.713499,869
粤B461ZC,114.036797,22.713499,869
粤B461ZC,114.036903,22.7134,870
粤B461ZC,114.036903,22.7134,870
粤B461ZC,114.036903,22.7134,870
粤B461ZC,114.036903,22.7134,870
粤B461ZC,114.036903,22.7134,871
粤B461ZC,114.036903,22.713301,871
粤B461ZC,114.036903,22.713301,871
粤B461ZC,114.036903,22.7134,871
粤B461ZC,114.036903,22.713301,872
粤B461ZC,114.036903,22.713301,872
粤B461ZC,114.036903,22.713301,872
粤B461ZC,114.036903,22.713301,872
粤B461ZC,114.036903,22.713301,873
粤B461ZC,114.036903,22.713301,873
粤B461ZC,114.036903,22.713301,873
粤B461ZC,114.036903,22.713301,873
粤B461ZC,114.036903,22.713301,874
粤B461ZC,114.036903,22.713301,874
粤B461ZC,114.036903,22.7132,874
粤B461ZC,114.036903,22.713301,874
粤B461ZC,114.036903,22.7132,875
粤B461ZC,114.036903,22.713301,877
粤B461ZC,114.036903,22.7132,877
粤B461ZC,114.036903,22.713301,877
粤B461ZC,114.036903,22.713301,877
粤B461ZC,114.036903,22.713301,878
粤B461ZC,114.036903,22.7132,878
粤B461ZC,114.036903,22.713301,878
粤B461ZC,114.036903,22.7132,878
粤B461ZC,114.036903,22.713301,879
粤B461ZC,114.036903,22.713301,879
粤B461ZC,114.036903,22.713301,879
粤B461ZC,114.036903,22.7132,879
粤B461ZC,114.036903,22.7132,880
粤B461ZC,114.036903,22.713301,880
粤B461ZC,114.036903,22.713301,880
粤B461ZC,114.036903,22.713301,880
粤B461ZC,114.036903,22.713301,881
粤B461ZC,114.037003,22.713301,881
粤B461ZC,114.037003,22.713301,881
粤B461ZC,114.037003,22.713301,882
粤B461ZC,114.037003,22.7134,882
粤B461ZC,114.037003,22.713301,882
粤B461ZC,114.037003,22.7134,882
粤B461ZC,114.037003,22.7134,883
粤B461ZC,114.037003,22.713301,887
粤B461ZC,114.037003,22.713301,887
粤B461ZC,114.037003,22.713301,887
粤B461ZC,114.037003,22.713301,888
粤B461ZC,114.037003,22.713301,888
粤B461ZC,114.037003,22.713301,888
粤B461ZC,114.037003,22.713301,888
粤B461ZC,114.037003,22.713301,889
粤B461ZC,114.037003,22.713301,889
粤B461ZC,114.037003,22.713301,889
粤B461ZC,114.037003,22.713301,889
粤B461ZC,114.037003,22.7132,890
粤B461ZC,114.037003,22.713301,890
粤B461ZC,114.037003,22.713301,890
粤B461ZC,114.037003,22.7132,891
粤B461ZC,114.037102,22.7132,891
粤B461ZC,114.037003,22.713301,892
粤B461ZC,114.037003,22.713301,893
粤B461ZC,114.037003,22.713301,893
粤B461ZC,114.037003,22.713301,893
粤B461ZC,114.037003,22.713301,894
粤B461ZC,114.037003,22.713301,894
粤B461ZC,114.037003,22.713301,894
粤B461ZC,114.037003,22.713301,894
粤B461ZC,114.037003,22.713301,895
粤B461ZC,114.037003,22.713301,895
粤B461ZC,114.036903,22.713301,895
粤B461ZC,114.037003,22.713301,896
粤B461ZC,114.037003,22.713301,896
粤B461ZC,114.037003,22.713301,896
粤B461ZC,114.037003,22.713301,896
粤B461ZC,114.037003,22.713301,897
粤B461ZC,114.036903,22.713301,897
粤B461ZC,114.036903,22.713301,897
粤B461ZC,114.037003,22.713301,897
粤B461ZC,114.037003,22.7132,898
粤B461ZC,114.037003,22.713301,898
粤B461ZC,114.036903,22.713301,898
粤B461ZC,114.036903,22.713301,898
粤B461ZC,114.036903,22.7132,899
粤B461ZC,114.036903,22.713301,899
粤B461ZC,114.036903,22.713301,899
粤B461ZC,114.036903,22.713301,899
粤B461ZC,114.036903,22.7132,900
粤B461ZC,114.036903,22.7132,910
粤B461ZC,114.036903,22.7131,911
粤B461ZC,114.036903,22.7131,911
粤B461ZC,114.036903,22.7131,912
粤B461ZC,114.036903,22.7131,913
粤B461ZC,114.036903,22.7131,913
粤B461ZC,114.036797,22.7132,913
粤B461ZC,114.036797,22.7132,913
粤B461ZC,114.036797,22.7132,914
粤B461ZC,114.036797,22.7132,915
粤B461ZC,114.036797,22.7132,915
粤B461ZC,114.036797,22.7132,915
粤B461ZC,114.036697,22.7132,916
粤B461ZC,114.036697,22.7132,916
粤B461ZC,114.036697,22.7132,916
粤B461ZC,114.036697,22.7132,916
粤B461ZC,114.036697,22.7132,917
粤B461ZC,114.036499,22.7132,917
粤B461ZC,114.036697,22.7132,917
粤B461ZC,114.036697,22.7132,917
粤B461ZC,114.0364,22.7132,918
粤B461ZC,114.036301,22.713301,918
粤B461ZC,114.036301,22.713301,918
粤B461ZC,114.0364,22.713301,919
粤B461ZC,114.036301,22.7134,919
粤B461ZC,114.036301,22.713301,919
粤B461ZC,114.036301,22.7134,919
粤B461ZC,114.036301,22.7134,920
粤B461ZC,114.036499,22.713301,920
粤B461ZC,114.036697,22.7132,921
粤B461ZC,114.036697,22.7132,921
粤B461ZC,114.036697,22.713301,921
粤B461ZC,114.036697,22.713301,921
粤B461ZC,114.036697,22.7132,922
粤B461ZC,114.036797,22.7131,922
粤B461ZC,114.036797,22.7132,922
粤B461ZC,114.036697,22.7132,922
粤B461ZC,114.036903,22.7131,923
粤B461ZC,114.036903,22.7131,923
粤B461ZC,114.036797,22.7131,923
粤B461ZC,114.036903,22.7131,924
粤B461ZC,114.037003,22.7131,925
粤B461ZC,114.036903,22.7131,925
粤B461ZC,114.036903,22.7131,925
粤B461ZC,114.036903,22.7131,925
粤B461ZC,114.037102,22.7129,926
粤B461ZC,114.037003,22.712999,926
粤B461ZC,114.037003,22.712999,927
粤B461ZC,114.037003,22.7131,927
粤B461ZC,114.037003,22.712999,927
粤B461ZC,114.037003,22.7131,927
粤B461ZC,114.037102,22.7129,928
粤B461ZC,114.037003,22.712999,928
粤B461ZC,114.037102,22.7129,928
粤B461ZC,114.037102,22.7129,928
粤B461ZC,114.037102,22.712999,929
粤B461ZC,114.037102,22.7129,929
粤B461ZC,114.037102,22.712999,929
粤B461ZC,114.037102,22.712999,929
粤B461ZC,114.037102,22.7129,930
粤B461ZC,114.037102,22.7129,930
粤B461ZC,114.037102,22.7129,930
粤B461ZC,114.037102,22.7129,930
粤B461ZC,114.037102,22.7129,931
粤B461ZC,114.037102,22.712799,931
粤B461ZC,114.037102,22.712799,931
粤B461ZC,114.037102,22.712799,931
粤B461ZC,114.037102,22.712799,932
粤B461ZC,114.037102,22.712799,932
粤B461ZC,114.037102,22.712799,932
粤B461ZC,114.037102,22.712799,932
粤B461ZC,114.037003,22.712999,933
粤B461ZC,114.037003,22.712999,933
粤B461ZC,114.037102,22.7129,933
粤B461ZC,114.037003,22.712999,934
粤B461ZC,114.036903,22.7132,939
粤B461ZC,114.036903,22.7132,939
粤B461ZC,114.036903,22.7131,939
粤B461ZC,114.037003,22.7131,940
粤B461ZC,114.037003,22.7131,940
粤B461ZC,114.036903,22.7131,940
粤B461ZC,114.036903,22.7131,940
粤B461ZC,114.037003,22.7131,941
粤B461ZC,114.037003,22.7131,941
粤B461ZC,114.037003,22.7131,941
粤B461ZC,114.037003,22.7131,941
粤B461ZC,114.037003,22.7132,942
粤B461ZC,114.036903,22.7131,942
粤B461ZC,114.036903,22.7132,942
粤B461ZC,114.037003,22.7131,942
粤B461ZC,114.036903,22.7132,943
粤B461ZC,114.036903,22.7132,943
粤B461ZC,114.036903,22.7132,943
粤B461ZC,114.036903,22.7132,944
粤B461ZC,114.036903,22.7132,944
粤B461ZC,114.036903,22.7132,944
粤B461ZC,114.036903,22.7132,944
粤B461ZC,114.036903,22.7132,946
粤B461ZC,114.036903,22.7132,946
粤B461ZC,114.036903,22.7132,947
粤B461ZC,114.036903,22.7132,947
粤B461ZC,114.037003,22.7132,947
粤B461ZC,114.036903,22.7132,947
粤B461ZC,114.036903,22.713301,948
粤B461ZC,114.036903,22.7132,948
粤B461ZC,114.036903,22.713301,948
粤B461ZC,114.036903,22.713301,948
粤B461ZC,114.036903,22.713301,949
粤B461ZC,114.036903,22.713301,949
粤B461ZC,114.036903,22.713301,949
粤B461ZC,114.036903,22.713301,950
粤B461ZC,114.037003,22.713301,952
粤B461ZC,114.037003,22.713301,952
粤B461ZC,114.036903,22.713301,953
粤B461ZC,114.037003,22.713301,953
粤B461ZC,114.037003,22.713301,953
粤B461ZC,114.037003,22.713301,953
粤B461ZC,114.036903,22.7132,954
粤B461ZC,114.036903,22.713301,954
粤B461ZC,114.036903,22.7132,954
粤B461ZC,114.036903,22.713301,954
粤B461ZC,114.036903,22.713301,955
粤B461ZC,114.036903,22.713301,955
粤B461ZC,114.036903,22.713301,955
粤B461ZC,114.036903,22.713301,957
粤B461ZC,114.036903,22.713301,957
粤B461ZC,114.036903,22.7132,959
粤B461ZC,114.036903,22.7132,959
粤B461ZC,114.036903,22.713301,959
粤B461ZC,114.036903,22.7132,960
粤B461ZC,114.036903,22.7132,960
粤B461ZC,114.036903,22.7132,960
粤B461ZC,114.036903,22.7132,960
粤B461ZC,114.036499,22.712799,961
粤B461ZC,114.036598,22.711399,961
粤B461ZC,114.036797,22.713301,961
粤B461ZC,114.037498,22.705999,962
粤B461ZC,114.037201,22.7048,962
粤B461ZC,114.036201,22.7008,963
粤B461ZC,114.036697,22.7027,963
粤B461ZC,114.0364,22.7017,963
粤B461ZC,114.035797,22.699301,964
粤B461ZC,114.0355,22.698099,964
粤B461ZC,114.0354,22.697599,965
粤B461ZC,114.0354,22.697701,965
粤B461ZC,114.0355,22.695999,965
粤B461ZC,114.0354,22.697201,965
粤B461ZC,114.0355,22.695299,966
粤B461ZC,114.0355,22.695499,966
粤B461ZC,114.0355,22.695499,966
粤B461ZC,114.0355,22.6952,967
粤B461ZC,114.035698,22.693899,967
粤B461ZC,114.0355,22.6952,967
粤B461ZC,114.035599,22.691401,968
粤B461ZC,114.033699,22.683701,969
粤B461ZC,114.033401,22.681999,970
粤B461ZC,114.033302,22.6817,970
粤B461ZC,114.033302,22.681601,971
粤B461ZC,114.033302,22.681601,971
粤B461ZC,114.033302,22.681601,971
粤B461ZC,114.033302,22.681601,971
粤B461ZC,114.032501,22.6803,972
粤B461ZC,114.0327,22.680599,972
粤B461ZC,114.032303,22.68,973
粤B461ZC,114.032204,22.6798,973
粤B461ZC,114.032303,22.68,973
粤B461ZC,114.032204,22.679701,974
粤B461ZC,114.032097,22.679701,974
粤B461ZC,114.031502,22.678699,975
粤B461ZC,114.031998,22.679399,975
粤B461ZC,114.031403,22.6782,975
粤B461ZC,114.027702,22.6737,976
粤B461ZC,114.0261,22.6726,977
粤B461ZC,114.0271,22.6733,977
粤B461ZC,114.024696,22.6717,977
粤B461ZC,114.024902,22.671801,977
粤B461ZC,114.022499,22.669901,978
粤B461ZC,114.024101,22.671101,978
粤B461ZC,114.022301,22.669701,978
粤B461ZC,114.024597,22.6717,978
粤B461ZC,114.022102,22.669701,979
粤B461ZC,114.022102,22.669701,979
粤B461ZC,114.022102,22.669701,979
粤B461ZC,114.021797,22.669399,980
粤B461ZC,114.020401,22.668301,980
粤B461ZC,114.019501,22.667601,980
粤B461ZC,114.016899,22.6663,981
粤B461ZC,114.016899,22.6663,981
粤B461ZC,114.018204,22.6668,981
粤B461ZC,114.016899,22.6663,982
粤B461ZC,114.016899,22.6663,983
粤B461ZC,114.015999,22.666,983
粤B461ZC,114.0158,22.666,984
粤B461ZC,114.015999,22.666,984
粤B461ZC,114.0158,22.666,984
粤B461ZC,114.0158,22.666,984
粤B461ZC,114.015297,22.6658,985
粤B461ZC,114.015404,22.665899,985
粤B461ZC,114.015701,22.665899,985
粤B461ZC,114.015099,22.6658,986
粤B461ZC,114.014801,22.665701,986
粤B461ZC,114.014603,22.665701,986
粤B461ZC,114.014603,22.665701,986
粤B461ZC,114.014603,22.665701,987
粤B461ZC,114.014603,22.665701,988
粤B461ZC,114.013298,22.665199,989
粤B461ZC,114.012901,22.6649,989
粤B461ZC,114.012802,22.664801,990
粤B461ZC,114.011398,22.6637,991
粤B461ZC,114.012001,22.6642,991
粤B461ZC,114.011398,22.6637,992
粤B461ZC,114.009003,22.6618,993
粤B461ZC,114.008102,22.6611,994
粤B461ZC,114.007896,22.6605,994
粤B461ZC,114.006798,22.6577,995
粤B461ZC,114.007698,22.658899,995
粤B461ZC,114.004898,22.6583,996
粤B461ZC,114.0065,22.657801,996
粤B461ZC,114.005203,22.658701,996
粤B461ZC,114.005798,22.6583,996
粤B461ZC,114.003998,22.6556,997
粤B461ZC,114.004997,22.6574,997
粤B461ZC,114.004799,22.6562,997
粤B461ZC,114.005096,22.6565,997
粤B461ZC,114.003601,22.6553,998
粤B461ZC,114.003304,22.6551,999
粤B461ZC,114.003502,22.655199,999
粤B461ZC,114.003601,22.6553,999
粤B461ZC,114.003601,22.6553,999
粤B461ZC,114.002701,22.6549,1000
粤B461ZC,114.003197,22.6551,1000
粤B461ZC,114.000801,22.654301,1000
粤B461ZC,113.999603,22.6539,1001
粤B461ZC,113.999901,22.6521,1001
粤B461ZC,114.000603,22.6542,1001
粤B461ZC,113.999496,22.6535,1001
粤B461ZC,114.0,22.651501,1002
粤B461ZC,114.0,22.651501,1002
粤B461ZC,114.0,22.651501,1002
粤B461ZC,114.0,22.651501,1002
粤B461ZC,114.0,22.6514,1003
粤B461ZC,113.999901,22.651501,1003
粤B461ZC,113.999901,22.651501,1004
粤B461ZC,114.0,22.6514,1004
粤B461ZC,114.0,22.6514,1004
粤B461ZC,113.999901,22.6514,1004
粤B461ZC,113.999901,22.6514,1005
粤B461ZC,113.999901,22.651501,1005
粤B461ZC,114.0,22.6514,1005
粤B461ZC,113.999901,22.6514,1005
粤B461ZC,113.999901,22.651501,1006
粤B461ZC,114.0,22.6514,1006
粤B461ZC,114.0,22.651899,1007
粤B461ZC,113.999496,22.653601,1007
粤B461ZC,113.999702,22.653099,1007
粤B461ZC,114.000099,22.6514,1007
粤B461ZC,113.996101,22.657,1008
粤B461ZC,113.996902,22.6562,1008
粤B461ZC,113.998001,22.655199,1008
粤B461ZC,113.997299,22.659,1009
粤B461ZC,113.996201,22.657301,1009
粤B461ZC,113.996902,22.6581,1009
粤B461ZC,113.996498,22.6576,1009
粤B461ZC,113.997803,22.6604,1010
粤B461ZC,113.997398,22.661501,1010
粤B461ZC,113.997498,22.6612,1010
粤B461ZC,113.997498,22.659599,1010
粤B461ZC,113.997398,22.661501,1011
粤B461ZC,113.997398,22.661501,1011
粤B461ZC,113.997398,22.661501,1011
粤B461ZC,113.997398,22.661501,1011
粤B461ZC,113.997299,22.661501,1012
粤B461ZC,113.997299,22.661501,1012
粤B461ZC,113.997398,22.661501,1012
粤B461ZC,113.997398,22.661699,1013
粤B461ZC,113.997597,22.6625,1013
粤B461ZC,113.9963,22.663601,1013
粤B461ZC,113.995399,22.6644,1014
粤B461ZC,113.995499,22.6644,1014
粤B461ZC,113.995499,22.6644,1014
粤B461ZC,113.995003,22.664801,1015
粤B461ZC,113.995201,22.6668,1015
粤B461ZC,113.9944,22.6654,1015
粤B461ZC,113.994797,22.6663,1015
粤B461ZC,113.995201,22.6668,1016
粤B461ZC,113.995201,22.6668,1016
粤B461ZC,113.995201,22.6668,1016
粤B461ZC,113.995201,22.6668,1017
粤B461ZC,113.995201,22.6668,1017
粤B461ZC,113.995201,22.6668,1018
粤B461ZC,113.995399,22.667101,1018
粤B461ZC,113.995201,22.6668,1018
粤B461ZC,113.9972,22.6693,1019
粤B461ZC,113.996597,22.668699,1019
粤B461ZC,114.003799,22.6556,1030
粤B461ZC,114.003799,22.6556,1030
粤B461ZC,114.003799,22.6556,1030
粤B461ZC,114.003799,22.6556,1030
粤B461ZC,114.003098,22.6549,1031
粤B461ZC,114.003601,22.655399,1031
粤B461ZC,114.007698,22.6483,1032
粤B461ZC,114.005898,22.650999,1032
粤B461ZC,114.007401,22.648701,1032
粤B461ZC,114.006798,22.6497,1032
粤B461ZC,114.007698,22.6479,1033
粤B461ZC,114.006302,22.646601,1034
粤B461ZC,114.006798,22.647301,1034
粤B461ZC,114.006401,22.6467,1034
粤B461ZC,114.006897,22.6472,1034
粤B461ZC,114.006302,22.6467,1035
粤B461ZC,114.006302,22.646601,1035
粤B461ZC,114.0065,22.6467,1035
粤B461ZC,114.007004,22.646999,1036
粤B461ZC,114.007698,22.647301,1036
粤B461ZC,114.008499,22.648001,1036
粤B461ZC,114.010399,22.6493,1037
粤B461ZC,114.009804,22.648899,1037
粤B461ZC,114.009804,22.648899,1037
粤B461ZC,114.012802,22.650999,1038
粤B461ZC,114.013901,22.6518,1038
粤B461ZC,114.018097,22.6546,1039
粤B461ZC,114.0177,22.6541,1039
粤B461ZC,114.017998,22.654699,1039
粤B461ZC,114.018799,22.6553,1040
粤B461ZC,114.017998,22.654699,1040
粤B461ZC,114.018204,22.6549,1040
粤B461ZC,114.019798,22.656,1040
粤B461ZC,114.020897,22.656799,1041
粤B461ZC,114.022301,22.657801,1041
粤B461ZC,114.022202,22.657801,1041
粤B461ZC,114.022202,22.657801,1042
粤B461ZC,114.0224,22.6579,1042
粤B461ZC,114.024002,22.6591,1043
粤B461ZC,114.024696,22.659599,1043
粤B461ZC,114.029503,22.660101,1044
粤B461ZC,114.030098,22.6595,1045
粤B461ZC,114.030296,22.6593,1045
粤B461ZC,114.030098,22.6595,1045
粤B461ZC,114.030098,22.6595,1045
粤B461ZC,114.034698,22.655399,1046
粤B461ZC,114.033699,22.6563,1046
粤B461ZC,114.031303,22.6584,1046
粤B461ZC,114.032303,22.657499,1046
粤B461ZC,114.034897,22.655199,1047
粤B461ZC,114.034798,22.655399,1047
粤B461ZC,114.037201,22.653299,1048
粤B461ZC,114.036598,22.653799,1048
粤B461ZC,114.037399,22.653099,1048
粤B461ZC,114.037003,22.6535,1048
粤B461ZC,114.038002,22.652599,1049
粤B461ZC,114.040199,22.6516,1050
粤B461ZC,114.041901,22.6509,1050
粤B461ZC,114.038803,22.6521,1050
粤B461ZC,114.041901,22.6509,1051
粤B461ZC,114.042702,22.6506,1051
粤B461ZC,114.041901,22.6509,1051
粤B461ZC,114.045799,22.6472,1052
粤B461ZC,114.046097,22.647699,1052
粤B461ZC,114.044296,22.65,1052
粤B461ZC,114.045197,22.647499,1053
粤B461ZC,114.045197,22.647499,1053
粤B461ZC,114.045197,22.647499,1053
粤B461ZC,114.045097,22.647499,1054
粤B461ZC,114.045097,22.6476,1054
粤B461ZC,114.045097,22.647499,1055
粤B461ZC,114.045097,22.6476,1055
粤B461ZC,114.045097,22.647499,1055
粤B461ZC,114.045097,22.647499,1055
粤B461ZC,114.045097,22.6476,1056
粤B461ZC,114.045097,22.6476,1056
粤B461ZC,114.045097,22.6476,1057
粤B461ZC,114.045097,22.6476,1057
粤B461ZC,114.045097,22.6476,1057
粤B461ZC,114.045097,22.647499,1057
粤B461ZC,114.045097,22.647499,1058
粤B461ZC,114.045197,22.647499,1058
粤B461ZC,114.045197,22.6474,1059
粤B461ZC,114.045097,22.6474,1059
粤B461ZC,114.045197,22.6474,1059
粤B461ZC,114.045197,22.6474,1059
粤B461ZC,114.045197,22.6474,1060
粤B461ZC,114.045197,22.6474,1060
粤B461ZC,114.045197,22.6474,1060
粤B461ZC,114.045197,22.6474,1060
粤B461ZC,114.045097,22.6474,1061
粤B461ZC,114.045097,22.6474,1061
粤B461ZC,114.045097,22.6474,1061
粤B461ZC,114.045097,22.6474,1062
粤B461ZC,114.045097,22.6474,1062
粤B461ZC,114.045097,22.6474,1062
粤B461ZC,114.045097,22.6474,1062
粤B461ZC,114.045097,22.6474,1063
粤B461ZC,114.045097,22.647499,1063
粤B461ZC,114.045097,22.6474,1063
粤B461ZC,114.045097,22.647499,1064
粤B461ZC,114.045097,22.647499,1064
粤B461ZC,114.045097,22.647499,1064
粤B461ZC,114.045097,22.647499,1065
粤B461ZC,114.045197,22.6476,1065
粤B461ZC,114.045097,22.647499,1065
粤B461ZC,114.045197,22.647499,1065
粤B461ZC,114.045197,22.647499,1066
粤B461ZC,114.045197,22.647499,1067
粤B461ZC,114.045097,22.647499,1068
粤B461ZC,114.045197,22.647499,1068
粤B461ZC,114.045197,22.647499,1069
粤B461ZC,114.045197,22.647499,1069
粤B461ZC,114.045197,22.647499,1069
粤B461ZC,114.045097,22.647499,1070
粤B461ZC,114.045197,22.647499,1070
粤B461ZC,114.045097,22.647499,1070
粤B461ZC,114.045197,22.647499,1070
粤B461ZC,114.045197,22.647499,1071
粤B461ZC,114.045197,22.647499,1071
粤B461ZC,114.045197,22.647499,1071
粤B461ZC,114.045197,22.647499,1072
粤B461ZC,114.045197,22.647499,1072
粤B461ZC,114.045197,22.647499,1072
粤B461ZC,114.045197,22.647499,1073
粤B461ZC,114.045197,22.647499,1073
粤B461ZC,114.045197,22.647499,1073
粤B461ZC,114.045197,22.647499,1074
粤B461ZC,114.045197,22.647499,1074
粤B461ZC,114.045197,22.647499,1074
粤B461ZC,114.045197,22.647499,1074
粤B461ZC,114.045097,22.647499,1075
粤B461ZC,114.045197,22.647499,1075
粤B461ZC,114.045197,22.647499,1076
粤B461ZC,114.045197,22.647499,1076
粤B461ZC,114.045197,22.647499,1076
粤B461ZC,114.045197,22.647499,1076
粤B461ZC,114.045197,22.647499,1077
粤B461ZC,114.045197,22.647499,1077
粤B461ZC,114.045197,22.6476,1077
粤B461ZC,114.045197,22.647499,1077
粤B461ZC,114.045197,22.647499,1078
粤B461ZC,114.045197,22.647499,1078
粤B461ZC,114.045197,22.647499,1078
粤B461ZC,114.045197,22.647499,1078
粤B461ZC,114.045197,22.647499,1079
粤B461ZC,114.045197,22.647499,1079
粤B461ZC,114.045197,22.647499,1079
粤B461ZC,114.045197,22.647499,1079
粤B461ZC,114.045197,22.647499,1080
粤B461ZC,114.045197,22.647499,1080
粤B461ZC,114.045197,22.6474,1080
粤B461ZC,114.045197,22.6474,1080
粤B461ZC,114.045197,22.647499,1081
粤B461ZC,114.045197,22.647499,1081
粤B461ZC,114.045197,22.647499,1081
粤B461ZC,114.045197,22.6474,1082
粤B461ZC,114.045197,22.647499,1082
粤B461ZC,114.045197,22.647499,1082
粤B461ZC,114.045197,22.6474,1082
粤B461ZC,114.045197,22.647499,1083
粤B461ZC,114.045197,22.6474,1083
粤B461ZC,114.045197,22.647499,1083
粤B461ZC,114.045197,22.6474,1084
粤B461ZC,114.045197,22.6474,1084
粤B461ZC,114.045197,22.6474,1084
粤B461ZC,114.045197,22.6474,1084
粤B461ZC,114.045197,22.6474,1085
粤B461ZC,114.045197,22.6474,1085
粤B461ZC,114.045197,22.6474,1085
粤B461ZC,114.045197,22.6474,1085
粤B461ZC,114.045197,22.647499,1086
粤B461ZC,114.045197,22.647499,1086
粤B461ZC,114.045197,22.647499,1086
粤B461ZC,114.045197,22.647499,1086
粤B461ZC,114.045197,22.6474,1087
粤B461ZC,114.045197,22.6474,1087
粤B461ZC,114.045197,22.647499,1087
粤B461ZC,114.045197,22.6474,1087
粤B461ZC,114.045197,22.6474,1088
粤B461ZC,114.045197,22.6474,1088
粤B461ZC,114.045197,22.6474,1088
粤B461ZC,114.045197,22.6474,1088
粤B461ZC,114.045197,22.6474,1089
粤B461ZC,114.045197,22.6474,1089
粤B461ZC,114.045197,22.6474,1089
粤B461ZC,114.045197,22.647499,1089
粤B461ZC,114.045197,22.647499,1090
粤B461ZC,114.045197,22.647499,1090
粤B461ZC,114.045197,22.647499,1090
粤B461ZC,114.045197,22.647499,1090
粤B461ZC,114.045197,22.647499,1091
粤B461ZC,114.045197,22.647499,1091
粤B461ZC,114.045197,22.647499,1091
粤B461ZC,114.045197,22.647499,1091
粤B461ZC,114.045197,22.6474,1092
粤B461ZC,114.045303,22.647301,1092
粤B461ZC,114.045197,22.6474,1092
粤B461ZC,114.045197,22.6474,1092
粤B461ZC,114.046097,22.6471,1093
粤B461ZC,114.045998,22.6471,1093
粤B461ZC,114.046097,22.646999,1093
粤B461ZC,114.046097,22.646999,1093
粤B461ZC,114.046097,22.6465,1094
粤B461ZC,114.046097,22.6471,1094
粤B461ZC,114.046097,22.6471,1094
粤B461ZC,114.046097,22.646099,1094
粤B461ZC,114.045998,22.6448,1095
粤B461ZC,114.040298,22.6457,1096
粤B461ZC,114.040298,22.6457,1096
粤B461ZC,114.041702,22.645201,1096
粤B461ZC,114.040398,22.6457,1096
粤B461ZC,114.040298,22.6457,1097
粤B461ZC,114.040298,22.6457,1097
粤B461ZC,114.040398,22.6457,1097
粤B461ZC,114.040298,22.6457,1097
粤B461ZC,114.036301,22.647301,1098
粤B461ZC,114.036598,22.6472,1098
粤B461ZC,114.039597,22.645901,1098
粤B461ZC,114.036201,22.647301,1099
粤B461ZC,114.036301,22.647301,1099
粤B461ZC,114.033203,22.648199,1100
粤B461ZC,114.033203,22.648199,1100
粤B461ZC,114.033203,22.648199,1100
粤B461ZC,114.033203,22.648199,1100
粤B461ZC,114.032204,22.6486,1101
粤B461ZC,114.032799,22.6483,1101
粤B461ZC,114.032303,22.6486,1102
粤B461ZC,114.032303,22.6486,1102
粤B461ZC,114.032303,22.6486,1103
粤B461ZC,114.032204,22.6486,1103
粤B461ZC,114.032303,22.6486,1103
粤B461ZC,114.032303,22.6486,1103
粤B461ZC,114.032097,22.648701,1104
粤B461ZC,114.030998,22.6478,1104
粤B461ZC,114.0298,22.6469,1104
粤B461ZC,114.027603,22.644699,1107
粤B461ZC,114.027199,22.6437,1107
粤B461ZC,114.026398,22.642,1108
粤B461ZC,114.026299,22.641701,1108
粤B461ZC,114.0261,22.6411,1108
粤B461ZC,114.026604,22.6425,1108
粤B461ZC,114.025902,22.6406,1109
粤B461ZC,114.025902,22.6406,1109
粤B461ZC,114.025902,22.6406,1109
粤B461ZC,114.025902,22.6406,1109
粤B461ZC,114.024696,22.637501,1110
粤B461ZC,114.025497,22.6395,1110
粤B461ZC,114.025902,22.6406,1110
粤B461ZC,114.031799,22.632401,1128
粤B461ZC,114.032204,22.631201,1128
粤B461ZC,114.032204,22.632299,1128
粤B461ZC,114.032097,22.630899,1128
粤B461ZC,114.032097,22.630899,1129
粤B461ZC,114.032097,22.6308,1129
粤B461ZC,114.032204,22.6308,1129
粤B461ZC,114.032303,22.632299,1130
粤B461ZC,114.032097,22.6308,1130
粤B461ZC,114.032097,22.6308,1130
粤B461ZC,114.032204,22.6308,1130
粤B461ZC,114.032402,22.6332,1131
粤B461ZC,114.032402,22.633301,1131
粤B461ZC,114.032402,22.633301,1131
粤B461ZC,114.032402,22.633301,1131
粤B461ZC,114.032303,22.633301,1132
粤B461ZC,114.032402,22.633301,1132
粤B461ZC,114.032402,22.633301,1132
粤B461ZC,114.032303,22.633699,1133
粤B461ZC,114.032303,22.6339,1133
粤B461ZC,114.032303,22.6339,1133
粤B461ZC,114.032303,22.6339,1134
粤B461ZC,114.032303,22.6339,1134
粤B461ZC,114.032303,22.6339,1134
粤B461ZC,114.032303,22.6339,1134
粤B461ZC,114.032303,22.6339,1135
粤B461ZC,114.032303,22.6339,1135
粤B461ZC,114.032303,22.6339,1135
粤B461ZC,114.032303,22.6339,1135
粤B461ZC,114.032097,22.6348,1136
粤B461ZC,114.032204,22.6339,1136
粤B461ZC,114.031799,22.636499,1136
粤B461ZC,114.032204,22.6339,1136
粤B461ZC,114.032303,22.639799,1137
粤B461ZC,114.031898,22.638201,1137
粤B461ZC,114.035202,22.653601,1144
粤B461ZC,114.035301,22.653799,1144
粤B461ZC,114.035599,22.6544,1145
粤B461ZC,114.0355,22.6544,1145
粤B461ZC,114.0355,22.6544,1145
粤B461ZC,114.0355,22.6542,1145
粤B461ZC,114.035599,22.6544,1146
粤B461ZC,114.035599,22.6544,1146
粤B461ZC,114.035599,22.6544,1146
粤B461ZC,114.035599,22.6544,1147
粤B461ZC,114.035599,22.6544,1147
粤B461ZC,114.035599,22.6544,1147
粤B461ZC,114.035202,22.6537,1148
粤B461ZC,114.0345,22.6521,1148
粤B461ZC,114.0355,22.6546,1148
粤B461ZC,114.033302,22.6504,1148
粤B461ZC,114.032097,22.649,1149
粤B461ZC,114.0317,22.648899,1149
粤B461ZC,114.029503,22.650499,1149
粤B461ZC,114.028,22.651699,1150
粤B461ZC,114.027802,22.652,1150
粤B461ZC,114.027397,22.652399,1150
粤B461ZC,114.0261,22.653999,1150
粤B461ZC,114.025101,22.6553,1151
粤B461ZC,114.025101,22.655199,1151
粤B461ZC,114.025101,22.655199,1151
粤B461ZC,114.025101,22.655199,1152
粤B461ZC,114.025101,22.655199,1152
粤B461ZC,114.025101,22.655199,1152
粤B461ZC,114.025101,22.655199,1152
粤B461ZC,114.022697,22.658001,1153
粤B461ZC,114.022903,22.657801,1153
粤B461ZC,114.024902,22.655399,1153
粤B461ZC,114.022797,22.6579,1154
粤B461ZC,114.022797,22.658001,1154
粤B461ZC,114.022797,22.658001,1154
粤B461ZC,114.022797,22.658001,1154
粤B461ZC,114.021202,22.6572,1155
粤B461ZC,114.020302,22.656601,1155
粤B461ZC,114.022202,22.658001,1155
粤B461ZC,114.022797,22.6579,1155
粤B461ZC,114.0187,22.6555,1156
粤B461ZC,114.0196,22.656099,1156
粤B461ZC,114.019798,22.6562,1156
粤B461ZC,114.017799,22.6549,1156
粤B461ZC,114.017502,22.6546,1157
粤B461ZC,114.017303,22.6546,1158
粤B461ZC,114.017303,22.6546,1158
粤B461ZC,114.017303,22.6546,1158
粤B461ZC,114.017303,22.654699,1159
粤B461ZC,114.017303,22.654699,1159
粤B461ZC,114.017303,22.6546,1159
粤B461ZC,114.017303,22.654699,1159
粤B461ZC,114.017303,22.654699,1160
粤B461ZC,114.016899,22.654301,1160
粤B461ZC,114.017303,22.654699,1160
粤B461ZC,114.016701,22.6544,1161
粤B461ZC,114.016899,22.654301,1161
粤B461ZC,114.0168,22.6544,1161
粤B461ZC,114.016701,22.6544,1161
粤B461ZC,114.018097,22.6546,1162
粤B461ZC,114.017097,22.654301,1162
粤B461ZC,114.016602,22.6544,1162
粤B461ZC,114.018303,22.6549,1163
粤B461ZC,114.018303,22.6549,1163
粤B461ZC,114.018303,22.655001,1163
粤B461ZC,114.018303,22.655001,1163
粤B461ZC,114.016701,22.6577,1164
粤B461ZC,114.017303,22.657,1164
粤B461ZC,114.0187,22.6553,1164
粤B461ZC,114.016502,22.6579,1165
粤B461ZC,114.016701,22.6576,1165
粤B461ZC,114.014801,22.6598,1167
粤B461ZC,114.014801,22.6598,1167
粤B461ZC,114.014801,22.6598,1167
粤B461ZC,114.014801,22.6598,1167
粤B461ZC,114.014801,22.6598,1168
粤B461ZC,114.014801,22.6598,1168
粤B461ZC,114.011497,22.663401,1169
粤B461ZC,114.012001,22.664101,1169
粤B461ZC,114.0149,22.665701,1170
粤B461ZC,114.016296,22.666,1170
粤B461ZC,114.013496,22.665199,1170
粤B461ZC,114.016197,22.666,1171
粤B461ZC,114.016197,22.666,1171
粤B461ZC,114.016296,22.666,1171
粤B461ZC,114.016296,22.666,1172
粤B461ZC,114.016197,22.6667,1172
粤B461ZC,114.016296,22.665899,1172
粤B461ZC,114.016296,22.666,1172
粤B461ZC,114.014801,22.668699,1173
粤B461ZC,114.015404,22.667801,1173
粤B461ZC,114.014397,22.669399,1174
粤B461ZC,114.012604,22.6721,1174
粤B461ZC,114.013802,22.6703,1174
粤B461ZC,114.013298,22.671101,1174
粤B461ZC,114.009598,22.6745,1175
粤B461ZC,114.011398,22.6735,1175
粤B461ZC,114.012001,22.673,1175
粤B461ZC,114.010498,22.674101,1175
粤B461ZC,114.007896,22.6763,1176
粤B461ZC,114.007401,22.677099,1176
粤B461ZC,114.008301,22.6759,1176
粤B461ZC,114.008797,22.675301,1176
粤B461ZC,114.006897,22.678101,1177
粤B461ZC,114.005997,22.6791,1177
粤B461ZC,114.0047,22.680401,1177
粤B461ZC,114.002098,22.6824,1178
粤B461ZC,114.002899,22.681801,1178
粤B461ZC,114.004303,22.6807,1178
粤B461ZC,114.0009,22.684,1179
粤B461ZC,114.001099,22.683599,1179
粤B461ZC,114.001404,22.683201,1179
粤B461ZC,114.0009,22.684401,1179
粤B461ZC,114.000801,22.688499,1180
粤B461ZC,114.0009,22.6849,1180
粤B461ZC,114.0009,22.6859,1180
粤B461ZC,114.000801,22.6873,1180
粤B461ZC,113.9991,22.691,1181
粤B461ZC,114.000801,22.689301,1181
粤B461ZC,113.999603,22.690201,1181
粤B461ZC,114.000397,22.689699,1181
粤B461ZC,113.998001,22.6924,1182
粤B461ZC,113.997597,22.692801,1182
粤B461ZC,113.998703,22.6917,1182
粤B461ZC,113.997597,22.692801,1182
粤B461ZC,113.997299,22.693001,1183
粤B461ZC,113.9972,22.6931,1183
粤B461ZC,113.997101,22.6931,1183
粤B461ZC,113.996902,22.692499,1184
粤B461ZC,113.997101,22.6931,1184
粤B461ZC,113.997299,22.6912,1185
粤B461ZC,113.997101,22.691999,1185
粤B461ZC,113.997299,22.691099,1185
粤B461ZC,113.994904,22.692301,1186
粤B461ZC,113.997299,22.691099,1186
粤B461ZC,113.991798,22.6933,1187
粤B461ZC,113.994499,22.692499,1187
粤B461ZC,113.989502,22.6931,1188
粤B461ZC,113.990799,22.693199,1188
粤B461ZC,113.988403,22.693001,1188
粤B461ZC,113.987297,22.6929,1188
粤B461ZC,113.986801,22.692801,1189
粤B461ZC,113.986298,22.6912,1189
粤B461ZC,113.986603,22.692101,1189
粤B461ZC,113.987503,22.685301,1191
粤B461ZC,113.987602,22.684299,1191
粤B461ZC,113.9879,22.683701,1191
粤B461ZC,113.987396,22.684799,1191
粤B461ZC,113.987999,22.6835,1192
粤B461ZC,113.987999,22.6835,1192
粤B461ZC,113.987999,22.6835,1192
粤B461ZC,113.987999,22.6835,1192
粤B461ZC,113.987999,22.6835,1193
粤B461ZC,113.988098,22.6835,1193
粤B461ZC,113.987999,22.6835,1193
粤B461ZC,113.988098,22.6835,1193
粤B461ZC,113.988098,22.6817,1194
粤B461ZC,113.988098,22.6835,1194
粤B461ZC,113.988701,22.6821,1194
粤B461ZC,113.988197,22.683201,1194
粤B461ZC,113.986298,22.681601,1195
粤B461ZC,113.985802,22.6812,1195
粤B461ZC,113.986397,22.681601,1195
粤B461ZC,113.987099,22.6789,1196
粤B461ZC,113.987801,22.677099,1196
粤B461ZC,113.987801,22.677,1197
粤B461ZC,113.987801,22.677,1197
粤B461ZC,113.987701,22.6758,1197
粤B461ZC,113.987999,22.6766,1197
粤B461ZC,113.985603,22.671499,1198
粤B461ZC,113.984802,22.672001,1198
粤B461ZC,113.9879,22.6702,1199
粤B461ZC,113.987602,22.670401,1199
粤B461ZC,113.987,22.6707,1199
粤B461ZC,113.9879,22.6702,1200
粤B461ZC,113.9879,22.6702,1200
粤B461ZC,113.9879,22.6702,1200
粤B461ZC,113.9879,22.6702,1200
粤B461ZC,113.9879,22.6702,1201
粤B461ZC,113.9879,22.6702,1201
粤B461ZC,113.9879,22.6702,1201
粤B461ZC,113.988098,22.670099,1202
粤B461ZC,113.988098,22.670099,1202
粤B461ZC,113.988098,22.670099,1202
粤B461ZC,113.988197,22.67,1203
粤B461ZC,113.988197,22.67,1203
粤B461ZC,113.988197,22.67,1204
粤B461ZC,113.988197,22.67,1204
粤B461ZC,113.988297,22.67,1204
粤B461ZC,113.988403,22.669901,1205
粤B461ZC,113.988503,22.669901,1205
粤B461ZC,113.988503,22.669901,1205
粤B461ZC,113.988403,22.669901,1205
粤B461ZC,113.988602,22.6698,1206
粤B461ZC,113.988701,22.6698,1206
粤B461ZC,113.988503,22.6698,1206
粤B461ZC,113.988701,22.6698,1206
粤B461ZC,113.9888,22.669701,1207
粤B461ZC,113.9888,22.669701,1207
粤B461ZC,113.988701,22.669701,1207
粤B461ZC,113.989098,22.6695,1208
粤B461ZC,113.988899,22.6696,1208
粤B461ZC,113.988899,22.6696,1208
粤B461ZC,113.988998,22.6696,1208
粤B461ZC,113.989502,22.669201,1209
粤B461ZC,113.989197,22.669399,1209
粤B461ZC,113.989899,22.669001,1210
粤B461ZC,113.990196,22.668699,1210
粤B461ZC,113.989799,22.669001,1210
粤B461ZC,113.991402,22.6677,1211
粤B461ZC,113.993599,22.665701,1211
粤B461ZC,113.993698,22.665501,1211
粤B461ZC,113.994202,22.6651,1212
粤B461ZC,113.9944,22.6649,1212
粤B461ZC,113.993698,22.665501,1212
粤B461ZC,113.994797,22.664499,1212
粤B461ZC,113.998299,22.661301,1213
粤B461ZC,113.997597,22.6621,1213
粤B461ZC,113.995796,22.663601,1213
粤B461ZC,113.996696,22.662901,1213
粤B461ZC,113.999901,22.659,1214
粤B461ZC,114.000603,22.6581,1214
粤B461ZC,114.001503,22.657,1214
粤B461ZC,114.001801,22.6546,1215
粤B461ZC,114.002098,22.654699,1215
粤B461ZC,114.002197,22.656,1215
粤B461ZC,114.0028,22.6551,1215
粤B461ZC,114.001801,22.6546,1216
粤B461ZC,114.001801,22.6546,1218
粤B461ZC,114.001701,22.6546,1218
粤B461ZC,114.001701,22.6546,1218
粤B461ZC,114.001801,22.6546,1219
粤B461ZC,114.001801,22.6546,1219
粤B461ZC,114.001801,22.6546,1219
粤B461ZC,114.001297,22.654499,1220
粤B461ZC,114.002998,22.6548,1221
粤B461ZC,114.0019,22.6546,1221
粤B461ZC,114.000999,22.654301,1221
粤B461ZC,114.000504,22.6542,1221
粤B461ZC,114.005203,22.652,1222
粤B461ZC,114.006302,22.650499,1222
粤B461ZC,114.003998,22.653601,1222
粤B461ZC,114.007401,22.648701,1222
粤B461ZC,114.007202,22.6472,1223
粤B461ZC,114.0065,22.646799,1223
粤B461ZC,114.007301,22.647499,1223
粤B461ZC,114.007698,22.6479,1223
粤B461ZC,114.005203,22.646299,1224
粤B461ZC,114.003899,22.6455,1224
粤B461ZC,114.001999,22.6443,1224
粤B461ZC,114.002602,22.644699,1224
粤B461ZC,114.020599,22.637199,1290
粤B461ZC,114.020599,22.637199,1290
粤B461ZC,114.020599,22.637199,1290
粤B461ZC,114.0215,22.6392,1291
粤B461ZC,114.021599,22.639601,1291
粤B461ZC,114.021301,22.638599,1291
粤B461ZC,114.0214,22.6388,1291
粤B461ZC,114.022102,22.641199,1292
粤B461ZC,114.021896,22.640499,1292
粤B461ZC,114.022102,22.641199,1292
粤B461ZC,114.022102,22.641199,1292
粤B461ZC,114.022102,22.641199,1293
粤B461ZC,114.022102,22.641199,1293
粤B461ZC,114.022102,22.641199,1293
粤B461ZC,114.022102,22.641199,1293
粤B461ZC,114.022697,22.643299,1294
粤B461ZC,114.022301,22.641701,1294
粤B461ZC,114.023003,22.6441,1294
粤B461ZC,114.022499,22.642599,1294
粤B461ZC,114.023003,22.6444,1295
粤B461ZC,114.023201,22.644899,1295
粤B461ZC,114.022697,22.643299,1295
粤B461ZC,114.022598,22.643101,1295
粤B461ZC,114.023003,22.6443,1296
粤B461ZC,114.022697,22.643101,1296
粤B461ZC,114.031197,22.6478,1299
粤B461ZC,114.031502,22.6481,1299
粤B461ZC,114.033897,22.6479,1300
粤B461ZC,114.032799,22.648199,1300
粤B461ZC,114.031799,22.6483,1300
粤B461ZC,114.032402,22.648399,1300
粤B461ZC,114.035004,22.647499,1301
粤B461ZC,114.035103,22.646,1301
粤B461ZC,114.034401,22.644699,1301
粤B461ZC,114.035698,22.6471,1301
粤B461ZC,114.033798,22.6436,1302
粤B461ZC,114.033501,22.643101,1302
粤B461ZC,114.033501,22.643101,1302
粤B461ZC,114.033501,22.6432,1302
粤B461ZC,114.033501,22.6429,1303
粤B461ZC,114.033501,22.6432,1303
粤B461ZC,114.0336,22.6432,1303
粤B461ZC,114.0336,22.6432,1303
粤B461ZC,114.033096,22.642099,1304
粤B461ZC,114.032898,22.6413,1304
粤B461ZC,114.032303,22.632999,1307
粤B461ZC,114.032898,22.629299,1308
粤B461ZC,114.033501,22.6278,1308
粤B461ZC,114.032204,22.6315,1308
粤B461ZC,114.033897,22.6266,1309
粤B461ZC,114.0345,22.625601,1309
粤B461ZC,114.034401,22.6255,1309
粤B461ZC,114.034302,22.6255,1309
粤B461ZC,114.034698,22.625601,1310
粤B461ZC,114.034698,22.625601,1310
粤B461ZC,114.034698,22.625601,1310
粤B461ZC,114.034599,22.625601,1310
粤B461ZC,114.034698,22.625601,1311
粤B461ZC,114.035698,22.6224,1311
粤B461ZC,114.036102,22.620899,1311
粤B461ZC,114.035103,22.624201,1311
粤B461ZC,114.036003,22.620501,1312
粤B461ZC,114.036003,22.620001,1312
粤B461ZC,114.036797,22.618,1312
粤B461ZC,114.036697,22.618401,1312
粤B461ZC,114.036797,22.618,1313
粤B461ZC,114.037003,22.6175,1313
粤B461ZC,114.037598,22.617599,1313
粤B461ZC,114.036797,22.618,1313
粤B461ZC,114.039101,22.618401,1314
粤B461ZC,114.040001,22.618799,1314
粤B461ZC,114.040802,22.618299,1314
粤B461ZC,114.040398,22.618999,1314
粤B461ZC,114.040604,22.6154,1315
粤B461ZC,114.040802,22.615299,1315
粤B461ZC,114.040703,22.6168,1315
粤B461ZC,114.040901,22.6154,1315
粤B461ZC,114.040802,22.6161,1316
粤B461ZC,114.040802,22.6187,1316
粤B461ZC,114.040802,22.6187,1317
粤B461ZC,114.040802,22.6187,1317
粤B461ZC,114.040802,22.618799,1317
粤B461ZC,114.041,22.6194,1317
粤B461ZC,114.045601,22.6208,1318
粤B461ZC,114.046097,22.621,1318
粤B461ZC,114.044098,22.620399,1318
粤B461ZC,114.0214,22.6388,1318
粤B461ZC,114.042297,22.620001,1318
粤B461ZC,114.046898,22.621201,1319
粤B461ZC,114.049599,22.622,1319
粤B461ZC,114.047798,22.6215,1319
粤B461ZC,114.050003,22.6222,1320
粤B461ZC,114.054901,22.6192,1324
粤B461ZC,114.055901,22.621,1326
粤B461ZC,114.056,22.618401,1326
粤B461ZC,114.055702,22.6229,1327
粤B461ZC,114.055801,22.622101,1327
粤B461ZC,114.055702,22.6231,1327
粤B461ZC,114.055901,22.6241,1328
粤B461ZC,114.055901,22.6241,1328
粤B461ZC,114.055901,22.6243,1329
粤B461ZC,114.055801,22.626101,1329
粤B461ZC,114.055801,22.625099,1329
粤B461ZC,114.055901,22.6241,1329
粤B461ZC,114.055801,22.6266,1330
粤B461ZC,114.055801,22.627199,1330
粤B461ZC,114.055801,22.6266,1330
粤B461ZC,114.055801,22.627899,1330
粤B461ZC,114.056099,22.629299,1331
粤B461ZC,114.055801,22.628901,1331
粤B461ZC,114.055801,22.628401,1331
粤B461ZC,114.062599,22.6297,1332
粤B461ZC,114.059097,22.629299,1332
粤B461ZC,114.060699,22.6294,1332
粤B461ZC,114.065598,22.6301,1333
粤B461ZC,114.063904,22.629801,1333
粤B461ZC,114.069397,22.630199,1333
粤B461ZC,114.067497,22.630301,1333
粤B461ZC,114.071098,22.629999,1334
粤B461ZC,114.074501,22.629299,1334
粤B461ZC,114.080902,22.6283,1335
粤B461ZC,114.077797,22.628799,1335
粤B461ZC,114.079399,22.6285,1335
粤B461ZC,114.0821,22.628,1335
粤B461ZC,114.086197,22.6283,1336
粤B461ZC,114.0905,22.631001,1336
粤B461ZC,114.083801,22.627899,1336
粤B461ZC,114.097298,22.631001,1337
粤B461ZC,114.098602,22.6299,1337
粤B461ZC,114.092697,22.632,1337
粤B461ZC,114.101303,22.627199,1338
粤B461ZC,114.0998,22.6287,1338
粤B461ZC,114.104698,22.6245,1338
粤B461ZC,114.103203,22.625601,1338
粤B461ZC,114.105301,22.6241,1339
粤B461ZC,114.106003,22.6236,1339
粤B461ZC,114.106598,22.623199,1339
粤B461ZC,114.110703,22.621599,1340
粤B461ZC,114.109703,22.621799,1340
粤B461ZC,114.107498,22.6227,1340
粤B461ZC,114.108002,22.6224,1340
粤B461ZC,114.111099,22.621599,1341
粤B461ZC,114.110901,22.621599,1341
粤B461ZC,114.111099,22.621599,1341
粤B461ZC,114.1119,22.6215,1342
粤B461ZC,114.115402,22.620701,1342
粤B461ZC,114.114403,22.6213,1342
粤B461ZC,114.113297,22.621401,1342
粤B461ZC,114.115601,22.6187,1343
粤B461ZC,114.1157,22.6175,1343
粤B461ZC,114.115501,22.619699,1343
粤B461ZC,114.1157,22.6161,1343
粤B461ZC,114.115601,22.613701,1344
粤B461ZC,114.1157,22.614799,1344
粤B461ZC,114.115601,22.6122,1344
粤B461ZC,114.116302,22.6096,1345
粤B461ZC,114.115799,22.609699,1345
粤B461ZC,114.1157,22.610901,1345
粤B461ZC,114.1157,22.6101,1345
粤B461ZC,114.119202,22.6106,1346
粤B461ZC,114.119202,22.6106,1346
粤B461ZC,114.117599,22.6098,1346
粤B461ZC,114.120003,22.6112,1347
粤B461ZC,114.120003,22.6112,1347
粤B461ZC,114.119301,22.610701,1347
粤B461ZC,114.119499,22.610901,1347
粤B461ZC,114.119904,22.6113,1348
粤B461ZC,114.119904,22.6113,1348
粤B461ZC,114.120003,22.6112,1348
粤B461ZC,114.119904,22.6113,1349
粤B461ZC,114.119904,22.6113,1349
粤B461ZC,114.120003,22.611401,1349
粤B461ZC,114.119904,22.6113,1349
粤B461ZC,114.119102,22.612301,1350
粤B461ZC,114.119698,22.6117,1350
粤B461ZC,114.119003,22.612301,1351
粤B461ZC,114.119003,22.612301,1351
粤B461ZC,114.119102,22.6122,1351
粤B461ZC,114.119698,22.6117,1351
粤B461ZC,114.1194,22.611,1352
粤B461ZC,114.105103,22.620701,1356
粤B461ZC,114.104797,22.622,1356
粤B461ZC,114.105202,22.620001,1356
粤B461ZC,114.104103,22.6231,1357
粤B461ZC,114.104698,22.622299,1357
粤B461ZC,114.103203,22.623899,1357
粤B461ZC,114.102303,22.624901,1357
粤B461ZC,114.101601,22.6269,1358
粤B461ZC,114.1008,22.628099,1358
粤B461ZC,114.095497,22.632099,1359
粤B461ZC,114.098701,22.629999,1359
粤B461ZC,114.097603,22.631001,1359
粤B461ZC,114.0998,22.629,1359
粤B461ZC,114.093002,22.6327,1360
粤B461ZC,114.082001,22.629299,1361
粤B461ZC,114.066803,22.630501,1363
粤B461ZC,114.0653,22.632299,1364
粤B461ZC,114.065598,22.6313,1364
粤B461ZC,114.065697,22.6306,1364
粤B461ZC,114.065002,22.6334,1364
粤B461ZC,114.062698,22.6388,1365
粤B461ZC,114.063103,22.637899,1365
粤B461ZC,114.0578,22.6374,1366
粤B461ZC,114.060204,22.6387,1366
粤B461ZC,114.058899,22.6381,1366
粤B461ZC,114.061798,22.639,1366
粤B461ZC,114.055901,22.636299,1367
粤B461ZC,114.055901,22.636299,1367
粤B461ZC,114.056602,22.6367,1367
粤B461ZC,114.055901,22.636299,1367
粤B461ZC,114.055901,22.636299,1368
粤B461ZC,114.042397,22.645,1372
粤B461ZC,114.042297,22.645,1373
粤B461ZC,114.042297,22.645,1373
粤B461ZC,114.042297,22.645,1374
粤B461ZC,114.042297,22.645,1374
粤B461ZC,114.042297,22.645,1374
粤B461ZC,114.042198,22.645,1375
粤B461ZC,114.042198,22.645,1375
粤B461ZC,114.042198,22.645,1375
粤B461ZC,114.042198,22.645,1375
粤B461ZC,114.042198,22.645,1376
粤B461ZC,114.042,22.6451,1376
粤B461ZC,114.042198,22.645,1376
粤B461ZC,114.042198,22.645,1376
粤B461ZC,114.041901,22.645,1377
粤B461ZC,114.042,22.644899,1377
粤B461ZC,114.044701,22.643999,1377
粤B461ZC,114.045799,22.6404,1378
粤B461ZC,114.045898,22.642,1378
粤B461ZC,114.045799,22.6434,1378
粤B461ZC,114.0457,22.6394,1378
粤B461ZC,114.0457,22.6394,1379
粤B461ZC,114.0457,22.6388,1379
粤B461ZC,114.045799,22.6394,1379
粤B461ZC,114.052299,22.636999,1380
粤B461ZC,114.0485,22.637899,1380
粤B461ZC,114.046204,22.6383,1380
粤B461ZC,114.055199,22.6359,1381
粤B461ZC,114.054199,22.636101,1381
粤B461ZC,114.055199,22.6359,1381
粤B461ZC,114.055199,22.6359,1381
粤B461ZC,114.055199,22.6359,1382
粤B461ZC,114.055199,22.6359,1382
粤B461ZC,114.055199,22.6359,1382
粤B461ZC,114.055199,22.6359,1383
粤B461ZC,114.058098,22.637501,1383
粤B461ZC,114.063103,22.639,1384
粤B461ZC,114.0606,22.6388,1384
粤B461ZC,114.058899,22.6381,1384
粤B461ZC,114.062401,22.638901,1384
粤B461ZC,114.063202,22.638901,1385
粤B461ZC,114.063904,22.639601,1385
粤B461ZC,114.065498,22.639999,1386
粤B461ZC,114.064301,22.6397,1386
粤B461ZC,114.064903,22.639799,1386
粤B461ZC,114.065102,22.6399,1386
粤B461ZC,114.066002,22.6402,1387
粤B461ZC,114.066399,22.640301,1387
粤B461ZC,114.067001,22.6406,1387
粤B461ZC,114.068604,22.639601,1388
粤B461ZC,114.067398,22.640499,1388
粤B461ZC,114.07,22.639299,1388
粤B461ZC,114.067802,22.6401,1388
粤B461ZC,114.070198,22.638599,1389
粤B461ZC,114.068703,22.636499,1389
粤B461ZC,114.069504,22.6373,1389
粤B461ZC,114.073097,22.633499,1390
粤B461ZC,114.069199,22.635099,1390
粤B461ZC,114.069801,22.633499,1390
粤B461ZC,114.0709,22.633301,1390
粤B461ZC,114.074699,22.6322,1391
粤B461ZC,114.074799,22.6306,1391
粤B461ZC,114.0746,22.6301,1392
粤B461ZC,114.0746,22.629801,1392
粤B461ZC,114.069702,22.6304,1393
粤B461ZC,114.073502,22.6299,1393
粤B461ZC,114.071503,22.630199,1393
粤B461ZC,114.067703,22.630501,1393
粤B461ZC,114.066101,22.630501,1394
粤B461ZC,114.065201,22.6327,1394
粤B461ZC,114.065002,22.632999,1395
粤B461ZC,114.063499,22.636801,1395
粤B461ZC,114.064102,22.6355,1395
粤B461ZC,114.064598,22.6343,1395
粤B461ZC,114.063004,22.6381,1396
粤B461ZC,114.062798,22.638599,1396
粤B461ZC,114.060997,22.638901,1397
粤B461ZC,114.062103,22.639,1397
粤B461ZC,114.062798,22.638599,1397
粤B461ZC,114.062698,22.6387,1397
粤B461ZC,114.059402,22.6385,1398
粤B461ZC,114.058403,22.6378,1398
粤B461ZC,114.057503,22.637199,1398
粤B461ZC,114.056702,22.6367,1398
粤B461ZC,114.054001,22.6362,1399
粤B461ZC,114.055397,22.636101,1399
粤B461ZC,114.051598,22.6374,1399
粤B461ZC,114.052399,22.636999,1399
粤B461ZC,114.051598,22.6374,1400
粤B461ZC,114.048302,22.6381,1400
粤B461ZC,114.051598,22.6374,1400
粤B461ZC,114.050697,22.637699,1400
粤B461ZC,114.046402,22.638399,1401
粤B461ZC,114.045898,22.6408,1401
粤B461ZC,114.045898,22.6425,1401
粤B461ZC,114.045799,22.639299,1401
粤B461ZC,114.045998,22.643499,1402
粤B461ZC,114.045898,22.643801,1402
粤B461ZC,114.045403,22.643999,1402
粤B461ZC,114.045403,22.643999,1403
粤B461ZC,114.045403,22.643999,1403
粤B461ZC,114.045403,22.643999,1403
粤B461ZC,114.045403,22.643999,1403
粤B461ZC,114.045403,22.643999,1404
粤B461ZC,114.045403,22.643999,1404
粤B461ZC,114.045403,22.643999,1404
粤B461ZC,114.045403,22.643999,1405
粤B461ZC,114.045403,22.643999,1405
粤B461ZC,114.045403,22.643999,1405
粤B461ZC,114.045403,22.643999,1406
粤B461ZC,114.045403,22.643999,1407
粤B461ZC,114.045403,22.643999,1407
粤B461ZC,114.045403,22.643999,1407
粤B461ZC,114.045403,22.643999,1408
粤B461ZC,114.045403,22.643999,1408
粤B461ZC,114.045403,22.643999,1408
粤B461ZC,114.045403,22.643999,1408
粤B461ZC,114.045403,22.643999,1409
粤B461ZC,114.045403,22.643999,1409
粤B461ZC,114.045403,22.643999,1409
粤B461ZC,114.042603,22.644899,1410
粤B461ZC,114.045403,22.643999,1410
粤B461ZC,114.045502,22.643999,1410
粤B461ZC,114.044197,22.6444,1410
粤B461ZC,114.042999,22.644699,1411
粤B461ZC,114.041801,22.645201,1411
粤B461ZC,114.042099,22.645,1411
粤B461ZC,114.044403,22.6443,1412
粤B461ZC,114.0448,22.6441,1412
粤B461ZC,114.042503,22.644899,1412
粤B461ZC,114.040703,22.6455,1412
粤B461ZC,114.036301,22.647301,1413
粤B461ZC,114.040199,22.6457,1413
粤B461ZC,114.038597,22.646299,1413
粤B461ZC,114.036301,22.6472,1414
粤B461ZC,114.0354,22.647499,1414
粤B461ZC,114.036201,22.647301,1414
粤B461ZC,114.0336,22.6481,1414
粤B461ZC,114.0326,22.6492,1415
粤B461ZC,114.032402,22.6486,1415
粤B461ZC,114.0327,22.649401,1415
粤B461ZC,114.033798,22.6509,1416
粤B461ZC,114.035599,22.654301,1416
粤B461ZC,114.035896,22.655199,1416
粤B461ZC,114.035004,22.652901,1416
粤B461ZC,114.036697,22.657101,1417
粤B461ZC,114.035896,22.6593,1417
粤B461ZC,114.031799,22.6635,1418
粤B461ZC,114.0308,22.6646,1418
粤B461ZC,114.034302,22.660601,1418
粤B461ZC,114.030701,22.6647,1419
粤B461ZC,114.030701,22.6647,1419
粤B461ZC,114.030701,22.6647,1419
粤B461ZC,114.0299,22.665501,1420
粤B461ZC,114.029297,22.6663,1421
粤B461ZC,114.030197,22.666901,1421
粤B461ZC,114.029999,22.6668,1421
粤B461ZC,114.030197,22.666901,1421
粤B461ZC,114.029099,22.6682,1422
粤B461ZC,114.029099,22.6682,1422
粤B461ZC,114.030098,22.667101,1422
粤B461ZC,114.029503,22.667801,1422
粤B461ZC,114.028999,22.6682,1423
粤B461ZC,114.028603,22.668699,1423
粤B461ZC,114.028801,22.669201,1424
粤B461ZC,114.029701,22.6698,1424
粤B461ZC,114.028397,22.669001,1424
粤B461ZC,114.032097,22.6689,1425
粤B461ZC,114.030998,22.666,1425
粤B461ZC,114.030502,22.669701,1425
粤B461ZC,114.031502,22.666599,1426
粤B461ZC,114.032097,22.667601,1426
粤B461ZC,114.030602,22.6651,1426
粤B461ZC,114.0308,22.6651,1426
粤B461ZC,114.033501,22.6707,1427
粤B461ZC,114.032799,22.669001,1427
粤B461ZC,114.0438,22.6696,1430
粤B461ZC,114.0438,22.6696,1430
粤B461ZC,114.043098,22.670099,1430
粤B461ZC,114.042603,22.6707,1430
粤B461ZC,114.043701,22.669701,1431
粤B461ZC,114.0438,22.6696,1431
粤B461ZC,114.0438,22.6696,1431
粤B461ZC,114.042801,22.6705,1432
粤B461ZC,114.043198,22.669901,1432
粤B461ZC,114.041397,22.671101,1432
粤B461ZC,114.042099,22.6707,1432
粤B461ZC,114.040001,22.6723,1433
粤B461ZC,114.039299,22.6728,1433
粤B461ZC,114.040398,22.672199,1433
粤B461ZC,114.040802,22.6717,1433
粤B461ZC,114.039803,22.674,1434
粤B461ZC,114.039703,22.674,1434
粤B461ZC,114.039703,22.674,1434
粤B461ZC,114.039803,22.674,1434
粤B461ZC,114.039803,22.674,1435
