粤B0FU12,114.117989,22.621597,3
粤B0FU12,114.117989,22.621597,12
粤B0FU12,114.117989,22.621597,18
粤B0FU12,114.117989,22.621597,19
粤B0FU12,114.117989,22.621597,24
粤B0FU12,114.117989,22.621597,30
粤B0FU12,114.117989,22.621597,35
粤B0FU12,114.117989,22.621597,36
粤B0FU12,114.117989,22.621597,42
粤B0FU12,114.117989,22.621597,48
粤B0FU12,114.117989,22.621597,50
粤B0FU12,114.117989,22.621597,54
粤B0FU12,114.117989,22.621597,60
粤B0FU12,114.117989,22.621597,66
粤B0FU12,114.117989,22.621597,66
粤B0FU12,114.117989,22.621597,72
粤B0FU12,114.117989,22.621597,78
粤B0FU12,114.117989,22.621597,82
粤B0FU12,114.117989,22.621597,84
粤B0FU12,114.117989,22.621597,90
粤B0FU12,114.117989,22.621597,96
粤B0FU12,114.117989,22.621597,98
粤B0FU12,114.117989,22.621597,102
粤B0FU12,114.117989,22.621597,107
粤B0FU12,114.117989,22.621597,113
粤B0FU12,114.117989,22.621597,113
粤B0FU12,114.117989,22.621597,119
粤B0FU12,114.117989,22.621597,125
粤B0FU12,114.117989,22.621597,129
粤B0FU12,114.117989,22.621597,131
粤B0FU12,114.117989,22.621597,137
粤B0FU12,114.117989,22.621597,143
粤B0FU12,114.117989,22.621597,145
粤B0FU12,114.117989,22.621597,149
粤B0FU12,114.117989,22.621597,155
粤B0FU12,114.117989,22.621597,161
粤B0FU12,114.117989,22.621597,161
粤B0FU12,114.117989,22.621597,167
粤B0FU12,114.117989,22.621597,173
粤B0FU12,114.117989,22.621597,179
粤B0FU12,114.117989,22.621597,192
粤B0FU12,114.117989,22.621597,197
粤B0FU12,114.117989,22.621597,203
粤B0FU12,114.117989,22.621597,208
粤B0FU12,114.117989,22.621597,209
粤B0FU12,114.117989,22.621597,215
粤B0FU12,114.117989,22.621597,221
粤B0FU12,114.117989,22.621597,224
粤B0FU12,114.117989,22.621597,227
粤B0FU12,114.117989,22.621597,233
粤B0FU12,114.117989,22.621597,239
粤B0FU12,114.117989,22.621597,239
粤B0FU12,114.117989,22.621597,245
粤B0FU12,114.117989,22.621597,251
粤B0FU12,114.117989,22.621597,255
粤B0FU12,114.117989,22.621597,257
粤B0FU12,114.117989,22.621597,263
粤B0FU12,114.117989,22.621597,269
粤B0FU12,114.117989,22.621597,271
粤B0FU12,114.117989,22.621597,275
粤B0FU12,114.117989,22.621597,281
粤B0FU12,114.117989,22.621597,287
粤B0FU12,114.117989,22.621597,287
粤B0FU12,114.117989,22.621597,293
粤B0FU12,114.117989,22.621597,299
粤B0FU12,114.117989,22.621597,302
粤B0FU12,114.117989,22.621597,305
粤B0FU12,114.117989,22.621597,311
粤B0FU12,114.117989,22.621597,316
粤B0FU12,114.117989,22.621597,318
粤B0FU12,114.117989,22.621597,322
粤B0FU12,114.117989,22.621597,328
粤B0FU12,114.117989,22.621597,334
粤B0FU12,114.117989,22.621597,334
粤B0FU12,114.117989,22.621597,340
粤B0FU12,114.117989,22.621597,346
粤B0FU12,114.117989,22.621597,350
粤B0FU12,114.117989,22.621597,352
粤B0FU12,114.117989,22.621597,358
粤B0FU12,114.117989,22.621597,365
粤B0FU12,114.117989,22.621597,370
粤B0FU12,114.117989,22.621597,376
粤B0FU12,114.117989,22.621597,381
粤B0FU12,114.117989,22.621597,382
粤B0FU12,114.117989,22.621597,388
粤B0FU12,114.117989,22.621597,394
粤B0FU12,114.117989,22.621597,397
粤B0FU12,114.117989,22.621597,400
粤B0FU12,114.117989,22.621597,406
粤B0FU12,114.117989,22.621597,412
粤B0FU12,114.117989,22.621597,413
粤B0FU12,114.117989,22.621597,417
粤B0FU12,114.117989,22.621597,423
粤B0FU12,114.117989,22.621597,428
粤B0FU12,114.117989,22.621597,429
粤B0FU12,114.117989,22.621597,435
粤B0FU12,114.117989,22.621597,441
粤B0FU12,114.117989,22.621597,444
粤B0FU12,114.117989,22.621597,447
粤B0FU12,114.117989,22.621597,453
粤B0FU12,114.117989,22.621597,459
粤B0FU12,114.117989,22.621597,460
粤B0FU12,114.117989,22.621597,465
粤B0FU12,114.117989,22.621597,471
粤B0FU12,114.117989,22.621597,477
粤B0FU12,114.117989,22.621597,483
粤B0FU12,114.117989,22.621597,489
粤B0FU12,114.117989,22.621597,491
粤B0FU12,114.117989,22.621597,495
粤B0FU12,114.117989,22.621597,501
粤B0FU12,114.117989,22.621597,507
粤B0FU12,114.117989,22.621597,507
粤B0FU12,114.117989,22.621597,513
粤B0FU12,114.117989,22.621597,519
粤B0FU12,114.117989,22.621597,525
粤B0FU12,114.117989,22.621597,537
粤B0FU12,114.117989,22.621597,538
粤B0FU12,114.117989,22.621597,549
粤B0FU12,114.117989,22.621597,554
粤B0FU12,114.117989,22.621597,555
粤B0FU12,114.117989,22.621597,561
粤B0FU12,114.117989,22.621597,567
粤B0FU12,114.117989,22.621597,570
粤B0FU12,114.117989,22.621597,573
粤B0FU12,114.117989,22.621597,578
粤B0FU12,114.117989,22.621597,584
粤B0FU12,114.117989,22.621597,585
粤B0FU12,114.117989,22.621597,590
粤B0FU12,114.117989,22.621597,596
粤B0FU12,114.117989,22.621597,601
粤B0FU12,114.117989,22.621597,608
粤B0FU12,114.117989,22.621597,614
粤B0FU12,114.117989,22.621597,617
粤B0FU12,114.117989,22.621597,620
粤B0FU12,114.117989,22.621597,625
粤B0FU12,114.117989,22.621597,626
粤B0FU12,114.117989,22.621597,632
粤B0FU12,114.117989,22.621597,641
粤B0FU12,114.117989,22.621597,642
粤B0FU12,114.117989,22.621597,648
粤B0FU12,114.117989,22.621597,654
粤B0FU12,114.117989,22.621597,656
粤B0FU12,114.117989,22.621597,660
粤B0FU12,114.117989,22.621597,666
粤B0FU12,114.117989,22.621597,672
粤B0FU12,114.117989,22.621597,672
粤B0FU12,114.117989,22.621597,678
粤B0FU12,114.117989,22.621597,684
粤B0FU12,114.117989,22.621597,688
粤B0FU12,114.117989,22.621597,690
粤B0FU12,114.117989,22.621597,696
粤B0FU12,114.117989,22.621597,702
粤B0FU12,114.117989,22.621597,704
粤B0FU12,114.117989,22.621597,708
粤B0FU12,114.117989,22.621597,714
粤B0FU12,114.117989,22.621597,719
粤B0FU12,114.117989,22.621597,720
粤B0FU12,114.117989,22.621597,726
粤B0FU12,114.117989,22.621597,732
粤B0FU12,114.117989,22.621597,735
粤B0FU12,114.117989,22.621597,738
粤B0FU12,114.117989,22.621597,744
粤B0FU12,114.117989,22.621597,750
粤B0FU12,114.117989,22.621597,751
粤B0FU12,114.117989,22.621597,756
粤B0FU12,114.117989,22.621597,762
粤B0FU12,114.117989,22.621597,766
粤B0FU12,114.117989,22.621597,768
粤B0FU12,114.117989,22.621597,774
粤B0FU12,114.117989,22.621597,780
粤B0FU12,114.117989,22.621597,782
粤B0FU12,114.117989,22.621597,786
粤B0FU12,114.117989,22.621597,792
粤B0FU12,114.117989,22.621597,798
粤B0FU12,114.117989,22.621597,798
粤B0FU12,114.117989,22.621597,804
粤B0FU12,114.117989,22.621597,810
粤B0FU12,114.117989,22.621597,814
粤B0FU12,114.117989,22.621597,816
粤B0FU12,114.117989,22.621597,822
粤B0FU12,114.117989,22.621597,828
粤B0FU12,114.117989,22.621597,834
粤B0FU12,114.117989,22.621597,845
粤B0FU12,114.117989,22.621597,846
粤B0FU12,114.117989,22.621597,852
粤B0FU12,114.117989,22.621597,858
粤B0FU12,114.117989,22.621597,861
粤B0FU12,114.117989,22.621597,864
粤B0FU12,114.117989,22.621597,870
粤B0FU12,114.117989,22.621597,876
粤B0FU12,114.117989,22.621597,877
粤B0FU12,114.117989,22.621597,882
粤B0FU12,114.117989,22.621597,888
粤B0FU12,114.117989,22.621597,894
粤B0FU12,114.117989,22.621597,900
粤B0FU12,114.117989,22.621597,908
粤B0FU12,114.117989,22.621597,912
粤B0FU12,114.117989,22.621597,918
粤B0FU12,114.117989,22.621597,924
粤B0FU12,114.117989,22.621597,924
粤B0FU12,114.117989,22.621597,930
粤B0FU12,114.117989,22.621597,935
粤B0FU12,114.117989,22.621597,939
粤B0FU12,114.117989,22.621597,941
粤B0FU12,114.117989,22.621597,947
粤B0FU12,114.117989,22.621597,953
粤B0FU12,114.117989,22.621597,955
粤B0FU12,114.117989,22.621597,959
粤B0FU12,114.117989,22.621597,965
粤B0FU12,114.117989,22.621597,971
粤B0FU12,114.117989,22.621597,972
粤B0FU12,114.117989,22.621597,977
粤B0FU12,114.117989,22.621597,983
粤B0FU12,114.117989,22.621597,987
粤B0FU12,114.117989,22.621597,989
粤B0FU12,114.117989,22.621597,995
粤B0FU12,114.117989,22.621597,1001
粤B0FU12,114.117989,22.621597,1002
粤B0FU12,114.117989,22.621597,1007
粤B0FU12,114.117989,22.621597,1013
粤B0FU12,114.117989,22.621597,1019
粤B0FU12,114.117989,22.621597,1031
粤B0FU12,114.117989,22.621597,1034
粤B0FU12,114.117989,22.621597,1037
粤B0FU12,114.117989,22.621597,1043
粤B0FU12,114.117989,22.621597,1049
粤B0FU12,114.117989,22.621597,1050
粤B0FU12,114.117989,22.621597,1055
粤B0FU12,114.117989,22.621597,1061
粤B0FU12,114.117989,22.621597,1065
粤B0FU12,114.117989,22.621597,1067
粤B0FU12,114.117989,22.621597,1073
粤B0FU12,114.117989,22.621597,1079
粤B0FU12,114.117989,22.621597,1081
粤B0FU12,114.117989,22.621597,1085
粤B0FU12,114.117989,22.621597,1091
粤B0FU12,114.117989,22.621597,1097
粤B0FU12,114.117989,22.621597,1097
粤B0FU12,114.117989,22.621597,1103
粤B0FU12,114.117989,22.621597,1109
粤B0FU12,114.117989,22.621597,1113
粤B0FU12,114.117989,22.621597,1115
粤B0FU12,114.117989,22.621597,1121
粤B0FU12,114.117989,22.621597,1127
粤B0FU12,114.117989,22.621597,1133
粤B0FU12,114.117989,22.621597,1144
粤B0FU12,114.117989,22.621597,1145
粤B0FU12,114.117989,22.621597,1151
粤B0FU12,114.117989,22.621597,1157
粤B0FU12,114.117989,22.621597,1160
粤B0FU12,114.117989,22.621597,1163
粤B0FU12,114.117989,22.621597,1169
粤B0FU12,114.117989,22.621597,1175
粤B0FU12,114.117989,22.621597,1176
粤B0FU12,114.117989,22.621597,1181
粤B0FU12,114.117989,22.621597,1187
粤B0FU12,114.117989,22.621597,1191
粤B0FU12,114.117989,22.621597,1193
粤B0FU12,114.117989,22.621597,1198
粤B0FU12,114.117989,22.621597,1204
粤B0FU12,114.117989,22.621597,1207
粤B0FU12,114.117989,22.621597,1210
粤B0FU12,114.117989,22.621597,1216
粤B0FU12,114.117989,22.621597,1222
粤B0FU12,114.117989,22.621597,1223
粤B0FU12,114.117989,22.621597,1228
粤B0FU12,114.117989,22.621597,1234
粤B0FU12,114.117989,22.621597,1238
粤B0FU12,114.117989,22.621597,1240
粤B0FU12,114.117989,22.621597,1246
粤B0FU12,114.117989,22.621597,1252
粤B0FU12,114.117989,22.621597,1254
粤B0FU12,114.117989,22.621597,1258
粤B0FU12,114.117989,22.621597,1264
粤B0FU12,114.117989,22.621597,1270
粤B0FU12,114.117989,22.621597,1270
粤B0FU12,114.117989,22.621597,1276
粤B0FU12,114.117989,22.621597,1282
粤B0FU12,114.117989,22.621597,1286
粤B0FU12,114.117989,22.621597,1288
粤B0FU12,114.117989,22.621597,1294
粤B0FU12,114.117989,22.621597,1300
粤B0FU12,114.117989,22.621597,1301
粤B0FU12,114.117989,22.621597,1306
粤B0FU12,114.117989,22.621597,1312
粤B0FU12,114.117989,22.621597,1317
粤B0FU12,114.117989,22.621597,1317
粤B0FU12,114.117989,22.621597,1323
粤B0FU12,114.117989,22.621597,1329
粤B0FU12,114.117989,22.621597,1333
粤B0FU12,114.117989,22.621597,1335
粤B0FU12,114.117989,22.621597,1341
粤B0FU12,114.117989,22.621597,1347
粤B0FU12,114.117989,22.621597,1349
粤B0FU12,114.117989,22.621597,1353
粤B0FU12,114.117989,22.621597,1359
粤B0FU12,114.117989,22.621597,1365
粤B0FU12,114.117989,22.621597,1371
粤B0FU12,114.117989,22.621597,1377
粤B0FU12,114.117989,22.621597,1380
粤B0FU12,114.117989,22.621597,1383
粤B0FU12,114.117989,22.621597,1389
粤B0FU12,114.117989,22.621597,1395
粤B0FU12,114.117989,22.621597,1396
粤B0FU12,114.117989,22.621597,1401
粤B0FU12,114.117989,22.621597,1407
粤B0FU12,114.117989,22.621597,1412
粤B0FU12,114.117989,22.621597,1413
粤B0FU12,114.117989,22.621597,1419
粤B0FU12,114.117989,22.621597,1425
粤B0FU12,114.117989,22.621597,1431
粤B0FU12,114.117989,22.621597,1437
