粤BH4Q47,113.949699,22.5832,6
粤BH4Q47,113.949699,22.5832,6
粤BH4Q47,113.949699,22.5832,7
粤BH4Q47,113.949699,22.5832,9
粤BH4Q47,113.949699,22.5832,9
粤BH4Q47,113.949699,22.5832,10
粤BH4Q47,113.949699,22.5832,12
粤BH4Q47,113.949699,22.5832,13
粤BH4Q47,113.949699,22.5832,13
粤BH4Q47,113.949699,22.5832,16
粤BH4Q47,113.949699,22.5832,17
粤BH4Q47,113.949699,22.5832,17
粤BH4Q47,113.949699,22.5832,19
粤BH4Q47,113.949699,22.5832,19
粤BH4Q47,113.949699,22.5832,20
粤BH4Q47,113.949699,22.5832,21
粤BH4Q47,113.949699,22.5832,21
粤BH4Q47,113.949699,22.5832,21
粤BH4Q47,113.949699,22.5832,22
粤BH4Q47,113.949699,22.5832,22
粤BH4Q47,113.949699,22.5832,24
粤BH4Q47,113.949699,22.5832,24
粤BH4Q47,113.949699,22.5832,26
粤BH4Q47,113.949699,22.5832,27
粤BH4Q47,113.949699,22.5832,27
粤BH4Q47,113.949699,22.5832,28
粤BH4Q47,113.949699,22.5832,29
粤BH4Q47,113.949699,22.5832,30
粤BH4Q47,113.949699,22.5832,30
粤BH4Q47,113.949699,22.5832,30
粤BH4Q47,113.949699,22.5832,31
粤BH4Q47,113.949699,22.5832,31
粤BH4Q47,113.949699,22.5832,33
粤BH4Q47,113.949699,22.5832,34
粤BH4Q47,113.949699,22.5832,34
粤BH4Q47,113.949699,22.5832,34
粤BH4Q47,113.949699,22.5832,35
粤BH4Q47,113.949699,22.5832,35
粤BH4Q47,113.949699,22.5832,35
粤BH4Q47,113.949699,22.5832,37
粤BH4Q47,113.949699,22.5832,37
粤BH4Q47,113.949699,22.5832,37
粤BH4Q47,113.949699,22.5832,39
粤BH4Q47,113.949699,22.5832,40
粤BH4Q47,113.949699,22.5832,41
粤BH4Q47,113.949699,22.5832,41
粤BH4Q47,113.949699,22.5832,41
粤BH4Q47,113.949699,22.5832,42
粤BH4Q47,113.949699,22.5832,43
粤BH4Q47,113.949699,22.5832,43
粤BH4Q47,113.949699,22.5832,44
粤BH4Q47,113.949699,22.5832,46
粤BH4Q47,113.949699,22.5832,51
粤BH4Q47,113.949699,22.5832,51
粤BH4Q47,113.949699,22.5832,52
粤BH4Q47,113.949699,22.5832,52
粤BH4Q47,113.949699,22.5832,52
粤BH4Q47,113.949699,22.5832,52
粤BH4Q47,113.949699,22.5832,53
粤BH4Q47,113.949699,22.5832,53
粤BH4Q47,113.949699,22.5832,53
粤BH4Q47,113.949699,22.5832,54
粤BH4Q47,113.949699,22.5832,54
粤BH4Q47,113.949699,22.5832,54
粤BH4Q47,113.949699,22.5832,55
粤BH4Q47,113.949699,22.5832,55
粤BH4Q47,113.949699,22.5832,55
粤BH4Q47,113.949699,22.5832,56
粤BH4Q47,113.949699,22.5832,57
粤BH4Q47,113.949699,22.5832,57
粤BH4Q47,113.949699,22.5832,57
粤BH4Q47,113.949699,22.5832,58
粤BH4Q47,113.949699,22.5832,58
粤BH4Q47,113.949699,22.5832,58
粤BH4Q47,113.949699,22.5832,59
粤BH4Q47,113.949699,22.5832,59
粤BH4Q47,113.949699,22.5832,59
粤BH4Q47,113.949699,22.5832,60
粤BH4Q47,113.949699,22.5832,60
粤BH4Q47,113.949699,22.5832,62
粤BH4Q47,113.949699,22.5832,62
粤BH4Q47,113.949699,22.5832,63
粤BH4Q47,113.949699,22.5832,63
粤BH4Q47,113.949699,22.5832,64
粤BH4Q47,113.949699,22.5832,66
粤BH4Q47,113.949699,22.5832,66
粤BH4Q47,113.949699,22.5832,67
粤BH4Q47,113.949699,22.5832,67
粤BH4Q47,113.949699,22.5832,69
粤BH4Q47,113.949699,22.5832,70
粤BH4Q47,113.949699,22.5832,71
粤BH4Q47,113.949699,22.5832,71
粤BH4Q47,113.949699,22.5832,73
粤BH4Q47,113.949699,22.5832,74
粤BH4Q47,113.949699,22.5832,74
粤BH4Q47,113.949699,22.5832,74
粤BH4Q47,113.949699,22.5832,74
粤BH4Q47,113.949699,22.5832,75
粤BH4Q47,113.949699,22.5832,77
粤BH4Q47,113.949699,22.5832,77
粤BH4Q47,113.949699,22.5832,77
粤BH4Q47,113.949699,22.5832,78
粤BH4Q47,113.949699,22.5832,80
粤BH4Q47,113.949699,22.5832,80
粤BH4Q47,113.949699,22.5832,80
粤BH4Q47,113.949699,22.5832,81
粤BH4Q47,113.949699,22.5832,83
粤BH4Q47,113.949699,22.5832,83
粤BH4Q47,113.949699,22.5832,83
粤BH4Q47,113.949699,22.5832,84
粤BH4Q47,113.949699,22.5832,84
粤BH4Q47,113.949699,22.5832,84
粤BH4Q47,113.949699,22.5832,85
粤BH4Q47,113.949699,22.5832,85
粤BH4Q47,113.949699,22.5832,86
粤BH4Q47,113.949699,22.5832,87
粤BH4Q47,113.949699,22.5832,88
粤BH4Q47,113.949699,22.5832,88
粤BH4Q47,113.949699,22.5832,88
粤BH4Q47,113.949699,22.5832,90
粤BH4Q47,113.949699,22.5832,92
粤BH4Q47,113.949699,22.5832,94
粤BH4Q47,113.949699,22.5832,95
粤BH4Q47,113.949699,22.5832,95
粤BH4Q47,113.949699,22.5832,95
粤BH4Q47,113.949699,22.5832,97
粤BH4Q47,113.949699,22.5832,98
粤BH4Q47,113.949699,22.5832,98
粤BH4Q47,113.949699,22.5832,98
粤BH4Q47,113.949699,22.5832,99
粤BH4Q47,113.949699,22.5832,103
粤BH4Q47,113.949699,22.5832,104
粤BH4Q47,113.949699,22.5832,104
粤BH4Q47,113.949699,22.5832,105
粤BH4Q47,113.949699,22.5832,105
粤BH4Q47,113.949699,22.5832,105
粤BH4Q47,113.949699,22.5832,106
粤BH4Q47,113.949699,22.5832,106
粤BH4Q47,113.949699,22.5832,108
粤BH4Q47,113.949699,22.5832,109
粤BH4Q47,113.949699,22.5832,109
粤BH4Q47,113.949699,22.5832,110
粤BH4Q47,113.949699,22.5832,110
粤BH4Q47,113.949699,22.5832,113
粤BH4Q47,113.949699,22.5832,113
粤BH4Q47,113.949699,22.5832,116
粤BH4Q47,113.949699,22.5832,116
粤BH4Q47,113.949699,22.5832,117
粤BH4Q47,113.949699,22.5832,117
粤BH4Q47,113.949699,22.5832,117
粤BH4Q47,113.949699,22.5832,119
粤BH4Q47,113.949699,22.5832,120
粤BH4Q47,113.949699,22.5832,120
粤BH4Q47,113.949699,22.5832,121
粤BH4Q47,113.949699,22.5832,122
粤BH4Q47,113.949699,22.5832,123
粤BH4Q47,113.949699,22.5832,124
粤BH4Q47,113.949699,22.5832,124
粤BH4Q47,113.949699,22.5832,124
粤BH4Q47,113.949699,22.5832,125
粤BH4Q47,113.949699,22.5832,127
粤BH4Q47,113.949699,22.5832,127
粤BH4Q47,113.949699,22.5832,127
粤BH4Q47,113.949699,22.5832,128
粤BH4Q47,113.949699,22.5832,128
粤BH4Q47,113.949699,22.5832,130
粤BH4Q47,113.949699,22.5832,130
粤BH4Q47,113.949699,22.5832,131
粤BH4Q47,113.949699,22.5832,131
粤BH4Q47,113.949699,22.5832,131
粤BH4Q47,113.949699,22.5832,132
粤BH4Q47,113.949699,22.5832,132
粤BH4Q47,113.949699,22.5832,134
粤BH4Q47,113.949699,22.5832,134
粤BH4Q47,113.949699,22.5832,134
粤BH4Q47,113.949699,22.5832,135
粤BH4Q47,113.949699,22.5832,135
粤BH4Q47,113.949699,22.5832,139
粤BH4Q47,113.949699,22.5832,141
粤BH4Q47,113.949699,22.5832,141
粤BH4Q47,113.949699,22.5832,142
粤BH4Q47,113.949699,22.5832,143
粤BH4Q47,113.949699,22.5832,143
粤BH4Q47,113.949699,22.5832,143
粤BH4Q47,113.949699,22.5832,145
粤BH4Q47,113.949699,22.5832,145
粤BH4Q47,113.949699,22.5832,146
粤BH4Q47,113.949699,22.5832,146
粤BH4Q47,113.949699,22.5832,147
粤BH4Q47,113.949699,22.5832,147
粤BH4Q47,113.949699,22.5832,149
粤BH4Q47,113.949699,22.5832,149
粤BH4Q47,113.949699,22.5832,149
粤BH4Q47,113.949699,22.5832,150
粤BH4Q47,113.949699,22.5832,150
粤BH4Q47,113.949699,22.5832,150
粤BH4Q47,113.949699,22.5832,151
粤BH4Q47,113.949699,22.5832,153
粤BH4Q47,113.949699,22.5832,154
粤BH4Q47,113.949699,22.5832,154
粤BH4Q47,113.949699,22.5832,155
粤BH4Q47,113.949699,22.5832,156
粤BH4Q47,113.949699,22.5832,157
粤BH4Q47,113.949699,22.5832,158
粤BH4Q47,113.949699,22.5832,158
粤BH4Q47,113.949699,22.5832,160
粤BH4Q47,113.949699,22.5832,160
粤BH4Q47,113.949699,22.5832,161
粤BH4Q47,113.949699,22.5832,161
粤BH4Q47,113.949699,22.5832,161
粤BH4Q47,113.949699,22.5832,162
粤BH4Q47,113.949699,22.5832,162
粤BH4Q47,113.949699,22.5832,162
粤BH4Q47,113.949699,22.5832,164
粤BH4Q47,113.949699,22.5832,165
粤BH4Q47,113.949699,22.5832,165
粤BH4Q47,113.949699,22.5832,166
粤BH4Q47,113.949699,22.5832,168
粤BH4Q47,113.949699,22.5832,168
粤BH4Q47,113.949699,22.5832,168
粤BH4Q47,113.949699,22.5832,169
粤BH4Q47,113.949699,22.5832,169
粤BH4Q47,113.949699,22.5832,169
粤BH4Q47,113.949699,22.5832,172
粤BH4Q47,113.949699,22.5832,172
粤BH4Q47,113.949699,22.5832,173
粤BH4Q47,113.949699,22.5832,175
粤BH4Q47,113.949699,22.5832,176
粤BH4Q47,113.949699,22.5832,176
粤BH4Q47,113.949699,22.5832,177
粤BH4Q47,113.949699,22.5832,177
粤BH4Q47,113.949699,22.5832,177
粤BH4Q47,113.949699,22.5832,179
粤BH4Q47,113.949699,22.5832,180
粤BH4Q47,113.949699,22.5832,180
粤BH4Q47,113.949699,22.5832,190
粤BH4Q47,113.949699,22.5832,191
粤BH4Q47,113.949699,22.5832,191
粤BH4Q47,113.949699,22.5832,192
粤BH4Q47,113.949699,22.5832,192
粤BH4Q47,113.949699,22.5832,192
粤BH4Q47,113.949699,22.5832,194
粤BH4Q47,113.949699,22.5832,194
粤BH4Q47,113.949699,22.5832,195
粤BH4Q47,113.949699,22.5832,195
粤BH4Q47,113.949699,22.5832,196
粤BH4Q47,113.949699,22.5832,198
粤BH4Q47,113.949699,22.5832,198
粤BH4Q47,113.949699,22.5832,198
粤BH4Q47,113.949699,22.5832,199
粤BH4Q47,113.949699,22.5832,199
粤BH4Q47,113.949699,22.5832,202
粤BH4Q47,113.949699,22.5832,202
粤BH4Q47,113.949699,22.5832,203
粤BH4Q47,113.949699,22.5832,203
粤BH4Q47,113.949699,22.5832,203
粤BH4Q47,113.949699,22.5832,205
粤BH4Q47,113.949699,22.5832,206
粤BH4Q47,113.949699,22.5832,209
粤BH4Q47,113.949699,22.5832,209
粤BH4Q47,113.949699,22.5832,209
粤BH4Q47,113.949699,22.5832,210
粤BH4Q47,113.949699,22.5832,210
粤BH4Q47,113.949699,22.5832,211
粤BH4Q47,113.949699,22.5832,213
粤BH4Q47,113.949699,22.5832,213
粤BH4Q47,113.949699,22.5832,214
粤BH4Q47,113.949699,22.5832,214
粤BH4Q47,113.949699,22.5832,214
粤BH4Q47,113.949699,22.5832,216
粤BH4Q47,113.949699,22.5832,217
粤BH4Q47,113.949699,22.5832,217
粤BH4Q47,113.949699,22.5832,217
粤BH4Q47,113.949699,22.5832,218
粤BH4Q47,113.949699,22.5832,220
粤BH4Q47,113.949699,22.5832,220
粤BH4Q47,113.949699,22.5832,221
粤BH4Q47,113.949699,22.5832,221
粤BH4Q47,113.949699,22.5832,222
粤BH4Q47,113.949699,22.5832,222
粤BH4Q47,113.949699,22.5832,224
粤BH4Q47,113.949699,22.5832,224
粤BH4Q47,113.949699,22.5832,225
粤BH4Q47,113.949699,22.5832,225
粤BH4Q47,113.949699,22.5832,225
粤BH4Q47,113.949699,22.5832,227
粤BH4Q47,113.949699,22.5832,228
粤BH4Q47,113.949699,22.5832,228
粤BH4Q47,113.949699,22.5832,228
粤BH4Q47,113.949699,22.5832,229
粤BH4Q47,113.949699,22.5832,229
粤BH4Q47,113.949699,22.5832,231
粤BH4Q47,113.949699,22.5832,232
粤BH4Q47,113.949699,22.5832,232
粤BH4Q47,113.949699,22.5832,233
粤BH4Q47,113.949699,22.5832,233
粤BH4Q47,113.949699,22.5832,235
粤BH4Q47,113.949699,22.5832,236
粤BH4Q47,113.949699,22.5832,239
粤BH4Q47,113.949699,22.5832,241
粤BH4Q47,113.949699,22.5832,243
粤BH4Q47,113.949699,22.5832,243
粤BH4Q47,113.949699,22.5832,243
粤BH4Q47,113.949699,22.5832,244
粤BH4Q47,113.949699,22.5832,244
粤BH4Q47,113.949699,22.5832,244
粤BH4Q47,113.949699,22.5832,245
粤BH4Q47,113.949699,22.5832,246
粤BH4Q47,113.949699,22.5832,247
粤BH4Q47,113.949699,22.5832,248
粤BH4Q47,113.949699,22.5832,250
粤BH4Q47,113.949699,22.5832,251
粤BH4Q47,113.949699,22.5832,252
粤BH4Q47,113.949699,22.5832,254
粤BH4Q47,113.949699,22.5832,255
粤BH4Q47,113.949699,22.5832,256
粤BH4Q47,113.949699,22.5832,257
粤BH4Q47,113.949699,22.5832,258
粤BH4Q47,113.949699,22.5832,259
粤BH4Q47,113.949699,22.5832,260
粤BH4Q47,113.949699,22.5832,261
粤BH4Q47,113.949699,22.5832,263
粤BH4Q47,113.949699,22.5832,263
粤BH4Q47,113.949699,22.5832,265
粤BH4Q47,113.949699,22.5832,265
粤BH4Q47,113.949699,22.5832,266
粤BH4Q47,113.949699,22.5832,267
粤BH4Q47,113.949699,22.5832,267
粤BH4Q47,113.949699,22.5832,269
粤BH4Q47,113.949699,22.5832,270
粤BH4Q47,113.949699,22.5832,271
粤BH4Q47,113.949699,22.5832,271
粤BH4Q47,113.949699,22.5832,273
粤BH4Q47,113.949699,22.5832,274
粤BH4Q47,113.949699,22.5832,274
粤BH4Q47,113.949699,22.5832,274
粤BH4Q47,113.949699,22.5832,275
粤BH4Q47,113.949699,22.5832,275
粤BH4Q47,113.949699,22.5832,277
粤BH4Q47,113.949699,22.5832,277
粤BH4Q47,113.949699,22.5832,278
粤BH4Q47,113.949699,22.5832,278
粤BH4Q47,113.949699,22.5832,279
粤BH4Q47,113.949699,22.5832,280
粤BH4Q47,113.949699,22.5832,282
粤BH4Q47,113.949699,22.5832,282
粤BH4Q47,113.949699,22.5832,282
粤BH4Q47,113.949699,22.5832,283
粤BH4Q47,113.949699,22.5832,284
粤BH4Q47,113.949699,22.5832,285
粤BH4Q47,113.949699,22.5832,285
粤BH4Q47,113.949699,22.5832,286
粤BH4Q47,113.949699,22.5832,286
粤BH4Q47,113.949699,22.5832,288
粤BH4Q47,113.949699,22.5832,289
粤BH4Q47,113.949699,22.5832,289
粤BH4Q47,113.949699,22.5832,289
粤BH4Q47,113.949699,22.5832,290
粤BH4Q47,113.949699,22.5832,290
粤BH4Q47,113.949699,22.5832,292
粤BH4Q47,113.949699,22.5832,292
粤BH4Q47,113.949699,22.5832,293
粤BH4Q47,113.949699,22.5832,293
粤BH4Q47,113.949699,22.5832,294
粤BH4Q47,113.949699,22.5832,296
粤BH4Q47,113.949699,22.5832,296
粤BH4Q47,113.949699,22.5832,297
粤BH4Q47,113.949699,22.5832,297
粤BH4Q47,113.949699,22.5832,297
粤BH4Q47,113.949699,22.5832,300
粤BH4Q47,113.949699,22.5832,300
粤BH4Q47,113.949699,22.5832,301
粤BH4Q47,113.949699,22.5832,301
粤BH4Q47,113.949699,22.5832,302
粤BH4Q47,113.949699,22.5832,302
粤BH4Q47,113.949699,22.5832,304
粤BH4Q47,113.949699,22.5832,304
粤BH4Q47,113.949699,22.5832,305
粤BH4Q47,113.949699,22.5832,306
粤BH4Q47,113.949699,22.5832,308
粤BH4Q47,113.949699,22.5832,308
粤BH4Q47,113.949699,22.5832,308
粤BH4Q47,113.949699,22.5832,309
粤BH4Q47,113.949699,22.5832,310
粤BH4Q47,113.949699,22.5832,311
粤BH4Q47,113.949699,22.5832,312
粤BH4Q47,113.949699,22.5832,313
粤BH4Q47,113.949699,22.5832,313
粤BH4Q47,113.949699,22.5832,314
粤BH4Q47,113.949699,22.5832,316
粤BH4Q47,113.949699,22.5832,316
粤BH4Q47,113.949699,22.5832,316
粤BH4Q47,113.949699,22.5832,317
粤BH4Q47,113.949699,22.5832,317
粤BH4Q47,113.949699,22.5832,319
粤BH4Q47,113.949699,22.5832,319
粤BH4Q47,113.949699,22.5832,319
粤BH4Q47,113.949699,22.5832,320
粤BH4Q47,113.949699,22.5832,320
粤BH4Q47,113.949699,22.5832,320
粤BH4Q47,113.949699,22.5832,321
粤BH4Q47,113.949699,22.5832,323
粤BH4Q47,113.949699,22.5832,323
粤BH4Q47,113.949699,22.5832,323
粤BH4Q47,113.949699,22.5832,324
粤BH4Q47,113.949699,22.5832,324
粤BH4Q47,113.949699,22.5832,324
粤BH4Q47,113.949699,22.5832,325
粤BH4Q47,113.949699,22.5832,327
粤BH4Q47,113.949699,22.5832,327
粤BH4Q47,113.949699,22.5832,328
粤BH4Q47,113.949699,22.5832,330
粤BH4Q47,113.949699,22.5832,331
粤BH4Q47,113.949699,22.5832,332
粤BH4Q47,113.949699,22.5832,332
粤BH4Q47,113.949699,22.5832,334
粤BH4Q47,113.949699,22.5832,334
粤BH4Q47,113.949699,22.5832,335
粤BH4Q47,113.949699,22.5832,338
粤BH4Q47,113.949699,22.5832,341
粤BH4Q47,113.949699,22.5832,342
粤BH4Q47,113.949699,22.5832,342
粤BH4Q47,113.949699,22.5832,343
粤BH4Q47,113.949699,22.5832,343
粤BH4Q47,113.949699,22.5832,343
粤BH4Q47,113.949699,22.5832,344
粤BH4Q47,113.949699,22.5832,345
粤BH4Q47,113.949699,22.5832,346
粤BH4Q47,113.949699,22.5832,347
粤BH4Q47,113.949699,22.5832,347
粤BH4Q47,113.949699,22.5832,347
粤BH4Q47,113.949699,22.5832,348
粤BH4Q47,113.949699,22.5832,350
粤BH4Q47,113.949699,22.5832,351
粤BH4Q47,113.949699,22.5832,353
粤BH4Q47,113.949699,22.5832,353
粤BH4Q47,113.949699,22.5832,354
粤BH4Q47,113.949699,22.5832,354
粤BH4Q47,113.949699,22.5832,355
粤BH4Q47,113.949699,22.5832,355
粤BH4Q47,113.949699,22.5832,357
粤BH4Q47,113.949699,22.5832,358
粤BH4Q47,113.949699,22.5832,359
粤BH4Q47,113.949699,22.5832,359
粤BH4Q47,113.949699,22.5832,359
粤BH4Q47,113.949699,22.5832,360
粤BH4Q47,113.949699,22.5832,361
粤BH4Q47,113.949699,22.5832,362
粤BH4Q47,113.949699,22.5832,363
粤BH4Q47,113.949699,22.5832,363
粤BH4Q47,113.949699,22.5832,366
粤BH4Q47,113.949699,22.5832,366
粤BH4Q47,113.949699,22.5832,366
粤BH4Q47,113.949699,22.5832,367
粤BH4Q47,113.949699,22.5832,367
粤BH4Q47,113.949699,22.5832,370
粤BH4Q47,113.949699,22.5832,370
粤BH4Q47,113.949699,22.5832,371
粤BH4Q47,113.949699,22.5832,373
粤BH4Q47,113.949699,22.5832,373
粤BH4Q47,113.949699,22.5832,374
粤BH4Q47,113.949699,22.5832,374
粤BH4Q47,113.949699,22.5832,375
粤BH4Q47,113.949699,22.5832,377
粤BH4Q47,113.949699,22.5832,377
粤BH4Q47,113.949699,22.5832,378
粤BH4Q47,113.949699,22.5832,378
粤BH4Q47,113.949699,22.5832,381
粤BH4Q47,113.949699,22.5832,381
粤BH4Q47,113.949699,22.5832,381
粤BH4Q47,113.949699,22.5832,382
粤BH4Q47,113.949699,22.5832,382
粤BH4Q47,113.949699,22.5832,382
粤BH4Q47,113.949699,22.5832,383
粤BH4Q47,113.949699,22.5832,384
粤BH4Q47,113.949699,22.5832,385
粤BH4Q47,113.949699,22.5832,386
粤BH4Q47,113.949699,22.5832,386
粤BH4Q47,113.949699,22.5832,388
粤BH4Q47,113.949699,22.5832,389
粤BH4Q47,113.949699,22.5832,390
粤BH4Q47,113.949699,22.5832,390
粤BH4Q47,113.949699,22.5832,392
粤BH4Q47,113.949699,22.5832,393
粤BH4Q47,113.949699,22.5832,393
粤BH4Q47,113.949699,22.5832,394
粤BH4Q47,113.949699,22.5832,396
粤BH4Q47,113.949699,22.5832,397
粤BH4Q47,113.949699,22.5832,397
粤BH4Q47,113.949699,22.5832,398
粤BH4Q47,113.949699,22.5832,400
粤BH4Q47,113.949699,22.5832,400
粤BH4Q47,113.949699,22.5832,400
粤BH4Q47,113.949699,22.5832,401
粤BH4Q47,113.949699,22.5832,401
粤BH4Q47,113.949699,22.5832,403
粤BH4Q47,113.949699,22.5832,404
粤BH4Q47,113.949699,22.5832,404
粤BH4Q47,113.949699,22.5832,405
粤BH4Q47,113.949699,22.5832,407
粤BH4Q47,113.949699,22.5832,408
粤BH4Q47,113.949699,22.5832,408
粤BH4Q47,113.949699,22.5832,409
粤BH4Q47,113.949699,22.5832,409
粤BH4Q47,113.949699,22.5832,412
粤BH4Q47,113.949699,22.5832,412
粤BH4Q47,113.949699,22.5832,413
粤BH4Q47,113.949699,22.5832,415
粤BH4Q47,113.949699,22.5832,416
粤BH4Q47,113.949699,22.5832,416
粤BH4Q47,113.949699,22.5832,416
粤BH4Q47,113.949699,22.5832,417
粤BH4Q47,113.949699,22.5832,419
粤BH4Q47,113.949699,22.5832,419
粤BH4Q47,113.949699,22.5832,420
粤BH4Q47,113.949699,22.5832,420
粤BH4Q47,113.949699,22.5832,421
粤BH4Q47,113.949699,22.5832,423
粤BH4Q47,113.949699,22.5832,423
粤BH4Q47,113.949699,22.5832,423
粤BH4Q47,113.949699,22.5832,424
粤BH4Q47,113.949699,22.5832,425
粤BH4Q47,113.949699,22.5832,428
粤BH4Q47,113.949699,22.5832,428
粤BH4Q47,113.949699,22.5832,428
粤BH4Q47,113.949699,22.5832,429
粤BH4Q47,113.949699,22.5832,430
粤BH4Q47,113.949699,22.5832,430
粤BH4Q47,113.949699,22.5832,431
粤BH4Q47,113.949699,22.5832,431
粤BH4Q47,113.949699,22.5832,432
粤BH4Q47,113.949699,22.5832,432
粤BH4Q47,113.949699,22.5832,434
粤BH4Q47,113.949699,22.5832,434
粤BH4Q47,113.949699,22.5832,435
粤BH4Q47,113.949699,22.5832,435
粤BH4Q47,113.949699,22.5832,436
粤BH4Q47,113.949699,22.5832,437
粤BH4Q47,113.949699,22.5832,438
粤BH4Q47,113.949699,22.5832,440
粤BH4Q47,113.949699,22.5832,441
粤BH4Q47,113.949699,22.5832,441
粤BH4Q47,113.949699,22.5832,442
粤BH4Q47,113.949699,22.5832,442
粤BH4Q47,113.949699,22.5832,443
粤BH4Q47,113.949699,22.5832,443
粤BH4Q47,113.949699,22.5832,445
粤BH4Q47,113.949699,22.5832,445
粤BH4Q47,113.949699,22.5832,446
粤BH4Q47,113.949699,22.5832,446
粤BH4Q47,113.949699,22.5832,446
粤BH4Q47,113.949699,22.5832,449
粤BH4Q47,113.949699,22.5832,450
粤BH4Q47,113.949699,22.5832,452
粤BH4Q47,113.949699,22.5832,453
粤BH4Q47,113.949699,22.5832,454
粤BH4Q47,113.949699,22.5832,455
粤BH4Q47,113.949699,22.5832,456
粤BH4Q47,113.949699,22.5832,456
粤BH4Q47,113.949699,22.5832,456
粤BH4Q47,113.949699,22.5832,457
粤BH4Q47,113.949699,22.5832,457
粤BH4Q47,113.949699,22.5832,458
粤BH4Q47,113.949699,22.5832,459
粤BH4Q47,113.949699,22.5832,459
粤BH4Q47,113.949699,22.5832,460
粤BH4Q47,113.949699,22.5832,460
粤BH4Q47,113.949699,22.5832,460
粤BH4Q47,113.949699,22.5832,461
粤BH4Q47,113.949699,22.5832,463
粤BH4Q47,113.949699,22.5832,463
粤BH4Q47,113.949699,22.5832,464
粤BH4Q47,113.949699,22.5832,464
粤BH4Q47,113.949699,22.5832,465
粤BH4Q47,113.949699,22.5832,466
粤BH4Q47,113.949699,22.5832,467
粤BH4Q47,113.949699,22.5832,468
粤BH4Q47,113.949699,22.5832,468
粤BH4Q47,113.949699,22.5832,474
粤BH4Q47,113.949699,22.5832,475
粤BH4Q47,113.949699,22.5832,475
粤BH4Q47,113.949699,22.5832,475
粤BH4Q47,113.949699,22.5832,477
粤BH4Q47,113.949699,22.5832,478
粤BH4Q47,113.949699,22.5832,479
粤BH4Q47,113.949699,22.5832,481
粤BH4Q47,113.949699,22.5832,482
粤BH4Q47,113.949699,22.5832,486
粤BH4Q47,113.949699,22.5832,486
粤BH4Q47,113.949699,22.5832,487
粤BH4Q47,113.949699,22.5832,489
粤BH4Q47,113.949699,22.5832,490
粤BH4Q47,113.949699,22.5832,490
粤BH4Q47,113.949699,22.5832,493
粤BH4Q47,113.949699,22.5832,493
粤BH4Q47,113.949699,22.5832,493
粤BH4Q47,113.949699,22.5832,494
粤BH4Q47,113.949699,22.5832,496
粤BH4Q47,113.949699,22.5832,497
粤BH4Q47,113.949699,22.5832,497
粤BH4Q47,113.949699,22.5832,498
粤BH4Q47,113.949699,22.5832,500
粤BH4Q47,113.949699,22.5832,500
粤BH4Q47,113.949699,22.5832,500
粤BH4Q47,113.949699,22.5832,501
粤BH4Q47,113.949699,22.5832,501
粤BH4Q47,113.949699,22.5832,502
粤BH4Q47,113.949699,22.5832,503
粤BH4Q47,113.949699,22.5832,503
粤BH4Q47,113.949699,22.5832,504
粤BH4Q47,113.949699,22.5832,504
粤BH4Q47,113.949699,22.5832,504
粤BH4Q47,113.949699,22.5832,505
粤BH4Q47,113.949699,22.5832,506
粤BH4Q47,113.949699,22.5832,507
粤BH4Q47,113.949699,22.5832,507
粤BH4Q47,113.949699,22.5832,508
粤BH4Q47,113.949699,22.5832,508
粤BH4Q47,113.949699,22.5832,510
粤BH4Q47,113.949699,22.5832,510
粤BH4Q47,113.949699,22.5832,511
粤BH4Q47,113.949699,22.5832,512
粤BH4Q47,113.949699,22.5832,513
粤BH4Q47,113.949699,22.5832,514
粤BH4Q47,113.949699,22.5832,514
粤BH4Q47,113.949699,22.5832,515
粤BH4Q47,113.949699,22.5832,517
粤BH4Q47,113.949699,22.5832,518
粤BH4Q47,113.949699,22.5832,518
粤BH4Q47,113.949699,22.5832,519
粤BH4Q47,113.949699,22.5832,521
粤BH4Q47,113.949699,22.5832,521
粤BH4Q47,113.949699,22.5832,522
粤BH4Q47,113.949699,22.5832,522
粤BH4Q47,113.949699,22.5832,524
粤BH4Q47,113.949699,22.5832,524
粤BH4Q47,113.949699,22.5832,525
粤BH4Q47,113.949699,22.5832,527
粤BH4Q47,113.949699,22.5832,528
粤BH4Q47,113.949699,22.5832,529
粤BH4Q47,113.949699,22.5832,529
粤BH4Q47,113.949699,22.5832,531
粤BH4Q47,113.949699,22.5832,531
粤BH4Q47,113.949699,22.5832,532
粤BH4Q47,113.949699,22.5832,532
粤BH4Q47,113.949699,22.5832,532
粤BH4Q47,113.949699,22.5832,533
粤BH4Q47,113.949699,22.5832,533
粤BH4Q47,113.949699,22.5832,535
粤BH4Q47,113.949699,22.5832,546
粤BH4Q47,113.949699,22.5832,546
粤BH4Q47,113.949699,22.5832,547
粤BH4Q47,113.949699,22.5832,549
粤BH4Q47,113.949699,22.5832,549
粤BH4Q47,113.949699,22.5832,550
粤BH4Q47,113.949699,22.5832,550
粤BH4Q47,113.949699,22.5832,550
粤BH4Q47,113.949699,22.5832,551
粤BH4Q47,113.949699,22.5832,552
粤BH4Q47,113.949699,22.5832,552
粤BH4Q47,113.949699,22.5832,553
粤BH4Q47,113.949699,22.5832,553
粤BH4Q47,113.949699,22.5832,553
粤BH4Q47,113.949699,22.5832,554
粤BH4Q47,113.949699,22.5832,554
粤BH4Q47,113.949699,22.5832,556
粤BH4Q47,113.949699,22.5832,557
粤BH4Q47,113.949699,22.5832,557
粤BH4Q47,113.949699,22.5832,558
粤BH4Q47,113.949699,22.5832,560
粤BH4Q47,113.949699,22.5832,561
粤BH4Q47,113.949699,22.5832,561
粤BH4Q47,113.949699,22.5832,561
粤BH4Q47,113.949699,22.5832,562
粤BH4Q47,113.949699,22.5832,565
粤BH4Q47,113.949699,22.5832,565
粤BH4Q47,113.949699,22.5832,565
粤BH4Q47,113.949699,22.5832,567
粤BH4Q47,113.949699,22.5832,567
粤BH4Q47,113.949699,22.5832,568
粤BH4Q47,113.949699,22.5832,568
粤BH4Q47,113.949699,22.5832,568
粤BH4Q47,113.949699,22.5832,569
粤BH4Q47,113.949699,22.5832,571
粤BH4Q47,113.949699,22.5832,571
粤BH4Q47,113.949699,22.5832,572
粤BH4Q47,113.949699,22.5832,574
粤BH4Q47,113.949699,22.5832,575
粤BH4Q47,113.949699,22.5832,575
粤BH4Q47,113.949699,22.5832,575
粤BH4Q47,113.949699,22.5832,578
粤BH4Q47,113.949699,22.5832,579
粤BH4Q47,113.949699,22.5832,579
粤BH4Q47,113.949699,22.5832,579
粤BH4Q47,113.949699,22.5832,580
粤BH4Q47,113.949699,22.5832,582
粤BH4Q47,113.949699,22.5832,582
粤BH4Q47,113.949699,22.5832,583
粤BH4Q47,113.949699,22.5832,583
粤BH4Q47,113.949699,22.5832,585
粤BH4Q47,113.949699,22.5832,586
粤BH4Q47,113.949699,22.5832,586
粤BH4Q47,113.949699,22.5832,587
粤BH4Q47,113.949699,22.5832,588
粤BH4Q47,113.949699,22.5832,589
粤BH4Q47,113.949699,22.5832,590
粤BH4Q47,113.949699,22.5832,590
粤BH4Q47,113.949699,22.5832,592
粤BH4Q47,113.949699,22.5832,593
粤BH4Q47,113.949699,22.5832,594
粤BH4Q47,113.949699,22.5832,594
粤BH4Q47,113.949699,22.5832,596
粤BH4Q47,113.949699,22.5832,597
粤BH4Q47,113.949699,22.5832,601
粤BH4Q47,113.949699,22.5832,601
粤BH4Q47,113.949699,22.5832,603
粤BH4Q47,113.949699,22.5832,603
粤BH4Q47,113.949699,22.5832,604
粤BH4Q47,113.949699,22.5832,604
粤BH4Q47,113.949699,22.5832,605
粤BH4Q47,113.949699,22.5832,606
粤BH4Q47,113.949699,22.5832,608
粤BH4Q47,113.949699,22.5832,608
粤BH4Q47,113.949699,22.5832,610
粤BH4Q47,113.949699,22.5832,610
粤BH4Q47,113.949699,22.5832,611
粤BH4Q47,113.949699,22.5832,612
粤BH4Q47,113.949699,22.5832,612
粤BH4Q47,113.949699,22.5832,613
粤BH4Q47,113.949699,22.5832,614
粤BH4Q47,113.949699,22.5832,614
粤BH4Q47,113.949699,22.5832,614
粤BH4Q47,113.949699,22.5832,615
粤BH4Q47,113.949699,22.5832,615
粤BH4Q47,113.949699,22.5832,615
粤BH4Q47,113.949699,22.5832,617
粤BH4Q47,113.949699,22.5832,619
粤BH4Q47,113.949699,22.5832,620
粤BH4Q47,113.949699,22.5832,621
粤BH4Q47,113.949699,22.5832,621
粤BH4Q47,113.949699,22.5832,622
粤BH4Q47,113.949699,22.5832,624
粤BH4Q47,113.949699,22.5832,624
粤BH4Q47,113.949699,22.5832,624
粤BH4Q47,113.949699,22.5832,627
粤BH4Q47,113.949699,22.5832,627
粤BH4Q47,113.949699,22.5832,628
粤BH4Q47,113.949699,22.5832,628
粤BH4Q47,113.949699,22.5832,629
粤BH4Q47,113.949699,22.5832,630
粤BH4Q47,113.949699,22.5832,631
粤BH4Q47,113.949699,22.5832,631
粤BH4Q47,113.949699,22.5832,632
粤BH4Q47,113.949699,22.5832,633
粤BH4Q47,113.949699,22.5832,634
粤BH4Q47,113.949699,22.5832,634
粤BH4Q47,113.949699,22.5832,634
粤BH4Q47,113.949699,22.5832,635
粤BH4Q47,113.949699,22.5832,637
粤BH4Q47,113.949699,22.5832,637
粤BH4Q47,113.949699,22.5832,638
粤BH4Q47,113.949699,22.5832,638
粤BH4Q47,113.949699,22.5832,639
粤BH4Q47,113.949699,22.5832,640
粤BH4Q47,113.949699,22.5832,640
粤BH4Q47,113.949699,22.5832,641
粤BH4Q47,113.949699,22.5832,642
粤BH4Q47,113.949699,22.5832,643
粤BH4Q47,113.949699,22.5832,645
粤BH4Q47,113.949699,22.5832,645
粤BH4Q47,113.949699,22.5832,646
粤BH4Q47,113.949699,22.5832,647
粤BH4Q47,113.949699,22.5832,648
粤BH4Q47,113.949699,22.5832,648
粤BH4Q47,113.949699,22.5832,650
粤BH4Q47,113.949699,22.5832,650
粤BH4Q47,113.949699,22.5832,651
粤BH4Q47,113.949699,22.5832,651
粤BH4Q47,113.949699,22.5832,651
粤BH4Q47,113.949699,22.5832,653
粤BH4Q47,113.949699,22.5832,654
粤BH4Q47,113.949699,22.5832,657
粤BH4Q47,113.949699,22.5832,657
粤BH4Q47,113.949699,22.5832,658
粤BH4Q47,113.949699,22.5832,661
粤BH4Q47,113.949699,22.5832,663
粤BH4Q47,113.949699,22.5832,664
粤BH4Q47,113.949699,22.5832,665
粤BH4Q47,113.949699,22.5832,665
粤BH4Q47,113.949699,22.5832,667
粤BH4Q47,113.949699,22.5832,668
粤BH4Q47,113.949699,22.5832,669
粤BH4Q47,113.949699,22.5832,671
粤BH4Q47,113.949699,22.5832,671
粤BH4Q47,113.949699,22.5832,672
粤BH4Q47,113.949699,22.5832,674
粤BH4Q47,113.949699,22.5832,674
粤BH4Q47,113.949699,22.5832,676
粤BH4Q47,113.949699,22.5832,677
粤BH4Q47,113.949699,22.5832,678
粤BH4Q47,113.949699,22.5832,679
粤BH4Q47,113.949699,22.5832,681
粤BH4Q47,113.949699,22.5832,681
粤BH4Q47,113.949699,22.5832,682
粤BH4Q47,113.949699,22.5832,683
粤BH4Q47,113.949699,22.5832,684
粤BH4Q47,113.949699,22.5832,685
粤BH4Q47,113.949699,22.5832,685
粤BH4Q47,113.949699,22.5832,686
粤BH4Q47,113.949699,22.5832,687
粤BH4Q47,113.949699,22.5832,688
粤BH4Q47,113.949699,22.5832,689
粤BH4Q47,113.949699,22.5832,689
粤BH4Q47,113.949699,22.5832,691
粤BH4Q47,113.949699,22.5832,691
粤BH4Q47,113.949699,22.5832,692
粤BH4Q47,113.949699,22.5832,692
粤BH4Q47,113.949699,22.5832,693
粤BH4Q47,113.949699,22.5832,694
粤BH4Q47,113.949699,22.5832,695
粤BH4Q47,113.949699,22.5832,696
粤BH4Q47,113.949699,22.5832,696
粤BH4Q47,113.949699,22.5832,698
粤BH4Q47,113.949699,22.5832,698
粤BH4Q47,113.949699,22.5832,699
粤BH4Q47,113.949699,22.5832,699
粤BH4Q47,113.949699,22.5832,701
粤BH4Q47,113.949699,22.5832,702
粤BH4Q47,113.949699,22.5832,702
粤BH4Q47,113.949699,22.5832,702
粤BH4Q47,113.949699,22.5832,703
粤BH4Q47,113.949699,22.5832,705
粤BH4Q47,113.949699,22.5832,705
粤BH4Q47,113.949699,22.5832,707
粤BH4Q47,113.949699,22.5832,708
粤BH4Q47,113.949699,22.5832,709
粤BH4Q47,113.949699,22.5832,709
粤BH4Q47,113.949699,22.5832,711
粤BH4Q47,113.949699,22.5832,712
粤BH4Q47,113.949699,22.5832,712
粤BH4Q47,113.949699,22.5832,714
粤BH4Q47,113.949699,22.5832,715
粤BH4Q47,113.949699,22.5832,715
粤BH4Q47,113.949699,22.5832,716
粤BH4Q47,113.949699,22.5832,716
粤BH4Q47,113.949699,22.5832,716
粤BH4Q47,113.949699,22.5832,718
粤BH4Q47,113.949699,22.5832,718
粤BH4Q47,113.949699,22.5832,719
粤BH4Q47,113.949699,22.5832,719
粤BH4Q47,113.949699,22.5832,720
粤BH4Q47,113.949699,22.5832,720
粤BH4Q47,113.949699,22.5832,723
粤BH4Q47,113.949699,22.5832,723
粤BH4Q47,113.949699,22.5832,724
粤BH4Q47,113.949699,22.5832,725
粤BH4Q47,113.949699,22.5832,727
粤BH4Q47,113.949699,22.5832,727
粤BH4Q47,113.949699,22.5832,728
粤BH4Q47,113.949699,22.5832,734
粤BH4Q47,113.949699,22.5832,734
粤BH4Q47,113.949699,22.5832,735
粤BH4Q47,113.949699,22.5832,737
粤BH4Q47,113.949699,22.5832,737
粤BH4Q47,113.949699,22.5832,738
粤BH4Q47,113.949699,22.5832,741
粤BH4Q47,113.949699,22.5832,744
粤BH4Q47,113.949699,22.5832,744
粤BH4Q47,113.949699,22.5832,745
粤BH4Q47,113.949699,22.5832,748
粤BH4Q47,113.949699,22.5832,749
粤BH4Q47,113.949699,22.5832,749
粤BH4Q47,113.949699,22.5832,749
粤BH4Q47,113.949699,22.5832,751
粤BH4Q47,113.949699,22.5832,752
粤BH4Q47,113.949699,22.5832,753
粤BH4Q47,113.949699,22.5832,753
粤BH4Q47,113.949699,22.5832,755
粤BH4Q47,113.949699,22.5832,757
粤BH4Q47,113.949699,22.5832,758
粤BH4Q47,113.949699,22.5832,758
粤BH4Q47,113.949699,22.5832,759
粤BH4Q47,113.949699,22.5832,759
粤BH4Q47,113.949699,22.5832,760
粤BH4Q47,113.949699,22.5832,762
粤BH4Q47,113.949699,22.5832,762
粤BH4Q47,113.949699,22.5832,763
粤BH4Q47,113.949699,22.5832,763
粤BH4Q47,113.949699,22.5832,763
粤BH4Q47,113.949699,22.5832,765
粤BH4Q47,113.949699,22.5832,766
粤BH4Q47,113.949699,22.5832,767
粤BH4Q47,113.949699,22.5832,768
粤BH4Q47,113.949699,22.5832,769
粤BH4Q47,113.949699,22.5832,769
粤BH4Q47,113.949699,22.5832,770
粤BH4Q47,113.949699,22.5832,772
粤BH4Q47,113.949699,22.5832,773
粤BH4Q47,113.949699,22.5832,773
粤BH4Q47,113.949699,22.5832,774
粤BH4Q47,113.949699,22.5832,774
粤BH4Q47,113.949699,22.5832,776
粤BH4Q47,113.949699,22.5832,776
粤BH4Q47,113.949699,22.5832,776
粤BH4Q47,113.949699,22.5832,777
粤BH4Q47,113.949699,22.5832,779
粤BH4Q47,113.949699,22.5832,779
粤BH4Q47,113.949699,22.5832,780
粤BH4Q47,113.949699,22.5832,780
粤BH4Q47,113.949699,22.5832,780
粤BH4Q47,113.949699,22.5832,781
粤BH4Q47,113.949699,22.5832,784
粤BH4Q47,113.949699,22.5832,786
粤BH4Q47,113.949699,22.5832,786
粤BH4Q47,113.949699,22.5832,787
粤BH4Q47,113.949699,22.5832,787
粤BH4Q47,113.949699,22.5832,790
粤BH4Q47,113.949699,22.5832,790
粤BH4Q47,113.949699,22.5832,790
粤BH4Q47,113.949699,22.5832,791
粤BH4Q47,113.949699,22.5832,791
粤BH4Q47,113.949699,22.5832,792
粤BH4Q47,113.949699,22.5832,793
粤BH4Q47,113.949699,22.5832,793
粤BH4Q47,113.949699,22.5832,794
粤BH4Q47,113.949699,22.5832,794
粤BH4Q47,113.949699,22.5832,796
粤BH4Q47,113.949699,22.5832,796
粤BH4Q47,113.949699,22.5832,797
粤BH4Q47,113.949699,22.5832,797
粤BH4Q47,113.949699,22.5832,799
粤BH4Q47,113.949699,22.5832,799
粤BH4Q47,113.949699,22.5832,800
粤BH4Q47,113.949699,22.5832,800
粤BH4Q47,113.949699,22.5832,800
粤BH4Q47,113.949699,22.5832,801
粤BH4Q47,113.949699,22.5832,803
粤BH4Q47,113.949699,22.5832,804
粤BH4Q47,113.949699,22.5832,804
粤BH4Q47,113.949699,22.5832,806
粤BH4Q47,113.949699,22.5832,806
粤BH4Q47,113.949699,22.5832,807
粤BH4Q47,113.949699,22.5832,808
粤BH4Q47,113.949699,22.5832,811
粤BH4Q47,113.949699,22.5832,811
粤BH4Q47,113.949699,22.5832,812
粤BH4Q47,113.949699,22.5832,813
粤BH4Q47,113.949699,22.5832,814
粤BH4Q47,113.949699,22.5832,814
粤BH4Q47,113.949699,22.5832,814
粤BH4Q47,113.949699,22.5832,815
粤BH4Q47,113.949699,22.5832,815
粤BH4Q47,113.949699,22.5832,817
粤BH4Q47,113.949699,22.5832,817
粤BH4Q47,113.949699,22.5832,817
粤BH4Q47,113.949699,22.5832,818
粤BH4Q47,113.949699,22.5832,819
粤BH4Q47,113.949699,22.5832,820
粤BH4Q47,113.949699,22.5832,820
粤BH4Q47,113.949699,22.5832,821
粤BH4Q47,113.949699,22.5832,822
粤BH4Q47,113.949699,22.5832,822
粤BH4Q47,113.949699,22.5832,823
粤BH4Q47,113.949699,22.5832,824
粤BH4Q47,113.949699,22.5832,824
粤BH4Q47,113.949699,22.5832,825
粤BH4Q47,113.949699,22.5832,825
粤BH4Q47,113.949699,22.5832,825
粤BH4Q47,113.949699,22.5832,827
粤BH4Q47,113.949699,22.5832,827
粤BH4Q47,113.949699,22.5832,827
粤BH4Q47,113.949699,22.5832,828
粤BH4Q47,113.949699,22.5832,828
粤BH4Q47,113.949699,22.5832,828
粤BH4Q47,113.949699,22.5832,829
粤BH4Q47,113.949699,22.5832,832
粤BH4Q47,113.949699,22.5832,832
粤BH4Q47,113.949699,22.5832,832
粤BH4Q47,113.949699,22.5832,833
粤BH4Q47,113.949699,22.5832,833
粤BH4Q47,113.949699,22.5832,833
粤BH4Q47,113.949699,22.5832,835
粤BH4Q47,113.949699,22.5832,842
粤BH4Q47,113.949699,22.5832,843
粤BH4Q47,113.949699,22.5832,844
粤BH4Q47,113.949699,22.5832,845
粤BH4Q47,113.949699,22.5832,845
粤BH4Q47,113.949699,22.5832,846
粤BH4Q47,113.949699,22.5832,850
粤BH4Q47,113.949699,22.5832,850
粤BH4Q47,113.949699,22.5832,850
粤BH4Q47,113.949699,22.5832,851
粤BH4Q47,113.949699,22.5832,852
粤BH4Q47,113.949699,22.5832,853
粤BH4Q47,113.949699,22.5832,854
粤BH4Q47,113.949699,22.5832,854
粤BH4Q47,113.949699,22.5832,854
粤BH4Q47,113.949699,22.5832,856
粤BH4Q47,113.949699,22.5832,859
粤BH4Q47,113.949699,22.5832,859
粤BH4Q47,113.949699,22.5832,860
粤BH4Q47,113.949699,22.5832,860
粤BH4Q47,113.949699,22.5832,861
粤BH4Q47,113.949699,22.5832,863
粤BH4Q47,113.949699,22.5832,863
粤BH4Q47,113.949699,22.5832,864
粤BH4Q47,113.949699,22.5832,866
粤BH4Q47,113.949699,22.5832,866
粤BH4Q47,113.949699,22.5832,866
粤BH4Q47,113.949699,22.5832,866
粤BH4Q47,113.949699,22.5832,866
粤BH4Q47,113.949699,22.5832,867
粤BH4Q47,113.949699,22.5832,867
粤BH4Q47,113.949699,22.5832,869
粤BH4Q47,113.949699,22.5832,870
粤BH4Q47,113.949699,22.5832,873
粤BH4Q47,113.949699,22.5832,873
粤BH4Q47,113.949699,22.5832,874
粤BH4Q47,113.949699,22.5832,874
粤BH4Q47,113.949699,22.5832,874
粤BH4Q47,113.949699,22.5832,875
粤BH4Q47,113.949699,22.5832,876
粤BH4Q47,113.949699,22.5832,877
粤BH4Q47,113.949699,22.5832,880
粤BH4Q47,113.949699,22.5832,880
粤BH4Q47,113.949699,22.5832,881
粤BH4Q47,113.949699,22.5832,881
粤BH4Q47,113.949699,22.5832,882
粤BH4Q47,113.949699,22.5832,883
粤BH4Q47,113.949699,22.5832,883
粤BH4Q47,113.949699,22.5832,884
粤BH4Q47,113.949699,22.5832,885
粤BH4Q47,113.949699,22.5832,885
粤BH4Q47,113.949699,22.5832,887
粤BH4Q47,113.949699,22.5832,888
粤BH4Q47,113.949699,22.5832,888
粤BH4Q47,113.949699,22.5832,888
粤BH4Q47,113.949699,22.5832,889
粤BH4Q47,113.949699,22.5832,890
粤BH4Q47,113.949699,22.5832,890
粤BH4Q47,113.949699,22.5832,891
粤BH4Q47,113.949699,22.5832,892
粤BH4Q47,113.949699,22.5832,892
粤BH4Q47,113.949699,22.5832,892
粤BH4Q47,113.949699,22.5832,894
粤BH4Q47,113.949699,22.5832,894
粤BH4Q47,113.949699,22.5832,895
粤BH4Q47,113.949699,22.5832,895
粤BH4Q47,113.949699,22.5832,896
粤BH4Q47,113.949699,22.5832,896
粤BH4Q47,113.949699,22.5832,897
粤BH4Q47,113.949699,22.5832,909
粤BH4Q47,113.949699,22.5832,909
粤BH4Q47,113.949699,22.5832,910
粤BH4Q47,113.949699,22.5832,910
粤BH4Q47,113.949699,22.5832,910
粤BH4Q47,113.949699,22.5832,911
粤BH4Q47,113.949699,22.5832,912
粤BH4Q47,113.949699,22.5832,912
粤BH4Q47,113.949699,22.5832,913
粤BH4Q47,113.949699,22.5832,913
粤BH4Q47,113.949699,22.5832,915
粤BH4Q47,113.949699,22.5832,916
粤BH4Q47,113.949699,22.5832,916
粤BH4Q47,113.949699,22.5832,917
粤BH4Q47,113.949699,22.5832,917
粤BH4Q47,113.949699,22.5832,919
粤BH4Q47,113.949699,22.5832,920
粤BH4Q47,113.949699,22.5832,920
粤BH4Q47,113.949699,22.5832,920
粤BH4Q47,113.949699,22.5832,921
粤BH4Q47,113.949699,22.5832,921
粤BH4Q47,113.949699,22.5832,921
粤BH4Q47,113.949699,22.5832,923
粤BH4Q47,113.949699,22.5832,923
粤BH4Q47,113.949699,22.5832,923
粤BH4Q47,113.949699,22.5832,924
粤BH4Q47,113.949699,22.5832,924
粤BH4Q47,113.949699,22.5832,926
粤BH4Q47,113.949699,22.5832,927
粤BH4Q47,113.949699,22.5832,927
粤BH4Q47,113.949699,22.5832,927
粤BH4Q47,113.949699,22.5832,928
粤BH4Q47,113.949699,22.5832,928
粤BH4Q47,113.949699,22.5832,928
粤BH4Q47,113.949699,22.5832,930
粤BH4Q47,113.949699,22.5832,930
粤BH4Q47,113.949699,22.5832,931
粤BH4Q47,113.949699,22.5832,931
粤BH4Q47,113.949699,22.5832,932
粤BH4Q47,113.949699,22.5832,932
粤BH4Q47,113.949699,22.5832,933
粤BH4Q47,113.949699,22.5832,934
粤BH4Q47,113.949699,22.5832,934
粤BH4Q47,113.949699,22.5832,934
粤BH4Q47,113.949699,22.5832,935
粤BH4Q47,113.949699,22.5832,935
粤BH4Q47,113.949699,22.5832,935
粤BH4Q47,113.949699,22.5832,937
粤BH4Q47,113.949699,22.5832,937
粤BH4Q47,113.949699,22.5832,937
粤BH4Q47,113.949699,22.5832,938
粤BH4Q47,113.949699,22.5832,938
粤BH4Q47,113.949699,22.5832,938
粤BH4Q47,113.949699,22.5832,939
粤BH4Q47,113.949699,22.5832,940
粤BH4Q47,113.949699,22.5832,940
粤BH4Q47,113.949699,22.5832,942
粤BH4Q47,113.949699,22.5832,943
粤BH4Q47,113.949699,22.5832,944
粤BH4Q47,113.949699,22.5832,944
粤BH4Q47,113.949699,22.5832,945
粤BH4Q47,113.949699,22.5832,945
粤BH4Q47,113.949699,22.5832,947
粤BH4Q47,113.949699,22.5832,947
粤BH4Q47,113.949699,22.5832,947
粤BH4Q47,113.949699,22.5832,948
粤BH4Q47,113.949699,22.5832,948
粤BH4Q47,113.949699,22.5832,949
粤BH4Q47,113.949699,22.5832,949
粤BH4Q47,113.949699,22.5832,950
粤BH4Q47,113.949699,22.5832,951
粤BH4Q47,113.949699,22.5832,951
粤BH4Q47,113.949699,22.5832,952
粤BH4Q47,113.949699,22.5832,952
粤BH4Q47,113.949699,22.5832,953
粤BH4Q47,113.949699,22.5832,954
粤BH4Q47,113.949699,22.5832,955
粤BH4Q47,113.949699,22.5832,955
粤BH4Q47,113.949699,22.5832,956
粤BH4Q47,113.949699,22.5832,958
粤BH4Q47,113.949699,22.5832,960
粤BH4Q47,113.949699,22.5832,962
粤BH4Q47,113.949699,22.5832,962
粤BH4Q47,113.949699,22.5832,962
粤BH4Q47,113.949699,22.5832,963
粤BH4Q47,113.949699,22.5832,963
粤BH4Q47,113.949699,22.5832,969
粤BH4Q47,113.949699,22.5832,970
粤BH4Q47,113.949699,22.5832,970
粤BH4Q47,113.949699,22.5832,970
粤BH4Q47,113.949699,22.5832,972
粤BH4Q47,113.949699,22.5832,973
粤BH4Q47,113.949699,22.5832,973
粤BH4Q47,113.949699,22.5832,974
粤BH4Q47,113.949699,22.5832,975
粤BH4Q47,113.949699,22.5832,977
粤BH4Q47,113.949699,22.5832,977
粤BH4Q47,113.949699,22.5832,978
粤BH4Q47,113.949699,22.5832,978
粤BH4Q47,113.949699,22.5832,980
粤BH4Q47,113.949699,22.5832,981
粤BH4Q47,113.949699,22.5832,982
粤BH4Q47,113.949699,22.5832,982
粤BH4Q47,113.949699,22.5832,983
粤BH4Q47,113.949699,22.5832,984
粤BH4Q47,113.949699,22.5832,985
粤BH4Q47,113.949699,22.5832,986
粤BH4Q47,113.949699,22.5832,986
粤BH4Q47,113.949699,22.5832,988
粤BH4Q47,113.949699,22.5832,989
粤BH4Q47,113.949699,22.5832,989
粤BH4Q47,113.949699,22.5832,990
粤BH4Q47,113.949699,22.5832,990
粤BH4Q47,113.949699,22.5832,992
粤BH4Q47,113.949699,22.5832,992
粤BH4Q47,113.949699,22.5832,993
粤BH4Q47,113.949699,22.5832,994
粤BH4Q47,113.949699,22.5832,995
粤BH4Q47,113.949699,22.5832,995
粤BH4Q47,113.949699,22.5832,996
粤BH4Q47,113.949699,22.5832,997
粤BH4Q47,113.949699,22.5832,998
粤BH4Q47,113.949699,22.5832,999
粤BH4Q47,113.949699,22.5832,999
粤BH4Q47,113.949699,22.5832,1000
粤BH4Q47,113.949699,22.5832,1001
粤BH4Q47,113.949699,22.5832,1003
粤BH4Q47,113.949699,22.5832,1004
粤BH4Q47,113.949699,22.5832,1005
粤BH4Q47,113.949699,22.5832,1006
粤BH4Q47,113.949699,22.5832,1006
粤BH4Q47,113.949699,22.5832,1007
粤BH4Q47,113.949699,22.5832,1007
粤BH4Q47,113.949699,22.5832,1007
粤BH4Q47,113.949699,22.5832,1010
粤BH4Q47,113.949699,22.5832,1011
粤BH4Q47,113.949699,22.5832,1013
粤BH4Q47,113.949699,22.5832,1015
粤BH4Q47,113.949699,22.5832,1016
粤BH4Q47,113.949699,22.5832,1027
粤BH4Q47,113.949699,22.5832,1027
粤BH4Q47,113.949699,22.5832,1028
粤BH4Q47,113.949699,22.5832,1030
粤BH4Q47,113.949699,22.5832,1030
粤BH4Q47,113.949699,22.5832,1031
粤BH4Q47,113.949699,22.5832,1034
粤BH4Q47,113.949699,22.5832,1034
粤BH4Q47,113.949699,22.5832,1035
粤BH4Q47,113.949699,22.5832,1036
粤BH4Q47,113.949699,22.5832,1037
粤BH4Q47,113.949699,22.5832,1037
粤BH4Q47,113.949699,22.5832,1038
粤BH4Q47,113.949699,22.5832,1038
粤BH4Q47,113.949699,22.5832,1040
粤BH4Q47,113.949699,22.5832,1040
粤BH4Q47,113.949699,22.5832,1041
粤BH4Q47,113.949699,22.5832,1041
粤BH4Q47,113.949699,22.5832,1042
粤BH4Q47,113.949699,22.5832,1042
粤BH4Q47,113.949699,22.5832,1044
粤BH4Q47,113.949699,22.5832,1044
粤BH4Q47,113.949699,22.5832,1044
粤BH4Q47,113.949699,22.5832,1045
粤BH4Q47,113.949699,22.5832,1047
粤BH4Q47,113.949699,22.5832,1048
粤BH4Q47,113.949699,22.5832,1049
粤BH4Q47,113.949699,22.5832,1051
粤BH4Q47,113.949699,22.5832,1052
粤BH4Q47,113.949699,22.5832,1052
粤BH4Q47,113.949699,22.5832,1054
粤BH4Q47,113.949699,22.5832,1055
粤BH4Q47,113.949699,22.5832,1055
粤BH4Q47,113.949699,22.5832,1055
粤BH4Q47,113.949699,22.5832,1056
粤BH4Q47,113.949699,22.5832,1056
粤BH4Q47,113.949699,22.5832,1058
粤BH4Q47,113.949699,22.5832,1059
粤BH4Q47,113.949699,22.5832,1062
粤BH4Q47,113.949699,22.5832,1062
粤BH4Q47,113.949699,22.5832,1062
粤BH4Q47,113.949699,22.5832,1063
粤BH4Q47,113.949699,22.5832,1063
粤BH4Q47,113.949699,22.5832,1063
粤BH4Q47,113.949699,22.5832,1067
粤BH4Q47,113.949699,22.5832,1069
粤BH4Q47,113.949699,22.5832,1070
粤BH4Q47,113.949699,22.5832,1071
粤BH4Q47,113.949699,22.5832,1071
粤BH4Q47,113.949699,22.5832,1071
粤BH4Q47,113.949699,22.5832,1072
粤BH4Q47,113.949699,22.5832,1075
粤BH4Q47,113.949699,22.5832,1076
粤BH4Q47,113.949699,22.5832,1077
粤BH4Q47,113.949699,22.5832,1078
粤BH4Q47,113.949699,22.5832,1078
粤BH4Q47,113.949699,22.5832,1079
粤BH4Q47,113.949699,22.5832,1079
粤BH4Q47,113.949699,22.5832,1082
粤BH4Q47,113.949699,22.5832,1083
粤BH4Q47,113.949699,22.5832,1083
粤BH4Q47,113.949699,22.5832,1083
粤BH4Q47,113.949699,22.5832,1084
粤BH4Q47,113.949699,22.5832,1085
粤BH4Q47,113.949699,22.5832,1086
粤BH4Q47,113.949699,22.5832,1086
粤BH4Q47,113.949699,22.5832,1086
粤BH4Q47,113.949699,22.5832,1087
粤BH4Q47,113.949699,22.5832,1087
粤BH4Q47,113.949699,22.5832,1089
粤BH4Q47,113.949699,22.5832,1090
粤BH4Q47,113.949699,22.5832,1090
粤BH4Q47,113.949699,22.5832,1091
粤BH4Q47,113.949699,22.5832,1091
粤BH4Q47,113.949699,22.5832,1093
粤BH4Q47,113.949699,22.5832,1093
粤BH4Q47,113.949699,22.5832,1094
粤BH4Q47,113.949699,22.5832,1094
粤BH4Q47,113.949699,22.5832,1094
粤BH4Q47,113.949699,22.5832,1096
粤BH4Q47,113.949699,22.5832,1096
粤BH4Q47,113.949699,22.5832,1097
粤BH4Q47,113.949699,22.5832,1098
粤BH4Q47,113.949699,22.5832,1099
粤BH4Q47,113.949699,22.5832,1100
粤BH4Q47,113.949699,22.5832,1100
粤BH4Q47,113.949699,22.5832,1101
粤BH4Q47,113.949699,22.5832,1102
粤BH4Q47,113.949699,22.5832,1103
粤BH4Q47,113.949699,22.5832,1103
粤BH4Q47,113.949699,22.5832,1104
粤BH4Q47,113.949699,22.5832,1104
粤BH4Q47,113.949699,22.5832,1105
粤BH4Q47,113.949699,22.5832,1106
粤BH4Q47,113.949699,22.5832,1107
粤BH4Q47,113.949699,22.5832,1107
粤BH4Q47,113.949699,22.5832,1109
粤BH4Q47,113.949699,22.5832,1110
粤BH4Q47,113.949699,22.5832,1110
粤BH4Q47,113.949699,22.5832,1110
粤BH4Q47,113.949699,22.5832,1111
粤BH4Q47,113.949699,22.5832,1114
粤BH4Q47,113.949699,22.5832,1114
粤BH4Q47,113.949699,22.5832,1115
粤BH4Q47,113.949699,22.5832,1115
粤BH4Q47,113.949699,22.5832,1117
粤BH4Q47,113.949699,22.5832,1117
粤BH4Q47,113.949699,22.5832,1118
粤BH4Q47,113.949699,22.5832,1118
粤BH4Q47,113.949699,22.5832,1118
粤BH4Q47,113.949699,22.5832,1119
粤BH4Q47,113.949699,22.5832,1120
粤BH4Q47,113.949699,22.5832,1121
粤BH4Q47,113.949699,22.5832,1122
粤BH4Q47,113.949699,22.5832,1123
粤BH4Q47,113.949699,22.5832,1124
粤BH4Q47,113.949699,22.5832,1124
粤BH4Q47,113.949699,22.5832,1125
粤BH4Q47,113.949699,22.5832,1125
粤BH4Q47,113.949699,22.5832,1127
粤BH4Q47,113.949699,22.5832,1128
粤BH4Q47,113.949699,22.5832,1128
粤BH4Q47,113.949699,22.5832,1129
粤BH4Q47,113.949699,22.5832,1130
粤BH4Q47,113.949699,22.5832,1131
粤BH4Q47,113.949699,22.5832,1132
粤BH4Q47,113.949699,22.5832,1132
粤BH4Q47,113.949699,22.5832,1134
粤BH4Q47,113.949699,22.5832,1134
粤BH4Q47,113.949699,22.5832,1134
粤BH4Q47,113.949699,22.5832,1139
粤BH4Q47,113.949699,22.5832,1140
粤BH4Q47,113.949699,22.5832,1140
粤BH4Q47,113.949699,22.5832,1140
粤BH4Q47,113.949699,22.5832,1144
粤BH4Q47,113.949699,22.5832,1145
粤BH4Q47,113.949699,22.5832,1145
粤BH4Q47,113.949699,22.5832,1146
粤BH4Q47,113.949699,22.5832,1146
粤BH4Q47,113.949699,22.5832,1148
粤BH4Q47,113.949699,22.5832,1149
粤BH4Q47,113.949699,22.5832,1149
粤BH4Q47,113.949699,22.5832,1150
粤BH4Q47,113.949699,22.5832,1150
粤BH4Q47,113.949699,22.5832,1151
粤BH4Q47,113.949699,22.5832,1152
粤BH4Q47,113.949699,22.5832,1153
粤BH4Q47,113.949699,22.5832,1153
粤BH4Q47,113.949699,22.5832,1153
粤BH4Q47,113.949699,22.5832,1155
粤BH4Q47,113.949699,22.5832,1155
粤BH4Q47,113.949699,22.5832,1156
粤BH4Q47,113.949699,22.5832,1156
粤BH4Q47,113.949699,22.5832,1156
粤BH4Q47,113.949699,22.5832,1157
粤BH4Q47,113.949699,22.5832,1157
粤BH4Q47,113.949699,22.5832,1157
粤BH4Q47,113.949699,22.5832,1158
粤BH4Q47,113.949699,22.5832,1159
粤BH4Q47,113.949699,22.5832,1159
粤BH4Q47,113.949699,22.5832,1159
粤BH4Q47,113.949699,22.5832,1160
粤BH4Q47,113.949699,22.5832,1160
粤BH4Q47,113.949699,22.5832,1160
粤BH4Q47,113.949699,22.5832,1161
粤BH4Q47,113.949699,22.5832,1161
粤BH4Q47,113.949699,22.5832,1162
粤BH4Q47,113.949699,22.5832,1163
粤BH4Q47,113.949699,22.5832,1164
粤BH4Q47,113.949699,22.5832,1164
粤BH4Q47,113.949699,22.5832,1164
粤BH4Q47,113.949699,22.5832,1165
粤BH4Q47,113.949699,22.5832,1169
粤BH4Q47,113.949699,22.5832,1169
粤BH4Q47,113.949699,22.5832,1170
粤BH4Q47,113.949699,22.5832,1170
粤BH4Q47,113.949699,22.5832,1170
粤BH4Q47,113.949699,22.5832,1172
粤BH4Q47,113.949699,22.5832,1172
粤BH4Q47,113.949699,22.5832,1173
粤BH4Q47,113.949699,22.5832,1174
粤BH4Q47,113.949699,22.5832,1176
粤BH4Q47,113.949699,22.5832,1176
粤BH4Q47,113.949699,22.5832,1177
粤BH4Q47,113.949699,22.5832,1177
粤BH4Q47,113.949699,22.5832,1179
粤BH4Q47,113.949699,22.5832,1179
粤BH4Q47,113.949699,22.5832,1180
粤BH4Q47,113.949699,22.5832,1181
粤BH4Q47,113.949699,22.5832,1181
粤BH4Q47,113.949699,22.5832,1183
粤BH4Q47,113.949699,22.5832,1183
粤BH4Q47,113.949699,22.5832,1184
粤BH4Q47,113.949699,22.5832,1184
粤BH4Q47,113.949699,22.5832,1184
粤BH4Q47,113.949699,22.5832,1189
粤BH4Q47,113.949699,22.5832,1189
粤BH4Q47,113.949699,22.5832,1189
粤BH4Q47,113.949699,22.5832,1190
粤BH4Q47,113.949699,22.5832,1192
粤BH4Q47,113.949699,22.5832,1193
粤BH4Q47,113.949699,22.5832,1193
粤BH4Q47,113.949699,22.5832,1194
粤BH4Q47,113.949699,22.5832,1194
粤BH4Q47,113.949699,22.5832,1195
粤BH4Q47,113.949699,22.5832,1196
粤BH4Q47,113.949699,22.5832,1196
粤BH4Q47,113.949699,22.5832,1197
粤BH4Q47,113.949699,22.5832,1197
粤BH4Q47,113.949699,22.5832,1197
粤BH4Q47,113.949699,22.5832,1201
粤BH4Q47,113.949699,22.5832,1201
粤BH4Q47,113.949699,22.5832,1201
粤BH4Q47,113.949699,22.5832,1202
粤BH4Q47,113.949699,22.5832,1202
粤BH4Q47,113.949699,22.5832,1202
粤BH4Q47,113.949699,22.5832,1203
粤BH4Q47,113.949699,22.5832,1204
粤BH4Q47,113.949699,22.5832,1204
粤BH4Q47,113.949699,22.5832,1204
粤BH4Q47,113.949699,22.5832,1204
粤BH4Q47,113.949699,22.5832,1205
粤BH4Q47,113.949699,22.5832,1205
粤BH4Q47,113.949699,22.5832,1205
粤BH4Q47,113.949699,22.5832,1205
粤BH4Q47,113.949699,22.5832,1205
粤BH4Q47,113.949699,22.5832,1205
粤BH4Q47,113.949699,22.5832,1206
粤BH4Q47,113.949699,22.5832,1207
粤BH4Q47,113.949699,22.5832,1207
粤BH4Q47,113.949699,22.5832,1207
粤BH4Q47,113.949699,22.5832,1207
粤BH4Q47,113.949699,22.5832,1207
粤BH4Q47,113.949699,22.5832,1208
粤BH4Q47,113.949699,22.5832,1208
粤BH4Q47,113.949699,22.5832,1208
粤BH4Q47,113.949699,22.5832,1212
粤BH4Q47,113.949699,22.5832,1212
粤BH4Q47,113.949699,22.5832,1212
粤BH4Q47,113.949699,22.5832,1213
粤BH4Q47,113.949699,22.5832,1213
粤BH4Q47,113.949699,22.5832,1213
粤BH4Q47,113.949699,22.5832,1214
粤BH4Q47,113.949699,22.5832,1214
粤BH4Q47,113.949699,22.5832,1214
粤BH4Q47,113.949699,22.5832,1215
粤BH4Q47,113.949699,22.5832,1215
粤BH4Q47,113.949699,22.5832,1216
粤BH4Q47,113.949699,22.5832,1217
粤BH4Q47,113.949699,22.5832,1217
粤BH4Q47,113.949699,22.5832,1218
粤BH4Q47,113.949699,22.5832,1219
粤BH4Q47,113.949699,22.5832,1219
粤BH4Q47,113.949699,22.5832,1219
粤BH4Q47,113.949699,22.5832,1220
粤BH4Q47,113.949699,22.5832,1221
粤BH4Q47,113.949699,22.5832,1221
粤BH4Q47,113.949699,22.5832,1223
粤BH4Q47,113.949699,22.5832,1224
粤BH4Q47,113.949699,22.5832,1224
粤BH4Q47,113.949699,22.5832,1224
粤BH4Q47,113.949699,22.5832,1224
粤BH4Q47,113.949699,22.5832,1225
粤BH4Q47,113.949699,22.5832,1226
粤BH4Q47,113.949699,22.5832,1226
粤BH4Q47,113.949699,22.5832,1227
粤BH4Q47,113.949699,22.5832,1227
粤BH4Q47,113.949699,22.5832,1227
粤BH4Q47,113.949699,22.5832,1228
粤BH4Q47,113.949699,22.5832,1228
粤BH4Q47,113.949699,22.5832,1229
粤BH4Q47,113.949699,22.5832,1229
粤BH4Q47,113.949699,22.5832,1230
粤BH4Q47,113.949699,22.5832,1230
粤BH4Q47,113.949699,22.5832,1231
粤BH4Q47,113.949699,22.5832,1231
粤BH4Q47,113.949699,22.5832,1233
粤BH4Q47,113.949699,22.5832,1233
粤BH4Q47,113.949699,22.5832,1234
粤BH4Q47,113.949699,22.5832,1234
粤BH4Q47,113.949699,22.5832,1234
粤BH4Q47,113.949699,22.5832,1235
粤BH4Q47,113.949699,22.5832,1236
粤BH4Q47,113.949699,22.5832,1237
粤BH4Q47,113.949699,22.5832,1237
粤BH4Q47,113.949699,22.5832,1238
粤BH4Q47,113.949699,22.5832,1238
粤BH4Q47,113.949699,22.5832,1239
粤BH4Q47,113.949699,22.5832,1240
粤BH4Q47,113.949699,22.5832,1240
粤BH4Q47,113.949699,22.5832,1241
粤BH4Q47,113.949699,22.5832,1241
粤BH4Q47,113.949699,22.5832,1241
粤BH4Q47,113.949699,22.5832,1243
粤BH4Q47,113.949699,22.5832,1243
粤BH4Q47,113.949699,22.5832,1243
粤BH4Q47,113.949699,22.5832,1244
粤BH4Q47,113.949699,22.5832,1244
粤BH4Q47,113.949699,22.5832,1244
粤BH4Q47,113.949699,22.5832,1244
粤BH4Q47,113.949699,22.5832,1245
粤BH4Q47,113.949699,22.5832,1246
粤BH4Q47,113.949699,22.5832,1247
粤BH4Q47,113.949699,22.5832,1247
粤BH4Q47,113.949699,22.5832,1247
粤BH4Q47,113.949699,22.5832,1247
粤BH4Q47,113.949699,22.5832,1248
粤BH4Q47,113.949699,22.5832,1248
粤BH4Q47,113.949699,22.5832,1249
粤BH4Q47,113.949699,22.5832,1250
粤BH4Q47,113.949699,22.5832,1251
粤BH4Q47,113.949699,22.5832,1252
粤BH4Q47,113.949699,22.5832,1253
粤BH4Q47,113.949699,22.5832,1253
粤BH4Q47,113.949699,22.5832,1254
粤BH4Q47,113.949699,22.5832,1255
粤BH4Q47,113.949699,22.5832,1256
粤BH4Q47,113.949699,22.5832,1256
粤BH4Q47,113.949699,22.5832,1257
粤BH4Q47,113.949699,22.5832,1257
粤BH4Q47,113.949699,22.5832,1258
粤BH4Q47,113.949699,22.5832,1259
粤BH4Q47,113.949699,22.5832,1259
粤BH4Q47,113.949699,22.5832,1260
粤BH4Q47,113.949699,22.5832,1260
粤BH4Q47,113.949699,22.5832,1262
粤BH4Q47,113.949699,22.5832,1263
粤BH4Q47,113.949699,22.5832,1263
粤BH4Q47,113.949699,22.5832,1264
粤BH4Q47,113.949699,22.5832,1264
粤BH4Q47,113.949699,22.5832,1265
粤BH4Q47,113.949699,22.5832,1265
粤BH4Q47,113.949699,22.5832,1266
粤BH4Q47,113.949699,22.5832,1266
粤BH4Q47,113.949699,22.5832,1267
粤BH4Q47,113.949699,22.5832,1267
粤BH4Q47,113.949699,22.5832,1267
粤BH4Q47,113.949699,22.5832,1269
粤BH4Q47,113.949699,22.5832,1270
粤BH4Q47,113.949699,22.5832,1270
粤BH4Q47,113.949699,22.5832,1270
粤BH4Q47,113.949699,22.5832,1270
粤BH4Q47,113.949699,22.5832,1272
粤BH4Q47,113.949699,22.5832,1273
粤BH4Q47,113.949699,22.5832,1274
粤BH4Q47,113.949699,22.5832,1275
粤BH4Q47,113.949699,22.5832,1275
粤BH4Q47,113.949699,22.5832,1276
粤BH4Q47,113.949699,22.5832,1276
粤BH4Q47,113.949699,22.5832,1278
粤BH4Q47,113.949699,22.5832,1278
粤BH4Q47,113.949699,22.5832,1279
粤BH4Q47,113.949699,22.5832,1279
粤BH4Q47,113.949699,22.5832,1280
粤BH4Q47,113.949699,22.5832,1280
粤BH4Q47,113.949699,22.5832,1280
粤BH4Q47,113.949699,22.5832,1281
粤BH4Q47,113.949699,22.5832,1281
粤BH4Q47,113.949699,22.5832,1284
粤BH4Q47,113.949699,22.5832,1285
粤BH4Q47,113.949699,22.5832,1288
粤BH4Q47,113.949699,22.5832,1289
粤BH4Q47,113.949699,22.5832,1290
粤BH4Q47,113.949699,22.5832,1291
粤BH4Q47,113.878197,22.5921,1291
粤BH4Q47,113.949699,22.5832,1291
粤BH4Q47,113.878998,22.5924,1293
粤BH4Q47,113.878601,22.592501,1296
粤BH4Q47,113.877098,22.594101,1296
粤BH4Q47,113.879501,22.589399,1298
粤BH4Q47,113.875801,22.5863,1299
粤BH4Q47,113.880699,22.590401,1302
粤BH4Q47,113.879501,22.5924,1303
粤BH4Q47,113.879501,22.5924,1309
粤BH4Q47,113.925903,22.567499,1310
粤BH4Q47,113.930199,22.566799,1310
粤BH4Q47,113.930199,22.566799,1310
粤BH4Q47,113.928299,22.566601,1310
粤BH4Q47,113.930199,22.566799,1310
粤BH4Q47,113.948799,22.564199,1311
粤BH4Q47,113.938301,22.5651,1311
粤BH4Q47,113.938797,22.5651,1311
粤BH4Q47,113.954102,22.563499,1312
粤BH4Q47,113.986801,22.5504,1314
粤BH4Q47,113.991096,22.547501,1314
粤BH4Q47,113.982002,22.552999,1314
粤BH4Q47,114.001198,22.5448,1315
粤BH4Q47,114.0233,22.523199,1317
粤BH4Q47,114.037804,22.5152,1318
粤BH4Q47,114.042,22.513599,1318
粤BH4Q47,114.032997,22.517799,1318
粤BH4Q47,114.079002,22.534201,1324
粤BH4Q47,114.079002,22.534201,1325
粤BH4Q47,114.079002,22.534201,1326
粤BH4Q47,114.079002,22.534201,1326
粤BH4Q47,114.079002,22.534201,1327
粤BH4Q47,114.079002,22.534201,1331
粤BH4Q47,114.079002,22.534201,1332
粤BH4Q47,114.079002,22.534201,1332
粤BH4Q47,114.079002,22.534201,1334
粤BH4Q47,114.079002,22.534201,1334
粤BH4Q47,114.079002,22.534201,1335
粤BH4Q47,114.079002,22.534201,1335
粤BH4Q47,114.079002,22.534201,1335
粤BH4Q47,114.079002,22.534201,1337
粤BH4Q47,114.079002,22.534201,1337
粤BH4Q47,114.079002,22.534201,1338
粤BH4Q47,114.079002,22.534201,1338
粤BH4Q47,114.079002,22.534201,1341
粤BH4Q47,114.079002,22.534201,1341
粤BH4Q47,114.079002,22.534201,1342
粤BH4Q47,114.079002,22.534201,1344
粤BH4Q47,114.079002,22.534201,1344
粤BH4Q47,114.079002,22.534201,1345
粤BH4Q47,114.079002,22.534201,1345
粤BH4Q47,114.079002,22.534201,1345
粤BH4Q47,114.079002,22.534201,1346
粤BH4Q47,114.079002,22.534201,1348
粤BH4Q47,114.079002,22.534201,1348
粤BH4Q47,114.079002,22.534201,1348
粤BH4Q47,114.079002,22.534201,1349
粤BH4Q47,114.079002,22.534201,1351
粤BH4Q47,114.079002,22.534201,1352
粤BH4Q47,114.079002,22.534201,1352
粤BH4Q47,114.079002,22.534201,1352
粤BH4Q47,114.079002,22.534201,1358
粤BH4Q47,114.079002,22.534201,1359
粤BH4Q47,114.079002,22.534201,1360
粤BH4Q47,114.079002,22.534201,1364
粤BH4Q47,114.079002,22.534201,1364
粤BH4Q47,114.079002,22.534201,1365
粤BH4Q47,114.079002,22.534201,1366
粤BH4Q47,114.079002,22.534201,1368
粤BH4Q47,114.079002,22.534201,1368
粤BH4Q47,114.079002,22.534201,1368
粤BH4Q47,114.079002,22.534201,1369
粤BH4Q47,114.079002,22.534201,1372
粤BH4Q47,114.079002,22.534201,1372
粤BH4Q47,114.079002,22.534201,1372
粤BH4Q47,114.079002,22.534201,1373
粤BH4Q47,114.079002,22.534201,1373
粤BH4Q47,114.079002,22.534201,1377
粤BH4Q47,114.079002,22.534201,1377
粤BH4Q47,114.079002,22.534201,1380
粤BH4Q47,114.079002,22.534201,1380
粤BH4Q47,114.079002,22.534201,1381
粤BH4Q47,114.079002,22.534201,1381
粤BH4Q47,114.079002,22.534201,1383
粤BH4Q47,114.079002,22.534201,1384
粤BH4Q47,114.079002,22.534201,1384
粤BH4Q47,114.079002,22.534201,1386
粤BH4Q47,114.079002,22.534201,1388
粤BH4Q47,114.079002,22.534201,1390
粤BH4Q47,114.079002,22.534201,1391
粤BH4Q47,114.079002,22.534201,1391
粤BH4Q47,114.079002,22.534201,1391
粤BH4Q47,114.079002,22.534201,1392
粤BH4Q47,114.079002,22.534201,1393
粤BH4Q47,114.079002,22.534201,1394
粤BH4Q47,114.079002,22.534201,1394
粤BH4Q47,114.079002,22.534201,1395
粤BH4Q47,114.079002,22.534201,1395
粤BH4Q47,114.079002,22.534201,1397
粤BH4Q47,114.079002,22.534201,1398
粤BH4Q47,114.079002,22.534201,1399
粤BH4Q47,114.079002,22.534201,1399
粤BH4Q47,114.079002,22.534201,1399
粤BH4Q47,114.079002,22.534201,1400
粤BH4Q47,114.079002,22.534201,1400
粤BH4Q47,114.079002,22.534201,1400
粤BH4Q47,114.079002,22.534201,1401
粤BH4Q47,114.079002,22.534201,1401
粤BH4Q47,114.079002,22.534201,1402
粤BH4Q47,114.079002,22.534201,1402
粤BH4Q47,114.079002,22.534201,1404
粤BH4Q47,114.079002,22.534201,1405
粤BH4Q47,114.079002,22.534201,1405
粤BH4Q47,114.079002,22.534201,1406
粤BH4Q47,114.079002,22.534201,1410
粤BH4Q47,114.079002,22.534201,1410
粤BH4Q47,114.079002,22.534201,1411
粤BH4Q47,114.079002,22.534201,1411
粤BH4Q47,114.079002,22.534201,1411
粤BH4Q47,114.079002,22.534201,1414
粤BH4Q47,114.079002,22.534201,1414
粤BH4Q47,114.079002,22.534201,1417
粤BH4Q47,114.079002,22.534201,1419
粤BH4Q47,114.079002,22.534201,1419
粤BH4Q47,114.079002,22.534201,1419
粤BH4Q47,114.079002,22.534201,1422
粤BH4Q47,114.079002,22.534201,1422
粤BH4Q47,114.079002,22.534201,1423
粤BH4Q47,114.079002,22.534201,1423
粤BH4Q47,114.079002,22.534201,1425
粤BH4Q47,114.079002,22.534201,1426
粤BH4Q47,114.079002,22.534201,1426
粤BH4Q47,114.079002,22.534201,1429
粤BH4Q47,114.079002,22.534201,1430
粤BH4Q47,114.079002,22.534201,1430
粤BH4Q47,114.079002,22.534201,1431
粤BH4Q47,114.079002,22.534201,1432
粤BH4Q47,114.079002,22.534201,1433
