粤BH4Q60,114.023399,22.542601,7
粤BH4Q60,114.023399,22.542601,9
粤BH4Q60,114.023399,22.542601,10
粤BH4Q60,114.023399,22.542601,11
粤BH4Q60,114.023399,22.542601,11
粤BH4Q60,114.023399,22.542601,13
粤BH4Q60,114.023399,22.542601,14
粤BH4Q60,114.023399,22.542601,14
粤BH4Q60,114.023399,22.542601,15
粤BH4Q60,114.023399,22.542601,16
粤BH4Q60,114.023399,22.542601,17
粤BH4Q60,114.023399,22.542601,17
粤BH4Q60,114.023399,22.542601,18
粤BH4Q60,114.023399,22.542601,20
粤BH4Q60,114.023399,22.542601,20
粤BH4Q60,114.023399,22.542601,21
粤BH4Q60,114.023399,22.542601,21
粤BH4Q60,114.023399,22.542601,22
粤BH4Q60,114.023399,22.542601,23
粤BH4Q60,114.023399,22.542601,24
粤BH4Q60,114.023399,22.542601,27
粤BH4Q60,114.023399,22.542601,27
粤BH4Q60,114.023399,22.542601,28
粤BH4Q60,114.023399,22.542601,29
粤BH4Q60,114.023399,22.542601,31
粤BH4Q60,114.023399,22.542601,32
粤BH4Q60,114.023399,22.542601,32
粤BH4Q60,114.023399,22.542601,33
粤BH4Q60,114.023399,22.542601,34
粤BH4Q60,114.023399,22.542601,34
粤BH4Q60,114.023399,22.542601,35
粤BH4Q60,114.023399,22.542601,35
粤BH4Q60,114.023399,22.542601,36
粤BH4Q60,114.023399,22.542601,36
粤BH4Q60,114.023399,22.542601,38
粤BH4Q60,114.023399,22.542601,38
粤BH4Q60,114.023399,22.542601,38
粤BH4Q60,114.023399,22.542601,39
粤BH4Q60,114.023399,22.542601,39
粤BH4Q60,114.023399,22.542601,39
粤BH4Q60,114.023399,22.542601,42
粤BH4Q60,114.023399,22.542601,42
粤BH4Q60,114.023399,22.542601,42
粤BH4Q60,114.023399,22.542601,43
粤BH4Q60,114.023399,22.542601,43
粤BH4Q60,114.023399,22.542601,45
粤BH4Q60,114.023399,22.542601,46
粤BH4Q60,114.023399,22.542601,46
粤BH4Q60,114.023399,22.542601,46
粤BH4Q60,114.023399,22.542601,47
粤BH4Q60,114.023399,22.542601,49
粤BH4Q60,114.023399,22.542601,50
粤BH4Q60,114.023399,22.542601,52
粤BH4Q60,114.023399,22.542601,53
粤BH4Q60,114.023399,22.542601,53
粤BH4Q60,114.023399,22.542601,53
粤BH4Q60,114.023399,22.542601,54
粤BH4Q60,114.023399,22.542601,55
粤BH4Q60,114.023399,22.542601,56
粤BH4Q60,114.023399,22.542601,56
粤BH4Q60,114.023399,22.542601,57
粤BH4Q60,114.023399,22.542601,59
粤BH4Q60,114.023399,22.542601,60
粤BH4Q60,114.023399,22.542601,60
粤BH4Q60,114.023399,22.542601,61
粤BH4Q60,114.023399,22.542601,63
粤BH4Q60,114.023399,22.542601,64
粤BH4Q60,114.023399,22.542601,64
粤BH4Q60,114.023399,22.542601,65
粤BH4Q60,114.023399,22.542601,67
粤BH4Q60,114.023399,22.542601,67
粤BH4Q60,114.023399,22.542601,68
粤BH4Q60,114.023399,22.542601,70
粤BH4Q60,114.023399,22.542601,70
粤BH4Q60,114.023399,22.542601,71
粤BH4Q60,114.023399,22.542601,72
粤BH4Q60,114.023399,22.542601,72
粤BH4Q60,114.023399,22.542601,73
粤BH4Q60,114.023399,22.542601,74
粤BH4Q60,114.023399,22.542601,74
粤BH4Q60,114.023399,22.542601,74
粤BH4Q60,114.023399,22.542601,75
粤BH4Q60,114.023399,22.542601,78
粤BH4Q60,114.023399,22.542601,78
粤BH4Q60,114.023399,22.542601,78
粤BH4Q60,114.023399,22.542601,79
粤BH4Q60,114.023399,22.542601,80
粤BH4Q60,114.023399,22.542601,81
粤BH4Q60,114.023399,22.542601,82
粤BH4Q60,114.023399,22.542601,84
粤BH4Q60,114.023399,22.542601,84
粤BH4Q60,114.023399,22.542601,85
粤BH4Q60,114.023399,22.542601,85
粤BH4Q60,114.023399,22.542601,87
粤BH4Q60,114.023399,22.542601,87
粤BH4Q60,114.023399,22.542601,88
粤BH4Q60,114.023399,22.542601,88
粤BH4Q60,114.023399,22.542601,89
粤BH4Q60,114.023399,22.542601,89
粤BH4Q60,114.023399,22.542601,89
粤BH4Q60,114.023399,22.542601,91
粤BH4Q60,114.023399,22.542601,91
粤BH4Q60,114.023399,22.542601,92
粤BH4Q60,114.023399,22.542601,93
粤BH4Q60,114.023399,22.542601,93
粤BH4Q60,114.023399,22.542601,94
粤BH4Q60,114.023399,22.542601,95
粤BH4Q60,114.023399,22.542601,95
粤BH4Q60,114.023399,22.542601,96
粤BH4Q60,114.023399,22.542601,96
粤BH4Q60,114.023399,22.542601,98
粤BH4Q60,114.023399,22.542601,99
粤BH4Q60,114.023399,22.542601,99
粤BH4Q60,114.023399,22.542601,100
粤BH4Q60,114.023399,22.542601,102
粤BH4Q60,114.023399,22.542601,102
粤BH4Q60,114.023399,22.542601,103
粤BH4Q60,114.023399,22.542601,103
粤BH4Q60,114.023399,22.542601,103
粤BH4Q60,114.023399,22.542601,105
粤BH4Q60,114.023399,22.542601,106
粤BH4Q60,114.023399,22.542601,106
粤BH4Q60,114.023399,22.542601,107
粤BH4Q60,114.023399,22.542601,107
粤BH4Q60,114.023399,22.542601,109
粤BH4Q60,114.023399,22.542601,110
粤BH4Q60,114.023399,22.542601,110
粤BH4Q60,114.023399,22.542601,110
粤BH4Q60,114.023399,22.542601,111
粤BH4Q60,114.023399,22.542601,113
粤BH4Q60,114.023399,22.542601,113
粤BH4Q60,114.023399,22.542601,113
粤BH4Q60,114.023399,22.542601,114
粤BH4Q60,114.023399,22.542601,114
粤BH4Q60,114.023399,22.542601,115
粤BH4Q60,114.023399,22.542601,116
粤BH4Q60,114.023399,22.542601,117
粤BH4Q60,114.023399,22.542601,120
粤BH4Q60,114.023399,22.542601,121
粤BH4Q60,114.023399,22.542601,123
粤BH4Q60,114.023399,22.542601,124
粤BH4Q60,114.023399,22.542601,124
粤BH4Q60,114.023399,22.542601,125
粤BH4Q60,114.023399,22.542601,125
粤BH4Q60,114.023399,22.542601,125
粤BH4Q60,114.023399,22.542601,126
粤BH4Q60,114.023399,22.542601,127
粤BH4Q60,114.023399,22.542601,127
粤BH4Q60,114.023399,22.542601,128
粤BH4Q60,114.023399,22.542601,129
粤BH4Q60,114.023399,22.542601,131
粤BH4Q60,114.023399,22.542601,131
粤BH4Q60,114.023399,22.542601,132
粤BH4Q60,114.023399,22.542601,132
粤BH4Q60,114.023399,22.542601,132
粤BH4Q60,114.023399,22.542601,133
粤BH4Q60,114.023399,22.542601,135
粤BH4Q60,114.023399,22.542601,135
粤BH4Q60,114.023399,22.542601,135
粤BH4Q60,114.023399,22.542601,136
粤BH4Q60,114.023399,22.542601,136
粤BH4Q60,114.023399,22.542601,137
粤BH4Q60,114.023399,22.542601,138
粤BH4Q60,114.023399,22.542601,142
粤BH4Q60,114.023399,22.542601,142
粤BH4Q60,114.023399,22.542601,143
粤BH4Q60,114.023399,22.542601,143
粤BH4Q60,114.023399,22.542601,144
粤BH4Q60,114.023399,22.542601,144
粤BH4Q60,114.023399,22.542601,146
粤BH4Q60,114.023399,22.542601,146
粤BH4Q60,114.023399,22.542601,147
粤BH4Q60,114.023399,22.542601,148
粤BH4Q60,114.023399,22.542601,150
粤BH4Q60,114.023399,22.542601,150
粤BH4Q60,114.023399,22.542601,150
粤BH4Q60,114.023399,22.542601,151
粤BH4Q60,114.023399,22.542601,151
粤BH4Q60,114.023399,22.542601,151
粤BH4Q60,114.023399,22.542601,152
粤BH4Q60,114.023399,22.542601,154
粤BH4Q60,114.023399,22.542601,154
粤BH4Q60,114.023399,22.542601,155
粤BH4Q60,114.023399,22.542601,155
粤BH4Q60,114.023399,22.542601,158
粤BH4Q60,114.023399,22.542601,158
粤BH4Q60,114.023399,22.542601,161
粤BH4Q60,114.023399,22.542601,161
粤BH4Q60,114.023399,22.542601,162
粤BH4Q60,114.023399,22.542601,163
粤BH4Q60,114.023399,22.542601,163
粤BH4Q60,114.023399,22.542601,165
粤BH4Q60,114.023399,22.542601,165
粤BH4Q60,114.023399,22.542601,165
粤BH4Q60,114.023399,22.542601,166
粤BH4Q60,114.023399,22.542601,166
粤BH4Q60,114.023399,22.542601,166
粤BH4Q60,114.023399,22.542601,167
粤BH4Q60,114.023399,22.542601,169
粤BH4Q60,114.023399,22.542601,169
粤BH4Q60,114.023399,22.542601,170
粤BH4Q60,114.023399,22.542601,170
粤BH4Q60,114.023399,22.542601,170
粤BH4Q60,114.023399,22.542601,171
粤BH4Q60,114.023399,22.542601,172
粤BH4Q60,114.023399,22.542601,173
粤BH4Q60,114.023399,22.542601,174
粤BH4Q60,114.023399,22.542601,174
粤BH4Q60,114.023399,22.542601,176
粤BH4Q60,114.023399,22.542601,177
粤BH4Q60,114.023399,22.542601,177
粤BH4Q60,114.023399,22.542601,177
粤BH4Q60,114.023399,22.542601,178
粤BH4Q60,114.023399,22.542601,178
粤BH4Q60,114.023399,22.542601,178
粤BH4Q60,114.023399,22.542601,181
粤BH4Q60,114.023399,22.542601,181
粤BH4Q60,114.023399,22.542601,182
粤BH4Q60,114.023399,22.542601,191
粤BH4Q60,114.023399,22.542601,192
粤BH4Q60,114.023399,22.542601,192
粤BH4Q60,114.023399,22.542601,193
粤BH4Q60,114.023399,22.542601,193
粤BH4Q60,114.023399,22.542601,195
粤BH4Q60,114.023399,22.542601,195
粤BH4Q60,114.023399,22.542601,195
粤BH4Q60,114.023399,22.542601,196
粤BH4Q60,114.023399,22.542601,196
粤BH4Q60,114.023399,22.542601,197
粤BH4Q60,114.023399,22.542601,198
粤BH4Q60,114.023399,22.542601,199
粤BH4Q60,114.023399,22.542601,199
粤BH4Q60,114.023399,22.542601,200
粤BH4Q60,114.023399,22.542601,200
粤BH4Q60,114.023399,22.542601,202
粤BH4Q60,114.023399,22.542601,203
粤BH4Q60,114.023399,22.542601,203
粤BH4Q60,114.023399,22.542601,203
粤BH4Q60,114.023399,22.542601,204
粤BH4Q60,114.023399,22.542601,204
粤BH4Q60,114.023399,22.542601,204
粤BH4Q60,114.023399,22.542601,207
粤BH4Q60,114.023399,22.542601,207
粤BH4Q60,114.023399,22.542601,208
粤BH4Q60,114.023399,22.542601,210
粤BH4Q60,114.023399,22.542601,211
粤BH4Q60,114.023399,22.542601,211
粤BH4Q60,114.023399,22.542601,212
粤BH4Q60,114.023399,22.542601,212
粤BH4Q60,114.023399,22.542601,213
粤BH4Q60,114.023399,22.542601,214
粤BH4Q60,114.023399,22.542601,214
粤BH4Q60,114.023399,22.542601,215
粤BH4Q60,114.023399,22.542601,215
粤BH4Q60,114.023399,22.542601,217
粤BH4Q60,114.023399,22.542601,218
粤BH4Q60,114.023399,22.542601,218
粤BH4Q60,114.023399,22.542601,219
粤BH4Q60,114.023399,22.542601,221
粤BH4Q60,114.023399,22.542601,221
粤BH4Q60,114.023399,22.542601,222
粤BH4Q60,114.023399,22.542601,222
粤BH4Q60,114.023399,22.542601,223
粤BH4Q60,114.023399,22.542601,225
粤BH4Q60,114.023399,22.542601,228
粤BH4Q60,114.023399,22.542601,229
粤BH4Q60,114.023399,22.542601,229
粤BH4Q60,114.023399,22.542601,230
粤BH4Q60,114.023399,22.542601,233
粤BH4Q60,114.023399,22.542601,234
粤BH4Q60,114.023399,22.542601,236
粤BH4Q60,114.023399,22.542601,236
粤BH4Q60,114.023399,22.542601,237
粤BH4Q60,114.023399,22.542601,237
粤BH4Q60,114.023399,22.542601,238
粤BH4Q60,114.023399,22.542601,240
粤BH4Q60,114.023399,22.542601,241
粤BH4Q60,114.023399,22.542601,242
粤BH4Q60,114.023399,22.542601,245
粤BH4Q60,114.023399,22.542601,245
粤BH4Q60,114.023399,22.542601,245
粤BH4Q60,114.023399,22.542601,247
粤BH4Q60,114.023399,22.542601,248
粤BH4Q60,114.023399,22.542601,248
粤BH4Q60,114.023399,22.542601,249
粤BH4Q60,114.023399,22.542601,249
粤BH4Q60,114.023399,22.542601,251
粤BH4Q60,114.023399,22.542601,251
粤BH4Q60,114.023399,22.542601,252
粤BH4Q60,114.023399,22.542601,252
粤BH4Q60,114.023399,22.542601,252
粤BH4Q60,114.023399,22.542601,253
粤BH4Q60,114.023399,22.5427,255
粤BH4Q60,114.023399,22.5427,255
粤BH4Q60,114.023399,22.5427,256
粤BH4Q60,114.023399,22.5427,256
粤BH4Q60,114.023399,22.5427,257
粤BH4Q60,114.023399,22.5427,258
粤BH4Q60,114.023399,22.5427,259
粤BH4Q60,114.023399,22.5427,260
粤BH4Q60,114.023399,22.5427,260
粤BH4Q60,114.023399,22.5427,262
粤BH4Q60,114.023399,22.5427,262
粤BH4Q60,114.023399,22.5427,263
粤BH4Q60,114.023399,22.5427,263
粤BH4Q60,114.023399,22.5427,264
粤BH4Q60,114.023399,22.5427,266
粤BH4Q60,114.023399,22.5427,266
粤BH4Q60,114.023399,22.5427,266
粤BH4Q60,114.023399,22.5427,267
粤BH4Q60,114.023399,22.5427,267
粤BH4Q60,114.023399,22.5427,268
粤BH4Q60,114.023399,22.5427,268
粤BH4Q60,114.023399,22.5427,270
粤BH4Q60,114.023399,22.5427,270
粤BH4Q60,114.023399,22.5427,271
粤BH4Q60,114.023399,22.5427,271
粤BH4Q60,114.023399,22.5427,271
粤BH4Q60,114.023399,22.5427,272
粤BH4Q60,114.023399,22.5427,274
粤BH4Q60,114.023399,22.5427,275
粤BH4Q60,114.023399,22.5427,277
粤BH4Q60,114.023399,22.5427,278
粤BH4Q60,114.023399,22.5427,278
粤BH4Q60,114.023399,22.5427,279
粤BH4Q60,114.023399,22.5427,279
粤BH4Q60,114.023399,22.5427,281
粤BH4Q60,114.023399,22.5427,282
粤BH4Q60,114.023399,22.5427,283
粤BH4Q60,114.023399,22.5427,283
粤BH4Q60,114.023399,22.5427,283
粤BH4Q60,114.023399,22.5427,285
粤BH4Q60,114.023399,22.5427,286
粤BH4Q60,114.023399,22.5427,286
粤BH4Q60,114.023399,22.5427,289
粤BH4Q60,114.023399,22.5427,289
粤BH4Q60,114.023399,22.5427,289
粤BH4Q60,114.023399,22.5427,290
粤BH4Q60,114.023399,22.5427,292
粤BH4Q60,114.023399,22.5427,293
粤BH4Q60,114.023399,22.5427,293
粤BH4Q60,114.023399,22.5427,293
粤BH4Q60,114.023399,22.5427,294
粤BH4Q60,114.023399,22.5427,297
粤BH4Q60,114.023399,22.5427,297
粤BH4Q60,114.023399,22.5427,298
粤BH4Q60,114.023399,22.5427,298
粤BH4Q60,114.023399,22.5427,298
粤BH4Q60,114.023399,22.5427,299
粤BH4Q60,114.023399,22.5427,301
粤BH4Q60,114.023399,22.5427,302
粤BH4Q60,114.023399,22.5427,303
粤BH4Q60,114.023399,22.5427,304
粤BH4Q60,114.023399,22.5427,305
粤BH4Q60,114.023399,22.5427,305
粤BH4Q60,114.023399,22.5427,306
粤BH4Q60,114.023399,22.5427,306
粤BH4Q60,114.023399,22.5427,308
粤BH4Q60,114.023399,22.5427,309
粤BH4Q60,114.023399,22.5427,309
粤BH4Q60,114.023399,22.5427,310
粤BH4Q60,114.023399,22.5427,310
粤BH4Q60,114.023399,22.5427,312
粤BH4Q60,114.023399,22.5427,313
粤BH4Q60,114.023399,22.5427,313
粤BH4Q60,114.023399,22.5427,313
粤BH4Q60,114.023399,22.5427,314
粤BH4Q60,114.023399,22.5427,316
粤BH4Q60,114.023399,22.5427,317
粤BH4Q60,114.023399,22.5427,317
粤BH4Q60,114.023399,22.5427,319
粤BH4Q60,114.023399,22.5427,320
粤BH4Q60,114.023399,22.5427,321
粤BH4Q60,114.023399,22.5427,321
粤BH4Q60,114.023399,22.5427,322
粤BH4Q60,114.023399,22.5427,323
粤BH4Q60,114.023399,22.5427,324
粤BH4Q60,114.023399,22.5427,324
粤BH4Q60,114.023399,22.5427,325
粤BH4Q60,114.023399,22.5427,325
粤BH4Q60,114.023399,22.5427,325
粤BH4Q60,114.023399,22.5427,327
粤BH4Q60,114.023399,22.5427,327
粤BH4Q60,114.023399,22.5427,328
粤BH4Q60,114.023399,22.5427,329
粤BH4Q60,114.023399,22.5427,329
粤BH4Q60,114.023399,22.5427,331
粤BH4Q60,114.023399,22.5427,332
粤BH4Q60,114.023399,22.5427,333
粤BH4Q60,114.023399,22.5427,334
粤BH4Q60,114.023399,22.5427,335
粤BH4Q60,114.023399,22.5427,335
粤BH4Q60,114.023399,22.5427,336
粤BH4Q60,114.023399,22.5427,336
粤BH4Q60,114.023399,22.5427,336
粤BH4Q60,114.023399,22.5427,339
粤BH4Q60,114.023399,22.5427,339
粤BH4Q60,114.023399,22.5427,339
粤BH4Q60,114.023399,22.5427,340
粤BH4Q60,114.023399,22.5427,340
粤BH4Q60,114.023399,22.5427,342
粤BH4Q60,114.023399,22.5427,343
粤BH4Q60,114.023399,22.5427,343
粤BH4Q60,114.023399,22.5427,344
粤BH4Q60,114.023399,22.5427,344
粤BH4Q60,114.023399,22.5427,346
粤BH4Q60,114.023399,22.5427,347
粤BH4Q60,114.023399,22.5427,348
粤BH4Q60,114.023399,22.5427,348
粤BH4Q60,114.023399,22.5427,350
粤BH4Q60,114.023399,22.5427,351
粤BH4Q60,114.023399,22.5427,351
粤BH4Q60,114.023399,22.5427,352
粤BH4Q60,114.023399,22.5427,352
粤BH4Q60,114.023399,22.5427,354
粤BH4Q60,114.023399,22.5427,354
粤BH4Q60,114.023399,22.5427,355
粤BH4Q60,114.023399,22.5427,355
粤BH4Q60,114.023399,22.5427,356
粤BH4Q60,114.023399,22.5427,356
粤BH4Q60,114.023399,22.5427,358
粤BH4Q60,114.023399,22.5427,359
粤BH4Q60,114.023399,22.5427,360
粤BH4Q60,114.023399,22.5427,360
粤BH4Q60,114.023399,22.5427,362
粤BH4Q60,114.023399,22.5427,362
粤BH4Q60,114.023399,22.5427,363
粤BH4Q60,114.023399,22.5427,364
粤BH4Q60,114.023399,22.5427,364
粤BH4Q60,114.023399,22.5427,366
粤BH4Q60,114.023399,22.5427,367
粤BH4Q60,114.023399,22.5427,367
粤BH4Q60,114.023399,22.5427,368
粤BH4Q60,114.023399,22.5427,368
粤BH4Q60,114.023399,22.5427,371
粤BH4Q60,114.023399,22.5427,371
粤BH4Q60,114.023399,22.5427,371
粤BH4Q60,114.023399,22.5427,372
粤BH4Q60,114.023399,22.5427,374
粤BH4Q60,114.023399,22.5427,374
粤BH4Q60,114.023399,22.5427,374
粤BH4Q60,114.023399,22.5427,375
粤BH4Q60,114.023399,22.5427,375
粤BH4Q60,114.023399,22.5427,375
粤BH4Q60,114.023399,22.5427,376
粤BH4Q60,114.023399,22.5427,378
粤BH4Q60,114.023399,22.5427,378
粤BH4Q60,114.023399,22.5427,378
粤BH4Q60,114.023399,22.5427,379
粤BH4Q60,114.023399,22.5427,379
粤BH4Q60,114.023399,22.5427,379
粤BH4Q60,114.023399,22.5427,382
粤BH4Q60,114.023399,22.5427,382
粤BH4Q60,114.023399,22.5427,385
粤BH4Q60,114.023399,22.5427,385
粤BH4Q60,114.023399,22.5427,386
粤BH4Q60,114.023399,22.5427,386
粤BH4Q60,114.023399,22.5427,387
粤BH4Q60,114.023399,22.5427,387
粤BH4Q60,114.023399,22.5427,389
粤BH4Q60,114.023399,22.5427,389
粤BH4Q60,114.023399,22.5427,390
粤BH4Q60,114.023399,22.5427,390
粤BH4Q60,114.023399,22.5427,390
粤BH4Q60,114.023399,22.5427,391
粤BH4Q60,114.023399,22.5427,393
粤BH4Q60,114.023399,22.5427,393
粤BH4Q60,114.023399,22.5427,394
粤BH4Q60,114.023399,22.5427,395
粤BH4Q60,114.023399,22.5427,397
粤BH4Q60,114.023399,22.5427,397
粤BH4Q60,114.023399,22.5427,398
粤BH4Q60,114.023399,22.5427,398
粤BH4Q60,114.023399,22.5427,398
粤BH4Q60,114.023399,22.5427,401
粤BH4Q60,114.023399,22.5427,402
粤BH4Q60,114.023399,22.5427,404
粤BH4Q60,114.023399,22.5427,404
粤BH4Q60,114.023399,22.5427,404
粤BH4Q60,114.023399,22.5427,405
粤BH4Q60,114.023399,22.5427,405
粤BH4Q60,114.023399,22.5427,405
粤BH4Q60,114.023399,22.5427,406
粤BH4Q60,114.023399,22.5427,408
粤BH4Q60,114.023399,22.5427,409
粤BH4Q60,114.023399,22.5427,409
粤BH4Q60,114.023399,22.5427,409
粤BH4Q60,114.023399,22.5427,410
粤BH4Q60,114.023499,22.5425,412
粤BH4Q60,114.023499,22.5425,412
粤BH4Q60,114.023499,22.5425,413
粤BH4Q60,114.023499,22.5425,414
粤BH4Q60,114.023499,22.5425,416
粤BH4Q60,114.023499,22.5425,417
粤BH4Q60,114.023499,22.5425,417
粤BH4Q60,114.023499,22.5425,418
粤BH4Q60,114.023499,22.5425,420
粤BH4Q60,114.023499,22.5425,420
粤BH4Q60,114.023499,22.5425,420
粤BH4Q60,114.023499,22.5425,421
粤BH4Q60,114.023499,22.5425,422
粤BH4Q60,114.023499,22.5425,423
粤BH4Q60,114.023499,22.5425,424
粤BH4Q60,114.023499,22.5425,424
粤BH4Q60,114.023499,22.5425,426
粤BH4Q60,114.023499,22.5425,427
粤BH4Q60,114.023499,22.5425,428
粤BH4Q60,114.023499,22.5425,429
粤BH4Q60,114.023499,22.5425,429
粤BH4Q60,114.023499,22.5425,431
粤BH4Q60,114.023499,22.5425,432
粤BH4Q60,114.023499,22.5425,433
粤BH4Q60,114.023499,22.5425,434
粤BH4Q60,114.023499,22.5425,435
粤BH4Q60,114.023499,22.5425,436
粤BH4Q60,114.023499,22.5425,436
粤BH4Q60,114.023499,22.5425,438
粤BH4Q60,114.023499,22.5425,439
粤BH4Q60,114.023499,22.5425,440
粤BH4Q60,114.023499,22.5425,440
粤BH4Q60,114.023499,22.5425,442
粤BH4Q60,114.023499,22.5425,442
粤BH4Q60,114.023499,22.5425,442
粤BH4Q60,114.023499,22.5425,443
粤BH4Q60,114.023499,22.5425,443
粤BH4Q60,114.023499,22.5425,444
粤BH4Q60,114.023499,22.5425,445
粤BH4Q60,114.023499,22.5425,446
粤BH4Q60,114.023499,22.5425,447
粤BH4Q60,114.023499,22.5425,447
粤BH4Q60,114.023499,22.5425,449
粤BH4Q60,114.023499,22.5425,450
粤BH4Q60,114.023499,22.5425,451
粤BH4Q60,114.023499,22.5425,453
粤BH4Q60,114.023499,22.5425,453
粤BH4Q60,114.023499,22.5425,454
粤BH4Q60,114.023499,22.5425,455
粤BH4Q60,114.023499,22.5425,457
粤BH4Q60,114.023499,22.5425,458
粤BH4Q60,114.023499,22.5425,458
粤BH4Q60,114.023499,22.5425,459
粤BH4Q60,114.023499,22.5425,461
粤BH4Q60,114.023499,22.5425,461
粤BH4Q60,114.023499,22.5425,461
粤BH4Q60,114.023499,22.5425,462
粤BH4Q60,114.023499,22.5425,462
粤BH4Q60,114.023499,22.5425,464
粤BH4Q60,114.023499,22.5425,464
粤BH4Q60,114.023499,22.5425,465
粤BH4Q60,114.023499,22.5425,465
粤BH4Q60,114.023499,22.5425,466
粤BH4Q60,114.023499,22.5425,467
粤BH4Q60,114.023499,22.5425,468
粤BH4Q60,114.023499,22.5425,468
粤BH4Q60,114.023499,22.5425,468
粤BH4Q60,114.023499,22.5425,469
粤BH4Q60,114.023499,22.5425,471
粤BH4Q60,114.023499,22.5425,473
粤BH4Q60,114.023499,22.5425,473
粤BH4Q60,114.023499,22.5425,474
粤BH4Q60,114.023499,22.5425,475
粤BH4Q60,114.023499,22.5425,475
粤BH4Q60,114.023499,22.5425,476
粤BH4Q60,114.023499,22.5425,478
粤BH4Q60,114.023499,22.5425,478
粤BH4Q60,114.023499,22.5425,479
粤BH4Q60,114.023499,22.5425,479
粤BH4Q60,114.023499,22.5425,480
粤BH4Q60,114.023499,22.5425,482
粤BH4Q60,114.023499,22.5425,483
粤BH4Q60,114.023499,22.5425,486
粤BH4Q60,114.023499,22.5425,486
粤BH4Q60,114.023499,22.5425,487
粤BH4Q60,114.023499,22.5425,487
粤BH4Q60,114.023499,22.5425,488
粤BH4Q60,114.023499,22.5425,490
粤BH4Q60,114.023499,22.5425,490
粤BH4Q60,114.023499,22.5425,491
粤BH4Q60,114.023499,22.5425,491
粤BH4Q60,114.023499,22.5425,494
粤BH4Q60,114.023499,22.5425,495
粤BH4Q60,114.023499,22.5425,495
粤BH4Q60,114.023499,22.5425,497
粤BH4Q60,114.023499,22.5425,497
粤BH4Q60,114.023499,22.5425,498
粤BH4Q60,114.023499,22.5425,498
粤BH4Q60,114.023499,22.5425,501
粤BH4Q60,114.023499,22.5425,501
粤BH4Q60,114.023499,22.5425,502
粤BH4Q60,114.023499,22.5425,503
粤BH4Q60,114.023499,22.5425,504
粤BH4Q60,114.023499,22.5425,504
粤BH4Q60,114.023499,22.5425,505
粤BH4Q60,114.023499,22.5425,505
粤BH4Q60,114.023499,22.5425,506
粤BH4Q60,114.023499,22.5425,507
粤BH4Q60,114.023499,22.5425,507
粤BH4Q60,114.023499,22.5425,507
粤BH4Q60,114.023499,22.5425,508
粤BH4Q60,114.023499,22.5425,508
粤BH4Q60,114.023499,22.5425,509
粤BH4Q60,114.023499,22.5425,511
粤BH4Q60,114.023499,22.5425,511
粤BH4Q60,114.023499,22.5425,512
粤BH4Q60,114.023499,22.5425,512
粤BH4Q60,114.023499,22.5425,514
粤BH4Q60,114.023499,22.5425,515
粤BH4Q60,114.023499,22.5425,515
粤BH4Q60,114.023499,22.5425,515
粤BH4Q60,114.023499,22.5425,516
粤BH4Q60,114.023499,22.5425,516
粤BH4Q60,114.023499,22.5425,518
粤BH4Q60,114.023499,22.5425,519
粤BH4Q60,114.023499,22.5425,519
粤BH4Q60,114.023499,22.5425,519
粤BH4Q60,114.023499,22.5425,522
粤BH4Q60,114.023499,22.5425,522
粤BH4Q60,114.023499,22.5425,523
粤BH4Q60,114.023499,22.5425,523
粤BH4Q60,114.023499,22.5425,525
粤BH4Q60,114.023499,22.5425,525
粤BH4Q60,114.023499,22.5425,526
粤BH4Q60,114.023499,22.5425,526
粤BH4Q60,114.023499,22.5425,527
粤BH4Q60,114.023903,22.5429,529
粤BH4Q60,114.023499,22.5425,529
粤BH4Q60,114.023499,22.5425,529
粤BH4Q60,114.023903,22.5429,530
粤BH4Q60,114.023903,22.5429,532
粤BH4Q60,114.023903,22.5429,532
粤BH4Q60,114.023903,22.5429,533
粤BH4Q60,114.023903,22.5429,533
粤BH4Q60,114.023903,22.5429,534
粤BH4Q60,114.023903,22.5429,534
粤BH4Q60,114.023903,22.5429,536
粤BH4Q60,114.023903,22.5429,536
粤BH4Q60,114.023903,22.5429,545
粤BH4Q60,114.023903,22.5429,546
粤BH4Q60,114.023903,22.5429,547
粤BH4Q60,114.023903,22.5429,547
粤BH4Q60,114.023903,22.5429,547
粤BH4Q60,114.023903,22.5429,548
粤BH4Q60,114.023903,22.5429,548
粤BH4Q60,114.023903,22.5429,550
粤BH4Q60,114.023903,22.5429,550
粤BH4Q60,114.023903,22.5429,550
粤BH4Q60,114.023903,22.5429,551
粤BH4Q60,114.023903,22.5429,551
粤BH4Q60,114.023903,22.5429,551
粤BH4Q60,114.023903,22.5429,552
粤BH4Q60,114.023499,22.542601,553
粤BH4Q60,114.023499,22.5427,553
粤BH4Q60,114.023499,22.542601,554
粤BH4Q60,114.023499,22.542601,554
粤BH4Q60,114.022202,22.5432,555
粤BH4Q60,114.022202,22.5443,555
粤BH4Q60,114.023903,22.537399,557
粤BH4Q60,114.024399,22.535601,557
粤BH4Q60,114.026299,22.5298,558
粤BH4Q60,114.032402,22.5263,561
粤BH4Q60,114.032402,22.5263,561
粤BH4Q60,114.033699,22.527901,562
粤BH4Q60,114.033897,22.5292,562
粤BH4Q60,114.049797,22.530701,564
粤BH4Q60,114.0513,22.5299,565
粤BH4Q60,114.0504,22.528601,566
粤BH4Q60,114.050301,22.528601,566
粤BH4Q60,114.0485,22.525801,569
粤BH4Q60,114.049896,22.525801,569
粤BH4Q60,114.040604,22.5219,572
粤BH4Q60,114.038803,22.5229,572
粤BH4Q60,114.038902,22.5247,573
粤BH4Q60,114.038498,22.524099,573
粤BH4Q60,114.038696,22.524401,573
粤BH4Q60,114.038696,22.525999,575
粤BH4Q60,114.038696,22.5268,575
粤BH4Q60,114.038399,22.5291,576
粤BH4Q60,114.038597,22.527901,576
粤BH4Q60,114.039299,22.530399,577
粤BH4Q60,114.040199,22.5305,579
粤BH4Q60,114.040199,22.5305,579
粤BH4Q60,114.040199,22.5305,580
粤BH4Q60,114.040199,22.5305,580
粤BH4Q60,114.040199,22.5305,582
粤BH4Q60,114.040199,22.5305,583
粤BH4Q60,114.040199,22.5305,583
粤BH4Q60,114.040199,22.5305,583
粤BH4Q60,114.043404,22.531099,584
粤BH4Q60,114.044998,22.531099,584
粤BH4Q60,114.044502,22.5364,586
粤BH4Q60,114.045097,22.541,586
粤BH4Q60,114.048698,22.5417,587
粤BH4Q60,114.049004,22.5411,588
粤BH4Q60,114.049202,22.541,589
粤BH4Q60,114.049202,22.541,590
粤BH4Q60,114.050201,22.541201,591
粤BH4Q60,114.051003,22.539801,593
粤BH4Q60,114.051102,22.5394,593
粤BH4Q60,114.0513,22.5361,595
粤BH4Q60,114.0504,22.5317,596
粤BH4Q60,114.047798,22.531601,597
粤BH4Q60,114.040298,22.531,597
粤BH4Q60,114.044296,22.531401,597
粤BH4Q60,114.033203,22.530199,598
粤BH4Q60,113.994698,22.5278,602
粤BH4Q60,113.976501,22.5229,603
粤BH4Q60,113.964104,22.5228,604
粤BH4Q60,113.972198,22.5229,604
粤BH4Q60,113.960098,22.5228,605
粤BH4Q60,113.937599,22.5259,607
粤BH4Q60,113.935501,22.520599,608
粤BH4Q60,113.934799,22.518801,608
粤BH4Q60,113.936203,22.5226,608
粤BH4Q60,113.934799,22.518801,609
粤BH4Q60,113.934799,22.518801,609
粤BH4Q60,113.934601,22.5184,609
粤BH4Q60,113.9328,22.5058,611
粤BH4Q60,113.933098,22.499201,612
粤BH4Q60,113.933701,22.496401,613
粤BH4Q60,113.934601,22.4963,615
粤BH4Q60,113.935799,22.495701,615
粤BH4Q60,113.933899,22.496201,616
粤BH4Q60,113.933899,22.496201,617
粤BH4Q60,113.932999,22.5026,618
粤BH4Q60,113.932899,22.5098,619
粤BH4Q60,113.933899,22.5158,621
粤BH4Q60,113.934402,22.5173,621
粤BH4Q60,113.933899,22.5158,621
粤BH4Q60,113.934898,22.518801,622
粤BH4Q60,113.945198,22.5242,624
粤BH4Q60,113.961304,22.5226,625
粤BH4Q60,113.965103,22.5226,626
粤BH4Q60,113.9841,22.5231,627
粤BH4Q60,114.005402,22.5296,629
粤BH4Q60,114.016602,22.532499,631
粤BH4Q60,114.015198,22.5322,631
粤BH4Q60,114.013496,22.5317,631
粤BH4Q60,114.017799,22.5329,632
粤BH4Q60,114.018097,22.5329,632
粤BH4Q60,114.018898,22.533001,633
粤BH4Q60,114.019997,22.533199,634
粤BH4Q60,114.019997,22.533199,634
粤BH4Q60,114.019501,22.535,635
粤BH4Q60,114.019699,22.5341,635
粤BH4Q60,114.019203,22.536699,638
粤BH4Q60,114.019203,22.536699,638
粤BH4Q60,114.019096,22.537201,639
粤BH4Q60,114.019096,22.537201,639
粤BH4Q60,114.019096,22.537201,641
粤BH4Q60,114.019096,22.537201,644
粤BH4Q60,114.019096,22.537201,644
粤BH4Q60,114.019096,22.537201,645
粤BH4Q60,114.019096,22.537201,645
粤BH4Q60,114.019096,22.537201,645
粤BH4Q60,114.019096,22.537201,647
粤BH4Q60,114.019096,22.537201,647
粤BH4Q60,114.019096,22.537201,649
粤BH4Q60,114.031799,22.540701,651
粤BH4Q60,114.035103,22.541401,651
粤BH4Q60,114.035103,22.541401,652
粤BH4Q60,114.035103,22.541401,652
粤BH4Q60,114.0364,22.5439,654
粤BH4Q60,114.040298,22.544201,656
粤BH4Q60,114.042603,22.5446,657
粤BH4Q60,114.043503,22.5415,658
粤BH4Q60,114.043503,22.544201,658
粤BH4Q60,114.043098,22.5429,658
粤BH4Q60,114.0438,22.540199,659
粤BH4Q60,114.0438,22.5382,659
粤BH4Q60,114.042603,22.522499,661
粤BH4Q60,114.038696,22.5229,662
粤BH4Q60,114.041199,22.5217,662
粤BH4Q60,114.036301,22.522699,664
粤BH4Q60,114.036301,22.522699,664
粤BH4Q60,114.035896,22.522499,665
粤BH4Q60,114.033699,22.5224,665
粤BH4Q60,114.035797,22.522301,665
粤BH4Q60,114.031799,22.5235,666
粤BH4Q60,114.032799,22.5229,666
粤BH4Q60,114.032303,22.5256,668
粤BH4Q60,114.0326,22.526199,668
粤BH4Q60,114.0289,22.528299,669
粤BH4Q60,114.0205,22.548201,671
粤BH4Q60,114.018898,22.5504,672
粤BH4Q60,114.010498,22.570801,674
粤BH4Q60,114.010498,22.570801,675
粤BH4Q60,114.010498,22.570801,676
粤BH4Q60,114.010498,22.570801,676
粤BH4Q60,114.010498,22.570801,676
粤BH4Q60,114.023499,22.595301,678
粤BH4Q60,114.022301,22.6063,679
粤BH4Q60,114.023697,22.608999,680
粤BH4Q60,114.029701,22.6126,682
粤BH4Q60,114.032097,22.614599,682
粤BH4Q60,114.032898,22.6152,683
粤BH4Q60,114.0345,22.6161,683
粤BH4Q60,114.0345,22.6245,685
粤BH4Q60,114.0355,22.6213,685
粤BH4Q60,114.034698,22.624001,685
粤BH4Q60,114.033699,22.6269,686
粤BH4Q60,114.032097,22.6301,688
粤BH4Q60,114.032097,22.6301,688
粤BH4Q60,114.032097,22.6301,688
粤BH4Q60,114.032097,22.6301,689
粤BH4Q60,114.032097,22.6301,689
粤BH4Q60,114.032097,22.6301,691
粤BH4Q60,114.032097,22.6308,692
粤BH4Q60,114.032097,22.6308,692
粤BH4Q60,114.032097,22.6301,692
粤BH4Q60,114.032097,22.6308,693
粤BH4Q60,114.032097,22.6308,693
粤BH4Q60,114.032097,22.6308,693
粤BH4Q60,114.032204,22.6318,695
粤BH4Q60,114.032204,22.6322,696
粤BH4Q60,114.032204,22.633301,698
粤BH4Q60,114.032204,22.633301,699
粤BH4Q60,114.032204,22.633301,699
粤BH4Q60,114.032204,22.633301,699
粤BH4Q60,114.032204,22.633301,700
粤BH4Q60,114.032204,22.633301,700
粤BH4Q60,114.024803,22.6364,702
粤BH4Q60,114.025002,22.636299,702
粤BH4Q60,114.024803,22.6364,702
粤BH4Q60,114.024803,22.6364,703
粤BH4Q60,114.024803,22.6364,703
粤BH4Q60,114.024803,22.6364,704
粤BH4Q60,114.025299,22.631201,707
粤BH4Q60,114.026802,22.6257,708
粤BH4Q60,114.027397,22.624001,709
粤BH4Q60,114.027702,22.6231,709
粤BH4Q60,114.028297,22.621099,710
粤BH4Q60,114.032097,22.614901,711
粤BH4Q60,114.032097,22.614901,712
粤BH4Q60,114.032097,22.614901,713
粤BH4Q60,114.0336,22.613199,713
粤BH4Q60,114.041603,22.6035,716
粤BH4Q60,114.041603,22.6035,717
粤BH4Q60,114.046097,22.594801,719
粤BH4Q60,114.045799,22.595501,719
粤BH4Q60,114.045998,22.5952,719
粤BH4Q60,114.046204,22.5947,720
粤BH4Q60,114.046501,22.594299,721
粤BH4Q60,114.046402,22.594299,721
粤BH4Q60,114.046402,22.594299,721
粤BH4Q60,114.046402,22.594299,722
粤BH4Q60,114.046402,22.594299,724
粤BH4Q60,114.046402,22.594299,725
粤BH4Q60,114.046402,22.594299,726
粤BH4Q60,114.046402,22.594299,728
粤BH4Q60,114.046402,22.594299,728
粤BH4Q60,114.046402,22.594299,729
粤BH4Q60,114.046402,22.594299,730
粤BH4Q60,114.046402,22.594299,730
粤BH4Q60,114.046402,22.594299,732
粤BH4Q60,114.046402,22.594299,732
粤BH4Q60,114.046402,22.594299,733
粤BH4Q60,114.046402,22.594299,733
粤BH4Q60,114.046402,22.594299,735
粤BH4Q60,114.046402,22.594299,736
粤BH4Q60,114.046402,22.594299,736
粤BH4Q60,114.046402,22.594299,737
粤BH4Q60,114.046402,22.594299,737
粤BH4Q60,114.046402,22.594299,739
粤BH4Q60,114.046402,22.594299,739
粤BH4Q60,114.046402,22.594299,739
粤BH4Q60,114.046402,22.594299,740
粤BH4Q60,114.046402,22.594299,740
粤BH4Q60,114.046402,22.594299,740
粤BH4Q60,114.046402,22.594299,741
粤BH4Q60,114.046402,22.594299,742
粤BH4Q60,114.046402,22.594299,743
粤BH4Q60,114.0466,22.5937,743
粤BH4Q60,114.042503,22.5968,744
粤BH4Q60,114.044601,22.5951,744
粤BH4Q60,114.047997,22.589001,746
粤BH4Q60,114.047997,22.589001,746
粤BH4Q60,114.047997,22.589001,746
粤BH4Q60,114.047997,22.589001,747
粤BH4Q60,114.059601,22.578699,747
粤BH4Q60,114.061302,22.572001,748
粤BH4Q60,114.053299,22.5711,749
粤BH4Q60,114.055397,22.5711,749
粤BH4Q60,114.051201,22.5711,750
粤BH4Q60,114.0438,22.570499,751
粤BH4Q60,114.040497,22.569901,753
粤BH4Q60,114.037399,22.568701,754
粤BH4Q60,114.035599,22.5679,754
粤BH4Q60,114.035599,22.5679,754
粤BH4Q60,114.035797,22.566999,756
粤BH4Q60,114.038696,22.565701,757
粤BH4Q60,114.043404,22.5571,758
粤BH4Q60,114.034798,22.554701,760
粤BH4Q60,114.0355,22.555201,760
粤BH4Q60,114.034103,22.554001,760
粤BH4Q60,114.035202,22.553699,761
粤BH4Q60,114.035797,22.551701,763
粤BH4Q60,114.035797,22.551701,764
粤BH4Q60,114.035797,22.551701,764
粤BH4Q60,114.035797,22.551701,766
粤BH4Q60,114.035797,22.551701,767
粤BH4Q60,114.035797,22.551701,768
粤BH4Q60,114.035797,22.551701,768
粤BH4Q60,114.035797,22.551701,770
粤BH4Q60,114.035797,22.551701,770
粤BH4Q60,114.035797,22.551701,771
粤BH4Q60,114.035797,22.551701,771
粤BH4Q60,114.035797,22.551701,771
粤BH4Q60,114.035797,22.551701,772
粤BH4Q60,114.035797,22.551701,774
粤BH4Q60,114.035797,22.551701,774
粤BH4Q60,114.035797,22.551701,774
粤BH4Q60,114.035797,22.551701,775
粤BH4Q60,114.035797,22.551701,777
粤BH4Q60,114.035797,22.551701,777
粤BH4Q60,114.035797,22.551701,778
粤BH4Q60,114.035797,22.551701,778
粤BH4Q60,114.035797,22.551701,778
粤BH4Q60,114.035797,22.551701,780
粤BH4Q60,114.035797,22.551701,781
粤BH4Q60,114.035797,22.551701,782
粤BH4Q60,114.035797,22.551701,784
粤BH4Q60,114.035797,22.551701,784
粤BH4Q60,114.035797,22.551701,785
粤BH4Q60,114.035797,22.551701,785
粤BH4Q60,114.035797,22.551701,786
粤BH4Q60,114.035797,22.551701,787
粤BH4Q60,114.035797,22.551701,788
粤BH4Q60,114.035797,22.551701,789
粤BH4Q60,114.039597,22.5509,791
粤BH4Q60,114.039597,22.5509,791
粤BH4Q60,114.039803,22.549999,792
粤BH4Q60,114.039803,22.5502,792
粤BH4Q60,114.044197,22.5429,794
粤BH4Q60,114.044403,22.532801,795
粤BH4Q60,114.039398,22.5273,798
粤BH4Q60,114.039902,22.527201,798
粤BH4Q60,114.037399,22.527399,798
粤BH4Q60,114.034698,22.5278,799
粤BH4Q60,114.033897,22.528999,801
粤BH4Q60,114.034698,22.5278,801
粤BH4Q60,114.034599,22.527901,801
粤BH4Q60,114.034897,22.5299,802
粤BH4Q60,114.039398,22.5305,802
粤BH4Q60,114.041397,22.528099,804
粤BH4Q60,114.039101,22.5273,805
粤BH4Q60,114.040604,22.527201,805
粤BH4Q60,114.041496,22.5275,805
粤BH4Q60,114.038902,22.525499,806
粤BH4Q60,114.038803,22.5264,806
粤BH4Q60,114.038902,22.524799,808
粤BH4Q60,114.038902,22.524799,808
粤BH4Q60,114.038902,22.524799,809
粤BH4Q60,114.038902,22.524799,811
粤BH4Q60,114.038902,22.524799,812
粤BH4Q60,114.038902,22.524799,813
粤BH4Q60,114.039001,22.524401,813
粤BH4Q60,114.038597,22.524099,815
粤BH4Q60,114.037804,22.5235,815
粤BH4Q60,114.038597,22.524099,815
粤BH4Q60,114.036102,22.5243,816
粤BH4Q60,114.033798,22.525499,816
粤BH4Q60,114.033096,22.5266,816
粤BH4Q60,114.033798,22.528,817
粤BH4Q60,114.039101,22.5305,818
粤BH4Q60,114.040398,22.5306,819
粤BH4Q60,114.046303,22.531099,822
粤BH4Q60,114.057602,22.5354,825
粤BH4Q60,114.057602,22.5354,826
粤BH4Q60,114.058098,22.5361,829
粤BH4Q60,114.057999,22.5362,829
粤BH4Q60,114.057999,22.5364,830
粤BH4Q60,114.059601,22.5261,834
粤BH4Q60,114.059601,22.526199,834
粤BH4Q60,114.059601,22.5261,835
粤BH4Q60,114.060799,22.521299,837
粤BH4Q60,114.054802,22.515301,843
粤BH4Q60,114.050903,22.5177,845
粤BH4Q60,114.042099,22.521099,847
粤BH4Q60,114.042099,22.521099,847
粤BH4Q60,114.042099,22.521099,848
粤BH4Q60,114.042099,22.521099,848
粤BH4Q60,114.041,22.521601,849
粤BH4Q60,114.038597,22.524099,851
粤BH4Q60,114.038597,22.524099,851
粤BH4Q60,114.038597,22.524099,852
粤BH4Q60,114.038597,22.524099,852
粤BH4Q60,114.038597,22.524099,854
粤BH4Q60,114.038597,22.524099,854
粤BH4Q60,114.038597,22.524099,854
粤BH4Q60,114.038597,22.524099,855
粤BH4Q60,114.038597,22.524099,855
粤BH4Q60,114.038597,22.524099,855
粤BH4Q60,114.038597,22.524099,856
粤BH4Q60,114.038597,22.524099,857
粤BH4Q60,114.038597,22.524099,858
粤BH4Q60,114.038597,22.524099,858
粤BH4Q60,114.038597,22.524099,858
粤BH4Q60,114.038902,22.525,859
粤BH4Q60,114.038696,22.5264,859
粤BH4Q60,114.038597,22.526899,859
粤BH4Q60,114.0411,22.5292,862
粤BH4Q60,114.0411,22.5292,864
粤BH4Q60,114.041199,22.528799,865
粤BH4Q60,114.041199,22.528799,865
粤BH4Q60,114.044701,22.5312,867
粤BH4Q60,114.045799,22.530899,867
粤BH4Q60,114.044403,22.5406,868
粤BH4Q60,114.044502,22.5375,868
粤BH4Q60,114.044502,22.5432,869
粤BH4Q60,114.0401,22.5424,870
粤BH4Q60,114.0382,22.542,870
粤BH4Q60,114.036499,22.5418,870
粤BH4Q60,114.035797,22.5418,871
粤BH4Q60,114.035599,22.542601,871
粤BH4Q60,114.035202,22.544399,872
粤BH4Q60,114.034798,22.546301,872
粤BH4Q60,114.0326,22.5476,873
粤BH4Q60,114.033096,22.546101,874
粤BH4Q60,114.033096,22.546101,874
粤BH4Q60,114.034103,22.548,875
粤BH4Q60,114.034103,22.548,876
粤BH4Q60,114.033501,22.5532,878
粤BH4Q60,114.033501,22.552999,878
粤BH4Q60,114.025398,22.5604,881
粤BH4Q60,114.027199,22.560699,882
粤BH4Q60,114.031601,22.5616,882
粤BH4Q60,114.040802,22.5634,885
粤BH4Q60,114.040703,22.562599,885
粤BH4Q60,114.040703,22.564301,886
粤BH4Q60,114.032204,22.562201,887
粤BH4Q60,114.028801,22.5616,887
粤BH4Q60,114.021599,22.5604,888
粤BH4Q60,114.016197,22.5604,889
粤BH4Q60,114.018204,22.5606,889
粤BH4Q60,114.013901,22.560301,890
粤BH4Q60,114.016502,22.553801,891
粤BH4Q60,114.017502,22.5522,891
粤BH4Q60,114.021301,22.5464,892
粤BH4Q60,114.020203,22.5485,892
粤BH4Q60,114.022301,22.542801,893
粤BH4Q60,114.0224,22.5418,893
粤BH4Q60,114.021896,22.5439,893
粤BH4Q60,114.022301,22.541,893
粤BH4Q60,114.018799,22.540199,896
粤BH4Q60,114.018799,22.540199,896
粤BH4Q60,114.017403,22.5385,897
粤BH4Q60,114.015404,22.5382,898
粤BH4Q60,114.010803,22.5382,899
粤BH4Q60,114.002701,22.537201,911
粤BH4Q60,114.002701,22.537201,911
粤BH4Q60,114.006798,22.536301,913
粤BH4Q60,114.004997,22.535999,913
粤BH4Q60,114.010101,22.5369,914
粤BH4Q60,114.016403,22.538,915
粤BH4Q60,114.018799,22.5382,915
粤BH4Q60,114.018898,22.533199,917
粤BH4Q60,114.019798,22.5338,917
粤BH4Q60,114.017601,22.531799,918
粤BH4Q60,114.007401,22.529699,919
粤BH4Q60,113.988998,22.5247,921
粤BH4Q60,113.9925,22.5264,921
粤BH4Q60,113.985298,22.5236,921
粤BH4Q60,113.973297,22.5229,922
粤BH4Q60,113.977402,22.5229,922
粤BH4Q60,113.9814,22.523001,922
粤BH4Q60,113.969498,22.5228,923
粤BH4Q60,113.965897,22.5228,923
粤BH4Q60,113.953697,22.523399,924
粤BH4Q60,113.941002,22.526699,926
粤BH4Q60,113.941002,22.5275,926
粤BH4Q60,113.940697,22.535101,928
粤BH4Q60,113.940697,22.535101,929
粤BH4Q60,113.940399,22.535601,929
粤BH4Q60,113.938599,22.5408,932
粤BH4Q60,113.938599,22.540701,932
粤BH4Q60,113.938599,22.540701,932
粤BH4Q60,113.940498,22.5413,933
粤BH4Q60,113.940598,22.5399,933
粤BH4Q60,113.940598,22.5443,935
粤BH4Q60,113.940598,22.546499,935
粤BH4Q60,113.940598,22.5424,935
粤BH4Q60,113.940697,22.549299,936
粤BH4Q60,113.940598,22.549,936
粤BH4Q60,113.940598,22.551001,936
粤BH4Q60,113.940598,22.5518,937
粤BH4Q60,113.940399,22.5555,938
粤BH4Q60,113.941597,22.5571,939
粤BH4Q60,113.941704,22.5571,940
粤BH4Q60,113.941704,22.5571,940
粤BH4Q60,113.940498,22.556999,942
粤BH4Q60,113.940399,22.5564,943
粤BH4Q60,113.9403,22.554701,943
粤BH4Q60,113.9403,22.554701,944
粤BH4Q60,113.9403,22.554701,944
粤BH4Q60,113.940399,22.5529,945
粤BH4Q60,113.940498,22.551001,946
粤BH4Q60,113.940399,22.5529,946
粤BH4Q60,113.940399,22.5502,947
粤BH4Q60,113.940598,22.5467,948
粤BH4Q60,113.940598,22.546499,949
粤BH4Q60,113.940598,22.5457,949
粤BH4Q60,113.940498,22.5438,950
粤BH4Q60,113.940598,22.5446,950
粤BH4Q60,113.929497,22.542801,952
粤BH4Q60,113.931999,22.542801,952
粤BH4Q60,113.928001,22.5425,954
粤BH4Q60,113.931,22.542299,954
粤BH4Q60,113.943199,22.542801,956
粤BH4Q60,113.9487,22.542999,957
粤BH4Q60,113.948402,22.542999,957
粤BH4Q60,113.948799,22.542999,957
粤BH4Q60,113.951103,22.5431,958
粤BH4Q60,113.958504,22.5432,959
粤BH4Q60,113.958504,22.5432,960
粤BH4Q60,113.959,22.5432,960
粤BH4Q60,113.960503,22.542801,961
粤BH4Q60,113.962502,22.542101,962
粤BH4Q60,113.970497,22.539101,963
粤BH4Q60,113.968697,22.539801,963
粤BH4Q60,113.973198,22.538099,964
粤BH4Q60,113.981598,22.536301,965
粤BH4Q60,113.984398,22.5362,965
粤BH4Q60,114.003998,22.5298,970
粤BH4Q60,114.011902,22.5301,971
粤BH4Q60,114.0187,22.531601,972
粤BH4Q60,114.024902,22.5313,972
粤BH4Q60,114.022003,22.5319,972
粤BH4Q60,114.038101,22.5299,974
粤BH4Q60,114.0383,22.5287,974
粤BH4Q60,114.038696,22.5268,975
粤BH4Q60,114.038902,22.5257,976
粤BH4Q60,114.039001,22.524401,978
粤BH4Q60,114.039902,22.524099,978
粤BH4Q60,114.042099,22.5222,979
粤BH4Q60,114.045601,22.5215,981
粤BH4Q60,114.0476,22.521,982
粤BH4Q60,114.0466,22.521099,982
粤BH4Q60,114.042099,22.5212,986
粤BH4Q60,114.043098,22.5205,986
粤BH4Q60,114.043404,22.5235,987
粤BH4Q60,114.0495,22.5312,990
粤BH4Q60,114.0709,22.531601,993
粤BH4Q60,114.073402,22.5317,993
粤BH4Q60,114.078003,22.533001,994
粤BH4Q60,114.075897,22.531799,994
粤BH4Q60,114.083397,22.537201,995
粤BH4Q60,114.097702,22.538,997
粤BH4Q60,114.100502,22.538,998
粤BH4Q60,114.0998,22.538,998
粤BH4Q60,114.100899,22.538,999
粤BH4Q60,114.101898,22.538099,1000
粤BH4Q60,114.101601,22.538,1000
粤BH4Q60,114.102699,22.538099,1001
粤BH4Q60,114.101997,22.538099,1001
粤BH4Q60,114.103104,22.538099,1002
粤BH4Q60,114.105301,22.5373,1004
粤BH4Q60,114.104797,22.5375,1004
粤BH4Q60,114.106903,22.5369,1004
粤BH4Q60,114.111,22.5378,1005
粤BH4Q60,114.108902,22.537399,1005
粤BH4Q60,114.120201,22.5385,1007
粤BH4Q60,114.123001,22.5404,1007
粤BH4Q60,114.127296,22.542999,1008
粤BH4Q60,114.134201,22.5469,1009
粤BH4Q60,114.131798,22.545401,1009
粤BH4Q60,114.139999,22.557899,1010
粤BH4Q60,114.140503,22.5627,1011
粤BH4Q60,114.137497,22.569,1013
粤BH4Q60,114.138,22.5748,1014
粤BH4Q60,114.1381,22.5714,1014
粤BH4Q60,114.138397,22.5728,1014
粤BH4Q60,114.133698,22.576799,1015
粤BH4Q60,114.123596,22.577,1016
粤BH4Q60,114.1278,22.5774,1016
粤BH4Q60,114.140503,22.5627,1017
粤BH4Q60,114.122803,22.579,1018
粤BH4Q60,114.122803,22.579,1018
粤BH4Q60,114.117798,22.568701,1029
粤BH4Q60,114.117699,22.571199,1029
粤BH4Q60,114.119598,22.558901,1031
粤BH4Q60,114.120003,22.5585,1031
粤BH4Q60,114.120102,22.556,1032
粤BH4Q60,114.121399,22.5574,1032
粤BH4Q60,114.117599,22.552099,1033
粤BH4Q60,114.1175,22.551901,1033
粤BH4Q60,114.116501,22.5499,1034
粤BH4Q60,114.116501,22.5487,1034
粤BH4Q60,114.116798,22.5481,1035
粤BH4Q60,114.117203,22.5469,1035
粤BH4Q60,114.116798,22.5481,1035
粤BH4Q60,114.117203,22.5469,1036
粤BH4Q60,114.117203,22.5469,1036
粤BH4Q60,114.117203,22.5469,1038
粤BH4Q60,114.117599,22.544201,1038
粤BH4Q60,114.118896,22.542601,1040
粤BH4Q60,114.119797,22.541901,1040
粤BH4Q60,114.119797,22.541901,1041
粤BH4Q60,114.120697,22.5424,1042
粤BH4Q60,114.125298,22.545,1043
粤BH4Q60,114.128403,22.545401,1045
粤BH4Q60,114.128403,22.545401,1045
粤BH4Q60,114.129303,22.545601,1046
粤BH4Q60,114.128403,22.545401,1046
粤BH4Q60,114.126099,22.547899,1050
粤BH4Q60,114.126099,22.547899,1051
粤BH4Q60,114.122002,22.544901,1052
粤BH4Q60,114.119797,22.542,1053
粤BH4Q60,114.1213,22.5434,1053
粤BH4Q60,114.117897,22.543501,1054
粤BH4Q60,114.118797,22.542801,1054
粤BH4Q60,114.115501,22.5441,1056
粤BH4Q60,114.114998,22.545601,1057
粤BH4Q60,114.116898,22.546,1058
粤BH4Q60,114.117104,22.5432,1060
粤BH4Q60,114.115997,22.5427,1060
粤BH4Q60,114.117104,22.5432,1060
粤BH4Q60,114.115997,22.542601,1061
粤BH4Q60,114.116096,22.542101,1061
粤BH4Q60,114.116402,22.5411,1063
粤BH4Q60,114.116302,22.5415,1063
粤BH4Q60,114.116501,22.540501,1064
粤BH4Q60,114.116699,22.5397,1064
粤BH4Q60,114.115402,22.539101,1064
粤BH4Q60,114.113998,22.5385,1065
粤BH4Q60,114.111504,22.537901,1065
粤BH4Q60,114.083397,22.537399,1068
粤BH4Q60,114.086502,22.537399,1068
粤BH4Q60,114.0793,22.5359,1069
粤BH4Q60,114.080498,22.5369,1069
粤BH4Q60,114.081902,22.5373,1069
粤BH4Q60,114.078003,22.5348,1070
粤BH4Q60,114.078598,22.534599,1070
粤BH4Q60,114.0774,22.5352,1070
粤BH4Q60,114.075897,22.5343,1072
粤BH4Q60,114.076202,22.534599,1072
粤BH4Q60,114.075699,22.5341,1072
粤BH4Q60,114.074699,22.5324,1073
粤BH4Q60,114.068199,22.5404,1076
粤BH4Q60,114.068298,22.5389,1076
粤BH4Q60,114.068901,22.542801,1077
粤BH4Q60,114.068901,22.542601,1077
粤BH4Q60,114.068901,22.542801,1077
粤BH4Q60,114.068901,22.542801,1078
粤BH4Q60,114.069,22.5431,1078
粤BH4Q60,114.068199,22.544901,1080
粤BH4Q60,114.068001,22.5466,1081
粤BH4Q60,114.068001,22.546301,1081
粤BH4Q60,114.067802,22.549801,1083
粤BH4Q60,114.067802,22.551399,1084
粤BH4Q60,114.067802,22.5539,1084
粤BH4Q60,114.067703,22.560699,1087
粤BH4Q60,114.067703,22.563,1087
粤BH4Q60,114.067703,22.5651,1088
粤BH4Q60,114.067703,22.564899,1088
粤BH4Q60,114.067596,22.566601,1091
粤BH4Q60,114.067596,22.566099,1091
粤BH4Q60,114.067596,22.568501,1094
粤BH4Q60,114.067596,22.568501,1094
粤BH4Q60,114.067497,22.5704,1096
粤BH4Q60,114.0644,22.5772,1097
粤BH4Q60,114.058701,22.5807,1098
粤BH4Q60,114.057999,22.5823,1098
粤BH4Q60,114.059998,22.578501,1098
粤BH4Q60,114.057999,22.5823,1099
粤BH4Q60,114.044403,22.595301,1100
粤BH4Q60,114.043503,22.596201,1101
粤BH4Q60,114.042297,22.596701,1102
粤BH4Q60,114.040001,22.597099,1104
粤BH4Q60,114.040001,22.597099,1104
粤BH4Q60,114.038002,22.5987,1105
粤BH4Q60,114.038803,22.5979,1105
粤BH4Q60,114.038002,22.598801,1106
粤BH4Q60,114.038002,22.5987,1106
粤BH4Q60,114.029297,22.607599,1108
粤BH4Q60,114.027397,22.6105,1109
粤BH4Q60,114.028,22.6113,1109
粤BH4Q60,114.028397,22.6089,1109
粤BH4Q60,114.030602,22.6133,1111
粤BH4Q60,114.031799,22.614401,1111
粤BH4Q60,114.032303,22.615,1112
粤BH4Q60,114.029602,22.6185,1112
粤BH4Q60,114.030701,22.617001,1112
粤BH4Q60,114.028198,22.622299,1113
粤BH4Q60,114.028702,22.620501,1113
粤BH4Q60,114.026604,22.627199,1114
粤BH4Q60,114.025902,22.629499,1115
粤BH4Q60,114.025902,22.629499,1116
粤BH4Q60,114.025902,22.629499,1117
粤BH4Q60,114.024803,22.635099,1118
粤BH4Q60,114.029701,22.6346,1119
粤BH4Q60,114.036301,22.633101,1122
粤BH4Q60,114.038498,22.632999,1123
粤BH4Q60,114.038597,22.632999,1123
粤BH4Q60,114.038597,22.632999,1124
粤BH4Q60,114.038597,22.632999,1125
粤BH4Q60,114.0364,22.633301,1125
粤BH4Q60,114.0392,22.632999,1125
粤BH4Q60,114.033203,22.634001,1126
粤BH4Q60,114.024902,22.633801,1129
粤BH4Q60,114.0252,22.6362,1129
粤BH4Q60,114.024399,22.635799,1129
粤BH4Q60,114.0252,22.631901,1130
粤BH4Q60,114.0252,22.632099,1130
粤BH4Q60,114.026398,22.6273,1132
粤BH4Q60,114.027496,22.6238,1134
粤BH4Q60,114.027901,22.622499,1135
粤BH4Q60,114.028603,22.618099,1136
粤BH4Q60,114.029297,22.618799,1136
粤BH4Q60,114.026901,22.613501,1141
粤BH4Q60,114.026901,22.613501,1142
粤BH4Q60,114.026901,22.613501,1142
粤BH4Q60,114.026901,22.613501,1146
粤BH4Q60,114.026901,22.613501,1146
粤BH4Q60,114.026901,22.613501,1147
粤BH4Q60,114.026901,22.613501,1147
粤BH4Q60,114.026901,22.613501,1148
粤BH4Q60,114.029404,22.6073,1149
粤BH4Q60,114.029404,22.6073,1150
粤BH4Q60,114.029404,22.6073,1150
粤BH4Q60,114.029404,22.6073,1150
粤BH4Q60,114.029404,22.6073,1151
粤BH4Q60,114.0317,22.6049,1151
粤BH4Q60,114.045403,22.593201,1153
粤BH4Q60,114.043602,22.5959,1153
粤BH4Q60,114.047096,22.590799,1154
粤BH4Q60,114.048103,22.5891,1154
粤BH4Q60,114.048103,22.5891,1154
粤BH4Q60,114.048103,22.5891,1155
粤BH4Q60,114.048103,22.5891,1155
粤BH4Q60,114.066399,22.5756,1157
粤BH4Q60,114.067398,22.573299,1157
粤BH4Q60,114.067596,22.565399,1158
粤BH4Q60,114.067703,22.559401,1159
粤BH4Q60,114.067802,22.552,1160
粤BH4Q60,114.067802,22.5516,1161
粤BH4Q60,114.0728,22.5511,1162
粤BH4Q60,114.076103,22.547001,1164
粤BH4Q60,114.077202,22.545401,1165
粤BH4Q60,114.0774,22.5453,1166
粤BH4Q60,114.0774,22.5453,1166
粤BH4Q60,114.0774,22.5446,1166
粤BH4Q60,114.067101,22.5387,1170
粤BH4Q60,114.066597,22.538601,1170
粤BH4Q60,114.066597,22.538601,1170
粤BH4Q60,114.064201,22.537701,1171
粤BH4Q60,114.065102,22.537901,1171
粤BH4Q60,114.063103,22.540001,1172
粤BH4Q60,114.0644,22.547501,1174
粤BH4Q60,114.0644,22.547501,1174
粤BH4Q60,114.0644,22.547501,1174
粤BH4Q60,114.0644,22.547501,1175
粤BH4Q60,114.0644,22.547501,1175
粤BH4Q60,114.0644,22.547501,1175
粤BH4Q60,114.0644,22.547501,1176
粤BH4Q60,114.0644,22.547501,1178
粤BH4Q60,114.064499,22.5474,1179
粤BH4Q60,114.064499,22.5464,1179
粤BH4Q60,114.063004,22.547199,1181
粤BH4Q60,114.063004,22.547199,1181
粤BH4Q60,114.062599,22.5508,1182
粤BH4Q60,114.062599,22.5508,1182
粤BH4Q60,114.062599,22.550699,1182
粤BH4Q60,114.063499,22.554399,1184
粤BH4Q60,114.065804,22.554501,1185
粤BH4Q60,114.065201,22.554501,1185
粤BH4Q60,114.065804,22.554501,1185
粤BH4Q60,114.067101,22.5546,1186
粤BH4Q60,114.067497,22.553301,1186
粤BH4Q60,114.067596,22.551201,1186
粤BH4Q60,114.062798,22.5418,1190
粤BH4Q60,114.062798,22.5408,1191
粤BH4Q60,114.067703,22.5387,1193
粤BH4Q60,114.063599,22.537701,1194
粤BH4Q60,114.065002,22.537901,1194
粤BH4Q60,114.063202,22.5385,1194
粤BH4Q60,114.063202,22.5413,1195
粤BH4Q60,114.065598,22.538099,1197
粤BH4Q60,114.066101,22.538401,1197
粤BH4Q60,114.064499,22.537701,1198
粤BH4Q60,114.063004,22.5375,1202
粤BH4Q60,114.066704,22.538601,1202
粤BH4Q60,114.065201,22.538,1202
粤BH4Q60,114.062798,22.534599,1203
粤BH4Q60,114.061699,22.5217,1205
粤BH4Q60,114.0606,22.521,1206
粤BH4Q60,114.061401,22.521601,1206
粤BH4Q60,114.056396,22.518999,1207
粤BH4Q60,114.053902,22.5184,1207
粤BH4Q60,114.0504,22.515301,1209
粤BH4Q60,114.045197,22.5142,1210
粤BH4Q60,114.0439,22.514299,1210
粤BH4Q60,114.046097,22.514099,1210
粤BH4Q60,114.040901,22.514799,1212
粤BH4Q60,114.040001,22.5152,1212
粤BH4Q60,114.041496,22.514601,1212
粤BH4Q60,114.039001,22.5156,1213
粤BH4Q60,114.041801,22.521,1215
粤BH4Q60,114.041702,22.5208,1215
粤BH4Q60,114.037804,22.5235,1216
粤BH4Q60,114.038597,22.5229,1216
粤BH4Q60,114.040199,22.5221,1216
粤BH4Q60,114.038002,22.5238,1217
粤BH4Q60,114.038399,22.527201,1220
粤BH4Q60,114.037102,22.5273,1221
粤BH4Q60,114.040199,22.530701,1224
粤BH4Q60,114.040199,22.530701,1224
粤BH4Q60,114.040199,22.530701,1225
粤BH4Q60,114.040199,22.530701,1225
粤BH4Q60,114.040199,22.530701,1225
粤BH4Q60,114.040199,22.530701,1226
粤BH4Q60,114.040199,22.530701,1226
粤BH4Q60,114.040199,22.530701,1228
粤BH4Q60,114.040199,22.530701,1231
粤BH4Q60,114.040199,22.530701,1232
粤BH4Q60,114.040199,22.530701,1232
粤BH4Q60,114.040199,22.530701,1232
粤BH4Q60,114.040199,22.530701,1233
粤BH4Q60,114.040199,22.530701,1235
粤BH4Q60,114.040199,22.530701,1236
粤BH4Q60,114.040199,22.530701,1236
粤BH4Q60,114.040199,22.530701,1238
粤BH4Q60,114.040199,22.530701,1239
粤BH4Q60,114.040199,22.530701,1239
粤BH4Q60,114.040199,22.530701,1240
粤BH4Q60,114.040199,22.530701,1241
粤BH4Q60,114.040199,22.530701,1242
粤BH4Q60,114.041801,22.531,1242
粤BH4Q60,114.044601,22.529301,1243
粤BH4Q60,114.043701,22.530399,1243
粤BH4Q60,114.0448,22.527599,1243
粤BH4Q60,114.042,22.521601,1245
粤BH4Q60,114.042397,22.5221,1245
粤BH4Q60,114.043198,22.5233,1245
粤BH4Q60,114.042,22.521601,1246
粤BH4Q60,114.041702,22.521,1246
粤BH4Q60,114.040703,22.5193,1247
粤BH4Q60,114.037903,22.5186,1248
粤BH4Q60,114.036003,22.5189,1249
粤BH4Q60,114.0364,22.5193,1249
粤BH4Q60,114.035301,22.5177,1250
粤BH4Q60,114.0355,22.5182,1250
粤BH4Q60,114.031097,22.5236,1252
粤BH4Q60,114.031097,22.5236,1253
粤BH4Q60,114.031097,22.5236,1253
粤BH4Q60,114.032501,22.5259,1255
粤BH4Q60,114.032501,22.5259,1256
粤BH4Q60,114.032501,22.5259,1256
粤BH4Q60,114.030701,22.5273,1257
粤BH4Q60,114.032402,22.5264,1257
粤BH4Q60,114.023399,22.5427,1260
粤BH4Q60,114.023399,22.5427,1260
粤BH4Q60,114.023399,22.5427,1261
粤BH4Q60,114.023399,22.5427,1262
粤BH4Q60,114.023399,22.5427,1262
粤BH4Q60,114.023399,22.5427,1263
粤BH4Q60,114.023399,22.5427,1264
粤BH4Q60,114.023399,22.5427,1264
粤BH4Q60,114.023399,22.5427,1265
粤BH4Q60,114.023399,22.5427,1267
粤BH4Q60,114.023399,22.5427,1267
粤BH4Q60,114.023399,22.5427,1268
粤BH4Q60,114.023399,22.5427,1268
粤BH4Q60,114.023399,22.5427,1269
粤BH4Q60,114.023399,22.5427,1271
粤BH4Q60,114.023399,22.5427,1272
粤BH4Q60,114.023399,22.5427,1274
粤BH4Q60,114.023399,22.5427,1274
粤BH4Q60,114.023399,22.5427,1277
粤BH4Q60,114.023399,22.5427,1278
粤BH4Q60,114.023399,22.5427,1278
粤BH4Q60,114.023399,22.5427,1278
粤BH4Q60,114.023399,22.5427,1279
粤BH4Q60,114.023399,22.5427,1281
粤BH4Q60,114.023399,22.5427,1282
粤BH4Q60,114.023399,22.5427,1282
粤BH4Q60,114.023399,22.5427,1282
粤BH4Q60,114.023399,22.5427,1284
粤BH4Q60,114.023399,22.5427,1285
粤BH4Q60,114.023399,22.5427,1285
粤BH4Q60,114.023399,22.5427,1286
粤BH4Q60,114.023399,22.5427,1288
粤BH4Q60,114.023399,22.5427,1289
粤BH4Q60,114.023399,22.5427,1289
粤BH4Q60,114.023399,22.5427,1291
粤BH4Q60,114.023399,22.5427,1292
粤BH4Q60,114.023399,22.5427,1292
粤BH4Q60,114.023399,22.5427,1292
粤BH4Q60,114.023399,22.5427,1293
粤BH4Q60,114.023399,22.5427,1294
粤BH4Q60,114.023399,22.5427,1294
粤BH4Q60,114.023399,22.5427,1295
粤BH4Q60,114.023399,22.5427,1295
粤BH4Q60,114.023399,22.5427,1295
粤BH4Q60,114.023399,22.5427,1298
粤BH4Q60,114.023399,22.5427,1298
粤BH4Q60,114.023399,22.5427,1298
粤BH4Q60,114.023399,22.5427,1299
粤BH4Q60,114.023399,22.5427,1299
粤BH4Q60,114.023399,22.5427,1300
粤BH4Q60,114.023399,22.5427,1302
粤BH4Q60,114.023399,22.5427,1302
粤BH4Q60,114.023399,22.5427,1303
粤BH4Q60,114.023399,22.5427,1310
粤BH4Q60,114.023399,22.5427,1310
粤BH4Q60,114.023399,22.5427,1310
粤BH4Q60,114.023399,22.5427,1310
粤BH4Q60,114.023399,22.5427,1311
粤BH4Q60,114.023399,22.5427,1311
粤BH4Q60,114.023399,22.5427,1313
粤BH4Q60,114.023399,22.5427,1314
粤BH4Q60,114.023399,22.5427,1315
粤BH4Q60,114.023399,22.5427,1317
粤BH4Q60,114.023399,22.5427,1317
粤BH4Q60,114.023399,22.5427,1318
粤BH4Q60,114.023399,22.5427,1318
粤BH4Q60,114.023399,22.5427,1318
粤BH4Q60,114.023399,22.5427,1324
粤BH4Q60,114.023399,22.5427,1325
粤BH4Q60,114.023399,22.5427,1326
粤BH4Q60,114.023399,22.5427,1327
粤BH4Q60,114.023399,22.5427,1330
粤BH4Q60,114.023399,22.5427,1331
粤BH4Q60,114.023399,22.5427,1331
粤BH4Q60,114.023399,22.5427,1332
粤BH4Q60,114.023399,22.5427,1332
粤BH4Q60,114.023399,22.5427,1334
粤BH4Q60,114.023399,22.5427,1334
粤BH4Q60,114.023399,22.5427,1335
粤BH4Q60,114.023399,22.5427,1335
粤BH4Q60,114.023399,22.5427,1335
粤BH4Q60,114.023399,22.5427,1337
粤BH4Q60,114.023399,22.5427,1338
粤BH4Q60,114.023399,22.5427,1339
粤BH4Q60,114.023399,22.5427,1341
粤BH4Q60,114.023399,22.5427,1342
粤BH4Q60,114.023399,22.5427,1342
粤BH4Q60,114.023399,22.5427,1342
粤BH4Q60,114.023399,22.5427,1343
粤BH4Q60,114.023399,22.5427,1344
粤BH4Q60,114.023399,22.5427,1344
粤BH4Q60,114.023399,22.5427,1345
粤BH4Q60,114.023399,22.5427,1346
粤BH4Q60,114.023399,22.5427,1346
粤BH4Q60,114.023399,22.5427,1348
粤BH4Q60,114.023399,22.5427,1348
粤BH4Q60,114.023399,22.5427,1349
粤BH4Q60,114.023399,22.5427,1349
粤BH4Q60,114.023399,22.5427,1349
粤BH4Q60,114.023399,22.5427,1350
粤BH4Q60,114.023399,22.5427,1351
粤BH4Q60,114.023399,22.5427,1352
粤BH4Q60,114.023399,22.5427,1353
粤BH4Q60,114.023399,22.5427,1353
粤BH4Q60,114.023399,22.5427,1358
粤BH4Q60,114.023399,22.5427,1358
粤BH4Q60,114.023399,22.5427,1359
粤BH4Q60,114.023399,22.5427,1359
粤BH4Q60,114.023399,22.5427,1360
粤BH4Q60,114.023399,22.5427,1365
粤BH4Q60,114.023399,22.5427,1365
粤BH4Q60,114.023399,22.5427,1365
粤BH4Q60,114.023399,22.5427,1366
粤BH4Q60,114.023399,22.5427,1366
粤BH4Q60,114.023399,22.5427,1368
粤BH4Q60,114.023399,22.5427,1369
粤BH4Q60,114.023399,22.5427,1369
粤BH4Q60,114.023399,22.5427,1370
粤BH4Q60,114.023399,22.5427,1372
粤BH4Q60,114.023399,22.5427,1377
粤BH4Q60,114.023399,22.5427,1377
粤BH4Q60,114.023399,22.5427,1378
粤BH4Q60,114.023399,22.5427,1378
粤BH4Q60,114.023399,22.5427,1380
粤BH4Q60,114.023399,22.5427,1380
粤BH4Q60,114.023399,22.5427,1381
粤BH4Q60,114.023399,22.5427,1381
粤BH4Q60,114.023399,22.5427,1382
粤BH4Q60,114.023399,22.5427,1383
粤BH4Q60,114.023399,22.5427,1384
粤BH4Q60,114.023399,22.5427,1384
粤BH4Q60,114.023399,22.5427,1385
粤BH4Q60,114.023399,22.5427,1387
粤BH4Q60,114.023399,22.5427,1387
粤BH4Q60,114.023399,22.5427,1387
粤BH4Q60,114.023399,22.5427,1388
粤BH4Q60,114.023399,22.5427,1388
粤BH4Q60,114.023399,22.5427,1390
粤BH4Q60,114.023399,22.5427,1390
粤BH4Q60,114.023399,22.5427,1391
粤BH4Q60,114.023399,22.5427,1391
粤BH4Q60,114.023399,22.5427,1391
粤BH4Q60,114.023399,22.5427,1392
粤BH4Q60,114.023399,22.5427,1393
粤BH4Q60,114.023399,22.5427,1394
粤BH4Q60,114.023399,22.5427,1394
粤BH4Q60,114.023399,22.5427,1395
粤BH4Q60,114.023399,22.5427,1397
粤BH4Q60,114.023399,22.5427,1397
粤BH4Q60,114.023399,22.5427,1398
粤BH4Q60,114.023399,22.5427,1398
粤BH4Q60,114.023399,22.5427,1398
粤BH4Q60,114.023399,22.5427,1401
粤BH4Q60,114.023399,22.5427,1404
粤BH4Q60,114.023399,22.5427,1405
粤BH4Q60,114.023399,22.5427,1405
粤BH4Q60,114.023399,22.5427,1405
粤BH4Q60,114.023399,22.5427,1406
粤BH4Q60,114.023399,22.5427,1410
粤BH4Q60,114.023399,22.5427,1410
粤BH4Q60,114.023399,22.5427,1411
粤BH4Q60,114.023399,22.5427,1411
粤BH4Q60,114.023399,22.5427,1411
粤BH4Q60,114.023399,22.5427,1412
粤BH4Q60,114.023399,22.5427,1413
粤BH4Q60,114.023399,22.5427,1413
粤BH4Q60,114.023399,22.5427,1414
粤BH4Q60,114.023399,22.5427,1415
粤BH4Q60,114.023399,22.5427,1415
粤BH4Q60,114.023399,22.5427,1416
粤BH4Q60,114.023399,22.5427,1417
粤BH4Q60,114.023399,22.5427,1418
粤BH4Q60,114.023399,22.5427,1419
粤BH4Q60,114.023399,22.5427,1421
粤BH4Q60,114.023399,22.5427,1422
粤BH4Q60,114.023399,22.5427,1422
粤BH4Q60,114.023399,22.5427,1423
粤BH4Q60,114.023399,22.5427,1425
粤BH4Q60,114.023399,22.5427,1425
粤BH4Q60,114.023399,22.5427,1426
粤BH4Q60,114.023399,22.5427,1426
粤BH4Q60,114.023399,22.5427,1426
粤BH4Q60,114.023399,22.5427,1427
粤BH4Q60,114.023399,22.5427,1427
粤BH4Q60,114.023399,22.5427,1430
粤BH4Q60,114.023399,22.5427,1430
粤BH4Q60,114.023399,22.5427,1431
粤BH4Q60,114.023399,22.5427,1432
粤BH4Q60,114.023399,22.5427,1432
粤BH4Q60,114.023399,22.5427,1433
粤BH4Q60,114.023399,22.5427,1433
粤BH4Q60,114.023399,22.5427,1433
