粤B369ZB,113.813499,22.624399,21
粤B369ZB,113.813499,22.624901,22
粤B369ZB,113.813499,22.624399,22
粤B369ZB,113.813202,22.625401,23
粤B369ZB,113.813202,22.625401,24
粤B369ZB,113.813202,22.625401,25
粤B369ZB,113.813202,22.625401,26
粤B369ZB,113.813202,22.625401,27
粤B369ZB,113.813202,22.625401,27
粤B369ZB,113.812798,22.626101,28
粤B369ZB,113.812202,22.627399,29
粤B369ZB,113.812202,22.627399,30
粤B369ZB,113.812202,22.627399,31
粤B369ZB,113.812202,22.627399,32
粤B369ZB,113.812202,22.627399,32
粤B369ZB,113.812202,22.627399,33
粤B369ZB,113.812202,22.627399,35
粤B369ZB,113.812103,22.627501,36
粤B369ZB,113.809799,22.6273,37
粤B369ZB,113.812103,22.6276,37
粤B369ZB,113.809799,22.6273,38
粤B369ZB,113.809799,22.627199,39
粤B369ZB,113.809898,22.626499,40
粤B369ZB,113.809898,22.626499,40
粤B369ZB,113.806801,22.623899,41
粤B369ZB,113.809502,22.6187,42
粤B369ZB,113.8134,22.611799,43
粤B369ZB,113.819298,22.6117,44
粤B369ZB,113.826797,22.6157,44
粤B369ZB,113.835403,22.6196,45
粤B369ZB,113.8442,22.621799,46
粤B369ZB,113.848999,22.621099,47
粤B369ZB,113.850502,22.6192,48
粤B369ZB,113.853798,22.619699,49
粤B369ZB,113.856003,22.617599,49
粤B369ZB,113.855598,22.618799,50
粤B369ZB,113.855598,22.618999,51
粤B369ZB,113.8666,22.605301,60
粤B369ZB,113.8666,22.605101,61
粤B369ZB,113.866203,22.605301,62
粤B369ZB,113.870201,22.600901,63
粤B369ZB,113.8722,22.5965,63
粤B369ZB,113.878502,22.5926,65
粤B369ZB,113.880302,22.590099,66
粤B369ZB,113.8787,22.5872,67
粤B369ZB,113.883301,22.582001,68
粤B369ZB,113.881302,22.5847,68
粤B369ZB,113.884201,22.579599,69
粤B369ZB,113.8787,22.574699,70
粤B369ZB,113.878502,22.5746,71
粤B369ZB,113.880302,22.5728,72
粤B369ZB,113.880302,22.572901,72
粤B369ZB,113.884804,22.5798,73
粤B369ZB,113.880699,22.5765,73
粤B369ZB,113.884804,22.5798,74
粤B369ZB,113.888298,22.577801,75
粤B369ZB,113.888397,22.577801,75
粤B369ZB,113.884697,22.5798,76
粤B369ZB,113.879501,22.576,77
粤B369ZB,113.879402,22.5772,78
粤B369ZB,113.879402,22.5772,78
粤B369ZB,113.880096,22.578501,79
粤B369ZB,113.880402,22.5763,80
粤B369ZB,113.8787,22.574699,81
粤B369ZB,113.879799,22.5732,81
粤B369ZB,113.883102,22.571699,82
粤B369ZB,113.885696,22.571301,83
粤B369ZB,113.887299,22.568001,84
粤B369ZB,113.888802,22.564699,85
粤B369ZB,113.887299,22.564699,86
粤B369ZB,113.886703,22.562,86
粤B369ZB,113.889297,22.563999,87
粤B369ZB,113.889397,22.563999,88
粤B369ZB,113.889397,22.563999,89
粤B369ZB,113.891098,22.562401,90
粤B369ZB,113.897598,22.5571,91
粤B369ZB,113.894501,22.559601,91
粤B369ZB,113.899696,22.5555,92
粤B369ZB,113.8983,22.556499,93
粤B369ZB,113.903099,22.5613,94
粤B369ZB,113.9039,22.562,95
粤B369ZB,113.902496,22.563299,96
粤B369ZB,113.9021,22.5637,96
粤B369ZB,113.901901,22.560499,97
粤B369ZB,113.902603,22.563299,97
粤B369ZB,113.901497,22.560101,98
粤B369ZB,113.894402,22.565201,99
粤B369ZB,113.886902,22.5732,100
粤B369ZB,113.883102,22.5783,101
粤B369ZB,113.880501,22.5812,102
粤B369ZB,113.880302,22.5835,103
粤B369ZB,113.881599,22.584499,104
粤B369ZB,113.8834,22.5821,105
粤B369ZB,113.889198,22.576799,106
粤B369ZB,113.886398,22.579599,106
粤B369ZB,113.8908,22.5753,107
粤B369ZB,113.892403,22.573601,108
粤B369ZB,113.896004,22.57,109
粤B369ZB,113.899002,22.5669,110
粤B369ZB,113.900002,22.566,111
粤B369ZB,113.900002,22.566099,111
粤B369ZB,113.899399,22.5665,112
粤B369ZB,113.897301,22.5651,112
粤B369ZB,113.871201,22.5886,116
粤B369ZB,113.865997,22.5968,117
粤B369ZB,113.861198,22.6036,117
粤B369ZB,113.855003,22.604099,118
粤B369ZB,113.852898,22.606199,119
粤B369ZB,113.8498,22.606899,120
粤B369ZB,113.8498,22.606899,121
粤B369ZB,113.8498,22.606899,121
粤B369ZB,113.848602,22.6057,122
粤B369ZB,113.848198,22.603399,123
粤B369ZB,113.8452,22.600901,123
粤B369ZB,113.844803,22.597799,124
粤B369ZB,113.846298,22.5952,125
粤B369ZB,113.847603,22.5935,126
粤B369ZB,113.852303,22.589001,127
粤B369ZB,113.856697,22.5835,128
粤B369ZB,113.857697,22.585199,128
粤B369ZB,113.855598,22.582399,129
粤B369ZB,113.854698,22.581499,130
粤B369ZB,113.858398,22.5755,131
粤B369ZB,113.855301,22.5805,131
粤B369ZB,113.859596,22.571199,132
粤B369ZB,113.861801,22.5697,133
粤B369ZB,113.864304,22.567699,134
粤B369ZB,113.862999,22.5688,134
粤B369ZB,113.865097,22.567101,135
粤B369ZB,113.867798,22.5653,136
粤B369ZB,113.867798,22.5653,137
粤B369ZB,113.870598,22.567301,138
粤B369ZB,113.873802,22.565399,139
粤B369ZB,113.873802,22.565399,139
粤B369ZB,113.874702,22.566,140
粤B369ZB,113.877602,22.567499,141
粤B369ZB,113.877602,22.564301,142
粤B369ZB,113.876602,22.5634,143
粤B369ZB,113.878799,22.561001,144
粤B369ZB,113.876503,22.563299,144
粤B369ZB,113.878998,22.560801,145
粤B369ZB,113.882202,22.5578,146
粤B369ZB,113.883003,22.558001,147
粤B369ZB,113.884697,22.5595,148
粤B369ZB,113.884697,22.5595,149
粤B369ZB,113.884697,22.5595,149
粤B369ZB,113.884697,22.5595,150
粤B369ZB,113.884697,22.5595,151
粤B369ZB,113.884697,22.5595,152
粤B369ZB,113.884697,22.5595,153
粤B369ZB,113.884598,22.5597,154
粤B369ZB,113.884598,22.5597,154
粤B369ZB,113.884697,22.559401,155
粤B369ZB,113.884697,22.559401,156
粤B369ZB,113.884697,22.559401,157
粤B369ZB,113.884697,22.559401,158
粤B369ZB,113.884697,22.559401,159
粤B369ZB,113.884697,22.559401,159
粤B369ZB,113.884697,22.559401,160
粤B369ZB,113.884697,22.559401,161
粤B369ZB,113.884697,22.5599,162
粤B369ZB,113.884598,22.5597,163
粤B369ZB,113.884598,22.5597,164
粤B369ZB,113.884598,22.5597,164
粤B369ZB,113.884598,22.5597,165
粤B369ZB,113.884399,22.559799,166
粤B369ZB,113.884399,22.559799,167
粤B369ZB,113.884399,22.559799,168
粤B369ZB,113.884399,22.559799,169
粤B369ZB,113.884399,22.559799,169
粤B369ZB,113.884399,22.559799,170
粤B369ZB,113.884399,22.559799,171
粤B369ZB,113.884399,22.559799,172
粤B369ZB,113.884399,22.559799,173
粤B369ZB,113.884399,22.559799,174
粤B369ZB,113.884399,22.559799,174
粤B369ZB,113.884499,22.5597,175
粤B369ZB,113.884399,22.559799,179
粤B369ZB,113.876801,22.5707,360
粤B369ZB,113.873199,22.5735,361
粤B369ZB,113.867302,22.577499,362
粤B369ZB,113.8638,22.5805,363
粤B369ZB,113.8638,22.5805,363
粤B369ZB,113.861702,22.5826,364
粤B369ZB,113.858498,22.5851,365
粤B369ZB,113.851997,22.589399,366
粤B369ZB,113.8461,22.596001,367
粤B369ZB,113.841698,22.604401,368
粤B369ZB,113.8442,22.599501,368
粤B369ZB,113.8386,22.610901,369
粤B369ZB,113.837997,22.612301,370
粤B369ZB,113.836403,22.6159,371
粤B369ZB,113.831802,22.618401,372
粤B369ZB,113.817299,22.6126,373
粤B369ZB,113.8246,22.614799,373
粤B369ZB,113.812897,22.6201,374
粤B369ZB,113.8125,22.626301,375
粤B369ZB,113.808998,22.6271,376
粤B369ZB,113.807701,22.626499,376
粤B369ZB,113.806602,22.625999,377
粤B369ZB,113.807602,22.6217,378
粤B369ZB,113.810799,22.615801,379
粤B369ZB,113.813904,22.6101,380
粤B369ZB,113.809303,22.607401,380
粤B369ZB,113.808899,22.607401,381
粤B369ZB,113.808899,22.607401,382
粤B369ZB,113.808899,22.607401,383
粤B369ZB,113.808899,22.607401,384
粤B369ZB,113.808899,22.607401,385
粤B369ZB,113.808899,22.607401,385
粤B369ZB,113.808899,22.607401,387
粤B369ZB,113.808899,22.607401,389
粤B369ZB,113.808899,22.607401,390
粤B369ZB,113.808899,22.607401,393
粤B369ZB,113.808899,22.607401,394
粤B369ZB,113.808899,22.607401,395
粤B369ZB,113.8097,22.6075,398
粤B369ZB,113.817001,22.6108,399
粤B369ZB,113.820297,22.612301,400
粤B369ZB,113.851097,22.624599,403
粤B369ZB,113.867996,22.5844,470
粤B369ZB,113.869301,22.585501,471
粤B369ZB,113.8722,22.5877,472
粤B369ZB,113.863098,22.6028,476
粤B369ZB,113.863701,22.6033,477
粤B369ZB,113.8638,22.6033,480
粤B369ZB,113.8638,22.6033,481
粤B369ZB,113.8638,22.6033,482
粤B369ZB,113.855301,22.613001,490
粤B369ZB,113.853203,22.615801,491
粤B369ZB,113.849197,22.6213,492
粤B369ZB,113.844803,22.627501,493
粤B369ZB,113.842697,22.6306,496
粤B369ZB,113.843803,22.627001,497
粤B369ZB,113.842102,22.627199,498
粤B369ZB,113.839302,22.627001,501
粤B369ZB,113.839302,22.6269,503
粤B369ZB,113.839302,22.627001,506
粤B369ZB,113.839104,22.6269,507
粤B369ZB,113.838997,22.626699,508
粤B369ZB,113.8134,22.625099,564
粤B369ZB,113.8134,22.625099,564
粤B369ZB,113.8134,22.625099,565
粤B369ZB,113.8134,22.625099,566
粤B369ZB,113.8134,22.625099,567
粤B369ZB,113.8134,22.625099,568
粤B369ZB,113.8134,22.625099,569
粤B369ZB,113.8134,22.625099,569
粤B369ZB,113.8134,22.625099,570
粤B369ZB,113.8134,22.625099,571
粤B369ZB,113.8134,22.625099,572
粤B369ZB,113.8134,22.625099,573
粤B369ZB,113.8134,22.625099,574
粤B369ZB,113.8134,22.625099,574
粤B369ZB,113.8134,22.625099,575
粤B369ZB,113.8134,22.625099,576
粤B369ZB,113.8134,22.625099,577
粤B369ZB,113.8134,22.625099,578
粤B369ZB,113.8134,22.625099,579
粤B369ZB,113.8134,22.625099,579
粤B369ZB,113.8134,22.625099,580
粤B369ZB,113.812798,22.6262,581
粤B369ZB,113.812599,22.626699,582
粤B369ZB,113.812599,22.626699,583
粤B369ZB,113.812599,22.626699,584
粤B369ZB,113.812599,22.626699,584
粤B369ZB,113.812599,22.626699,585
粤B369ZB,113.812599,22.626699,586
粤B369ZB,113.812599,22.626699,587
粤B369ZB,113.812599,22.626699,588
粤B369ZB,113.812599,22.626699,589
粤B369ZB,113.812599,22.626699,589
粤B369ZB,113.812599,22.626699,590
粤B369ZB,113.812599,22.626699,591
粤B369ZB,113.812599,22.626699,592
粤B369ZB,113.812302,22.626699,593
粤B369ZB,113.811996,22.626699,594
粤B369ZB,113.811996,22.626699,594
粤B369ZB,113.8125,22.626801,595
粤B369ZB,113.8125,22.626801,596
粤B369ZB,113.8125,22.626801,597
粤B369ZB,113.8125,22.626801,598
粤B369ZB,113.8125,22.626801,599
粤B369ZB,113.8125,22.626801,599
粤B369ZB,113.8125,22.626801,600
粤B369ZB,113.8125,22.626801,604
粤B369ZB,113.8125,22.626801,604
粤B369ZB,113.8125,22.626801,605
粤B369ZB,113.8125,22.626801,606
粤B369ZB,113.8125,22.626801,607
粤B369ZB,113.8125,22.626801,608
粤B369ZB,113.8125,22.626801,611
粤B369ZB,113.8125,22.626801,612
粤B369ZB,113.8125,22.626801,613
粤B369ZB,113.812401,22.626801,614
粤B369ZB,113.812103,22.627399,614
粤B369ZB,113.812103,22.627399,615
粤B369ZB,113.811501,22.628,616
粤B369ZB,113.811501,22.628,617
粤B369ZB,113.811501,22.627899,618
粤B369ZB,113.811501,22.627899,619
粤B369ZB,113.811501,22.627899,619
粤B369ZB,113.811501,22.627899,620
粤B369ZB,113.811501,22.627899,621
粤B369ZB,113.811501,22.627899,622
粤B369ZB,113.811501,22.627899,623
粤B369ZB,113.865501,22.653299,645
粤B369ZB,113.876099,22.656799,646
粤B369ZB,113.888,22.658701,647
粤B369ZB,113.911102,22.659,648
粤B369ZB,113.899696,22.659201,648
粤B369ZB,113.920799,22.660101,649
粤B369ZB,113.928101,22.6661,650
粤B369ZB,113.935097,22.671,651
粤B369ZB,113.942398,22.674801,652
粤B369ZB,113.9505,22.680799,653
粤B369ZB,113.960197,22.684401,653
粤B369ZB,113.968201,22.686001,654
粤B369ZB,113.965897,22.6875,655
粤B369ZB,113.965797,22.689301,656
粤B369ZB,113.971703,22.683399,657
粤B369ZB,113.981102,22.674299,658
粤B369ZB,113.976601,22.6777,658
粤B369ZB,113.981796,22.6738,659
粤B369ZB,113.9832,22.672899,660
粤B369ZB,113.987503,22.6758,663
粤B369ZB,113.994797,22.679501,665
粤B369ZB,113.994797,22.679501,666
粤B369ZB,113.998001,22.681601,667
粤B369ZB,114.000603,22.6789,668
粤B369ZB,114.001198,22.678801,668
粤B369ZB,114.001099,22.678699,669
粤B369ZB,114.000099,22.679501,670
粤B369ZB,113.998299,22.681499,671
粤B369ZB,113.995796,22.680099,672
粤B369ZB,113.992798,22.6782,673
粤B369ZB,113.989403,22.676901,673
粤B369ZB,113.986099,22.6737,674
粤B369ZB,113.973198,22.6814,680
粤B369ZB,113.977699,22.676399,681
粤B369ZB,113.978401,22.675699,681
粤B369ZB,113.9785,22.6779,682
粤B369ZB,113.979897,22.68,683
粤B369ZB,113.9795,22.681,684
粤B369ZB,113.9814,22.681601,685
粤B369ZB,113.984901,22.681499,686
粤B369ZB,113.987602,22.681801,687
粤B369ZB,113.985703,22.681601,687
粤B369ZB,113.987503,22.681801,687
粤B369ZB,113.987503,22.681801,688
粤B369ZB,113.982803,22.6817,689
粤B369ZB,113.980103,22.681601,690
粤B369ZB,113.9795,22.6814,691
粤B369ZB,113.976402,22.68,692
粤B369ZB,113.974602,22.68,692
粤B369ZB,113.974098,22.6807,693
粤B369ZB,113.973198,22.6817,694
粤B369ZB,113.968102,22.688101,695
粤B369ZB,113.963097,22.695299,696
粤B369ZB,113.962799,22.696301,697
粤B369ZB,113.9571,22.7104,698
粤B369ZB,113.959503,22.7017,698
粤B369ZB,113.951897,22.7211,699
粤B369ZB,113.943398,22.7286,700
粤B369ZB,113.906303,22.791901,709
粤B369ZB,113.903099,22.794201,710
粤B369ZB,113.900597,22.797001,711
粤B369ZB,113.897003,22.7987,712
粤B369ZB,113.8965,22.798901,713
粤B369ZB,113.896301,22.798901,713
粤B369ZB,113.896301,22.798901,714
粤B369ZB,113.895897,22.799,715
粤B369ZB,113.890999,22.800501,716
粤B369ZB,113.886002,22.8018,717
粤B369ZB,113.885902,22.801901,718
粤B369ZB,113.8853,22.802299,718
粤B369ZB,113.885201,22.802099,720
粤B369ZB,113.875198,22.566601,822
粤B369ZB,113.875702,22.563801,823
粤B369ZB,113.8741,22.565901,823
粤B369ZB,113.876198,22.5632,824
粤B369ZB,113.876099,22.563,825
粤B369ZB,113.8759,22.563,826
粤B369ZB,113.8759,22.563,827
粤B369ZB,113.8759,22.563,828
粤B369ZB,113.8759,22.563,828
粤B369ZB,113.8759,22.563,829
粤B369ZB,113.8759,22.563,830
粤B369ZB,113.875504,22.563101,831
粤B369ZB,113.875504,22.563101,832
粤B369ZB,113.8759,22.563,833
粤B369ZB,113.8759,22.563,833
粤B369ZB,113.8759,22.563,834
粤B369ZB,113.8759,22.563,835
粤B369ZB,113.8759,22.563,836
粤B369ZB,113.875702,22.563101,837
粤B369ZB,113.857002,22.5791,859
粤B369ZB,113.8591,22.5772,860
粤B369ZB,113.859596,22.5769,861
粤B369ZB,113.862396,22.5795,862
粤B369ZB,113.863098,22.5802,863
粤B369ZB,113.865097,22.582199,864
粤B369ZB,113.866096,22.5832,865
粤B369ZB,113.869499,22.585899,865
粤B369ZB,113.870102,22.5863,866
粤B369ZB,113.871597,22.587299,867
粤B369ZB,113.872902,22.588301,868
粤B369ZB,113.870598,22.5896,869
粤B369ZB,113.868103,22.5937,870
粤B369ZB,113.8638,22.6033,871
粤B369ZB,113.864197,22.5998,871
粤B369ZB,113.8657,22.605,872
粤B369ZB,113.8657,22.605,873
粤B369ZB,113.864403,22.6073,874
粤B369ZB,113.864502,22.607401,875
粤B369ZB,113.864601,22.607599,876
粤B369ZB,113.864601,22.607599,876
粤B369ZB,113.864502,22.6077,877
粤B369ZB,113.864601,22.607201,878
粤B369ZB,113.864601,22.607201,879
粤B369ZB,113.862999,22.6082,880
粤B369ZB,113.857697,22.6136,881
粤B369ZB,113.856697,22.6164,881
粤B369ZB,113.855202,22.620399,882
粤B369ZB,113.855202,22.620399,883
粤B369ZB,113.855202,22.620399,884
粤B369ZB,113.852402,22.619499,885
粤B369ZB,113.845596,22.626301,886
粤B369ZB,113.848999,22.621901,886
粤B369ZB,113.840897,22.6332,887
粤B369ZB,113.837997,22.636,888
粤B369ZB,113.841499,22.632099,889
粤B369ZB,113.844299,22.628,890
粤B369ZB,113.844597,22.622299,891
粤B369ZB,113.845497,22.625601,891
粤B369ZB,113.835999,22.6199,892
粤B369ZB,113.8265,22.6157,893
粤B369ZB,113.819199,22.612301,894
粤B369ZB,113.814903,22.616899,895
粤B369ZB,113.812202,22.6229,896
粤B369ZB,113.813103,22.623699,896
粤B369ZB,113.813103,22.623699,897
粤B369ZB,113.813301,22.6241,914
粤B369ZB,113.813202,22.6241,915
粤B369ZB,113.813202,22.6241,916
粤B369ZB,113.813202,22.6241,921
粤B369ZB,113.813499,22.625,924
粤B369ZB,113.813499,22.625,925
粤B369ZB,113.813499,22.625,926
粤B369ZB,113.813499,22.625,926
粤B369ZB,113.813499,22.625,927
粤B369ZB,113.813499,22.625,928
粤B369ZB,113.813499,22.625,929
粤B369ZB,113.813499,22.625,930
粤B369ZB,113.813499,22.625,931
粤B369ZB,113.813499,22.625,931
粤B369ZB,113.813499,22.625,932
粤B369ZB,113.813499,22.625,933
粤B369ZB,113.813499,22.625,934
粤B369ZB,113.813499,22.625,935
粤B369ZB,113.813499,22.625,936
粤B369ZB,113.813499,22.625,936
粤B369ZB,113.813499,22.625,937
粤B369ZB,113.813499,22.625,938
粤B369ZB,113.813499,22.625,939
粤B369ZB,113.813499,22.625,940
粤B369ZB,113.813499,22.625,941
粤B369ZB,113.813499,22.625,941
粤B369ZB,113.813499,22.625,942
粤B369ZB,113.813499,22.625,943
粤B369ZB,113.813301,22.625299,944
粤B369ZB,113.812599,22.626699,945
粤B369ZB,113.812599,22.626699,946
粤B369ZB,113.812599,22.626699,947
粤B369ZB,113.812103,22.6276,947
粤B369ZB,113.812103,22.6276,948
粤B369ZB,113.812103,22.6276,949
粤B369ZB,113.812103,22.6276,950
粤B369ZB,113.810501,22.6276,951
粤B369ZB,113.810799,22.627701,951
粤B369ZB,113.810501,22.6276,952
粤B369ZB,113.810501,22.6276,953
粤B369ZB,113.809998,22.627501,954
粤B369ZB,113.8097,22.6273,955
粤B369ZB,113.8097,22.6273,957
粤B369ZB,113.8097,22.6273,957
粤B369ZB,113.8097,22.6273,958
粤B369ZB,113.809799,22.6271,959
粤B369ZB,113.809898,22.626699,960
粤B369ZB,113.8106,22.626499,961
粤B369ZB,113.806702,22.624001,962
粤B369ZB,113.809998,22.6178,963
粤B369ZB,113.814697,22.6105,964
粤B369ZB,113.817902,22.6101,965
粤B369ZB,113.823303,22.6141,966
粤B369ZB,113.857697,22.634701,971
粤B369ZB,113.858803,22.636101,971
粤B369ZB,113.871101,22.656,974
粤B369ZB,113.883102,22.6579,975
粤B369ZB,113.894096,22.659201,976
粤B369ZB,113.904999,22.6591,976
粤B369ZB,113.914703,22.658899,977
粤B369ZB,113.923698,22.661699,978
粤B369ZB,113.931099,22.6688,979
粤B369ZB,113.933403,22.670099,980
粤B369ZB,113.934799,22.6709,981
粤B369ZB,113.938499,22.6724,981
粤B369ZB,113.939598,22.673,982
粤B369ZB,113.9422,22.674601,983
粤B369ZB,113.942802,22.6751,984
粤B369ZB,113.969704,22.6861,1123
粤B369ZB,113.969704,22.6861,1124
粤B369ZB,113.969398,22.686501,1124
粤B369ZB,113.9692,22.6868,1125
粤B369ZB,113.968498,22.687799,1127
粤B369ZB,113.968102,22.688299,1128
粤B369ZB,113.968002,22.688499,1129
粤B369ZB,113.967796,22.6889,1129
粤B369ZB,113.967697,22.6894,1130
粤B369ZB,113.967903,22.690201,1131
粤B369ZB,113.967598,22.691099,1132
粤B369ZB,113.9655,22.688801,1133
粤B369ZB,113.965401,22.6882,1134
粤B369ZB,113.965401,22.688601,1134
粤B369ZB,113.962799,22.685301,1135
粤B369ZB,113.951897,22.681601,1136
粤B369ZB,113.9431,22.6754,1137
粤B369ZB,113.863297,22.6507,1144
粤B369ZB,113.860497,22.6409,1144
粤B369ZB,113.858299,22.6364,1145
粤B369ZB,113.852699,22.629801,1146
粤B369ZB,113.850197,22.626101,1147
粤B369ZB,113.846497,22.6248,1148
粤B369ZB,113.841103,22.633301,1149
粤B369ZB,113.843803,22.6299,1149
粤B369ZB,113.8405,22.6346,1150
粤B369ZB,113.840302,22.6346,1151
粤B369ZB,113.838997,22.6355,1153
粤B369ZB,113.843597,22.6292,1154
粤B369ZB,113.840797,22.632999,1154
粤B369ZB,113.843002,22.626801,1155
粤B369ZB,113.841599,22.627701,1156
粤B369ZB,113.8396,22.6271,1158
粤B369ZB,113.839203,22.627001,1159
粤B369ZB,113.839203,22.627001,1160
粤B369ZB,113.839203,22.627001,1160
粤B369ZB,113.839203,22.627001,1161
粤B369ZB,113.839203,22.627001,1162
粤B369ZB,113.839203,22.627001,1163
粤B369ZB,113.839203,22.627001,1164
粤B369ZB,113.839203,22.627001,1165
粤B369ZB,113.839203,22.627001,1165
粤B369ZB,113.839203,22.627001,1166
粤B369ZB,113.839302,22.6269,1167
粤B369ZB,113.839302,22.6269,1168
粤B369ZB,113.839302,22.6269,1169
粤B369ZB,113.839302,22.6269,1170
粤B369ZB,113.839401,22.626699,1170
粤B369ZB,113.839401,22.626699,1171
粤B369ZB,113.839302,22.627001,1172
粤B369ZB,113.839302,22.627001,1173
粤B369ZB,113.8395,22.627001,1174
粤B369ZB,113.840103,22.627199,1175
粤B369ZB,113.841301,22.6276,1175
粤B369ZB,113.8424,22.626699,1176
粤B369ZB,113.844597,22.627001,1177
粤B369ZB,113.847,22.623301,1178
粤B369ZB,113.842102,22.6215,1179
粤B369ZB,113.824097,22.614599,1180
粤B369ZB,113.832199,22.618401,1180
粤B369ZB,113.817299,22.6126,1181
粤B369ZB,113.814102,22.618401,1182
粤B369ZB,113.814102,22.618401,1188
粤B369ZB,113.813004,22.623501,1192
粤B369ZB,113.813004,22.623501,1192
粤B369ZB,113.813004,22.623501,1193
粤B369ZB,113.813004,22.623501,1193
粤B369ZB,113.813004,22.623501,1194
粤B369ZB,113.813004,22.623501,1195
粤B369ZB,113.813004,22.623501,1195
粤B369ZB,113.813004,22.623501,1196
粤B369ZB,113.813004,22.623501,1197
粤B369ZB,113.813004,22.623501,1198
粤B369ZB,113.813004,22.623501,1199
粤B369ZB,113.813004,22.623501,1200
粤B369ZB,113.813004,22.623501,1200
粤B369ZB,113.813004,22.623501,1202
粤B369ZB,113.813004,22.623501,1203
粤B369ZB,113.813004,22.623501,1204
粤B369ZB,113.813004,22.623501,1205
粤B369ZB,113.813004,22.623501,1205
粤B369ZB,113.813004,22.623501,1206
粤B369ZB,113.813004,22.623501,1207
粤B369ZB,113.813004,22.623501,1208
粤B369ZB,113.813004,22.623501,1209
粤B369ZB,113.813004,22.623501,1210
粤B369ZB,113.813004,22.623501,1210
粤B369ZB,113.813004,22.623501,1211
粤B369ZB,113.813004,22.623501,1212
粤B369ZB,113.813004,22.623501,1213
粤B369ZB,113.813004,22.623501,1214
粤B369ZB,113.813004,22.623501,1215
粤B369ZB,113.813004,22.623501,1222
粤B369ZB,113.813103,22.623699,1223
粤B369ZB,113.813103,22.623699,1224
粤B369ZB,113.813103,22.623699,1225
粤B369ZB,113.813103,22.623699,1225
粤B369ZB,113.813103,22.623699,1226
粤B369ZB,113.813103,22.623699,1227
粤B369ZB,113.813103,22.623699,1228
粤B369ZB,113.813103,22.623699,1229
粤B369ZB,113.813103,22.623699,1230
粤B369ZB,113.813103,22.623699,1231
粤B369ZB,113.813103,22.623699,1231
粤B369ZB,113.813103,22.623699,1232
粤B369ZB,113.813103,22.623699,1233
粤B369ZB,113.813103,22.623699,1234
粤B369ZB,113.813103,22.623699,1235
粤B369ZB,113.813301,22.6243,1236
粤B369ZB,113.813103,22.623699,1236
粤B369ZB,113.8134,22.624599,1237
粤B369ZB,113.8134,22.624599,1238
粤B369ZB,113.8134,22.624599,1239
粤B369ZB,113.8134,22.624599,1240
粤B369ZB,113.8134,22.624599,1241
粤B369ZB,113.8134,22.624599,1241
粤B369ZB,113.8134,22.624599,1242
粤B369ZB,113.8134,22.624599,1243
粤B369ZB,113.8134,22.624599,1244
粤B369ZB,113.8134,22.624599,1245
粤B369ZB,113.8134,22.624599,1246
粤B369ZB,113.8134,22.624599,1246
粤B369ZB,113.8134,22.624599,1247
粤B369ZB,113.8134,22.624599,1248
粤B369ZB,113.8134,22.624599,1254
粤B369ZB,113.812897,22.625999,1257
粤B369ZB,113.812897,22.625999,1258
粤B369ZB,113.812302,22.627199,1259
粤B369ZB,113.812103,22.6276,1260
粤B369ZB,113.812103,22.6276,1261
粤B369ZB,113.811798,22.6278,1262
粤B369ZB,113.8116,22.627899,1263
粤B369ZB,113.8116,22.627899,1264
粤B369ZB,113.8116,22.627899,1265
粤B369ZB,113.811096,22.627701,1266
粤B369ZB,113.810097,22.6273,1266
粤B369ZB,113.8097,22.6271,1267
粤B369ZB,113.8097,22.6271,1268
粤B369ZB,113.8097,22.6271,1269
粤B369ZB,113.8097,22.6271,1270
粤B369ZB,113.809898,22.626699,1271
粤B369ZB,113.810303,22.626499,1271
粤B369ZB,113.806602,22.6238,1272
粤B369ZB,113.809898,22.618,1273
粤B369ZB,113.814301,22.610701,1274
粤B369ZB,113.829498,22.617001,1275
粤B369ZB,113.820801,22.612801,1275
粤B369ZB,113.838799,22.620501,1276
粤B369ZB,113.8452,22.622,1277
粤B369ZB,113.848297,22.621901,1278
粤B369ZB,113.850403,22.6189,1279
粤B369ZB,113.852699,22.618999,1280
粤B369ZB,113.845596,22.626101,1281
粤B369ZB,113.850304,22.620399,1281
粤B369ZB,113.840897,22.633101,1282
粤B369ZB,113.834702,22.639799,1283
粤B369ZB,113.829201,22.6464,1284
粤B369ZB,113.824402,22.651899,1285
粤B369ZB,113.822098,22.6576,1286
粤B369ZB,113.8237,22.6663,1286
粤B369ZB,113.823898,22.673401,1287
粤B369ZB,113.823502,22.677,1288
粤B369ZB,113.822899,22.6749,1289
粤B369ZB,113.822403,22.6759,1290
粤B369ZB,113.822403,22.6759,1290
粤B369ZB,113.822403,22.6759,1291
粤B369ZB,113.822998,22.6747,1292
粤B369ZB,113.823502,22.6744,1292
粤B369ZB,113.823601,22.669201,1293
粤B369ZB,113.822601,22.6618,1294
粤B369ZB,113.8209,22.6581,1295
粤B369ZB,113.818398,22.656401,1296
粤B369ZB,113.817299,22.6551,1297
粤B369ZB,113.818398,22.6541,1298
粤B369ZB,113.821503,22.658001,1302
粤B369ZB,113.823402,22.6527,1303
粤B369ZB,113.828697,22.6469,1303
粤B369ZB,113.843803,22.6285,1307
粤B369ZB,113.8451,22.626301,1307
粤B369ZB,113.8451,22.626301,1308
粤B369ZB,113.8452,22.6262,1311
粤B369ZB,113.867699,22.5938,1319
粤B369ZB,113.870697,22.588499,1320
粤B369ZB,113.873596,22.5888,1321
粤B369ZB,113.879204,22.589199,1322
粤B369ZB,113.879097,22.591801,1322
粤B369ZB,113.875999,22.5865,1323
粤B369ZB,113.875702,22.5863,1324
粤B369ZB,113.876801,22.5849,1325
粤B369ZB,113.878899,22.5828,1326
粤B369ZB,113.881104,22.580999,1327
粤B369ZB,113.882698,22.5809,1327
粤B369ZB,113.885002,22.5805,1328
粤B369ZB,113.8834,22.5788,1329
粤B369ZB,113.883202,22.5786,1330
粤B369ZB,113.882797,22.5783,1331
粤B369ZB,113.882103,22.577499,1332
粤B369ZB,113.8825,22.577999,1332
粤B369ZB,113.8815,22.577101,1333
粤B369ZB,113.880898,22.5765,1334
粤B369ZB,113.879601,22.575399,1335
粤B369ZB,113.880302,22.576,1336
粤B369ZB,113.883904,22.5753,1337
粤B369ZB,113.887703,22.572001,1337
粤B369ZB,113.889702,22.569401,1338
粤B369ZB,113.8899,22.569401,1339
粤B369ZB,113.889999,22.569599,1340
粤B369ZB,113.889999,22.569599,1341
粤B369ZB,113.890297,22.5667,1342
粤B369ZB,113.890099,22.566799,1342
粤B369ZB,113.891602,22.567801,1342
粤B369ZB,113.890297,22.568001,1343
粤B369ZB,113.890999,22.568701,1344
粤B369ZB,113.895798,22.5637,1345
粤B369ZB,113.901497,22.559299,1346
粤B369ZB,113.9002,22.557501,1347
粤B369ZB,113.8993,22.558001,1347
粤B369ZB,113.903603,22.5618,1348
粤B369ZB,113.902397,22.563601,1349
粤B369ZB,113.901604,22.564301,1350
粤B369ZB,113.900597,22.565201,1351
粤B369ZB,113.901001,22.5648,1351
粤B369ZB,113.900597,22.565201,1352
粤B369ZB,113.899498,22.566299,1353
粤B369ZB,113.905098,22.566099,1354
粤B369ZB,113.908401,22.565201,1355
粤B369ZB,113.909103,22.5646,1356
粤B369ZB,113.909103,22.5646,1357
粤B369ZB,113.909103,22.5646,1358
粤B369ZB,113.909103,22.5646,1359
粤B369ZB,113.908997,22.566799,1359
粤B369ZB,113.908897,22.570299,1360
粤B369ZB,113.9076,22.570999,1361
粤B369ZB,113.905197,22.572901,1362
粤B369ZB,113.903702,22.5748,1363
粤B369ZB,113.899498,22.5784,1364
粤B369ZB,113.8964,22.575701,1364
粤B369ZB,113.895599,22.5758,1365
粤B369ZB,113.890099,22.5812,1366
粤B369ZB,113.892403,22.5788,1366
粤B369ZB,113.888496,22.582701,1367
粤B369ZB,113.888496,22.582701,1368
粤B369ZB,113.886703,22.584499,1369
粤B369ZB,113.884399,22.586901,1370
粤B369ZB,113.880798,22.5903,1371
粤B369ZB,113.880501,22.5903,1371
粤B369ZB,113.880203,22.589899,1372
粤B369ZB,113.880203,22.589899,1372
粤B369ZB,113.880203,22.589899,1373
粤B369ZB,113.880203,22.589899,1374
粤B369ZB,113.878502,22.5875,1375
粤B369ZB,113.887703,22.5755,1382
粤B369ZB,113.890999,22.5749,1383
粤B369ZB,113.892601,22.5732,1384
粤B369ZB,113.895699,22.5702,1385
粤B369ZB,113.891403,22.5655,1386
粤B369ZB,113.8871,22.5618,1387
粤B369ZB,113.887901,22.562201,1387
粤B369ZB,113.882797,22.558001,1388
粤B369ZB,113.879303,22.5606,1389
粤B369ZB,113.8769,22.559099,1390
粤B369ZB,113.873497,22.5599,1391
粤B369ZB,113.873802,22.5651,1393
粤B369ZB,113.873199,22.5646,1393
粤B369ZB,113.873199,22.5644,1394
粤B369ZB,113.872704,22.563999,1395
粤B369ZB,113.8722,22.5644,1396
粤B369ZB,113.872299,22.5644,1397
粤B369ZB,113.872498,22.5641,1397
粤B369ZB,113.873802,22.5651,1398
粤B369ZB,113.873802,22.565201,1399
粤B369ZB,113.875801,22.5667,1400
粤B369ZB,113.8778,22.5672,1401
粤B369ZB,113.8778,22.566999,1401
粤B369ZB,113.880798,22.5667,1402
粤B369ZB,113.883904,22.5641,1403
粤B369ZB,113.886398,22.5618,1403
粤B369ZB,113.889397,22.563601,1404
粤B369ZB,113.891197,22.565201,1405
粤B369ZB,113.895897,22.569,1406
粤B369ZB,113.898804,22.567101,1407
粤B369ZB,113.899696,22.562401,1408
粤B369ZB,113.899803,22.562401,1408
粤B369ZB,113.897598,22.564501,1408
粤B369ZB,113.899803,22.562401,1409
粤B369ZB,113.9002,22.5637,1410
粤B369ZB,113.901001,22.564501,1411
粤B369ZB,113.901001,22.564501,1412
粤B369ZB,113.901001,22.564501,1413
粤B369ZB,113.901001,22.564501,1413
粤B369ZB,113.901001,22.564501,1414
粤B369ZB,113.900803,22.564199,1415
粤B369ZB,113.900703,22.5639,1416
粤B369ZB,113.899002,22.563101,1417
粤B369ZB,113.897697,22.564199,1418
粤B369ZB,113.898804,22.567101,1419
粤B369ZB,113.898804,22.566099,1419
粤B369ZB,113.8974,22.5702,1420
粤B369ZB,113.8974,22.5702,1421
粤B369ZB,113.8974,22.5702,1422
粤B369ZB,113.897598,22.5704,1423
粤B369ZB,113.900101,22.5711,1424
粤B369ZB,113.8983,22.568899,1424
粤B369ZB,113.897697,22.5686,1425
粤B369ZB,113.894997,22.570999,1426
粤B369ZB,113.894402,22.573999,1426
粤B369ZB,113.895599,22.5751,1427
粤B369ZB,113.894302,22.5769,1428
粤B369ZB,113.893997,22.5804,1429
粤B369ZB,113.896599,22.582399,1430
粤B369ZB,113.896599,22.582399,1430
粤B369ZB,113.895203,22.581499,1431
粤B369ZB,113.888298,22.582899,1432
粤B369ZB,113.891098,22.580299,1432
粤B369ZB,113.885201,22.580799,1433
粤B369ZB,113.8853,22.580799,1433
粤B369ZB,113.883598,22.581699,1434
粤B369ZB,113.885002,22.5809,1435
