粤B3NH65,114.018265,22.664682,12
粤B3NH65,114.018265,22.664682,23
粤B3NH65,114.018265,22.664682,33
粤B3NH65,114.018265,22.664682,44
粤B3NH65,114.018265,22.664682,55
粤B3NH65,114.018265,22.664682,65
粤B3NH65,114.018265,22.664682,76
粤B3NH65,114.018265,22.664682,86
粤B3NH65,114.018265,22.664682,97
粤B3NH65,114.018265,22.664682,107
粤B3NH65,114.018265,22.664682,118
粤B3NH65,114.018265,22.664682,129
粤B3NH65,114.018265,22.664682,139
粤B3NH65,114.018265,22.664682,150
粤B3NH65,114.018265,22.664682,160
粤B3NH65,114.018265,22.664682,171
粤B3NH65,114.018265,22.664682,193
粤B3NH65,114.018265,22.664682,203
粤B3NH65,114.018265,22.664682,214
粤B3NH65,114.018265,22.664682,225
粤B3NH65,114.018265,22.664682,235
粤B3NH65,114.018265,22.664682,246
粤B3NH65,114.018265,22.664682,256
粤B3NH65,114.018265,22.664682,267
粤B3NH65,114.018265,22.664682,277
粤B3NH65,114.018265,22.664682,288
粤B3NH65,114.018265,22.664682,299
粤B3NH65,114.018265,22.664682,309
粤B3NH65,114.018265,22.664682,320
粤B3NH65,114.018265,22.664682,330
粤B3NH65,114.018265,22.664682,341
粤B3NH65,114.018265,22.664682,352
粤B3NH65,114.018265,22.664682,362
粤B3NH65,114.018265,22.664682,373
粤B3NH65,114.018265,22.664682,383
粤B3NH65,114.018265,22.664682,394
粤B3NH65,114.018265,22.664682,404
粤B3NH65,114.018265,22.664682,415
粤B3NH65,114.018265,22.664682,426
粤B3NH65,114.018265,22.664682,436
粤B3NH65,114.018265,22.664682,447
粤B3NH65,114.018265,22.664682,457
粤B3NH65,114.018265,22.664682,468
粤B3NH65,114.018265,22.664682,479
粤B3NH65,114.018265,22.664682,489
粤B3NH65,114.018265,22.664682,500
粤B3NH65,114.018265,22.664682,510
粤B3NH65,114.018265,22.664682,521
粤B3NH65,114.018265,22.664682,531
粤B3NH65,114.018265,22.664682,553
粤B3NH65,114.018265,22.664682,563
粤B3NH65,114.018265,22.664682,574
粤B3NH65,114.018265,22.664682,584
粤B3NH65,114.018265,22.664682,595
粤B3NH65,114.018265,22.664682,606
粤B3NH65,114.018265,22.664682,616
粤B3NH65,114.018265,22.664682,627
粤B3NH65,114.018265,22.664682,637
粤B3NH65,114.018265,22.664682,648
粤B3NH65,114.018265,22.664682,658
粤B3NH65,114.018265,22.664682,669
粤B3NH65,114.018265,22.664682,680
粤B3NH65,114.018265,22.664682,690
粤B3NH65,114.018265,22.664682,701
粤B3NH65,114.018265,22.664682,711
粤B3NH65,114.018265,22.664682,722
粤B3NH65,114.018265,22.664682,733
粤B3NH65,114.018265,22.664682,743
粤B3NH65,114.018265,22.664682,754
粤B3NH65,114.018265,22.664682,764
粤B3NH65,114.018265,22.664682,775
粤B3NH65,114.018265,22.664682,785
粤B3NH65,114.018265,22.664682,796
粤B3NH65,114.018265,22.664682,807
粤B3NH65,114.018265,22.664682,817
粤B3NH65,114.018265,22.664682,828
粤B3NH65,114.018265,22.664682,849
粤B3NH65,114.018265,22.664682,860
粤B3NH65,114.018265,22.664682,870
粤B3NH65,114.018265,22.664682,881
粤B3NH65,114.018265,22.664682,891
粤B3NH65,114.018265,22.664682,912
粤B3NH65,114.018265,22.664682,923
粤B3NH65,114.018265,22.664682,934
粤B3NH65,114.018265,22.664682,944
粤B3NH65,114.018265,22.664682,955
粤B3NH65,114.018265,22.664682,965
粤B3NH65,114.018265,22.664682,976
粤B3NH65,114.018265,22.664682,987
粤B3NH65,114.018265,22.664682,997
粤B3NH65,114.018265,22.664682,1008
粤B3NH65,114.018265,22.664682,1018
粤B3NH65,114.018265,22.664682,1029
粤B3NH65,114.018265,22.664682,1039
粤B3NH65,114.018265,22.664682,1050
粤B3NH65,114.018265,22.664682,1061
粤B3NH65,114.018265,22.664682,1071
粤B3NH65,114.018265,22.664682,1082
粤B3NH65,114.018265,22.664682,1092
粤B3NH65,114.018265,22.664682,1103
粤B3NH65,114.018265,22.664682,1114
粤B3NH65,114.018265,22.664682,1124
粤B3NH65,114.018265,22.664682,1135
粤B3NH65,114.018265,22.664682,1145
粤B3NH65,114.018265,22.664682,1156
粤B3NH65,114.018265,22.664682,1166
粤B3NH65,114.018265,22.664682,1177
粤B3NH65,114.018265,22.664682,1188
粤B3NH65,114.018265,22.664682,1198
粤B3NH65,114.018265,22.664682,1209
粤B3NH65,114.018265,22.664682,1219
粤B3NH65,114.018265,22.664682,1230
粤B3NH65,114.018265,22.664682,1241
粤B3NH65,114.018265,22.664682,1251
粤B3NH65,114.018265,22.664682,1262
粤B3NH65,114.018265,22.664682,1272
粤B3NH65,114.018265,22.664682,1283
粤B3NH65,114.018265,22.664682,1293
粤B3NH65,114.018265,22.664682,1304
粤B3NH65,114.018265,22.664682,1315
粤B3NH65,114.018265,22.664682,1325
粤B3NH65,114.018265,22.664682,1336
粤B3NH65,114.018265,22.664682,1346
粤B3NH65,114.018265,22.664682,1357
粤B3NH65,114.018265,22.664682,1367
粤B3NH65,114.018265,22.664682,1378
粤B3NH65,114.018265,22.664682,1389
粤B3NH65,114.018265,22.664682,1399
粤B3NH65,114.018265,22.664682,1410
粤B3NH65,114.018265,22.664682,1420
粤B3NH65,114.018265,22.664682,1431
