粤BH9E24,114.155197,22.6175,9
粤BH9E24,114.155197,22.6175,10
粤BH9E24,114.155197,22.6175,10
粤BH9E24,114.155197,22.6175,10
粤BH9E24,114.155296,22.617201,11
粤BH9E24,114.155296,22.617201,11
粤BH9E24,114.155296,22.617201,13
粤BH9E24,114.155296,22.617201,13
粤BH9E24,114.155296,22.617201,14
粤BH9E24,114.155296,22.617201,14
粤BH9E24,114.155296,22.617201,15
粤BH9E24,114.155296,22.617201,16
粤BH9E24,114.155296,22.617201,17
粤BH9E24,114.155296,22.617201,17
粤BH9E24,114.155197,22.6173,17
粤BH9E24,114.155197,22.6173,18
粤BH9E24,114.155197,22.6173,18
粤BH9E24,114.155197,22.6173,20
粤BH9E24,114.155197,22.6173,21
粤BH9E24,114.155197,22.6173,21
粤BH9E24,114.155197,22.6173,23
粤BH9E24,114.155197,22.6173,25
粤BH9E24,114.155197,22.6173,25
粤BH9E24,114.155197,22.6173,28
粤BH9E24,114.155197,22.6173,28
粤BH9E24,114.155197,22.6173,28
粤BH9E24,114.155197,22.6173,29
粤BH9E24,114.155197,22.6173,31
粤BH9E24,114.155197,22.6173,31
粤BH9E24,114.155197,22.6173,31
粤BH9E24,114.155197,22.6173,32
粤BH9E24,114.155197,22.6173,33
粤BH9E24,114.155197,22.6173,34
粤BH9E24,114.155197,22.6173,34
粤BH9E24,114.155197,22.6173,34
粤BH9E24,114.155197,22.6173,35
粤BH9E24,114.155197,22.6173,35
粤BH9E24,114.155197,22.6173,36
粤BH9E24,114.155197,22.6173,36
粤BH9E24,114.155197,22.6173,38
粤BH9E24,114.155197,22.6173,38
粤BH9E24,114.155197,22.6173,39
粤BH9E24,114.155197,22.6173,39
粤BH9E24,114.155197,22.6173,39
粤BH9E24,114.155197,22.6173,41
粤BH9E24,114.155197,22.6173,42
粤BH9E24,114.155197,22.6173,42
粤BH9E24,114.155197,22.6173,42
粤BH9E24,114.155197,22.6173,43
粤BH9E24,114.155197,22.6173,43
粤BH9E24,114.155197,22.6173,46
粤BH9E24,114.155197,22.6173,46
粤BH9E24,114.155197,22.6173,46
粤BH9E24,114.155197,22.6173,47
粤BH9E24,114.155197,22.6173,48
粤BH9E24,114.155197,22.6173,49
粤BH9E24,114.155197,22.6173,49
粤BH9E24,114.155197,22.6173,50
粤BH9E24,114.155197,22.6173,52
粤BH9E24,114.155197,22.6173,52
粤BH9E24,114.155197,22.6173,53
粤BH9E24,114.155197,22.6173,53
粤BH9E24,114.155197,22.6173,55
粤BH9E24,114.155197,22.6173,56
粤BH9E24,114.155197,22.6173,56
粤BH9E24,114.155197,22.6173,57
粤BH9E24,114.155197,22.6173,60
粤BH9E24,114.155197,22.6173,60
粤BH9E24,114.155197,22.6173,60
粤BH9E24,114.155197,22.6173,61
粤BH9E24,114.155197,22.6173,64
粤BH9E24,114.155197,22.6173,64
粤BH9E24,114.155197,22.6173,65
粤BH9E24,114.155197,22.6173,67
粤BH9E24,114.155197,22.6173,67
粤BH9E24,114.155197,22.6173,67
粤BH9E24,114.155197,22.6173,68
粤BH9E24,114.155197,22.6173,68
粤BH9E24,114.155197,22.6173,71
粤BH9E24,114.155197,22.6173,71
粤BH9E24,114.155197,22.6173,72
粤BH9E24,114.155197,22.6173,72
粤BH9E24,114.155197,22.6173,74
粤BH9E24,114.155197,22.6173,74
粤BH9E24,114.155197,22.6173,75
粤BH9E24,114.155197,22.6173,75
粤BH9E24,114.155197,22.6173,75
粤BH9E24,114.155197,22.6173,77
粤BH9E24,114.155197,22.6173,77
粤BH9E24,114.155197,22.6173,78
粤BH9E24,114.155197,22.6173,78
粤BH9E24,114.155197,22.6173,78
粤BH9E24,114.155197,22.6173,79
粤BH9E24,114.155197,22.6173,81
粤BH9E24,114.155197,22.6173,81
粤BH9E24,114.155197,22.6173,82
粤BH9E24,114.155197,22.6173,82
粤BH9E24,114.155197,22.6173,82
粤BH9E24,114.155197,22.6173,85
粤BH9E24,114.155197,22.6173,85
粤BH9E24,114.155197,22.6173,86
粤BH9E24,114.155197,22.6173,86
粤BH9E24,114.155197,22.6173,88
粤BH9E24,114.155197,22.6173,89
粤BH9E24,114.155197,22.6173,89
粤BH9E24,114.155197,22.6173,89
粤BH9E24,114.155197,22.6173,91
粤BH9E24,114.155197,22.6173,91
粤BH9E24,114.155197,22.6173,92
粤BH9E24,114.155197,22.6173,93
粤BH9E24,114.155197,22.6173,95
粤BH9E24,114.155197,22.6173,95
粤BH9E24,114.155197,22.6173,95
粤BH9E24,114.155197,22.6173,96
粤BH9E24,114.155197,22.6173,96
粤BH9E24,114.155197,22.6173,96
粤BH9E24,114.155197,22.6173,97
粤BH9E24,114.155197,22.6173,98
粤BH9E24,114.155197,22.6173,98
粤BH9E24,114.155197,22.6173,99
粤BH9E24,114.155197,22.6173,99
粤BH9E24,114.155197,22.6173,99
粤BH9E24,114.155197,22.6173,100
粤BH9E24,114.155197,22.6173,102
粤BH9E24,114.155197,22.6173,103
粤BH9E24,114.155197,22.6173,103
粤BH9E24,114.155197,22.6173,104
粤BH9E24,114.155197,22.6173,106
粤BH9E24,114.155197,22.6173,106
粤BH9E24,114.155197,22.6173,106
粤BH9E24,114.155197,22.6173,107
粤BH9E24,114.155197,22.6173,107
粤BH9E24,114.155197,22.6173,107
粤BH9E24,114.155197,22.6173,109
粤BH9E24,114.155197,22.6173,109
粤BH9E24,114.155197,22.6173,110
粤BH9E24,114.155197,22.6173,110
粤BH9E24,114.155197,22.6173,111
粤BH9E24,114.155197,22.6173,111
粤BH9E24,114.155197,22.6173,113
粤BH9E24,114.155197,22.6173,114
粤BH9E24,114.155197,22.6173,114
粤BH9E24,114.155197,22.6173,115
粤BH9E24,114.155197,22.6173,116
粤BH9E24,114.155197,22.6173,117
粤BH9E24,114.155197,22.6173,117
粤BH9E24,114.155197,22.6173,118
粤BH9E24,114.155197,22.6173,118
粤BH9E24,114.155197,22.6173,120
粤BH9E24,114.155197,22.6173,120
粤BH9E24,114.155197,22.6173,121
粤BH9E24,114.155197,22.6173,121
粤BH9E24,114.155197,22.6173,123
粤BH9E24,114.155197,22.6173,124
粤BH9E24,114.155197,22.6173,124
粤BH9E24,114.155197,22.6173,125
粤BH9E24,114.155197,22.6173,125
粤BH9E24,114.155197,22.6173,128
粤BH9E24,114.155197,22.6173,128
粤BH9E24,114.155197,22.6173,129
粤BH9E24,114.155197,22.6173,131
粤BH9E24,114.155197,22.6173,131
粤BH9E24,114.155197,22.6173,132
粤BH9E24,114.155197,22.6173,132
粤BH9E24,114.155197,22.6173,132
粤BH9E24,114.155197,22.6173,133
粤BH9E24,114.155197,22.6173,133
粤BH9E24,114.155197,22.6173,135
粤BH9E24,114.155197,22.6173,136
粤BH9E24,114.155197,22.6173,136
粤BH9E24,114.155197,22.6173,137
粤BH9E24,114.155197,22.6173,138
粤BH9E24,114.155197,22.6173,140
粤BH9E24,114.155197,22.6173,140
粤BH9E24,114.155197,22.6173,140
粤BH9E24,114.155197,22.6173,140
粤BH9E24,114.155197,22.617599,142
粤BH9E24,114.154999,22.6175,143
粤BH9E24,114.154999,22.6175,143
粤BH9E24,114.155197,22.617599,143
粤BH9E24,114.154999,22.6175,144
粤BH9E24,114.155197,22.617399,146
粤BH9E24,114.155197,22.617399,146
粤BH9E24,114.155197,22.617399,147
粤BH9E24,114.155197,22.617399,147
粤BH9E24,114.155197,22.617399,147
粤BH9E24,114.155197,22.617399,148
粤BH9E24,114.155197,22.617399,150
粤BH9E24,114.155197,22.617399,150
粤BH9E24,114.155197,22.617399,150
粤BH9E24,114.155197,22.617399,151
粤BH9E24,114.155296,22.617399,154
粤BH9E24,114.155296,22.617399,155
粤BH9E24,114.155296,22.617399,155
粤BH9E24,114.155296,22.617399,155
粤BH9E24,114.155296,22.617399,156
粤BH9E24,114.155296,22.617399,157
粤BH9E24,114.155602,22.616899,158
粤BH9E24,114.155296,22.617399,158
粤BH9E24,114.155602,22.616899,159
粤BH9E24,114.155602,22.616899,161
粤BH9E24,114.155602,22.616899,161
粤BH9E24,114.155602,22.616899,163
粤BH9E24,114.155602,22.616899,163
粤BH9E24,114.155602,22.616899,165
粤BH9E24,114.155602,22.616899,165
粤BH9E24,114.155602,22.616899,166
粤BH9E24,114.155602,22.616899,166
粤BH9E24,114.155602,22.616899,166
粤BH9E24,114.155602,22.616899,167
粤BH9E24,114.155602,22.616899,167
粤BH9E24,114.154999,22.617599,169
粤BH9E24,114.154999,22.617599,169
粤BH9E24,114.155296,22.6171,170
粤BH9E24,114.155296,22.6171,171
粤BH9E24,114.155296,22.6171,172
粤BH9E24,114.155296,22.6173,174
粤BH9E24,114.155296,22.6173,174
粤BH9E24,114.155296,22.6173,174
粤BH9E24,114.155296,22.6173,175
粤BH9E24,114.155296,22.6173,176
粤BH9E24,114.155296,22.6173,177
粤BH9E24,114.155296,22.6173,177
粤BH9E24,114.155296,22.6173,178
粤BH9E24,114.155296,22.6173,178
粤BH9E24,114.155296,22.6173,180
粤BH9E24,114.155296,22.6173,181
粤BH9E24,114.155296,22.6173,192
粤BH9E24,114.155296,22.6173,192
粤BH9E24,114.155296,22.6173,193
粤BH9E24,114.155296,22.6173,193
粤BH9E24,114.155296,22.6173,193
粤BH9E24,114.155403,22.6175,196
粤BH9E24,114.155296,22.6173,196
粤BH9E24,114.155403,22.6175,196
粤BH9E24,114.155403,22.6175,197
粤BH9E24,114.155296,22.617399,199
粤BH9E24,114.155296,22.617399,200
粤BH9E24,114.155296,22.617399,200
粤BH9E24,114.155296,22.617399,202
粤BH9E24,114.155296,22.617399,203
粤BH9E24,114.155296,22.617399,203
粤BH9E24,114.155296,22.617399,204
粤BH9E24,114.155296,22.617399,204
粤BH9E24,114.155296,22.617399,206
粤BH9E24,114.155098,22.617399,207
粤BH9E24,114.155098,22.617399,207
粤BH9E24,114.155098,22.617399,208
粤BH9E24,114.155098,22.617399,208
粤BH9E24,114.155098,22.617399,210
粤BH9E24,114.155098,22.617399,211
粤BH9E24,114.155098,22.617399,212
粤BH9E24,114.155098,22.617399,214
粤BH9E24,114.155098,22.617399,214
粤BH9E24,114.155098,22.617399,215
粤BH9E24,114.155098,22.617399,215
粤BH9E24,114.155098,22.617399,215
粤BH9E24,114.155098,22.617399,217
粤BH9E24,114.155098,22.617399,217
粤BH9E24,114.155098,22.617399,218
粤BH9E24,114.155098,22.617399,218
粤BH9E24,114.155098,22.617399,219
粤BH9E24,114.155098,22.617399,219
粤BH9E24,114.155098,22.617399,221
粤BH9E24,114.155098,22.617399,221
粤BH9E24,114.155098,22.617399,222
粤BH9E24,114.155098,22.617399,222
粤BH9E24,114.155098,22.617399,222
粤BH9E24,114.155098,22.617399,223
粤BH9E24,114.155197,22.6175,225
粤BH9E24,114.155197,22.6175,225
粤BH9E24,114.155197,22.6175,226
粤BH9E24,114.155197,22.6175,226
粤BH9E24,114.155197,22.6175,227
粤BH9E24,114.155502,22.6175,228
粤BH9E24,114.155502,22.6175,229
粤BH9E24,114.155502,22.6175,229
粤BH9E24,114.155502,22.6175,230
粤BH9E24,114.155502,22.6175,230
粤BH9E24,114.155502,22.6175,231
粤BH9E24,114.155502,22.6175,232
粤BH9E24,114.155502,22.6175,233
粤BH9E24,114.155502,22.6175,233
粤BH9E24,114.155502,22.6175,233
粤BH9E24,114.155296,22.617599,234
粤BH9E24,114.155296,22.617599,234
粤BH9E24,114.155296,22.617599,236
粤BH9E24,114.155296,22.617599,237
粤BH9E24,114.155296,22.617599,238
粤BH9E24,114.155296,22.617599,238
粤BH9E24,114.155296,22.617599,238
粤BH9E24,114.155296,22.617599,240
粤BH9E24,114.155296,22.617599,241
粤BH9E24,114.155296,22.617599,241
粤BH9E24,114.155296,22.617599,242
粤BH9E24,114.155197,22.6175,244
粤BH9E24,114.155197,22.6175,245
粤BH9E24,114.155602,22.617599,245
粤BH9E24,114.155602,22.617599,246
粤BH9E24,114.155602,22.617599,248
粤BH9E24,114.155602,22.617599,248
粤BH9E24,114.155602,22.617599,249
粤BH9E24,114.155602,22.617599,249
粤BH9E24,114.155602,22.617599,249
粤BH9E24,114.155602,22.617599,251
粤BH9E24,114.155197,22.6175,251
粤BH9E24,114.155403,22.617399,252
粤BH9E24,114.155403,22.617399,253
粤BH9E24,114.155403,22.617399,253
粤BH9E24,114.155701,22.617201,255
粤BH9E24,114.155701,22.617201,255
粤BH9E24,114.155296,22.617399,256
粤BH9E24,114.155296,22.617399,256
粤BH9E24,114.155296,22.617399,257
粤BH9E24,114.155197,22.617599,257
粤BH9E24,114.155701,22.617399,259
粤BH9E24,114.155701,22.617399,259
粤BH9E24,114.155701,22.617399,259
粤BH9E24,114.155098,22.6175,260
粤BH9E24,114.155098,22.6175,260
粤BH9E24,114.155098,22.6175,260
粤BH9E24,114.155098,22.6175,261
粤BH9E24,114.155197,22.617399,262
粤BH9E24,114.155197,22.617399,262
粤BH9E24,114.155197,22.617399,263
粤BH9E24,114.155197,22.617399,263
粤BH9E24,114.155197,22.617399,264
粤BH9E24,114.155197,22.617399,264
粤BH9E24,114.155197,22.617399,266
粤BH9E24,114.155197,22.617399,267
粤BH9E24,114.155197,22.617399,267
粤BH9E24,114.155197,22.617399,267
粤BH9E24,114.155197,22.617399,268
粤BH9E24,114.155197,22.617399,268
粤BH9E24,114.156197,22.617701,270
粤BH9E24,114.156197,22.617701,272
粤BH9E24,114.156197,22.617701,272
粤BH9E24,114.155701,22.617701,274
粤BH9E24,114.155403,22.617599,274
粤BH9E24,114.155701,22.617701,274
粤BH9E24,114.155701,22.617701,275
粤BH9E24,114.155701,22.617701,276
粤BH9E24,114.1549,22.6175,277
粤BH9E24,114.155098,22.617599,278
粤BH9E24,114.155098,22.617599,279
粤BH9E24,114.155098,22.617599,279
粤BH9E24,114.155098,22.617599,281
粤BH9E24,114.155098,22.617599,282
粤BH9E24,114.155098,22.617599,282
粤BH9E24,114.155098,22.617599,283
粤BH9E24,114.155098,22.617599,283
粤BH9E24,114.155098,22.617599,283
粤BH9E24,114.155098,22.6175,287
粤BH9E24,114.155098,22.6175,287
粤BH9E24,114.155098,22.6175,287
粤BH9E24,114.1548,22.617399,289
粤BH9E24,114.1548,22.617399,289
粤BH9E24,114.154602,22.6171,290
粤BH9E24,114.154602,22.6171,290
粤BH9E24,114.154701,22.6173,291
粤BH9E24,114.154701,22.6173,291
粤BH9E24,114.1548,22.6175,293
粤BH9E24,114.155197,22.617599,293
粤BH9E24,114.1548,22.617399,293
粤BH9E24,114.1548,22.617399,294
粤BH9E24,114.1548,22.617399,294
粤BH9E24,114.1548,22.617399,294
粤BH9E24,114.1548,22.617399,295
粤BH9E24,114.1548,22.617399,297
粤BH9E24,114.1548,22.617399,297
粤BH9E24,114.1548,22.617399,297
粤BH9E24,114.154701,22.6173,298
粤BH9E24,114.155098,22.6175,301
粤BH9E24,114.155098,22.6175,301
粤BH9E24,114.155098,22.6175,301
粤BH9E24,114.154999,22.617399,302
粤BH9E24,114.1548,22.6173,302
粤BH9E24,114.154999,22.617399,303
粤BH9E24,114.154701,22.617201,305
粤BH9E24,114.154701,22.617201,305
粤BH9E24,114.154999,22.6173,306
粤BH9E24,114.154999,22.6173,306
粤BH9E24,114.154999,22.6173,308
粤BH9E24,114.154999,22.6173,310
粤BH9E24,114.154999,22.6173,310
粤BH9E24,114.154999,22.6173,311
粤BH9E24,114.154999,22.6173,312
粤BH9E24,114.154999,22.6173,313
粤BH9E24,114.1548,22.617399,314
粤BH9E24,114.1548,22.617399,316
粤BH9E24,114.1548,22.617399,317
粤BH9E24,114.1548,22.617399,317
粤BH9E24,114.1548,22.617399,317
粤BH9E24,114.155403,22.6175,318
粤BH9E24,114.155403,22.6175,320
粤BH9E24,114.155403,22.6175,320
粤BH9E24,114.155403,22.6173,321
粤BH9E24,114.155403,22.6175,321
粤BH9E24,114.155403,22.6173,321
粤BH9E24,114.155403,22.6173,322
粤BH9E24,114.155403,22.6173,323
粤BH9E24,114.155403,22.6173,324
粤BH9E24,114.155403,22.6173,325
粤BH9E24,114.155403,22.6173,325
粤BH9E24,114.155403,22.6173,325
粤BH9E24,114.155403,22.6173,327
粤BH9E24,114.155403,22.6173,328
粤BH9E24,114.155403,22.6173,328
粤BH9E24,114.155403,22.6173,329
粤BH9E24,114.155403,22.6173,329
粤BH9E24,114.155403,22.6173,331
粤BH9E24,114.155403,22.6173,332
粤BH9E24,114.155403,22.6173,333
粤BH9E24,114.154999,22.6173,335
粤BH9E24,114.154999,22.6173,335
粤BH9E24,114.154999,22.6173,336
粤BH9E24,114.154999,22.6173,336
粤BH9E24,114.154999,22.6173,337
粤BH9E24,114.154999,22.6173,338
粤BH9E24,114.154999,22.6173,339
粤BH9E24,114.154999,22.6173,339
粤BH9E24,114.154999,22.6173,339
粤BH9E24,114.154999,22.6173,340
粤BH9E24,114.154999,22.6173,340
粤BH9E24,114.154999,22.6173,341
粤BH9E24,114.154999,22.6173,342
粤BH9E24,114.154999,22.6173,343
粤BH9E24,114.154999,22.6173,343
粤BH9E24,114.154999,22.6173,344
粤BH9E24,114.154999,22.6173,344
粤BH9E24,114.154999,22.6173,344
粤BH9E24,114.155197,22.6175,347
粤BH9E24,114.155197,22.6175,347
粤BH9E24,114.155197,22.6175,347
粤BH9E24,114.155197,22.6175,348
粤BH9E24,114.155197,22.6175,348
粤BH9E24,114.155197,22.6175,350
粤BH9E24,114.155197,22.6175,351
粤BH9E24,114.155197,22.6175,352
粤BH9E24,114.155197,22.6175,352
粤BH9E24,114.155197,22.6175,352
粤BH9E24,114.155197,22.6175,355
粤BH9E24,114.155197,22.6175,355
粤BH9E24,114.155197,22.6175,356
粤BH9E24,114.155197,22.6175,356
粤BH9E24,114.155197,22.6175,356
粤BH9E24,114.155197,22.6175,358
粤BH9E24,114.155197,22.6175,359
粤BH9E24,114.155197,22.6175,359
粤BH9E24,114.155197,22.6175,360
粤BH9E24,114.155197,22.6175,360
粤BH9E24,114.155197,22.6175,360
粤BH9E24,114.155197,22.6175,362
粤BH9E24,114.155197,22.6175,363
粤BH9E24,114.155197,22.6175,364
粤BH9E24,114.155197,22.6175,364
粤BH9E24,114.155197,22.6175,366
粤BH9E24,114.155197,22.6175,366
粤BH9E24,114.155197,22.6175,367
粤BH9E24,114.155197,22.6175,367
粤BH9E24,114.155197,22.6175,368
粤BH9E24,114.155197,22.6175,368
粤BH9E24,114.155197,22.6175,368
粤BH9E24,114.155197,22.6175,370
粤BH9E24,114.155197,22.6175,370
粤BH9E24,114.155197,22.6175,371
粤BH9E24,114.155197,22.6175,371
粤BH9E24,114.155197,22.6175,372
粤BH9E24,114.155197,22.6175,374
粤BH9E24,114.155197,22.6175,374
粤BH9E24,114.155197,22.6175,375
粤BH9E24,114.155197,22.6175,375
粤BH9E24,114.155197,22.6175,376
粤BH9E24,114.155098,22.617399,378
粤BH9E24,114.155197,22.6175,378
粤BH9E24,114.155197,22.6175,378
粤BH9E24,114.155098,22.617399,379
粤BH9E24,114.155098,22.617399,379
粤BH9E24,114.155098,22.617399,380
粤BH9E24,114.155098,22.617399,382
粤BH9E24,114.155296,22.617599,382
粤BH9E24,114.155701,22.6175,386
粤BH9E24,114.155701,22.6175,386
粤BH9E24,114.155701,22.6175,387
粤BH9E24,114.155701,22.6175,387
粤BH9E24,114.155701,22.6175,389
粤BH9E24,114.155701,22.6175,390
粤BH9E24,114.155701,22.6175,391
粤BH9E24,114.155899,22.617599,393
粤BH9E24,114.156502,22.615999,394
粤BH9E24,114.157402,22.614201,395
粤BH9E24,114.158203,22.6092,397
粤BH9E24,114.152,22.608101,398
粤BH9E24,114.146004,22.6098,400
粤BH9E24,114.144699,22.6098,401
粤BH9E24,114.138397,22.6092,402
粤BH9E24,114.137199,22.6094,402
粤BH9E24,114.135597,22.6098,402
粤BH9E24,114.133202,22.6103,404
粤BH9E24,114.131897,22.6106,404
粤BH9E24,114.131302,22.6108,405
粤BH9E24,114.1315,22.610701,405
粤BH9E24,114.130402,22.608299,406
粤BH9E24,114.130501,22.6068,408
粤BH9E24,114.130501,22.6068,408
粤BH9E24,114.130501,22.6068,409
粤BH9E24,114.130501,22.6068,410
粤BH9E24,114.130501,22.6068,412
粤BH9E24,114.130501,22.6068,412
粤BH9E24,114.130501,22.6068,412
粤BH9E24,114.130501,22.6068,413
粤BH9E24,114.130699,22.6066,414
粤BH9E24,114.132004,22.603399,416
粤BH9E24,114.132004,22.6026,416
粤BH9E24,114.132004,22.603399,416
粤BH9E24,114.131599,22.6005,417
粤BH9E24,114.132103,22.601299,417
粤BH9E24,114.131401,22.6001,418
粤BH9E24,114.129898,22.5945,420
粤BH9E24,114.1306,22.594801,420
粤BH9E24,114.128601,22.5926,421
粤BH9E24,114.128799,22.5942,421
粤BH9E24,114.128502,22.590599,422
粤BH9E24,114.128998,22.5916,422
粤BH9E24,114.128998,22.5853,424
粤BH9E24,114.127899,22.586399,424
粤BH9E24,114.130096,22.584299,425
粤BH9E24,114.130501,22.5844,425
粤BH9E24,114.130501,22.5844,426
粤BH9E24,114.136299,22.5832,427
粤BH9E24,114.136497,22.5828,428
粤BH9E24,114.136597,22.582399,428
粤BH9E24,114.137901,22.580299,429
粤BH9E24,114.139397,22.577101,430
粤BH9E24,114.140099,22.579,430
粤BH9E24,114.138496,22.574499,431
粤BH9E24,114.139198,22.5765,431
粤BH9E24,114.138901,22.575701,431
粤BH9E24,114.137604,22.5711,432
粤BH9E24,114.137901,22.5702,432
粤BH9E24,114.137901,22.5702,433
粤BH9E24,114.137901,22.5702,433
粤BH9E24,114.137199,22.567801,434
粤BH9E24,114.138,22.569599,434
粤BH9E24,114.138298,22.564699,435
粤BH9E24,114.138298,22.564699,436
粤BH9E24,114.138802,22.5641,436
粤BH9E24,114.139,22.564199,437
粤BH9E24,114.139099,22.564199,437
粤BH9E24,114.139198,22.5646,437
粤BH9E24,114.139603,22.564899,438
粤BH9E24,114.139702,22.564899,439
粤BH9E24,114.137604,22.5662,440
粤BH9E24,114.1371,22.5667,441
粤BH9E24,114.1371,22.5667,441
粤BH9E24,114.1371,22.5667,441
粤BH9E24,114.1315,22.562099,444
粤BH9E24,114.134201,22.564899,444
粤BH9E24,114.132797,22.563299,444
粤BH9E24,114.1297,22.561399,445
粤BH9E24,114.130501,22.561701,445
粤BH9E24,114.129898,22.561501,445
粤BH9E24,114.133698,22.559999,446
粤BH9E24,114.130898,22.5618,446
粤BH9E24,114.134804,22.5588,447
粤BH9E24,114.134804,22.5588,447
粤BH9E24,114.134399,22.5592,447
粤BH9E24,114.134804,22.5588,448
粤BH9E24,114.134804,22.5588,448
粤BH9E24,114.134804,22.5588,449
粤BH9E24,114.134804,22.5588,449
粤BH9E24,114.136398,22.560699,450
粤BH9E24,114.138,22.560301,450
粤BH9E24,114.135399,22.5592,450
粤BH9E24,114.139198,22.559799,451
粤BH9E24,114.136398,22.557199,452
粤BH9E24,114.137802,22.5567,452
粤BH9E24,114.139702,22.557501,452
粤BH9E24,114.135399,22.5581,453
粤BH9E24,114.135399,22.5581,453
粤BH9E24,114.135399,22.5581,453
粤BH9E24,114.135399,22.5581,454
粤BH9E24,114.135399,22.5581,454
粤BH9E24,114.135399,22.5581,454
粤BH9E24,114.1343,22.5576,455
粤BH9E24,114.134903,22.558399,455
粤BH9E24,114.134499,22.557899,455
粤BH9E24,114.134003,22.5571,456
粤BH9E24,114.134201,22.5574,456
粤BH9E24,114.133301,22.5562,456
粤BH9E24,114.132599,22.555099,457
粤BH9E24,114.130302,22.5546,457
粤BH9E24,114.1315,22.554399,457
粤BH9E24,114.128998,22.555901,458
粤BH9E24,114.128998,22.555901,458
粤BH9E24,114.128998,22.555901,459
粤BH9E24,114.127502,22.555401,460
粤BH9E24,114.126404,22.553801,460
粤BH9E24,114.126099,22.553301,460
粤BH9E24,114.1222,22.556801,461
粤BH9E24,114.125603,22.5532,461
粤BH9E24,114.135399,22.5581,462
粤BH9E24,114.117104,22.559799,464
粤BH9E24,114.117599,22.5599,465
粤BH9E24,114.118301,22.560699,465
粤BH9E24,114.117599,22.559999,465
粤BH9E24,114.118698,22.561001,466
粤BH9E24,114.119797,22.5599,467
粤BH9E24,114.119904,22.560801,469
粤BH9E24,114.119202,22.5618,469
粤BH9E24,114.119797,22.5599,469
粤BH9E24,114.117798,22.572201,471
粤BH9E24,114.117897,22.5728,471
粤BH9E24,114.114304,22.5828,473
粤BH9E24,114.113503,22.585199,474
粤BH9E24,114.1129,22.585501,474
粤BH9E24,114.111801,22.5851,475
粤BH9E24,114.111801,22.5851,475
粤BH9E24,114.111801,22.5851,475
粤BH9E24,114.112198,22.584299,475
粤BH9E24,114.111801,22.585199,476
粤BH9E24,114.111801,22.585199,476
粤BH9E24,114.113899,22.583099,479
粤BH9E24,114.113701,22.5835,479
粤BH9E24,114.114304,22.582199,480
粤BH9E24,114.117996,22.566799,483
粤BH9E24,114.119598,22.559,486
粤BH9E24,114.122299,22.556601,487
粤BH9E24,114.1231,22.5557,487
粤BH9E24,114.125,22.5536,488
粤BH9E24,114.125801,22.5511,489
粤BH9E24,114.125801,22.5497,490
粤BH9E24,114.121498,22.547899,491
粤BH9E24,114.118202,22.547899,494
粤BH9E24,114.118401,22.5478,494
粤BH9E24,114.118401,22.5478,494
粤BH9E24,114.121696,22.5481,495
粤BH9E24,114.122704,22.5497,497
粤BH9E24,114.122704,22.5494,497
粤BH9E24,114.122398,22.550699,498
粤BH9E24,114.122299,22.5513,498
粤BH9E24,114.122101,22.551901,499
粤BH9E24,114.1203,22.5562,501
粤BH9E24,114.119698,22.5595,502
粤BH9E24,114.119698,22.5595,502
粤BH9E24,114.116096,22.5588,503
粤BH9E24,114.115501,22.560699,504
粤BH9E24,114.116501,22.560499,504
粤BH9E24,114.117203,22.559,505
粤BH9E24,114.112801,22.559401,505
粤BH9E24,114.112297,22.565001,506
粤BH9E24,114.112503,22.567101,507
粤BH9E24,114.113701,22.5714,507
粤BH9E24,114.113899,22.5734,508
粤BH9E24,114.114197,22.5763,508
粤BH9E24,114.114197,22.5763,509
粤BH9E24,114.105499,22.574301,511
粤BH9E24,114.1036,22.5732,511
粤BH9E24,114.107399,22.575399,511
粤BH9E24,114.099899,22.571501,512
粤BH9E24,114.101997,22.5721,512
粤BH9E24,114.099197,22.577,514
粤BH9E24,114.099297,22.577101,514
粤BH9E24,114.098801,22.577801,515
粤BH9E24,114.099197,22.580299,515
粤BH9E24,114.0989,22.580299,516
粤BH9E24,114.0989,22.580299,516
粤BH9E24,114.095596,22.580099,518
粤BH9E24,114.0951,22.5804,519
粤BH9E24,114.0951,22.5804,520
粤BH9E24,114.0951,22.5804,520
粤BH9E24,114.097298,22.5798,521
粤BH9E24,114.098396,22.58,522
粤BH9E24,114.097603,22.579901,522
粤BH9E24,114.097504,22.5798,522
粤BH9E24,114.098999,22.5804,523
粤BH9E24,114.098297,22.5763,525
粤BH9E24,114.098297,22.575899,525
粤BH9E24,114.098602,22.573299,526
粤BH9E24,114.099098,22.572201,526
粤BH9E24,114.098801,22.5711,526
粤BH9E24,114.102303,22.5734,528
粤BH9E24,114.1026,22.5735,529
粤BH9E24,114.1036,22.5742,529
粤BH9E24,114.102997,22.573799,529
粤BH9E24,114.103401,22.574301,530
粤BH9E24,114.101898,22.573099,532
粤BH9E24,114.101196,22.571699,533
粤BH9E24,114.098801,22.570299,533
粤BH9E24,114.097,22.5695,533
粤BH9E24,114.095001,22.568701,534
粤BH9E24,114.095802,22.569,534
粤BH9E24,114.090797,22.5674,535
粤BH9E24,114.0877,22.5667,536
粤BH9E24,114.088097,22.5471,545
粤BH9E24,114.0905,22.5474,546
粤BH9E24,114.091103,22.549299,547
粤BH9E24,114.090698,22.5474,547
粤BH9E24,114.091301,22.547701,547
粤BH9E24,114.090897,22.551399,548
粤BH9E24,114.098701,22.555099,550
粤BH9E24,114.097,22.554899,550
粤BH9E24,114.098801,22.555099,550
粤BH9E24,114.098999,22.555099,551
粤BH9E24,114.099403,22.557699,551
粤BH9E24,114.099503,22.555401,551
粤BH9E24,114.099503,22.555201,551
粤BH9E24,114.091301,22.5585,553
粤BH9E24,114.091301,22.5585,553
粤BH9E24,114.091301,22.5585,554
粤BH9E24,114.091301,22.5585,554
粤BH9E24,114.091301,22.5585,554
粤BH9E24,114.084999,22.558399,555
粤BH9E24,114.088898,22.5585,555
粤BH9E24,114.070396,22.558201,557
粤BH9E24,114.070099,22.558201,557
粤BH9E24,114.068298,22.558201,558
粤BH9E24,114.068901,22.558201,558
粤BH9E24,114.068298,22.558201,558
粤BH9E24,114.068298,22.558201,559
粤BH9E24,114.0597,22.560699,561
粤BH9E24,114.057899,22.562401,561
粤BH9E24,114.056,22.5625,561
粤BH9E24,114.053596,22.5625,562
粤BH9E24,114.045898,22.5585,564
粤BH9E24,114.045403,22.558201,565
粤BH9E24,114.045403,22.5581,565
粤BH9E24,114.045403,22.5581,565
粤BH9E24,114.044998,22.5578,566
粤BH9E24,114.044998,22.5578,566
粤BH9E24,114.044998,22.5578,568
粤BH9E24,114.044998,22.5578,568
粤BH9E24,114.044998,22.5578,569
粤BH9E24,114.043404,22.5578,571
粤BH9E24,114.042297,22.563499,572
粤BH9E24,114.042198,22.5597,572
粤BH9E24,114.049103,22.563999,573
粤BH9E24,114.044701,22.564301,573
粤BH9E24,114.047401,22.564699,573
粤BH9E24,114.054901,22.5623,575
粤BH9E24,114.057899,22.5623,576
粤BH9E24,114.067101,22.558001,577
粤BH9E24,114.067101,22.558001,578
粤BH9E24,114.067101,22.558001,578
粤BH9E24,114.067101,22.558001,578
粤BH9E24,114.067703,22.558001,579
粤BH9E24,114.067101,22.558001,579
粤BH9E24,114.067101,22.558001,579
粤BH9E24,114.075996,22.5581,580
粤BH9E24,114.072899,22.558001,580
粤BH9E24,114.080498,22.557899,581
粤BH9E24,114.078499,22.5581,581
粤BH9E24,114.080498,22.5574,581
粤BH9E24,114.080498,22.5574,581
粤BH9E24,114.080498,22.5574,581
粤BH9E24,114.082298,22.559099,582
粤BH9E24,114.083504,22.561399,582
粤BH9E24,114.085297,22.569799,583
粤BH9E24,114.085999,22.568501,583
粤BH9E24,114.086899,22.566401,583
粤BH9E24,114.088303,22.5709,584
粤BH9E24,114.086502,22.570801,584
粤BH9E24,114.0895,22.5704,584
粤BH9E24,114.090302,22.570101,585
粤BH9E24,114.090302,22.570101,586
粤BH9E24,114.090302,22.570101,586
粤BH9E24,114.090302,22.570101,586
粤BH9E24,114.090302,22.570101,587
粤BH9E24,114.090302,22.570101,587
粤BH9E24,114.092102,22.570101,587
粤BH9E24,114.092499,22.5702,588
粤BH9E24,114.0933,22.5707,588
粤BH9E24,114.099197,22.562099,595
粤BH9E24,114.099197,22.562,595
粤BH9E24,114.067703,22.558001,596
粤BH9E24,114.099297,22.556999,597
粤BH9E24,114.099297,22.558901,597
粤BH9E24,114.0933,22.5707,597
粤BH9E24,114.099197,22.558901,597
粤BH9E24,114.099403,22.552401,598
粤BH9E24,114.099403,22.552401,598
粤BH9E24,114.099403,22.553801,598
粤BH9E24,114.099403,22.552401,599
粤BH9E24,114.099602,22.5438,602
粤BH9E24,114.1035,22.545099,604
粤BH9E24,114.102997,22.5446,604
粤BH9E24,114.1035,22.545099,605
粤BH9E24,114.101898,22.544001,606
粤BH9E24,114.101097,22.5471,607
粤BH9E24,114.103104,22.5492,608
粤BH9E24,114.103104,22.5492,608
粤BH9E24,114.101601,22.547701,608
粤BH9E24,114.105904,22.5469,609
粤BH9E24,114.104698,22.549299,609
粤BH9E24,114.105103,22.5487,609
粤BH9E24,114.106697,22.5448,612
粤BH9E24,114.106102,22.545799,612
粤BH9E24,114.1101,22.5441,613
粤BH9E24,114.110497,22.546,615
粤BH9E24,114.1101,22.547701,615
粤BH9E24,114.109703,22.5466,616
粤BH9E24,114.111298,22.5418,617
粤BH9E24,114.111603,22.539801,618
粤BH9E24,114.111603,22.539801,618
粤BH9E24,114.111603,22.5399,618
粤BH9E24,114.111603,22.539801,619
粤BH9E24,114.111603,22.539801,621
粤BH9E24,114.111603,22.539801,623
粤BH9E24,114.113998,22.5357,624
粤BH9E24,114.112297,22.5362,624
粤BH9E24,114.112,22.537399,624
粤BH9E24,114.114197,22.535,625
粤BH9E24,114.113998,22.534599,626
粤BH9E24,114.113503,22.534401,628
粤BH9E24,114.113503,22.534401,628
粤BH9E24,114.113503,22.534401,628
粤BH9E24,114.113503,22.534401,629
粤BH9E24,114.116997,22.536501,631
粤BH9E24,114.119202,22.537901,631
粤BH9E24,114.121902,22.5397,632
粤BH9E24,114.131104,22.545,633
粤BH9E24,114.138802,22.5536,634
粤BH9E24,114.139801,22.556999,634
粤BH9E24,114.138,22.565599,635
粤BH9E24,114.137398,22.5688,636
粤BH9E24,114.138298,22.5723,636
粤BH9E24,114.128098,22.577499,637
粤BH9E24,114.120499,22.576799,638
粤BH9E24,114.115402,22.579399,639
粤BH9E24,114.109596,22.5928,641
粤BH9E24,114.110497,22.594801,642
粤BH9E24,114.113197,22.599501,642
粤BH9E24,114.111801,22.597401,642
粤BH9E24,114.114403,22.6007,643
粤BH9E24,114.113602,22.6,643
粤BH9E24,114.1119,22.6028,647
粤BH9E24,114.112297,22.6035,648
粤BH9E24,114.112602,22.604099,649
粤BH9E24,114.112701,22.6059,649
粤BH9E24,114.112602,22.6071,651
粤BH9E24,114.112701,22.6071,651
粤BH9E24,114.112701,22.608101,651
粤BH9E24,114.112396,22.6064,652
粤BH9E24,114.113197,22.604401,654
粤BH9E24,114.113403,22.603701,654
粤BH9E24,114.112801,22.6024,655
粤BH9E24,114.112297,22.6012,655
粤BH9E24,114.113297,22.6033,655
粤BH9E24,114.112099,22.6005,656
粤BH9E24,114.111702,22.5861,658
粤BH9E24,114.110497,22.5879,658
粤BH9E24,114.113899,22.583099,659
粤BH9E24,114.114403,22.581301,659
粤BH9E24,114.115303,22.578501,661
粤BH9E24,114.115898,22.579901,661
粤BH9E24,114.118103,22.58,662
粤BH9E24,114.117798,22.580099,662
粤BH9E24,114.118202,22.5797,662
粤BH9E24,114.122101,22.5793,664
粤BH9E24,114.122101,22.5793,664
粤BH9E24,114.123299,22.5758,665
粤BH9E24,114.123001,22.573799,666
粤BH9E24,114.121902,22.573799,668
粤BH9E24,114.123001,22.573799,668
粤BH9E24,114.122299,22.5739,668
粤BH9E24,114.122498,22.5702,669
粤BH9E24,114.122398,22.5714,669
粤BH9E24,114.122498,22.569401,670
粤BH9E24,114.114403,22.562099,672
粤BH9E24,114.110802,22.5588,673
粤BH9E24,114.102501,22.558599,675
粤BH9E24,114.104599,22.558701,675
粤BH9E24,114.096199,22.558701,677
粤BH9E24,114.094704,22.5616,679
粤BH9E24,114.094597,22.562599,680
粤BH9E24,114.094597,22.565599,682
粤BH9E24,114.094498,22.5658,682
粤BH9E24,114.102898,22.5714,685
粤BH9E24,114.102501,22.571699,685
粤BH9E24,114.100403,22.5704,685
粤BH9E24,114.102997,22.571199,686
粤BH9E24,114.102898,22.5714,686
粤BH9E24,114.103798,22.5697,687
粤BH9E24,114.103996,22.563101,688
粤BH9E24,114.103897,22.562201,689
粤BH9E24,114.103897,22.562201,690
粤BH9E24,114.104103,22.558001,692
粤BH9E24,114.104103,22.554701,693
粤BH9E24,114.104103,22.556601,693
粤BH9E24,114.101501,22.553301,695
粤BH9E24,114.100899,22.5541,695
粤BH9E24,114.101303,22.5557,696
粤BH9E24,114.102303,22.5564,697
粤BH9E24,114.103699,22.558599,699
粤BH9E24,114.108803,22.558701,700
粤BH9E24,114.105202,22.558599,700
粤BH9E24,114.112701,22.558701,700
粤BH9E24,114.118401,22.5646,702
粤BH9E24,114.117798,22.5725,703
粤BH9E24,114.1101,22.589001,705
粤BH9E24,114.111198,22.596001,706
粤BH9E24,114.109398,22.591499,706
粤BH9E24,114.113098,22.5994,707
粤BH9E24,114.112,22.5977,707
粤BH9E24,114.118401,22.599001,708
粤BH9E24,114.118401,22.599001,709
粤BH9E24,114.118896,22.598301,709
粤BH9E24,114.119003,22.5982,709
粤BH9E24,114.119003,22.5982,710
粤BH9E24,114.120102,22.598101,710
粤BH9E24,114.122704,22.600901,712
粤BH9E24,114.122704,22.6007,712
粤BH9E24,114.122597,22.6014,713
粤BH9E24,114.122704,22.6028,713
粤BH9E24,114.122597,22.603201,714
粤BH9E24,114.117104,22.603001,716
粤BH9E24,114.118896,22.603399,716
粤BH9E24,114.1166,22.602501,716
粤BH9E24,114.110397,22.5951,718
粤BH9E24,114.109398,22.593,719
粤BH9E24,114.110497,22.5879,719
粤BH9E24,114.111198,22.5867,720
粤BH9E24,114.111198,22.5867,721
粤BH9E24,114.121498,22.5734,722
粤BH9E24,114.115097,22.5623,724
粤BH9E24,114.110497,22.5546,725
粤BH9E24,114.113899,22.558001,725
粤BH9E24,114.113899,22.558001,725
粤BH9E24,114.110199,22.5487,726
粤BH9E24,114.110199,22.548401,726
粤BH9E24,114.110397,22.542299,728
粤BH9E24,114.110298,22.5427,728
粤BH9E24,114.112198,22.5366,730
粤BH9E24,114.113701,22.535801,731
粤BH9E24,114.113998,22.534599,732
粤BH9E24,114.113998,22.535601,732
粤BH9E24,114.113701,22.534599,733
粤BH9E24,114.113701,22.534599,733
粤BH9E24,114.113602,22.5341,735
粤BH9E24,114.113701,22.5341,735
粤BH9E24,114.1138,22.534201,735
粤BH9E24,114.113998,22.5341,736
粤BH9E24,114.113998,22.5341,736
粤BH9E24,114.113998,22.5341,737
粤BH9E24,114.116997,22.5364,738
粤BH9E24,114.118896,22.5376,739
粤BH9E24,114.117599,22.536699,739
粤BH9E24,114.121201,22.5392,739
粤BH9E24,114.1297,22.544201,740
粤BH9E24,114.140503,22.559,742
粤BH9E24,114.140602,22.562799,743
粤BH9E24,114.141098,22.561199,743
粤BH9E24,114.140602,22.562799,743
粤BH9E24,114.139603,22.5639,745
粤BH9E24,114.138802,22.5648,746
粤BH9E24,114.137299,22.566401,746
粤BH9E24,114.137604,22.566099,746
粤BH9E24,114.137299,22.566401,747
粤BH9E24,114.137299,22.566401,747
粤BH9E24,114.137901,22.569901,749
粤BH9E24,114.137604,22.5711,750
粤BH9E24,114.1381,22.5732,750
粤BH9E24,114.138702,22.5749,750
粤BH9E24,114.139099,22.576,751
粤BH9E24,114.140297,22.5786,751
粤BH9E24,114.140297,22.5786,751
粤BH9E24,114.146698,22.5944,753
粤BH9E24,114.146698,22.5944,753
粤BH9E24,114.151001,22.6026,754
粤BH9E24,114.151001,22.6026,754
粤BH9E24,114.151001,22.6026,754
粤BH9E24,114.156502,22.6159,757
粤BH9E24,114.154503,22.616699,757
粤BH9E24,114.154602,22.6166,757
粤BH9E24,114.154099,22.616699,758
粤BH9E24,114.156898,22.6154,759
粤BH9E24,114.156898,22.6154,759
粤BH9E24,114.156898,22.615299,760
粤BH9E24,114.156898,22.6154,760
粤BH9E24,114.156898,22.615299,760
粤BH9E24,114.1576,22.613701,761
粤BH9E24,114.150299,22.608,763
粤BH9E24,114.150299,22.608,763
粤BH9E24,114.150002,22.608,764
粤BH9E24,114.149902,22.6075,764
粤BH9E24,114.149597,22.607,765
粤BH9E24,114.149902,22.607901,766
粤BH9E24,114.150597,22.607901,766
粤BH9E24,114.156097,22.608999,767
粤BH9E24,114.152901,22.608101,767
粤BH9E24,114.1548,22.608801,767
粤BH9E24,114.158997,22.610399,768
粤BH9E24,114.1586,22.6091,768
粤BH9E24,114.157204,22.614901,770
粤BH9E24,114.157402,22.615499,771
粤BH9E24,114.157402,22.615499,771
粤BH9E24,114.157402,22.615499,772
粤BH9E24,114.157402,22.615499,773
粤BH9E24,114.157402,22.615499,773
粤BH9E24,114.157402,22.615499,774
粤BH9E24,114.157402,22.615499,774
粤BH9E24,114.157402,22.615499,774
粤BH9E24,114.157402,22.615499,775
粤BH9E24,114.157402,22.615499,777
粤BH9E24,114.157402,22.615499,777
粤BH9E24,114.157402,22.615499,777
粤BH9E24,114.157402,22.615499,778
粤BH9E24,114.157402,22.615499,778
粤BH9E24,114.157402,22.615499,778
粤BH9E24,114.157402,22.615499,780
粤BH9E24,114.157402,22.615499,780
粤BH9E24,114.157402,22.615499,781
粤BH9E24,114.157402,22.615499,781
粤BH9E24,114.157402,22.615499,782
粤BH9E24,114.157402,22.615499,784
粤BH9E24,114.157402,22.615499,784
粤BH9E24,114.157402,22.615499,785
粤BH9E24,114.157402,22.615499,785
粤BH9E24,114.157402,22.615499,786
粤BH9E24,114.157402,22.615499,787
粤BH9E24,114.157402,22.615499,788
粤BH9E24,114.157402,22.615499,788
粤BH9E24,114.157402,22.615499,788
粤BH9E24,114.157402,22.615499,789
粤BH9E24,114.157402,22.615499,791
粤BH9E24,114.157402,22.615499,792
粤BH9E24,114.157402,22.615499,793
粤BH9E24,114.157402,22.615499,796
粤BH9E24,114.157402,22.615499,796
粤BH9E24,114.157402,22.615499,798
粤BH9E24,114.157402,22.615499,798
粤BH9E24,114.157402,22.615499,799
粤BH9E24,114.157402,22.615499,799
粤BH9E24,114.157402,22.615499,799
粤BH9E24,114.158897,22.6106,801
粤BH9E24,114.158203,22.612,801
粤BH9E24,114.1576,22.613501,801
粤BH9E24,114.158699,22.609301,802
粤BH9E24,114.154999,22.608999,803
粤BH9E24,114.150398,22.6087,804
粤BH9E24,114.1502,22.608101,804
粤BH9E24,114.150398,22.6087,805
粤BH9E24,114.150398,22.6087,805
粤BH9E24,114.150398,22.6087,805
粤BH9E24,114.150497,22.6089,806
粤BH9E24,114.150398,22.608801,808
粤BH9E24,114.150398,22.608801,808
粤BH9E24,114.154099,22.6085,809
粤BH9E24,114.150101,22.608101,809
粤BH9E24,114.151802,22.6078,809
粤BH9E24,114.155098,22.6075,810
粤BH9E24,114.150803,22.602301,811
粤BH9E24,114.150803,22.602301,812
粤BH9E24,114.1548,22.6126,812
粤BH9E24,114.150803,22.602301,812
粤BH9E24,114.155502,22.6094,812
粤BH9E24,114.155899,22.619301,813
粤BH9E24,114.159103,22.631201,814
粤BH9E24,114.1679,22.6357,815
粤BH9E24,114.165199,22.6348,815
粤BH9E24,114.171799,22.6364,816
粤BH9E24,114.178802,22.6376,818
粤BH9E24,114.179298,22.635599,819
粤BH9E24,114.179199,22.6366,819
粤BH9E24,114.1791,22.6373,819
粤BH9E24,114.179398,22.632601,820
粤BH9E24,114.181,22.631399,822
粤BH9E24,114.180397,22.6294,823
粤BH9E24,114.181,22.6313,823
粤BH9E24,114.179398,22.635201,825
粤BH9E24,114.179298,22.636,825
粤BH9E24,114.1791,22.6376,826
粤BH9E24,114.181702,22.6394,827
粤BH9E24,114.182297,22.6397,827
粤BH9E24,114.177002,22.637501,828
粤BH9E24,114.176903,22.637501,829
粤BH9E24,114.170799,22.636499,830
粤BH9E24,114.172798,22.636801,830
粤BH9E24,114.155998,22.628099,833
粤BH9E24,114.155998,22.628099,833
粤BH9E24,114.152901,22.6238,834
粤BH9E24,114.155197,22.622,834
粤BH9E24,114.155998,22.615801,835
粤BH9E24,114.154602,22.6068,836
粤BH9E24,114.154602,22.6068,837
粤BH9E24,114.144302,22.591,843
粤BH9E24,114.144302,22.591,844
粤BH9E24,114.144302,22.591,844
粤BH9E24,114.139297,22.576799,847
粤BH9E24,114.138603,22.5755,847
粤BH9E24,114.137497,22.5758,848
粤BH9E24,114.138298,22.5755,848
粤BH9E24,114.137901,22.5756,848
粤BH9E24,114.136803,22.576,849
粤BH9E24,114.1362,22.5802,851
粤BH9E24,114.136299,22.5798,852
粤BH9E24,114.136101,22.5797,852
粤BH9E24,114.136299,22.5802,852
粤BH9E24,114.133003,22.5795,854
粤BH9E24,114.133003,22.5795,855
粤BH9E24,114.133003,22.5795,855
粤BH9E24,114.132401,22.5779,855
粤BH9E24,114.132401,22.5779,856
粤BH9E24,114.129501,22.5779,856
粤BH9E24,114.132401,22.5779,856
粤BH9E24,114.122704,22.579,857
粤BH9E24,114.123398,22.575701,858
粤BH9E24,114.124298,22.5728,859
粤BH9E24,114.122299,22.570601,861
粤BH9E24,114.120903,22.568899,862
粤BH9E24,114.122002,22.569201,862
粤BH9E24,114.122398,22.5695,862
粤BH9E24,114.121399,22.573799,865
粤BH9E24,114.122002,22.572399,866
粤BH9E24,114.121803,22.569401,867
粤BH9E24,114.120102,22.5688,868
粤BH9E24,114.117897,22.567101,869
粤BH9E24,114.118301,22.564899,869
粤BH9E24,114.115997,22.5611,871
粤BH9E24,114.1166,22.5602,872
粤BH9E24,114.116402,22.558901,873
粤BH9E24,114.115501,22.560801,874
粤BH9E24,114.115898,22.561399,875
粤BH9E24,114.115898,22.561701,875
粤BH9E24,114.115898,22.561701,875
粤BH9E24,114.115997,22.563299,876
粤BH9E24,114.1166,22.5634,876
粤BH9E24,114.1231,22.5557,878
粤BH9E24,114.124802,22.553801,879
粤BH9E24,114.125702,22.552601,879
粤BH9E24,114.125801,22.5518,881
粤BH9E24,114.125801,22.5518,881
粤BH9E24,114.125801,22.5508,882
粤BH9E24,114.125801,22.550301,883
粤BH9E24,114.125801,22.550301,883
粤BH9E24,114.1259,22.548,885
粤BH9E24,114.125999,22.542801,886
粤BH9E24,114.125999,22.544901,886
粤BH9E24,114.1259,22.5462,886
粤BH9E24,114.130302,22.5443,888
粤BH9E24,114.136703,22.549999,889
粤BH9E24,114.137604,22.551399,890
粤BH9E24,114.142601,22.556299,892
粤BH9E24,114.142799,22.5562,892
粤BH9E24,114.142502,22.555401,892
粤BH9E24,114.142502,22.555401,892
粤BH9E24,114.142502,22.555401,892
粤BH9E24,114.142303,22.5562,893
粤BH9E24,114.142303,22.5562,893
粤BH9E24,114.142303,22.5562,894
粤BH9E24,114.141296,22.5562,896
粤BH9E24,114.140503,22.558399,897
粤BH9E24,114.140297,22.5578,897
粤BH9E24,114.1409,22.5604,899
粤BH9E24,114.124603,22.562901,911
粤BH9E24,114.125099,22.5595,913
粤BH9E24,114.124298,22.558701,914
粤BH9E24,114.1231,22.558001,914
粤BH9E24,114.116402,22.5588,916
粤BH9E24,114.110298,22.556601,917
粤BH9E24,114.110199,22.5492,918
粤BH9E24,114.109901,22.547701,919
粤BH9E24,114.106796,22.5464,921
粤BH9E24,114.106796,22.5464,921
粤BH9E24,114.106796,22.5464,922
粤BH9E24,114.106796,22.5464,922
粤BH9E24,114.1064,22.5466,923
粤BH9E24,114.105301,22.546,923
粤BH9E24,114.105698,22.546301,924
粤BH9E24,114.105698,22.546301,925
粤BH9E24,114.105904,22.5464,925
粤BH9E24,114.105103,22.548901,926
粤BH9E24,114.104401,22.552099,928
粤BH9E24,114.103798,22.5536,929
粤BH9E24,114.103798,22.5525,929
粤BH9E24,114.106598,22.558599,932
粤BH9E24,114.109299,22.558701,932
粤BH9E24,114.116302,22.5588,933
粤BH9E24,114.119904,22.5606,935
粤BH9E24,114.125099,22.569201,938
粤BH9E24,114.125099,22.569201,938
粤BH9E24,114.125099,22.570101,939
粤BH9E24,114.125099,22.569201,939
粤BH9E24,114.129501,22.5718,940
粤BH9E24,114.127602,22.5711,940
粤BH9E24,114.130798,22.5721,940
粤BH9E24,114.137199,22.566099,942
粤BH9E24,114.137703,22.568701,942
粤BH9E24,114.137802,22.565201,943
粤BH9E24,114.139603,22.5632,943
粤BH9E24,114.140503,22.559999,944
粤BH9E24,114.1371,22.5511,945
粤BH9E24,114.132896,22.5459,946
粤BH9E24,114.130203,22.5445,946
粤BH9E24,114.127403,22.5431,946
粤BH9E24,114.124397,22.541401,947
粤BH9E24,114.117401,22.5397,948
粤BH9E24,114.112801,22.5383,949
粤BH9E24,114.109398,22.537701,949
粤BH9E24,114.115402,22.5389,949
粤BH9E24,114.100502,22.5383,950
粤BH9E24,114.106499,22.5371,950
粤BH9E24,114.092697,22.5382,952
粤BH9E24,114.0896,22.537901,953
粤BH9E24,114.091003,22.5382,953
粤BH9E24,114.087303,22.5375,954
粤BH9E24,114.088799,22.537701,954
粤BH9E24,114.084503,22.5375,956
粤BH9E24,114.083,22.5375,956
粤BH9E24,114.083801,22.5375,956
粤BH9E24,114.079903,22.5364,957
粤BH9E24,114.080704,22.537001,957
粤BH9E24,114.078003,22.5333,958
粤BH9E24,114.079002,22.5352,958
粤BH9E24,114.073502,22.5319,959
粤BH9E24,114.072403,22.531799,960
粤BH9E24,114.066002,22.531799,960
粤BH9E24,114.069702,22.531799,960
粤BH9E24,114.058899,22.5317,961
粤BH9E24,114.055702,22.531601,961
粤BH9E24,114.052696,22.531601,962
粤BH9E24,114.043999,22.532101,963
粤BH9E24,114.044098,22.5315,963
粤BH9E24,114.0448,22.528601,964
粤BH9E24,114.044502,22.5308,964
粤BH9E24,114.035896,22.523001,970
粤BH9E24,114.035301,22.5233,971
粤BH9E24,114.034599,22.523701,971
粤BH9E24,114.035698,22.5231,971
粤BH9E24,114.034599,22.523701,972
粤BH9E24,114.034599,22.523701,972
粤BH9E24,114.032303,22.5247,974
粤BH9E24,114.032303,22.5247,974
粤BH9E24,114.032303,22.5247,975
粤BH9E24,114.031998,22.525101,976
粤BH9E24,114.037399,22.5236,978
粤BH9E24,114.036697,22.523899,978
粤BH9E24,114.0382,22.5231,979
粤BH9E24,114.039803,22.522301,979
粤BH9E24,114.041298,22.521299,980
粤BH9E24,114.052597,22.5182,982
粤BH9E24,114.055901,22.518801,982
粤BH9E24,114.059799,22.5203,983
粤BH9E24,114.058701,22.5198,983
粤BH9E24,114.062202,22.5221,984
粤BH9E24,114.062897,22.5359,987
粤BH9E24,114.0634,22.537201,988
粤BH9E24,114.064301,22.5378,990
粤BH9E24,114.063599,22.537901,991
粤BH9E24,114.062798,22.548201,994
粤BH9E24,114.0625,22.551001,995
粤BH9E24,114.0625,22.5618,997
粤BH9E24,114.062698,22.563601,997
粤BH9E24,114.062698,22.5646,998
粤BH9E24,114.062698,22.565001,998
粤BH9E24,114.062302,22.5683,1000
粤BH9E24,114.062401,22.5679,1000
粤BH9E24,114.062103,22.5697,1001
粤BH9E24,114.061798,22.5709,1002
粤BH9E24,114.060898,22.575199,1003
粤BH9E24,114.060699,22.576099,1004
粤BH9E24,114.061096,22.5772,1004
粤BH9E24,114.0616,22.5783,1005
粤BH9E24,114.053299,22.585199,1007
粤BH9E24,114.054001,22.583,1007
粤BH9E24,114.050903,22.589199,1008
粤BH9E24,114.046303,22.596901,1009
粤BH9E24,114.047096,22.6042,1011
粤BH9E24,114.047096,22.6042,1011
粤BH9E24,114.042603,22.603201,1012
粤BH9E24,114.045998,22.6042,1012
粤BH9E24,114.042503,22.603201,1013
粤BH9E24,114.041901,22.6035,1013
粤BH9E24,114.036102,22.6106,1015
粤BH9E24,114.033897,22.6133,1016
粤BH9E24,114.032997,22.614401,1016
粤BH9E24,114.024498,22.6366,1029
粤BH9E24,114.0308,22.634501,1031
粤BH9E24,114.030899,22.634501,1032
粤BH9E24,114.034798,22.6334,1033
粤BH9E24,114.033096,22.633801,1033
粤BH9E24,114.039101,22.6329,1034
粤BH9E24,114.053703,22.6299,1036
粤BH9E24,114.065399,22.630199,1038
粤BH9E24,114.072998,22.6297,1039
粤BH9E24,114.080704,22.628401,1042
粤BH9E24,114.080704,22.628401,1042
粤BH9E24,114.088097,22.6301,1043
粤BH9E24,114.101898,22.6357,1045
粤BH9E24,114.105103,22.638,1045
粤BH9E24,114.108002,22.6402,1046
粤BH9E24,114.115501,22.642799,1046
粤BH9E24,114.110802,22.642,1046
粤BH9E24,114.124001,22.6397,1047
粤BH9E24,114.1455,22.6408,1049
粤BH9E24,114.151901,22.6434,1049
粤BH9E24,114.151703,22.6427,1050
粤BH9E24,114.151703,22.6427,1051
粤BH9E24,114.151398,22.6415,1052
粤BH9E24,114.151398,22.6415,1053
粤BH9E24,114.1511,22.6408,1054
粤BH9E24,114.149498,22.640499,1056
粤BH9E24,114.149002,22.6408,1057
粤BH9E24,114.149002,22.641701,1058
粤BH9E24,114.150398,22.6395,1061
粤BH9E24,114.150398,22.639799,1061
粤BH9E24,114.150398,22.639799,1061
粤BH9E24,114.150497,22.6388,1063
粤BH9E24,114.150497,22.6388,1063
粤BH9E24,114.150497,22.6388,1064
粤BH9E24,114.150497,22.6388,1064
粤BH9E24,114.150597,22.6381,1064
粤BH9E24,114.150703,22.637699,1065
粤BH9E24,114.155602,22.6147,1068
粤BH9E24,114.154602,22.6066,1069
粤BH9E24,114.154602,22.6066,1069
粤BH9E24,114.155197,22.6077,1069
粤BH9E24,114.1549,22.6112,1069
粤BH9E24,114.150703,22.601999,1070
粤BH9E24,114.154602,22.6066,1070
粤BH9E24,114.1558,22.617701,1073
粤BH9E24,114.156303,22.616301,1073
粤BH9E24,114.155701,22.617701,1074
粤BH9E24,114.154999,22.6175,1076
粤BH9E24,114.1549,22.617599,1077
粤BH9E24,114.1549,22.617599,1078
粤BH9E24,114.1549,22.617599,1080
粤BH9E24,114.1549,22.617599,1080
粤BH9E24,114.1549,22.617599,1081
粤BH9E24,114.1549,22.617599,1081
粤BH9E24,114.1549,22.617599,1082
粤BH9E24,114.1549,22.617599,1083
粤BH9E24,114.1549,22.617599,1085
粤BH9E24,114.1549,22.617599,1085
粤BH9E24,114.1549,22.617599,1087
粤BH9E24,114.1549,22.617599,1087
粤BH9E24,114.1549,22.617599,1089
粤BH9E24,114.1549,22.617599,1090
粤BH9E24,114.1549,22.617599,1091
粤BH9E24,114.1549,22.617599,1091
粤BH9E24,114.1549,22.617599,1091
粤BH9E24,114.1549,22.617599,1092
粤BH9E24,114.1549,22.617599,1092
粤BH9E24,114.1549,22.617599,1094
粤BH9E24,114.1549,22.617599,1094
粤BH9E24,114.1549,22.617599,1095
粤BH9E24,114.1549,22.617599,1095
粤BH9E24,114.1549,22.617599,1096
粤BH9E24,114.1549,22.617599,1096
粤BH9E24,114.1549,22.617599,1097
粤BH9E24,114.1549,22.617599,1098
粤BH9E24,114.1549,22.617599,1099
粤BH9E24,114.1549,22.617599,1101
粤BH9E24,114.1549,22.617599,1101
粤BH9E24,114.1549,22.617599,1101
粤BH9E24,114.1549,22.617599,1102
粤BH9E24,114.1549,22.617599,1102
粤BH9E24,114.1549,22.617599,1105
粤BH9E24,114.1549,22.617599,1105
粤BH9E24,114.1549,22.617599,1106
粤BH9E24,114.1549,22.617599,1109
粤BH9E24,114.1549,22.617599,1109
粤BH9E24,114.1549,22.617599,1111
粤BH9E24,114.1549,22.617599,1112
粤BH9E24,114.1549,22.617599,1115
粤BH9E24,114.1549,22.617599,1115
粤BH9E24,114.1549,22.617599,1116
粤BH9E24,114.1549,22.617599,1116
粤BH9E24,114.1549,22.617599,1116
粤BH9E24,114.1549,22.617599,1117
粤BH9E24,114.1549,22.617599,1118
粤BH9E24,114.1549,22.617599,1119
粤BH9E24,114.1549,22.617599,1119
粤BH9E24,114.1549,22.617599,1119
粤BH9E24,114.1549,22.617599,1120
粤BH9E24,114.1549,22.617599,1122
粤BH9E24,114.1549,22.617599,1122
粤BH9E24,114.1549,22.617599,1123
粤BH9E24,114.1549,22.617599,1123
粤BH9E24,114.1549,22.617599,1124
粤BH9E24,114.1549,22.617599,1125
粤BH9E24,114.1549,22.617599,1126
粤BH9E24,114.1549,22.617599,1127
粤BH9E24,114.1549,22.617599,1128
粤BH9E24,114.1549,22.617599,1129
粤BH9E24,114.1549,22.617599,1129
粤BH9E24,114.1549,22.617599,1130
粤BH9E24,114.1549,22.617599,1133
粤BH9E24,114.1549,22.617599,1133
粤BH9E24,114.1549,22.617599,1134
粤BH9E24,114.1549,22.617599,1135
粤BH9E24,114.1549,22.617599,1136
粤BH9E24,114.1549,22.617599,1141
粤BH9E24,114.1549,22.617599,1141
粤BH9E24,114.1549,22.617599,1146
粤BH9E24,114.1549,22.617599,1147
粤BH9E24,114.1549,22.617599,1147
粤BH9E24,114.1549,22.617599,1147
粤BH9E24,114.1549,22.617599,1148
粤BH9E24,114.1549,22.617599,1150
粤BH9E24,114.1549,22.617599,1150
粤BH9E24,114.1549,22.617599,1151
粤BH9E24,114.1549,22.617599,1152
粤BH9E24,114.1549,22.617599,1154
粤BH9E24,114.1549,22.617599,1154
粤BH9E24,114.1549,22.617599,1155
粤BH9E24,114.1549,22.617599,1155
粤BH9E24,114.1549,22.617599,1155
粤BH9E24,114.1549,22.617599,1157
粤BH9E24,114.1549,22.617599,1158
粤BH9E24,114.1549,22.617599,1158
粤BH9E24,114.1549,22.617599,1159
粤BH9E24,114.1549,22.617599,1160
粤BH9E24,114.1549,22.617599,1161
粤BH9E24,114.1549,22.617599,1161
粤BH9E24,114.1549,22.617599,1161
粤BH9E24,114.1549,22.617599,1162
粤BH9E24,114.1549,22.617599,1162
粤BH9E24,114.1549,22.617599,1163
粤BH9E24,114.1549,22.617599,1164
粤BH9E24,114.1549,22.617599,1165
粤BH9E24,114.1549,22.617599,1165
粤BH9E24,114.1549,22.617599,1166
粤BH9E24,114.1549,22.617599,1166
粤BH9E24,114.1549,22.617599,1167
粤BH9E24,114.1549,22.617599,1167
粤BH9E24,114.1549,22.617599,1167
粤BH9E24,114.1549,22.617599,1170
粤BH9E24,114.1549,22.617599,1170
粤BH9E24,114.1549,22.617599,1171
粤BH9E24,114.1549,22.617599,1171
粤BH9E24,114.1549,22.617599,1171
粤BH9E24,114.1549,22.617599,1172
粤BH9E24,114.1549,22.617599,1172
粤BH9E24,114.1549,22.617599,1174
粤BH9E24,114.1549,22.617599,1174
粤BH9E24,114.1549,22.617599,1174
粤BH9E24,114.1549,22.617599,1175
粤BH9E24,114.1549,22.617599,1175
粤BH9E24,114.1549,22.617599,1175
粤BH9E24,114.1549,22.617599,1176
粤BH9E24,114.1549,22.617599,1177
粤BH9E24,114.1549,22.617599,1178
粤BH9E24,114.1549,22.617599,1178
粤BH9E24,114.1549,22.617599,1178
粤BH9E24,114.1549,22.617599,1179
粤BH9E24,114.1549,22.617599,1179
粤BH9E24,114.1549,22.617599,1179
粤BH9E24,114.1549,22.617599,1181
粤BH9E24,114.1549,22.617599,1182
粤BH9E24,114.1549,22.617599,1182
粤BH9E24,114.1549,22.617599,1183
粤BH9E24,114.1549,22.617599,1183
粤BH9E24,114.1549,22.617599,1185
粤BH9E24,114.1549,22.617599,1185
粤BH9E24,114.1549,22.617599,1185
粤BH9E24,114.1549,22.617599,1186
粤BH9E24,114.1549,22.617599,1186
粤BH9E24,114.1549,22.617599,1190
粤BH9E24,114.1549,22.617599,1190
粤BH9E24,114.1549,22.617599,1190
粤BH9E24,114.1549,22.617599,1191
粤BH9E24,114.1549,22.617599,1191
粤BH9E24,114.1549,22.617599,1192
粤BH9E24,114.1549,22.617599,1193
粤BH9E24,114.1549,22.617599,1193
粤BH9E24,114.1549,22.617599,1194
粤BH9E24,114.1549,22.617599,1195
粤BH9E24,114.1549,22.617599,1195
粤BH9E24,114.1549,22.617599,1197
粤BH9E24,114.1549,22.617599,1198
粤BH9E24,114.1549,22.617599,1198
粤BH9E24,114.1549,22.617599,1199
粤BH9E24,114.1549,22.617599,1199
粤BH9E24,114.1549,22.617599,1202
粤BH9E24,114.1549,22.617599,1202
粤BH9E24,114.1549,22.617599,1203
粤BH9E24,114.1549,22.617599,1204
粤BH9E24,114.1549,22.617599,1205
粤BH9E24,114.1549,22.617599,1206
粤BH9E24,114.1549,22.617599,1206
粤BH9E24,114.1549,22.617599,1207
粤BH9E24,114.1549,22.617599,1207
粤BH9E24,114.1549,22.617599,1209
粤BH9E24,114.1549,22.617599,1209
粤BH9E24,114.1549,22.617599,1210
粤BH9E24,114.1549,22.617599,1210
粤BH9E24,114.1549,22.617599,1212
粤BH9E24,114.1549,22.617599,1212
粤BH9E24,114.1549,22.617599,1213
粤BH9E24,114.1549,22.617599,1215
粤BH9E24,114.1549,22.617599,1215
粤BH9E24,114.1549,22.617599,1216
粤BH9E24,114.1549,22.617599,1216
粤BH9E24,114.1549,22.617599,1217
粤BH9E24,114.1549,22.617599,1217
粤BH9E24,114.1549,22.617599,1221
粤BH9E24,114.1549,22.617599,1225
粤BH9E24,114.1549,22.617599,1226
粤BH9E24,114.1549,22.617599,1228
粤BH9E24,114.1549,22.617599,1228
粤BH9E24,114.1549,22.617599,1229
粤BH9E24,114.1549,22.617599,1229
粤BH9E24,114.1549,22.617599,1229
粤BH9E24,114.1549,22.617599,1230
粤BH9E24,114.1549,22.617599,1231
粤BH9E24,114.1549,22.617599,1231
粤BH9E24,114.1549,22.617599,1232
粤BH9E24,114.1549,22.617599,1232
粤BH9E24,114.1549,22.617599,1235
粤BH9E24,114.1549,22.617599,1236
粤BH9E24,114.1549,22.617599,1236
粤BH9E24,114.1549,22.617599,1238
粤BH9E24,114.1549,22.617599,1239
粤BH9E24,114.1549,22.617599,1239
粤BH9E24,114.1549,22.617599,1239
粤BH9E24,114.1549,22.617599,1240
粤BH9E24,114.1549,22.617599,1241
粤BH9E24,114.1549,22.617599,1242
粤BH9E24,114.1549,22.617599,1242
粤BH9E24,114.1549,22.617599,1242
粤BH9E24,114.1549,22.617599,1243
粤BH9E24,114.1549,22.617599,1243
粤BH9E24,114.1549,22.617599,1245
粤BH9E24,114.1549,22.617599,1246
粤BH9E24,114.1549,22.617599,1247
粤BH9E24,114.1549,22.617599,1249
粤BH9E24,114.1549,22.617599,1249
粤BH9E24,114.1549,22.617599,1252
粤BH9E24,114.1549,22.617599,1253
粤BH9E24,114.1549,22.617599,1256
粤BH9E24,114.1549,22.617599,1256
粤BH9E24,114.1549,22.617599,1257
粤BH9E24,114.1549,22.617599,1260
粤BH9E24,114.1549,22.617599,1260
粤BH9E24,114.1549,22.617599,1261
粤BH9E24,114.1549,22.617599,1261
粤BH9E24,114.1549,22.617599,1262
粤BH9E24,114.1549,22.617599,1263
粤BH9E24,114.1549,22.617599,1264
粤BH9E24,114.1549,22.617599,1265
粤BH9E24,114.1549,22.617599,1267
粤BH9E24,114.1549,22.617599,1268
粤BH9E24,114.1549,22.617599,1269
粤BH9E24,114.1549,22.617599,1271
粤BH9E24,114.1549,22.617599,1271
粤BH9E24,114.1549,22.617599,1274
粤BH9E24,114.1549,22.617599,1274
粤BH9E24,114.1549,22.617599,1275
粤BH9E24,114.1549,22.617599,1275
粤BH9E24,114.1549,22.617599,1277
粤BH9E24,114.1549,22.617599,1278
粤BH9E24,114.1549,22.617599,1279
粤BH9E24,114.1549,22.617599,1279
粤BH9E24,114.1549,22.617599,1281
粤BH9E24,114.1549,22.617599,1281
粤BH9E24,114.1549,22.617599,1285
粤BH9E24,114.1549,22.617599,1286
粤BH9E24,114.1549,22.617599,1287
粤BH9E24,114.1549,22.617599,1288
粤BH9E24,114.1549,22.617599,1289
粤BH9E24,114.1549,22.617599,1289
粤BH9E24,114.1549,22.617599,1291
粤BH9E24,114.1549,22.617599,1291
粤BH9E24,114.1549,22.617599,1292
粤BH9E24,114.1549,22.617599,1292
粤BH9E24,114.1549,22.617599,1295
粤BH9E24,114.1549,22.617599,1295
粤BH9E24,114.1549,22.617599,1295
粤BH9E24,114.1549,22.617599,1296
粤BH9E24,114.1549,22.617599,1296
粤BH9E24,114.1549,22.617599,1298
粤BH9E24,114.1549,22.617599,1298
粤BH9E24,114.1549,22.617599,1298
粤BH9E24,114.1549,22.617599,1299
粤BH9E24,114.1549,22.617599,1299
粤BH9E24,114.1549,22.617599,1299
粤BH9E24,114.1549,22.617599,1302
粤BH9E24,114.1549,22.617599,1302
粤BH9E24,114.1549,22.617599,1303
粤BH9E24,114.1549,22.617599,1303
粤BH9E24,114.1549,22.617599,1309
粤BH9E24,114.1549,22.617599,1309
粤BH9E24,114.1549,22.617599,1310
粤BH9E24,114.1549,22.617599,1310
粤BH9E24,114.1549,22.617599,1310
粤BH9E24,114.1549,22.617599,1311
粤BH9E24,114.1549,22.617599,1311
粤BH9E24,114.1549,22.617599,1311
粤BH9E24,114.1549,22.617599,1312
粤BH9E24,114.1549,22.617599,1313
粤BH9E24,114.1549,22.617599,1314
粤BH9E24,114.1549,22.617599,1314
粤BH9E24,114.1549,22.617599,1315
粤BH9E24,114.1549,22.617599,1315
粤BH9E24,114.1549,22.617599,1317
粤BH9E24,114.1549,22.617599,1317
粤BH9E24,114.1549,22.617599,1317
粤BH9E24,114.1549,22.617599,1318
粤BH9E24,114.1549,22.617599,1318
粤BH9E24,114.1549,22.617599,1318
粤BH9E24,114.1549,22.617599,1324
粤BH9E24,114.1549,22.617599,1326
粤BH9E24,114.1549,22.617599,1327
粤BH9E24,114.1549,22.617599,1330
粤BH9E24,114.1549,22.617599,1330
粤BH9E24,114.1549,22.617599,1331
粤BH9E24,114.1549,22.617599,1332
粤BH9E24,114.1549,22.617599,1334
粤BH9E24,114.1549,22.617599,1334
粤BH9E24,114.1549,22.617599,1334
粤BH9E24,114.1549,22.617599,1335
粤BH9E24,114.1549,22.617599,1337
粤BH9E24,114.1549,22.617599,1338
粤BH9E24,114.1549,22.617599,1338
粤BH9E24,114.1549,22.617599,1339
粤BH9E24,114.1549,22.617599,1341
粤BH9E24,114.1549,22.617599,1342
粤BH9E24,114.1549,22.617599,1342
粤BH9E24,114.1549,22.617599,1344
粤BH9E24,114.1549,22.617599,1345
粤BH9E24,114.1549,22.617599,1345
粤BH9E24,114.1549,22.617599,1345
粤BH9E24,114.1549,22.617599,1346
粤BH9E24,114.1549,22.617599,1346
粤BH9E24,114.1549,22.617599,1348
粤BH9E24,114.1549,22.617599,1348
粤BH9E24,114.1549,22.617599,1349
粤BH9E24,114.1549,22.617599,1350
粤BH9E24,114.1549,22.617599,1352
粤BH9E24,114.1549,22.617599,1355
粤BH9E24,114.1549,22.617599,1357
粤BH9E24,114.1549,22.617599,1358
粤BH9E24,114.1549,22.617599,1359
粤BH9E24,114.1549,22.617599,1360
粤BH9E24,114.1549,22.617599,1364
粤BH9E24,114.1549,22.617599,1364
粤BH9E24,114.1549,22.617599,1365
粤BH9E24,114.1549,22.617599,1365
粤BH9E24,114.1549,22.617599,1366
粤BH9E24,114.1549,22.617599,1368
粤BH9E24,114.1549,22.617599,1368
粤BH9E24,114.1549,22.617599,1369
粤BH9E24,114.1549,22.617599,1369
粤BH9E24,114.1549,22.617599,1370
粤BH9E24,114.1549,22.617599,1372
粤BH9E24,114.1549,22.617599,1373
粤BH9E24,114.1549,22.617599,1373
粤BH9E24,114.1549,22.617599,1376
粤BH9E24,114.1549,22.617599,1377
粤BH9E24,114.1549,22.617599,1377
粤BH9E24,114.1549,22.617599,1378
粤BH9E24,114.1549,22.617599,1378
粤BH9E24,114.1549,22.617599,1380
粤BH9E24,114.1549,22.617599,1380
粤BH9E24,114.1549,22.617599,1381
粤BH9E24,114.1549,22.617599,1382
粤BH9E24,114.1549,22.617599,1383
粤BH9E24,114.1549,22.617599,1383
粤BH9E24,114.1549,22.617599,1384
粤BH9E24,114.1549,22.617599,1384
粤BH9E24,114.1549,22.617599,1385
粤BH9E24,114.1549,22.617599,1386
粤BH9E24,114.1549,22.617599,1387
粤BH9E24,114.1549,22.617599,1388
粤BH9E24,114.1549,22.617599,1388
粤BH9E24,114.1549,22.617599,1390
粤BH9E24,114.1549,22.617599,1391
粤BH9E24,114.1549,22.617599,1391
粤BH9E24,114.1549,22.617599,1391
粤BH9E24,114.1549,22.617599,1392
粤BH9E24,114.1549,22.617599,1394
粤BH9E24,114.1549,22.617599,1395
粤BH9E24,114.1549,22.617599,1395
粤BH9E24,114.1549,22.617599,1397
粤BH9E24,114.1549,22.6175,1398
粤BH9E24,114.1549,22.6175,1399
粤BH9E24,114.1549,22.6175,1401
粤BH9E24,114.1549,22.6175,1402
粤BH9E24,114.1549,22.6175,1402
粤BH9E24,114.1549,22.6175,1402
粤BH9E24,114.1549,22.6175,1404
粤BH9E24,114.1549,22.6175,1405
粤BH9E24,114.1549,22.6175,1405
粤BH9E24,114.1549,22.6175,1406
粤BH9E24,114.1549,22.6175,1406
粤BH9E24,114.1549,22.6175,1406
粤BH9E24,114.1549,22.6175,1410
粤BH9E24,114.1549,22.6175,1411
粤BH9E24,114.1549,22.6175,1412
粤BH9E24,114.1549,22.6175,1413
粤BH9E24,114.1549,22.6175,1414
粤BH9E24,114.1549,22.6175,1415
粤BH9E24,114.1549,22.6175,1415
粤BH9E24,114.1549,22.6175,1415
粤BH9E24,114.1549,22.6175,1416
粤BH9E24,114.1549,22.6175,1418
粤BH9E24,114.1549,22.6175,1418
粤BH9E24,114.1549,22.6175,1419
粤BH9E24,114.1549,22.6175,1419
粤BH9E24,114.1549,22.6175,1422
粤BH9E24,114.1549,22.6175,1422
粤BH9E24,114.1549,22.6175,1423
粤BH9E24,114.1549,22.6175,1423
粤BH9E24,114.1549,22.6175,1423
粤BH9E24,114.1549,22.6175,1425
粤BH9E24,114.1549,22.6175,1426
粤BH9E24,114.1549,22.6175,1426
粤BH9E24,114.1549,22.6175,1427
粤BH9E24,114.1549,22.6175,1427
粤BH9E24,114.1549,22.6175,1429
粤BH9E24,114.1549,22.6175,1429
粤BH9E24,114.1549,22.6175,1429
粤BH9E24,114.1549,22.6175,1430
粤BH9E24,114.1549,22.6175,1430
粤BH9E24,114.1549,22.6175,1432
粤BH9E24,114.1549,22.6175,1433
粤BH9E24,114.1549,22.6175,1433
粤BH9E24,114.1549,22.6175,1433
