粤B443YU,113.889297,22.590401,8
粤B443YU,113.889297,22.590401,9
粤B443YU,113.889297,22.590401,9
粤B443YU,113.889297,22.590599,10
粤B443YU,113.889297,22.590599,11
粤B443YU,113.889297,22.590599,12
粤B443YU,113.889297,22.5907,13
粤B443YU,113.889297,22.5907,14
粤B443YU,113.889297,22.5907,14
粤B443YU,113.889297,22.5907,15
粤B443YU,113.889297,22.5907,16
粤B443YU,113.889297,22.5907,17
粤B443YU,113.889297,22.5907,18
粤B443YU,113.889,22.5907,19
粤B443YU,113.889198,22.590599,19
粤B443YU,113.889198,22.590599,20
粤B443YU,113.889198,22.590599,21
粤B443YU,113.889198,22.590599,22
粤B443YU,113.889198,22.590599,23
粤B443YU,113.889198,22.590599,24
粤B443YU,113.889198,22.590599,24
粤B443YU,113.889198,22.590599,25
粤B443YU,113.889198,22.590599,26
粤B443YU,113.889198,22.590599,27
粤B443YU,113.889198,22.590599,28
粤B443YU,113.889198,22.590599,29
粤B443YU,113.889198,22.590599,29
粤B443YU,113.889198,22.590599,30
粤B443YU,113.889198,22.5907,31
粤B443YU,113.889198,22.590799,32
粤B443YU,113.889198,22.590599,33
粤B443YU,113.889198,22.590599,34
粤B443YU,113.889198,22.590599,34
粤B443YU,113.889297,22.5907,35
粤B443YU,113.889297,22.590599,36
粤B443YU,113.889297,22.5905,37
粤B443YU,113.889297,22.5905,38
粤B443YU,113.889099,22.590599,39
粤B443YU,113.889099,22.590599,39
粤B443YU,113.889099,22.5905,40
粤B443YU,113.889099,22.5905,41
粤B443YU,113.889099,22.5905,42
粤B443YU,113.888802,22.590599,43
粤B443YU,113.888802,22.590599,44
粤B443YU,113.888702,22.590599,45
粤B443YU,113.889099,22.590599,45
粤B443YU,113.889099,22.590599,46
粤B443YU,113.889099,22.590599,47
粤B443YU,113.889099,22.590599,48
粤B443YU,113.889099,22.590599,49
粤B443YU,113.889099,22.590599,49
粤B443YU,113.889099,22.590599,50
粤B443YU,113.889099,22.590599,51
粤B443YU,113.889099,22.590599,52
粤B443YU,113.889099,22.590599,53
粤B443YU,113.889099,22.590599,54
粤B443YU,113.889099,22.590599,55
粤B443YU,113.889099,22.590599,55
粤B443YU,113.889099,22.590599,56
粤B443YU,113.889099,22.590599,57
粤B443YU,113.889198,22.590599,58
粤B443YU,113.889198,22.590599,59
粤B443YU,113.889198,22.590599,60
粤B443YU,113.889198,22.5907,60
粤B443YU,113.889198,22.5907,61
粤B443YU,113.889198,22.5907,62
粤B443YU,113.889198,22.5907,63
粤B443YU,113.889198,22.5907,64
粤B443YU,113.889198,22.5907,65
粤B443YU,113.889198,22.5907,65
粤B443YU,113.889198,22.5907,66
粤B443YU,113.889198,22.5907,67
粤B443YU,113.889198,22.5907,68
粤B443YU,113.889198,22.5907,69
粤B443YU,113.889198,22.5907,70
粤B443YU,113.889198,22.5907,70
粤B443YU,113.889198,22.5907,71
粤B443YU,113.889198,22.5907,72
粤B443YU,113.889198,22.5907,73
粤B443YU,113.888901,22.590599,74
粤B443YU,113.888901,22.590599,75
粤B443YU,113.888901,22.590599,75
粤B443YU,113.888901,22.590599,76
粤B443YU,113.888901,22.590599,77
粤B443YU,113.888901,22.590599,78
粤B443YU,113.888901,22.590599,79
粤B443YU,113.888901,22.590599,80
粤B443YU,113.888901,22.590599,80
粤B443YU,113.889099,22.5907,81
粤B443YU,113.889099,22.5907,82
粤B443YU,113.889099,22.5907,83
粤B443YU,113.889099,22.5907,84
粤B443YU,113.889099,22.5907,85
粤B443YU,113.889099,22.5907,85
粤B443YU,113.888901,22.590599,86
粤B443YU,113.889198,22.590599,87
粤B443YU,113.889198,22.590599,88
粤B443YU,113.889198,22.590599,89
粤B443YU,113.889297,22.5907,90
粤B443YU,113.889,22.5907,90
粤B443YU,113.889099,22.5907,91
粤B443YU,113.889099,22.5907,92
粤B443YU,113.889099,22.5907,93
粤B443YU,113.889297,22.590799,94
粤B443YU,113.889,22.5907,95
粤B443YU,113.889,22.5907,95
粤B443YU,113.888901,22.590401,96
粤B443YU,113.888901,22.5905,97
粤B443YU,113.889099,22.590599,98
粤B443YU,113.889,22.5905,99
粤B443YU,113.888702,22.5905,100
粤B443YU,113.888702,22.5905,100
粤B443YU,113.888802,22.590599,101
粤B443YU,113.888802,22.590599,102
粤B443YU,113.889,22.590599,105
粤B443YU,113.889,22.590599,105
粤B443YU,113.889,22.590599,106
粤B443YU,113.889198,22.590799,107
粤B443YU,113.889198,22.590799,108
粤B443YU,113.889,22.590599,109
粤B443YU,113.889099,22.590799,110
粤B443YU,113.889099,22.590799,110
粤B443YU,113.889099,22.590799,111
粤B443YU,113.889099,22.590799,112
粤B443YU,113.889099,22.590799,113
粤B443YU,113.889099,22.590799,114
粤B443YU,113.889099,22.590799,115
粤B443YU,113.889099,22.590799,115
粤B443YU,113.889099,22.590799,116
粤B443YU,113.889099,22.590799,117
粤B443YU,113.889099,22.590799,117
粤B443YU,113.888901,22.590599,118
粤B443YU,113.888901,22.590599,119
粤B443YU,113.889099,22.590599,120
粤B443YU,113.889099,22.590599,120
粤B443YU,113.889099,22.590599,121
粤B443YU,113.889099,22.590599,122
粤B443YU,113.889099,22.590599,123
粤B443YU,113.889099,22.590599,124
粤B443YU,113.889,22.5905,125
粤B443YU,113.889099,22.590599,125
粤B443YU,113.889,22.5907,126
粤B443YU,113.889,22.5907,127
粤B443YU,113.889,22.5907,128
粤B443YU,113.889,22.5907,129
粤B443YU,113.889,22.5907,130
粤B443YU,113.889,22.5907,130
粤B443YU,113.889099,22.5907,131
粤B443YU,113.889099,22.590401,132
粤B443YU,113.889,22.5905,133
粤B443YU,113.889,22.5905,134
粤B443YU,113.889,22.5905,135
粤B443YU,113.889,22.5905,135
粤B443YU,113.889,22.5905,136
粤B443YU,113.889,22.5905,137
粤B443YU,113.889,22.5905,138
粤B443YU,113.889,22.5905,139
粤B443YU,113.889,22.5905,140
粤B443YU,113.889,22.5905,140
粤B443YU,113.889,22.5907,141
粤B443YU,113.889,22.5907,142
粤B443YU,113.889,22.5907,143
粤B443YU,113.889099,22.5907,144
粤B443YU,113.889099,22.5907,145
粤B443YU,113.889099,22.5907,145
粤B443YU,113.889099,22.5907,146
粤B443YU,113.889099,22.5907,147
粤B443YU,113.889099,22.5907,148
粤B443YU,113.889099,22.5907,149
粤B443YU,113.889099,22.5907,150
粤B443YU,113.889099,22.5907,150
粤B443YU,113.889099,22.5907,151
粤B443YU,113.889099,22.5907,152
粤B443YU,113.889099,22.5907,153
粤B443YU,113.889099,22.590599,154
粤B443YU,113.889099,22.590599,155
粤B443YU,113.889099,22.590599,155
粤B443YU,113.889099,22.590599,156
粤B443YU,113.889099,22.590599,157
粤B443YU,113.889099,22.590599,158
粤B443YU,113.889099,22.590599,159
粤B443YU,113.889099,22.590799,160
粤B443YU,113.889099,22.590799,160
粤B443YU,113.889099,22.590799,161
粤B443YU,113.889099,22.590799,162
粤B443YU,113.889099,22.590799,163
粤B443YU,113.889099,22.590799,164
粤B443YU,113.889099,22.590799,165
粤B443YU,113.889099,22.590799,165
粤B443YU,113.889099,22.590799,166
粤B443YU,113.889099,22.590799,167
粤B443YU,113.889099,22.590799,168
粤B443YU,113.889099,22.590799,169
粤B443YU,113.889099,22.590799,170
粤B443YU,113.889099,22.590799,170
粤B443YU,113.889297,22.590599,171
粤B443YU,113.889297,22.590599,172
粤B443YU,113.889297,22.590599,173
粤B443YU,113.888901,22.5907,174
粤B443YU,113.889,22.590599,175
粤B443YU,113.889198,22.590599,175
粤B443YU,113.889198,22.590599,176
粤B443YU,113.889,22.590599,177
粤B443YU,113.889,22.590599,178
粤B443YU,113.889,22.590599,179
粤B443YU,113.889,22.590599,180
粤B443YU,113.889,22.590599,180
粤B443YU,113.889198,22.590599,181
粤B443YU,113.889198,22.590599,182
粤B443YU,113.889198,22.5905,192
粤B443YU,113.889198,22.5905,193
粤B443YU,113.889198,22.5905,194
粤B443YU,113.889198,22.590599,195
粤B443YU,113.889198,22.5905,195
粤B443YU,113.889099,22.590599,196
粤B443YU,113.889099,22.590599,197
粤B443YU,113.889099,22.590599,198
粤B443YU,113.889099,22.590599,199
粤B443YU,113.889099,22.590599,200
粤B443YU,113.889099,22.590599,200
粤B443YU,113.889099,22.590599,201
粤B443YU,113.889099,22.590599,202
粤B443YU,113.889099,22.590599,203
粤B443YU,113.889099,22.590599,204
粤B443YU,113.889099,22.590599,205
粤B443YU,113.889099,22.590599,205
粤B443YU,113.889099,22.590599,206
粤B443YU,113.889099,22.590599,207
粤B443YU,113.889099,22.590599,208
粤B443YU,113.889099,22.590599,209
粤B443YU,113.889099,22.590599,210
粤B443YU,113.889099,22.590599,210
粤B443YU,113.889099,22.590599,211
粤B443YU,113.889099,22.5907,212
粤B443YU,113.889099,22.5907,213
粤B443YU,113.889099,22.5907,214
粤B443YU,113.889099,22.5907,215
粤B443YU,113.889099,22.5907,215
粤B443YU,113.889099,22.5907,216
粤B443YU,113.889099,22.5907,217
粤B443YU,113.889099,22.5907,218
粤B443YU,113.889099,22.5907,219
粤B443YU,113.889099,22.5907,220
粤B443YU,113.889099,22.5907,220
粤B443YU,113.889099,22.5907,221
粤B443YU,113.889099,22.5907,222
粤B443YU,113.889099,22.5907,223
粤B443YU,113.889099,22.5907,224
粤B443YU,113.889099,22.5907,225
粤B443YU,113.889099,22.5907,225
粤B443YU,113.889,22.590599,226
粤B443YU,113.889,22.590599,227
粤B443YU,113.889,22.590599,228
粤B443YU,113.889,22.590599,229
粤B443YU,113.889,22.590599,230
粤B443YU,113.889099,22.590599,231
粤B443YU,113.889099,22.590599,232
粤B443YU,113.889099,22.590599,233
粤B443YU,113.889099,22.590599,238
粤B443YU,113.888397,22.592899,276
粤B443YU,113.889297,22.5926,277
粤B443YU,113.891197,22.5917,278
粤B443YU,113.890198,22.5919,279
粤B443YU,113.889999,22.591499,280
粤B443YU,113.8899,22.5914,281
粤B443YU,113.8899,22.591499,281
粤B443YU,113.8899,22.5914,282
粤B443YU,113.8899,22.5914,283
粤B443YU,113.8899,22.5914,290
粤B443YU,113.8899,22.5914,291
粤B443YU,113.8899,22.5914,291
粤B443YU,113.8899,22.5914,292
粤B443YU,113.8899,22.5914,293
粤B443YU,113.8899,22.5914,294
粤B443YU,113.8899,22.591499,295
粤B443YU,113.889801,22.593201,296
粤B443YU,113.888199,22.5935,296
粤B443YU,113.880997,22.592899,297
粤B443YU,113.877197,22.594101,298
粤B443YU,113.8741,22.597799,299
粤B443YU,113.868401,22.6028,300
粤B443YU,113.861801,22.6038,301
粤B443YU,113.865501,22.604799,301
粤B443YU,113.856903,22.6092,302
粤B443YU,113.8899,22.5914,303
粤B443YU,113.853302,22.6159,303
粤B443YU,113.848801,22.622101,304
粤B443YU,113.888397,22.592899,304
粤B443YU,113.8899,22.5914,305
粤B443YU,113.844902,22.628201,305
粤B443YU,113.839897,22.633801,306
粤B443YU,113.840897,22.633801,306
粤B443YU,113.843498,22.629299,307
粤B443YU,113.845001,22.6262,308
粤B443YU,113.845398,22.625601,309
粤B443YU,113.843803,22.622,310
粤B443YU,113.822899,22.614,311
粤B443YU,113.833397,22.618999,311
粤B443YU,113.8162,22.614401,312
粤B443YU,113.812202,22.6229,313
粤B443YU,113.812698,22.626499,314
粤B443YU,113.809799,22.627199,315
粤B443YU,113.809799,22.627199,316
粤B443YU,113.809799,22.627199,316
粤B443YU,113.809799,22.627199,317
粤B443YU,113.809799,22.627199,318
粤B443YU,113.809799,22.627199,319
粤B443YU,113.809799,22.627199,320
粤B443YU,113.809799,22.627199,321
粤B443YU,113.809799,22.627199,321
粤B443YU,113.809799,22.627199,322
粤B443YU,113.809799,22.627199,323
粤B443YU,113.809799,22.627199,324
粤B443YU,113.809799,22.627199,325
粤B443YU,113.809799,22.627199,326
粤B443YU,113.809799,22.627199,326
粤B443YU,113.809799,22.627199,327
粤B443YU,113.809799,22.627199,328
粤B443YU,113.809799,22.627199,329
粤B443YU,113.809799,22.627199,330
粤B443YU,113.809799,22.627199,331
粤B443YU,113.809799,22.627199,331
粤B443YU,113.809799,22.627199,332
粤B443YU,113.809799,22.627199,333
粤B443YU,113.809799,22.627199,334
粤B443YU,113.809799,22.627199,335
粤B443YU,113.809799,22.627199,336
粤B443YU,113.809799,22.627199,336
粤B443YU,113.809799,22.627199,337
粤B443YU,113.809799,22.627199,338
粤B443YU,113.809799,22.627199,339
粤B443YU,113.809799,22.627199,340
粤B443YU,113.809799,22.627199,341
粤B443YU,113.809799,22.627199,341
粤B443YU,113.809799,22.627199,342
粤B443YU,113.809799,22.627199,343
粤B443YU,113.809799,22.627199,344
粤B443YU,113.809799,22.627199,345
粤B443YU,113.809799,22.627199,346
粤B443YU,113.809799,22.627199,347
粤B443YU,113.809799,22.627199,349
粤B443YU,113.809799,22.627199,350
粤B443YU,113.809799,22.627199,351
粤B443YU,113.809799,22.627199,351
粤B443YU,113.809799,22.627199,352
粤B443YU,113.809799,22.627199,353
粤B443YU,113.809799,22.627199,354
粤B443YU,113.809799,22.627199,355
粤B443YU,113.809799,22.627199,356
粤B443YU,113.809799,22.627199,356
粤B443YU,113.809799,22.627199,356
粤B443YU,113.809799,22.627199,357
粤B443YU,113.809799,22.627199,359
粤B443YU,113.809799,22.627199,360
粤B443YU,113.809799,22.627199,361
粤B443YU,113.809799,22.627199,361
粤B443YU,113.809799,22.627199,362
粤B443YU,113.809799,22.627199,363
粤B443YU,113.809799,22.627199,365
粤B443YU,113.809799,22.627199,366
粤B443YU,113.809799,22.627199,367
粤B443YU,113.8097,22.627199,368
粤B443YU,113.8097,22.627199,369
粤B443YU,113.8097,22.627199,370
粤B443YU,113.8097,22.627199,371
粤B443YU,113.8097,22.627199,371
粤B443YU,113.809502,22.627501,372
粤B443YU,113.809502,22.627501,373
粤B443YU,113.8097,22.627199,374
粤B443YU,113.809502,22.627501,375
粤B443YU,113.809601,22.627199,376
粤B443YU,113.809601,22.627199,376
粤B443YU,113.809601,22.627199,377
粤B443YU,113.809601,22.627199,378
粤B443YU,113.809601,22.627199,379
粤B443YU,113.809601,22.627199,380
粤B443YU,113.809601,22.627199,381
粤B443YU,113.809601,22.627199,381
粤B443YU,113.809601,22.627199,382
粤B443YU,113.809601,22.627199,383
粤B443YU,113.809601,22.627199,384
粤B443YU,113.809601,22.627199,385
粤B443YU,113.809601,22.627199,386
粤B443YU,113.809601,22.627199,387
粤B443YU,113.809601,22.627199,389
粤B443YU,113.809601,22.627199,390
粤B443YU,113.809601,22.627199,391
粤B443YU,113.809601,22.627199,394
粤B443YU,113.809601,22.627199,395
粤B443YU,113.809601,22.627399,396
粤B443YU,113.809601,22.6271,399
粤B443YU,113.809601,22.6271,400
粤B443YU,113.809601,22.6271,401
粤B443YU,113.809601,22.627001,406
粤B443YU,113.8097,22.6271,415
粤B443YU,113.8097,22.6271,416
粤B443YU,113.8097,22.6271,419
粤B443YU,113.8097,22.6271,420
粤B443YU,113.8097,22.6271,421
粤B443YU,113.8097,22.6271,425
粤B443YU,113.8097,22.6271,426
粤B443YU,113.809601,22.6271,430
粤B443YU,113.8097,22.6271,431
粤B443YU,113.8097,22.6271,434
粤B443YU,113.8097,22.6271,435
粤B443YU,113.8097,22.6271,436
粤B443YU,113.8097,22.6271,440
粤B443YU,113.8097,22.627199,444
粤B443YU,113.8097,22.627199,445
粤B443YU,113.8097,22.627199,446
粤B443YU,113.8097,22.627199,449
粤B443YU,113.8097,22.627199,450
粤B443YU,113.8097,22.627199,451
粤B443YU,113.8097,22.627199,459
粤B443YU,113.809601,22.6273,460
粤B443YU,113.809601,22.6273,461
粤B443YU,113.809601,22.6273,465
粤B443YU,113.809998,22.626699,470
粤B443YU,113.809998,22.626699,471
粤B443YU,113.809898,22.6266,474
粤B443YU,113.809998,22.626499,475
粤B443YU,113.810204,22.626301,476
粤B443YU,113.810204,22.626301,479
粤B443YU,113.8106,22.6262,480
粤B443YU,113.810097,22.626301,481
粤B443YU,113.809799,22.625999,489
粤B443YU,113.810303,22.626499,490
粤B443YU,113.8106,22.6266,491
粤B443YU,113.812302,22.613199,494
粤B443YU,113.812302,22.6091,495
粤B443YU,113.809998,22.6057,496
粤B443YU,113.810402,22.6052,499
粤B443YU,113.809402,22.607401,500
粤B443YU,113.814003,22.6094,501
粤B443YU,113.813103,22.6126,504
粤B443YU,113.816002,22.614401,505
粤B443YU,113.814301,22.618099,506
粤B443YU,113.806702,22.6257,509
粤B443YU,113.807899,22.621,510
粤B443YU,113.813202,22.625601,564
粤B443YU,113.813202,22.625601,565
粤B443YU,113.813202,22.625601,566
粤B443YU,113.813202,22.625601,567
粤B443YU,113.813202,22.625601,567
粤B443YU,113.813202,22.625601,568
粤B443YU,113.813202,22.625601,569
粤B443YU,113.813202,22.625601,570
粤B443YU,113.813202,22.625601,571
粤B443YU,113.813202,22.625601,572
粤B443YU,113.813202,22.625601,572
粤B443YU,113.813202,22.625601,573
粤B443YU,113.813202,22.625601,574
粤B443YU,113.813202,22.625601,575
粤B443YU,113.813202,22.625601,576
粤B443YU,113.813202,22.625601,577
粤B443YU,113.813202,22.625601,577
粤B443YU,113.813202,22.625601,578
粤B443YU,113.813103,22.625799,579
粤B443YU,113.812302,22.627199,580
粤B443YU,113.812302,22.627199,581
粤B443YU,113.812302,22.6271,582
粤B443YU,113.812302,22.6271,582
粤B443YU,113.812302,22.6271,583
粤B443YU,113.812302,22.6271,584
粤B443YU,113.812302,22.6271,585
粤B443YU,113.812302,22.627199,586
粤B443YU,113.812302,22.627199,587
粤B443YU,113.812302,22.627199,587
粤B443YU,113.812302,22.627199,588
粤B443YU,113.812302,22.627199,589
粤B443YU,113.812302,22.627199,590
粤B443YU,113.812302,22.627199,591
粤B443YU,113.812302,22.627199,592
粤B443YU,113.812302,22.627199,592
粤B443YU,113.812302,22.627199,593
粤B443YU,113.812302,22.627199,594
粤B443YU,113.812302,22.627199,595
粤B443YU,113.812302,22.627199,596
粤B443YU,113.812302,22.627199,597
粤B443YU,113.812302,22.627199,597
粤B443YU,113.812302,22.627199,598
粤B443YU,113.812302,22.627199,599
粤B443YU,113.812302,22.627199,600
粤B443YU,113.812302,22.627199,603
粤B443YU,113.812302,22.627199,604
粤B443YU,113.812302,22.627199,605
粤B443YU,113.812302,22.627199,606
粤B443YU,113.812302,22.627199,607
粤B443YU,113.812302,22.627199,607
粤B443YU,113.811897,22.627899,608
粤B443YU,113.811798,22.628,609
粤B443YU,113.811798,22.628,610
粤B443YU,113.811798,22.628,611
粤B443YU,113.811798,22.628,612
粤B443YU,113.811798,22.628,612
粤B443YU,113.811798,22.628,613
粤B443YU,113.8116,22.628099,614
粤B443YU,113.810501,22.627501,615
粤B443YU,113.810501,22.627501,616
粤B443YU,113.809799,22.6273,617
粤B443YU,113.809799,22.6273,617
粤B443YU,113.809799,22.6273,618
粤B443YU,113.809799,22.6273,619
粤B443YU,113.809799,22.6273,620
粤B443YU,113.809799,22.6273,621
粤B443YU,113.809799,22.6273,622
粤B443YU,113.809799,22.6273,622
粤B443YU,113.875099,22.6567,637
粤B443YU,113.864601,22.6523,637
粤B443YU,113.887604,22.6586,638
粤B443YU,113.900101,22.659201,639
粤B443YU,113.910599,22.659,640
粤B443YU,113.9198,22.6597,641
粤B443YU,113.9272,22.665199,642
粤B443YU,113.9347,22.670799,642
粤B443YU,113.943901,22.676001,643
粤B443YU,113.952103,22.6817,644
粤B443YU,113.962303,22.684999,645
粤B443YU,113.968002,22.685101,646
粤B443YU,113.965797,22.688101,647
粤B443YU,113.965797,22.688,647
粤B443YU,113.968697,22.687201,648
粤B443YU,113.974197,22.680201,649
粤B443YU,113.943901,22.676001,649
粤B443YU,113.978798,22.675501,650
粤B443YU,113.982597,22.669399,651
粤B443YU,113.986504,22.662399,652
粤B443YU,113.990898,22.6579,652
粤B443YU,113.996002,22.650801,653
粤B443YU,113.998802,22.644699,654
粤B443YU,113.998802,22.644199,655
粤B443YU,113.998802,22.644199,656
粤B443YU,113.998802,22.6436,657
粤B443YU,113.998901,22.6437,657
粤B443YU,113.998802,22.6436,658
粤B443YU,113.999001,22.643499,659
粤B443YU,113.998901,22.642799,660
粤B443YU,113.998199,22.6422,661
粤B443YU,113.997803,22.642,662
粤B443YU,113.998398,22.6422,662
粤B443YU,113.998596,22.6425,663
粤B443YU,113.998199,22.6469,664
粤B443YU,113.993301,22.654499,665
粤B443YU,113.988197,22.6611,666
粤B443YU,113.983002,22.667299,667
粤B443YU,113.983101,22.667,667
粤B443YU,113.982903,22.667801,668
粤B443YU,113.982803,22.6684,669
粤B443YU,113.982597,22.6696,670
粤B443YU,113.981903,22.671,671
粤B443YU,113.980202,22.6738,672
粤B443YU,113.974899,22.679701,672
粤B443YU,113.971199,22.6842,673
粤B443YU,113.967903,22.690701,674
粤B443YU,113.965698,22.688101,675
粤B443YU,113.959396,22.684299,676
粤B443YU,113.935402,22.6712,677
粤B443YU,113.947304,22.678801,677
粤B443YU,113.926399,22.664301,678
粤B443YU,113.974899,22.679701,678
粤B443YU,113.915703,22.659,679
粤B443YU,113.903,22.659201,680
粤B443YU,113.8908,22.659,681
粤B443YU,113.866402,22.6541,682
粤B443YU,113.878304,22.6572,682
粤B443YU,113.861298,22.644199,683
粤B443YU,113.858902,22.6369,684
粤B443YU,113.858597,22.6366,685
粤B443YU,113.856499,22.6334,686
粤B443YU,113.849403,22.628401,687
粤B443YU,113.847397,22.622999,687
粤B443YU,113.837799,22.6203,688
粤B443YU,113.827202,22.615999,689
粤B443YU,113.819702,22.612499,690
粤B443YU,113.815697,22.615299,691
粤B443YU,113.812401,22.6231,692
粤B443YU,113.813004,22.6234,692
粤B443YU,113.813004,22.6234,693
粤B443YU,113.967903,22.690701,694
粤B443YU,113.813004,22.6234,694
粤B443YU,113.813004,22.6234,695
粤B443YU,113.813004,22.6234,697
粤B443YU,113.813004,22.6234,697
粤B443YU,113.813004,22.6234,698
粤B443YU,113.813004,22.6234,699
粤B443YU,113.813004,22.6234,700
粤B443YU,113.813004,22.6234,701
粤B443YU,113.813004,22.6234,702
粤B443YU,113.813004,22.6234,702
粤B443YU,113.813004,22.6234,703
粤B443YU,113.813004,22.6234,704
粤B443YU,113.813004,22.6234,705
粤B443YU,113.813004,22.6234,706
粤B443YU,113.813004,22.6234,707
粤B443YU,113.813004,22.6234,707
粤B443YU,113.813004,22.6234,708
粤B443YU,113.813004,22.6234,709
粤B443YU,113.813004,22.6234,710
粤B443YU,113.813004,22.6234,711
粤B443YU,113.813004,22.6234,712
粤B443YU,113.813004,22.6234,712
粤B443YU,113.813004,22.6234,713
粤B443YU,113.813004,22.6234,714
粤B443YU,113.813004,22.6234,715
粤B443YU,113.813004,22.6234,716
粤B443YU,113.813103,22.6238,717
粤B443YU,113.813103,22.6238,717
粤B443YU,113.813103,22.6238,718
粤B443YU,113.813103,22.6238,719
粤B443YU,113.813103,22.6238,720
粤B443YU,113.897797,22.739799,818
粤B443YU,113.901802,22.739799,819
粤B443YU,113.901802,22.739799,820
粤B443YU,113.902397,22.740299,821
粤B443YU,113.902,22.7477,822
粤B443YU,113.902397,22.748699,822
粤B443YU,113.902603,22.7556,823
粤B443YU,113.902,22.757299,824
粤B443YU,113.902,22.757299,825
粤B443YU,113.900597,22.7616,826
粤B443YU,113.897797,22.768999,827
粤B443YU,113.898903,22.7666,827
粤B443YU,113.898003,22.7701,828
粤B443YU,113.902496,22.7724,829
粤B443YU,113.902603,22.772499,830
粤B443YU,113.907097,22.7787,831
粤B443YU,113.907303,22.780001,832
粤B443YU,113.907097,22.783701,832
粤B443YU,113.901802,22.7568,849
粤B443YU,113.902702,22.754,850
粤B443YU,113.902298,22.749901,851
粤B443YU,113.8993,22.7402,852
粤B443YU,113.901604,22.744499,852
粤B443YU,113.893898,22.739401,853
粤B443YU,113.886398,22.738701,854
粤B443YU,113.8815,22.739599,855
粤B443YU,113.881104,22.740101,856
粤B443YU,113.882301,22.738899,857
粤B443YU,113.880699,22.7409,857
粤B443YU,113.882797,22.728701,858
粤B443YU,113.880898,22.717501,859
粤B443YU,113.884102,22.7068,860
粤B443YU,113.887001,22.698099,861
粤B443YU,113.886597,22.688999,862
粤B443YU,113.886398,22.738701,862
粤B443YU,113.888702,22.677299,862
粤B443YU,113.891998,22.6656,863
粤B443YU,113.889198,22.6591,864
粤B443YU,113.878799,22.657301,865
粤B443YU,113.868103,22.6551,866
粤B443YU,113.855797,22.6325,868
粤B443YU,113.849701,22.627199,869
粤B443YU,113.8442,22.622101,870
粤B443YU,113.834198,22.619301,871
粤B443YU,113.824203,22.614599,872
粤B443YU,113.818001,22.6122,872
粤B443YU,113.812897,22.6206,873
粤B443YU,113.813103,22.6238,874
粤B443YU,113.813103,22.6238,875
粤B443YU,113.813103,22.6238,876
粤B443YU,113.813103,22.6238,877
粤B443YU,113.813103,22.6238,877
粤B443YU,113.813103,22.6238,878
粤B443YU,113.813103,22.6238,879
粤B443YU,113.813103,22.6238,880
粤B443YU,113.813103,22.6238,881
粤B443YU,113.813103,22.6238,882
粤B443YU,113.813103,22.6238,882
粤B443YU,113.813202,22.624001,883
粤B443YU,113.813202,22.624001,884
粤B443YU,113.813301,22.624201,885
粤B443YU,113.8134,22.6245,886
粤B443YU,113.8134,22.6245,887
粤B443YU,113.8134,22.6245,887
粤B443YU,113.8134,22.6245,888
粤B443YU,113.8134,22.6245,889
粤B443YU,113.8134,22.6245,890
粤B443YU,113.8134,22.6245,891
粤B443YU,113.8134,22.6245,892
粤B443YU,113.8134,22.6245,892
粤B443YU,113.8134,22.6245,893
粤B443YU,113.8134,22.6245,894
粤B443YU,113.8134,22.6245,895
粤B443YU,113.8134,22.6245,896
粤B443YU,113.8134,22.6245,897
粤B443YU,113.8134,22.6245,897
粤B443YU,113.8134,22.6245,898
粤B443YU,113.8134,22.6245,899
粤B443YU,113.813499,22.625,911
粤B443YU,113.813499,22.625,912
粤B443YU,113.813499,22.625,912
粤B443YU,113.813599,22.625,913
粤B443YU,113.813599,22.625,914
粤B443YU,113.812897,22.626101,915
粤B443YU,113.812599,22.6266,916
粤B443YU,113.812599,22.6266,917
粤B443YU,113.812599,22.6266,917
粤B443YU,113.812599,22.6266,918
粤B443YU,113.812599,22.6266,919
粤B443YU,113.812897,22.626101,920
粤B443YU,113.812599,22.626699,920
粤B443YU,113.812599,22.626699,921
粤B443YU,113.812599,22.626699,922
粤B443YU,113.812599,22.626699,922
粤B443YU,113.812599,22.626699,923
粤B443YU,113.812599,22.626699,924
粤B443YU,113.812599,22.626699,925
粤B443YU,113.812599,22.626699,926
粤B443YU,113.812599,22.626699,927
粤B443YU,113.812599,22.626699,927
粤B443YU,113.812599,22.626699,928
粤B443YU,113.812599,22.626699,929
粤B443YU,113.812599,22.626699,930
粤B443YU,113.812599,22.626699,931
粤B443YU,113.812599,22.626699,932
粤B443YU,113.812599,22.626699,932
粤B443YU,113.812599,22.626699,933
粤B443YU,113.812599,22.626699,934
粤B443YU,113.812599,22.626699,935
粤B443YU,113.811699,22.628,936
粤B443YU,113.811302,22.628,937
粤B443YU,113.811501,22.628099,937
粤B443YU,113.810699,22.627701,938
粤B443YU,113.810699,22.627701,939
粤B443YU,113.809998,22.627399,940
粤B443YU,113.809998,22.627399,941
粤B443YU,113.8097,22.6273,942
粤B443YU,113.809998,22.627399,942
粤B443YU,113.809898,22.6269,943
粤B443YU,113.810204,22.626301,944
粤B443YU,113.806702,22.6238,945
粤B443YU,113.810303,22.617399,946
粤B443YU,113.812302,22.613701,947
粤B443YU,113.814201,22.6108,947
粤B443YU,113.816704,22.610001,948
粤B443YU,113.820602,22.6127,949
粤B443YU,113.828697,22.616501,950
粤B443YU,113.838203,22.6203,951
粤B443YU,113.846199,22.6224,952
粤B443YU,113.851601,22.625401,952
粤B443YU,113.8564,22.6255,953
粤B443YU,113.866798,22.621799,954
粤B443YU,113.874298,22.617599,955
粤B443YU,113.879997,22.611099,956
粤B443YU,113.892502,22.5984,957
粤B443YU,113.885902,22.603399,957
粤B443YU,113.894402,22.594299,958
粤B443YU,113.892197,22.5938,959
粤B443YU,113.892403,22.594,960
粤B443YU,113.891998,22.5933,961
粤B443YU,113.892502,22.590799,962
粤B443YU,113.892303,22.591801,962
粤B443YU,113.893303,22.587601,963
粤B443YU,113.894302,22.5839,964
粤B443YU,113.892197,22.5938,965
粤B443YU,113.895699,22.582199,965
粤B443YU,113.898598,22.5805,966
粤B443YU,113.900101,22.577999,967
粤B443YU,113.900497,22.576799,967
粤B443YU,113.900597,22.5765,968
粤B443YU,113.900597,22.5765,969
粤B443YU,113.900597,22.5765,970
粤B443YU,113.895699,22.582199,970
粤B443YU,113.895103,22.576,972
粤B443YU,113.898003,22.5772,972
粤B443YU,113.892601,22.5783,973
粤B443YU,113.892899,22.5786,974
粤B443YU,113.893097,22.5797,975
粤B443YU,113.894897,22.5812,976
粤B443YU,113.896004,22.5823,977
粤B443YU,113.897003,22.5832,977
粤B443YU,113.894997,22.5814,978
粤B443YU,113.8927,22.579399,979
粤B443YU,113.890297,22.5812,980
粤B443YU,113.888702,22.5828,981
粤B443YU,113.8853,22.5865,982
粤B443YU,113.886703,22.5881,983
粤B443YU,113.887901,22.589001,983
粤B443YU,113.886703,22.593,984
粤B443YU,113.890602,22.5933,985
粤B443YU,113.889503,22.5935,986
粤B443YU,113.883102,22.5931,987
粤B443YU,113.879997,22.593,988
粤B443YU,113.880302,22.593,988
粤B443YU,113.879898,22.593,989
粤B443YU,113.877602,22.5938,990
粤B443YU,113.874702,22.596701,991
粤B443YU,113.876297,22.594801,992
粤B443YU,113.878403,22.592699,993
粤B443YU,113.878403,22.592699,994
粤B443YU,113.878403,22.592699,995
粤B443YU,113.879402,22.592501,996
粤B443YU,113.885101,22.592899,997
粤B443YU,113.888603,22.592899,998
粤B443YU,113.888603,22.593,998
粤B443YU,113.888603,22.593,999
粤B443YU,113.888603,22.593,1000
粤B443YU,113.889,22.5931,1001
粤B443YU,113.889702,22.5919,1002
粤B443YU,113.8899,22.591499,1003
粤B443YU,113.8899,22.591499,1003
粤B443YU,113.8899,22.591499,1004
粤B443YU,113.8899,22.591499,1005
粤B443YU,113.8899,22.591499,1006
粤B443YU,113.8899,22.591499,1007
粤B443YU,113.8899,22.591499,1008
粤B443YU,113.8899,22.591499,1008
粤B443YU,113.8899,22.591499,1009
粤B443YU,113.8899,22.591499,1010
粤B443YU,113.8899,22.591499,1011
粤B443YU,113.889702,22.591299,1012
粤B443YU,113.889702,22.591299,1013
粤B443YU,113.889702,22.591299,1013
粤B443YU,113.889702,22.591299,1014
粤B443YU,113.8899,22.5914,1015
粤B443YU,113.8899,22.5914,1016
粤B443YU,113.8899,22.5914,1017
粤B443YU,113.8899,22.5914,1029
粤B443YU,113.889801,22.5914,1030
粤B443YU,113.8899,22.5914,1031
粤B443YU,113.8899,22.5914,1032
粤B443YU,113.8899,22.5914,1033
粤B443YU,113.8899,22.5914,1033
粤B443YU,113.8899,22.5914,1034
粤B443YU,113.8899,22.5914,1035
粤B443YU,113.8899,22.5914,1036
粤B443YU,113.8899,22.5914,1037
粤B443YU,113.8899,22.5914,1038
粤B443YU,113.8899,22.5914,1038
粤B443YU,113.8899,22.5914,1039
粤B443YU,113.8899,22.5914,1040
粤B443YU,113.8899,22.5914,1041
粤B443YU,113.8899,22.5914,1042
粤B443YU,113.8899,22.5914,1043
粤B443YU,113.8899,22.5914,1043
粤B443YU,113.8899,22.5914,1044
粤B443YU,113.8899,22.5914,1045
粤B443YU,113.8899,22.5914,1046
粤B443YU,113.8899,22.5914,1047
粤B443YU,113.8899,22.5914,1048
粤B443YU,113.8899,22.5914,1049
粤B443YU,113.8899,22.5914,1050
粤B443YU,113.8899,22.5914,1051
粤B443YU,113.8899,22.5914,1052
粤B443YU,113.8899,22.5914,1053
粤B443YU,113.8899,22.5914,1053
粤B443YU,113.8899,22.5914,1053
粤B443YU,113.8899,22.5914,1054
粤B443YU,113.8899,22.5914,1055
粤B443YU,113.8899,22.5914,1056
粤B443YU,113.8899,22.5914,1057
粤B443YU,113.8899,22.5914,1058
粤B443YU,113.8899,22.5914,1058
粤B443YU,113.889999,22.5914,1059
粤B443YU,113.889999,22.5914,1060
粤B443YU,113.889999,22.5914,1061
粤B443YU,113.889603,22.592199,1062
粤B443YU,113.889297,22.592899,1063
粤B443YU,113.891701,22.593399,1063
粤B443YU,113.894897,22.5938,1064
粤B443YU,113.897697,22.594801,1065
粤B443YU,113.889,22.6012,1066
粤B443YU,113.882401,22.6077,1067
粤B443YU,113.878799,22.6129,1068
粤B443YU,113.872398,22.619101,1068
粤B443YU,113.862503,22.623501,1069
粤B443YU,113.853897,22.627899,1070
粤B443YU,113.850098,22.6271,1071
粤B443YU,113.850403,22.6259,1072
粤B443YU,113.843201,22.6217,1073
粤B443YU,113.834198,22.6192,1073
粤B443YU,113.824898,22.614799,1074
粤B443YU,113.817703,22.612301,1075
粤B443YU,113.813499,22.618999,1076
粤B443YU,113.812798,22.6259,1077
粤B443YU,113.808601,22.6271,1078
粤B443YU,113.809998,22.6278,1078
粤B443YU,113.8078,22.626801,1079
粤B443YU,113.807701,22.626699,1080
粤B443YU,113.807701,22.626699,1081
粤B443YU,113.807701,22.626699,1082
粤B443YU,113.807701,22.626699,1083
粤B443YU,113.807701,22.626699,1083
粤B443YU,113.807701,22.626699,1084
粤B443YU,113.807701,22.626699,1085
粤B443YU,113.806297,22.625999,1086
粤B443YU,113.808098,22.620701,1087
粤B443YU,113.8125,22.6131,1088
粤B443YU,113.810402,22.616699,1088
粤B443YU,113.813004,22.6129,1089
粤B443YU,113.815903,22.615101,1090
粤B443YU,113.813004,22.6203,1091
粤B443YU,113.812798,22.625999,1092
粤B443YU,113.8088,22.6271,1093
粤B443YU,113.809402,22.627399,1093
粤B443YU,113.808296,22.626699,1094
粤B443YU,113.807999,22.6266,1095
粤B443YU,113.807198,22.626301,1096
粤B443YU,113.807198,22.622499,1097
粤B443YU,113.812698,22.6129,1098
粤B443YU,113.809799,22.617599,1098
粤B443YU,113.815903,22.614401,1099
粤B443YU,113.813599,22.618999,1100
粤B443YU,113.812897,22.6255,1101
粤B443YU,113.809402,22.627399,1102
粤B443YU,113.808601,22.6269,1103
粤B443YU,113.807899,22.6266,1103
粤B443YU,113.807899,22.6266,1104
粤B443YU,113.807899,22.6266,1105
粤B443YU,113.807899,22.6266,1106
粤B443YU,113.807602,22.626699,1107
粤B443YU,113.808601,22.620001,1108
粤B443YU,113.805901,22.6252,1108
粤B443YU,113.811501,22.614799,1109
粤B443YU,113.815598,22.614201,1110
粤B443YU,113.813599,22.6192,1111
粤B443YU,113.808098,22.626699,1116
粤B443YU,113.807899,22.6266,1117
粤B443YU,113.810097,22.6178,1118
粤B443YU,113.8069,22.623501,1118
粤B443YU,113.813202,22.612101,1119
粤B443YU,113.8181,22.6101,1120
粤B443YU,113.824303,22.614401,1121
粤B443YU,113.830803,22.6175,1122
粤B443YU,113.8069,22.623501,1123
粤B443YU,113.846603,22.622601,1123
粤B443YU,113.838898,22.620501,1123
粤B443YU,113.852303,22.625,1124
粤B443YU,113.853699,22.6292,1125
粤B443YU,113.856499,22.6332,1126
粤B443YU,113.8181,22.6101,1127
粤B443YU,113.857803,22.634899,1127
粤B443YU,113.859001,22.636299,1128
粤B443YU,113.858597,22.635799,1128
粤B443YU,113.860901,22.642401,1129
粤B443YU,113.863998,22.6516,1130
粤B443YU,113.882599,22.657801,1132
粤B443YU,113.892799,22.6591,1133
粤B443YU,113.897499,22.659201,1133
粤B443YU,113.899399,22.659201,1134
粤B443YU,113.900803,22.6591,1135
粤B443YU,113.902702,22.6591,1136
粤B443YU,113.9058,22.659,1137
粤B443YU,113.909698,22.659,1138
粤B443YU,113.917297,22.659,1138
粤B443YU,113.924797,22.6625,1139
粤B443YU,113.930099,22.667999,1140
粤B443YU,113.939003,22.6726,1141
粤B443YU,113.947304,22.678699,1142
粤B443YU,113.955299,22.683001,1143
粤B443YU,113.965103,22.6856,1143
粤B443YU,113.967102,22.6856,1144
粤B443YU,113.967102,22.6856,1145
粤B443YU,113.9664,22.686399,1146
粤B443YU,113.966003,22.687901,1147
粤B443YU,113.965797,22.6889,1148
粤B443YU,113.966003,22.688,1148
粤B443YU,113.970497,22.684799,1149
粤B443YU,113.972801,22.681801,1150
粤B443YU,113.974403,22.6798,1151
粤B443YU,113.975304,22.678801,1152
粤B443YU,113.9767,22.6775,1153
粤B443YU,113.9804,22.6747,1153
粤B443YU,113.983101,22.673,1154
粤B443YU,113.983902,22.6726,1155
粤B443YU,113.984398,22.6723,1156
粤B443YU,113.984497,22.672199,1157
粤B443YU,113.987701,22.6758,1158
粤B443YU,113.990501,22.6772,1158
粤B443YU,113.990997,22.6775,1159
粤B443YU,113.991997,22.6777,1160
粤B443YU,113.988602,22.6766,1161
粤B443YU,113.985001,22.6726,1162
粤B443YU,113.974098,22.6805,1163
粤B443YU,113.979202,22.6758,1163
粤B443YU,113.9692,22.686899,1164
粤B443YU,113.9692,22.687,1165
粤B443YU,113.968597,22.6877,1166
粤B443YU,113.9683,22.688101,1167
粤B443YU,113.967903,22.6901,1168
粤B443YU,113.968102,22.6884,1168
粤B443YU,113.967903,22.6905,1169
粤B443YU,113.967903,22.6905,1170
粤B443YU,113.967903,22.690701,1171
粤B443YU,113.967796,22.6908,1172
粤B443YU,113.965599,22.688801,1173
粤B443YU,113.967796,22.6908,1173
粤B443YU,113.967903,22.684999,1174
粤B443YU,113.973999,22.687099,1175
粤B443YU,113.982002,22.6889,1176
粤B443YU,113.991096,22.691099,1177
粤B443YU,114.011002,22.686501,1178
粤B443YU,114.000999,22.6889,1178
粤B443YU,114.021301,22.6854,1179
粤B443YU,114.027,22.684,1180
粤B443YU,114.029404,22.683901,1181
粤B443YU,114.029404,22.683901,1187
粤B443YU,114.048103,22.6833,1196
粤B443YU,114.0504,22.683001,1197
粤B443YU,114.054604,22.6824,1198
粤B443YU,114.052498,22.6828,1198
粤B443YU,114.056801,22.6817,1199
粤B443YU,114.058899,22.680799,1200
粤B443YU,114.061302,22.6793,1201
粤B443YU,114.064598,22.677,1202
粤B443YU,114.072998,22.6742,1203
粤B443YU,114.067596,22.675501,1203
粤B443YU,114.080902,22.6712,1204
粤B443YU,114.089996,22.6665,1205
粤B443YU,114.100304,22.6647,1206
粤B443YU,114.109001,22.6649,1207
粤B443YU,114.118202,22.665199,1208
粤B443YU,114.127998,22.663099,1208
粤B443YU,114.137604,22.6609,1209
粤B443YU,114.147903,22.6616,1210
粤B443YU,114.1576,22.659401,1211
粤B443YU,114.167397,22.656401,1212
粤B443YU,114.185204,22.664301,1213
粤B443YU,114.177399,22.6579,1213
粤B443YU,114.1912,22.6712,1214
粤B443YU,114.198898,22.676701,1215
粤B443YU,114.205299,22.6803,1216
粤B443YU,114.205704,22.681101,1217
粤B443YU,114.201103,22.6908,1218
粤B443YU,114.205002,22.684099,1218
粤B443YU,114.197899,22.6991,1219
粤B443YU,114.198799,22.707701,1220
粤B443YU,114.203697,22.716,1221
粤B443YU,114.206802,22.7239,1222
粤B443YU,114.205498,22.726999,1223
粤B443YU,114.212997,22.7181,1236
粤B443YU,114.213203,22.715,1236
粤B443YU,114.213303,22.7127,1237
粤B443YU,114.213402,22.707899,1238
粤B443YU,114.213402,22.707899,1239
粤B443YU,114.213501,22.7045,1240
粤B443YU,114.215401,22.6982,1241
粤B443YU,114.213501,22.7029,1241
粤B443YU,114.2136,22.6945,1242
粤B443YU,114.212303,22.693199,1243
粤B443YU,114.2061,22.686899,1244
粤B443YU,114.204201,22.6833,1245
粤B443YU,114.195396,22.6752,1246
粤B443YU,114.203697,22.679399,1246
粤B443YU,114.188004,22.667299,1247
粤B443YU,114.179604,22.659401,1248
粤B443YU,114.1688,22.6563,1249
粤B443YU,114.159103,22.659,1250
粤B443YU,114.138702,22.660999,1251
粤B443YU,114.149498,22.6616,1251
粤B443YU,114.128403,22.663,1252
粤B443YU,114.118401,22.6653,1253
粤B443YU,114.108299,22.6649,1254
粤B443YU,114.179604,22.659401,1254
粤B443YU,114.099701,22.664801,1255
粤B443YU,114.080002,22.672001,1256
粤B443YU,114.0895,22.6667,1256
粤B443YU,114.068298,22.675301,1257
粤B443YU,114.058296,22.6812,1258
粤B443YU,114.0476,22.683399,1259
粤B443YU,114.039001,22.684,1260
粤B443YU,114.0168,22.6863,1261
粤B443YU,114.028702,22.684,1261
粤B443YU,114.004601,22.687401,1262
粤B443YU,113.993202,22.691099,1263
粤B443YU,113.982697,22.689199,1264
粤B443YU,113.971001,22.687099,1265
粤B443YU,113.947098,22.6786,1266
粤B443YU,113.958298,22.684,1266
粤B443YU,113.937798,22.6721,1267
粤B443YU,113.928802,22.667,1268
粤B443YU,113.919899,22.6598,1269
粤B443YU,113.908401,22.659201,1270
粤B443YU,113.884499,22.658199,1271
粤B443YU,113.896797,22.6593,1271
粤B443YU,114.159103,22.659,1272
粤B443YU,113.873001,22.656401,1272
粤B443YU,113.864098,22.651899,1273
粤B443YU,113.860901,22.6427,1274
粤B443YU,113.858704,22.636999,1275
粤B443YU,113.858704,22.6369,1276
粤B443YU,113.858597,22.636801,1276
粤B443YU,113.858498,22.6367,1277
粤B443YU,113.858498,22.6364,1278
粤B443YU,113.855499,22.632099,1279
粤B443YU,113.849403,22.6285,1280
粤B443YU,113.848503,22.623699,1281
粤B443YU,113.840302,22.621,1281
粤B443YU,113.829697,22.617201,1282
粤B443YU,113.821999,22.6138,1283
粤B443YU,113.821899,22.6138,1284
粤B443YU,113.818497,22.6122,1285
粤B443YU,113.817902,22.611799,1286
粤B443YU,113.815697,22.6108,1286
粤B443YU,113.815697,22.6108,1287
粤B443YU,113.815697,22.6108,1288
粤B443YU,113.815697,22.6108,1289
粤B443YU,113.815697,22.6108,1290
粤B443YU,113.815697,22.6108,1291
粤B443YU,113.815697,22.6108,1292
粤B443YU,113.815697,22.6108,1293
粤B443YU,113.815697,22.6108,1294
粤B443YU,113.815697,22.6108,1295
粤B443YU,113.815697,22.6108,1296
粤B443YU,113.815697,22.6108,1300
粤B443YU,113.815697,22.6108,1301
粤B443YU,113.815697,22.6108,1301
粤B443YU,113.815697,22.6108,1305
粤B443YU,113.815697,22.6108,1306
粤B443YU,113.815697,22.6108,1306
粤B443YU,113.815697,22.6108,1310
粤B443YU,113.815697,22.6108,1311
粤B443YU,113.815697,22.6108,1311
粤B443YU,113.829002,22.6091,1328
粤B443YU,113.826897,22.6082,1329
粤B443YU,113.828903,22.602699,1330
粤B443YU,113.829697,22.6026,1331
粤B443YU,113.829498,22.602501,1331
粤B443YU,113.833,22.604099,1332
粤B443YU,113.8284,22.604401,1333
粤B443YU,113.827103,22.607201,1334
粤B443YU,113.824799,22.6127,1335
粤B443YU,113.828697,22.6164,1336
粤B443YU,113.826698,22.6161,1336
粤B443YU,113.819,22.6122,1337
粤B443YU,113.814102,22.618099,1338
粤B443YU,113.813004,22.625,1339
粤B443YU,113.809898,22.6278,1340
粤B443YU,113.806099,22.624701,1341
粤B443YU,113.808998,22.627001,1341
粤B443YU,113.809303,22.618601,1342
粤B443YU,113.812202,22.6134,1343
粤B443YU,113.812401,22.6131,1344
粤B443YU,113.815697,22.614201,1345
粤B443YU,113.812798,22.6257,1346
粤B443YU,113.814301,22.618,1346
粤B443YU,113.809097,22.6273,1347
粤B443YU,113.826698,22.6161,1348
粤B443YU,113.808296,22.6269,1348
粤B443YU,113.807999,22.626801,1349
粤B443YU,113.807999,22.626801,1350
粤B443YU,113.807999,22.626801,1351
粤B443YU,113.807999,22.626801,1351
粤B443YU,113.807999,22.626801,1352
粤B443YU,113.807999,22.626801,1353
粤B443YU,113.807999,22.626801,1354
粤B443YU,113.806099,22.6245,1355
粤B443YU,113.812401,22.613199,1356
粤B443YU,113.808899,22.619499,1356
粤B443YU,113.815903,22.6143,1357
粤B443YU,113.814003,22.6185,1358
粤B443YU,113.812103,22.622999,1359
粤B443YU,113.810501,22.628099,1360
粤B443YU,113.806297,22.625799,1361
粤B443YU,113.809097,22.627399,1361
粤B443YU,113.809799,22.618299,1362
粤B443YU,113.814003,22.610901,1363
粤B443YU,113.819603,22.612101,1364
粤B443YU,113.827698,22.615999,1365
粤B443YU,113.834396,22.618999,1366
粤B443YU,113.834396,22.618999,1366
粤B443YU,113.834396,22.618999,1367
粤B443YU,113.833298,22.624701,1368
粤B443YU,113.831596,22.6304,1369
粤B443YU,113.831497,22.6308,1370
粤B443YU,113.826797,22.6364,1371
粤B443YU,113.822502,22.6423,1371
粤B443YU,113.819298,22.644699,1372
粤B443YU,113.818001,22.6492,1373
粤B443YU,113.819298,22.65,1374
粤B443YU,113.819901,22.648899,1375
粤B443YU,113.819099,22.647301,1376
粤B443YU,113.826897,22.648199,1376
粤B443YU,113.831703,22.6425,1377
粤B443YU,113.838997,22.634899,1378
粤B443YU,113.844902,22.6269,1379
粤B443YU,113.8507,22.6194,1380
粤B443YU,113.861801,22.603001,1381
粤B443YU,113.866501,22.596001,1382
粤B443YU,113.871399,22.588301,1383
粤B443YU,113.878899,22.580299,1384
粤B443YU,113.885803,22.573799,1385
粤B443YU,113.8927,22.5669,1386
粤B443YU,113.899002,22.5611,1386
粤B443YU,113.898102,22.5571,1387
粤B443YU,113.903503,22.5616,1388
粤B443YU,113.906601,22.564199,1389
粤B443YU,113.906601,22.564199,1390
粤B443YU,113.871399,22.588301,1390
粤B443YU,113.906403,22.564199,1391
粤B443YU,113.903999,22.562201,1391
粤B443YU,113.902298,22.563801,1392
粤B443YU,113.900597,22.565201,1393
粤B443YU,113.897003,22.569099,1394
粤B443YU,113.8918,22.5665,1395
粤B443YU,113.883301,22.564699,1396
粤B443YU,113.8862,22.5623,1396
粤B443YU,113.879204,22.561001,1397
粤B443YU,113.876801,22.559,1398
粤B443YU,113.875397,22.558201,1399
粤B443YU,113.873398,22.560499,1400
粤B443YU,113.874901,22.564501,1401
粤B443YU,113.874199,22.565201,1401
粤B443YU,113.871399,22.567499,1402
粤B443YU,113.875198,22.5714,1403
粤B443YU,113.875198,22.5714,1404
粤B443YU,113.875198,22.5714,1405
粤B443YU,113.878403,22.5742,1406
粤B443YU,113.876404,22.5732,1406
粤B443YU,113.880302,22.575899,1407
粤B443YU,113.885201,22.5802,1408
粤B443YU,113.885201,22.5802,1409
粤B443YU,113.884903,22.5809,1410
粤B443YU,113.881798,22.5839,1411
粤B443YU,113.882301,22.584999,1411
粤B443YU,113.882301,22.5853,1412
粤B443YU,113.882401,22.5851,1413
粤B443YU,113.885101,22.5874,1414
粤B443YU,113.888901,22.5889,1415
粤B443YU,113.889,22.590799,1416
粤B443YU,113.889297,22.5902,1416
粤B443YU,113.889297,22.5902,1417
粤B443YU,113.889297,22.5902,1418
粤B443YU,113.889297,22.5902,1419
粤B443YU,113.889198,22.5902,1420
粤B443YU,113.889198,22.5902,1421
粤B443YU,113.889397,22.589899,1421
粤B443YU,113.889397,22.589899,1422
粤B443YU,113.889503,22.59,1423
粤B443YU,113.889503,22.59,1424
粤B443YU,113.889297,22.590099,1425
粤B443YU,113.889297,22.590099,1426
粤B443YU,113.889297,22.590099,1426
粤B443YU,113.889297,22.590099,1427
粤B443YU,113.889297,22.590099,1428
粤B443YU,113.889297,22.590099,1429
粤B443YU,113.889397,22.590099,1430
粤B443YU,113.889198,22.5905,1431
粤B443YU,113.889397,22.590099,1431
粤B443YU,113.889503,22.590099,1432
粤B443YU,113.889503,22.590099,1433
粤B443YU,113.889503,22.590099,1434
粤B443YU,113.889198,22.590099,1435
粤B443YU,113.889297,22.590099,1436
