粤BH6Q43,113.881599,22.563601,7
粤BH6Q43,113.881599,22.563601,7
粤BH6Q43,113.881599,22.563601,7
粤BH6Q43,113.881599,22.563601,8
粤BH6Q43,113.881599,22.563601,9
粤BH6Q43,113.881599,22.563601,10
粤BH6Q43,113.881599,22.563601,11
粤BH6Q43,113.881599,22.563601,11
粤BH6Q43,113.881599,22.563601,13
粤BH6Q43,113.881599,22.563601,14
粤BH6Q43,113.881599,22.563601,14
粤BH6Q43,113.881599,22.563601,14
粤BH6Q43,113.881599,22.563601,16
粤BH6Q43,113.881599,22.563601,17
粤BH6Q43,113.881599,22.563601,17
粤BH6Q43,113.881599,22.563601,17
粤BH6Q43,113.881599,22.563601,18
粤BH6Q43,113.881599,22.563601,18
粤BH6Q43,113.881599,22.563601,18
粤BH6Q43,113.881599,22.563601,20
粤BH6Q43,113.881599,22.563601,21
粤BH6Q43,113.881599,22.563601,21
粤BH6Q43,113.881599,22.563601,22
粤BH6Q43,113.881599,22.563601,23
粤BH6Q43,113.881599,22.563601,24
粤BH6Q43,113.881599,22.563601,25
粤BH6Q43,113.881599,22.563601,27
粤BH6Q43,113.881599,22.563601,27
粤BH6Q43,113.881599,22.563601,28
粤BH6Q43,113.881599,22.563601,28
粤BH6Q43,113.881599,22.563601,29
粤BH6Q43,113.881599,22.563601,31
粤BH6Q43,113.881599,22.563601,31
粤BH6Q43,113.881599,22.563601,32
粤BH6Q43,113.881599,22.563601,32
粤BH6Q43,113.881599,22.563601,35
粤BH6Q43,113.881599,22.563601,35
粤BH6Q43,113.881599,22.563601,36
粤BH6Q43,113.881599,22.563601,38
粤BH6Q43,113.881599,22.563601,38
粤BH6Q43,113.881599,22.563601,38
粤BH6Q43,113.881599,22.563601,39
粤BH6Q43,113.881599,22.563601,41
粤BH6Q43,113.881599,22.563601,42
粤BH6Q43,113.881599,22.563601,43
粤BH6Q43,113.881599,22.563601,43
粤BH6Q43,113.881599,22.563601,43
粤BH6Q43,113.881599,22.563601,45
粤BH6Q43,113.881599,22.563601,46
粤BH6Q43,113.881599,22.563601,46
粤BH6Q43,113.881599,22.563601,47
粤BH6Q43,113.881599,22.563601,48
粤BH6Q43,113.881599,22.563601,49
粤BH6Q43,113.881599,22.563601,49
粤BH6Q43,113.881599,22.563601,50
粤BH6Q43,113.881599,22.563601,50
粤BH6Q43,113.881599,22.563601,52
粤BH6Q43,113.881599,22.563601,53
粤BH6Q43,113.881599,22.563601,53
粤BH6Q43,113.881599,22.563601,54
粤BH6Q43,113.881599,22.563601,55
粤BH6Q43,113.881599,22.563601,59
粤BH6Q43,113.881599,22.563601,60
粤BH6Q43,113.881599,22.563601,60
粤BH6Q43,113.881599,22.563601,60
粤BH6Q43,113.881599,22.563601,61
粤BH6Q43,113.881599,22.563601,61
粤BH6Q43,113.881599,22.563601,63
粤BH6Q43,113.881599,22.563601,65
粤BH6Q43,113.881599,22.563601,67
粤BH6Q43,113.881599,22.563601,67
粤BH6Q43,113.881599,22.563601,67
粤BH6Q43,113.881599,22.563601,68
粤BH6Q43,113.881599,22.563601,72
粤BH6Q43,113.881599,22.563601,73
粤BH6Q43,113.881599,22.563601,74
粤BH6Q43,113.881599,22.563601,74
粤BH6Q43,113.881599,22.563601,74
粤BH6Q43,113.881599,22.563601,75
粤BH6Q43,113.881599,22.563601,75
粤BH6Q43,113.881599,22.563601,77
粤BH6Q43,113.881599,22.563601,77
粤BH6Q43,113.881599,22.563601,78
粤BH6Q43,113.881599,22.563601,78
粤BH6Q43,113.881599,22.563601,78
粤BH6Q43,113.881599,22.563601,79
粤BH6Q43,113.881599,22.563601,80
粤BH6Q43,113.881599,22.563601,80
粤BH6Q43,113.881599,22.563601,81
粤BH6Q43,113.881599,22.563601,81
粤BH6Q43,113.881599,22.563601,82
粤BH6Q43,113.881599,22.563601,84
粤BH6Q43,113.881599,22.563601,84
粤BH6Q43,113.881599,22.563601,85
粤BH6Q43,113.881599,22.563601,85
粤BH6Q43,113.881599,22.563601,86
粤BH6Q43,113.881599,22.563601,87
粤BH6Q43,113.881599,22.563601,89
粤BH6Q43,113.881599,22.563601,89
粤BH6Q43,113.881599,22.563601,91
粤BH6Q43,113.881599,22.563601,92
粤BH6Q43,113.881599,22.563601,93
粤BH6Q43,113.881599,22.563601,94
粤BH6Q43,113.881599,22.563601,95
粤BH6Q43,113.881599,22.563601,95
粤BH6Q43,113.881599,22.563601,96
粤BH6Q43,113.881599,22.563601,96
粤BH6Q43,113.881599,22.563601,96
粤BH6Q43,113.881599,22.563601,98
粤BH6Q43,113.881599,22.563601,98
粤BH6Q43,113.881599,22.563601,99
粤BH6Q43,113.881599,22.563601,99
粤BH6Q43,113.881599,22.563601,99
粤BH6Q43,113.881599,22.563601,100
粤BH6Q43,113.881599,22.563601,103
粤BH6Q43,113.881599,22.563601,103
粤BH6Q43,113.881599,22.563601,103
粤BH6Q43,113.881599,22.563601,105
粤BH6Q43,113.881599,22.563601,105
粤BH6Q43,113.881599,22.563601,106
粤BH6Q43,113.881599,22.563601,106
粤BH6Q43,113.881599,22.563601,106
粤BH6Q43,113.881599,22.563601,107
粤BH6Q43,113.881599,22.563601,109
粤BH6Q43,113.881599,22.563601,109
粤BH6Q43,113.881599,22.563601,109
粤BH6Q43,113.881599,22.563601,110
粤BH6Q43,113.881599,22.563601,112
粤BH6Q43,113.881599,22.563601,113
粤BH6Q43,113.881599,22.563601,113
粤BH6Q43,113.881599,22.563601,114
粤BH6Q43,113.881599,22.563601,114
粤BH6Q43,113.881599,22.563601,114
粤BH6Q43,113.881599,22.563601,116
粤BH6Q43,113.881599,22.563601,117
粤BH6Q43,113.881599,22.563601,117
粤BH6Q43,113.881599,22.563601,118
粤BH6Q43,113.881599,22.563601,120
粤BH6Q43,113.881599,22.563601,120
粤BH6Q43,113.881599,22.563601,121
粤BH6Q43,113.881599,22.563601,121
粤BH6Q43,113.881599,22.563601,121
粤BH6Q43,113.881599,22.563601,122
粤BH6Q43,113.881599,22.563601,123
粤BH6Q43,113.881599,22.563601,124
粤BH6Q43,113.881599,22.563601,124
粤BH6Q43,113.881599,22.563601,124
粤BH6Q43,113.881599,22.563601,125
粤BH6Q43,113.881599,22.563601,125
粤BH6Q43,113.881599,22.563601,127
粤BH6Q43,113.881599,22.563601,127
粤BH6Q43,113.881599,22.563601,128
粤BH6Q43,113.881599,22.563601,128
粤BH6Q43,113.881599,22.563601,131
粤BH6Q43,113.881599,22.563601,131
粤BH6Q43,113.881599,22.563601,132
粤BH6Q43,113.881599,22.563601,132
粤BH6Q43,113.881599,22.563601,132
粤BH6Q43,113.881599,22.563601,133
粤BH6Q43,113.881599,22.563601,135
粤BH6Q43,113.881599,22.563601,135
粤BH6Q43,113.881599,22.563601,135
粤BH6Q43,113.881599,22.563601,136
粤BH6Q43,113.881599,22.563601,138
粤BH6Q43,113.881599,22.563601,139
粤BH6Q43,113.881599,22.563601,140
粤BH6Q43,113.881599,22.563601,140
粤BH6Q43,113.881599,22.563601,143
粤BH6Q43,113.881599,22.563601,143
粤BH6Q43,113.881599,22.563601,143
粤BH6Q43,113.881599,22.563601,144
粤BH6Q43,113.881599,22.563601,144
粤BH6Q43,113.881599,22.563601,144
粤BH6Q43,113.881599,22.563601,146
粤BH6Q43,113.881599,22.563601,146
粤BH6Q43,113.881599,22.563601,146
粤BH6Q43,113.881599,22.563601,147
粤BH6Q43,113.881599,22.563601,147
粤BH6Q43,113.881599,22.563601,147
粤BH6Q43,113.881599,22.563601,148
粤BH6Q43,113.881599,22.563601,148
粤BH6Q43,113.881599,22.563601,150
粤BH6Q43,113.881599,22.563601,150
粤BH6Q43,113.881599,22.563601,150
粤BH6Q43,113.881599,22.563601,151
粤BH6Q43,113.881599,22.563601,151
粤BH6Q43,113.881599,22.563601,151
粤BH6Q43,113.881599,22.563601,152
粤BH6Q43,113.881599,22.563601,154
粤BH6Q43,113.881599,22.563601,154
粤BH6Q43,113.881599,22.563601,154
粤BH6Q43,113.881599,22.563601,155
粤BH6Q43,113.881599,22.563601,155
粤BH6Q43,113.881599,22.563601,157
粤BH6Q43,113.881599,22.563601,157
粤BH6Q43,113.881599,22.563601,158
粤BH6Q43,113.881599,22.563601,159
粤BH6Q43,113.881599,22.563601,159
粤BH6Q43,113.881599,22.563601,161
粤BH6Q43,113.881599,22.563601,162
粤BH6Q43,113.881599,22.563601,162
粤BH6Q43,113.881599,22.563601,162
粤BH6Q43,113.881599,22.563601,163
粤BH6Q43,113.881599,22.563601,163
粤BH6Q43,113.881599,22.563601,165
粤BH6Q43,113.881599,22.563601,166
粤BH6Q43,113.881599,22.563601,166
粤BH6Q43,113.881599,22.563601,167
粤BH6Q43,113.881599,22.563601,168
粤BH6Q43,113.881599,22.563601,170
粤BH6Q43,113.881599,22.563601,170
粤BH6Q43,113.881599,22.563601,172
粤BH6Q43,113.881599,22.563601,173
粤BH6Q43,113.881599,22.563601,173
粤BH6Q43,113.881599,22.563601,173
粤BH6Q43,113.881599,22.563601,176
粤BH6Q43,113.881599,22.563601,178
粤BH6Q43,113.881599,22.563601,178
粤BH6Q43,113.881599,22.563601,180
粤BH6Q43,113.881599,22.563601,181
粤BH6Q43,113.881599,22.563601,181
粤BH6Q43,113.881599,22.563601,181
粤BH6Q43,113.881599,22.563601,182
粤BH6Q43,113.881599,22.563601,192
粤BH6Q43,113.881599,22.563601,195
粤BH6Q43,113.881599,22.563601,195
粤BH6Q43,113.881599,22.563601,195
粤BH6Q43,113.881599,22.563601,196
粤BH6Q43,113.881599,22.563601,196
粤BH6Q43,113.881599,22.563601,196
粤BH6Q43,113.881599,22.563601,197
粤BH6Q43,113.881599,22.563601,198
粤BH6Q43,113.881599,22.563601,199
粤BH6Q43,113.881599,22.563601,199
粤BH6Q43,113.881599,22.563601,200
粤BH6Q43,113.881599,22.563601,200
粤BH6Q43,113.881599,22.563601,200
粤BH6Q43,113.881599,22.563601,204
粤BH6Q43,113.881599,22.563601,204
粤BH6Q43,113.881599,22.563601,204
粤BH6Q43,113.881599,22.563601,206
粤BH6Q43,113.881599,22.563601,206
粤BH6Q43,113.881599,22.563601,207
粤BH6Q43,113.881599,22.563601,208
粤BH6Q43,113.881599,22.563601,208
粤BH6Q43,113.881599,22.563601,210
粤BH6Q43,113.881599,22.563601,210
粤BH6Q43,113.881599,22.563601,210
粤BH6Q43,113.881599,22.563601,211
粤BH6Q43,113.881599,22.563601,211
粤BH6Q43,113.881599,22.563601,212
粤BH6Q43,113.881599,22.563601,213
粤BH6Q43,113.881599,22.563601,215
粤BH6Q43,113.881599,22.563601,215
粤BH6Q43,113.881599,22.563601,215
粤BH6Q43,113.881599,22.563601,217
粤BH6Q43,113.881599,22.563601,218
粤BH6Q43,113.881599,22.563601,218
粤BH6Q43,113.881599,22.563601,219
粤BH6Q43,113.881599,22.563601,219
粤BH6Q43,113.881599,22.563601,221
粤BH6Q43,113.881599,22.563601,222
粤BH6Q43,113.881599,22.563601,222
粤BH6Q43,113.881599,22.563601,223
粤BH6Q43,113.881599,22.563601,225
粤BH6Q43,113.881599,22.563601,225
粤BH6Q43,113.881599,22.563601,225
粤BH6Q43,113.881599,22.563601,226
粤BH6Q43,113.881599,22.563601,226
粤BH6Q43,113.881599,22.563601,226
粤BH6Q43,113.881599,22.563601,227
粤BH6Q43,113.881599,22.563601,229
粤BH6Q43,113.881599,22.563601,229
粤BH6Q43,113.881599,22.563601,232
粤BH6Q43,113.881599,22.563601,233
粤BH6Q43,113.881599,22.563601,233
粤BH6Q43,113.881599,22.563601,234
粤BH6Q43,113.881599,22.563601,234
粤BH6Q43,113.881599,22.563601,235
粤BH6Q43,113.881599,22.563601,236
粤BH6Q43,113.881599,22.563601,237
粤BH6Q43,113.881599,22.563601,237
粤BH6Q43,113.881599,22.563601,238
粤BH6Q43,113.881599,22.563601,238
粤BH6Q43,113.881599,22.563601,240
粤BH6Q43,113.881599,22.563601,241
粤BH6Q43,113.881599,22.563601,241
粤BH6Q43,113.881599,22.563601,241
粤BH6Q43,113.881599,22.563601,244
粤BH6Q43,113.881599,22.563601,244
粤BH6Q43,113.881599,22.563601,245
粤BH6Q43,113.881599,22.563601,246
粤BH6Q43,113.881599,22.563601,246
粤BH6Q43,113.881599,22.563601,247
粤BH6Q43,113.881599,22.563601,248
粤BH6Q43,113.881599,22.563601,249
粤BH6Q43,113.881599,22.563601,249
粤BH6Q43,113.881599,22.563601,251
粤BH6Q43,113.881599,22.563601,252
粤BH6Q43,113.881599,22.563601,252
粤BH6Q43,113.881599,22.563601,253
粤BH6Q43,113.881599,22.563601,255
粤BH6Q43,113.881599,22.563601,255
粤BH6Q43,113.881599,22.563601,256
粤BH6Q43,113.881599,22.563601,256
粤BH6Q43,113.881599,22.563601,257
粤BH6Q43,113.881599,22.563601,259
粤BH6Q43,113.881599,22.563601,260
粤BH6Q43,113.881599,22.563601,260
粤BH6Q43,113.881599,22.563601,262
粤BH6Q43,113.881599,22.563601,263
粤BH6Q43,113.881599,22.563601,263
粤BH6Q43,113.881599,22.563601,264
粤BH6Q43,113.881599,22.563601,264
粤BH6Q43,113.881599,22.563601,266
粤BH6Q43,113.881599,22.563601,267
粤BH6Q43,113.881599,22.563601,268
粤BH6Q43,113.881599,22.563601,268
粤BH6Q43,113.881599,22.563601,270
粤BH6Q43,113.881599,22.563601,270
粤BH6Q43,113.881599,22.563601,271
粤BH6Q43,113.881599,22.563601,271
粤BH6Q43,113.881599,22.563601,272
粤BH6Q43,113.881599,22.563601,274
粤BH6Q43,113.881599,22.563601,274
粤BH6Q43,113.881599,22.563601,275
粤BH6Q43,113.881599,22.563601,275
粤BH6Q43,113.881599,22.563601,275
粤BH6Q43,113.881599,22.563601,277
粤BH6Q43,113.881599,22.563601,278
粤BH6Q43,113.881599,22.563601,278
粤BH6Q43,113.881599,22.563601,279
粤BH6Q43,113.881599,22.563601,279
粤BH6Q43,113.881599,22.563601,279
粤BH6Q43,113.881599,22.563601,281
粤BH6Q43,113.881599,22.563601,281
粤BH6Q43,113.881599,22.563601,282
粤BH6Q43,113.881599,22.563601,283
粤BH6Q43,113.881599,22.563601,283
粤BH6Q43,113.881599,22.563601,283
粤BH6Q43,113.881599,22.563601,285
粤BH6Q43,113.881599,22.563601,286
粤BH6Q43,113.881599,22.563601,286
粤BH6Q43,113.881599,22.563601,286
粤BH6Q43,113.881599,22.563601,287
粤BH6Q43,113.881599,22.563601,289
粤BH6Q43,113.881599,22.563601,289
粤BH6Q43,113.881599,22.563601,290
粤BH6Q43,113.881599,22.563601,290
粤BH6Q43,113.881599,22.563601,290
粤BH6Q43,113.881599,22.563601,293
粤BH6Q43,113.881599,22.563601,293
粤BH6Q43,113.881599,22.563601,293
粤BH6Q43,113.881599,22.563601,294
粤BH6Q43,113.881599,22.563601,295
粤BH6Q43,113.881599,22.563601,297
粤BH6Q43,113.881599,22.563601,297
粤BH6Q43,113.881599,22.563601,297
粤BH6Q43,113.881599,22.563601,298
粤BH6Q43,113.881599,22.563601,298
粤BH6Q43,113.881599,22.563601,299
粤BH6Q43,113.881599,22.563601,299
粤BH6Q43,113.881599,22.563601,301
粤BH6Q43,113.881599,22.563601,302
粤BH6Q43,113.881599,22.563601,302
粤BH6Q43,113.881599,22.563601,302
粤BH6Q43,113.881599,22.563601,303
粤BH6Q43,113.881599,22.563601,305
粤BH6Q43,113.881599,22.563601,305
粤BH6Q43,113.881599,22.563601,305
粤BH6Q43,113.881599,22.563601,306
粤BH6Q43,113.881599,22.563601,306
粤BH6Q43,113.881599,22.563601,308
粤BH6Q43,113.881599,22.563601,309
粤BH6Q43,113.881599,22.563601,310
粤BH6Q43,113.881599,22.563601,310
粤BH6Q43,113.881599,22.563601,311
粤BH6Q43,113.881599,22.563601,312
粤BH6Q43,113.881599,22.563601,313
粤BH6Q43,113.881599,22.563601,313
粤BH6Q43,113.881599,22.563601,314
粤BH6Q43,113.881599,22.563601,316
粤BH6Q43,113.881599,22.563601,317
粤BH6Q43,113.881599,22.563601,317
粤BH6Q43,113.881599,22.563601,317
粤BH6Q43,113.881599,22.563601,318
粤BH6Q43,113.881599,22.563601,320
粤BH6Q43,113.881599,22.563601,320
粤BH6Q43,113.881599,22.563601,321
粤BH6Q43,113.881599,22.563601,322
粤BH6Q43,113.881599,22.563601,323
粤BH6Q43,113.881599,22.563601,324
粤BH6Q43,113.881599,22.563601,324
粤BH6Q43,113.881599,22.563601,324
粤BH6Q43,113.881599,22.563601,325
粤BH6Q43,113.881599,22.563601,325
粤BH6Q43,113.881599,22.563601,325
粤BH6Q43,113.881599,22.563601,328
粤BH6Q43,113.881599,22.563601,329
粤BH6Q43,113.881599,22.563601,331
粤BH6Q43,113.881599,22.563601,331
粤BH6Q43,113.881599,22.563601,331
粤BH6Q43,113.881599,22.563601,332
粤BH6Q43,113.881599,22.563601,332
粤BH6Q43,113.881599,22.563601,332
粤BH6Q43,113.881599,22.563601,334
粤BH6Q43,113.881599,22.563601,335
粤BH6Q43,113.881599,22.563601,335
粤BH6Q43,113.881599,22.563601,336
粤BH6Q43,113.881599,22.563601,336
粤BH6Q43,113.881599,22.563601,337
粤BH6Q43,113.881599,22.563601,339
粤BH6Q43,113.881599,22.563601,339
粤BH6Q43,113.881599,22.563601,340
粤BH6Q43,113.881599,22.563601,341
粤BH6Q43,113.881599,22.563601,342
粤BH6Q43,113.881599,22.563601,343
粤BH6Q43,113.881599,22.563601,343
粤BH6Q43,113.881599,22.563601,344
粤BH6Q43,113.881599,22.563601,344
粤BH6Q43,113.881599,22.563601,346
粤BH6Q43,113.881599,22.563601,347
粤BH6Q43,113.881599,22.563601,347
粤BH6Q43,113.881599,22.563601,348
粤BH6Q43,113.881599,22.563601,348
粤BH6Q43,113.881599,22.563601,348
粤BH6Q43,113.881599,22.563601,350
粤BH6Q43,113.881599,22.563601,351
粤BH6Q43,113.881599,22.563601,352
粤BH6Q43,113.881599,22.563601,352
粤BH6Q43,113.881599,22.563601,352
粤BH6Q43,113.881599,22.563601,354
粤BH6Q43,113.881599,22.563601,355
粤BH6Q43,113.881599,22.563601,355
粤BH6Q43,113.881599,22.563601,356
粤BH6Q43,113.881599,22.563601,356
粤BH6Q43,113.881599,22.563601,358
粤BH6Q43,113.881599,22.563601,358
粤BH6Q43,113.881599,22.563601,359
粤BH6Q43,113.881599,22.563601,360
粤BH6Q43,113.881599,22.563601,363
粤BH6Q43,113.881599,22.563601,364
粤BH6Q43,113.881599,22.563601,366
粤BH6Q43,113.881599,22.563601,366
粤BH6Q43,113.881599,22.563601,367
粤BH6Q43,113.881599,22.563601,367
粤BH6Q43,113.881599,22.563601,368
粤BH6Q43,113.881599,22.563601,370
粤BH6Q43,113.881599,22.563601,371
粤BH6Q43,113.881599,22.563601,371
粤BH6Q43,113.881599,22.563601,371
粤BH6Q43,113.881599,22.563601,372
粤BH6Q43,113.881599,22.563601,374
粤BH6Q43,113.881599,22.563601,374
粤BH6Q43,113.881599,22.563601,375
粤BH6Q43,113.881599,22.563601,375
粤BH6Q43,113.881599,22.563601,375
粤BH6Q43,113.881599,22.563601,378
粤BH6Q43,113.881599,22.563601,379
粤BH6Q43,113.881599,22.563601,379
粤BH6Q43,113.881599,22.563601,380
粤BH6Q43,113.881599,22.563601,381
粤BH6Q43,113.881599,22.563601,382
粤BH6Q43,113.881599,22.563601,382
粤BH6Q43,113.881599,22.563601,382
粤BH6Q43,113.881599,22.563601,383
粤BH6Q43,113.881599,22.563601,383
粤BH6Q43,113.881599,22.563601,385
粤BH6Q43,113.881599,22.563601,386
粤BH6Q43,113.881599,22.563601,386
粤BH6Q43,113.881599,22.563601,386
粤BH6Q43,113.881599,22.563601,387
粤BH6Q43,113.881599,22.563601,387
粤BH6Q43,113.881599,22.563601,387
粤BH6Q43,113.881599,22.563601,389
粤BH6Q43,113.881599,22.563601,390
粤BH6Q43,113.881599,22.563601,390
粤BH6Q43,113.881599,22.563601,390
粤BH6Q43,113.881599,22.563601,391
粤BH6Q43,113.881599,22.563601,391
粤BH6Q43,113.881599,22.563601,393
粤BH6Q43,113.881599,22.563601,393
粤BH6Q43,113.881599,22.563601,394
粤BH6Q43,113.881599,22.563601,394
粤BH6Q43,113.881599,22.563601,397
粤BH6Q43,113.881599,22.563601,397
粤BH6Q43,113.881599,22.563601,398
粤BH6Q43,113.881599,22.563601,398
粤BH6Q43,113.881599,22.563601,400
粤BH6Q43,113.881599,22.563601,401
粤BH6Q43,113.881599,22.563601,402
粤BH6Q43,113.881599,22.563601,404
粤BH6Q43,113.881599,22.563601,404
粤BH6Q43,113.881599,22.563601,405
粤BH6Q43,113.881599,22.563601,405
粤BH6Q43,113.881599,22.563601,405
粤BH6Q43,113.881599,22.563601,406
粤BH6Q43,113.881599,22.563601,408
粤BH6Q43,113.881599,22.563601,408
粤BH6Q43,113.881599,22.563601,409
粤BH6Q43,113.881599,22.563601,412
粤BH6Q43,113.881599,22.563601,412
粤BH6Q43,113.881599,22.563601,413
粤BH6Q43,113.881599,22.563601,413
粤BH6Q43,113.881599,22.563601,414
粤BH6Q43,113.881599,22.563601,416
粤BH6Q43,113.881599,22.563601,417
粤BH6Q43,113.881599,22.563601,417
粤BH6Q43,113.881599,22.563601,418
粤BH6Q43,113.881599,22.563601,418
粤BH6Q43,113.881599,22.563601,420
粤BH6Q43,113.881599,22.563601,420
粤BH6Q43,113.881599,22.563601,421
粤BH6Q43,113.881599,22.563601,421
粤BH6Q43,113.881599,22.563601,424
粤BH6Q43,113.881599,22.563601,424
粤BH6Q43,113.881599,22.563601,425
粤BH6Q43,113.881599,22.563601,425
粤BH6Q43,113.881599,22.563601,425
粤BH6Q43,113.881599,22.563601,426
粤BH6Q43,113.881599,22.563601,427
粤BH6Q43,113.881599,22.563601,428
粤BH6Q43,113.881104,22.5637,428
粤BH6Q43,113.881599,22.563601,428
粤BH6Q43,113.880798,22.563299,429
粤BH6Q43,113.880997,22.563101,429
粤BH6Q43,113.8797,22.561199,431
粤BH6Q43,113.879097,22.5609,431
粤BH6Q43,113.883202,22.564199,432
粤BH6Q43,113.884499,22.563299,432
粤BH6Q43,113.886002,22.562099,433
粤BH6Q43,113.886002,22.562,433
粤BH6Q43,113.888496,22.5595,435
粤BH6Q43,113.887901,22.5602,435
粤BH6Q43,113.886398,22.561501,435
粤BH6Q43,113.888496,22.5595,436
粤BH6Q43,113.888496,22.5595,438
粤BH6Q43,113.888496,22.5595,439
粤BH6Q43,113.888496,22.5595,439
粤BH6Q43,113.888496,22.5595,439
粤BH6Q43,113.888496,22.5595,440
粤BH6Q43,113.888496,22.5595,440
粤BH6Q43,113.888496,22.5595,442
粤BH6Q43,113.888496,22.5595,444
粤BH6Q43,113.888496,22.5595,446
粤BH6Q43,113.888496,22.5595,446
粤BH6Q43,113.888496,22.5595,446
粤BH6Q43,113.888496,22.5595,447
粤BH6Q43,113.888496,22.5595,447
粤BH6Q43,113.888496,22.5595,447
粤BH6Q43,113.888496,22.5595,448
粤BH6Q43,113.888496,22.5595,449
粤BH6Q43,113.888496,22.5595,450
粤BH6Q43,113.890297,22.5578,450
粤BH6Q43,113.894302,22.554001,451
粤BH6Q43,113.8983,22.5501,451
粤BH6Q43,113.913597,22.5438,453
粤BH6Q43,113.905899,22.5445,453
粤BH6Q43,113.915199,22.543301,454
粤BH6Q43,113.915199,22.543301,454
粤BH6Q43,113.915199,22.543301,455
粤BH6Q43,113.923401,22.542801,456
粤BH6Q43,113.924896,22.542601,457
粤BH6Q43,113.926102,22.541401,457
粤BH6Q43,113.927002,22.540001,457
粤BH6Q43,113.927002,22.5376,458
粤BH6Q43,113.926697,22.5347,458
粤BH6Q43,113.932899,22.5247,461
粤BH6Q43,113.930397,22.524799,461
粤BH6Q43,113.9403,22.5243,462
粤BH6Q43,113.936798,22.524599,462
粤BH6Q43,113.962097,22.5226,464
粤BH6Q43,113.958702,22.522699,464
粤BH6Q43,113.9655,22.5226,464
粤BH6Q43,113.968803,22.5226,465
粤BH6Q43,113.978699,22.522699,466
粤BH6Q43,113.995499,22.528099,467
粤BH6Q43,114.002403,22.530001,468
粤BH6Q43,114.013397,22.530399,469
粤BH6Q43,114.009499,22.5296,469
粤BH6Q43,114.055099,22.531401,473
粤BH6Q43,114.062798,22.528799,475
粤BH6Q43,114.062798,22.5291,475
粤BH6Q43,114.062798,22.528799,475
粤BH6Q43,114.062798,22.528799,476
粤BH6Q43,114.063599,22.533701,478
粤BH6Q43,114.063103,22.533701,478
粤BH6Q43,114.064003,22.5331,479
粤BH6Q43,114.063599,22.533701,479
粤BH6Q43,114.064003,22.5331,480
粤BH6Q43,114.065002,22.5324,482
粤BH6Q43,114.063904,22.532,483
粤BH6Q43,114.062798,22.541599,486
粤BH6Q43,114.063004,22.5387,486
粤BH6Q43,114.062798,22.544201,487
粤BH6Q43,114.064499,22.5474,488
粤BH6Q43,114.065697,22.547501,490
粤BH6Q43,114.065697,22.547501,490
粤BH6Q43,114.065697,22.547501,490
粤BH6Q43,114.065697,22.547501,491
粤BH6Q43,114.065697,22.547501,491
粤BH6Q43,114.066101,22.547501,491
粤BH6Q43,114.063202,22.5474,494
粤BH6Q43,114.065102,22.5476,494
粤BH6Q43,114.063202,22.5474,495
粤BH6Q43,114.063202,22.5474,495
粤BH6Q43,114.064301,22.5474,497
粤BH6Q43,114.064301,22.5474,497
粤BH6Q43,114.064301,22.5474,498
粤BH6Q43,114.064301,22.5474,498
粤BH6Q43,114.064301,22.5474,499
粤BH6Q43,114.064301,22.5474,499
粤BH6Q43,114.0672,22.547501,501
粤BH6Q43,114.065804,22.547501,501
粤BH6Q43,114.064301,22.5474,501
粤BH6Q43,114.066704,22.5432,502
粤BH6Q43,114.067802,22.5457,502
粤BH6Q43,114.061203,22.542801,503
粤BH6Q43,114.049698,22.542601,504
粤BH6Q43,114.056297,22.5429,504
粤BH6Q43,114.044998,22.5425,505
粤BH6Q43,114.046898,22.542601,505
粤BH6Q43,114.044601,22.5306,507
粤BH6Q43,114.044502,22.534,507
粤BH6Q43,114.044502,22.5261,509
粤BH6Q43,114.041397,22.523399,511
粤BH6Q43,114.041397,22.523399,511
粤BH6Q43,114.0392,22.5242,512
粤BH6Q43,114.041,22.523399,515
粤BH6Q43,114.042099,22.521601,516
粤BH6Q43,114.048698,22.518299,518
粤BH6Q43,114.042801,22.5205,518
粤BH6Q43,114.045998,22.5191,518
粤BH6Q43,114.050499,22.518101,519
粤BH6Q43,114.0504,22.516701,520
粤BH6Q43,114.051102,22.514799,522
粤BH6Q43,114.051102,22.514601,522
粤BH6Q43,114.050797,22.5161,522
粤BH6Q43,114.051201,22.521999,523
粤BH6Q43,114.050797,22.5172,523
粤BH6Q43,114.051003,22.5191,523
粤BH6Q43,114.051498,22.527201,525
粤BH6Q43,114.051498,22.5315,525
粤BH6Q43,114.051399,22.5347,526
粤BH6Q43,114.051697,22.535,527
粤BH6Q43,114.051498,22.535299,528
粤BH6Q43,114.051498,22.535299,529
粤BH6Q43,114.051201,22.535,530
粤BH6Q43,114.051399,22.529699,530
粤BH6Q43,114.047302,22.525801,532
粤BH6Q43,114.044899,22.525801,533
粤BH6Q43,114.045601,22.525801,533
粤BH6Q43,114.044899,22.525801,533
粤BH6Q43,114.044098,22.525299,535
粤BH6Q43,114.042702,22.5228,536
粤BH6Q43,114.071999,22.5308,546
粤BH6Q43,114.0718,22.5313,547
粤BH6Q43,114.0718,22.530399,547
粤BH6Q43,114.0718,22.530399,547
粤BH6Q43,114.069199,22.5301,548
粤BH6Q43,114.063904,22.520901,550
粤BH6Q43,114.064201,22.5221,550
粤BH6Q43,114.063004,22.5205,550
粤BH6Q43,114.065201,22.5226,551
粤BH6Q43,114.0681,22.521999,551
粤BH6Q43,114.065903,22.522699,553
粤BH6Q43,114.068001,22.5221,553
粤BH6Q43,114.067299,22.5238,554
粤BH6Q43,114.065804,22.5242,554
粤BH6Q43,114.0653,22.5235,554
粤BH6Q43,114.067596,22.5243,557
粤BH6Q43,114.067596,22.5243,557
粤BH6Q43,114.067596,22.5243,557
粤BH6Q43,114.067596,22.5243,558
粤BH6Q43,114.067596,22.5243,558
粤BH6Q43,114.067703,22.524,560
粤BH6Q43,114.067596,22.524401,561
粤BH6Q43,114.068298,22.532801,562
粤BH6Q43,114.068298,22.535801,563
粤BH6Q43,114.071503,22.538601,564
粤BH6Q43,114.071503,22.538601,565
粤BH6Q43,114.071503,22.538601,565
粤BH6Q43,114.074097,22.539801,566
粤BH6Q43,114.075302,22.5401,566
粤BH6Q43,114.075302,22.5401,566
粤BH6Q43,114.072998,22.5392,569
粤BH6Q43,114.072998,22.539101,570
粤BH6Q43,114.071098,22.5387,570
粤BH6Q43,114.0644,22.5378,572
粤BH6Q43,114.063103,22.5387,572
粤BH6Q43,114.063004,22.539,573
粤BH6Q43,114.063499,22.539,573
粤BH6Q43,114.064201,22.5383,575
粤BH6Q43,114.062798,22.547199,577
粤BH6Q43,114.062798,22.547199,577
粤BH6Q43,114.062599,22.5502,579
粤BH6Q43,114.062599,22.5502,579
粤BH6Q43,114.062599,22.5502,579
粤BH6Q43,114.062401,22.5508,580
粤BH6Q43,114.062599,22.5502,580
粤BH6Q43,114.062401,22.552099,580
粤BH6Q43,114.062401,22.5539,581
粤BH6Q43,114.062897,22.564899,582
粤BH6Q43,114.063103,22.5667,583
粤BH6Q43,114.063202,22.5667,583
粤BH6Q43,114.063202,22.5667,584
粤BH6Q43,114.067299,22.5667,586
粤BH6Q43,114.067596,22.560301,587
粤BH6Q43,114.067497,22.5646,587
粤BH6Q43,114.061897,22.5516,590
粤BH6Q43,114.061897,22.5516,591
粤BH6Q43,114.060799,22.5515,591
粤BH6Q43,114.058502,22.551399,592
粤BH6Q43,114.059998,22.5513,593
粤BH6Q43,114.060303,22.5497,594
粤BH6Q43,114.062401,22.5497,595
粤BH6Q43,114.063004,22.538401,597
粤BH6Q43,114.063004,22.538401,598
粤BH6Q43,114.062897,22.5397,600
粤BH6Q43,114.062798,22.5471,601
粤BH6Q43,114.062698,22.549801,602
粤BH6Q43,114.062798,22.5471,602
粤BH6Q43,114.062698,22.5548,604
粤BH6Q43,114.064201,22.557899,605
粤BH6Q43,114.065399,22.557899,605
粤BH6Q43,114.0495,22.563299,609
粤BH6Q43,114.049698,22.5644,611
粤BH6Q43,114.053299,22.564199,611
粤BH6Q43,114.0541,22.5637,612
粤BH6Q43,114.054199,22.562401,613
粤BH6Q43,114.066803,22.558001,615
粤BH6Q43,114.067703,22.5553,616
粤BH6Q43,114.067703,22.5518,617
粤BH6Q43,114.067802,22.5497,618
粤BH6Q43,114.067703,22.5518,618
粤BH6Q43,114.067802,22.548599,619
粤BH6Q43,114.074303,22.542999,621
粤BH6Q43,114.085701,22.5431,624
粤BH6Q43,114.090302,22.543301,626
粤BH6Q43,114.096199,22.543501,627
粤BH6Q43,114.099403,22.5431,628
粤BH6Q43,114.099403,22.5422,629
粤BH6Q43,114.096397,22.540199,631
粤BH6Q43,114.095901,22.540199,631
粤BH6Q43,114.095497,22.5408,632
粤BH6Q43,114.093597,22.5413,633
粤BH6Q43,114.091003,22.5413,634
粤BH6Q43,114.0867,22.540899,635
粤BH6Q43,114.0858,22.540899,635
粤BH6Q43,114.084702,22.5408,636
粤BH6Q43,114.078796,22.5425,638
粤BH6Q43,114.078903,22.5427,638
粤BH6Q43,114.080902,22.542801,638
粤BH6Q43,114.0802,22.540501,639
粤BH6Q43,114.079201,22.5403,640
粤BH6Q43,114.076401,22.5401,641
粤BH6Q43,114.072304,22.5387,643
粤BH6Q43,114.070503,22.538601,644
粤BH6Q43,114.063301,22.5376,646
粤BH6Q43,114.063599,22.5376,646
粤BH6Q43,114.058197,22.539301,649
粤BH6Q43,114.062302,22.541901,651
粤BH6Q43,114.0606,22.5418,651
粤BH6Q43,114.062302,22.5403,652
粤BH6Q43,114.062302,22.5403,652
粤BH6Q43,114.0504,22.5333,657
粤BH6Q43,114.050201,22.5326,657
粤BH6Q43,114.051201,22.5317,658
粤BH6Q43,114.050301,22.5259,659
粤BH6Q43,114.0513,22.5263,659
粤BH6Q43,114.041901,22.5233,662
粤BH6Q43,114.043602,22.5242,662
粤BH6Q43,114.038696,22.526199,664
粤BH6Q43,114.039001,22.5249,664
粤BH6Q43,114.038597,22.526501,665
粤BH6Q43,114.039497,22.530199,666
粤BH6Q43,114.040604,22.530399,668
粤BH6Q43,114.040604,22.530399,668
粤BH6Q43,114.040604,22.530399,669
粤BH6Q43,114.040604,22.530399,670
粤BH6Q43,114.044899,22.530701,672
粤BH6Q43,114.0457,22.5312,672
粤BH6Q43,114.044098,22.531099,672
粤BH6Q43,114.044601,22.534901,673
粤BH6Q43,114.048599,22.537201,675
粤BH6Q43,114.048599,22.537201,675
粤BH6Q43,114.0494,22.537201,675
粤BH6Q43,114.049797,22.536301,676
粤BH6Q43,114.050102,22.5357,676
粤BH6Q43,114.050102,22.5357,676
粤BH6Q43,114.051399,22.528299,679
粤BH6Q43,114.051498,22.526199,679
粤BH6Q43,114.053596,22.525801,680
粤BH6Q43,114.053902,22.524799,681
粤BH6Q43,114.054001,22.5238,682
粤BH6Q43,114.054703,22.5212,683
粤BH6Q43,114.054703,22.5212,683
粤BH6Q43,114.054703,22.5212,683
粤BH6Q43,114.053101,22.5184,685
粤BH6Q43,114.051399,22.518299,685
粤BH6Q43,114.044701,22.519699,686
粤BH6Q43,114.047096,22.518801,686
粤BH6Q43,114.0429,22.520599,687
粤BH6Q43,114.042198,22.521,688
粤BH6Q43,114.039398,22.522499,689
粤BH6Q43,114.037804,22.523399,690
粤BH6Q43,114.031601,22.526899,692
粤BH6Q43,114.032501,22.5264,692
粤BH6Q43,114.031601,22.526899,692
粤BH6Q43,114.0299,22.5278,692
粤BH6Q43,114.029099,22.530001,693
粤BH6Q43,114.031898,22.5298,693
粤BH6Q43,114.027702,22.528999,693
粤BH6Q43,114.033699,22.5285,695
粤BH6Q43,114.033699,22.5285,695
粤BH6Q43,114.033302,22.5273,696
粤BH6Q43,114.033302,22.5273,696
粤BH6Q43,114.033302,22.5273,696
粤BH6Q43,114.033302,22.5273,697
粤BH6Q43,114.027496,22.529301,698
粤BH6Q43,114.0243,22.5362,699
粤BH6Q43,114.023102,22.540899,700
粤BH6Q43,114.0233,22.542601,702
粤BH6Q43,114.0233,22.542601,703
粤BH6Q43,114.0233,22.542601,705
粤BH6Q43,114.0233,22.542601,706
粤BH6Q43,114.0233,22.542601,706
粤BH6Q43,114.0233,22.542601,706
粤BH6Q43,114.0233,22.542601,707
粤BH6Q43,114.0233,22.542601,707
粤BH6Q43,114.0233,22.542601,708
粤BH6Q43,114.0233,22.542601,709
粤BH6Q43,114.0233,22.542601,710
粤BH6Q43,114.0233,22.542601,710
粤BH6Q43,114.0233,22.542601,711
粤BH6Q43,114.0233,22.542601,712
粤BH6Q43,114.0233,22.542601,713
粤BH6Q43,114.0233,22.542601,713
粤BH6Q43,114.0233,22.542601,713
粤BH6Q43,114.0233,22.542601,715
粤BH6Q43,114.0233,22.542601,715
粤BH6Q43,114.0233,22.542601,716
粤BH6Q43,114.0233,22.542601,716
粤BH6Q43,114.0233,22.542601,716
粤BH6Q43,114.0233,22.542601,717
粤BH6Q43,114.0233,22.542601,718
粤BH6Q43,114.0233,22.542601,719
粤BH6Q43,114.0233,22.542601,719
粤BH6Q43,114.0233,22.542601,719
粤BH6Q43,114.0233,22.542601,720
粤BH6Q43,114.0233,22.542601,721
粤BH6Q43,114.023499,22.5427,726
粤BH6Q43,114.023499,22.5427,726
粤BH6Q43,114.023499,22.5427,728
粤BH6Q43,114.023499,22.5427,729
粤BH6Q43,114.023499,22.5427,729
粤BH6Q43,114.023499,22.5427,730
粤BH6Q43,114.023499,22.5427,731
粤BH6Q43,114.023499,22.5427,732
粤BH6Q43,114.023499,22.5427,733
粤BH6Q43,114.023499,22.5427,733
粤BH6Q43,114.023499,22.5427,735
粤BH6Q43,114.023499,22.5427,736
粤BH6Q43,114.023499,22.5427,737
粤BH6Q43,114.023499,22.5427,738
粤BH6Q43,114.023499,22.5427,739
粤BH6Q43,114.023499,22.5427,739
粤BH6Q43,114.023499,22.5427,742
粤BH6Q43,114.023499,22.5427,742
粤BH6Q43,114.023499,22.5427,744
粤BH6Q43,114.023499,22.5427,746
粤BH6Q43,114.023499,22.5427,746
粤BH6Q43,114.023499,22.5427,747
粤BH6Q43,114.023499,22.5427,748
粤BH6Q43,114.023499,22.5427,749
粤BH6Q43,114.023499,22.5427,750
粤BH6Q43,114.023499,22.5427,750
粤BH6Q43,114.023003,22.542299,751
粤BH6Q43,114.023499,22.5427,751
粤BH6Q43,114.019997,22.5406,753
粤BH6Q43,114.021202,22.5408,753
粤BH6Q43,114.018402,22.5403,754
粤BH6Q43,114.017998,22.5401,757
粤BH6Q43,114.017998,22.5401,759
粤BH6Q43,114.017998,22.5401,760
粤BH6Q43,114.017998,22.5401,761
粤BH6Q43,114.017998,22.5401,761
粤BH6Q43,114.017998,22.5401,761
粤BH6Q43,114.017998,22.5401,763
粤BH6Q43,114.017998,22.5401,763
粤BH6Q43,114.017998,22.5401,764
粤BH6Q43,114.017998,22.5401,764
粤BH6Q43,114.017998,22.5401,765
粤BH6Q43,114.017998,22.5401,766
粤BH6Q43,114.017998,22.5401,767
粤BH6Q43,114.017998,22.5401,767
粤BH6Q43,114.017998,22.5401,767
粤BH6Q43,114.017998,22.5401,768
粤BH6Q43,114.026703,22.5457,770
粤BH6Q43,114.023201,22.545099,770
粤BH6Q43,114.029198,22.5464,771
粤BH6Q43,114.030098,22.545601,771
粤BH6Q43,114.047302,22.5418,775
粤BH6Q43,114.048599,22.541,777
粤BH6Q43,114.047401,22.539499,779
粤BH6Q43,114.047401,22.539499,780
粤BH6Q43,114.047401,22.539499,780
粤BH6Q43,114.047401,22.539499,781
粤BH6Q43,114.047401,22.539499,781
粤BH6Q43,114.047401,22.539499,781
粤BH6Q43,114.047401,22.539499,784
粤BH6Q43,114.047401,22.539499,784
粤BH6Q43,114.047401,22.539499,785
粤BH6Q43,114.047401,22.539499,787
粤BH6Q43,114.047401,22.539499,788
粤BH6Q43,114.047401,22.539499,788
粤BH6Q43,114.047401,22.539499,791
粤BH6Q43,114.047401,22.539499,791
粤BH6Q43,114.047401,22.539499,791
粤BH6Q43,114.047401,22.539499,792
粤BH6Q43,114.047401,22.539499,793
粤BH6Q43,114.047401,22.539499,794
粤BH6Q43,114.047401,22.539499,795
粤BH6Q43,114.048897,22.541,798
粤BH6Q43,114.048897,22.541,798
粤BH6Q43,114.048897,22.541,798
粤BH6Q43,114.048401,22.5396,799
粤BH6Q43,114.047897,22.537201,801
粤BH6Q43,114.046204,22.535299,801
粤BH6Q43,114.045998,22.5343,802
粤BH6Q43,114.045998,22.5343,802
粤BH6Q43,114.049698,22.535101,804
粤BH6Q43,114.048698,22.535299,805
粤BH6Q43,114.0485,22.535299,806
粤BH6Q43,114.043198,22.5313,808
粤BH6Q43,114.039803,22.530899,808
粤BH6Q43,114.045799,22.531601,808
粤BH6Q43,114.032997,22.530199,809
粤BH6Q43,114.0298,22.5303,809
粤BH6Q43,114.026001,22.531099,810
粤BH6Q43,114.012901,22.529499,812
粤BH6Q43,114.016602,22.529699,813
粤BH6Q43,114.018097,22.5277,813
粤BH6Q43,114.019699,22.5275,815
粤BH6Q43,114.019699,22.5275,815
粤BH6Q43,114.019699,22.5275,816
粤BH6Q43,114.019501,22.5273,816
粤BH6Q43,114.020302,22.5291,818
粤BH6Q43,114.021202,22.529499,819
粤BH6Q43,114.020897,22.530001,819
粤BH6Q43,114.020897,22.530001,820
粤BH6Q43,114.025703,22.5303,822
粤BH6Q43,114.023903,22.5313,822
粤BH6Q43,114.031799,22.526699,823
粤BH6Q43,114.028,22.5284,823
粤BH6Q43,114.030899,22.5271,823
粤BH6Q43,114.016098,22.5313,825
粤BH6Q43,114.0196,22.532101,825
粤BH6Q43,114.004402,22.530001,826
粤BH6Q43,114.008499,22.529699,826
粤BH6Q43,113.996399,22.528799,827
粤BH6Q43,114.000298,22.530001,827
粤BH6Q43,113.9758,22.5228,829
粤BH6Q43,113.978798,22.5229,829
粤BH6Q43,113.962196,22.522699,830
粤BH6Q43,113.927299,22.525299,833
粤BH6Q43,113.919502,22.526899,835
粤BH6Q43,113.918297,22.5256,837
粤BH6Q43,113.916298,22.5203,844
粤BH6Q43,113.920998,22.518499,845
粤BH6Q43,113.920601,22.518801,845
粤BH6Q43,113.920998,22.518499,845
粤BH6Q43,113.9217,22.5182,847
粤BH6Q43,113.920998,22.518499,847
粤BH6Q43,113.9217,22.5182,848
粤BH6Q43,113.9217,22.5182,848
粤BH6Q43,113.9217,22.5182,849
粤BH6Q43,113.9217,22.5182,851
粤BH6Q43,113.924202,22.5235,852
粤BH6Q43,113.924301,22.529699,852
粤BH6Q43,113.927101,22.5378,854
粤BH6Q43,113.927101,22.540001,854
粤BH6Q43,113.927101,22.544901,855
粤BH6Q43,113.927101,22.5429,855
粤BH6Q43,113.928703,22.5488,856
粤BH6Q43,113.929398,22.545799,858
粤BH6Q43,113.928596,22.545099,858
粤BH6Q43,113.928596,22.5445,859
粤BH6Q43,113.930496,22.543699,861
粤BH6Q43,113.930603,22.544001,861
粤BH6Q43,113.932999,22.545401,862
粤BH6Q43,113.939598,22.546,865
粤BH6Q43,113.939598,22.546,865
粤BH6Q43,113.940002,22.546,865
粤BH6Q43,113.940399,22.5455,866
粤BH6Q43,113.940399,22.5455,866
粤BH6Q43,113.940598,22.5401,867
粤BH6Q43,113.940598,22.5401,867
粤BH6Q43,113.940697,22.538,867
粤BH6Q43,113.940598,22.536301,869
粤BH6Q43,113.940598,22.536301,869
粤BH6Q43,113.940697,22.5322,870
粤BH6Q43,113.940598,22.536301,870
粤BH6Q43,113.940697,22.5348,870
粤BH6Q43,113.940697,22.5294,871
粤BH6Q43,113.941002,22.5214,872
粤BH6Q43,113.941101,22.523399,872
粤BH6Q43,113.943199,22.524,872
粤BH6Q43,113.956703,22.5228,874
粤BH6Q43,113.952904,22.5233,874
粤BH6Q43,113.968697,22.5226,875
粤BH6Q43,113.972603,22.522699,875
粤BH6Q43,113.976402,22.522699,876
粤BH6Q43,113.996902,22.5289,878
粤BH6Q43,114.000603,22.5299,878
粤BH6Q43,114.007797,22.529499,879
粤BH6Q43,114.014801,22.5308,879
粤BH6Q43,114.017799,22.531401,880
粤BH6Q43,114.029297,22.527901,881
粤BH6Q43,114.031403,22.526699,882
粤BH6Q43,114.032204,22.526199,882
粤BH6Q43,114.032204,22.526199,883
粤BH6Q43,114.036797,22.5238,885
粤BH6Q43,114.0392,22.522499,886
粤BH6Q43,114.042198,22.521601,887
粤BH6Q43,114.044197,22.525,888
粤BH6Q43,114.044998,22.5287,889
粤BH6Q43,114.044998,22.5266,889
粤BH6Q43,114.044601,22.531601,889
粤BH6Q43,114.044502,22.5383,890
粤BH6Q43,114.044601,22.534901,890
粤BH6Q43,114.044296,22.552799,892
粤BH6Q43,114.044296,22.554701,892
粤BH6Q43,114.044197,22.5553,893
粤BH6Q43,114.040802,22.5665,895
粤BH6Q43,114.041901,22.566999,896
粤BH6Q43,114.045197,22.5674,897
粤BH6Q43,114.047401,22.567301,897
粤BH6Q43,114.043503,22.567499,897
粤BH6Q43,114.048698,22.567301,898
粤BH6Q43,114.0513,22.5672,899
粤BH6Q43,114.051804,22.5672,899
粤BH6Q43,113.997597,22.546101,911
粤BH6Q43,113.993797,22.544701,912
粤BH6Q43,113.991699,22.5438,913
粤BH6Q43,113.991501,22.542,914
粤BH6Q43,113.987396,22.5415,915
粤BH6Q43,113.987801,22.541401,915
粤BH6Q43,113.987999,22.5415,915
粤BH6Q43,113.987801,22.5394,917
粤BH6Q43,113.987801,22.5394,917
粤BH6Q43,113.987801,22.5394,918
粤BH6Q43,113.987801,22.5394,919
粤BH6Q43,113.9888,22.540001,921
粤BH6Q43,113.988899,22.541201,921
粤BH6Q43,113.991699,22.5399,922
粤BH6Q43,113.989998,22.5415,922
粤BH6Q43,113.991997,22.5392,923
粤BH6Q43,113.995102,22.544701,924
粤BH6Q43,113.993896,22.5443,924
粤BH6Q43,113.999199,22.546,925
粤BH6Q43,113.996696,22.5453,925
粤BH6Q43,114.0047,22.5471,926
粤BH6Q43,114.002701,22.546301,926
粤BH6Q43,114.009003,22.548,928
粤BH6Q43,114.008904,22.5481,928
粤BH6Q43,114.007401,22.5499,929
粤BH6Q43,114.008598,22.5516,929
粤BH6Q43,114.008904,22.551901,930
粤BH6Q43,114.010902,22.555099,931
粤BH6Q43,114.012299,22.554001,932
粤BH6Q43,114.012398,22.5548,932
粤BH6Q43,114.011497,22.553499,933
粤BH6Q43,114.015198,22.5553,935
粤BH6Q43,114.014503,22.5553,935
粤BH6Q43,114.015198,22.5553,936
粤BH6Q43,113.996696,22.556,940
粤BH6Q43,113.988197,22.5599,946
粤BH6Q43,113.988197,22.5599,956
粤BH6Q43,113.988197,22.5599,958
粤BH6Q43,113.9785,22.562099,1052
粤BH6Q43,113.9785,22.562099,1052
粤BH6Q43,113.9785,22.562099,1052
粤BH6Q43,113.976097,22.563499,1053
粤BH6Q43,113.973999,22.5646,1054
粤BH6Q43,113.970299,22.5667,1054
粤BH6Q43,113.967003,22.5632,1056
粤BH6Q43,113.967796,22.5644,1056
粤BH6Q43,113.967003,22.563101,1057
粤BH6Q43,113.966499,22.561501,1057
粤BH6Q43,113.957199,22.5567,1060
粤BH6Q43,113.948402,22.556299,1061
粤BH6Q43,113.950401,22.556601,1061
粤BH6Q43,113.952103,22.556499,1061
粤BH6Q43,113.947098,22.556101,1062
粤BH6Q43,113.944801,22.558599,1063
粤BH6Q43,113.944801,22.558599,1063
粤BH6Q43,113.945198,22.5578,1063
粤BH6Q43,113.943001,22.559099,1064
粤BH6Q43,113.941902,22.5597,1069
粤BH6Q43,113.945297,22.558901,1070
粤BH6Q43,113.945297,22.558901,1070
粤BH6Q43,113.941399,22.559799,1072
粤BH6Q43,113.940598,22.5599,1073
粤BH6Q43,113.941399,22.559799,1073
粤BH6Q43,113.940598,22.5599,1073
粤BH6Q43,113.940598,22.5599,1074
粤BH6Q43,113.932098,22.559799,1076
粤BH6Q43,113.929398,22.562,1077
粤BH6Q43,113.929398,22.560101,1077
粤BH6Q43,113.929298,22.5627,1078
粤BH6Q43,113.925598,22.567101,1080
粤BH6Q43,113.927299,22.566401,1080
粤BH6Q43,113.926201,22.5669,1080
粤BH6Q43,113.922203,22.569901,1081
粤BH6Q43,113.921997,22.572399,1081
粤BH6Q43,113.920197,22.574699,1082
粤BH6Q43,113.9095,22.5823,1083
粤BH6Q43,113.902702,22.5896,1084
粤BH6Q43,113.906097,22.585899,1084
粤BH6Q43,113.895103,22.596701,1085
粤BH6Q43,113.870499,22.6203,1087
粤BH6Q43,113.863297,22.623199,1088
粤BH6Q43,113.859596,22.624599,1088
粤BH6Q43,113.854401,22.627399,1089
粤BH6Q43,113.850098,22.6271,1091
粤BH6Q43,113.8489,22.624001,1091
粤BH6Q43,113.846497,22.6227,1092
粤BH6Q43,113.842903,22.6217,1092
粤BH6Q43,113.814102,22.617901,1095
粤BH6Q43,113.815697,22.615101,1095
粤BH6Q43,113.8172,22.6127,1095
粤BH6Q43,113.812599,22.620501,1096
粤BH6Q43,113.809502,22.627399,1097
粤BH6Q43,113.808197,22.6266,1099
粤BH6Q43,113.806297,22.624001,1101
粤BH6Q43,113.806999,22.622601,1101
粤BH6Q43,113.811699,22.613899,1103
粤BH6Q43,113.817398,22.611,1104
粤BH6Q43,113.819603,22.6119,1105
粤BH6Q43,113.825302,22.6113,1106
粤BH6Q43,113.824303,22.613701,1106
粤BH6Q43,113.822403,22.6133,1106
粤BH6Q43,113.828697,22.601999,1108
粤BH6Q43,113.829498,22.598801,1108
粤BH6Q43,113.831001,22.5923,1109
粤BH6Q43,113.833,22.5896,1109
粤BH6Q43,113.844704,22.5679,1112
粤BH6Q43,113.846001,22.566099,1113
粤BH6Q43,113.846603,22.5651,1115
粤BH6Q43,113.846603,22.5651,1115
粤BH6Q43,113.846603,22.5651,1115
粤BH6Q43,113.848,22.564501,1116
粤BH6Q43,113.846901,22.564699,1116
粤BH6Q43,113.849503,22.566099,1116
粤BH6Q43,113.8526,22.569099,1118
粤BH6Q43,113.852798,22.569401,1119
粤BH6Q43,113.856499,22.5732,1120
粤BH6Q43,113.858803,22.5755,1120
粤BH6Q43,113.875,22.571899,1128
粤BH6Q43,113.877701,22.5695,1129
粤BH6Q43,113.879501,22.568001,1129
粤BH6Q43,113.882698,22.5651,1130
粤BH6Q43,113.8815,22.563601,1133
粤BH6Q43,113.8815,22.563601,1134
粤BH6Q43,113.8815,22.563601,1135
粤BH6Q43,113.8815,22.563601,1136
粤BH6Q43,113.8815,22.563601,1136
粤BH6Q43,113.8815,22.563601,1136
粤BH6Q43,113.8815,22.563601,1141
粤BH6Q43,113.8815,22.563601,1146
粤BH6Q43,113.8815,22.563601,1146
粤BH6Q43,113.8815,22.563601,1147
粤BH6Q43,113.8815,22.563601,1147
粤BH6Q43,113.8815,22.563601,1147
粤BH6Q43,113.8815,22.563601,1151
粤BH6Q43,113.8815,22.563601,1151
粤BH6Q43,113.8815,22.563601,1152
粤BH6Q43,113.8815,22.563601,1154
粤BH6Q43,113.8815,22.563601,1154
粤BH6Q43,113.8815,22.563601,1155
粤BH6Q43,113.8815,22.563601,1157
粤BH6Q43,113.8815,22.563601,1157
粤BH6Q43,113.8815,22.563601,1158
粤BH6Q43,113.8815,22.563601,1158
粤BH6Q43,113.8815,22.563601,1158
粤BH6Q43,113.8815,22.563601,1159
粤BH6Q43,113.8815,22.563601,1160
粤BH6Q43,113.8815,22.563601,1161
粤BH6Q43,113.8815,22.563601,1161
粤BH6Q43,113.8815,22.563601,1162
粤BH6Q43,113.8815,22.563601,1163
粤BH6Q43,113.8815,22.563601,1164
粤BH6Q43,113.8815,22.563601,1165
粤BH6Q43,113.8815,22.563601,1166
粤BH6Q43,113.8815,22.563601,1167
粤BH6Q43,113.8815,22.563601,1170
粤BH6Q43,113.8815,22.563601,1171
粤BH6Q43,113.8815,22.563601,1172
粤BH6Q43,113.8815,22.563601,1172
粤BH6Q43,113.8815,22.563601,1174
粤BH6Q43,113.8815,22.563601,1175
粤BH6Q43,113.8815,22.563601,1175
粤BH6Q43,113.8815,22.563601,1176
粤BH6Q43,113.8815,22.563601,1177
粤BH6Q43,113.8815,22.563601,1178
粤BH6Q43,113.8815,22.563601,1179
粤BH6Q43,113.8815,22.563601,1179
粤BH6Q43,113.8815,22.563601,1181
粤BH6Q43,113.8815,22.563601,1181
粤BH6Q43,113.8815,22.563601,1182
粤BH6Q43,113.8815,22.563601,1183
粤BH6Q43,113.8815,22.563601,1185
粤BH6Q43,113.8815,22.563601,1185
粤BH6Q43,113.8815,22.563601,1190
粤BH6Q43,113.8815,22.563601,1190
粤BH6Q43,113.8815,22.563601,1190
粤BH6Q43,113.8815,22.563601,1191
粤BH6Q43,113.8815,22.563601,1191
粤BH6Q43,113.8815,22.563601,1194
粤BH6Q43,113.8815,22.563601,1195
粤BH6Q43,113.8815,22.563601,1197
粤BH6Q43,113.8815,22.563601,1197
粤BH6Q43,113.8815,22.563601,1197
粤BH6Q43,113.8815,22.563601,1198
粤BH6Q43,113.8815,22.563601,1198
粤BH6Q43,113.8815,22.563601,1202
粤BH6Q43,113.8815,22.563601,1203
粤BH6Q43,113.8815,22.563601,1204
粤BH6Q43,113.8815,22.563601,1205
粤BH6Q43,113.8815,22.563601,1205
粤BH6Q43,113.8815,22.563601,1206
粤BH6Q43,113.8815,22.563601,1206
粤BH6Q43,113.8815,22.563601,1207
粤BH6Q43,113.8815,22.563601,1207
粤BH6Q43,113.8815,22.563601,1208
粤BH6Q43,113.8815,22.563601,1208
粤BH6Q43,113.8815,22.563601,1209
粤BH6Q43,113.8815,22.563601,1210
粤BH6Q43,113.8815,22.563601,1210
粤BH6Q43,113.8815,22.563601,1212
粤BH6Q43,113.8815,22.563601,1213
粤BH6Q43,113.8815,22.563601,1214
粤BH6Q43,113.8815,22.563601,1215
粤BH6Q43,113.8815,22.563601,1215
粤BH6Q43,113.8815,22.563601,1216
粤BH6Q43,113.8815,22.563601,1217
粤BH6Q43,113.8815,22.563601,1221
粤BH6Q43,113.8815,22.563601,1222
粤BH6Q43,113.8815,22.563601,1224
粤BH6Q43,113.8815,22.563601,1224
粤BH6Q43,113.8815,22.563601,1225
粤BH6Q43,113.8815,22.563601,1226
粤BH6Q43,113.8815,22.563601,1227
粤BH6Q43,113.8815,22.563601,1228
粤BH6Q43,113.8815,22.563601,1229
粤BH6Q43,113.8815,22.563601,1229
粤BH6Q43,113.8815,22.563601,1229
粤BH6Q43,113.8815,22.563601,1231
粤BH6Q43,113.8815,22.563601,1231
粤BH6Q43,113.8815,22.563601,1233
粤BH6Q43,113.8815,22.563601,1234
粤BH6Q43,113.8815,22.563601,1235
粤BH6Q43,113.8815,22.563601,1235
粤BH6Q43,113.8815,22.563601,1235
粤BH6Q43,113.8815,22.563601,1236
粤BH6Q43,113.8815,22.563601,1236
粤BH6Q43,113.8815,22.563601,1238
粤BH6Q43,113.8815,22.563601,1238
粤BH6Q43,113.8815,22.563601,1239
粤BH6Q43,113.8815,22.563601,1239
粤BH6Q43,113.8815,22.563601,1241
粤BH6Q43,113.8815,22.563601,1242
粤BH6Q43,113.8815,22.563601,1243
粤BH6Q43,113.8815,22.563601,1245
粤BH6Q43,113.8815,22.563601,1246
粤BH6Q43,113.8815,22.563601,1246
粤BH6Q43,113.8815,22.563601,1248
粤BH6Q43,113.8815,22.563601,1249
粤BH6Q43,113.8815,22.563601,1249
粤BH6Q43,113.8815,22.563601,1249
粤BH6Q43,113.8815,22.563601,1250
粤BH6Q43,113.8815,22.563601,1250
粤BH6Q43,113.8815,22.563601,1251
粤BH6Q43,113.8815,22.563601,1252
粤BH6Q43,113.8815,22.563601,1253
粤BH6Q43,113.8815,22.563601,1253
粤BH6Q43,113.8815,22.563601,1255
粤BH6Q43,113.8815,22.563601,1256
粤BH6Q43,113.8815,22.563601,1257
粤BH6Q43,113.8815,22.563601,1257
粤BH6Q43,113.8815,22.563601,1260
粤BH6Q43,113.8815,22.563601,1260
粤BH6Q43,113.8815,22.563601,1261
粤BH6Q43,113.8815,22.563601,1261
粤BH6Q43,113.8815,22.563601,1261
粤BH6Q43,113.8815,22.563601,1263
粤BH6Q43,113.8815,22.563601,1263
粤BH6Q43,113.8815,22.563601,1264
粤BH6Q43,113.8815,22.563601,1264
粤BH6Q43,113.8815,22.563601,1264
粤BH6Q43,113.8815,22.563601,1265
粤BH6Q43,113.8815,22.563601,1267
粤BH6Q43,113.8815,22.563601,1267
粤BH6Q43,113.8815,22.563601,1268
粤BH6Q43,113.8815,22.563601,1269
粤BH6Q43,113.8815,22.563601,1269
粤BH6Q43,113.8815,22.563601,1271
粤BH6Q43,113.8815,22.563601,1271
粤BH6Q43,113.8815,22.563601,1272
粤BH6Q43,113.8815,22.563601,1272
粤BH6Q43,113.8815,22.563601,1273
粤BH6Q43,113.8815,22.563601,1274
粤BH6Q43,113.8815,22.563601,1274
粤BH6Q43,113.8815,22.563601,1275
粤BH6Q43,113.8815,22.563601,1275
粤BH6Q43,113.8815,22.563601,1276
粤BH6Q43,113.8815,22.563601,1278
粤BH6Q43,113.8815,22.563601,1278
粤BH6Q43,113.8815,22.563601,1278
粤BH6Q43,113.8815,22.563601,1279
粤BH6Q43,113.8815,22.563601,1279
粤BH6Q43,113.8815,22.563601,1281
粤BH6Q43,113.8815,22.563601,1282
粤BH6Q43,113.8815,22.563601,1282
粤BH6Q43,113.8815,22.563601,1282
粤BH6Q43,113.8815,22.563601,1283
粤BH6Q43,113.8815,22.563601,1285
粤BH6Q43,113.8815,22.563601,1285
粤BH6Q43,113.8815,22.563601,1285
粤BH6Q43,113.8815,22.563601,1286
粤BH6Q43,113.8815,22.563601,1286
粤BH6Q43,113.8815,22.563601,1287
粤BH6Q43,113.8815,22.563601,1288
粤BH6Q43,113.8815,22.563601,1291
粤BH6Q43,113.8815,22.563601,1291
粤BH6Q43,113.8815,22.563601,1292
粤BH6Q43,113.8815,22.563601,1293
粤BH6Q43,113.8815,22.563601,1295
粤BH6Q43,113.8815,22.563601,1296
粤BH6Q43,113.8815,22.563601,1296
粤BH6Q43,113.8815,22.563601,1296
粤BH6Q43,113.8815,22.563601,1299
粤BH6Q43,113.8815,22.563601,1299
粤BH6Q43,113.8815,22.563601,1299
粤BH6Q43,113.8815,22.563601,1302
粤BH6Q43,113.8815,22.563601,1302
粤BH6Q43,113.8815,22.563601,1302
粤BH6Q43,113.8815,22.563601,1303
粤BH6Q43,113.8815,22.563601,1308
粤BH6Q43,113.8815,22.563601,1309
粤BH6Q43,113.8815,22.563601,1309
粤BH6Q43,113.8815,22.563601,1310
粤BH6Q43,113.8815,22.563601,1311
粤BH6Q43,113.8815,22.563601,1311
粤BH6Q43,113.8815,22.563601,1311
粤BH6Q43,113.8815,22.563601,1313
粤BH6Q43,113.8815,22.563601,1314
粤BH6Q43,113.8815,22.563601,1314
粤BH6Q43,113.8815,22.563601,1314
粤BH6Q43,113.8815,22.563601,1317
粤BH6Q43,113.8815,22.563601,1317
粤BH6Q43,113.8815,22.563601,1317
粤BH6Q43,113.8815,22.563601,1318
粤BH6Q43,113.8815,22.563601,1325
粤BH6Q43,113.8815,22.563601,1326
粤BH6Q43,113.8815,22.563601,1331
粤BH6Q43,113.8815,22.563601,1331
粤BH6Q43,113.8815,22.563601,1332
粤BH6Q43,113.8815,22.563601,1333
粤BH6Q43,113.8815,22.563601,1334
粤BH6Q43,113.8815,22.563601,1334
粤BH6Q43,113.8815,22.563601,1335
粤BH6Q43,113.8815,22.563601,1335
粤BH6Q43,113.8815,22.563601,1337
粤BH6Q43,113.8815,22.563601,1337
粤BH6Q43,113.8815,22.563601,1338
粤BH6Q43,113.8815,22.563601,1338
粤BH6Q43,113.8815,22.563601,1340
粤BH6Q43,113.8815,22.563601,1341
粤BH6Q43,113.8815,22.563601,1341
粤BH6Q43,113.8815,22.563601,1341
粤BH6Q43,113.8815,22.563601,1342
粤BH6Q43,113.8815,22.563601,1342
粤BH6Q43,113.8815,22.563601,1342
粤BH6Q43,113.8815,22.563601,1344
粤BH6Q43,113.8815,22.563601,1345
粤BH6Q43,113.8815,22.563601,1345
粤BH6Q43,113.8815,22.563601,1346
粤BH6Q43,113.8815,22.563601,1346
粤BH6Q43,113.8815,22.563601,1348
粤BH6Q43,113.8815,22.563601,1349
粤BH6Q43,113.8815,22.563601,1349
粤BH6Q43,113.8815,22.563601,1351
粤BH6Q43,113.8815,22.563601,1353
粤BH6Q43,113.8815,22.563601,1353
粤BH6Q43,113.8815,22.563601,1353
粤BH6Q43,113.8815,22.563601,1358
粤BH6Q43,113.8815,22.563601,1358
粤BH6Q43,113.8815,22.563601,1359
粤BH6Q43,113.8815,22.563601,1359
粤BH6Q43,113.8815,22.563601,1360
粤BH6Q43,113.8815,22.563601,1360
粤BH6Q43,113.8815,22.563601,1364
粤BH6Q43,113.8815,22.563601,1365
粤BH6Q43,113.8815,22.563601,1365
粤BH6Q43,113.8815,22.563601,1368
粤BH6Q43,113.8815,22.563601,1369
粤BH6Q43,113.8815,22.563601,1369
粤BH6Q43,113.8815,22.563601,1372
粤BH6Q43,113.8815,22.563601,1372
粤BH6Q43,113.8815,22.563601,1373
粤BH6Q43,113.8815,22.563601,1376
粤BH6Q43,113.8815,22.563601,1377
粤BH6Q43,113.8815,22.563601,1377
粤BH6Q43,113.8815,22.563601,1377
粤BH6Q43,113.8815,22.563601,1378
粤BH6Q43,113.8815,22.563601,1380
粤BH6Q43,113.8815,22.563601,1381
粤BH6Q43,113.8815,22.563601,1382
粤BH6Q43,113.8815,22.563601,1383
粤BH6Q43,113.8815,22.563601,1383
粤BH6Q43,113.8815,22.563601,1384
粤BH6Q43,113.8815,22.563601,1385
粤BH6Q43,113.8815,22.563601,1387
粤BH6Q43,113.8815,22.563601,1388
粤BH6Q43,113.8815,22.563601,1388
粤BH6Q43,113.8815,22.563601,1388
粤BH6Q43,113.8815,22.563601,1390
粤BH6Q43,113.8815,22.563601,1391
粤BH6Q43,113.8815,22.563601,1391
粤BH6Q43,113.8815,22.563601,1391
粤BH6Q43,113.8815,22.563601,1394
粤BH6Q43,113.8815,22.563601,1395
粤BH6Q43,113.8815,22.563601,1398
粤BH6Q43,113.8815,22.563601,1398
粤BH6Q43,113.8815,22.563601,1399
粤BH6Q43,113.8815,22.563601,1401
粤BH6Q43,113.8815,22.563601,1401
粤BH6Q43,113.8815,22.563601,1402
粤BH6Q43,113.8815,22.563601,1402
粤BH6Q43,113.8815,22.563601,1404
粤BH6Q43,113.8815,22.563601,1405
粤BH6Q43,113.8815,22.563601,1406
粤BH6Q43,113.8815,22.563601,1406
粤BH6Q43,113.8815,22.563601,1407
粤BH6Q43,113.8815,22.563601,1410
粤BH6Q43,113.8815,22.563601,1412
粤BH6Q43,113.8815,22.563601,1413
粤BH6Q43,113.8815,22.563601,1414
粤BH6Q43,113.8815,22.563601,1414
粤BH6Q43,113.8815,22.563601,1414
粤BH6Q43,113.8815,22.563601,1415
粤BH6Q43,113.8815,22.563601,1415
粤BH6Q43,113.8815,22.563601,1415
粤BH6Q43,113.8815,22.563601,1416
粤BH6Q43,113.8815,22.563601,1418
粤BH6Q43,113.8815,22.563601,1418
粤BH6Q43,113.8815,22.563601,1418
粤BH6Q43,113.8815,22.563601,1419
粤BH6Q43,113.8815,22.563601,1422
粤BH6Q43,113.8815,22.563601,1422
粤BH6Q43,113.8815,22.563601,1422
粤BH6Q43,113.8815,22.563601,1423
粤BH6Q43,113.8815,22.563601,1424
粤BH6Q43,113.8815,22.563601,1425
粤BH6Q43,113.8815,22.563601,1426
粤BH6Q43,113.8815,22.563601,1426
粤BH6Q43,113.8815,22.563601,1427
粤BH6Q43,113.8815,22.563601,1429
粤BH6Q43,113.8815,22.563601,1429
粤BH6Q43,113.8815,22.563601,1430
粤BH6Q43,113.8815,22.563601,1432
粤BH6Q43,113.8815,22.563601,1432
粤BH6Q43,113.8815,22.563601,1433
粤BH6Q43,113.8815,22.563601,1433
粤BH6Q43,113.8815,22.563601,1434
