粤BX3X57,114.170815,22.605108,4
粤BX3X57,114.170807,22.605078,8
粤BX3X57,114.17083,22.605118,9
粤BX3X57,114.170799,22.605135,10
粤BX3X57,114.170815,22.605112,11
粤BX3X57,114.17086,22.605099,12
粤BX3X57,114.170845,22.605103,13
粤BX3X57,114.170845,22.605103,13
粤BX3X57,114.170815,22.605108,14
粤BX3X57,114.170799,22.605143,15
粤BX3X57,114.170746,22.605141,16
粤BX3X57,114.170799,22.60515,17
粤BX3X57,114.17086,22.605145,19
粤BX3X57,114.17086,22.605145,19
粤BX3X57,114.170868,22.605156,20
粤BX3X57,114.17083,22.605177,21
粤BX3X57,114.170845,22.605181,22
粤BX3X57,114.170799,22.605202,23
粤BX3X57,114.17083,22.605173,24
粤BX3X57,114.170807,22.605175,25
粤BX3X57,114.170807,22.605175,25
粤BX3X57,114.170807,22.605202,26
粤BX3X57,114.170815,22.605188,27
粤BX3X57,114.170868,22.605192,28
粤BX3X57,114.170921,22.605186,29
粤BX3X57,114.170891,22.605173,30
粤BX3X57,114.170898,22.605169,31
粤BX3X57,114.170898,22.605169,31
粤BX3X57,114.170883,22.605145,32
粤BX3X57,114.170929,22.605165,33
粤BX3X57,114.170982,22.60515,34
粤BX3X57,114.170952,22.605133,35
粤BX3X57,114.170883,22.605135,36
粤BX3X57,114.170807,22.605137,37
粤BX3X57,114.170807,22.605137,37
粤BX3X57,114.170876,22.605152,38
粤BX3X57,114.170845,22.605125,39
粤BX3X57,114.170769,22.605139,40
粤BX3X57,114.170868,22.605158,41
粤BX3X57,114.170898,22.605158,42
粤BX3X57,114.17086,22.605139,43
粤BX3X57,114.17086,22.605139,43
粤BX3X57,114.170853,22.605148,44
粤BX3X57,114.170944,22.605164,46
粤BX3X57,114.170906,22.605158,47
粤BX3X57,114.170937,22.605173,48
粤BX3X57,114.170898,22.605167,49
粤BX3X57,114.170898,22.605167,49
粤BX3X57,114.170815,22.605108,50
粤BX3X57,114.170959,22.605133,51
粤BX3X57,114.170837,22.605124,51
粤BX3X57,114.170952,22.605143,52
粤BX3X57,114.170898,22.605156,53
粤BX3X57,114.170876,22.605158,54
粤BX3X57,114.170761,22.605106,55
粤BX3X57,114.170761,22.605106,55
粤BX3X57,114.170731,22.605101,56
粤BX3X57,114.170715,22.605104,57
粤BX3X57,114.170876,22.605209,58
粤BX3X57,114.170898,22.605162,59
粤BX3X57,114.17083,22.605103,60
粤BX3X57,114.170837,22.605124,61
粤BX3X57,114.17083,22.605103,61
粤BX3X57,114.170853,22.605118,62
粤BX3X57,114.170822,22.605093,63
粤BX3X57,114.17083,22.605104,64
粤BX3X57,114.17083,22.605118,66
粤BX3X57,114.170959,22.605133,67
粤BX3X57,114.170906,22.605143,67
粤BX3X57,114.17083,22.605118,67
粤BX3X57,114.170914,22.605143,68
粤BX3X57,114.170868,22.605091,69
粤BX3X57,114.170891,22.605133,70
粤BX3X57,114.170906,22.605124,71
粤BX3X57,114.170898,22.60515,72
粤BX3X57,114.170959,22.605158,73
粤BX3X57,114.170998,22.605217,74
粤BX3X57,114.171021,22.605206,75
粤BX3X57,114.171005,22.605186,76
粤BX3X57,114.170959,22.605133,77
粤BX3X57,114.170944,22.605112,78
粤BX3X57,114.170944,22.605112,78
粤BX3X57,114.170929,22.605089,79
粤BX3X57,114.170876,22.605038,80
粤BX3X57,114.17086,22.605087,81
粤BX3X57,114.170815,22.605217,82
粤BX3X57,114.170845,22.605078,82
粤BX3X57,114.170906,22.605152,83
粤BX3X57,114.170799,22.605213,83
粤BX3X57,114.170898,22.605167,84
粤BX3X57,114.170898,22.605167,84
粤BX3X57,114.170845,22.605165,85
粤BX3X57,114.170837,22.605183,86
粤BX3X57,114.17083,22.605206,87
粤BX3X57,114.170799,22.605215,89
粤BX3X57,114.17083,22.605227,90
粤BX3X57,114.17083,22.605227,90
粤BX3X57,114.170761,22.605225,91
粤BX3X57,114.170815,22.605217,92
粤BX3X57,114.170799,22.605213,93
粤BX3X57,114.17083,22.605186,94
粤BX3X57,114.170853,22.6052,95
粤BX3X57,114.170792,22.605137,96
粤BX3X57,114.170792,22.605137,96
粤BX3X57,114.170761,22.605127,97
粤BX3X57,114.170776,22.605118,98
粤BX3X57,114.170815,22.60515,100
粤BX3X57,114.170891,22.605167,101
粤BX3X57,114.170944,22.605181,102
粤BX3X57,114.170944,22.605181,102
粤BX3X57,114.170914,22.605141,103
粤BX3X57,114.170937,22.605139,104
粤BX3X57,114.170982,22.605133,105
粤BX3X57,114.17099,22.605141,106
粤BX3X57,114.170967,22.605158,107
粤BX3X57,114.170952,22.605177,108
粤BX3X57,114.170952,22.605177,108
粤BX3X57,114.170914,22.605219,109
粤BX3X57,114.170944,22.60524,110
粤BX3X57,114.170914,22.605185,111
粤BX3X57,114.170959,22.605209,112
粤BX3X57,114.170967,22.605217,113
粤BX3X57,114.170967,22.605188,114
粤BX3X57,114.170967,22.605188,114
粤BX3X57,114.170937,22.605162,115
粤BX3X57,114.170952,22.605185,116
粤BX3X57,114.17099,22.605198,117
粤BX3X57,114.17099,22.605167,118
粤BX3X57,114.171021,22.605183,119
粤BX3X57,114.171028,22.605152,120
粤BX3X57,114.171028,22.605152,120
粤BX3X57,114.171005,22.605143,121
粤BX3X57,114.171005,22.605143,122
粤BX3X57,114.17099,22.605083,123
粤BX3X57,114.171036,22.605116,124
粤BX3X57,114.171074,22.605127,125
粤BX3X57,114.171036,22.60515,126
粤BX3X57,114.171005,22.605148,127
粤BX3X57,114.170975,22.605127,128
粤BX3X57,114.171043,22.605207,129
粤BX3X57,114.170868,22.605223,130
粤BX3X57,114.170998,22.605194,130
粤BX3X57,114.170982,22.605137,131
粤BX3X57,114.170952,22.605104,132
粤BX3X57,114.170952,22.605104,132
粤BX3X57,114.170837,22.605059,133
粤BX3X57,114.170868,22.605047,134
粤BX3X57,114.170868,22.60504,135
粤BX3X57,114.170837,22.605116,136
粤BX3X57,114.170891,22.605223,137
粤BX3X57,114.170868,22.605152,138
粤BX3X57,114.170868,22.605152,138
粤BX3X57,114.170876,22.605145,139
粤BX3X57,114.170868,22.605223,140
粤BX3X57,114.170906,22.605169,141
粤BX3X57,114.170883,22.605141,142
粤BX3X57,114.170883,22.605156,143
粤BX3X57,114.170914,22.605207,144
粤BX3X57,114.170914,22.605207,144
粤BX3X57,114.170792,22.605242,145
粤BX3X57,114.170883,22.605223,145
粤BX3X57,114.170807,22.605207,146
粤BX3X57,114.170883,22.605206,146
粤BX3X57,114.170822,22.605167,147
粤BX3X57,114.170799,22.605156,148
粤BX3X57,114.170784,22.605093,149
粤BX3X57,114.170784,22.60508,150
粤BX3X57,114.170784,22.60508,150
粤BX3X57,114.170753,22.60511,151
粤BX3X57,114.170769,22.605206,152
粤BX3X57,114.170815,22.605183,154
粤BX3X57,114.170792,22.605242,155
粤BX3X57,114.170807,22.605207,156
粤BX3X57,114.170807,22.605207,156
粤BX3X57,114.170807,22.60523,157
粤BX3X57,114.170822,22.605265,158
粤BX3X57,114.170792,22.605223,159
粤BX3X57,114.170807,22.605198,160
粤BX3X57,114.170868,22.605165,161
粤BX3X57,114.170776,22.605232,161
粤BX3X57,114.170822,22.605188,162
粤BX3X57,114.170822,22.605188,162
粤BX3X57,114.170868,22.60516,163
粤BX3X57,114.170853,22.605169,164
粤BX3X57,114.170837,22.605209,165
粤BX3X57,114.170792,22.605227,166
粤BX3X57,114.170853,22.605267,167
粤BX3X57,114.170822,22.605225,168
粤BX3X57,114.170822,22.605225,168
粤BX3X57,114.170784,22.605217,169
粤BX3X57,114.170784,22.605234,170
粤BX3X57,114.170776,22.605232,171
粤BX3X57,114.170799,22.605261,172
粤BX3X57,114.170769,22.605225,173
粤BX3X57,114.170784,22.605223,174
粤BX3X57,114.170784,22.605223,174
粤BX3X57,114.170753,22.605247,175
粤BX3X57,114.170761,22.605246,176
粤BX3X57,114.170738,22.605188,177
粤BX3X57,114.170776,22.605173,178
粤BX3X57,114.170792,22.605209,179
粤BX3X57,114.170753,22.605192,180
粤BX3X57,114.170753,22.605209,181
粤BX3X57,114.170769,22.605148,182
粤BX3X57,114.170845,22.605139,183
粤BX3X57,114.170822,22.604988,192
粤BX3X57,114.170845,22.605076,192
粤BX3X57,114.170815,22.605047,193
粤BX3X57,114.17083,22.605118,194
粤BX3X57,114.170822,22.605095,195
粤BX3X57,114.170815,22.605124,196
粤BX3X57,114.17083,22.605049,197
粤BX3X57,114.17083,22.605049,198
粤BX3X57,114.170837,22.605099,198
粤BX3X57,114.170807,22.6052,199
粤BX3X57,114.170815,22.605251,200
粤BX3X57,114.17083,22.605202,201
粤BX3X57,114.170815,22.605179,202
粤BX3X57,114.170815,22.605188,203
粤BX3X57,114.170815,22.605188,204
粤BX3X57,114.17083,22.605194,204
粤BX3X57,114.17083,22.605211,205
粤BX3X57,114.170837,22.605211,206
粤BX3X57,114.170731,22.605167,208
粤BX3X57,114.17083,22.605207,208
粤BX3X57,114.170822,22.605143,209
粤BX3X57,114.170807,22.605118,210
粤BX3X57,114.170822,22.605143,210
粤BX3X57,114.170807,22.605129,211
粤BX3X57,114.170776,22.605099,212
粤BX3X57,114.170746,22.605141,213
粤BX3X57,114.170746,22.605167,214
粤BX3X57,114.170738,22.605179,215
粤BX3X57,114.170753,22.605143,216
粤BX3X57,114.170738,22.605179,216
粤BX3X57,114.170738,22.605198,217
粤BX3X57,114.170731,22.605167,218
粤BX3X57,114.170769,22.605167,219
粤BX3X57,114.170769,22.605169,220
粤BX3X57,114.170715,22.605143,221
粤BX3X57,114.170731,22.605133,222
粤BX3X57,114.170715,22.605143,222
粤BX3X57,114.170677,22.605145,223
粤BX3X57,114.170708,22.605127,224
粤BX3X57,114.170753,22.60512,224
粤BX3X57,114.170715,22.605122,225
粤BX3X57,114.170723,22.605137,226
粤BX3X57,114.170715,22.605103,227
粤BX3X57,114.170738,22.605099,228
粤BX3X57,114.170715,22.605103,228
粤BX3X57,114.170715,22.605087,229
粤BX3X57,114.170738,22.605097,230
粤BX3X57,114.170761,22.605118,231
粤BX3X57,114.170738,22.605106,232
粤BX3X57,114.170753,22.60512,233
粤BX3X57,114.170753,22.60512,233
粤BX3X57,114.170731,22.605146,235
粤BX3X57,114.170715,22.605167,236
粤BX3X57,114.17067,22.60512,237
粤BX3X57,114.170738,22.605158,238
粤BX3X57,114.170731,22.605183,239
粤BX3X57,114.170731,22.605183,239
粤BX3X57,114.17086,22.605118,240
粤BX3X57,114.170715,22.605185,240
粤BX3X57,114.170753,22.605247,241
粤BX3X57,114.170769,22.605238,242
粤BX3X57,114.170822,22.605232,243
粤BX3X57,114.17083,22.605225,244
粤BX3X57,114.170784,22.605175,245
粤BX3X57,114.170784,22.605175,245
粤BX3X57,114.170891,22.605162,247
粤BX3X57,114.170868,22.605118,248
粤BX3X57,114.170845,22.605129,249
粤BX3X57,114.17086,22.605118,250
粤BX3X57,114.170837,22.605068,251
粤BX3X57,114.170837,22.605068,251
粤BX3X57,114.17083,22.605095,252
粤BX3X57,114.170792,22.605055,253
粤BX3X57,114.170769,22.605074,254
粤BX3X57,114.170753,22.605122,255
粤BX3X57,114.170731,22.605122,256
粤BX3X57,114.170776,22.605179,256
粤BX3X57,114.170738,22.605125,257
粤BX3X57,114.170738,22.605125,257
粤BX3X57,114.170753,22.605152,258
粤BX3X57,114.170746,22.605116,259
粤BX3X57,114.170753,22.605124,260
粤BX3X57,114.170807,22.605186,262
粤BX3X57,114.170784,22.605185,263
粤BX3X57,114.170784,22.605185,263
粤BX3X57,114.170815,22.605207,264
粤BX3X57,114.170753,22.605164,265
粤BX3X57,114.170776,22.605179,266
粤BX3X57,114.170746,22.60516,267
粤BX3X57,114.170738,22.605158,268
粤BX3X57,114.170746,22.605158,269
粤BX3X57,114.170746,22.605158,269
粤BX3X57,114.170738,22.605139,270
粤BX3X57,114.170807,22.605192,271
粤BX3X57,114.170799,22.605186,271
粤BX3X57,114.170799,22.605207,272
粤BX3X57,114.170715,22.605167,272
粤BX3X57,114.170776,22.605202,273
粤BX3X57,114.170784,22.605228,274
粤BX3X57,114.170784,22.60523,275
粤BX3X57,114.170784,22.60523,275
粤BX3X57,114.170815,22.605238,276
粤BX3X57,114.170822,22.605232,277
粤BX3X57,114.170799,22.605207,278
粤BX3X57,114.170776,22.605186,279
粤BX3X57,114.170784,22.605192,280
粤BX3X57,114.170807,22.605192,281
粤BX3X57,114.170807,22.605192,281
粤BX3X57,114.170799,22.605207,282
粤BX3X57,114.170761,22.605167,283
粤BX3X57,114.170761,22.605162,284
粤BX3X57,114.170761,22.605185,285
粤BX3X57,114.170784,22.605192,286
粤BX3X57,114.170799,22.605198,287
粤BX3X57,114.170799,22.605198,287
粤BX3X57,114.170807,22.605143,289
粤BX3X57,114.170799,22.605135,290
粤BX3X57,114.170784,22.605127,291
粤BX3X57,114.170822,22.605122,292
粤BX3X57,114.170845,22.605135,293
粤BX3X57,114.170845,22.605135,293
粤BX3X57,114.170845,22.605129,294
粤BX3X57,114.170837,22.605112,295
粤BX3X57,114.170876,22.605103,296
粤BX3X57,114.170868,22.605066,297
粤BX3X57,114.170921,22.605097,298
粤BX3X57,114.170891,22.605097,299
粤BX3X57,114.170891,22.605097,299
粤BX3X57,114.170898,22.605131,300
粤BX3X57,114.170898,22.605152,301
粤BX3X57,114.17086,22.605141,302
粤BX3X57,114.170883,22.605152,303
粤BX3X57,114.170807,22.605183,303
粤BX3X57,114.170769,22.605125,305
粤BX3X57,114.170853,22.605228,306
粤BX3X57,114.17083,22.605204,307
粤BX3X57,114.170845,22.605194,308
粤BX3X57,114.170853,22.605181,309
粤BX3X57,114.170868,22.605152,310
粤BX3X57,114.17083,22.605169,311
粤BX3X57,114.17083,22.605169,311
粤BX3X57,114.170784,22.605164,312
粤BX3X57,114.170807,22.605183,313
粤BX3X57,114.170815,22.605179,314
粤BX3X57,114.170731,22.605122,316
粤BX3X57,114.170738,22.605131,317
粤BX3X57,114.170738,22.605131,317
粤BX3X57,114.170753,22.605143,318
粤BX3X57,114.170784,22.605141,319
粤BX3X57,114.170837,22.605135,320
粤BX3X57,114.17083,22.605127,321
粤BX3X57,114.170753,22.605085,322
粤BX3X57,114.170807,22.605152,323
粤BX3X57,114.170807,22.605152,323
粤BX3X57,114.17083,22.605183,324
粤BX3X57,114.170792,22.605167,325
粤BX3X57,114.170761,22.605127,326
粤BX3X57,114.170731,22.605129,327
粤BX3X57,114.170799,22.605135,328
粤BX3X57,114.170807,22.605146,329
粤BX3X57,114.170807,22.605146,329
粤BX3X57,114.170776,22.605167,330
粤BX3X57,114.170822,22.605127,331
粤BX3X57,114.170853,22.605131,332
粤BX3X57,114.170876,22.605158,333
粤BX3X57,114.170876,22.605133,334
粤BX3X57,114.170746,22.604927,334
粤BX3X57,114.170906,22.605156,335
粤BX3X57,114.170906,22.605156,335
粤BX3X57,114.170891,22.605156,336
粤BX3X57,114.170868,22.60512,337
粤BX3X57,114.17086,22.605118,338
粤BX3X57,114.170937,22.605087,339
粤BX3X57,114.170906,22.605047,340
粤BX3X57,114.170906,22.605047,341
粤BX3X57,114.170868,22.605103,341
粤BX3X57,114.170769,22.604986,343
粤BX3X57,114.170746,22.604927,344
粤BX3X57,114.170769,22.604963,345
粤BX3X57,114.170769,22.605034,346
粤BX3X57,114.170746,22.605053,347
粤BX3X57,114.170769,22.605034,347
粤BX3X57,114.170769,22.605087,348
粤BX3X57,114.170753,22.605103,349
粤BX3X57,114.170761,22.605133,350
粤BX3X57,114.170784,22.605116,350
粤BX3X57,114.170761,22.605028,351
粤BX3X57,114.170799,22.605082,352
粤BX3X57,114.170815,22.605103,353
粤BX3X57,114.170799,22.605082,353
粤BX3X57,114.170792,22.605093,354
粤BX3X57,114.170799,22.605139,355
粤BX3X57,114.170807,22.605146,356
粤BX3X57,114.170807,22.605171,357
粤BX3X57,114.170815,22.605257,358
粤BX3X57,114.170815,22.605257,358
粤BX3X57,114.170807,22.605217,359
粤BX3X57,114.170784,22.605116,360
粤BX3X57,114.170792,22.605087,361
粤BX3X57,114.170807,22.605078,362
粤BX3X57,114.170837,22.605038,363
粤BX3X57,114.170837,22.605064,364
粤BX3X57,114.170837,22.605064,364
粤BX3X57,114.170815,22.605066,365
粤BX3X57,114.170853,22.605045,366
粤BX3X57,114.170815,22.605104,366
粤BX3X57,114.17083,22.605055,367
粤BX3X57,114.170799,22.604979,368
粤BX3X57,114.170784,22.605015,370
粤BX3X57,114.170784,22.605015,370
粤BX3X57,114.170776,22.605057,371
粤BX3X57,114.170776,22.605057,372
粤BX3X57,114.170845,22.605133,373
粤BX3X57,114.170845,22.605122,374
粤BX3X57,114.17083,22.605148,375
粤BX3X57,114.170815,22.605104,376
粤BX3X57,114.170815,22.605104,376
粤BX3X57,114.170792,22.605101,377
粤BX3X57,114.170853,22.605124,378
粤BX3X57,114.170822,22.605085,379
粤BX3X57,114.170647,22.604868,380
粤BX3X57,114.170792,22.605093,381
粤BX3X57,114.1707,22.605042,382
粤BX3X57,114.170753,22.605101,382
粤BX3X57,114.170753,22.605101,382
粤BX3X57,114.170853,22.605158,383
粤BX3X57,114.170807,22.605188,384
粤BX3X57,114.170784,22.605206,385
粤BX3X57,114.170853,22.605242,386
粤BX3X57,114.170837,22.60523,387
粤BX3X57,114.170784,22.605165,388
粤BX3X57,114.170784,22.605165,388
粤BX3X57,114.170769,22.605118,389
粤BX3X57,114.170731,22.605062,390
粤BX3X57,114.170784,22.60512,391
粤BX3X57,114.1707,22.605042,392
粤BX3X57,114.170723,22.605061,393
粤BX3X57,114.170845,22.605198,394
粤BX3X57,114.170845,22.605198,394
粤BX3X57,114.170906,22.605206,395
粤BX3X57,114.170753,22.605131,397
粤BX3X57,114.170738,22.605143,398
粤BX3X57,114.170776,22.605141,399
粤BX3X57,114.170853,22.605112,400
粤BX3X57,114.170853,22.605112,400
粤BX3X57,114.17083,22.605127,401
粤BX3X57,114.17083,22.605146,402
粤BX3X57,114.170921,22.605146,403
粤BX3X57,114.170975,22.605146,404
粤BX3X57,114.170937,22.605148,405
粤BX3X57,114.170876,22.605167,406
粤BX3X57,114.170876,22.605167,406
粤BX3X57,114.170876,22.605162,407
粤BX3X57,114.170837,22.605129,408
粤BX3X57,114.170868,22.60512,409
粤BX3X57,114.170845,22.605116,410
粤BX3X57,114.170822,22.605112,411
粤BX3X57,114.170853,22.60511,412
粤BX3X57,114.170853,22.60511,412
粤BX3X57,114.170914,22.60511,413
粤BX3X57,114.170876,22.605091,413
粤BX3X57,114.170967,22.605118,414
粤BX3X57,114.170868,22.605122,415
粤BX3X57,114.170876,22.605112,416
粤BX3X57,114.17099,22.605106,417
粤BX3X57,114.170998,22.605112,418
粤BX3X57,114.170998,22.605112,418
粤BX3X57,114.170982,22.605104,419
粤BX3X57,114.170914,22.605057,420
粤BX3X57,114.170914,22.605103,421
粤BX3X57,114.170876,22.605091,422
粤BX3X57,114.170952,22.605118,424
粤BX3X57,114.170952,22.605118,424
粤BX3X57,114.171059,22.605272,425
粤BX3X57,114.17083,22.605179,426
粤BX3X57,114.170784,22.605139,427
粤BX3X57,114.170898,22.605192,428
粤BX3X57,114.170631,22.60524,429
粤BX3X57,114.17083,22.605211,429
粤BX3X57,114.170822,22.605223,430
粤BX3X57,114.170822,22.605223,430
粤BX3X57,114.170815,22.605158,431
粤BX3X57,114.170883,22.605198,432
粤BX3X57,114.171211,22.605198,433
粤BX3X57,114.170998,22.605181,434
粤BX3X57,114.170914,22.605207,435
粤BX3X57,114.170815,22.605192,436
粤BX3X57,114.170914,22.605207,436
粤BX3X57,114.170746,22.605209,437
粤BX3X57,114.170654,22.605232,438
粤BX3X57,114.170631,22.60524,439
粤BX3X57,114.170547,22.605503,440
粤BX3X57,114.168083,22.605839,441
粤BX3X57,114.168083,22.605839,442
粤BX3X57,114.165459,22.605772,442
粤BX3X57,114.16304,22.605822,443
粤BX3X57,114.157585,22.613461,444
粤BX3X57,114.1614,22.604893,444
粤BX3X57,114.157578,22.613443,445
粤BX3X57,114.159904,22.607767,445
粤BX3X57,114.158539,22.611391,446
粤BX3X57,114.157364,22.614002,447
粤BX3X57,114.157364,22.614002,448
粤BX3X57,114.158958,22.614464,448
粤BX3X57,114.1595,22.613157,449
粤BX3X57,114.159515,22.612295,450
粤BX3X57,114.158508,22.611526,451
粤BX3X57,114.157677,22.613506,452
粤BX3X57,114.157646,22.613453,453
粤BX3X57,114.157585,22.613461,454
粤BX3X57,114.157646,22.613453,454
粤BX3X57,114.157578,22.613443,455
粤BX3X57,114.15757,22.613468,456
粤BX3X57,114.157562,22.61347,457
粤BX3X57,114.15757,22.613457,458
粤BX3X57,114.157585,22.613476,459
粤BX3X57,114.158485,22.611294,460
粤BX3X57,114.157585,22.613476,460
粤BX3X57,114.158607,22.609255,461
粤BX3X57,114.154488,22.608877,462
粤BX3X57,114.150337,22.608843,463
粤BX3X57,114.151276,22.611628,464
粤BX3X57,114.15123,22.614084,465
粤BX3X57,114.15123,22.614084,466
粤BX3X57,114.153122,22.616013,466
粤BX3X57,114.155457,22.616415,467
粤BX3X57,114.156693,22.615549,468
粤BX3X57,114.157082,22.61491,469
粤BX3X57,114.157127,22.614719,470
粤BX3X57,114.157066,22.614712,471
粤BX3X57,114.157066,22.614708,472
粤BX3X57,114.157066,22.614712,472
粤BX3X57,114.157104,22.614733,473
粤BX3X57,114.157822,22.612844,474
粤BX3X57,114.158852,22.610058,475
粤BX3X57,114.159531,22.607979,476
粤BX3X57,114.160202,22.606373,477
粤BX3X57,114.160202,22.606373,477
粤BX3X57,114.160461,22.602201,478
粤BX3X57,114.156395,22.597427,479
粤BX3X57,114.152031,22.59446,480
粤BX3X57,114.15023,22.589462,481
粤BX3X57,114.14563,22.585993,482
粤BX3X57,114.141541,22.583097,483
粤BX3X57,114.141541,22.583097,483
粤BX3X57,114.12059,22.576698,488
粤BX3X57,114.118507,22.5767,489
粤BX3X57,114.118507,22.5767,489
粤BX3X57,114.117752,22.576822,490
粤BX3X57,114.115623,22.577209,491
粤BX3X57,114.117683,22.571012,492
粤BX3X57,114.102036,22.564796,492
粤BX3X57,114.111702,22.566242,493
粤BX3X57,114.109138,22.566578,494
粤BX3X57,114.108185,22.566732,495
粤BX3X57,114.108185,22.566732,495
粤BX3X57,114.107758,22.566708,496
粤BX3X57,114.10775,22.566715,497
粤BX3X57,114.1045,22.565241,498
粤BX3X57,114.102417,22.564817,499
粤BX3X57,114.101532,22.563133,500
粤BX3X57,114.102036,22.564796,500
粤BX3X57,114.102036,22.564796,501
粤BX3X57,114.10157,22.562708,501
粤BX3X57,114.100952,22.56156,502
粤BX3X57,114.099609,22.561399,503
粤BX3X57,114.099617,22.561573,504
粤BX3X57,114.099648,22.561588,505
粤BX3X57,114.099297,22.559025,506
粤BX3X57,114.099304,22.558989,507
粤BX3X57,114.099304,22.558989,507
粤BX3X57,114.100441,22.558422,508
粤BX3X57,114.104012,22.556473,509
粤BX3X57,114.104111,22.555634,510
粤BX3X57,114.104057,22.554182,511
粤BX3X57,114.105736,22.553482,512
粤BX3X57,114.105721,22.55253,513
粤BX3X57,114.105721,22.55253,513
粤BX3X57,114.105667,22.55258,514
粤BX3X57,114.105782,22.552517,514
粤BX3X57,114.105896,22.552845,515
粤BX3X57,114.104309,22.554182,516
粤BX3X57,114.104065,22.557899,517
粤BX3X57,114.104065,22.558334,518
粤BX3X57,114.104042,22.559404,519
粤BX3X57,114.104042,22.559404,519
粤BX3X57,114.102837,22.561586,520
粤BX3X57,114.099564,22.563089,521
粤BX3X57,114.099205,22.568584,522
粤BX3X57,114.099922,22.582012,523
粤BX3X57,114.099091,22.573511,523
粤BX3X57,114.09906,22.573532,524
粤BX3X57,114.099014,22.574932,525
粤BX3X57,114.099014,22.574932,525
粤BX3X57,114.099663,22.578222,526
粤BX3X57,114.099449,22.578438,527
粤BX3X57,114.09935,22.578552,528
粤BX3X57,114.099495,22.57822,529
粤BX3X57,114.091904,22.615725,534
粤BX3X57,114.090477,22.620712,535
粤BX3X57,114.088951,22.629244,536
粤BX3X57,114.086876,22.6339,537
粤BX3X57,114.074059,22.646927,539
粤BX3X57,114.073135,22.645317,547
粤BX3X57,114.073105,22.646116,548
粤BX3X57,114.073898,22.646763,548
粤BX3X57,114.074059,22.646927,549
粤BX3X57,114.074059,22.646927,549
粤BX3X57,114.074554,22.646833,550
粤BX3X57,114.073029,22.646687,551
粤BX3X57,114.073235,22.645277,552
粤BX3X57,114.07338,22.645327,552
粤BX3X57,114.069145,22.644552,553
粤BX3X57,114.06913,22.644585,554
粤BX3X57,114.065697,22.625988,555
粤BX3X57,114.066307,22.644531,555
粤BX3X57,114.066307,22.644531,555
粤BX3X57,114.062729,22.644438,556
粤BX3X57,114.061409,22.644262,557
粤BX3X57,114.061417,22.644278,558
粤BX3X57,114.061066,22.643242,559
粤BX3X57,114.062508,22.638887,561
粤BX3X57,114.062508,22.638887,561
粤BX3X57,114.06459,22.63423,562
粤BX3X57,114.065613,22.630323,563
粤BX3X57,114.065697,22.625988,564
粤BX3X57,114.063324,22.625408,565
粤BX3X57,114.062225,22.622433,566
粤BX3X57,114.062302,22.621412,566
粤BX3X57,114.062439,22.620928,567
粤BX3X57,114.062439,22.620928,567
粤BX3X57,114.062477,22.619478,568
粤BX3X57,114.062531,22.620291,569
粤BX3X57,114.037651,22.59367,570
粤BX3X57,114.06237,22.622225,570
粤BX3X57,114.062378,22.620598,571
粤BX3X57,114.062317,22.620766,572
粤BX3X57,114.062462,22.620214,572
粤BX3X57,114.067154,22.618902,573
粤BX3X57,114.067154,22.618902,573
粤BX3X57,114.07019,22.613144,574
粤BX3X57,114.059738,22.603424,576
粤BX3X57,114.05571,22.594442,577
粤BX3X57,114.047684,22.592367,578
粤BX3X57,114.037651,22.59367,579
粤BX3X57,114.037651,22.59367,579
粤BX3X57,114.01638,22.591587,581
粤BX3X57,114.005074,22.590788,582
粤BX3X57,113.994446,22.588625,583
粤BX3X57,113.98436,22.586294,584
粤BX3X57,113.971848,22.58577,585
粤BX3X57,113.971848,22.58577,585
粤BX3X57,113.964661,22.564972,587
粤BX3X57,113.95578,22.564182,588
粤BX3X57,113.954033,22.566467,589
粤BX3X57,113.952103,22.567743,590
粤BX3X57,113.952232,22.566307,591
粤BX3X57,113.952232,22.566307,591
粤BX3X57,113.952766,22.562544,592
粤BX3X57,113.952667,22.557882,593
粤BX3X57,113.951492,22.557262,594
粤BX3X57,113.950127,22.556578,595
粤BX3X57,113.945915,22.555449,596
粤BX3X57,113.945915,22.555449,597
粤BX3X57,113.939194,22.555443,597
粤BX3X57,113.928757,22.555222,598
粤BX3X57,113.907463,22.550966,600
粤BX3X57,113.893745,22.554497,602
粤BX3X57,113.889435,22.559086,603
粤BX3X57,113.887085,22.561277,604
粤BX3X57,113.887085,22.561293,605
粤BX3X57,113.887039,22.560999,606
粤BX3X57,113.891617,22.556522,607
粤BX3X57,113.890373,22.554295,608
粤BX3X57,113.890297,22.554277,608
粤BX3X57,113.890289,22.554234,609
粤BX3X57,113.890289,22.554234,609
粤BX3X57,113.891121,22.554991,610
粤BX3X57,113.891251,22.554977,611
粤BX3X57,113.893745,22.554497,612
粤BX3X57,113.893845,22.554312,613
粤BX3X57,113.894753,22.554131,614
粤BX3X57,113.897751,22.556488,615
粤BX3X57,113.897751,22.556488,615
粤BX3X57,113.897789,22.556513,616
粤BX3X57,113.921951,22.542923,617
粤BX3X57,113.90078,22.559116,617
粤BX3X57,113.904205,22.556458,618
粤BX3X57,113.904602,22.556028,619
粤BX3X57,113.905762,22.554264,620
粤BX3X57,113.905823,22.554207,620
粤BX3X57,113.90641,22.553473,621
粤BX3X57,113.904205,22.556458,621
粤BX3X57,113.909203,22.548475,622
粤BX3X57,113.909698,22.545252,623
粤BX3X57,113.913811,22.543755,624
粤BX3X57,113.917374,22.543047,625
粤BX3X57,113.922356,22.519527,625
粤BX3X57,113.917686,22.543047,626
粤BX3X57,113.921951,22.542923,627
粤BX3X57,113.921951,22.542923,627
粤BX3X57,113.926697,22.541122,628
粤BX3X57,113.926025,22.533651,629
粤BX3X57,113.924316,22.527159,630
粤BX3X57,113.923576,22.522406,631
粤BX3X57,113.923302,22.521814,632
粤BX3X57,113.922676,22.520412,633
粤BX3X57,113.921959,22.518353,636
粤BX3X57,113.920807,22.51346,637
粤BX3X57,113.919006,22.508652,638
粤BX3X57,113.918556,22.507479,639
粤BX3X57,113.917015,22.503723,640
粤BX3X57,113.911339,22.482735,641
粤BX3X57,113.916435,22.502275,641
粤BX3X57,113.914024,22.497187,642
粤BX3X57,113.912971,22.495882,643
粤BX3X57,113.912971,22.495882,643
粤BX3X57,113.910927,22.492348,644
粤BX3X57,113.909485,22.489388,645
粤BX3X57,113.908134,22.486429,646
粤BX3X57,113.908104,22.486149,647
粤BX3X57,113.908745,22.485897,648
粤BX3X57,113.908752,22.485935,648
粤BX3X57,113.908134,22.484432,649
粤BX3X57,113.908134,22.484432,649
粤BX3X57,113.908272,22.481916,650
粤BX3X57,113.911339,22.482735,651
粤BX3X57,113.911049,22.483038,652
粤BX3X57,113.910812,22.483467,653
粤BX3X57,113.911476,22.484303,654
粤BX3X57,113.909805,22.485422,655
粤BX3X57,113.909805,22.485422,655
粤BX3X57,113.909653,22.487053,656
粤BX3X57,113.909958,22.487829,657
粤BX3X57,113.909988,22.487652,657
粤BX3X57,113.919884,22.497103,657
粤BX3X57,113.911758,22.490677,658
粤BX3X57,113.915352,22.49159,659
粤BX3X57,113.915787,22.492678,660
粤BX3X57,113.915802,22.494028,661
粤BX3X57,113.915802,22.494028,661
粤BX3X57,113.917976,22.497522,662
粤BX3X57,113.917,22.498489,663
粤BX3X57,113.919647,22.496777,664
粤BX3X57,113.919975,22.500351,665
粤BX3X57,113.919907,22.500326,666
粤BX3X57,113.919884,22.497103,667
粤BX3X57,113.919884,22.497103,667
粤BX3X57,113.921974,22.497931,668
粤BX3X57,113.921593,22.497864,668
粤BX3X57,113.92205,22.497816,669
粤BX3X57,113.924271,22.497707,670
粤BX3X57,113.925293,22.496473,671
粤BX3X57,113.924957,22.494314,672
粤BX3X57,113.9076,22.485521,673
粤BX3X57,113.92305,22.493605,673
粤BX3X57,113.92305,22.493605,673
粤BX3X57,113.920387,22.493324,674
粤BX3X57,113.918747,22.493162,675
粤BX3X57,113.916084,22.493031,676
粤BX3X57,113.915497,22.491594,677
粤BX3X57,113.915451,22.49161,678
粤BX3X57,113.914436,22.491011,679
粤BX3X57,113.914436,22.491011,679
粤BX3X57,113.914223,22.489548,680
粤BX3X57,113.911186,22.487974,681
粤BX3X57,113.909172,22.48624,682
粤BX3X57,113.9076,22.485521,683
粤BX3X57,113.90715,22.482344,684
粤BX3X57,113.906654,22.479662,685
粤BX3X57,113.906654,22.479662,685
粤BX3X57,113.902962,22.476946,686
粤BX3X57,113.904335,22.47447,687
粤BX3X57,113.908241,22.474133,720
粤BX3X57,113.941185,22.490116,720
粤BX3X57,113.906105,22.478502,721
粤BX3X57,113.908241,22.474133,721
粤BX3X57,113.907349,22.481817,722
粤BX3X57,113.914619,22.486862,724
粤BX3X57,113.918846,22.488583,725
粤BX3X57,113.924706,22.486822,726
粤BX3X57,113.924706,22.486822,727
粤BX3X57,113.929459,22.485121,727
粤BX3X57,113.934319,22.485369,728
粤BX3X57,113.936592,22.487259,729
粤BX3X57,113.941185,22.490116,730
粤BX3X57,113.947006,22.492445,731
粤BX3X57,113.946854,22.502047,732
粤BX3X57,113.947006,22.492445,733
粤BX3X57,113.946594,22.508493,733
粤BX3X57,113.948509,22.518307,734
粤BX3X57,113.952072,22.523417,735
粤BX3X57,114.063828,22.531668,736
粤BX3X57,113.963699,22.522669,736
粤BX3X57,113.976372,22.522692,737
粤BX3X57,113.98822,22.524355,738
粤BX3X57,113.997963,22.529367,739
粤BX3X57,113.98822,22.524355,739
粤BX3X57,114.009132,22.529648,740
粤BX3X57,114.019791,22.531969,741
粤BX3X57,114.031181,22.530132,742
粤BX3X57,114.043167,22.531202,743
粤BX3X57,114.05407,22.531523,744
粤BX3X57,114.05407,22.531523,745
粤BX3X57,114.063828,22.531668,745
粤BX3X57,114.074173,22.531775,746
粤BX3X57,114.080452,22.536526,747
粤BX3X57,114.081772,22.539795,748
粤BX3X57,114.081734,22.541218,749
粤BX3X57,114.063957,22.53195,751
粤BX3X57,114.081856,22.542999,751
粤BX3X57,114.0868,22.543425,751
粤BX3X57,114.086288,22.543194,752
粤BX3X57,114.086365,22.543171,752
粤BX3X57,114.086143,22.543238,753
粤BX3X57,114.082695,22.543083,754
粤BX3X57,114.078613,22.543095,755
粤BX3X57,114.076866,22.543173,756
粤BX3X57,114.073967,22.543119,757
粤BX3X57,114.076866,22.543173,757
粤BX3X57,114.067894,22.543861,758
粤BX3X57,114.068047,22.536156,759
粤BX3X57,114.063957,22.53195,760
粤BX3X57,114.053604,22.531693,761
粤BX3X57,114.048035,22.532354,762
粤BX3X57,114.048035,22.532354,762
粤BX3X57,114.047989,22.532366,762
粤BX3X57,114.048027,22.53236,763
粤BX3X57,114.048058,22.532303,764
粤BX3X57,114.047913,22.532343,765
粤BX3X57,114.047997,22.53236,766
粤BX3X57,114.047836,22.532379,767
粤BX3X57,114.048111,22.53231,767
粤BX3X57,114.048073,22.532379,768
粤BX3X57,114.048073,22.532379,768
粤BX3X57,114.048103,22.5324,769
粤BX3X57,114.048096,22.532404,770
粤BX3X57,114.048027,22.532383,771
粤BX3X57,114.047882,22.532352,772
粤BX3X57,114.047935,22.532368,773
粤BX3X57,114.047935,22.532377,774
粤BX3X57,114.047935,22.532377,774
粤BX3X57,114.047997,22.532381,775
粤BX3X57,114.047836,22.532379,776
粤BX3X57,114.047798,22.532389,778
粤BX3X57,114.047783,22.53241,779
粤BX3X57,114.047737,22.532408,780
粤BX3X57,114.047737,22.532408,780
粤BX3X57,114.047707,22.532455,781
粤BX3X57,114.047867,22.532442,782
粤BX3X57,114.047829,22.532534,783
粤BX3X57,114.047859,22.533178,783
粤BX3X57,114.047836,22.532534,784
粤BX3X57,114.047897,22.532473,785
粤BX3X57,114.047882,22.532455,786
粤BX3X57,114.047882,22.532455,786
粤BX3X57,114.047859,22.532454,787
粤BX3X57,114.047852,22.532433,788
粤BX3X57,114.047821,22.532408,789
粤BX3X57,114.047783,22.53244,790
粤BX3X57,114.047844,22.532393,791
粤BX3X57,114.047859,22.533178,792
粤BX3X57,114.047859,22.533178,792
粤BX3X57,114.047958,22.536455,793
粤BX3X57,114.047943,22.538683,794
粤BX3X57,114.047691,22.539345,795
粤BX3X57,114.047668,22.539495,796
粤BX3X57,114.047668,22.539495,796
粤BX3X57,114.047676,22.53931,797
粤BX3X57,114.047363,22.539236,798
粤BX3X57,114.047363,22.539236,798
粤BX3X57,114.047981,22.540323,798
粤BX3X57,114.04744,22.53941,799
粤BX3X57,114.047485,22.539391,799
粤BX3X57,114.047531,22.539568,800
粤BX3X57,114.047585,22.539768,801
粤BX3X57,114.047569,22.539734,802
粤BX3X57,114.047241,22.539303,803
粤BX3X57,114.047394,22.539339,804
粤BX3X57,114.047394,22.539339,804
粤BX3X57,114.048073,22.539972,805
粤BX3X57,114.048141,22.540121,806
粤BX3X57,114.048027,22.540159,807
粤BX3X57,114.047981,22.540323,808
粤BX3X57,114.047974,22.54034,809
粤BX3X57,114.047981,22.540293,810
粤BX3X57,114.047928,22.540382,810
粤BX3X57,114.047928,22.540382,810
粤BX3X57,114.046959,22.539961,811
粤BX3X57,114.044289,22.546432,812
粤BX3X57,114.044441,22.550121,813
粤BX3X57,114.044472,22.55023,814
粤BX3X57,114.027046,22.561859,814
粤BX3X57,114.043953,22.556572,815
粤BX3X57,114.043983,22.556559,816
粤BX3X57,114.043983,22.556559,816
粤BX3X57,114.042381,22.559345,817
粤BX3X57,114.039032,22.565683,818
粤BX3X57,114.035515,22.567595,819
粤BX3X57,114.035187,22.567907,820
粤BX3X57,114.032814,22.564102,822
粤BX3X57,114.032951,22.56398,822
粤BX3X57,114.032951,22.56398,822
粤BX3X57,114.032059,22.562532,823
粤BX3X57,114.027046,22.561859,824
粤BX3X57,114.027954,22.563118,825
粤BX3X57,114.028496,22.563215,825
粤BX3X57,114.032684,22.564432,826
粤BX3X57,114.033089,22.566427,827
粤BX3X57,114.035141,22.568193,828
粤BX3X57,114.035141,22.568193,828
粤BX3X57,114.035133,22.568182,828
粤BX3X57,114.035126,22.567917,829
粤BX3X57,114.034302,22.56926,830
粤BX3X57,114.033585,22.569967,831
粤BX3X57,114.033997,22.567335,832
粤BX3X57,114.031654,22.567173,833
粤BX3X57,114.02964,22.565966,834
粤BX3X57,114.02964,22.565966,835
粤BX3X57,114.02961,22.565853,835
粤BX3X57,114.029503,22.565836,836
粤BX3X57,114.029541,22.565908,837
粤BX3X57,114.029533,22.565908,837
粤BX3X57,114.029541,22.56591,837
粤BX3X57,114.021057,22.544992,844
粤BX3X57,114.016754,22.545973,845
粤BX3X57,114.016762,22.545958,845
粤BX3X57,114.016731,22.545992,846
粤BX3X57,114.016731,22.545992,846
粤BX3X57,114.008484,22.547878,846
粤BX3X57,114.01445,22.549278,847
粤BX3X57,114.009903,22.548067,848
粤BX3X57,114.008942,22.547594,849
粤BX3X57,114.008942,22.547583,850
粤BX3X57,114.008926,22.547577,851
粤BX3X57,114.008804,22.547613,852
粤BX3X57,114.008804,22.547613,852
粤BX3X57,114.008682,22.547684,853
粤BX3X57,114.008522,22.547728,854
粤BX3X57,114.008484,22.547871,855
粤BX3X57,114.008484,22.547878,855
粤BX3X57,114.008492,22.547913,856
粤BX3X57,114.008514,22.547922,857
粤BX3X57,114.008247,22.54801,858
粤BX3X57,114.008247,22.54801,858
粤BX3X57,114.008171,22.547953,859
粤BX3X57,114.008209,22.547928,860
粤BX3X57,114.008118,22.547947,861
粤BX3X57,114.025444,22.531668,861
粤BX3X57,114.008133,22.547955,862
粤BX3X57,114.008133,22.547979,862
粤BX3X57,114.008949,22.548048,863
粤BX3X57,114.009064,22.547932,864
粤BX3X57,114.009064,22.547932,864
粤BX3X57,114.012131,22.543173,866
粤BX3X57,114.016571,22.54401,867
粤BX3X57,114.016861,22.544067,868
粤BX3X57,114.02095,22.544584,869
粤BX3X57,114.023262,22.539656,870
粤BX3X57,114.023262,22.539656,870
粤BX3X57,114.025444,22.531668,871
粤BX3X57,114.031944,22.526436,872
粤BX3X57,114.03334,22.525768,873
粤BX3X57,114.037117,22.523722,874
粤BX3X57,114.037872,22.523268,875
粤BX3X57,114.041527,22.521181,876
粤BX3X57,114.041527,22.521181,876
粤BX3X57,114.050972,22.517956,877
粤BX3X57,114.041527,22.521154,877
粤BX3X57,114.047379,22.518618,878
粤BX3X57,114.04892,22.517029,879
粤BX3X57,114.049713,22.516783,879
粤BX3X57,114.048874,22.517075,881
粤BX3X57,114.047165,22.517082,882
粤BX3X57,114.047165,22.517082,882
粤BX3X57,114.049553,22.517115,883
粤BX3X57,114.050545,22.514521,884
粤BX3X57,114.052094,22.514427,885
粤BX3X57,114.052177,22.514442,885
粤BX3X57,114.050911,22.515678,886
粤BX3X57,114.050972,22.517956,887
粤BX3X57,114.051109,22.519855,888
粤BX3X57,114.051109,22.519855,888
粤BX3X57,114.051521,22.525459,889
粤BX3X57,114.050041,22.525827,890
粤BX3X57,114.046043,22.525698,891
粤BX3X57,114.044846,22.529716,892
粤BX3X57,114.044556,22.539143,893
粤BX3X57,114.046028,22.541719,894
粤BX3X57,114.046028,22.541719,894
粤BX3X57,114.047668,22.540882,895
粤BX3X57,114.047607,22.541174,895
粤BX3X57,114.047745,22.540854,896
粤BX3X57,114.047943,22.539698,897
粤BX3X57,114.047897,22.539495,898
粤BX3X57,114.047417,22.538853,899
粤BX3X57,114.047295,22.53891,900
粤BX3X57,114.047272,22.538794,908
粤BX3X57,114.047478,22.538975,909
粤BX3X57,114.047318,22.538776,911
粤BX3X57,114.047318,22.538776,912
粤BX3X57,114.047379,22.538916,912
粤BX3X57,114.047279,22.538853,913
粤BX3X57,114.047348,22.538877,914
粤BX3X57,114.04731,22.538765,915
粤BX3X57,114.047241,22.538832,916
粤BX3X57,114.047241,22.538797,917
粤BX3X57,114.047272,22.538794,918
粤BX3X57,114.047241,22.538797,918
粤BX3X57,114.047478,22.538975,919
粤BX3X57,114.04689,22.53862,920
粤BX3X57,114.046822,22.53863,920
粤BX3X57,114.047539,22.537477,921
粤BX3X57,114.047844,22.537527,922
粤BX3X57,114.049309,22.536591,923
粤BX3X57,114.050156,22.533625,924
粤BX3X57,114.06237,22.518812,924
粤BX3X57,114.050156,22.533625,924
粤BX3X57,114.051361,22.527189,925
粤BX3X57,114.051331,22.524261,926
粤BX3X57,114.050819,22.518614,927
粤BX3X57,114.050873,22.518606,928
粤BX3X57,114.050789,22.514465,929
粤BX3X57,114.059799,22.516588,931
粤BX3X57,114.06237,22.518806,932
粤BX3X57,114.062378,22.518806,932
粤BX3X57,114.06237,22.518812,933
粤BX3X57,114.061996,22.518694,935
粤BX3X57,114.062073,22.518787,936
粤BX3X57,114.061996,22.518694,936
粤BX3X57,114.062164,22.518896,937
粤BX3X57,114.062225,22.518957,938
粤BX3X57,114.062225,22.51897,938
粤BX3X57,114.061737,22.519451,939
粤BX3X57,114.099213,22.53797,940
粤BX3X57,114.059319,22.518255,940
粤BX3X57,114.058998,22.519903,941
粤BX3X57,114.058998,22.519903,942
粤BX3X57,114.064186,22.531483,944
粤BX3X57,114.073517,22.53182,945
粤BX3X57,114.079124,22.532948,946
粤BX3X57,114.085022,22.537403,947
粤BX3X57,114.092354,22.537828,948
粤BX3X57,114.085022,22.537403,948
粤BX3X57,114.099213,22.53797,949
粤BX3X57,114.106682,22.540264,952
粤BX3X57,114.106682,22.540264,954
粤BX3X57,114.107254,22.541418,954
粤BX3X57,114.108704,22.541809,955
粤BX3X57,114.118568,22.568295,956
粤BX3X57,114.108871,22.542118,956
粤BX3X57,114.110466,22.542065,957
粤BX3X57,114.111137,22.542397,958
粤BX3X57,114.110466,22.546289,959
粤BX3X57,114.110466,22.546289,960
粤BX3X57,114.110352,22.547977,960
粤BX3X57,114.118866,22.562445,965
粤BX3X57,114.118568,22.568295,966
粤BX3X57,114.120651,22.568796,966
粤BX3X57,114.118866,22.562445,966
粤BX3X57,114.120636,22.568768,967
粤BX3X57,114.121658,22.568365,968
粤BX3X57,114.124016,22.567415,970
粤BX3X57,114.124023,22.567476,971
粤BX3X57,114.118095,22.551647,971
粤BX3X57,114.124031,22.567486,972
粤BX3X57,114.124023,22.567476,972
粤BX3X57,114.117378,22.551434,972
粤BX3X57,114.124039,22.56749,973
粤BX3X57,114.123978,22.567476,974
粤BX3X57,114.125046,22.565598,975
粤BX3X57,114.124718,22.564281,976
粤BX3X57,114.124947,22.560171,977
粤BX3X57,114.123878,22.558559,978
粤BX3X57,114.123901,22.558582,978
粤BX3X57,114.123878,22.558559,978
粤BX3X57,114.119125,22.554417,979
粤BX3X57,114.117371,22.551603,980
粤BX3X57,114.117996,22.551699,981
粤BX3X57,114.118095,22.551647,981
粤BX3X57,114.117043,22.551058,982
粤BX3X57,114.117378,22.551434,982
粤BX3X57,114.116447,22.549738,983
粤BX3X57,114.116447,22.549738,984
粤BX3X57,114.117065,22.547232,984
粤BX3X57,114.118317,22.543312,985
粤BX3X57,114.120872,22.541487,986
粤BX3X57,114.120781,22.539179,987
粤BX3X57,114.111778,22.538008,987
粤BX3X57,114.117882,22.537107,988
粤BX3X57,114.113937,22.53437,989
粤BX3X57,114.113937,22.53437,990
粤BX3X57,114.113991,22.534405,990
粤BX3X57,114.112885,22.537025,991
粤BX3X57,114.117279,22.536636,993
粤BX3X57,114.119041,22.539808,994
粤BX3X57,114.111778,22.538008,995
粤BX3X57,114.111778,22.538008,996
粤BX3X57,114.086502,22.537437,998
粤BX3X57,114.08242,22.537445,999
粤BX3X57,114.08062,22.536945,1000
粤BX3X57,114.078247,22.533691,1001
粤BX3X57,114.078247,22.533691,1002
粤BX3X57,114.044395,22.548958,1003
粤BX3X57,114.066261,22.531782,1003
粤BX3X57,114.042587,22.531351,1006
粤BX3X57,114.040581,22.532944,1007
粤BX3X57,114.040573,22.532812,1008
粤BX3X57,114.04068,22.532448,1008
粤BX3X57,114.041306,22.53343,1008
粤BX3X57,114.04203,22.533833,1009
粤BX3X57,114.043976,22.532965,1010
粤BX3X57,114.044586,22.536072,1011
粤BX3X57,114.044388,22.545389,1012
粤BX3X57,114.044395,22.548958,1013
粤BX3X57,114.044395,22.548958,1014
粤BX3X57,114.044411,22.549147,1014
粤BX3X57,114.044327,22.55094,1015
粤BX3X57,114.044052,22.556101,1016
粤BX3X57,114.044098,22.556107,1017
粤BX3X57,114.04377,22.55681,1018
粤BX3X57,114.044106,22.551165,1019
粤BX3X57,114.040504,22.556515,1019
粤BX3X57,114.039192,22.558508,1020
粤BX3X57,114.039124,22.558508,1020
粤BX3X57,114.040504,22.556515,1020
粤BX3X57,114.044098,22.550713,1030
粤BX3X57,114.044312,22.542372,1031
粤BX3X57,114.044312,22.542372,1032
粤BX3X57,114.044456,22.532848,1032
粤BX3X57,114.044716,22.529348,1033
粤BX3X57,114.044922,22.527782,1034
粤BX3X57,114.042564,22.527332,1034
粤BX3X57,114.0438,22.524818,1035
粤BX3X57,114.0438,22.524815,1035
粤BX3X57,114.043724,22.524792,1036
粤BX3X57,114.043739,22.524809,1037
粤BX3X57,114.043747,22.524815,1038
粤BX3X57,114.043739,22.524809,1038
粤BX3X57,114.043739,22.524805,1039
粤BX3X57,114.043007,22.523371,1040
粤BX3X57,114.041672,22.52334,1041
粤BX3X57,114.041481,22.525351,1042
粤BX3X57,114.0411,22.526665,1043
粤BX3X57,114.042564,22.527332,1044
粤BX3X57,114.0411,22.526665,1044
粤BX3X57,114.042717,22.527369,1045
粤BX3X57,114.042778,22.527399,1046
粤BX3X57,114.04274,22.527357,1046
粤BX3X57,114.043793,22.527666,1047
粤BX3X57,114.044884,22.526783,1048
粤BX3X57,114.044899,22.526756,1049
粤BX3X57,114.044884,22.526783,1050
粤BX3X57,114.105583,22.538208,1050
粤BX3X57,114.045662,22.53056,1050
粤BX3X57,114.053726,22.5315,1051
粤BX3X57,114.064621,22.531668,1052
粤BX3X57,114.074837,22.531801,1053
粤BX3X57,114.080566,22.53669,1054
粤BX3X57,114.088593,22.537451,1055
粤BX3X57,114.097328,22.538008,1056
粤BX3X57,114.080566,22.53669,1056
粤BX3X57,114.099388,22.537933,1057
粤BX3X57,114.100525,22.537832,1058
粤BX3X57,114.105583,22.538208,1060
粤BX3X57,114.105583,22.538208,1062
粤BX3X57,114.10675,22.541193,1062
粤BX3X57,114.106468,22.543264,1063
粤BX3X57,114.106255,22.544752,1064
粤BX3X57,114.105217,22.550726,1066
粤BX3X57,114.106857,22.546127,1066
粤BX3X57,114.105164,22.551342,1066
粤BX3X57,114.105278,22.551231,1067
粤BX3X57,114.105278,22.551231,1068
粤BX3X57,114.105659,22.552353,1069
粤BX3X57,114.105621,22.552416,1070
粤BX3X57,114.106308,22.551655,1071
粤BX3X57,114.107597,22.548738,1072
粤BX3X57,114.107597,22.548738,1074
粤BX3X57,114.106857,22.546177,1074
粤BX3X57,114.106857,22.546127,1075
粤BX3X57,114.106483,22.542692,1077
粤BX3X57,114.106636,22.541901,1078
粤BX3X57,114.106834,22.541887,1079
粤BX3X57,114.106445,22.539215,1080
粤BX3X57,114.106834,22.541887,1080
粤BX3X57,114.021622,22.532104,1082
粤BX3X57,114.089783,22.537815,1083
粤BX3X57,114.081299,22.537144,1084
粤BX3X57,114.078568,22.534376,1085
粤BX3X57,114.075745,22.531908,1086
粤BX3X57,114.078568,22.534376,1086
粤BX3X57,114.06649,22.531769,1087
粤BX3X57,114.056763,22.531595,1088
粤BX3X57,114.048569,22.531481,1089
粤BX3X57,114.039635,22.530888,1090
粤BX3X57,114.029594,22.530413,1091
粤BX3X57,114.021622,22.532104,1092
粤BX3X57,114.039635,22.530888,1092
粤BX3X57,114.009567,22.529795,1094
粤BX3X57,113.999611,22.530022,1095
粤BX3X57,113.992973,22.527178,1096
粤BX3X57,113.98838,22.524927,1097
粤BX3X57,113.988388,22.524933,1097
粤BX3X57,113.98838,22.524927,1098
粤BX3X57,113.988091,22.524782,1098
粤BX3X57,113.984947,22.52384,1099
粤BX3X57,113.980347,22.523291,1100
粤BX3X57,113.977776,22.526608,1101
粤BX3X57,113.982773,22.528963,1102
粤BX3X57,113.982086,22.528879,1102
粤BX3X57,113.982811,22.528957,1103
粤BX3X57,113.982811,22.528957,1104
粤BX3X57,113.985893,22.529531,1104
粤BX3X57,113.987129,22.529737,1105
粤BX3X57,113.987228,22.529764,1106
粤BX3X57,113.987183,22.529774,1107
粤BX3X57,113.98716,22.52976,1108
粤BX3X57,113.987167,22.52976,1109
粤BX3X57,113.987167,22.52976,1110
粤BX3X57,113.987167,22.529755,1110
粤BX3X57,113.987206,22.529778,1111
粤BX3X57,113.987198,22.529778,1112
粤BX3X57,113.949867,22.53002,1113
粤BX3X57,113.987267,22.529779,1113
粤BX3X57,113.987206,22.529778,1113
粤BX3X57,113.987671,22.528221,1114
粤BX3X57,113.988106,22.524757,1115
粤BX3X57,113.982986,22.523415,1116
粤BX3X57,113.988106,22.524757,1116
粤BX3X57,113.97715,22.523167,1117
粤BX3X57,113.969795,22.523125,1118
粤BX3X57,113.962555,22.523111,1119
粤BX3X57,113.94957,22.526917,1121
粤BX3X57,113.94957,22.526917,1122
粤BX3X57,113.94986,22.529747,1122
粤BX3X57,113.949867,22.53002,1123
粤BX3X57,113.947533,22.528791,1124
粤BX3X57,113.947548,22.528812,1124
粤BX3X57,113.947624,22.52779,1125
粤BX3X57,113.944473,22.527409,1126
粤BX3X57,113.942787,22.52738,1127
粤BX3X57,113.940887,22.529749,1128
粤BX3X57,113.942787,22.52738,1128
粤BX3X57,113.940903,22.529737,1129
粤BX3X57,113.939201,22.529804,1130
粤BX3X57,113.937233,22.528097,1131
粤BX3X57,113.936424,22.527985,1132
粤BX3X57,113.935959,22.527884,1133
粤BX3X57,113.935867,22.527857,1134
粤BX3X57,113.935959,22.527884,1134
粤BX3X57,113.935577,22.527987,1135
粤BX3X57,113.935493,22.528011,1136
粤BX3X57,113.934532,22.528601,1137
粤BX3X57,113.9347,22.528048,1137
粤BX3X57,113.950127,22.531668,1145
粤BX3X57,113.950127,22.531668,1145
粤BX3X57,113.957932,22.55621,1145
粤BX3X57,113.962502,22.556803,1145
粤BX3X57,113.951492,22.53706,1146
粤BX3X57,113.95433,22.5425,1147
粤BX3X57,113.954689,22.549612,1148
粤BX3X57,113.953468,22.552547,1149
粤BX3X57,113.9533,22.553642,1150
粤BX3X57,113.953255,22.55438,1151
粤BX3X57,113.953255,22.55438,1151
粤BX3X57,113.953438,22.555077,1152
粤BX3X57,113.95488,22.555676,1153
粤BX3X57,113.957932,22.55621,1154
粤BX3X57,113.962502,22.556803,1155
粤BX3X57,113.970367,22.557272,1156
粤BX3X57,113.974342,22.556505,1157
粤BX3X57,113.974342,22.556505,1157
粤BX3X57,113.979485,22.55752,1158
粤BX3X57,113.988914,22.558865,1159
粤BX3X57,113.996712,22.555853,1160
粤BX3X57,113.999969,22.555738,1161
粤BX3X57,114.003365,22.555908,1162
粤BX3X57,114.007019,22.557306,1163
粤BX3X57,114.007019,22.557306,1163
粤BX3X57,114.015602,22.560125,1164
粤BX3X57,114.027054,22.56123,1165
粤BX3X57,114.038338,22.563143,1166
粤BX3X57,114.049461,22.564959,1167
粤BX3X57,114.058731,22.566566,1168
粤BX3X57,114.067101,22.568817,1169
粤BX3X57,114.067101,22.568817,1169
粤BX3X57,114.075073,22.571342,1170
粤BX3X57,114.083305,22.572954,1172
粤BX3X57,114.083237,22.573208,1173
粤BX3X57,114.078384,22.573097,1174
粤BX3X57,114.075279,22.573914,1175
粤BX3X57,114.075279,22.573914,1175
粤BX3X57,114.074348,22.576487,1176
粤BX3X57,114.074883,22.584932,1176
粤BX3X57,114.07412,22.575809,1176
粤BX3X57,114.074364,22.576553,1177
粤BX3X57,114.07428,22.576595,1178
粤BX3X57,114.074249,22.575697,1179
粤BX3X57,114.075989,22.573299,1180
粤BX3X57,114.079582,22.573877,1181
粤BX3X57,114.083511,22.574127,1182
粤BX3X57,114.079376,22.577028,1183
粤BX3X57,114.077576,22.580132,1184
粤BX3X57,114.077583,22.583364,1185
粤BX3X57,114.074883,22.584932,1186
粤BX3X57,114.072525,22.583864,1187
粤BX3X57,114.072556,22.583918,1187
粤BX3X57,114.072556,22.583918,1187
粤BX3X57,114.074173,22.58378,1188
粤BX3X57,114.078568,22.582907,1189
粤BX3X57,114.080902,22.577002,1190
粤BX3X57,114.083344,22.573526,1191
粤BX3X57,114.079384,22.572968,1192
粤BX3X57,114.072632,22.570087,1193
粤BX3X57,114.072632,22.570087,1193
粤BX3X57,114.061882,22.568182,1194
粤BX3X57,114.051407,22.564939,1195
粤BX3X57,114.041206,22.563751,1196
粤BX3X57,114.03093,22.561949,1197
粤BX3X57,114.020515,22.560183,1198
粤BX3X57,114.010422,22.55884,1199
粤BX3X57,114.010422,22.55884,1199
粤BX3X57,114.000893,22.555887,1200
粤BX3X57,113.991081,22.558336,1201
粤BX3X57,113.980782,22.557926,1202
粤BX3X57,113.970901,22.557278,1203
粤BX3X57,113.964653,22.557365,1204
粤BX3X57,113.962875,22.556965,1205
粤BX3X57,113.962875,22.556965,1205
粤BX3X57,113.960831,22.556675,1206
粤BX3X57,113.956566,22.556496,1207
粤BX3X57,113.892944,22.598417,1208
粤BX3X57,114.034363,22.571796,1208
粤BX3X57,113.934921,22.555502,1209
粤BX3X57,113.929115,22.558813,1210
粤BX3X57,113.934921,22.555502,1211
粤BX3X57,113.929153,22.563587,1211
粤BX3X57,113.930885,22.566406,1212
粤BX3X57,113.926277,22.566927,1213
粤BX3X57,113.922287,22.569624,1214
粤BX3X57,113.912224,22.579453,1216
粤BX3X57,113.903328,22.589054,1217
粤BX3X57,113.912224,22.579453,1217
粤BX3X57,113.892944,22.598417,1218
粤BX3X57,113.882324,22.607683,1219
粤BX3X57,113.874008,22.617983,1220
粤BX3X57,113.860725,22.624161,1221
粤BX3X57,113.84848,22.629967,1222
粤BX3X57,113.84848,22.629967,1223
粤BX3X57,113.838638,22.640488,1223
粤BX3X57,113.850685,22.715858,1223
粤BX3X57,113.831146,22.6516,1224
粤BX3X57,113.828529,22.661259,1225
粤BX3X57,113.829865,22.675123,1226
粤BX3X57,113.835678,22.687298,1227
粤BX3X57,113.842438,22.699223,1228
粤BX3X57,113.842438,22.699223,1229
粤BX3X57,113.846924,22.710192,1229
粤BX3X57,113.848564,22.711227,1230
粤BX3X57,113.849937,22.712957,1231
粤BX3X57,113.850243,22.714373,1232
粤BX3X57,113.850685,22.715858,1233
粤BX3X57,113.851349,22.717848,1234
粤BX3X57,113.851326,22.720173,1235
粤BX3X57,113.851349,22.717848,1235
粤BX3X57,113.851334,22.720213,1236
粤BX3X57,113.85025,22.723343,1237
粤BX3X57,113.848404,22.724773,1238
粤BX3X57,113.845787,22.726028,1239
粤BX3X57,113.840286,22.738262,1239
粤BX3X57,113.844933,22.726427,1240
粤BX3X57,113.844673,22.729094,1241
粤BX3X57,113.844933,22.726427,1241
粤BX3X57,113.847893,22.734329,1243
粤BX3X57,113.847771,22.734324,1243
粤BX3X57,113.847862,22.734297,1244
粤BX3X57,113.848557,22.734592,1245
粤BX3X57,113.84816,22.738794,1246
粤BX3X57,113.846939,22.739359,1247
粤BX3X57,113.84816,22.738794,1247
粤BX3X57,113.84272,22.736486,1248
粤BX3X57,113.840286,22.738262,1249
粤BX3X57,113.838371,22.732841,1250
粤BX3X57,113.833252,22.720102,1252
粤BX3X57,113.833252,22.720102,1252
粤BX3X57,113.82959,22.713072,1253
粤BX3X57,113.827568,22.703772,1254
粤BX3X57,113.844246,22.622143,1255
粤BX3X57,113.82785,22.695536,1255
粤BX3X57,113.84256,22.630955,1255
粤BX3X57,113.825882,22.687258,1256
粤BX3X57,113.823555,22.677862,1257
粤BX3X57,113.823616,22.66898,1258
粤BX3X57,113.823555,22.677862,1258
粤BX3X57,113.822502,22.660278,1259
粤BX3X57,113.824104,22.652016,1260
粤BX3X57,113.830833,22.643806,1261
粤BX3X57,113.84256,22.630955,1263
粤BX3X57,113.84539,22.625698,1264
粤BX3X57,113.84256,22.630955,1264
粤BX3X57,113.844246,22.622143,1265
粤BX3X57,113.834129,22.619202,1266
粤BX3X57,113.824005,22.614567,1267
粤BX3X57,113.816444,22.613808,1268
粤BX3X57,113.81218,22.621944,1270
粤BX3X57,113.813622,22.623554,1270
粤BX3X57,113.813591,22.623562,1275
粤BX3X57,113.813591,22.623562,1276
粤BX3X57,113.813591,22.623569,1276
粤BX3X57,113.813599,22.623575,1277
粤BX3X57,113.813614,22.62356,1278
粤BX3X57,113.813629,22.623549,1279
粤BX3X57,113.813622,22.623554,1280
粤BX3X57,113.813606,22.623577,1281
粤BX3X57,113.813614,22.623604,1282
粤BX3X57,113.813614,22.623604,1282
粤BX3X57,113.813606,22.6236,1283
粤BX3X57,113.813614,22.623608,1284
粤BX3X57,113.813591,22.623594,1285
粤BX3X57,113.813644,22.623606,1286
粤BX3X57,113.813629,22.623594,1286
粤BX3X57,113.813576,22.623589,1286
粤BX3X57,113.81356,22.623571,1287
粤BX3X57,113.81356,22.623571,1288
粤BX3X57,113.813614,22.623608,1293
粤BX3X57,113.813629,22.6236,1294
粤BX3X57,113.813629,22.6236,1294
粤BX3X57,113.813644,22.623606,1295
粤BX3X57,113.813629,22.623594,1296
粤BX3X57,113.813637,22.623577,1297
粤BX3X57,113.813622,22.623583,1298
粤BX3X57,113.813622,22.623583,1299
粤BX3X57,113.81369,22.623861,1300
粤BX3X57,113.81369,22.623861,1300
粤BX3X57,113.813713,22.623842,1301
粤BX3X57,113.821686,22.613197,1302
粤BX3X57,113.81115,22.627443,1306
粤BX3X57,113.81115,22.627443,1306
粤BX3X57,113.809975,22.626753,1307
粤BX3X57,113.810265,22.625919,1308
粤BX3X57,113.809998,22.626513,1308
粤BX3X57,113.806976,22.623068,1309
粤BX3X57,113.810745,22.616457,1310
粤BX3X57,113.815765,22.610094,1311
粤BX3X57,113.821686,22.613197,1312
粤BX3X57,113.821686,22.613197,1312
粤BX3X57,113.830032,22.617207,1313
粤BX3X57,113.848991,22.623873,1315
粤BX3X57,113.854897,22.625664,1316
粤BX3X57,113.866608,22.621897,1317
粤BX3X57,113.878273,22.613575,1318
粤BX3X57,113.878273,22.613575,1318
粤BX3X57,113.929008,22.559877,1318
粤BX3X57,113.888893,22.601038,1319
粤BX3X57,113.900612,22.591673,1320
粤BX3X57,113.910286,22.581291,1321
粤BX3X57,113.918907,22.572412,1322
粤BX3X57,113.923645,22.567558,1323
粤BX3X57,113.926689,22.564766,1324
粤BX3X57,113.918907,22.572412,1324
粤BX3X57,113.929008,22.559877,1325
粤BX3X57,113.913643,22.554188,1327
粤BX3X57,113.905106,22.548544,1328
粤BX3X57,113.904572,22.538273,1329
粤BX3X57,113.904755,22.532545,1330
粤BX3X57,113.929008,22.559877,1330
粤BX3X57,113.907104,22.531219,1331
粤BX3X57,113.907249,22.531265,1332
粤BX3X57,113.907249,22.531351,1333
粤BX3X57,113.934013,22.524782,1333
粤BX3X57,113.908119,22.531338,1334
粤BX3X57,113.912392,22.531258,1336
粤BX3X57,113.912392,22.531258,1336
粤BX3X57,113.915604,22.531149,1337
粤BX3X57,113.918007,22.530853,1338
粤BX3X57,113.91983,22.530382,1339
粤BX3X57,113.924034,22.528994,1341
粤BX3X57,113.92556,22.525473,1342
粤BX3X57,113.924034,22.528994,1342
粤BX3X57,113.934013,22.524782,1343
粤BX3X57,113.943512,22.524315,1344
粤BX3X57,113.953163,22.523294,1345
粤BX3X57,113.958229,22.522476,1346
粤BX3X57,113.958176,22.522442,1346
粤BX3X57,113.958199,22.522457,1346
粤BX3X57,113.963058,22.522573,1347
粤BX3X57,113.973885,22.522673,1348
粤BX3X57,113.963058,22.522573,1348
粤BX3X57,114.028526,22.530388,1349
粤BX3X57,113.984795,22.523262,1349
粤BX3X57,113.993958,22.52713,1350
粤BX3X57,114.00309,22.529938,1351
粤BX3X57,114.012756,22.530268,1352
粤BX3X57,114.020248,22.531708,1353
粤BX3X57,114.020248,22.531708,1354
粤BX3X57,114.02076,22.531233,1354
粤BX3X57,114.021477,22.530502,1354
粤BX3X57,114.021553,22.530464,1355
粤BX3X57,114.021683,22.52976,1356
粤BX3X57,114.0214,22.529844,1357
粤BX3X57,114.021118,22.531841,1358
粤BX3X57,114.028526,22.530388,1359
粤BX3X57,114.028526,22.530388,1360
粤BX3X57,114.033791,22.528633,1360
粤BX3X57,114.034622,22.527929,1361
粤BX3X57,114.036903,22.527576,1362
粤BX3X57,114.041138,22.526102,1363
粤BX3X57,114.039864,22.527342,1363
粤BX3X57,114.041199,22.526125,1364
粤BX3X57,114.041229,22.526453,1365
粤BX3X57,114.042793,22.527403,1366
粤BX3X57,114.041229,22.526453,1366
粤BX3X57,114.0448,22.527308,1367
粤BX3X57,114.045006,22.528334,1368
粤BX3X57,114.044678,22.535156,1369
粤BX3X57,114.047562,22.537271,1370
粤BX3X57,114.048302,22.537359,1371
粤BX3X57,114.048439,22.537258,1372
粤BX3X57,114.048302,22.537359,1372
粤BX3X57,114.048416,22.537306,1373
粤BX3X57,114.049248,22.537222,1374
粤BX3X57,114.044609,22.531702,1376
粤BX3X57,114.037132,22.530893,1378
粤BX3X57,114.035553,22.53109,1378
粤BX3X57,114.035538,22.531033,1379
粤BX3X57,114.075493,22.531807,1381
粤BX3X57,114.03344,22.530432,1381
粤BX3X57,114.022827,22.533653,1383
粤BX3X57,114.022827,22.533653,1384
粤BX3X57,114.02459,22.533478,1384
粤BX3X57,114.028435,22.528448,1385
粤BX3X57,114.032349,22.5263,1386
粤BX3X57,114.034264,22.529999,1387
粤BX3X57,114.043221,22.531143,1388
粤BX3X57,114.054245,22.531466,1389
粤BX3X57,114.054245,22.531466,1390
粤BX3X57,114.06472,22.531689,1390
粤BX3X57,114.075493,22.531807,1391
粤BX3X57,114.082191,22.537258,1392
粤BX3X57,114.092018,22.538033,1393
粤BX3X57,114.099693,22.53791,1394
粤BX3X57,114.100136,22.538458,1395
粤BX3X57,114.100136,22.538458,1395
粤BX3X57,114.099663,22.540955,1396
粤BX3X57,114.10405,22.549532,1396
粤BX3X57,114.099724,22.541332,1397
粤BX3X57,114.099556,22.543089,1398
粤BX3X57,114.099495,22.545992,1399
粤BX3X57,114.100815,22.547535,1400
粤BX3X57,114.10408,22.549305,1401
粤BX3X57,114.102501,22.548618,1401
粤BX3X57,114.102501,22.548618,1401
粤BX3X57,114.104118,22.549309,1402
粤BX3X57,114.104111,22.549339,1403
粤BX3X57,114.104118,22.549463,1404
粤BX3X57,114.103958,22.549603,1405
粤BX3X57,114.10405,22.549532,1406
粤BX3X57,114.103836,22.549845,1407
粤BX3X57,114.103836,22.549845,1407
粤BX3X57,114.103966,22.549776,1408
粤BX3X57,114.10408,22.549648,1409
粤BX3X57,114.103928,22.549879,1410
粤BX3X57,114.104073,22.549524,1411
粤BX3X57,114.103973,22.549637,1411
粤BX3X57,114.104874,22.548763,1412
粤BX3X57,114.11837,22.543833,1412
粤BX3X57,114.104874,22.548763,1413
粤BX3X57,114.106216,22.545031,1414
粤BX3X57,114.119255,22.544136,1416
粤BX3X57,114.117622,22.544146,1416
粤BX3X57,114.119308,22.544104,1417
粤BX3X57,114.120117,22.544447,1418
粤BX3X57,114.119659,22.544041,1419
粤BX3X57,114.119659,22.544041,1419
粤BX3X57,114.118919,22.543753,1420
粤BX3X57,114.118744,22.543707,1421
粤BX3X57,114.11837,22.543833,1422
粤BX3X57,114.11792,22.543758,1423
粤BX3X57,114.117043,22.546942,1424
粤BX3X57,114.116096,22.5488,1425
粤BX3X57,114.116524,22.549643,1426
粤BX3X57,114.117302,22.551134,1427
粤BX3X57,114.11937,22.561127,1429
粤BX3X57,114.118172,22.566683,1430
粤BX3X57,114.11792,22.573172,1431
粤BX3X57,114.11792,22.573172,1431
粤BX3X57,114.118179,22.574947,1432
粤BX3X57,114.118095,22.574875,1432
粤BX3X57,114.118607,22.575136,1433
粤BX3X57,114.118317,22.575176,1434
粤BX3X57,114.11837,22.575148,1435
粤BX3X57,114.118401,22.575148,1436
粤BX3X57,114.118423,22.574789,1437
