粤BG3940,113.918167,22.527033,8
粤BG3940,113.918167,22.527033,8
粤BG3940,113.918167,22.527033,8
粤BG3940,113.918167,22.527033,9
粤BG3940,113.918167,22.527033,12
粤BG3940,113.918167,22.527033,15
粤BG3940,113.918167,22.527033,16
粤BG3940,113.918167,22.527033,16
粤BG3940,113.918167,22.527033,17
粤BG3940,113.918167,22.527033,17
粤BG3940,113.918167,22.527033,17
粤BG3940,113.918167,22.527033,18
粤BG3940,113.918167,22.527033,18
粤BG3940,113.918167,22.527033,25
粤BG3940,113.918167,22.527033,26
粤BG3940,113.918167,22.527033,26
粤BG3940,113.918167,22.527033,26
粤BG3940,113.918167,22.527033,27
粤BG3940,113.918167,22.527033,27
粤BG3940,113.918167,22.527033,27
粤BG3940,113.918167,22.527033,28
粤BG3940,113.918167,22.527033,28
粤BG3940,113.918167,22.527033,28
粤BG3940,113.918167,22.527033,29
粤BG3940,113.918167,22.527033,29
粤BG3940,113.918167,22.527033,29
粤BG3940,113.918167,22.527033,30
粤BG3940,113.918167,22.527033,30
粤BG3940,113.918167,22.527033,30
粤BG3940,113.918167,22.527033,31
粤BG3940,113.918167,22.527033,438
粤BG3940,113.918167,22.527033,438
粤BG3940,113.918167,22.527033,438
粤BG3940,113.918167,22.527033,439
粤BG3940,113.918167,22.527033,439
粤BG3940,113.918167,22.527033,439
粤BG3940,113.918167,22.527033,440
粤BG3940,113.918167,22.527033,440
粤BG3940,113.918167,22.527033,440
粤BG3940,113.918167,22.527033,441
粤BG3940,113.918167,22.527033,441
粤BG3940,113.918167,22.527033,441
粤BG3940,113.918167,22.527033,442
粤BG3940,113.918167,22.527033,442
粤BG3940,113.918167,22.527033,442
粤BG3940,113.918167,22.527033,443
粤BG3940,113.918167,22.527033,443
粤BG3940,113.918167,22.527033,444
粤BG3940,113.918167,22.527033,444
粤BG3940,113.918167,22.527033,444
粤BG3940,113.918167,22.527033,445
粤BG3940,113.918167,22.527033,445
粤BG3940,113.918167,22.527033,445
粤BG3940,113.918167,22.527033,446
粤BG3940,113.918167,22.527033,446
粤BG3940,113.918167,22.527033,446
粤BG3940,113.918167,22.527033,447
粤BG3940,113.918167,22.527033,447
粤BG3940,113.918167,22.527033,447
粤BG3940,113.918167,22.527033,461
粤BG3940,113.918167,22.527033,461
粤BG3940,113.918167,22.527033,462
粤BG3940,114.035103,22.559683,500
粤BG3940,114.035103,22.559683,508
粤BG3940,114.035103,22.559683,508
粤BG3940,114.035103,22.559683,509
粤BG3940,114.035103,22.559683,511
粤BG3940,114.035103,22.559683,513
粤BG3940,114.035103,22.559683,516
粤BG3940,114.035103,22.559683,535
粤BG3940,114.035103,22.559683,536
粤BG3940,114.035103,22.559683,1293
粤BG3940,114.035103,22.559683,1294
粤BG3940,114.035103,22.559683,1294
粤BG3940,114.035103,22.559683,1359
粤BG3940,114.035103,22.559683,1360
粤BG3940,114.035103,22.559683,1361
粤BG3940,114.035103,22.559683,1363
粤BG3940,114.035103,22.559683,1363
粤BG3940,114.035103,22.559683,1364
粤BG3940,114.035103,22.559683,1367
粤BG3940,114.035103,22.559683,1367
粤BG3940,114.035103,22.559683,1375
粤BG3940,114.035103,22.559683,1375
粤BG3940,114.035103,22.559683,1391
粤BG3940,114.035103,22.559683,1397
粤BG3940,114.035103,22.559683,1397
粤BG3940,114.035103,22.559683,1404
粤BG3940,114.035103,22.559683,1408
粤BG3940,114.035103,22.559683,1412
粤BG3940,114.035103,22.559683,1412
粤BG3940,114.035103,22.559683,1417
粤BG3940,114.035103,22.559683,1421
粤BG3940,114.035103,22.559683,1421
粤BG3940,114.035103,22.559683,1422
粤BG3940,114.035103,22.559683,1422
粤BG3940,114.035103,22.559683,1422
粤BG3940,114.035103,22.559683,1426
粤BG3940,114.035103,22.559683,1426
粤BG3940,114.035103,22.559683,1426
粤BG3940,114.035103,22.559683,1427
粤BG3940,114.035103,22.559683,1427
粤BG3940,114.035103,22.559683,1431
粤BG3940,114.035103,22.559683,1432
粤BG3940,114.035103,22.559683,1432
粤BG3940,114.035103,22.559683,1432
粤BG3940,114.035103,22.559683,1433
粤BG3940,114.035103,22.559683,1433
粤BG3940,114.035103,22.559683,1433
粤BG3940,114.035103,22.559683,1434
粤BG3940,114.035103,22.559683,1434
粤BG3940,114.035103,22.559683,1434
粤BG3940,114.035103,22.559683,1435
粤BG3940,114.035103,22.559683,1435
粤BG3940,114.035103,22.559683,1435
