0.721088435374,0.0,0.00680272108844,0.0136054421769,0.0,0.0,0.00680272108844,0.0,0.0,0.00680272108844,0.0,0.0,0.0,0.0136054421769,0.0,0.0,0.0,0.0,0.0,0.0,0.0,0.0612244897959,0.0,0.0,0.0204081632653,0.0,0.0,0.0136054421769,0.0,0.0,0.0,0.0,0.00680272108844,0.0,0.0,0.0340136054422,0.0
0.0,0.194871794872,0.0615384615385,0.00512820512821,0.0564102564103,0.00512820512821,0.0102564102564,0.00512820512821,0.0,0.0,0.0,0.0,0.0,0.0,0.0,0.117948717949,0.0,0.0,0.0,0.0,0.0,0.0,0.0,0.0,0.0,0.0,0.0,0.0,0.0,0.00512820512821,0.0102564102564,0.0,0.025641025641,0.0153846153846,0.0,0.0,0.0
0.0,0.127819548872,0.142857142857,0.0,0.00751879699248,0.00751879699248,0.015037593985,0.00751879699248,0.0,0.0,0.0,0.00751879699248,0.0,0.015037593985,0.0,0.0375939849624,0.0,0.0,0.0,0.0,0.0,0.0,0.0,0.0,0.0,0.0,0.0,0.015037593985,0.0,0.0,0.00751879699248,0.0,0.0676691729323,0.0827067669173,0.0,0.0,0.0
0.005,0.0,0.0,0.335,0.0,0.0,0.0,0.005,0.005,0.095,0.005,0.0,0.0,0.01,0.0,0.0,0.0,0.0,0.0,0.0,0.0,0.02,0.025,0.0,0.04,0.0,0.0,0.0,0.0,0.005,0.0,0.0,0.0,0.0,0.025,0.0,0.025
0.0,0.0442477876106,0.00884955752212,0.0,0.300884955752,0.00442477876106,0.0,0.0,0.0,0.0,0.0,0.0,0.0,0.0,0.0,0.110619469027,0.0,0.0,0.0,0.0,0.00442477876106,0.0,0.0,0.0,0.0,0.0,0.0,0.0,0.0,0.0,0.0619469026549,0.0752212389381,0.0,0.0,0.0,0.0,0.0
0.0,0.0952380952381,0.0380952380952,0.0,0.0190476190476,0.561904761905,0.00952380952381,0.0,0.0,0.0,0.0,0.0,0.0,0.0,0.0,0.0,0.0,0.0,0.0,0.0,0.0,0.0,0.0,0.0190476190476,0.0,0.00952380952381,0.0,0.0,0.0,0.0,0.0190476190476,0.0,0.0,0.0,0.0,0.0,0.0
0.0,0.0188679245283,0.0188679245283,0.0,0.0,0.0188679245283,0.433962264151,0.0,0.0,0.0,0.0,0.0,0.0,0.0188679245283,0.0,0.0,0.0,0.0,0.0,0.0,0.0,0.0,0.0,0.0,0.0,0.0,0.0,0.11320754717,0.0,0.0,0.0,0.0,0.11320754717,0.0,0.0,0.0188679245283,0.0
0.0171673819742,0.0,0.00858369098712,0.00429184549356,0.0,0.0,0.0,0.309012875536,0.0,0.0,0.00429184549356,0.0171673819742,0.0,0.0300429184549,0.0,0.0,0.0,0.0,0.00429184549356,0.0,0.0,0.0,0.00429184549356,0.0,0.00858369098712,0.0,0.0,0.0,0.0,0.0429184549356,0.0,0.0,0.0343347639485,0.068669527897,0.0,0.0,0.00429184549356
0.0,0.0,0.0,0.00684931506849,0.0,0.0,0.0,0.0,0.753424657534,0.0,0.0,0.0,0.013698630137,0.0,0.0205479452055,0.0,0.0,0.102739726027,0.0,0.0,0.0,0.0,0.0,0.0,0.0,0.0,0.0,0.0,0.0,0.0,0.0,0.0,0.0,0.0,0.0,0.0,0.00684931506849
0.0,0.0,0.0,0.0502793296089,0.0,0.0,0.0,0.00558659217877,0.0,0.379888268156,0.0167597765363,0.00558659217877,0.0,0.0111731843575,0.0,0.0,0.0,0.0,0.0,0.0,0.0,0.00558659217877,0.0167597765363,0.0,0.0111731843575,0.0,0.0614525139665,0.0,0.0,0.0111731843575,0.0,0.0,0.0,0.0,0.0,0.0,0.0
0.0,0.0,0.0,0.0384615384615,0.0,0.0,0.0,0.0384615384615,0.0,0.0384615384615,0.230769230769,0.0,0.0,0.153846153846,0.0,0.0,0.0,0.0,0.0,0.0,0.0,0.0,0.0,0.0,0.0,0.0,0.0,0.0,0.0,0.0769230769231,0.0,0.0,0.0,0.0384615384615,0.0,0.0,0.0
0.0,0.0,0.038961038961,0.0,0.0,0.0,0.0,0.038961038961,0.0,0.0,0.0,0.415584415584,0.0,0.0,0.0,0.0,0.0,0.0,0.038961038961,0.0,0.0,0.0,0.0,0.0,0.0,0.0,0.0,0.0,0.0,0.0519480519481,0.0,0.0,0.0,0.103896103896,0.0,0.0,0.0
0.0,0.0,0.0,0.00520833333333,0.0,0.0,0.0,0.0,0.00520833333333,0.0,0.0,0.0,0.442708333333,0.0,0.015625,0.0,0.0,0.0520833333333,0.0,0.0,0.0,0.0,0.0,0.0,0.0,0.0,0.0,0.0,0.0,0.0,0.0,0.0,0.0,0.0,0.0885416666667,0.0,0.130208333333
0.0102040816327,0.0102040816327,0.0,0.0204081632653,0.0,0.0,0.0,0.132653061224,0.0,0.0,0.0204081632653,0.0,0.0,0.418367346939,0.0,0.0,0.0,0.0,0.0,0.0,0.0,0.0102040816327,0.0102040816327,0.0,0.0408163265306,0.0,0.0102040816327,0.0,0.0,0.0102040816327,0.0,0.0,0.0102040816327,0.0102040816327,0.0,0.0,0.0
0.0,0.0,0.0,0.0,0.0,0.0,0.0,0.0,0.0,0.0,0.0,0.0,0.008356545961,0.0,0.768802228412,0.0,0.0,0.0306406685237,0.0,0.0,0.0,0.0,0.0,0.0,0.00278551532033,0.0,0.0,0.0,0.0,0.0,0.0,0.0,0.0,0.0,0.0,0.0,0.00557103064067
0.0,0.0309278350515,0.00773195876289,0.0,0.069587628866,0.00515463917526,0.0,0.00257731958763,0.0,0.0,0.0,0.0,0.0,0.0,0.0,0.378865979381,0.0,0.0,0.0,0.00257731958763,0.0,0.0,0.0,0.0,0.0,0.0103092783505,0.0,0.0,0.00515463917526,0.00515463917526,0.00773195876289,0.0,0.00515463917526,0.0128865979381,0.0,0.0,0.0
0.0,0.0,0.0,0.0,0.0,0.0,0.0,0.0,0.0,0.0,0.0,0.0,0.0,0.0,0.0,0.0,0.780082987552,0.0,0.0,0.0,0.0,0.0,0.0,0.0,0.0,0.0,0.0,0.0,0.00414937759336,0.0,0.0,0.0414937759336,0.0,0.0,0.0,0.0,0.0
0.0,0.0,0.0,0.00591715976331,0.0,0.0,0.0,0.0,0.0532544378698,0.0,0.0,0.0,0.147928994083,0.0,0.10650887574,0.0,0.0,0.461538461538,0.0,0.0,0.0,0.0,0.0,0.0,0.0,0.0,0.0,0.0,0.0,0.0,0.0,0.0,0.0,0.0,0.0236686390533,0.0118343195266,0.0532544378698
0.0,0.0,0.0178571428571,0.0,0.0,0.0,0.0,0.0178571428571,0.0,0.0,0.0,0.0535714285714,0.0,0.0,0.0,0.0,0.0,0.0,0.482142857143,0.0,0.0,0.0,0.0,0.0,0.0,0.0,0.0,0.0,0.0,0.0892857142857,0.0,0.0,0.0,0.0714285714286,0.0,0.0,0.0
0.0,0.0,0.0,0.0,0.0,0.0,0.0,0.0,0.0,0.0,0.0,0.0,0.0,0.0,0.0,0.0,0.0,0.0,0.0,0.583333333333,0.0,0.0,0.0,0.0,0.0,0.333333333333,0.0,0.0,0.0,0.0,0.0,0.0,0.0,0.0,0.0,0.0,0.0
0.0,0.0,0.0,0.0,0.0,0.00540540540541,0.0,0.0,0.0,0.0,0.0,0.0,0.0,0.0,0.0,0.0,0.0,0.0,0.0,0.0,0.648648648649,0.0,0.0,0.0378378378378,0.0,0.0,0.0,0.0864864864865,0.0,0.0,0.0378378378378,0.0324324324324,0.0,0.0,0.0,0.0162162162162,0.0
0.0714285714286,0.0,0.0,0.015873015873,0.0,0.0,0.0,0.00793650793651,0.0,0.0,0.0,0.0,0.0,0.015873015873,0.0,0.0,0.0,0.015873015873,0.0,0.0,0.0,0.388888888889,0.031746031746,0.0,0.015873015873,0.0,0.0,0.0,0.0,0.0,0.0,0.0,0.0,0.0238095238095,0.0,0.031746031746,0.0714285714286
0.0606060606061,0.0,0.0,0.121212121212,0.0,0.0,0.0,0.030303030303,0.0,0.030303030303,0.030303030303,0.0,0.0,0.030303030303,0.0,0.0,0.0,0.0,0.0,0.0,0.0,0.030303030303,0.272727272727,0.0,0.030303030303,0.0,0.0,0.0,0.0,0.0,0.0,0.0,0.0,0.0,0.0606060606061,0.0,0.0
0.0,0.0,0.0,0.0,0.0315789473684,0.0421052631579,0.0,0.0,0.0,0.0,0.0,0.0,0.0,0.0,0.0,0.0,0.0,0.0,0.0,0.0,0.0315789473684,0.0,0.0,0.505263157895,0.0,0.0,0.0,0.0,0.0,0.0,0.147368421053,0.0315789473684,0.0,0.0,0.0,0.0,0.0
0.0,0.0,0.0,0.0,0.0,0.0,0.0,0.037037037037,0.0,0.0740740740741,0.037037037037,0.0,0.0,0.12962962963,0.0,0.0,0.0,0.0,0.0,0.0,0.0,0.037037037037,0.0185185185185,0.0,0.333333333333,0.0,0.0,0.0,0.0,0.0,0.0,0.0,0.0,0.0,0.0185185185185,0.0,0.0
0.0,0.0,0.0,0.0,0.0263157894737,0.0,0.0,0.0,0.0,0.0,0.0,0.0,0.0,0.0,0.0,0.0789473684211,0.0,0.0,0.0,0.0,0.0,0.0,0.0,0.0,0.0,0.421052631579,0.0,0.0,0.0263157894737,0.0,0.0,0.0,0.0,0.0,0.0,0.0,0.0
0.0,0.0,0.0,0.010752688172,0.0,0.0,0.0,0.0,0.0,0.0537634408602,0.0215053763441,0.0,0.0,0.0,0.010752688172,0.0,0.0,0.0,0.0,0.0,0.0,0.0,0.0322580645161,0.0,0.010752688172,0.0,0.430107526882,0.0,0.0,0.0,0.0,0.0,0.0,0.0,0.0215053763441,0.0,0.0
0.00420168067227,0.0,0.0,0.0,0.0,0.0,0.00840336134454,0.0,0.0,0.0,0.0,0.0,0.0,0.0,0.0,0.0,0.0,0.0,0.0,0.0,0.0588235294118,0.00420168067227,0.0,0.0,0.0,0.0,0.0,0.550420168067,0.0,0.0,0.0,0.0,0.0210084033613,0.00420168067227,0.0,0.176470588235,0.0
0.0,0.0,0.0,0.0,0.0322580645161,0.0,0.0,0.0,0.0,0.0,0.0,0.0,0.0,0.0,0.0,0.0,0.0322580645161,0.0,0.0,0.0,0.0,0.0,0.0,0.0,0.0,0.0967741935484,0.0,0.0,0.41935483871,0.0,0.0,0.0,0.0,0.0,0.0,0.0,0.0
0.0,0.01,0.03,0.0,0.01,0.0,0.0,0.12,0.0,0.0,0.0,0.05,0.0,0.01,0.0,0.01,0.0,0.0,0.02,0.0,0.0,0.0,0.0,0.0,0.0,0.0,0.0,0.0,0.0,0.26,0.0,0.0,0.0,0.13,0.0,0.0,0.0
0.0,0.00735294117647,0.0,0.0,0.125,0.0367647058824,0.0147058823529,0.0,0.0,0.0,0.0,0.0,0.0,0.0,0.0,0.0220588235294,0.0,0.0,0.0,0.0,0.0147058823529,0.0,0.0,0.0,0.0,0.0,0.0,0.0,0.0,0.0,0.404411764706,0.0955882352941,0.0147058823529,0.0,0.0,0.0,0.0
0.0,0.0,0.0,0.0,0.0248962655602,0.00414937759336,0.0,0.0,0.0,0.0,0.0,0.0,0.0,0.0,0.0,0.0,0.0373443983402,0.0,0.0,0.0,0.0539419087137,0.0,0.0,0.0207468879668,0.0,0.0,0.0,0.00414937759336,0.0,0.0,0.0373443983402,0.676348547718,0.0,0.0,0.0,0.0,0.0
0.0,0.0113636363636,0.0340909090909,0.0,0.0,0.00568181818182,0.0113636363636,0.0568181818182,0.0,0.0,0.0113636363636,0.0,0.0,0.0113636363636,0.0,0.0,0.0,0.0,0.0,0.0,0.0,0.0,0.0,0.0,0.0,0.0,0.0,0.0113636363636,0.0,0.0,0.0,0.0,0.323863636364,0.0738636363636,0.0,0.00568181818182,0.0
0.0,0.0130208333333,0.0442708333333,0.0,0.0,0.0,0.0,0.0338541666667,0.0,0.00260416666667,0.00260416666667,0.0208333333333,0.0,0.0078125,0.0,0.015625,0.0,0.0,0.00520833333333,0.0,0.0,0.00260416666667,0.0,0.0,0.0,0.0,0.0,0.0,0.0,0.0130208333333,0.0,0.0,0.0390625,0.427083333333,0.0,0.0,0.0
0.0,0.0,0.0,0.028,0.0,0.0,0.0,0.0,0.004,0.0,0.0,0.0,0.068,0.0,0.0,0.0,0.0,0.008,0.0,0.0,0.0,0.0,0.0,0.0,0.0,0.0,0.004,0.0,0.0,0.0,0.0,0.0,0.0,0.0,0.464,0.0,0.112
0.00473484848485,0.0,0.00094696969697,0.00094696969697,0.0,0.0,0.00189393939394,0.0,0.0,0.0,0.0,0.0,0.0,0.0,0.0,0.0,0.0,0.00189393939394,0.0,0.0,0.00284090909091,0.0113636363636,0.0,0.0,0.0,0.0,0.0,0.0274621212121,0.0,0.0,0.00094696969697,0.00094696969697,0.00189393939394,0.0,0.0,0.775568181818,0.00473484848485
0.00221238938053,0.0,0.0,0.00884955752212,0.0,0.0,0.0,0.0,0.00221238938053,0.0,0.0,0.0,0.00884955752212,0.00221238938053,0.0110619469027,0.0,0.0,0.037610619469,0.0,0.0,0.0,0.00221238938053,0.0,0.0,0.0,0.0,0.0,0.0,0.0,0.0,0.0,0.0,0.0,0.0,0.0508849557522,0.00221238938053,0.725663716814
