0.109589041096,0.0,0.0,0.027397260274,0.0,0.0,0.013698630137,0.027397260274,0.0,0.0,0.0,0.013698630137,0.0,0.027397260274,0.0,0.0,0.0,0.013698630137,0.0,0.0,0.013698630137,0.109589041096,0.027397260274,0.0,0.0684931506849,0.0,0.0,0.041095890411,0.0,0.041095890411,0.0,0.0,0.041095890411,0.027397260274,0.0,0.0958904109589,0.041095890411
0.00602409638554,0.186746987952,0.105421686747,0.0,0.0451807228916,0.0150602409639,0.0150602409639,0.0180722891566,0.0,0.0,0.0,0.00301204819277,0.0,0.00301204819277,0.0,0.135542168675,0.0,0.0,0.0,0.0,0.0,0.0,0.0,0.0,0.0,0.0,0.0,0.00602409638554,0.0,0.0210843373494,0.00301204819277,0.0,0.0301204819277,0.0843373493976,0.0,0.0,0.0
0.0,0.170731707317,0.130081300813,0.0,0.00813008130081,0.00813008130081,0.0406504065041,0.0528455284553,0.0,0.0,0.00406504065041,0.00406504065041,0.0,0.0243902439024,0.0,0.0487804878049,0.0,0.0,0.00813008130081,0.0,0.0,0.0,0.0,0.0,0.00406504065041,0.0,0.0,0.0,0.0,0.0284552845528,0.0,0.0,0.0569105691057,0.154471544715,0.0,0.0,0.0
0.0126582278481,0.0,0.0,0.259493670886,0.0,0.0,0.0,0.0189873417722,0.0,0.170886075949,0.00632911392405,0.0,0.0126582278481,0.0126582278481,0.0126582278481,0.0,0.0,0.0189873417722,0.0,0.0,0.0,0.0253164556962,0.0253164556962,0.0,0.0189873417722,0.0,0.0126582278481,0.0,0.0,0.0,0.0,0.0,0.0,0.0,0.0632911392405,0.00632911392405,0.0253164556962
0.0,0.0723404255319,0.00425531914894,0.0,0.268085106383,0.0255319148936,0.0170212765957,0.0,0.0,0.0,0.0,0.0,0.0,0.0,0.0,0.187234042553,0.0,0.0,0.0,0.0,0.00425531914894,0.0,0.0,0.00425531914894,0.0,0.00425531914894,0.0,0.0,0.00425531914894,0.0,0.063829787234,0.0170212765957,0.00425531914894,0.0,0.0,0.0,0.0
0.0,0.0652173913043,0.0434782608696,0.0,0.0652173913043,0.173913043478,0.0652173913043,0.0217391304348,0.0,0.0,0.0,0.0,0.0,0.0,0.0,0.0434782608696,0.0,0.0,0.0,0.0,0.0434782608696,0.0,0.0,0.0,0.0,0.0217391304348,0.0,0.0,0.0,0.0,0.152173913043,0.0217391304348,0.0,0.0,0.0,0.0,0.0
0.0222222222222,0.0666666666667,0.0,0.0,0.0222222222222,0.0222222222222,0.133333333333,0.0444444444444,0.0,0.0,0.0,0.0,0.0,0.0222222222222,0.0,0.0,0.0,0.0,0.0,0.0,0.0,0.0,0.0,0.0,0.0,0.0,0.0,0.133333333333,0.0,0.0,0.0,0.0,0.0666666666667,0.0666666666667,0.0,0.177777777778,0.0
0.0142348754448,0.0142348754448,0.0284697508897,0.0,0.0,0.0,0.00711743772242,0.170818505338,0.0,0.0142348754448,0.0106761565836,0.0106761565836,0.0,0.0462633451957,0.0,0.0,0.0,0.0,0.0,0.0,0.0,0.00711743772242,0.00355871886121,0.0,0.0106761565836,0.0,0.0,0.00355871886121,0.0,0.0249110320285,0.0,0.0,0.0960854092527,0.0569395017794,0.0,0.0249110320285,0.0249110320285
0.0,0.0,0.0,0.0,0.0,0.0,0.0,0.0,0.627906976744,0.0,0.0,0.0,0.0,0.0,0.0232558139535,0.0,0.0,0.0697674418605,0.0,0.0,0.0,0.0,0.0,0.0,0.0,0.0,0.0,0.0,0.0,0.0,0.0,0.0,0.0,0.0,0.0,0.0,0.0
0.00980392156863,0.0,0.0,0.0833333333333,0.0,0.0,0.0,0.0245098039216,0.0,0.25,0.0245098039216,0.0,0.0,0.0294117647059,0.0,0.0,0.0,0.0,0.0,0.0,0.0,0.0147058823529,0.0196078431373,0.0,0.0343137254902,0.0,0.137254901961,0.0,0.0,0.0343137254902,0.0,0.0,0.0,0.00490196078431,0.0,0.0,0.0
0.0,0.0277777777778,0.0,0.0277777777778,0.0,0.0,0.0,0.0555555555556,0.0,0.25,0.0277777777778,0.0,0.0,0.0277777777778,0.0,0.0,0.0,0.0,0.0277777777778,0.0,0.0,0.0277777777778,0.0,0.0,0.0277777777778,0.0,0.111111111111,0.0,0.0,0.0,0.0,0.0,0.0,0.0555555555556,0.0,0.0,0.0
0.0,0.0,0.046511627907,0.0,0.0,0.0,0.0,0.0232558139535,0.0,0.0232558139535,0.0232558139535,0.093023255814,0.0,0.0,0.0,0.0,0.0,0.0,0.0,0.0,0.0,0.0,0.0,0.0,0.0,0.0,0.0,0.0,0.0,0.0697674418605,0.0,0.0,0.0,0.209302325581,0.0,0.0,0.0232558139535
0.0,0.0,0.0,0.00854700854701,0.0,0.0,0.0,0.0,0.0,0.0,0.0,0.0,0.264957264957,0.0,0.017094017094,0.0,0.0,0.111111111111,0.0,0.0,0.0,0.0,0.0,0.0,0.0,0.0,0.00854700854701,0.0,0.0,0.0,0.0,0.0,0.0,0.0,0.102564102564,0.0,0.042735042735
0.0265486725664,0.0442477876106,0.0,0.0619469026549,0.0,0.0,0.0,0.12389380531,0.0,0.0353982300885,0.0176991150442,0.0,0.0,0.106194690265,0.0,0.0,0.0,0.0,0.0,0.0,0.0,0.0265486725664,0.00884955752212,0.0,0.0442477876106,0.0,0.0265486725664,0.0,0.0,0.0619469026549,0.00884955752212,0.0,0.0353982300885,0.0619469026549,0.0,0.0,0.0265486725664
0.0,0.0,0.0,0.0,0.0,0.0,0.0,0.0,0.0714285714286,0.0,0.0,0.0,0.0178571428571,0.0,0.142857142857,0.0,0.0,0.160714285714,0.0,0.0,0.0,0.0,0.0,0.0,0.0,0.0,0.0,0.0,0.0,0.0,0.0,0.0,0.0178571428571,0.0,0.0178571428571,0.0,0.232142857143
0.0,0.079107505071,0.0608519269777,0.0,0.137931034483,0.0121703853955,0.00202839756592,0.00202839756592,0.0,0.0,0.0,0.0,0.0,0.0,0.0,0.31845841785,0.0,0.0,0.0,0.0,0.0,0.0,0.0,0.0,0.0,0.0365111561866,0.0,0.0,0.0101419878296,0.00811359026369,0.00405679513185,0.00202839756592,0.0,0.0182555780933,0.0,0.0,0.0
0.0,0.0,0.0,0.0,0.0,0.0,0.0,0.0,0.0,0.0,0.0,0.0,0.0,0.0,0.0,0.0,0.444444444444,0.0,0.0,0.0,0.0,0.0,0.0,0.0,0.0,0.0,0.0,0.0,0.0222222222222,0.0,0.0,0.0666666666667,0.0,0.0,0.0,0.0,0.0
0.0,0.0,0.0,0.015037593985,0.0,0.0,0.0,0.0,0.0676691729323,0.0,0.0,0.0,0.0676691729323,0.0,0.0676691729323,0.0,0.0,0.218045112782,0.0,0.0,0.0,0.0375939849624,0.0,0.0,0.0,0.0,0.0,0.0,0.0,0.0,0.0,0.0,0.0,0.0,0.0225563909774,0.0375939849624,0.15037593985
0.0,0.0,0.0526315789474,0.0,0.0,0.0,0.0,0.157894736842,0.0,0.0,0.0,0.105263157895,0.0,0.157894736842,0.0,0.0,0.0,0.0,0.0,0.0,0.0,0.0,0.0,0.0,0.0,0.0,0.0,0.0,0.0,0.0,0.0,0.0,0.0,0.210526315789,0.0,0.0,0.0
0.0,0.0,0.0,0.0,0.0,0.0,0.0,0.0,0.0,0.0,0.0,0.0,0.0,0.0,0.0,0.0,0.0,0.0,0.0,0.333333333333,0.0,0.0,0.0,0.0,0.0,0.0,0.0,0.0,0.0,0.0,0.0,0.0,0.0,0.0,0.0,0.0,0.0
0.0,0.0,0.0,0.0,0.0,0.0151515151515,0.0,0.0,0.0,0.0,0.0,0.0,0.0,0.0,0.0,0.0,0.0,0.0,0.0,0.0,0.393939393939,0.0,0.0,0.0151515151515,0.0,0.0,0.0,0.151515151515,0.0,0.0,0.030303030303,0.0606060606061,0.0,0.0,0.0,0.0606060606061,0.0
0.0602409638554,0.0,0.0,0.0240963855422,0.0,0.0,0.0,0.0481927710843,0.0,0.0240963855422,0.0120481927711,0.0,0.0,0.0,0.0,0.0,0.0,0.0843373493976,0.0,0.0,0.0,0.204819277108,0.0120481927711,0.0,0.0,0.0,0.0,0.0361445783133,0.0,0.0,0.0,0.0,0.0,0.0240963855422,0.0,0.0843373493976,0.10843373494
0.127272727273,0.0,0.0,0.181818181818,0.0,0.0,0.0,0.0,0.0,0.109090909091,0.0,0.0,0.0,0.0363636363636,0.0,0.0,0.0,0.0,0.0,0.0,0.0,0.0909090909091,0.0181818181818,0.0,0.145454545455,0.0,0.0181818181818,0.0,0.0,0.0,0.0,0.0,0.0181818181818,0.0,0.0181818181818,0.0,0.0181818181818
0.0,0.0,0.0,0.0,0.0,0.027027027027,0.027027027027,0.0,0.0,0.0,0.0,0.0,0.0,0.0,0.0,0.0,0.0,0.0,0.0,0.0,0.135135135135,0.0,0.0,0.162162162162,0.0,0.0,0.0,0.027027027027,0.0,0.0,0.216216216216,0.0540540540541,0.0,0.0,0.0,0.027027027027,0.0
0.0722891566265,0.0,0.0120481927711,0.0361445783133,0.0,0.0,0.0,0.0240963855422,0.0,0.0722891566265,0.0240963855422,0.0,0.0,0.0481927710843,0.0,0.0,0.0,0.0,0.0,0.0,0.0,0.0361445783133,0.0361445783133,0.0,0.156626506024,0.0,0.0843373493976,0.0,0.0,0.0240963855422,0.0,0.0,0.0,0.0,0.0,0.0,0.0
0.0,0.0285714285714,0.0,0.0,0.2,0.0,0.0,0.0,0.0,0.0,0.0,0.0,0.0,0.0,0.0,0.0571428571429,0.0,0.0,0.0,0.0,0.0,0.0,0.0,0.0,0.0,0.142857142857,0.0,0.0,0.0857142857143,0.0,0.0,0.0,0.0,0.0,0.0,0.0,0.0
0.0,0.0,0.0,0.0253164556962,0.0,0.0,0.0,0.0,0.0,0.151898734177,0.0316455696203,0.0,0.0,0.0253164556962,0.0,0.0,0.0,0.0,0.0,0.0,0.0,0.00632911392405,0.0,0.0,0.0126582278481,0.0,0.46835443038,0.0,0.0,0.0,0.0,0.0,0.0,0.00632911392405,0.00632911392405,0.0,0.0
0.0,0.0,0.04,0.0,0.0,0.0,0.04,0.01,0.0,0.0,0.0,0.0,0.0,0.0,0.0,0.0,0.0,0.0,0.0,0.0,0.1,0.01,0.0,0.0,0.0,0.0,0.0,0.21,0.0,0.0,0.0,0.0,0.03,0.0,0.0,0.26,0.0
0.0,0.0,0.0,0.0,0.0,0.0,0.0,0.0,0.0,0.0,0.0,0.0,0.0,0.0,0.0,0.05,0.025,0.0,0.0,0.0,0.0,0.0,0.0,0.0,0.0,0.1,0.0,0.0,0.525,0.0,0.0,0.025,0.0,0.0,0.0,0.0,0.0
0.0,0.0326086956522,0.0108695652174,0.0108695652174,0.0,0.0,0.0,0.108695652174,0.0,0.0869565217391,0.0326086956522,0.0108695652174,0.0,0.0652173913043,0.0,0.0,0.0,0.0,0.0108695652174,0.0,0.0,0.0,0.0,0.0,0.0108695652174,0.0,0.0108695652174,0.0,0.0,0.0978260869565,0.0,0.0,0.0217391304348,0.130434782609,0.0,0.0,0.0
0.0,0.0330578512397,0.0165289256198,0.0,0.148760330579,0.0165289256198,0.00826446280992,0.0,0.0,0.0,0.0,0.0,0.0,0.0,0.0,0.0247933884298,0.0,0.0,0.0,0.0,0.00826446280992,0.0,0.0,0.0909090909091,0.0,0.0,0.0,0.0,0.0,0.0,0.223140495868,0.0578512396694,0.0,0.0,0.0,0.0,0.0
0.0,0.0,0.0,0.0,0.0487804878049,0.0,0.0,0.0,0.0,0.0,0.0,0.0,0.0,0.0,0.0,0.0,0.0365853658537,0.0,0.0,0.0,0.0731707317073,0.0,0.0,0.0121951219512,0.0,0.0,0.0,0.0,0.0243902439024,0.0,0.0487804878049,0.353658536585,0.0,0.0,0.0,0.0,0.0
0.0155440414508,0.0777202072539,0.0725388601036,0.0,0.0,0.020725388601,0.0310880829016,0.113989637306,0.0,0.0,0.0,0.0,0.0,0.020725388601,0.0,0.00518134715026,0.0,0.0,0.0,0.0,0.0,0.0,0.00518134715026,0.0,0.00518134715026,0.0,0.0,0.0103626943005,0.0,0.0259067357513,0.0,0.0,0.150259067358,0.0621761658031,0.0,0.0155440414508,0.0
0.0,0.0605187319885,0.0576368876081,0.0028818443804,0.0,0.0028818443804,0.0,0.0634005763689,0.0,0.00576368876081,0.014409221902,0.0230547550432,0.0,0.014409221902,0.0028818443804,0.0230547550432,0.0,0.0,0.0028818443804,0.0,0.0,0.00576368876081,0.0,0.0,0.0,0.0,0.0,0.0,0.0,0.0345821325648,0.0,0.0,0.0605187319885,0.239193083573,0.0,0.0,0.0
0.0,0.0,0.0,0.0384615384615,0.0,0.0,0.0,0.0,0.0,0.0,0.0,0.0,0.0769230769231,0.0,0.0,0.0,0.0,0.0164835164835,0.0,0.0,0.0,0.0,0.0,0.0,0.0,0.0,0.0,0.0,0.0,0.0,0.00549450549451,0.0,0.0,0.0,0.285714285714,0.0,0.0989010989011
0.0138888888889,0.0,0.00694444444444,0.00231481481481,0.0,0.0,0.00694444444444,0.00694444444444,0.0,0.0,0.0,0.0,0.0,0.00231481481481,0.0,0.0,0.0,0.00231481481481,0.0,0.0,0.00694444444444,0.0138888888889,0.00462962962963,0.0,0.0,0.0,0.0,0.0625,0.0,0.00694444444444,0.0,0.0,0.00925925925926,0.00231481481481,0.0,0.476851851852,0.0185185185185
0.0205128205128,0.0,0.0,0.0769230769231,0.0,0.0,0.0,0.0205128205128,0.0,0.0,0.0,0.00512820512821,0.0307692307692,0.0153846153846,0.0410256410256,0.0,0.0,0.0564102564103,0.00512820512821,0.0,0.0,0.0717948717949,0.0,0.0,0.0,0.0,0.0,0.0,0.0,0.00512820512821,0.0,0.0,0.0,0.00512820512821,0.0410256410256,0.0102564102564,0.333333333333
