0.591397849462,0.0,0.0,0.0215053763441,0.0,0.0,0.010752688172,0.0430107526882,0.0,0.0,0.0,0.010752688172,0.0,0.0430107526882,0.0,0.0,0.0,0.0,0.0,0.0,0.0,0.0322580645161,0.0215053763441,0.0,0.010752688172,0.0,0.0,0.0215053763441,0.0,0.0,0.0,0.0,0.0,0.0215053763441,0.0,0.010752688172,0.010752688172
0.0,0.247191011236,0.0449438202247,0.0,0.0561797752809,0.0168539325843,0.0112359550562,0.0112359550562,0.0,0.0,0.0,0.0,0.0,0.0,0.0,0.0842696629213,0.0,0.0,0.0,0.0,0.0,0.0,0.0,0.00561797752809,0.0,0.0,0.0,0.0,0.0,0.0,0.00561797752809,0.0,0.0224719101124,0.00561797752809,0.0,0.0,0.0
0.0,0.0967741935484,0.217741935484,0.0,0.0,0.0241935483871,0.0,0.0,0.0,0.0,0.0,0.0,0.0,0.0,0.0,0.0,0.0,0.0,0.0,0.0,0.0,0.0,0.0,0.0,0.0,0.0,0.0,0.0,0.0,0.0,0.00806451612903,0.0,0.0483870967742,0.0806451612903,0.0,0.0,0.0
0.0,0.0,0.0,0.422764227642,0.0,0.0,0.0,0.00813008130081,0.0,0.0325203252033,0.0,0.0,0.0,0.0,0.0,0.0,0.0,0.0,0.0,0.0,0.0,0.0162601626016,0.0325203252033,0.0,0.0162601626016,0.0,0.0,0.0,0.0,0.0,0.0,0.0,0.0,0.0,0.0325203252033,0.0,0.00813008130081
0.0,0.0193548387097,0.00645161290323,0.0,0.270967741935,0.0,0.0,0.0,0.0,0.0,0.0,0.0,0.0,0.0,0.0,0.129032258065,0.0,0.0,0.0,0.00645161290323,0.0,0.0,0.0,0.0,0.0,0.0129032258065,0.0,0.0,0.0,0.0,0.0322580645161,0.0129032258065,0.0,0.0,0.0,0.0,0.0
0.0,0.0681818181818,0.0,0.0,0.0227272727273,0.613636363636,0.0,0.0,0.0,0.0,0.0,0.0,0.0,0.0,0.0,0.0,0.0,0.0,0.0,0.0,0.0,0.0,0.0,0.0454545454545,0.0,0.0,0.0,0.0,0.0,0.0,0.0227272727273,0.0,0.0,0.0,0.0,0.0,0.0
0.0,0.0357142857143,0.0357142857143,0.0,0.0,0.0357142857143,0.321428571429,0.0,0.0,0.0,0.0,0.0,0.0,0.0,0.0,0.0,0.0,0.0,0.0,0.0,0.0,0.0,0.0,0.0,0.0,0.0,0.0,0.0714285714286,0.0,0.0,0.0,0.0,0.214285714286,0.0,0.0,0.0357142857143,0.0
0.0,0.00408163265306,0.0163265306122,0.0,0.0,0.0,0.00408163265306,0.420408163265,0.0,0.00408163265306,0.00816326530612,0.0204081632653,0.0,0.0530612244898,0.0,0.0,0.0,0.0,0.0163265306122,0.0,0.0,0.00408163265306,0.0,0.0,0.0,0.0,0.0,0.0,0.0,0.0326530612245,0.0,0.0,0.0408163265306,0.0408163265306,0.0,0.0,0.0
0.0,0.0,0.0,0.0,0.0,0.0,0.0,0.0,0.85625,0.0,0.0,0.0,0.00625,0.0,0.0125,0.0,0.0,0.03125,0.0,0.0,0.0,0.0,0.0,0.0,0.0,0.0,0.0,0.0,0.0,0.0,0.0,0.0,0.0,0.0,0.0,0.0,0.00625
0.0,0.0,0.0,0.0289855072464,0.0,0.0,0.0,0.0,0.0,0.413043478261,0.0579710144928,0.0,0.0,0.00724637681159,0.0,0.0,0.0,0.0,0.0,0.0,0.0,0.00724637681159,0.0,0.0,0.0,0.0,0.00724637681159,0.0,0.0,0.00724637681159,0.0,0.0,0.0,0.0,0.0,0.0,0.0
0.0,0.0,0.0,0.0,0.0,0.0,0.0,0.025641025641,0.0,0.102564102564,0.307692307692,0.0,0.0,0.0769230769231,0.0,0.0,0.0,0.0,0.025641025641,0.0,0.0,0.0,0.0,0.0,0.0769230769231,0.0,0.0,0.0,0.0,0.025641025641,0.0,0.0,0.0,0.025641025641,0.0,0.0,0.0
0.0,0.0,0.0108695652174,0.0,0.0,0.0,0.0,0.0217391304348,0.0,0.0,0.0,0.45652173913,0.0,0.0108695652174,0.0,0.0,0.0,0.0,0.0434782608696,0.0,0.0,0.0,0.0,0.0,0.0,0.0,0.0,0.0,0.0,0.0760869565217,0.0,0.0,0.0,0.163043478261,0.0,0.0,0.0
0.0,0.0,0.0,0.004329004329,0.0,0.0,0.0,0.0,0.0,0.0,0.0,0.0,0.52380952381,0.0,0.012987012987,0.0,0.0,0.103896103896,0.0,0.0,0.0,0.0,0.0,0.0,0.0,0.0,0.004329004329,0.0,0.0,0.0,0.0,0.0,0.0,0.0,0.103896103896,0.0,0.047619047619
0.0,0.0,0.0,0.0,0.0,0.0120481927711,0.0,0.168674698795,0.0,0.0,0.0481927710843,0.0120481927711,0.0,0.289156626506,0.0,0.0,0.0,0.0,0.0120481927711,0.0,0.0,0.0240963855422,0.0,0.0,0.0481927710843,0.0,0.0,0.0,0.0,0.0240963855422,0.0,0.0,0.0,0.0361445783133,0.0,0.0,0.0240963855422
0.0,0.0,0.0,0.0,0.0,0.0,0.0,0.0,0.00550964187328,0.0,0.0,0.0,0.00275482093664,0.0,0.809917355372,0.0,0.0,0.0275482093664,0.0,0.0,0.0,0.0,0.0,0.0,0.0,0.0,0.0,0.0,0.0,0.0,0.0,0.0,0.0,0.0,0.0,0.0,0.0
0.0,0.0223463687151,0.00279329608939,0.0,0.0502793296089,0.0,0.0,0.0,0.0,0.0,0.0,0.0,0.0,0.0,0.0,0.472067039106,0.0,0.0,0.0,0.00837988826816,0.0,0.0,0.0,0.0,0.0,0.0111731843575,0.0,0.0,0.0,0.00558659217877,0.00279329608939,0.0,0.0,0.0,0.0,0.0,0.0
0.0,0.0,0.0,0.0,0.0,0.0,0.0,0.0,0.0,0.0,0.0,0.0,0.0,0.0,0.0,0.0,0.826612903226,0.0,0.0,0.0,0.0,0.0,0.0,0.0,0.0,0.0,0.0,0.0,0.00806451612903,0.0,0.0,0.0403225806452,0.0,0.0,0.0,0.0,0.0
0.0,0.0,0.0,0.0,0.0,0.0,0.0,0.0,0.0691823899371,0.0,0.0,0.0,0.0503144654088,0.0,0.188679245283,0.0,0.0,0.496855345912,0.0,0.0,0.0,0.0125786163522,0.0,0.0,0.0,0.0,0.0,0.0,0.0,0.0,0.0,0.0,0.0,0.0,0.0062893081761,0.0,0.0377358490566
0.0,0.0,0.0,0.0,0.0,0.0,0.0,0.0461538461538,0.0,0.0,0.0153846153846,0.0769230769231,0.0,0.0,0.0,0.0,0.0,0.0,0.661538461538,0.0,0.0,0.0,0.0,0.0,0.0,0.0,0.0,0.0,0.0,0.0615384615385,0.0,0.0,0.0,0.0615384615385,0.0,0.0,0.0
0.0,0.0,0.0,0.0,0.0,0.0,0.0,0.0,0.0,0.0,0.0,0.0,0.0,0.0,0.0,0.0454545454545,0.0,0.0,0.0,0.590909090909,0.0,0.0,0.0,0.0,0.0,0.227272727273,0.0,0.0,0.0795454545455,0.0,0.0,0.0,0.0,0.0,0.0,0.0,0.0
0.0,0.0,0.0,0.0,0.0,0.0,0.0,0.0,0.0,0.0,0.0,0.0,0.0,0.0,0.0,0.0,0.0,0.0,0.0,0.0,0.718085106383,0.0,0.0,0.0425531914894,0.0,0.0,0.0,0.0904255319149,0.0,0.0,0.0,0.0265957446809,0.0,0.0,0.0,0.00531914893617,0.0
0.013698630137,0.0,0.0,0.013698630137,0.0,0.0,0.0,0.0,0.0,0.0,0.0,0.0,0.0,0.013698630137,0.0,0.0,0.0,0.0,0.0,0.0,0.0,0.493150684932,0.0821917808219,0.0,0.0,0.0,0.0,0.0,0.0,0.013698630137,0.0,0.0,0.013698630137,0.0,0.0,0.0547945205479,0.109589041096
0.0,0.0,0.0,0.0833333333333,0.0,0.0,0.0,0.0,0.0,0.0,0.0,0.0,0.0,0.0416666666667,0.0,0.0,0.0,0.0,0.0,0.0,0.0,0.0416666666667,0.25,0.0,0.0,0.0,0.0,0.0,0.0,0.0,0.0,0.0,0.0,0.0,0.0,0.0,0.0
0.0,0.0120481927711,0.0,0.0,0.0,0.0120481927711,0.0,0.0,0.0,0.0,0.0,0.0,0.0,0.0,0.0,0.0,0.0,0.0,0.0,0.0,0.0722891566265,0.0,0.0,0.602409638554,0.0,0.0,0.0,0.0,0.0,0.0,0.144578313253,0.0602409638554,0.0,0.0,0.0,0.0,0.0
0.0,0.0,0.0,0.0,0.0,0.0,0.0,0.0,0.0,0.0428571428571,0.0142857142857,0.0,0.0,0.0857142857143,0.0,0.0,0.0,0.0,0.0,0.0,0.0,0.0142857142857,0.0,0.0,0.271428571429,0.0,0.0,0.0,0.0,0.0142857142857,0.0,0.0,0.0,0.0,0.0,0.0,0.0142857142857
0.0,0.0,0.0,0.0,0.0471698113208,0.0,0.0,0.0,0.0,0.0,0.0,0.0,0.0,0.0,0.0,0.235849056604,0.0,0.0,0.0,0.0754716981132,0.0,0.0,0.0,0.0,0.0,0.5,0.0,0.0,0.0,0.0,0.0,0.0,0.0,0.0,0.0,0.0,0.0
0.0,0.0,0.0,0.0,0.0,0.0,0.0,0.0,0.0,0.109589041096,0.013698630137,0.0,0.0,0.0,0.0,0.0,0.0,0.0,0.0,0.0,0.0,0.0,0.0,0.0,0.0,0.0,0.356164383562,0.0,0.0,0.0,0.0,0.0,0.0,0.0,0.0,0.0,0.0
0.0,0.0,0.0,0.0,0.0,0.0,0.0138248847926,0.0,0.0,0.0,0.0,0.0,0.0,0.0,0.0,0.0,0.0,0.0,0.0,0.0,0.0645161290323,0.0,0.0,0.0,0.0,0.0,0.0,0.603686635945,0.0,0.0,0.0,0.0,0.0,0.0,0.0,0.165898617512,0.0
0.0,0.0,0.0,0.0,0.0,0.0,0.0,0.0,0.0,0.0,0.0,0.0,0.0,0.0,0.0,0.030303030303,0.030303030303,0.0,0.0,0.0909090909091,0.0,0.0,0.0,0.0,0.0,0.0606060606061,0.0,0.0,0.515151515152,0.0,0.0,0.0,0.0,0.0,0.0,0.0,0.0
0.0,0.00653594771242,0.0196078431373,0.0,0.0,0.0,0.0,0.111111111111,0.0,0.00653594771242,0.0130718954248,0.0457516339869,0.0,0.0130718954248,0.0,0.0,0.0,0.0,0.00653594771242,0.0,0.0,0.0,0.0,0.0,0.0,0.0,0.0,0.0,0.0,0.359477124183,0.0,0.0,0.0130718954248,0.169934640523,0.0,0.0,0.0
0.0,0.0135135135135,0.0,0.0,0.162162162162,0.0135135135135,0.0,0.0,0.0,0.0,0.0,0.0,0.0,0.0,0.0,0.0,0.0,0.0,0.0,0.0,0.0135135135135,0.0,0.0,0.0405405405405,0.0,0.0,0.0,0.0,0.0,0.0,0.405405405405,0.0405405405405,0.0,0.0,0.0,0.0,0.0
0.0,0.0,0.0,0.0,0.0148514851485,0.0,0.0,0.0,0.0,0.0,0.0,0.0,0.0,0.0,0.0,0.0,0.0247524752475,0.0,0.0,0.0,0.0544554455446,0.0,0.0,0.0247524752475,0.0,0.0,0.0,0.0,0.0049504950495,0.0,0.0346534653465,0.683168316832,0.0,0.0,0.0,0.0,0.0
0.00540540540541,0.00540540540541,0.0378378378378,0.0,0.0,0.0,0.0162162162162,0.0756756756757,0.0,0.0,0.0,0.0,0.0,0.0,0.0,0.0,0.0,0.0,0.0,0.0,0.0,0.0,0.0,0.0,0.0,0.0,0.0,0.00540540540541,0.0,0.027027027027,0.0,0.0,0.410810810811,0.0486486486486,0.0,0.0,0.0
0.00156739811912,0.00626959247649,0.0219435736677,0.0,0.00156739811912,0.0,0.00156739811912,0.012539184953,0.0,0.0,0.0,0.0156739811912,0.0,0.00156739811912,0.0,0.00313479623824,0.0,0.0,0.0,0.0,0.0,0.0,0.0,0.0,0.0,0.0,0.0,0.0,0.0,0.0156739811912,0.0,0.0,0.0266457680251,0.548589341693,0.0,0.0,0.0
0.0,0.0,0.0,0.00333333333333,0.0,0.0,0.0,0.0,0.0,0.0,0.0,0.0,0.0566666666667,0.0,0.0,0.0,0.0,0.0166666666667,0.0,0.0,0.0,0.0,0.0,0.0,0.0,0.0,0.0,0.0,0.0,0.0,0.0,0.0,0.0,0.0,0.513333333333,0.0,0.0733333333333
0.00352112676056,0.0,0.0,0.0,0.0,0.0,0.0,0.0,0.0,0.0,0.0,0.0,0.0,0.0,0.0,0.0,0.0,0.0,0.0,0.0,0.0093896713615,0.00352112676056,0.0,0.0,0.0,0.0,0.0,0.0328638497653,0.0,0.0,0.0,0.0,0.0,0.0,0.0,0.780516431925,0.0
0.0,0.0,0.0,0.00630914826498,0.0,0.0,0.0,0.0,0.0,0.0,0.0,0.0,0.0315457413249,0.0,0.00315457413249,0.0,0.0,0.0347003154574,0.0,0.0,0.0,0.018927444795,0.00315457413249,0.0,0.0,0.0,0.0,0.00315457413249,0.0,0.0,0.0,0.0,0.0,0.0,0.0851735015773,0.0,0.621451104101
