0.589285714286,0.0178571428571,0.0,0.0,0.0,0.0,0.0178571428571,0.0178571428571,0.0,0.0,0.0,0.0,0.0,0.0535714285714,0.0,0.0,0.0,0.0,0.0,0.0,0.0178571428571,0.0357142857143,0.0178571428571,0.0,0.0,0.0,0.0,0.0178571428571,0.0,0.0,0.0,0.0,0.0,0.0,0.0,0.0357142857143,0.0
0.0,0.252380952381,0.0714285714286,0.0,0.0428571428571,0.0047619047619,0.0047619047619,0.0047619047619,0.0,0.0,0.0,0.0047619047619,0.0,0.0,0.0,0.0952380952381,0.0,0.0,0.0047619047619,0.0,0.0,0.0,0.0,0.00952380952381,0.0,0.0,0.0,0.0,0.0,0.0047619047619,0.0047619047619,0.0,0.0142857142857,0.0142857142857,0.0,0.0,0.0
0.0,0.0916030534351,0.160305343511,0.0,0.0229007633588,0.0,0.0229007633588,0.0381679389313,0.0,0.0,0.0,0.0,0.0,0.0,0.0,0.0458015267176,0.0,0.0,0.0,0.0,0.0,0.0,0.0,0.00763358778626,0.0,0.0,0.0,0.0152671755725,0.0,0.00763358778626,0.0,0.0,0.00763358778626,0.0839694656489,0.0,0.0,0.0
0.0,0.0,0.0,0.381578947368,0.0,0.0,0.0,0.0,0.0,0.0394736842105,0.00657894736842,0.0,0.0,0.00657894736842,0.0,0.0,0.0,0.0328947368421,0.0,0.0,0.0,0.00657894736842,0.0526315789474,0.0,0.0460526315789,0.0,0.00657894736842,0.0,0.0,0.00657894736842,0.0,0.0,0.0,0.0,0.00657894736842,0.0,0.0
0.0,0.0237154150198,0.00395256916996,0.0,0.328063241107,0.00790513833992,0.0,0.0,0.0,0.0,0.0,0.0,0.0,0.0,0.0,0.114624505929,0.0,0.0,0.0,0.00395256916996,0.0,0.0,0.0,0.00395256916996,0.0,0.0,0.0,0.0,0.0,0.0,0.0434782608696,0.0118577075099,0.0,0.00395256916996,0.0,0.0,0.0
0.0,0.0652173913043,0.0,0.0,0.0434782608696,0.434782608696,0.0217391304348,0.0,0.0,0.0,0.0,0.0,0.0,0.0,0.0,0.0434782608696,0.0,0.0,0.0,0.0,0.0,0.0,0.0,0.0,0.0,0.0,0.0,0.0,0.0,0.0,0.0869565217391,0.0,0.0,0.0,0.0,0.0,0.0
0.0,0.0285714285714,0.0285714285714,0.0,0.0,0.0,0.371428571429,0.0,0.0,0.0,0.0,0.0,0.0,0.0,0.0,0.0,0.0,0.0,0.0,0.0,0.0,0.0,0.0571428571429,0.0,0.0,0.0,0.0,0.0285714285714,0.0,0.0,0.0285714285714,0.0,0.171428571429,0.0,0.0,0.0857142857143,0.0
0.00900900900901,0.0,0.00900900900901,0.0045045045045,0.0,0.0,0.0,0.342342342342,0.0,0.0135135135135,0.0045045045045,0.0,0.0,0.0810810810811,0.0,0.0,0.0,0.0,0.0135135135135,0.0,0.0,0.0,0.0135135135135,0.0,0.0045045045045,0.0,0.0,0.0,0.0,0.027027027027,0.0045045045045,0.0,0.036036036036,0.0630630630631,0.0,0.0,0.0
0.0,0.0,0.0,0.0,0.0,0.0,0.0,0.0,0.781456953642,0.0,0.0,0.0,0.0,0.0,0.0529801324503,0.0,0.0,0.0728476821192,0.0,0.0,0.0,0.0,0.0,0.0,0.0,0.0,0.0,0.0,0.0,0.0,0.0,0.0,0.0,0.0,0.0,0.0,0.00662251655629
0.0,0.0,0.0,0.0602409638554,0.0,0.0,0.0,0.0,0.0,0.379518072289,0.0180722891566,0.0,0.0,0.0,0.0,0.0,0.0,0.0,0.0,0.0,0.0,0.00602409638554,0.0240963855422,0.0,0.0361445783133,0.0,0.0421686746988,0.0,0.0,0.0,0.0,0.0,0.0,0.00602409638554,0.00602409638554,0.0,0.0
0.0,0.0,0.0,0.0,0.0,0.0,0.0,0.0333333333333,0.0,0.0666666666667,0.266666666667,0.0,0.0,0.0333333333333,0.0,0.0,0.0,0.0,0.0,0.0,0.0,0.0,0.0,0.0,0.0,0.0,0.0333333333333,0.0,0.0,0.0333333333333,0.0,0.0,0.0,0.0,0.0,0.0,0.0
0.0,0.0,0.0,0.0,0.0,0.0,0.0,0.0519480519481,0.0,0.0,0.0,0.350649350649,0.0,0.0,0.0,0.0,0.0,0.0,0.0,0.0,0.0,0.0,0.0,0.0,0.0,0.0,0.0,0.0,0.0,0.0519480519481,0.0,0.0,0.0,0.168831168831,0.0,0.0,0.0
0.0,0.0,0.0,0.0,0.0,0.0,0.0,0.0,0.004329004329,0.0,0.0,0.0,0.47619047619,0.0,0.030303030303,0.0,0.0,0.0562770562771,0.0,0.0,0.0,0.0,0.0,0.0,0.0,0.0,0.0,0.0,0.0,0.0,0.0,0.0,0.0,0.0,0.121212121212,0.0,0.034632034632
0.0,0.0,0.0,0.0178571428571,0.0,0.0,0.0,0.107142857143,0.0,0.0,0.0357142857143,0.00892857142857,0.0,0.276785714286,0.0,0.0,0.0,0.0,0.00892857142857,0.0,0.0,0.0,0.0,0.0,0.0714285714286,0.0,0.0,0.0,0.0,0.0267857142857,0.0,0.0,0.0178571428571,0.0178571428571,0.0,0.0,0.0
0.0,0.0,0.0,0.0,0.0,0.0,0.0,0.0,0.00595238095238,0.0,0.0,0.0,0.0,0.0,0.830357142857,0.0,0.0,0.0238095238095,0.0,0.0,0.0,0.0,0.0,0.0,0.0,0.0,0.0,0.0,0.0,0.0,0.0,0.0,0.0,0.0,0.0,0.0,0.00297619047619
0.0,0.03515625,0.005859375,0.0,0.05859375,0.001953125,0.0,0.001953125,0.0,0.0,0.0,0.0,0.0,0.0,0.0,0.400390625,0.0,0.0,0.0,0.0,0.0,0.0,0.0,0.0,0.0,0.005859375,0.0,0.0,0.00390625,0.0,0.001953125,0.0,0.0,0.009765625,0.0,0.0,0.0
0.0,0.0,0.0,0.0,0.0,0.0,0.0,0.0,0.0,0.0,0.0,0.0,0.0,0.0,0.0,0.0,0.817813765182,0.0,0.0,0.0,0.0,0.0,0.0,0.0,0.0,0.0,0.0,0.0,0.00404858299595,0.0,0.0,0.0242914979757,0.0,0.00404858299595,0.0,0.0,0.0
0.00662251655629,0.0,0.0,0.0,0.0,0.0,0.0,0.0,0.0264900662252,0.0,0.0,0.0,0.0662251655629,0.0,0.205298013245,0.0,0.0,0.46357615894,0.0,0.0,0.0,0.0,0.0,0.0,0.0,0.0,0.0,0.0,0.0,0.0,0.0,0.0,0.0,0.0,0.0264900662252,0.0,0.0728476821192
0.0,0.0,0.0,0.0,0.0,0.0,0.0,0.0,0.0,0.0,0.0,0.030303030303,0.0,0.0,0.0,0.0,0.0,0.0,0.606060606061,0.0,0.0,0.0,0.0,0.0,0.0,0.0,0.0,0.0,0.0,0.0606060606061,0.0,0.0,0.0,0.030303030303,0.0,0.0,0.0
0.0,0.0,0.0,0.0,0.0,0.0,0.0,0.0,0.0,0.0,0.0,0.0,0.0,0.0,0.0,0.0,0.0,0.0,0.0,0.833333333333,0.0,0.0,0.0,0.0,0.0,0.0555555555556,0.0,0.0,0.0555555555556,0.0,0.0,0.0,0.0,0.0,0.0,0.0,0.0
0.0,0.0,0.0,0.0,0.0,0.0,0.0,0.0,0.0,0.0,0.0,0.0,0.0,0.0,0.0,0.0,0.0,0.0,0.0,0.0,0.596026490066,0.0,0.0,0.0397350993377,0.0,0.0,0.0,0.132450331126,0.0,0.0,0.00662251655629,0.0331125827815,0.0,0.0,0.0,0.0529801324503,0.0
0.0361445783133,0.0,0.0,0.0120481927711,0.0,0.0,0.0,0.0,0.0,0.0,0.0,0.0,0.0,0.0,0.0,0.0,0.0,0.0602409638554,0.0,0.0,0.0120481927711,0.33734939759,0.0602409638554,0.0,0.0,0.0,0.0,0.0,0.0,0.0,0.0,0.0,0.0,0.0,0.0,0.0722891566265,0.0963855421687
0.03125,0.0,0.0,0.09375,0.0,0.0,0.0,0.0,0.0,0.03125,0.0,0.0,0.0,0.03125,0.0,0.0,0.0,0.0,0.0,0.0,0.0,0.09375,0.3125,0.0,0.03125,0.0,0.0,0.03125,0.0,0.0,0.0,0.0,0.0,0.0,0.03125,0.0,0.0
0.0,0.0,0.0,0.0,0.0111111111111,0.0333333333333,0.0,0.0,0.0,0.0,0.0,0.0,0.0,0.0,0.0,0.0,0.0,0.0,0.0,0.0,0.0888888888889,0.0,0.0,0.477777777778,0.0,0.0,0.0,0.0,0.0,0.0,0.0888888888889,0.0555555555556,0.0,0.0,0.0,0.0,0.0
0.0,0.0,0.0,0.0875,0.0,0.0,0.0,0.0375,0.0,0.0625,0.025,0.0,0.0,0.0625,0.0,0.0,0.0,0.0,0.0,0.0,0.0,0.025,0.0,0.0,0.2625,0.0,0.0,0.0,0.0,0.0125,0.0,0.0,0.0125,0.0,0.0,0.0,0.0
0.0,0.0,0.0,0.0,0.0588235294118,0.0,0.0,0.0,0.0,0.0,0.0,0.0,0.0,0.0,0.0,0.176470588235,0.0,0.0,0.0,0.0294117647059,0.0,0.0,0.0,0.0,0.0,0.294117647059,0.0,0.0,0.0,0.0,0.0,0.0,0.0,0.0,0.0,0.0,0.0
0.0,0.0,0.0,0.0254237288136,0.0,0.0,0.0,0.0,0.0,0.0508474576271,0.00847457627119,0.0,0.0,0.0,0.0,0.0,0.0,0.0,0.0,0.0,0.0,0.0,0.0,0.0,0.0,0.0,0.432203389831,0.0,0.0,0.0,0.0,0.0,0.0,0.0,0.0,0.0,0.0
0.0,0.0,0.00534759358289,0.0,0.0,0.0,0.00534759358289,0.0,0.0,0.0,0.0,0.0,0.0,0.0,0.0,0.0,0.0,0.0,0.0,0.0,0.048128342246,0.0,0.0,0.0,0.0,0.0,0.0,0.513368983957,0.0,0.0,0.0,0.0,0.0160427807487,0.0,0.0,0.224598930481,0.0
0.0,0.0,0.0,0.0,0.0263157894737,0.0,0.0,0.0,0.0,0.0,0.0,0.0,0.0,0.0,0.0,0.0526315789474,0.0263157894737,0.0,0.0,0.0263157894737,0.0,0.0,0.0,0.0,0.0,0.210526315789,0.0,0.0,0.342105263158,0.0,0.0,0.0526315789474,0.0,0.0,0.0,0.0,0.0
0.0,0.0,0.0,0.0,0.0,0.0,0.0,0.0909090909091,0.0,0.020202020202,0.0,0.0505050505051,0.0,0.0505050505051,0.0,0.0,0.0,0.0,0.010101010101,0.0,0.0,0.0,0.0,0.0,0.0,0.0,0.0,0.0,0.0,0.212121212121,0.0,0.0,0.0,0.0808080808081,0.0,0.0,0.0
0.0,0.00819672131148,0.016393442623,0.0,0.0245901639344,0.0491803278689,0.00819672131148,0.0,0.0,0.0,0.0,0.0,0.0,0.0,0.0,0.0327868852459,0.0,0.0,0.0,0.0,0.0245901639344,0.0,0.0,0.0491803278689,0.0,0.0,0.0,0.0,0.0,0.0,0.393442622951,0.0327868852459,0.00819672131148,0.0,0.0,0.0,0.0
0.0,0.0,0.0,0.0,0.0227272727273,0.0,0.00568181818182,0.0,0.0,0.0,0.0,0.0,0.0,0.0,0.0,0.0,0.0284090909091,0.0,0.0,0.0,0.0738636363636,0.0,0.0,0.0284090909091,0.0,0.0,0.0,0.0113636363636,0.00568181818182,0.0,0.0454545454545,0.653409090909,0.0,0.0,0.0,0.0,0.0
0.0,0.0173410404624,0.0462427745665,0.0,0.0,0.0,0.0115606936416,0.0693641618497,0.0,0.0,0.0,0.0115606936416,0.0,0.0173410404624,0.0,0.0,0.0,0.0,0.0,0.0,0.0,0.0,0.00578034682081,0.0,0.0,0.0,0.0,0.0173410404624,0.0,0.00578034682081,0.0,0.0,0.294797687861,0.0578034682081,0.0,0.00578034682081,0.0
0.0,0.0098231827112,0.0333988212181,0.0,0.0,0.0,0.0,0.0216110019646,0.0,0.00196463654224,0.0,0.0117878192534,0.0,0.00196463654224,0.0,0.00785854616896,0.0,0.0,0.0,0.0,0.0,0.0,0.0,0.0,0.0,0.0,0.0,0.0,0.0,0.0235756385069,0.0,0.0,0.0255402750491,0.516699410609,0.0,0.0,0.0
0.0,0.0,0.0,0.0191693290735,0.0,0.0,0.0,0.0,0.0,0.0,0.0,0.0,0.0958466453674,0.0,0.00319488817891,0.0,0.0,0.0159744408946,0.0,0.0,0.0,0.0,0.00319488817891,0.0,0.0,0.0,0.0,0.0,0.0,0.0,0.0,0.0,0.0,0.0,0.527156549521,0.0,0.0543130990415
0.0,0.0,0.0,0.0,0.0,0.0,0.00208986415883,0.00313479623824,0.0,0.0,0.0,0.00104493207941,0.0,0.0,0.00104493207941,0.0,0.0,0.00313479623824,0.0,0.0,0.00835945663532,0.00940438871473,0.00104493207941,0.00104493207941,0.0,0.0,0.0,0.0240334378265,0.0,0.0,0.0,0.0,0.00104493207941,0.0,0.0,0.778474399164,0.00417972831766
0.00332225913621,0.0,0.0,0.0,0.0,0.0,0.0,0.0,0.00664451827243,0.0,0.0,0.0,0.0332225913621,0.0,0.00664451827243,0.0,0.0,0.0498338870432,0.0,0.0,0.0,0.0166112956811,0.0,0.0,0.0,0.0,0.0,0.0,0.0,0.0,0.0,0.0,0.0,0.0,0.0830564784053,0.00996677740864,0.578073089701
