0.565789473684,0.0,0.0,0.0263157894737,0.0,0.0,0.0,0.0263157894737,0.0,0.0394736842105,0.0,0.0,0.0,0.0394736842105,0.0,0.0,0.0,0.0,0.0,0.0,0.0,0.0789473684211,0.0394736842105,0.0,0.0526315789474,0.0,0.0,0.0263157894737,0.0,0.0,0.0,0.0,0.0,0.0,0.0131578947368,0.0131578947368,0.0394736842105
0.0,0.519174041298,0.0383480825959,0.0,0.0412979351032,0.0176991150442,0.00589970501475,0.00294985250737,0.0,0.0,0.0,0.00294985250737,0.0,0.0,0.0,0.0737463126844,0.0,0.0,0.0,0.0,0.0,0.0,0.0,0.0147492625369,0.0,0.00884955752212,0.0,0.0147492625369,0.0,0.00589970501475,0.0117994100295,0.00294985250737,0.0117994100295,0.0206489675516,0.0,0.0,0.0
0.00625,0.1,0.525,0.0,0.0,0.00625,0.0125,0.0,0.0,0.0,0.00625,0.01875,0.0,0.00625,0.0,0.04375,0.0,0.0,0.0,0.0,0.0,0.0,0.0,0.0,0.0,0.0,0.0,0.00625,0.0,0.01875,0.0,0.0,0.03125,0.075,0.0,0.0,0.0
0.003300330033,0.0,0.0,0.844884488449,0.0,0.0,0.0,0.00660066006601,0.0,0.0660066006601,0.0,0.0,0.003300330033,0.0,0.0,0.0,0.0,0.0,0.0,0.0,0.0,0.003300330033,0.003300330033,0.0,0.0,0.0,0.00660066006601,0.0,0.0,0.0,0.0,0.0,0.0,0.0,0.003300330033,0.0,0.00660066006601
0.0,0.0307692307692,0.00615384615385,0.0,0.587692307692,0.00923076923077,0.0,0.00307692307692,0.0,0.0,0.0,0.0,0.0,0.0,0.0,0.110769230769,0.0,0.0,0.0,0.0,0.0,0.0,0.0,0.0,0.0,0.0,0.0,0.00307692307692,0.0,0.0,0.0553846153846,0.00923076923077,0.0,0.0,0.0,0.0,0.0
0.0,0.0555555555556,0.0,0.0,0.0555555555556,0.722222222222,0.0,0.0222222222222,0.0,0.0,0.0,0.0,0.0,0.0,0.0,0.0111111111111,0.0,0.0,0.0,0.0,0.0,0.0,0.0,0.0222222222222,0.0,0.0,0.0,0.0,0.0,0.0111111111111,0.0444444444444,0.0,0.0111111111111,0.0111111111111,0.0,0.0,0.0
0.0625,0.125,0.0,0.0,0.03125,0.03125,0.1875,0.03125,0.0,0.0,0.0,0.0,0.0,0.0,0.0,0.0,0.0,0.0,0.0,0.0,0.0,0.0,0.0,0.0,0.0,0.0,0.0,0.3125,0.0,0.0,0.0,0.0,0.03125,0.0,0.0,0.0625,0.0
0.0189573459716,0.0189573459716,0.00947867298578,0.0142180094787,0.0,0.00473933649289,0.0,0.592417061611,0.0,0.0,0.0,0.0236966824645,0.0,0.0284360189573,0.0,0.00947867298578,0.0,0.0,0.0284360189573,0.0,0.0,0.00947867298578,0.00947867298578,0.0,0.0189573459716,0.0,0.0,0.00473933649289,0.0,0.0284360189573,0.0,0.0,0.0473933649289,0.0521327014218,0.0,0.0,0.00473933649289
0.0,0.0,0.0,0.0,0.0,0.0,0.0,0.0,0.917647058824,0.0,0.0,0.0,0.00588235294118,0.0,0.0,0.0,0.0,0.0352941176471,0.0,0.0,0.0,0.0,0.0,0.0,0.0,0.0,0.0,0.0,0.0,0.0,0.0,0.0,0.0,0.0,0.0,0.0,0.0
0.0,0.0,0.00406504065041,0.0365853658537,0.0,0.0,0.0,0.0162601626016,0.0,0.739837398374,0.0243902439024,0.00813008130081,0.0,0.00406504065041,0.0,0.0,0.0,0.0,0.0,0.0,0.0,0.0,0.00406504065041,0.0,0.0162601626016,0.0,0.0406504065041,0.0,0.0,0.020325203252,0.0,0.0,0.0,0.00406504065041,0.00406504065041,0.0,0.0
0.0,0.0,0.0,0.0,0.0,0.0,0.0,0.03125,0.0,0.09375,0.46875,0.0,0.0,0.03125,0.0,0.0,0.0,0.0,0.0,0.0,0.0,0.0,0.0,0.0,0.03125,0.0,0.0,0.0,0.0,0.03125,0.0,0.0,0.0,0.0625,0.0,0.0,0.0
0.0,0.0,0.0103092783505,0.0,0.0,0.0,0.0,0.0103092783505,0.0,0.00515463917526,0.0,0.80412371134,0.0,0.00515463917526,0.0,0.0,0.0,0.0,0.0463917525773,0.0,0.0,0.0,0.0,0.0,0.0,0.0,0.0,0.0,0.0,0.0257731958763,0.0,0.0,0.0,0.0360824742268,0.0,0.0,0.0
0.0,0.0,0.0,0.00974025974026,0.0,0.0,0.0,0.0,0.00324675324675,0.00324675324675,0.0,0.0,0.775974025974,0.0,0.0,0.0,0.0,0.0162337662338,0.0,0.0,0.0,0.0,0.0,0.0,0.0,0.0,0.0,0.0,0.0,0.0,0.0,0.0,0.0,0.0,0.0519480519481,0.0,0.0584415584416
0.0615384615385,0.0,0.0,0.0153846153846,0.0,0.0,0.0,0.107692307692,0.0,0.0153846153846,0.0153846153846,0.0153846153846,0.0,0.492307692308,0.0,0.0,0.0,0.0,0.0307692307692,0.0,0.0,0.0,0.0,0.0,0.0461538461538,0.0,0.0,0.0153846153846,0.0,0.0153846153846,0.0,0.0,0.0307692307692,0.0461538461538,0.0153846153846,0.0,0.0
0.0,0.0,0.0,0.0,0.0,0.0,0.0,0.0,0.02,0.0,0.0,0.0,0.03,0.0,0.77,0.0,0.0,0.14,0.0,0.0,0.0,0.0,0.0,0.0,0.0,0.0,0.0,0.0,0.0,0.0,0.0,0.0,0.0,0.0,0.0,0.0,0.0
0.0,0.0464344941957,0.016583747927,0.0,0.0514096185738,0.0016583747927,0.0,0.0016583747927,0.0,0.0,0.0,0.0,0.0,0.0,0.0,0.666666666667,0.0,0.0,0.0016583747927,0.0016583747927,0.0,0.0,0.0,0.0,0.0,0.00331674958541,0.0,0.0,0.0,0.00331674958541,0.00829187396352,0.0,0.00331674958541,0.00995024875622,0.0,0.0,0.0
0.0,0.0,0.0,0.0,0.0,0.0,0.0,0.0,0.0,0.0,0.0,0.0,0.0,0.0,0.0,0.0,0.933085501859,0.0,0.0,0.0,0.0,0.0,0.0,0.0,0.0,0.0,0.0,0.0,0.0,0.0,0.0,0.0446096654275,0.0,0.0,0.0,0.0,0.0
0.0,0.0,0.0,0.0283687943262,0.0,0.0,0.0,0.0,0.0141843971631,0.0,0.0,0.0,0.0992907801418,0.0,0.0141843971631,0.0,0.0,0.539007092199,0.0,0.0,0.0,0.00709219858156,0.0,0.0,0.0,0.0,0.0,0.0,0.0,0.0,0.0,0.0,0.0,0.0,0.0354609929078,0.00709219858156,0.13475177305
0.0,0.0,0.0,0.0,0.0,0.0,0.0,0.0,0.0,0.0,0.0,0.020979020979,0.0,0.00699300699301,0.0,0.0,0.0,0.0,0.888111888112,0.0,0.0,0.0,0.0,0.0,0.0,0.0,0.0,0.0,0.0,0.013986013986,0.0,0.0,0.0,0.034965034965,0.0,0.0,0.0
0.0,0.0,0.0,0.0,0.0,0.0,0.0,0.0,0.0,0.0,0.0,0.0,0.0,0.0,0.0,0.0212765957447,0.0,0.0,0.0,0.957446808511,0.0,0.0,0.0,0.0,0.0,0.0,0.0,0.0,0.0,0.0,0.0,0.0,0.0,0.0,0.0,0.0,0.0
0.0,0.0,0.0,0.0,0.0,0.0,0.0,0.0,0.0,0.0,0.0,0.0,0.0,0.0,0.0,0.0,0.0,0.0,0.0,0.0,0.833333333333,0.0,0.0,0.0416666666667,0.0,0.0,0.0,0.0277777777778,0.0,0.0,0.0231481481481,0.00462962962963,0.0,0.0,0.0,0.0231481481481,0.0
0.0731707317073,0.0,0.0,0.0243902439024,0.0,0.0,0.0,0.0243902439024,0.0,0.0,0.0,0.0,0.0,0.0121951219512,0.0,0.0,0.0,0.0,0.0,0.0,0.0,0.646341463415,0.0121951219512,0.0,0.0121951219512,0.0,0.0,0.0,0.0,0.0,0.0,0.0,0.0,0.0,0.0,0.0121951219512,0.0487804878049
0.153846153846,0.0,0.0,0.0769230769231,0.0,0.0384615384615,0.0,0.0,0.0,0.0,0.0,0.0,0.0,0.0,0.0,0.0,0.0,0.0,0.0,0.0,0.0,0.0,0.461538461538,0.0,0.0384615384615,0.0,0.0,0.0,0.0,0.0,0.0,0.0,0.0,0.0,0.0384615384615,0.0384615384615,0.0
0.0,0.0,0.0,0.0,0.00729927007299,0.0036496350365,0.0036496350365,0.0,0.0,0.0,0.0,0.0,0.0,0.0,0.0,0.0,0.0,0.0,0.0,0.0,0.036496350365,0.0,0.0,0.832116788321,0.0,0.0,0.0,0.0,0.0,0.0,0.0401459854015,0.0109489051095,0.0,0.0,0.0,0.0,0.0
0.046875,0.0,0.0,0.0625,0.0,0.0,0.0,0.0625,0.0,0.046875,0.03125,0.0,0.0,0.015625,0.0,0.0,0.0,0.0,0.0,0.0,0.0,0.0,0.03125,0.0,0.640625,0.0,0.0,0.0,0.0,0.0,0.0,0.0,0.0,0.0,0.0,0.0,0.0
0.0,0.0,0.0,0.0,0.0363636363636,0.0,0.0,0.0,0.0,0.0,0.0,0.0,0.0,0.0,0.0,0.109090909091,0.0,0.0,0.0,0.0181818181818,0.0,0.0,0.0,0.0,0.0,0.781818181818,0.0,0.0,0.0,0.0,0.0,0.0,0.0,0.0,0.0,0.0,0.0
0.0,0.0,0.0,0.0229885057471,0.0,0.0,0.0,0.0,0.0,0.114942528736,0.0114942528736,0.0,0.0,0.0,0.0,0.0,0.0,0.0,0.0,0.0,0.0,0.0,0.0,0.0,0.0,0.0,0.747126436782,0.0,0.0,0.0,0.0,0.0,0.0,0.0,0.0,0.0,0.0
0.00246305418719,0.00738916256158,0.00985221674877,0.0,0.00246305418719,0.00492610837438,0.00738916256158,0.00738916256158,0.0,0.0,0.0,0.0,0.0,0.0,0.0,0.0,0.0,0.0,0.0,0.0,0.0344827586207,0.0,0.0,0.0,0.0,0.0,0.0,0.766009852217,0.0,0.0,0.0,0.0,0.0221674876847,0.00246305418719,0.0,0.0837438423645,0.0
0.0,0.0,0.0,0.0,0.0,0.0,0.0,0.0,0.0,0.0,0.0,0.0,0.0,0.0,0.0,0.0322580645161,0.0,0.0,0.0,0.0322580645161,0.0,0.0,0.0,0.0,0.0,0.0645161290323,0.0,0.0,0.741935483871,0.0,0.0,0.0,0.0,0.0,0.0,0.0,0.0
0.0,0.00819672131148,0.016393442623,0.0,0.0,0.0,0.0,0.0573770491803,0.0,0.0,0.0,0.0327868852459,0.0,0.00819672131148,0.0,0.016393442623,0.0,0.0,0.0327868852459,0.0,0.0,0.00819672131148,0.0,0.0,0.0,0.0,0.0,0.0,0.0,0.66393442623,0.0,0.0,0.00819672131148,0.0655737704918,0.0,0.00819672131148,0.0
0.0,0.00785340314136,0.00261780104712,0.0,0.044502617801,0.00261780104712,0.00261780104712,0.00523560209424,0.0,0.0,0.0,0.0,0.0,0.0,0.0,0.0104712041885,0.0,0.0,0.0,0.0,0.0157068062827,0.0,0.0,0.0261780104712,0.0,0.0,0.0,0.00261780104712,0.0,0.0,0.811518324607,0.00785340314136,0.00785340314136,0.0,0.0,0.0,0.0
0.0,0.0,0.0,0.0,0.00655737704918,0.00655737704918,0.0,0.0,0.0,0.0,0.0,0.0,0.0,0.0,0.0,0.00327868852459,0.0229508196721,0.0,0.0,0.0,0.0131147540984,0.0,0.0,0.0262295081967,0.0,0.0,0.0,0.0,0.0,0.0,0.00983606557377,0.849180327869,0.0,0.0,0.0,0.0,0.0
0.00502512562814,0.035175879397,0.0150753768844,0.0,0.00502512562814,0.0,0.00502512562814,0.0753768844221,0.0,0.0,0.0,0.00502512562814,0.0,0.00502512562814,0.0,0.00502512562814,0.0,0.0,0.0,0.0,0.0,0.0,0.00502512562814,0.0,0.0,0.0,0.0,0.0452261306533,0.0,0.0,0.00502512562814,0.0,0.678391959799,0.0452261306533,0.0,0.0,0.0
0.0,0.0143084260731,0.0254372019078,0.0,0.0,0.0,0.00317965023847,0.00635930047695,0.0,0.0,0.0,0.0222575516693,0.0,0.0,0.0,0.00953895071542,0.0,0.0,0.00476947535771,0.0,0.0,0.0,0.0,0.0,0.0,0.0,0.0,0.00158982511924,0.0,0.00953895071542,0.0,0.0,0.00953895071542,0.780604133545,0.0,0.0,0.0
0.00571428571429,0.0,0.0,0.0114285714286,0.0,0.0,0.0,0.0,0.0,0.0,0.0,0.0,0.06,0.00285714285714,0.0,0.0,0.0,0.00571428571429,0.0,0.0,0.0,0.0,0.0,0.0,0.0,0.0,0.0,0.0,0.0,0.0,0.0,0.0,0.0,0.0,0.745714285714,0.0,0.0628571428571
0.0051993067591,0.0,0.00173310225303,0.0,0.0,0.0,0.0,0.000866551126516,0.0,0.0,0.0,0.0,0.0,0.0,0.0,0.0,0.0,0.000866551126516,0.0,0.0,0.00433275563258,0.00173310225303,0.0,0.0,0.0,0.0,0.0,0.0242634315425,0.0,0.000866551126516,0.0,0.0,0.000866551126516,0.0,0.0,0.906412478336,0.00173310225303
0.0,0.0,0.0,0.00155763239875,0.0,0.0,0.0,0.0,0.0,0.0,0.0,0.0,0.018691588785,0.0,0.0,0.0,0.0,0.0140186915888,0.0,0.0,0.0,0.00311526479751,0.0,0.0,0.0,0.0,0.0,0.0,0.0,0.0,0.0,0.0,0.0,0.0,0.0327102803738,0.00778816199377,0.853582554517
