0.0769230769231,0.0769230769231,0.0,0.0,0.0,0.0,0.0,0.0,0.0,0.0,0.0,0.0,0.0,0.0,0.0,0.0,0.0,0.0,0.0,0.0,0.0769230769231,0.0,0.0,0.0,0.0,0.0,0.0,0.0,0.0,0.0769230769231,0.0,0.0,0.0,0.0,0.0,0.0,0.0
0.0117647058824,0.0352941176471,0.0117647058824,0.0,0.0705882352941,0.0117647058824,0.0,0.0117647058824,0.0,0.0,0.0,0.0,0.0,0.0,0.0,0.0588235294118,0.0,0.0,0.0,0.0,0.0117647058824,0.0,0.0,0.0,0.0,0.0,0.0,0.0117647058824,0.0,0.0117647058824,0.0470588235294,0.0,0.0117647058824,0.0352941176471,0.0,0.0,0.0
0.0172413793103,0.0344827586207,0.0344827586207,0.0,0.0344827586207,0.0172413793103,0.0,0.0344827586207,0.0,0.0,0.0,0.0,0.0,0.0,0.0,0.0,0.0,0.0,0.0,0.0,0.0,0.0,0.0,0.0,0.0,0.0,0.0,0.0,0.0,0.0,0.0344827586207,0.0,0.0172413793103,0.051724137931,0.0,0.0,0.0
0.0,0.0,0.0,0.0606060606061,0.0,0.0,0.0,0.0,0.0,0.030303030303,0.030303030303,0.0,0.0,0.030303030303,0.0,0.0,0.0,0.0,0.0,0.0,0.0,0.030303030303,0.0606060606061,0.0,0.0,0.0,0.030303030303,0.0606060606061,0.0,0.0,0.0,0.0,0.030303030303,0.0,0.0,0.0,0.030303030303
0.0,0.0263157894737,0.0131578947368,0.0,0.0789473684211,0.0131578947368,0.0,0.0,0.0,0.0,0.0,0.0,0.0,0.0,0.0,0.0394736842105,0.0,0.0,0.0,0.0,0.0,0.0,0.0,0.0394736842105,0.0,0.0263157894737,0.0,0.0,0.0,0.0263157894737,0.0526315789474,0.0263157894737,0.0,0.0,0.0,0.0,0.0
0.0,0.0,0.0,0.0,0.0,0.0,0.0,0.0,0.0,0.0,0.0,0.0,0.0,0.0,0.0,0.0,0.0,0.0,0.0,0.0,0.0,0.0,0.0,0.0,0.0,0.0,0.0,0.0625,0.0,0.0,0.0625,0.0,0.0,0.0,0.0,0.0,0.0
0.0,0.0588235294118,0.0588235294118,0.0,0.0588235294118,0.0,0.0588235294118,0.0,0.0,0.0,0.0,0.0,0.0,0.0,0.0,0.0,0.0,0.0,0.0,0.0,0.0,0.0,0.0,0.0,0.0,0.0,0.0,0.235294117647,0.0,0.0,0.0,0.0,0.0588235294118,0.0,0.0,0.117647058824,0.0
0.0,0.0357142857143,0.0,0.0357142857143,0.0,0.0,0.0,0.107142857143,0.0,0.0714285714286,0.0,0.0,0.0,0.0,0.0,0.0357142857143,0.0,0.0,0.0357142857143,0.0,0.0,0.0,0.0,0.0,0.0,0.0,0.0,0.0714285714286,0.0,0.0,0.0,0.0,0.0,0.0357142857143,0.0,0.0357142857143,0.0
0.0,0.0,0.0,0.0,0.0,0.0,0.0,0.0,0.304347826087,0.0,0.0,0.0,0.0,0.0,0.0,0.0,0.0,0.0434782608696,0.0,0.0,0.0,0.0,0.0,0.0,0.0,0.0,0.0,0.0,0.0,0.0,0.0,0.0,0.0,0.0,0.0,0.0,0.0
0.0,0.0,0.04,0.08,0.0,0.0,0.0,0.04,0.0,0.08,0.0,0.0,0.0,0.0,0.0,0.0,0.0,0.0,0.0,0.0,0.0,0.04,0.0,0.0,0.0,0.0,0.04,0.0,0.0,0.0,0.0,0.0,0.0,0.04,0.0,0.0,0.0
0.0,0.142857142857,0.0,0.142857142857,0.0,0.0,0.0,0.0,0.0,0.0,0.0,0.0,0.142857142857,0.142857142857,0.0,0.0,0.0,0.0,0.0,0.0,0.0,0.0,0.0,0.0,0.0,0.0,0.0,0.0,0.0,0.0,0.0,0.0,0.0,0.285714285714,0.0,0.0,0.0
0.0,0.0,0.0,0.0,0.0,0.0,0.0,0.0588235294118,0.0,0.0588235294118,0.0,0.0588235294118,0.0,0.0,0.0,0.0,0.0,0.0,0.0,0.0,0.0,0.0,0.0,0.0,0.0588235294118,0.0,0.0,0.0,0.0,0.0,0.0,0.0,0.0588235294118,0.0,0.0,0.0,0.0588235294118
0.0,0.0,0.0,0.0,0.0,0.0,0.0,0.0,0.0188679245283,0.0,0.0,0.0,0.0943396226415,0.0,0.0188679245283,0.0,0.0,0.0566037735849,0.0,0.0,0.0,0.0,0.0,0.0,0.0,0.0,0.0,0.0,0.0,0.0,0.0,0.0,0.0,0.0,0.11320754717,0.0,0.0754716981132
0.0,0.0,0.1,0.1,0.0,0.0,0.0,0.0,0.0,0.0,0.0,0.0,0.0,0.1,0.0,0.0,0.0,0.0,0.0,0.0,0.0,0.0,0.0,0.0,0.0,0.0,0.0,0.0,0.0,0.0,0.0,0.0,0.0,0.0,0.0,0.1,0.1
0.0,0.0,0.0,0.0,0.0,0.0,0.0,0.0,0.0,0.0,0.0,0.0,0.0,0.0,0.222222222222,0.0,0.0,0.111111111111,0.0,0.0,0.0,0.111111111111,0.0,0.0,0.0,0.0,0.0,0.0,0.0,0.0,0.0,0.0,0.0,0.0,0.0,0.0,0.111111111111
0.0,0.0245901639344,0.0245901639344,0.0,0.0737704918033,0.0,0.0,0.00819672131148,0.0,0.0,0.0,0.0,0.0,0.00819672131148,0.0,0.0655737704918,0.0,0.0,0.0,0.0,0.0,0.0,0.0,0.00819672131148,0.0,0.016393442623,0.0,0.0,0.0327868852459,0.0,0.016393442623,0.00819672131148,0.0,0.00819672131148,0.0,0.0,0.0
0.0,0.0,0.0,0.0,0.0,0.0,0.0,0.0,0.0,0.0,0.0,0.0,0.0,0.0,0.0,0.0,0.210526315789,0.0,0.0,0.0,0.0,0.0,0.0,0.0,0.0,0.0526315789474,0.0,0.0,0.0,0.0,0.0,0.0,0.0,0.0,0.0,0.0,0.0
0.0,0.0,0.0,0.0322580645161,0.0,0.0,0.0,0.0,0.161290322581,0.0,0.0,0.0,0.0,0.0322580645161,0.0645161290323,0.0,0.0,0.129032258065,0.0,0.0,0.0,0.0,0.0,0.0,0.0,0.0,0.0,0.0,0.0,0.0,0.0,0.0,0.0,0.0,0.0322580645161,0.0967741935484,0.0
0.0,0.0,0.0,0.0,0.0,0.0,0.0,0.0,0.0,0.0909090909091,0.0,0.0,0.0,0.0,0.0,0.0,0.0,0.0,0.181818181818,0.0,0.0,0.0,0.0,0.0,0.0,0.0,0.0,0.0,0.0,0.0,0.0,0.0,0.0,0.181818181818,0.0,0.0,0.0
0.0,0.0,0.0,0.0,0.0,0.0,0.0,0.0,0.0,0.0,0.0,0.0,0.0,0.0,0.0,0.0,0.0,0.0,0.0,0.0,0.0,0.0,0.0,0.0,0.0,0.0,0.0,0.0,0.0,0.0,0.0,0.0,0.0,0.0,0.0,0.0,0.0
0.0,0.0,0.0,0.0,0.0,0.0666666666667,0.0,0.0,0.0,0.0,0.0,0.0,0.0,0.0,0.0,0.0,0.0,0.0,0.0,0.0,0.133333333333,0.0,0.0,0.0,0.0,0.0,0.0,0.0666666666667,0.0,0.0,0.0,0.0666666666667,0.0,0.0,0.0,0.0,0.0
0.0666666666667,0.0,0.0,0.0,0.0,0.0,0.0,0.0,0.0,0.0,0.0,0.0,0.0,0.0666666666667,0.0,0.0,0.0,0.0,0.0,0.0,0.0,0.133333333333,0.0666666666667,0.0,0.0,0.0,0.0,0.0,0.0,0.0,0.0,0.0,0.0,0.0,0.0,0.0666666666667,0.0
0.166666666667,0.0,0.0,0.0,0.0,0.0,0.0,0.0,0.0,0.166666666667,0.0,0.0,0.0,0.0,0.0,0.0,0.0,0.0,0.0,0.0,0.0,0.0,0.0,0.0,0.0,0.0,0.0,0.0,0.0,0.0,0.0,0.0,0.0,0.0,0.166666666667,0.0,0.0
0.0,0.0,0.0,0.0,0.0,0.0,0.0,0.0,0.0,0.0,0.0,0.0,0.0,0.0,0.0,0.0344827586207,0.0,0.0,0.0,0.0,0.0344827586207,0.0,0.0,0.344827586207,0.0,0.0,0.0,0.0344827586207,0.0,0.0,0.103448275862,0.0,0.0,0.0,0.0,0.0344827586207,0.0
0.0,0.0,0.0,0.0,0.0,0.0,0.0,0.0,0.0,0.0,0.0,0.0,0.0,0.0,0.0,0.0,0.0,0.0,0.0,0.0,0.0,0.0,0.0,0.0,0.125,0.0,0.125,0.0,0.0,0.0,0.0,0.0,0.0,0.0,0.125,0.0,0.0
0.0,0.0,0.0,0.0,0.153846153846,0.0,0.0,0.0,0.0,0.0,0.0,0.0,0.0,0.0,0.0,0.0769230769231,0.0,0.0,0.0,0.0,0.0,0.0,0.0,0.0,0.0,0.0769230769231,0.0,0.0,0.0,0.0,0.0,0.0,0.0,0.0,0.0,0.0,0.0
0.0,0.0,0.0,0.0588235294118,0.0,0.0,0.0,0.0,0.0,0.117647058824,0.0588235294118,0.0,0.0,0.0,0.0,0.0,0.0,0.0,0.0,0.0,0.0,0.0,0.0,0.0,0.0,0.0,0.117647058824,0.0,0.0,0.0,0.0,0.0,0.0,0.0,0.0,0.0,0.0
0.0,0.0,0.0,0.0,0.0,0.0285714285714,0.0,0.0,0.0,0.0,0.0,0.0,0.0,0.0,0.0,0.0,0.0,0.0,0.0,0.0,0.0857142857143,0.0,0.0,0.0285714285714,0.0,0.0,0.0,0.0857142857143,0.0,0.0,0.0,0.0,0.0,0.0,0.0,0.0857142857143,0.0
0.0,0.0,0.0,0.0,0.0,0.0,0.0,0.0,0.0,0.0,0.0,0.0,0.0,0.0,0.0,0.0,0.0,0.0,0.0,0.0,0.0,0.0,0.0,0.0,0.0,0.0,0.0,0.0,0.125,0.0,0.0,0.0,0.0,0.0,0.0,0.0,0.0
0.0,0.0,0.0,0.0,0.0,0.0,0.0,0.0,0.0,0.0,0.0,0.0,0.0,0.0454545454545,0.0,0.0454545454545,0.0,0.0,0.0,0.0,0.0,0.0,0.0454545454545,0.0,0.0,0.0454545454545,0.0454545454545,0.0,0.0,0.0454545454545,0.0,0.0,0.0,0.0454545454545,0.0,0.0,0.0
0.0,0.0238095238095,0.0238095238095,0.0,0.0238095238095,0.0,0.0,0.0,0.0,0.0,0.0,0.0,0.0,0.0,0.0,0.0714285714286,0.0,0.0,0.0,0.0,0.0238095238095,0.0,0.0,0.0,0.0,0.0,0.0,0.0,0.0,0.0,0.0952380952381,0.047619047619,0.0,0.0,0.0,0.0,0.0
0.0,0.0,0.0,0.0,0.0540540540541,0.0,0.0,0.0,0.0,0.0,0.0,0.0,0.0,0.0,0.0,0.027027027027,0.0810810810811,0.0,0.0,0.0,0.027027027027,0.0,0.0,0.027027027027,0.0,0.027027027027,0.0,0.0,0.0,0.0,0.027027027027,0.216216216216,0.0,0.0,0.0,0.0,0.0
0.0,0.0333333333333,0.0,0.0,0.0,0.0,0.0,0.0,0.0,0.0,0.0,0.0,0.0,0.0,0.0,0.0,0.0,0.0,0.0,0.0,0.0,0.0,0.0,0.0,0.0,0.0,0.0,0.0,0.0,0.0,0.1,0.0,0.0666666666667,0.0333333333333,0.0,0.0333333333333,0.0
0.0,0.0,0.0112359550562,0.0,0.0112359550562,0.0112359550562,0.0,0.0112359550562,0.0,0.0112359550562,0.0,0.0224719101124,0.0,0.0112359550562,0.0,0.0337078651685,0.0,0.0,0.0,0.0,0.0,0.0,0.0,0.0,0.0,0.0,0.0,0.0,0.0,0.0337078651685,0.0,0.0,0.0,0.0898876404494,0.0,0.0,0.0112359550562
0.0138888888889,0.0,0.0,0.0277777777778,0.0,0.0,0.0,0.0,0.0,0.0,0.0,0.0,0.0694444444444,0.0,0.0,0.0,0.0,0.0555555555556,0.0,0.0,0.0,0.0,0.0,0.0,0.0,0.0,0.0,0.0,0.0,0.0,0.0,0.0,0.0,0.0,0.111111111111,0.0,0.0416666666667
0.0,0.0,0.00934579439252,0.00934579439252,0.0,0.00934579439252,0.00934579439252,0.0,0.0,0.0,0.0,0.0,0.0,0.0,0.0,0.0,0.0,0.0,0.0,0.0,0.00934579439252,0.0280373831776,0.0,0.0,0.0,0.0,0.0,0.0467289719626,0.0,0.0,0.0,0.0,0.0,0.0,0.0,0.299065420561,0.0
0.0363636363636,0.0,0.0,0.0,0.0,0.0,0.0,0.0,0.0,0.0,0.0,0.0,0.0,0.0,0.0181818181818,0.0,0.0,0.0363636363636,0.0,0.0,0.0,0.0363636363636,0.0,0.0,0.0,0.0,0.0,0.0,0.0,0.0,0.0,0.0,0.0,0.0,0.0727272727273,0.0,0.145454545455
