0.644736842105,0.0,0.0,0.0263157894737,0.0,0.0263157894737,0.0,0.0263157894737,0.0,0.0,0.0,0.0,0.0,0.0131578947368,0.0,0.0,0.0,0.0131578947368,0.0,0.0,0.0,0.0789473684211,0.0263157894737,0.0,0.0394736842105,0.0,0.0,0.0,0.0,0.0,0.0,0.0,0.0263157894737,0.0,0.0,0.0526315789474,0.0
0.0,0.514492753623,0.0326086956522,0.0,0.0398550724638,0.018115942029,0.00724637681159,0.0108695652174,0.0,0.0,0.0,0.0036231884058,0.0,0.0036231884058,0.0,0.115942028986,0.0,0.0,0.0,0.0,0.0,0.0,0.0,0.0036231884058,0.0,0.0036231884058,0.0,0.0108695652174,0.0,0.0,0.0036231884058,0.00724637681159,0.0253623188406,0.0217391304348,0.0,0.0,0.0
0.0,0.121621621622,0.560810810811,0.0,0.00675675675676,0.0135135135135,0.0135135135135,0.027027027027,0.0,0.0,0.0,0.0135135135135,0.0,0.0,0.0,0.0202702702703,0.0,0.0,0.0,0.0,0.00675675675676,0.0,0.0,0.0,0.0,0.0,0.0,0.0202702702703,0.0,0.0,0.0,0.0,0.0135135135135,0.0608108108108,0.0,0.0,0.0
0.00275482093664,0.0,0.0,0.925619834711,0.0,0.0,0.0,0.00275482093664,0.0,0.0330578512397,0.00275482093664,0.0,0.0,0.00275482093664,0.0,0.00275482093664,0.0,0.0,0.0,0.0,0.0,0.00550964187328,0.0,0.0,0.00275482093664,0.0,0.0,0.0,0.0,0.0,0.0,0.0,0.0,0.0,0.00826446280992,0.0,0.0
0.0,0.0380116959064,0.00292397660819,0.0,0.614035087719,0.00877192982456,0.00292397660819,0.0,0.0,0.0,0.0,0.0,0.0,0.0,0.0,0.0847953216374,0.0,0.0,0.0,0.0,0.00584795321637,0.0,0.0,0.00584795321637,0.0,0.00877192982456,0.0,0.00584795321637,0.0,0.0,0.0555555555556,0.0175438596491,0.0,0.00292397660819,0.0,0.0,0.0
0.0,0.0786516853933,0.0,0.0,0.0112359550562,0.775280898876,0.0,0.0,0.0,0.0,0.0,0.0,0.0,0.0,0.0,0.0,0.0,0.0,0.0,0.0,0.0,0.0,0.0,0.0224719101124,0.0,0.0,0.0,0.0112359550562,0.0,0.0,0.0224719101124,0.0,0.0,0.0112359550562,0.0,0.0,0.0
0.0,0.0322580645161,0.0,0.0,0.0,0.0,0.516129032258,0.0,0.0,0.0,0.0,0.0,0.0,0.0,0.0,0.0,0.0,0.0,0.0,0.0,0.0,0.0,0.0,0.0,0.0,0.0,0.0,0.193548387097,0.0,0.0,0.0322580645161,0.0,0.0645161290323,0.0322580645161,0.0,0.0322580645161,0.0
0.0119760479042,0.0059880239521,0.0119760479042,0.0119760479042,0.0059880239521,0.0,0.0,0.658682634731,0.0,0.0,0.0059880239521,0.0179640718563,0.0,0.0179640718563,0.0,0.0059880239521,0.0,0.0,0.0239520958084,0.0,0.0,0.0,0.0,0.0,0.0,0.0,0.0,0.0,0.0,0.0419161676647,0.0,0.0,0.059880239521,0.0419161676647,0.0,0.0059880239521,0.0059880239521
0.0,0.0,0.0,0.0,0.0,0.0,0.0,0.0,0.914772727273,0.0,0.0,0.0,0.0113636363636,0.0,0.0,0.0,0.0,0.0284090909091,0.0,0.0,0.0,0.0,0.0,0.0,0.0,0.0,0.0,0.0,0.0,0.0,0.0,0.0,0.0,0.0,0.0,0.0,0.00568181818182
0.0042735042735,0.0042735042735,0.0,0.025641025641,0.0042735042735,0.0,0.0,0.0042735042735,0.0,0.820512820513,0.0128205128205,0.0,0.0,0.0213675213675,0.0,0.0,0.0,0.0,0.0042735042735,0.0,0.0,0.00854700854701,0.0,0.0,0.0042735042735,0.0,0.0128205128205,0.0,0.0,0.00854700854701,0.0,0.0,0.0,0.0,0.0042735042735,0.0,0.0
0.0,0.0,0.0,0.0,0.0,0.0,0.0,0.0,0.0,0.08,0.68,0.0,0.0,0.0,0.0,0.0,0.0,0.0,0.04,0.0,0.0,0.0,0.0,0.0,0.0,0.0,0.0,0.0,0.0,0.12,0.0,0.0,0.0,0.0,0.0,0.0,0.0
0.0,0.0,0.0,0.0,0.0,0.0,0.0,0.0,0.0,0.0,0.0,0.791666666667,0.0,0.0,0.0,0.00462962962963,0.0,0.0,0.0509259259259,0.0,0.0,0.0,0.0,0.0,0.0,0.0,0.0,0.0,0.0,0.0277777777778,0.0,0.0,0.0,0.0555555555556,0.0,0.00462962962963,0.0
0.0,0.0,0.0,0.0062893081761,0.0,0.0,0.0,0.0,0.0,0.0,0.0,0.0,0.811320754717,0.0,0.0,0.0,0.0,0.0125786163522,0.0,0.0,0.0,0.0,0.0062893081761,0.0,0.0,0.0,0.0,0.0,0.0,0.0,0.0,0.0,0.0,0.0,0.0377358490566,0.0,0.0471698113208
0.063829787234,0.0,0.0,0.0212765957447,0.0,0.0,0.0,0.0425531914894,0.0,0.063829787234,0.0,0.0,0.0,0.489361702128,0.0,0.0,0.0,0.0,0.0,0.0,0.0,0.0,0.0212765957447,0.0,0.063829787234,0.0,0.0,0.0212765957447,0.0,0.063829787234,0.0,0.0,0.0212765957447,0.0212765957447,0.0,0.0,0.0
0.0,0.0,0.0,0.0,0.0,0.0,0.0,0.0,0.0461538461538,0.0,0.0,0.0,0.0615384615385,0.0,0.815384615385,0.0,0.0,0.0461538461538,0.0,0.0,0.0,0.0,0.0,0.0,0.0,0.0,0.0,0.0,0.0,0.0,0.0,0.0,0.0,0.0,0.0,0.0,0.0
0.0,0.0220338983051,0.0135593220339,0.0,0.0389830508475,0.0,0.0,0.00169491525424,0.0,0.0,0.0,0.0,0.0,0.0,0.0,0.776271186441,0.0,0.0,0.0,0.0,0.0,0.0,0.0,0.0,0.0,0.00169491525424,0.0,0.0,0.00338983050847,0.00338983050847,0.00847457627119,0.00169491525424,0.0,0.00677966101695,0.0,0.0,0.0
0.0,0.0,0.0,0.0,0.0,0.0,0.0,0.0,0.0,0.0,0.0,0.0,0.0,0.0,0.0,0.0,0.970802919708,0.0,0.0,0.0,0.0,0.0,0.0,0.0,0.0,0.0,0.0,0.0,0.0036496350365,0.0,0.0,0.0036496350365,0.0,0.0,0.0,0.0,0.0
0.0,0.0,0.0,0.0,0.0,0.0,0.0,0.0,0.015625,0.0,0.0,0.0,0.1171875,0.0,0.03125,0.0,0.0,0.6875,0.0,0.0,0.0,0.0,0.0,0.0,0.0,0.0,0.0,0.0,0.0,0.0,0.0,0.0,0.0,0.0,0.015625,0.0,0.0546875
0.0,0.0,0.0,0.0,0.0,0.0,0.0,0.00456621004566,0.0,0.0,0.0,0.0182648401826,0.0,0.0,0.0,0.0,0.0,0.0,0.926940639269,0.0,0.0,0.0,0.0,0.0,0.0,0.0,0.0,0.0,0.0,0.0228310502283,0.0,0.0,0.0,0.00456621004566,0.0,0.0,0.0
0.0,0.0,0.0,0.0,0.0,0.0,0.0,0.0,0.0,0.0,0.0,0.0,0.0,0.0,0.0,0.0,0.0,0.0,0.0,0.95,0.0,0.0,0.0,0.0,0.0,0.0,0.0,0.0,0.0166666666667,0.0,0.0,0.0,0.0,0.0,0.0,0.0,0.0
0.0,0.0,0.0,0.0,0.0,0.0,0.0,0.0,0.0,0.0,0.0,0.0,0.0,0.0,0.0,0.00387596899225,0.0,0.0,0.0,0.0,0.875968992248,0.0,0.0,0.0542635658915,0.0,0.0,0.0,0.0193798449612,0.0,0.0,0.0077519379845,0.00387596899225,0.0,0.0,0.0,0.0271317829457,0.0
0.0,0.0,0.0,0.010101010101,0.0,0.0,0.0,0.0,0.0,0.0,0.0,0.0,0.0,0.0,0.0,0.0,0.0,0.0,0.0,0.0,0.0,0.808080808081,0.0,0.0,0.020202020202,0.0,0.0,0.0,0.0,0.0,0.0,0.0,0.0,0.0,0.0,0.020202020202,0.040404040404
0.0434782608696,0.0,0.0,0.0434782608696,0.0,0.0,0.0869565217391,0.0,0.0,0.0434782608696,0.0,0.0,0.0434782608696,0.0,0.0,0.0,0.0,0.0,0.0,0.0,0.0,0.0434782608696,0.391304347826,0.0,0.0869565217391,0.0,0.0434782608696,0.0,0.0,0.0,0.0,0.0,0.0,0.0,0.0434782608696,0.0,0.0
0.0,0.0,0.0030303030303,0.0,0.0030303030303,0.00909090909091,0.0,0.0,0.0,0.0,0.0,0.0,0.0,0.0,0.0,0.0,0.0,0.0,0.0,0.0,0.0212121212121,0.0,0.0,0.875757575758,0.0,0.0,0.0030303030303,0.0,0.0,0.0,0.0242424242424,0.0272727272727,0.0,0.0,0.0,0.0,0.0
0.0222222222222,0.0,0.0,0.0666666666667,0.0,0.0,0.0,0.111111111111,0.0,0.0,0.0444444444444,0.0,0.0,0.0,0.0,0.0,0.0,0.0,0.0,0.0,0.0,0.0,0.0,0.0,0.622222222222,0.0,0.0,0.0,0.0,0.0,0.0,0.0,0.0222222222222,0.0,0.0,0.0,0.0
0.0,0.0,0.0,0.0,0.0,0.0,0.0,0.0,0.0,0.0,0.0,0.0,0.0,0.0,0.0,0.044776119403,0.0,0.0,0.0,0.0298507462687,0.0,0.0,0.0,0.0,0.0,0.850746268657,0.0,0.0,0.044776119403,0.0,0.0149253731343,0.0,0.0,0.0,0.0,0.0,0.0
0.0,0.0,0.0,0.0,0.0,0.0,0.0,0.0,0.0,0.046511627907,0.0116279069767,0.0,0.0,0.0116279069767,0.0,0.0,0.0,0.0,0.0,0.0,0.0,0.0,0.0,0.0,0.0116279069767,0.0,0.860465116279,0.0,0.0,0.0,0.0,0.0,0.0,0.0,0.0,0.0,0.0
0.0,0.0,0.0,0.0,0.0,0.0,0.00444444444444,0.0,0.0,0.0,0.0,0.0,0.0,0.0,0.0,0.0,0.0,0.0,0.0,0.0,0.02,0.0,0.0,0.00444444444444,0.0,0.0,0.0,0.871111111111,0.0,0.00222222222222,0.0,0.0,0.02,0.00222222222222,0.0,0.0511111111111,0.0
0.0,0.0,0.0,0.0,0.0,0.0,0.0,0.0,0.0,0.0,0.0,0.0,0.0,0.0,0.0,0.025641025641,0.0,0.0,0.0,0.0,0.0,0.0,0.0,0.0,0.0,0.128205128205,0.0,0.0,0.794871794872,0.0,0.0,0.0,0.0,0.0,0.0,0.0,0.0
0.0,0.00699300699301,0.0,0.0,0.0,0.0,0.0,0.027972027972,0.0,0.00699300699301,0.0,0.00699300699301,0.0,0.0,0.0,0.00699300699301,0.0,0.0,0.041958041958,0.0,0.0,0.0,0.0,0.0,0.0,0.0,0.0,0.00699300699301,0.0,0.783216783217,0.0,0.0,0.020979020979,0.041958041958,0.0,0.0,0.0
0.0,0.00691244239631,0.0,0.0,0.0276497695853,0.00460829493088,0.00230414746544,0.00230414746544,0.0,0.0,0.0,0.0,0.0,0.0,0.0,0.0,0.0,0.0,0.0,0.0,0.00691244239631,0.0,0.0,0.0253456221198,0.0,0.0,0.0,0.00230414746544,0.0,0.0,0.873271889401,0.00460829493088,0.0,0.0,0.0,0.0,0.0
0.0,0.00297619047619,0.0,0.0,0.00297619047619,0.0,0.0,0.0,0.0,0.0,0.0,0.0,0.00297619047619,0.0,0.0,0.00297619047619,0.0178571428571,0.0,0.0,0.0,0.0119047619048,0.0,0.0,0.00892857142857,0.0,0.0,0.0,0.0,0.0,0.0,0.00595238095238,0.91369047619,0.0,0.0,0.0,0.0,0.0
0.0,0.031914893617,0.0265957446809,0.00531914893617,0.0106382978723,0.0,0.00531914893617,0.0425531914894,0.0,0.0,0.0,0.00531914893617,0.0,0.0,0.0,0.0,0.0,0.0,0.0,0.0,0.0,0.0,0.0,0.0,0.0,0.0,0.0,0.0372340425532,0.0,0.00531914893617,0.0,0.0,0.718085106383,0.0372340425532,0.0,0.0,0.0
0.0,0.014657980456,0.0130293159609,0.0,0.0,0.0,0.0,0.00488599348534,0.0,0.0,0.00162866449511,0.0228013029316,0.0,0.0,0.0,0.00325732899023,0.0,0.0,0.00651465798046,0.0,0.0,0.0,0.0,0.0,0.0,0.0,0.0,0.00325732899023,0.0,0.00977198697068,0.0,0.0,0.0114006514658,0.799674267101,0.0,0.0,0.0
0.0,0.0,0.0,0.0163043478261,0.0,0.0,0.0,0.0,0.00271739130435,0.00815217391304,0.0,0.0,0.0516304347826,0.0,0.0,0.0,0.0,0.00815217391304,0.0,0.0,0.0,0.0,0.0,0.0,0.0,0.0,0.0,0.0,0.0,0.0,0.0,0.0,0.0,0.0,0.785326086957,0.00271739130435,0.0407608695652
0.00080971659919,0.0,0.00161943319838,0.0,0.0,0.0,0.00161943319838,0.00080971659919,0.0,0.0,0.0,0.0,0.0,0.0,0.0,0.0,0.0,0.0,0.0,0.0,0.00080971659919,0.0,0.0,0.0,0.0,0.0,0.0,0.0218623481781,0.0,0.00080971659919,0.0,0.0,0.00080971659919,0.0,0.0,0.944939271255,0.00161943319838
0.0,0.0,0.0,0.00134952766532,0.0,0.0,0.0,0.0,0.00134952766532,0.0,0.0,0.0,0.0188933873144,0.0,0.0,0.0,0.0,0.0080971659919,0.0,0.0,0.0,0.00134952766532,0.00134952766532,0.0,0.0,0.0,0.0,0.0,0.0,0.0,0.0,0.0,0.0,0.0,0.025641025641,0.00269905533063,0.886639676113
