0.03125,0.0,0.0,0.0,0.0,0.0,0.0,0.0078125,0.0,0.0,0.0,0.0,0.0,0.0078125,0.0,0.0,0.0,0.0,0.0,0.0,0.0,0.0078125,0.0,0.0,0.0078125,0.0,0.0,0.0,0.0,0.0,0.0,0.0,0.0078125,0.0,0.0,0.0,0.0
0.0,0.0909090909091,0.012987012987,0.0,0.0194805194805,0.0,0.00649350649351,0.0,0.0,0.0,0.0,0.0,0.0,0.0,0.0,0.0454545454545,0.0,0.0,0.0,0.0,0.0,0.0,0.0,0.0,0.0,0.0,0.0,0.0,0.0,0.0,0.00649350649351,0.0,0.0194805194805,0.0194805194805,0.0,0.0,0.0
0.0,0.0573770491803,0.0901639344262,0.0,0.0,0.0,0.016393442623,0.016393442623,0.0,0.0,0.0,0.00819672131148,0.0,0.0,0.0,0.0409836065574,0.0,0.0,0.0,0.0,0.0,0.0,0.0,0.0,0.0,0.0,0.0,0.0,0.0,0.0,0.0,0.0,0.016393442623,0.00819672131148,0.0,0.0,0.0
0.00268817204301,0.0,0.0,0.0295698924731,0.0,0.0,0.0,0.0,0.0,0.0188172043011,0.0,0.0,0.0,0.0,0.0,0.0,0.0,0.0,0.0,0.0,0.0,0.00268817204301,0.00268817204301,0.0,0.00806451612903,0.0,0.00268817204301,0.0,0.0,0.0,0.0,0.0,0.0,0.0,0.0,0.0,0.00268817204301
0.0,0.0324074074074,0.0,0.0,0.0740740740741,0.00462962962963,0.0,0.0,0.0,0.0,0.0,0.0,0.0,0.0,0.0,0.0740740740741,0.0,0.0,0.0,0.0,0.0,0.0,0.0,0.0,0.0,0.00462962962963,0.0,0.0,0.0,0.0,0.0138888888889,0.0,0.0,0.0,0.0,0.0,0.0
0.0,0.015625,0.0,0.0,0.015625,0.0078125,0.0,0.0,0.0,0.0,0.0,0.0,0.0,0.0,0.0,0.0078125,0.0,0.0,0.0,0.0,0.0,0.0,0.0,0.0,0.0,0.0,0.0,0.0078125,0.0,0.0,0.0078125,0.0,0.0,0.0,0.0,0.0,0.0
0.0,0.0,0.0,0.0,0.0,0.0,0.0,0.0,0.0,0.0,0.0,0.0,0.0,0.0,0.0,0.0,0.0,0.0,0.0,0.0,0.0,0.0,0.0,0.0,0.0,0.0,0.0,0.0232558139535,0.0,0.0,0.0,0.0,0.0,0.0,0.0,0.0,0.0
0.0117647058824,0.0,0.0,0.0,0.0,0.0,0.0,0.0235294117647,0.0,0.0,0.00588235294118,0.0,0.0,0.0,0.0,0.0,0.0,0.0,0.0,0.0,0.0,0.00588235294118,0.0,0.0,0.0,0.0,0.0,0.0,0.0,0.00588235294118,0.0,0.0,0.00588235294118,0.0,0.0,0.0176470588235,0.00588235294118
0.0,0.0,0.0,0.0,0.0,0.0,0.0,0.0,0.00671140939597,0.0,0.0,0.0,0.0,0.0,0.0,0.0,0.0,0.00671140939597,0.0,0.0,0.0,0.0,0.0,0.0,0.0,0.0,0.0,0.0,0.0,0.0,0.0,0.0,0.0,0.0,0.0,0.0,0.0
0.0,0.0,0.0,0.0201005025126,0.0,0.0,0.0,0.0,0.0,0.0251256281407,0.0,0.0,0.0,0.0,0.0,0.0,0.0,0.0,0.0,0.0,0.0,0.0150753768844,0.00502512562814,0.0,0.00502512562814,0.0,0.0301507537688,0.0,0.0,0.00502512562814,0.0,0.0,0.0,0.0,0.0,0.0,0.0
0.0,0.0,0.0,0.047619047619,0.0,0.0,0.0,0.0,0.0,0.0,0.0,0.0,0.0,0.047619047619,0.0,0.0,0.0,0.0,0.0,0.0,0.0,0.0,0.0,0.0,0.0,0.0,0.0,0.0,0.0,0.0,0.0,0.0,0.0,0.0,0.0,0.0,0.0
0.0,0.0,0.0,0.0,0.0,0.0,0.0,0.00371747211896,0.0,0.0,0.0,0.0185873605948,0.0,0.0,0.0,0.0,0.0,0.0,0.0,0.0,0.0,0.0,0.0,0.0,0.0,0.0,0.0,0.0,0.0,0.0223048327138,0.0,0.0,0.0,0.0148698884758,0.0,0.0,0.0
0.0,0.0,0.0,0.00660066006601,0.0,0.0,0.0,0.0,0.0,0.0,0.0,0.0,0.036303630363,0.0,0.003300330033,0.0,0.0,0.00990099009901,0.0,0.0,0.0,0.0,0.0,0.0,0.0,0.0,0.0,0.0,0.0,0.0,0.0,0.0,0.0,0.0,0.016501650165,0.0,0.003300330033
0.0,0.0,0.0,0.0,0.0,0.0,0.0,0.0,0.0,0.0,0.0,0.0,0.0,0.0322580645161,0.0,0.0,0.0,0.0,0.0,0.0,0.0,0.0,0.0,0.0,0.0,0.0,0.0,0.0,0.0,0.0,0.0,0.0,0.0,0.0,0.0,0.0,0.0
0.0,0.0,0.0,0.0,0.0,0.0,0.0,0.0,0.0,0.0,0.0,0.0,0.0,0.0,0.00970873786408,0.0,0.0,0.0291262135922,0.0,0.0,0.0,0.0,0.0,0.0,0.0,0.0,0.0,0.0,0.0,0.0,0.0,0.0,0.0,0.0,0.0,0.0,0.0
0.0,0.0192307692308,0.00721153846154,0.0,0.0192307692308,0.00240384615385,0.00240384615385,0.0,0.0,0.0,0.0,0.0,0.0,0.0,0.0,0.103365384615,0.0,0.0,0.0,0.0,0.0,0.0,0.0,0.0,0.0,0.0,0.0,0.0,0.0,0.0,0.00240384615385,0.0,0.0,0.0192307692308,0.0,0.0,0.0
0.0,0.0,0.0,0.0,0.0,0.0,0.0,0.0,0.0,0.0,0.0,0.0,0.0,0.0,0.0,0.0,0.00699300699301,0.0,0.0,0.0,0.0,0.0,0.0,0.0,0.0,0.0,0.0,0.0,0.0,0.0,0.0,0.0,0.0,0.0,0.0,0.0,0.0
0.0,0.0,0.0,0.0,0.0,0.0,0.0,0.0,0.0,0.0,0.0,0.0,0.0175438596491,0.0,0.0,0.0,0.0,0.0350877192982,0.0,0.0,0.0,0.0,0.0,0.0,0.0,0.0,0.0,0.0,0.0,0.0,0.0,0.0,0.0,0.0,0.0116959064327,0.0,0.0
0.0,0.00409836065574,0.0,0.0,0.0,0.0,0.0,0.00409836065574,0.0,0.0,0.0,0.00409836065574,0.0,0.0,0.0,0.0,0.0,0.0,0.0122950819672,0.0,0.0,0.0,0.0,0.0,0.0,0.0,0.0,0.0,0.0,0.016393442623,0.0,0.0,0.0,0.0245901639344,0.0,0.0,0.0
0.0,0.0,0.0,0.0,0.0,0.0,0.0,0.0,0.0,0.0,0.0,0.0,0.0,0.0,0.0,0.0,0.0,0.0,0.0,0.0,0.0,0.0,0.0,0.0,0.0,0.0,0.0,0.0,0.0,0.0,0.0,0.0,0.0,0.0,0.0,0.0,0.0
0.0,0.0,0.0,0.0,0.0,0.00778210116732,0.0,0.0,0.0,0.0,0.0,0.0,0.0,0.0,0.0,0.0,0.0,0.0,0.0,0.0,0.0194552529183,0.0,0.0,0.0194552529183,0.0,0.0,0.0,0.011673151751,0.0,0.0,0.00389105058366,0.0,0.0,0.0,0.0,0.00389105058366,0.0
0.0380952380952,0.0,0.0,0.0,0.0,0.0,0.0,0.0,0.0,0.0,0.0,0.0,0.0,0.0,0.0,0.0,0.0,0.0,0.0,0.0,0.0,0.0666666666667,0.0,0.0,0.0,0.0,0.00952380952381,0.0,0.0,0.0,0.0,0.0,0.0,0.0,0.0,0.0,0.0
0.0,0.0,0.0,0.0,0.0,0.0,0.0,0.0,0.0,0.0,0.0,0.0,0.0,0.0,0.0,0.0,0.0,0.0,0.0,0.0,0.0,0.0,0.0,0.0,0.0,0.0,0.0,0.0,0.0,0.0,0.0,0.0,0.0,0.0,0.0,0.0,0.0
0.0,0.003300330033,0.0,0.0,0.00990099009901,0.00660066006601,0.0,0.0,0.0,0.0,0.0,0.0,0.0,0.0,0.0,0.0,0.0,0.0,0.0,0.0,0.003300330033,0.0,0.0,0.019801980198,0.0,0.0,0.0,0.0,0.0,0.0,0.00990099009901,0.003300330033,0.0,0.0,0.0,0.0,0.0
0.0185185185185,0.0,0.0,0.0,0.0,0.0,0.0,0.0,0.0,0.0185185185185,0.0,0.0,0.0,0.0185185185185,0.0,0.0,0.0,0.0,0.0,0.0,0.0,0.0,0.0,0.0,0.037037037037,0.0,0.0,0.0,0.0,0.0,0.0,0.0,0.0,0.0,0.0,0.0,0.0
0.0,0.0,0.0,0.0,0.0,0.0,0.0,0.0,0.0,0.0,0.0,0.0,0.0,0.0,0.0,0.0588235294118,0.0,0.0,0.0,0.0,0.0,0.0,0.0,0.0,0.0,0.0352941176471,0.0,0.0,0.0,0.0,0.0,0.0,0.0,0.0,0.0,0.0,0.0
0.0,0.0,0.0,0.0,0.0,0.0,0.0,0.0,0.0,0.027027027027,0.00900900900901,0.0,0.0,0.0,0.0,0.0,0.0,0.0,0.0,0.0,0.0,0.0,0.0,0.0,0.00900900900901,0.0,0.126126126126,0.0,0.0,0.0,0.0,0.0,0.0,0.0,0.0,0.0,0.0
0.0,0.00191938579655,0.0,0.0,0.0,0.0,0.00191938579655,0.0,0.0,0.0,0.0,0.0,0.0,0.0,0.0,0.0,0.0,0.0,0.0,0.0,0.00575815738964,0.0,0.0,0.0,0.0,0.0,0.0,0.0153550863724,0.0,0.0,0.0,0.0,0.00575815738964,0.0,0.0,0.0172744721689,0.0
0.0,0.0,0.0,0.0,0.0,0.0,0.0,0.0,0.0,0.0,0.0,0.0,0.0,0.0,0.0,0.0172413793103,0.0,0.0,0.0,0.0172413793103,0.0,0.0,0.0,0.0,0.0,0.0,0.0,0.0,0.0344827586207,0.0,0.0,0.0,0.0,0.0,0.0,0.0,0.0
0.0,0.0134228187919,0.00671140939597,0.00671140939597,0.0,0.0,0.00671140939597,0.00671140939597,0.0,0.0,0.0,0.0201342281879,0.0,0.0,0.0,0.0134228187919,0.0,0.0,0.0,0.0,0.0,0.0,0.0,0.0,0.0,0.0,0.0,0.0,0.0,0.0134228187919,0.0,0.0,0.0,0.0469798657718,0.0,0.0,0.0
0.0,0.0131926121372,0.0,0.0,0.0316622691293,0.00527704485488,0.0,0.0,0.0,0.0,0.0,0.0,0.0,0.0,0.0,0.00263852242744,0.0,0.0,0.0,0.0,0.00527704485488,0.0,0.0,0.00263852242744,0.0,0.0,0.0,0.0,0.0,0.0,0.0501319261214,0.00263852242744,0.00791556728232,0.0,0.0,0.0,0.0
0.0,0.0,0.0,0.0,0.00715563506261,0.0,0.0,0.0,0.0,0.0,0.0,0.0,0.0,0.0,0.0,0.00178890876565,0.00178890876565,0.0,0.0,0.0,0.0,0.0,0.0,0.00178890876565,0.0,0.0,0.0,0.0,0.0,0.0,0.0143112701252,0.0357781753131,0.0,0.0,0.0,0.0,0.0
0.0,0.00416666666667,0.0,0.0,0.0,0.0,0.00416666666667,0.025,0.0,0.0,0.0,0.0,0.0,0.00416666666667,0.0,0.00416666666667,0.0,0.0,0.0,0.0,0.00416666666667,0.0,0.0,0.0,0.0,0.0,0.0,0.00416666666667,0.0,0.0,0.0,0.0,0.0375,0.0166666666667,0.0,0.0125,0.0
0.0,0.0030487804878,0.00609756097561,0.0,0.0015243902439,0.0,0.0,0.0030487804878,0.0,0.0015243902439,0.0,0.00457317073171,0.0,0.0,0.0,0.00457317073171,0.0,0.0,0.0030487804878,0.0,0.0,0.0,0.0,0.0,0.0,0.0,0.0,0.0,0.0,0.0030487804878,0.0,0.0,0.00762195121951,0.0411585365854,0.0,0.0,0.0
0.0,0.0,0.0,0.00307692307692,0.0,0.0,0.0,0.0,0.0,0.0,0.0,0.0,0.0123076923077,0.0,0.0,0.0,0.0,0.00923076923077,0.0,0.0,0.0,0.0,0.0,0.0,0.0,0.0,0.0,0.0,0.0,0.0,0.0,0.0,0.0,0.0,0.0307692307692,0.0,0.00923076923077
0.0,0.0,0.0,0.0,0.0,0.0,0.0,0.000768049155146,0.0,0.0,0.0,0.0,0.0,0.0,0.0,0.0,0.0,0.0,0.0,0.0,0.0,0.0,0.0,0.0,0.0,0.0,0.0,0.00691244239631,0.0,0.0,0.0,0.0,0.0,0.0,0.0,0.0499231950845,0.00153609831029
0.0,0.0,0.0,0.00110987791343,0.0,0.0,0.0,0.0,0.0,0.00110987791343,0.0,0.0,0.0,0.0,0.0,0.0,0.0,0.00221975582686,0.0,0.0,0.0,0.0,0.0,0.0,0.0,0.0,0.0,0.0,0.0,0.0,0.0,0.0,0.0,0.0,0.00332963374029,0.0,0.00998890122087
