0.0689655172414,0.0,0.0,0.0,0.0,0.0,0.0,0.0,0.0,0.0,0.0,0.0,0.0,0.0,0.0,0.0,0.0,0.0,0.0,0.0,0.0,0.0229885057471,0.0229885057471,0.0,0.0229885057471,0.0,0.0,0.0,0.0,0.0,0.0,0.0,0.0229885057471,0.0,0.0,0.0574712643678,0.0
0.0,0.132768361582,0.045197740113,0.0,0.045197740113,0.0112994350282,0.00847457627119,0.00847457627119,0.0,0.0,0.0,0.0,0.0,0.0,0.0,0.0847457627119,0.0,0.0,0.0,0.0,0.0,0.0,0.0,0.0,0.0,0.0,0.0,0.0,0.0,0.00564971751412,0.0,0.0,0.0141242937853,0.0169491525424,0.0,0.0,0.0
0.0,0.0915750915751,0.0842490842491,0.0,0.0,0.0,0.003663003663,0.014652014652,0.0,0.0,0.0,0.0,0.0,0.0,0.0,0.03663003663,0.0,0.0,0.0,0.0,0.0,0.0,0.0,0.0,0.0,0.0,0.0,0.003663003663,0.0,0.00732600732601,0.0,0.0,0.0512820512821,0.0659340659341,0.0,0.0,0.0
0.0,0.0,0.0,0.0989583333333,0.0,0.0,0.0,0.0,0.0,0.0520833333333,0.00520833333333,0.0,0.0,0.0,0.0,0.0,0.0,0.0,0.0,0.0,0.0,0.0,0.0104166666667,0.0,0.0260416666667,0.0,0.0104166666667,0.0,0.0,0.0,0.0,0.0,0.0,0.0,0.015625,0.0,0.00520833333333
0.0,0.0216606498195,0.00361010830325,0.0,0.148014440433,0.0108303249097,0.0,0.0,0.0,0.0,0.0,0.0,0.0,0.0,0.0,0.119133574007,0.0,0.0,0.0,0.0,0.0,0.0,0.0,0.0,0.0,0.0,0.0,0.0,0.0,0.0,0.0108303249097,0.0072202166065,0.0,0.0,0.0,0.0,0.0
0.0,0.0677966101695,0.0,0.0,0.0169491525424,0.0,0.0,0.0,0.0,0.0,0.0,0.0,0.0,0.0,0.0,0.0,0.0,0.0,0.0,0.0,0.0,0.0,0.0,0.0,0.0,0.0,0.0,0.0,0.0,0.0,0.0338983050847,0.0,0.0,0.0,0.0,0.0,0.0
0.0,0.016393442623,0.0327868852459,0.0,0.0,0.0,0.0655737704918,0.0,0.0,0.0,0.0,0.0,0.0,0.0,0.0,0.0,0.0,0.0,0.0,0.0,0.016393442623,0.0,0.0,0.0,0.0,0.0,0.0,0.0,0.0,0.0,0.0,0.0,0.0327868852459,0.0,0.0,0.016393442623,0.0
0.00967741935484,0.00967741935484,0.0161290322581,0.0,0.0,0.0,0.00322580645161,0.183870967742,0.0,0.0129032258065,0.00322580645161,0.00322580645161,0.0,0.0322580645161,0.0,0.0,0.0,0.0,0.00322580645161,0.0,0.0,0.0,0.0,0.0,0.0,0.0,0.0,0.0,0.0,0.0290322580645,0.0,0.0,0.058064516129,0.0483870967742,0.0,0.0,0.0
0.0,0.0,0.0,0.0,0.0,0.0,0.0,0.0,0.381818181818,0.0,0.0,0.0,0.0,0.0,0.0181818181818,0.0,0.0,0.0,0.0,0.0,0.0,0.0,0.0,0.0,0.0,0.0,0.0,0.0,0.0,0.0,0.0,0.0,0.0,0.0,0.0,0.0,0.0181818181818
0.0,0.0,0.0,0.0261780104712,0.0,0.0,0.0,0.00523560209424,0.0,0.141361256545,0.0104712041885,0.0,0.0,0.0,0.0,0.0,0.0,0.0,0.0,0.0,0.0,0.0,0.00523560209424,0.0,0.0418848167539,0.0,0.0418848167539,0.0,0.0,0.00523560209424,0.0,0.0,0.0,0.0,0.0104712041885,0.0,0.0
0.0,0.0,0.0,0.0,0.0,0.0,0.0,0.0166666666667,0.0,0.0333333333333,0.0166666666667,0.0,0.0,0.0,0.0,0.0,0.0,0.0,0.0,0.0,0.0,0.0,0.0,0.0,0.0666666666667,0.0,0.0,0.0,0.0,0.0166666666667,0.0,0.0,0.0,0.0,0.0,0.0,0.0
0.0,0.0,0.0,0.0,0.0,0.0,0.0,0.0921052631579,0.0,0.0,0.0,0.0526315789474,0.0,0.0,0.0,0.0,0.0,0.0,0.0,0.0,0.0,0.0,0.0,0.0,0.0,0.0,0.0,0.0,0.0,0.0131578947368,0.0,0.0,0.0131578947368,0.210526315789,0.0,0.0,0.0
0.0,0.0,0.0,0.0,0.0,0.0,0.0,0.0,0.0134228187919,0.0,0.0,0.0,0.187919463087,0.0,0.0,0.0,0.0,0.0671140939597,0.0,0.0,0.0,0.0,0.0,0.0,0.0,0.0,0.0,0.0,0.0,0.0,0.0,0.0,0.0,0.0,0.0536912751678,0.0,0.0201342281879
0.00806451612903,0.00806451612903,0.0,0.0,0.0,0.0,0.0,0.120967741935,0.0,0.0,0.0,0.00806451612903,0.0,0.137096774194,0.0,0.0,0.0,0.0,0.0,0.0,0.0,0.0,0.00806451612903,0.0,0.0161290322581,0.0,0.0,0.0,0.0,0.00806451612903,0.0,0.0,0.0241935483871,0.0241935483871,0.0,0.0,0.0
0.0,0.0,0.0,0.0,0.0,0.0,0.0,0.0,0.0,0.0,0.0,0.0,0.0,0.0,0.324324324324,0.0,0.0,0.378378378378,0.0,0.0,0.0,0.0,0.0,0.0,0.0,0.0,0.0,0.0,0.0,0.0,0.0,0.0,0.0,0.0,0.0,0.0,0.0
0.0,0.0468384074941,0.00468384074941,0.0,0.0585480093677,0.00234192037471,0.0,0.0,0.0,0.0,0.0,0.0,0.0,0.0,0.0,0.281030444965,0.0,0.0,0.0,0.0,0.0,0.0,0.0,0.0,0.0,0.00702576112412,0.0,0.0,0.0,0.0,0.0,0.0,0.00234192037471,0.0,0.0,0.0,0.0
0.0,0.0,0.0,0.0,0.0,0.0,0.0,0.0,0.0,0.0,0.0,0.0,0.0,0.0,0.0,0.0,0.4,0.0,0.0,0.0,0.0,0.0,0.0,0.0,0.0,0.0,0.0,0.0,0.0,0.0,0.0,0.025,0.0,0.0,0.0,0.0,0.0
0.0,0.0,0.0,0.0,0.0,0.0,0.0,0.0,0.0181818181818,0.0,0.0,0.0,0.0454545454545,0.0,0.163636363636,0.0,0.0,0.181818181818,0.0,0.0,0.0,0.0,0.0,0.0,0.0,0.0,0.0,0.0,0.0,0.0,0.0,0.0,0.0,0.0,0.0363636363636,0.0,0.00909090909091
0.0,0.0,0.0,0.0,0.0,0.0,0.0,0.142857142857,0.0,0.0,0.0,0.047619047619,0.0,0.0,0.0,0.0,0.0,0.0,0.0,0.0,0.0,0.0,0.0,0.0,0.0,0.0,0.0,0.0,0.0,0.0,0.0,0.0,0.0,0.047619047619,0.0,0.0,0.0
0.0,0.0,0.0,0.0,0.0,0.0,0.0,0.0,0.0,0.0,0.0,0.0,0.0,0.0,0.0,0.0,0.0,0.0,0.0,0.0,0.0,0.0,0.0,0.0,0.0,0.0,0.0,0.0,0.0,0.0,0.0,0.0,0.0,0.0,0.0,0.0,0.0
0.0,0.0,0.0,0.0,0.0,0.0,0.0,0.0,0.0,0.0,0.0,0.0,0.0,0.0,0.0,0.0,0.0,0.0,0.0,0.0,0.181818181818,0.0,0.0,0.020202020202,0.0,0.0,0.0,0.0707070707071,0.0,0.0,0.0,0.040404040404,0.0,0.0,0.0,0.0,0.0
0.0102040816327,0.0,0.0,0.0204081632653,0.0,0.0,0.0,0.0,0.0,0.0102040816327,0.0,0.0,0.0,0.0,0.0,0.0,0.0,0.0,0.0,0.0,0.0,0.0714285714286,0.0,0.0,0.0,0.0,0.0,0.0,0.0,0.0,0.0,0.0,0.0,0.0,0.0,0.0204081632653,0.0102040816327
0.0,0.0,0.0,0.0,0.0,0.0,0.0,0.0,0.0,0.0,0.0,0.0,0.0,0.0227272727273,0.0,0.0,0.0,0.0,0.0,0.0,0.0,0.0454545454545,0.0454545454545,0.0,0.0909090909091,0.0,0.0,0.0,0.0,0.0,0.0,0.0,0.0,0.0,0.0227272727273,0.0,0.0
0.0,0.0,0.0,0.0,0.0,0.0434782608696,0.0,0.0,0.0,0.0,0.0,0.0,0.0,0.0,0.0,0.0,0.0,0.0,0.0,0.0,0.130434782609,0.0,0.0,0.0869565217391,0.0,0.0,0.0,0.0,0.0,0.0,0.0869565217391,0.0869565217391,0.0,0.0,0.0,0.0,0.0
0.0,0.0,0.0,0.0459770114943,0.0,0.0,0.0,0.0344827586207,0.0,0.0574712643678,0.0114942528736,0.0,0.0,0.0459770114943,0.0,0.0,0.0,0.0,0.0,0.0,0.0,0.0,0.0114942528736,0.0,0.114942528736,0.0,0.0114942528736,0.0,0.0,0.0,0.0,0.0,0.0,0.0,0.0,0.0,0.0
0.0,0.0,0.0,0.0,0.0204081632653,0.0,0.0,0.0,0.0,0.0,0.0,0.0,0.0,0.0,0.0,0.0612244897959,0.0,0.0,0.0,0.0,0.0,0.0,0.0,0.0,0.0,0.0816326530612,0.0,0.0,0.0,0.0,0.0,0.0,0.0,0.0,0.0,0.0,0.0
0.0,0.0,0.0,0.0,0.0,0.0,0.0,0.0,0.0,0.039603960396,0.0,0.0,0.0,0.0,0.0,0.0,0.0,0.0,0.0,0.0,0.0,0.0,0.0,0.0,0.0,0.0,0.207920792079,0.0,0.0,0.0,0.0,0.0,0.0,0.0,0.0,0.0,0.0
0.0,0.0,0.0,0.0,0.0,0.0,0.0,0.0,0.0,0.0,0.0,0.0,0.0,0.0,0.0,0.0,0.0,0.0,0.0,0.0,0.00502512562814,0.0,0.0,0.0,0.0,0.0,0.0,0.246231155779,0.0,0.0,0.0,0.0,0.0,0.0,0.0,0.0653266331658,0.0
0.0,0.0,0.0,0.0,0.0,0.0,0.0,0.0,0.0,0.0,0.0,0.0,0.0,0.0,0.0,0.0,0.0,0.0,0.0,0.05,0.0,0.0,0.0,0.0,0.0,0.0,0.0,0.0,0.15,0.0,0.0,0.0,0.0,0.0,0.0,0.0,0.0
0.0,0.0,0.0137931034483,0.0,0.0,0.0,0.0,0.124137931034,0.0,0.0,0.0,0.0137931034483,0.0,0.00689655172414,0.0,0.00689655172414,0.0,0.0,0.0,0.0,0.0,0.0,0.0,0.0,0.0,0.0,0.0,0.0,0.0,0.0689655172414,0.0,0.0,0.0,0.11724137931,0.0,0.0,0.0
0.0,0.0,0.0,0.0,0.0666666666667,0.0,0.0,0.0,0.0,0.0,0.0,0.0,0.0,0.0,0.0,0.0,0.0,0.0,0.0,0.0,0.0133333333333,0.0,0.0,0.04,0.0,0.0,0.0,0.0,0.0,0.0,0.0533333333333,0.0266666666667,0.0,0.0,0.0,0.0,0.0
0.0,0.0,0.0,0.0,0.04,0.0,0.0,0.0,0.0,0.0,0.0,0.0,0.0,0.0,0.0,0.0,0.0133333333333,0.0,0.0,0.0,0.0266666666667,0.0,0.0,0.0,0.0,0.0,0.0,0.0,0.0133333333333,0.0,0.0266666666667,0.16,0.0,0.0,0.0,0.0,0.0
0.0,0.0229885057471,0.0344827586207,0.0,0.0,0.0,0.0114942528736,0.0689655172414,0.0,0.0,0.0,0.0,0.0,0.0,0.0,0.0,0.0,0.0,0.0,0.0,0.0,0.0,0.00383141762452,0.0,0.0,0.0,0.0,0.00766283524904,0.0,0.00766283524904,0.0,0.0,0.114942528736,0.095785440613,0.0,0.0,0.0
0.0,0.00744416873449,0.0272952853598,0.0,0.0,0.0,0.0,0.0471464019851,0.0,0.0,0.0,0.00992555831266,0.0,0.0,0.0,0.00744416873449,0.0,0.0,0.0,0.0,0.0,0.0,0.0,0.0,0.0,0.0,0.0,0.0,0.0,0.0421836228288,0.0,0.0,0.0620347394541,0.166253101737,0.0,0.0,0.0
0.0,0.0,0.0,0.014652014652,0.0,0.0,0.0,0.0,0.0,0.0,0.0,0.0,0.0622710622711,0.0,0.0,0.0,0.0,0.003663003663,0.0,0.0,0.0,0.0,0.0,0.0,0.0,0.0,0.0,0.0,0.0,0.0,0.0,0.0,0.0,0.0,0.271062271062,0.0,0.0769230769231
0.00675675675676,0.0,0.0,0.0,0.0,0.0,0.0,0.0,0.0,0.0,0.0,0.0,0.0,0.0,0.00225225225225,0.0,0.0,0.0,0.0,0.0,0.00225225225225,0.0,0.0,0.0,0.0,0.0,0.0,0.0292792792793,0.0,0.0,0.0,0.0,0.0,0.0,0.0,0.256756756757,0.0
0.0,0.0,0.0,0.00904977375566,0.0,0.0,0.0,0.0,0.00452488687783,0.0,0.0,0.0,0.0226244343891,0.0,0.00904977375566,0.0,0.0,0.0180995475113,0.0,0.0,0.0,0.0226244343891,0.0,0.0,0.0,0.0,0.0,0.00452488687783,0.0,0.0,0.0,0.0,0.0,0.0,0.0814479638009,0.0,0.226244343891
