0.0681818181818,0.0,0.0,0.0,0.0,0.0,0.0,0.0,0.0,0.0,0.0,0.0,0.0,0.0,0.0,0.0,0.0,0.0,0.0,0.0,0.0,0.0454545454545,0.0113636363636,0.0,0.0,0.0,0.0,0.0,0.0,0.0,0.0,0.0,0.0113636363636,0.0,0.0,0.0227272727273,0.0
0.0,0.207482993197,0.0272108843537,0.0,0.0102040816327,0.0102040816327,0.00680272108844,0.0,0.0,0.0,0.0,0.0,0.0,0.0,0.0,0.030612244898,0.0,0.0,0.0,0.0,0.0,0.0,0.0,0.0,0.0,0.0,0.0,0.0,0.0,0.0,0.0,0.0,0.0136054421769,0.00680272108844,0.0,0.0,0.0
0.0,0.0776255707763,0.114155251142,0.0,0.00456621004566,0.0,0.00913242009132,0.0182648401826,0.0,0.0,0.0,0.0,0.0,0.0,0.0,0.013698630137,0.0,0.0,0.0,0.0,0.0,0.0,0.0,0.0,0.0,0.0,0.0,0.00456621004566,0.0,0.00456621004566,0.0,0.0,0.0456621004566,0.0365296803653,0.0,0.0,0.0
0.0,0.0,0.0,0.151658767773,0.0,0.0,0.0,0.0,0.0,0.0331753554502,0.0,0.0,0.0,0.0,0.0,0.0,0.0,0.0,0.0,0.0,0.0,0.0,0.0284360189573,0.0,0.00473933649289,0.0,0.0,0.0,0.0,0.0,0.0,0.0,0.0,0.0,0.00947867298578,0.0,0.00473933649289
0.0,0.0172413793103,0.0,0.0,0.150862068966,0.00431034482759,0.0,0.0,0.0,0.0,0.0,0.0,0.0,0.0,0.0,0.0818965517241,0.0,0.0,0.0,0.0,0.0,0.0,0.0,0.0,0.0,0.0,0.0,0.0,0.0,0.0,0.0129310344828,0.0,0.0,0.0,0.0,0.0,0.0
0.0,0.0612244897959,0.0,0.0,0.0204081632653,0.0816326530612,0.0,0.0,0.0,0.0,0.0,0.0,0.0,0.0,0.0,0.0,0.0,0.0,0.0,0.0,0.0,0.0,0.0,0.0,0.0,0.0,0.0,0.0204081632653,0.0,0.0,0.0408163265306,0.0,0.0,0.0,0.0,0.0,0.0
0.0,0.0344827586207,0.0172413793103,0.0,0.0,0.0,0.0172413793103,0.0,0.0,0.0,0.0,0.0,0.0,0.0,0.0,0.0,0.0,0.0,0.0,0.0,0.0,0.0,0.0,0.0,0.0,0.0,0.0,0.0344827586207,0.0,0.0,0.0,0.0,0.051724137931,0.0,0.0,0.0172413793103,0.0
0.0,0.00354609929078,0.00354609929078,0.0,0.0,0.0,0.0,0.230496453901,0.0,0.0,0.0,0.00354609929078,0.0,0.0425531914894,0.0,0.0,0.0,0.0,0.00709219858156,0.0,0.0,0.0,0.0,0.0,0.0,0.0,0.0,0.0,0.0,0.031914893617,0.0,0.0,0.0425531914894,0.0283687943262,0.0,0.0,0.0
0.0,0.0,0.0,0.0,0.0,0.0,0.0,0.0,0.475409836066,0.0,0.0,0.0,0.0,0.0,0.0,0.0,0.0,0.016393442623,0.0,0.0,0.0,0.0,0.0,0.0,0.0,0.0,0.0,0.0,0.0,0.0,0.0,0.0,0.0,0.0,0.0,0.0,0.0
0.0,0.0,0.0,0.0373443983402,0.0,0.0,0.0,0.0,0.0,0.161825726141,0.00829875518672,0.0,0.0,0.00414937759336,0.0,0.0,0.0,0.0,0.0,0.0,0.0,0.0,0.00414937759336,0.0,0.0124481327801,0.0,0.0331950207469,0.0,0.0,0.0,0.0,0.0,0.0,0.0,0.0,0.0,0.0
0.0,0.0,0.0,0.0,0.0,0.0,0.0,0.051724137931,0.0,0.0172413793103,0.051724137931,0.0,0.0,0.0344827586207,0.0,0.0,0.0,0.0,0.0,0.0,0.0,0.0,0.0172413793103,0.0,0.0344827586207,0.0,0.0172413793103,0.0,0.0,0.0,0.0,0.0,0.0,0.0,0.0,0.0,0.0
0.0,0.0,0.0,0.0,0.0,0.0,0.0,0.0169491525424,0.0,0.0,0.0,0.0677966101695,0.0,0.0,0.0,0.0,0.0,0.0,0.0,0.0,0.0,0.0,0.0,0.0,0.0,0.0,0.0,0.0,0.0,0.0169491525424,0.0,0.0,0.0,0.135593220339,0.0,0.0,0.0
0.0,0.0,0.0,0.0,0.0,0.0,0.0,0.0,0.0,0.0,0.0,0.0,0.224598930481,0.0,0.00534759358289,0.0,0.0,0.0160427807487,0.0,0.0,0.0,0.0,0.0,0.0,0.0,0.0,0.0,0.0,0.0,0.0,0.0,0.0,0.0,0.0,0.0588235294118,0.0,0.0213903743316
0.0153846153846,0.0,0.0,0.0,0.0,0.0,0.0,0.0384615384615,0.0,0.0307692307692,0.0,0.0,0.0,0.153846153846,0.0,0.0,0.0,0.0,0.0,0.0,0.0,0.0,0.0,0.0,0.0769230769231,0.0,0.0,0.0,0.0,0.00769230769231,0.0,0.0,0.0,0.0,0.0,0.0,0.0
0.0,0.0,0.0,0.0,0.0,0.0,0.0,0.0,0.0,0.0,0.0,0.0,0.0,0.0,0.456140350877,0.0,0.0,0.210526315789,0.0,0.0,0.0,0.0,0.0,0.0,0.0,0.0,0.0,0.0,0.0,0.0,0.0,0.0,0.0,0.0,0.0,0.0,0.0
0.0,0.0340314136126,0.00261780104712,0.0,0.0340314136126,0.0,0.0,0.0,0.0,0.0,0.0,0.0,0.0,0.0,0.0,0.319371727749,0.0,0.0,0.0,0.0,0.0,0.0,0.0,0.0,0.0,0.00523560209424,0.0,0.0,0.0,0.0,0.0,0.0,0.0,0.00261780104712,0.0,0.0,0.0
0.0,0.0,0.0,0.0,0.0,0.0,0.0,0.0,0.0,0.0,0.0,0.0,0.0,0.0,0.0,0.0,0.465909090909,0.0,0.0,0.0,0.0,0.0,0.0,0.0,0.0,0.0,0.0,0.0,0.0,0.0,0.0,0.0113636363636,0.0,0.0,0.0,0.0,0.0
0.0,0.0,0.0,0.0,0.0,0.0,0.0,0.0,0.00819672131148,0.0,0.0,0.0,0.0655737704918,0.0,0.0737704918033,0.0,0.0,0.16393442623,0.0,0.0,0.0,0.0,0.0,0.0,0.0,0.0,0.0,0.0,0.0,0.0,0.0,0.0,0.0,0.0,0.0,0.0,0.0327868852459
0.0,0.0,0.0,0.0,0.0,0.0,0.0,0.0588235294118,0.0,0.0,0.0,0.0588235294118,0.0,0.0,0.0,0.0,0.0,0.0,0.0588235294118,0.0,0.0,0.0,0.0,0.0,0.0,0.0,0.0,0.0,0.0,0.0588235294118,0.0,0.0,0.0,0.0,0.0,0.0,0.0
0.0,0.0,0.0,0.0,0.0,0.0,0.0,0.0,0.0,0.0,0.0,0.0,0.0,0.0,0.0,0.0,0.0,0.0,0.0,0.0,0.0,0.0,0.0,0.0,0.0,0.0,0.0,0.0,0.0,0.0,0.0,0.0,0.0,0.0,0.0,0.0,0.0
0.0,0.0,0.0,0.0,0.0,0.0,0.0,0.0,0.0,0.0,0.0,0.0,0.0,0.0,0.0,0.0,0.0,0.0,0.0,0.0,0.28431372549,0.0,0.0,0.0,0.0,0.0,0.0,0.0588235294118,0.0,0.0,0.00980392156863,0.0,0.0,0.0,0.0,0.0,0.0
0.0260869565217,0.0,0.0,0.00869565217391,0.0,0.0,0.0,0.0,0.0,0.00869565217391,0.0,0.0,0.0,0.0,0.0,0.0,0.0,0.00869565217391,0.0,0.0,0.0,0.2,0.0260869565217,0.0,0.00869565217391,0.0,0.0,0.0,0.0,0.0,0.0,0.0,0.0,0.0,0.00869565217391,0.0173913043478,0.0173913043478
0.025974025974,0.0,0.0,0.0909090909091,0.0,0.0,0.0,0.0,0.0,0.0,0.012987012987,0.0,0.0,0.0,0.0,0.0,0.0,0.0,0.0,0.0,0.0,0.0,0.12987012987,0.0,0.0649350649351,0.0,0.0,0.0,0.0,0.0,0.0,0.0,0.0,0.0,0.0,0.0,0.0
0.0,0.0,0.0,0.0,0.0,0.0,0.0,0.0,0.0,0.0,0.0,0.0,0.0,0.0,0.0,0.0,0.0,0.0,0.0,0.0,0.037037037037,0.0,0.0,0.148148148148,0.0,0.0,0.0,0.0,0.0,0.0,0.0740740740741,0.111111111111,0.0,0.0,0.0,0.0,0.0
0.00757575757576,0.0,0.0,0.0151515151515,0.0,0.0,0.0,0.0,0.0,0.0227272727273,0.030303030303,0.0,0.0,0.030303030303,0.0,0.0,0.0,0.0,0.0,0.0,0.0,0.0151515151515,0.0227272727273,0.0,0.181818181818,0.0,0.0,0.0,0.0,0.0,0.0,0.0,0.0,0.0,0.0,0.0,0.0
0.0,0.0,0.0,0.0,0.0,0.0,0.0,0.0,0.0,0.0,0.0,0.0,0.0,0.0,0.0,0.093023255814,0.0,0.0,0.0,0.0,0.0,0.0,0.0,0.0,0.0,0.116279069767,0.0,0.0,0.0,0.0,0.0,0.0,0.0,0.0,0.0,0.0,0.0
0.0,0.0,0.0,0.0,0.0,0.0,0.0,0.0,0.0,0.0230769230769,0.00769230769231,0.0,0.0,0.0,0.0,0.0,0.0,0.0,0.0,0.0,0.0,0.0,0.0,0.0,0.0,0.0,0.246153846154,0.0,0.0,0.0,0.0,0.0,0.0,0.0,0.0,0.0,0.0
0.0,0.0,0.0,0.0,0.0,0.0,0.0,0.0,0.0,0.0,0.0,0.0,0.0,0.0,0.0,0.0,0.0,0.0,0.0,0.0,0.00975609756098,0.0,0.0,0.0,0.0,0.0,0.0,0.263414634146,0.0,0.0,0.0,0.0,0.0,0.0,0.0,0.0878048780488,0.0
0.0,0.0,0.0,0.0,0.0,0.0,0.0,0.0,0.0,0.0,0.0,0.0,0.0,0.0,0.0,0.0,0.0,0.0,0.0,0.0,0.0,0.0,0.0,0.0,0.0,0.0,0.0,0.0,0.344827586207,0.0,0.0,0.0,0.0,0.0,0.0,0.0,0.0
0.0,0.0,0.00699300699301,0.0,0.0,0.0,0.0,0.0909090909091,0.0,0.0,0.0,0.020979020979,0.0,0.00699300699301,0.0,0.0,0.0,0.0,0.0,0.0,0.0,0.0,0.0,0.0,0.0,0.0,0.00699300699301,0.0,0.0,0.048951048951,0.0,0.0,0.020979020979,0.0909090909091,0.0,0.0,0.0
0.0,0.0,0.0,0.0,0.046875,0.0,0.0,0.0,0.0,0.0,0.0,0.0,0.0,0.0,0.0,0.0,0.0,0.0,0.0,0.0,0.0,0.0,0.0,0.03125,0.0,0.0,0.0,0.0,0.0,0.0,0.046875,0.0,0.0,0.0,0.0,0.0,0.0
0.0,0.0,0.0,0.0,0.0103092783505,0.0,0.0,0.0,0.0,0.0,0.0,0.0,0.0,0.0,0.0,0.0,0.020618556701,0.0,0.0,0.0,0.0103092783505,0.0,0.0,0.0,0.0,0.0,0.0,0.0,0.0,0.0,0.0103092783505,0.340206185567,0.0,0.0,0.0,0.0,0.0
0.00373134328358,0.00746268656716,0.0335820895522,0.0,0.0,0.0,0.00373134328358,0.0783582089552,0.0,0.0,0.0,0.0,0.0,0.00373134328358,0.0,0.0,0.0,0.0,0.00373134328358,0.0,0.0,0.0,0.0,0.0,0.0,0.0,0.0,0.0,0.0,0.00373134328358,0.0,0.0,0.186567164179,0.0746268656716,0.0,0.0,0.0
0.0,0.00261096605744,0.0208877284595,0.0,0.0,0.0,0.0,0.0156657963446,0.0,0.0,0.0,0.0261096605744,0.0,0.0,0.0,0.0,0.0,0.0,0.0,0.0,0.0,0.0,0.0,0.0,0.0,0.0,0.0,0.0,0.0,0.023498694517,0.0,0.0,0.0365535248042,0.248041775457,0.0,0.0,0.0
0.0,0.0,0.0,0.00649350649351,0.0,0.0,0.0,0.0,0.0,0.00324675324675,0.0,0.0,0.0227272727273,0.0,0.0,0.0,0.0,0.0,0.0,0.0,0.0,0.0,0.0,0.0,0.0,0.0,0.0,0.0,0.0,0.0,0.0,0.0,0.0,0.0,0.269480519481,0.0,0.0681818181818
0.00890868596882,0.0,0.0,0.0,0.0,0.0,0.0,0.0,0.0,0.0,0.0,0.0,0.0,0.0,0.0,0.0,0.0,0.0,0.0,0.0,0.0022271714922,0.0022271714922,0.0,0.0,0.0,0.0,0.0,0.0244988864143,0.0,0.0,0.0,0.0,0.0,0.0,0.0,0.32293986637,0.0
0.0,0.0,0.0,0.0135746606335,0.0,0.0,0.0,0.0,0.0,0.0,0.0,0.0,0.0135746606335,0.0,0.0,0.0,0.0,0.0135746606335,0.0,0.0,0.0,0.0,0.0,0.0,0.0,0.0,0.0,0.0,0.0,0.0,0.0,0.0,0.0,0.0,0.0542986425339,0.0,0.235294117647
