0.393939393939,0.0,0.0151515151515,0.0151515151515,0.0,0.0,0.0151515151515,0.0606060606061,0.0,0.0,0.0,0.0,0.0,0.0454545454545,0.0,0.0,0.0,0.0,0.0,0.0,0.0,0.106060606061,0.0,0.0,0.030303030303,0.0,0.0,0.0,0.0,0.0151515151515,0.0,0.0,0.0,0.0,0.0,0.0151515151515,0.0151515151515
0.00502512562814,0.336683417085,0.0603015075377,0.0,0.0251256281407,0.0150753768844,0.0100502512563,0.00502512562814,0.0,0.0,0.0,0.0,0.0,0.0,0.0,0.0653266331658,0.0,0.0,0.0,0.0,0.0,0.0,0.0,0.0,0.0,0.00502512562814,0.0,0.00502512562814,0.0,0.00502512562814,0.00502512562814,0.0,0.0201005025126,0.0251256281407,0.0,0.0,0.0
0.0,0.102941176471,0.183823529412,0.0,0.0,0.0,0.0147058823529,0.0147058823529,0.0,0.0,0.0,0.00735294117647,0.0,0.0,0.0,0.0220588235294,0.0,0.0,0.0,0.0,0.0,0.0,0.0,0.0,0.0,0.0,0.0,0.0,0.0,0.0220588235294,0.00735294117647,0.0,0.0808823529412,0.0808823529412,0.0,0.0,0.0
0.00666666666667,0.0,0.0,0.466666666667,0.0,0.0,0.0,0.0133333333333,0.0,0.0466666666667,0.0,0.0,0.0,0.0,0.0,0.0,0.0,0.0,0.0,0.0,0.0,0.0133333333333,0.0133333333333,0.0,0.02,0.0,0.00666666666667,0.0,0.0,0.0,0.0,0.0,0.0,0.0,0.0266666666667,0.0,0.0133333333333
0.0,0.0267379679144,0.0,0.0,0.491978609626,0.0106951871658,0.0,0.0,0.0,0.0,0.0,0.0,0.0,0.0,0.0,0.0802139037433,0.0,0.0,0.0,0.0,0.0,0.0,0.0,0.0,0.0,0.0,0.0,0.00534759358289,0.0,0.0,0.0213903743316,0.0106951871658,0.0,0.0,0.0,0.0,0.0
0.0,0.0625,0.015625,0.0,0.09375,0.640625,0.015625,0.0,0.0,0.0,0.0,0.0,0.0,0.0,0.0,0.0,0.0,0.0,0.0,0.0,0.0,0.0,0.0,0.0,0.0,0.0,0.0,0.0,0.0,0.0,0.0,0.0,0.0,0.0,0.0,0.0,0.0
0.0,0.0681818181818,0.0454545454545,0.0,0.0,0.0,0.363636363636,0.0227272727273,0.0,0.0,0.0,0.0,0.0,0.0,0.0,0.0,0.0,0.0,0.0,0.0,0.0227272727273,0.0,0.0,0.0,0.0,0.0,0.0,0.0681818181818,0.0,0.0,0.0,0.0,0.136363636364,0.0,0.0,0.0,0.0
0.0121951219512,0.0,0.00406504065041,0.0,0.0,0.0,0.0,0.378048780488,0.0,0.0,0.0,0.0121951219512,0.0,0.0528455284553,0.0,0.00406504065041,0.0,0.0,0.00406504065041,0.0,0.0,0.00406504065041,0.00406504065041,0.0,0.00406504065041,0.0,0.0,0.0,0.0,0.0487804878049,0.0,0.0,0.0325203252033,0.0528455284553,0.0,0.0,0.0
0.0,0.0,0.0,0.0,0.0,0.0,0.0,0.0,0.84,0.0,0.0,0.0,0.0,0.0,0.015,0.0,0.0,0.04,0.0,0.0,0.0,0.0,0.0,0.0,0.0,0.0,0.0,0.0,0.0,0.0,0.0,0.0,0.0,0.0,0.005,0.0,0.005
0.0,0.0,0.0,0.0117647058824,0.0,0.0,0.0,0.0,0.0,0.352941176471,0.0235294117647,0.0,0.0,0.0294117647059,0.0,0.0,0.0,0.0,0.0,0.0,0.0,0.00588235294118,0.00588235294118,0.0,0.0705882352941,0.0,0.0294117647059,0.0,0.0,0.0117647058824,0.0,0.0,0.0,0.0,0.00588235294118,0.0,0.0
0.0,0.0,0.0263157894737,0.0,0.0,0.0,0.0,0.105263157895,0.0,0.0263157894737,0.210526315789,0.0526315789474,0.0,0.157894736842,0.0,0.0,0.0,0.0,0.0,0.0,0.0,0.0,0.0,0.0,0.0,0.0,0.0,0.0,0.0,0.105263157895,0.0,0.0,0.0,0.0,0.0,0.0,0.0
0.0,0.0,0.0,0.0,0.0,0.0,0.0,0.0126582278481,0.0,0.0,0.0,0.518987341772,0.0,0.0126582278481,0.0,0.0,0.0,0.0,0.0253164556962,0.0,0.0,0.0,0.0,0.0,0.0,0.0,0.0,0.0,0.0,0.0506329113924,0.0,0.0,0.0126582278481,0.0759493670886,0.0,0.0,0.0
0.0,0.0,0.0,0.00502512562814,0.0,0.0,0.0,0.0,0.0,0.0,0.0,0.0,0.492462311558,0.0,0.00502512562814,0.0,0.0,0.035175879397,0.0,0.0,0.0,0.0,0.0,0.0,0.0,0.0,0.0,0.0,0.0,0.0,0.0,0.0,0.0,0.0,0.110552763819,0.0,0.0301507537688
0.00869565217391,0.0,0.00869565217391,0.00869565217391,0.0,0.0,0.00869565217391,0.0695652173913,0.0,0.00869565217391,0.00869565217391,0.00869565217391,0.0,0.295652173913,0.0,0.0,0.0,0.0,0.0,0.0,0.0,0.0,0.0,0.0,0.00869565217391,0.0,0.0,0.0,0.0,0.0347826086957,0.0,0.0,0.0347826086957,0.0347826086957,0.0,0.0,0.0
0.0,0.0,0.0,0.0,0.0,0.0,0.0,0.0,0.00686498855835,0.0,0.0,0.0,0.0114416475973,0.0,0.821510297483,0.0,0.0,0.0411899313501,0.0,0.0,0.0,0.00228832951945,0.0,0.0,0.0,0.0,0.0,0.0,0.0,0.0,0.0,0.0,0.0,0.0,0.00228832951945,0.0,0.00228832951945
0.0,0.0188679245283,0.00314465408805,0.0,0.0377358490566,0.00314465408805,0.0,0.0,0.0,0.0,0.0,0.0,0.0,0.0,0.0,0.427672955975,0.0,0.0,0.0,0.0,0.0,0.0,0.0,0.0,0.0,0.00314465408805,0.0,0.0,0.0,0.00314465408805,0.00314465408805,0.0,0.0062893081761,0.00314465408805,0.0,0.0,0.0
0.0,0.0,0.0,0.0,0.0,0.0,0.0,0.0,0.0,0.0,0.0,0.0,0.0,0.0,0.0,0.0,0.818584070796,0.0,0.0,0.0,0.0,0.0,0.0,0.0,0.0,0.0,0.0,0.0,0.0,0.0,0.0,0.0265486725664,0.0,0.0,0.0,0.0,0.0
0.0,0.0,0.0,0.0049504950495,0.0,0.0,0.0,0.0,0.049504950495,0.0,0.0,0.0,0.128712871287,0.0,0.0643564356436,0.0,0.0,0.445544554455,0.0,0.0,0.0,0.0,0.0,0.0,0.0,0.0,0.0,0.0,0.0,0.0,0.0,0.0,0.0,0.0,0.039603960396,0.0049504950495,0.0891089108911
0.0,0.0,0.0,0.0,0.0,0.0,0.0,0.03125,0.0,0.0,0.0,0.03125,0.0,0.0625,0.0,0.0,0.0,0.0,0.5,0.0,0.0,0.0,0.0,0.0,0.0,0.0,0.0,0.0,0.0,0.0625,0.0,0.0,0.0,0.09375,0.0,0.0,0.0
0.0,0.0,0.0,0.0,0.0,0.0,0.0,0.0,0.0,0.0,0.0,0.0,0.0,0.0,0.0,0.0,0.0,0.0,0.0,0.714285714286,0.0,0.0,0.0,0.0,0.0,0.142857142857,0.0,0.0,0.0,0.0,0.0,0.0,0.0,0.0,0.0,0.0,0.0
0.0,0.0,0.0,0.0,0.0,0.0,0.0,0.0,0.0,0.0,0.0,0.0,0.0,0.0,0.0,0.0,0.0,0.0,0.0,0.0,0.687861271676,0.0,0.0,0.0578034682081,0.0,0.0,0.0,0.0578034682081,0.0,0.0,0.0115606936416,0.0635838150289,0.0,0.0,0.0,0.028901734104,0.0
0.0425531914894,0.0,0.0,0.0,0.0,0.0,0.0,0.0106382978723,0.0,0.0106382978723,0.0,0.0,0.0,0.0212765957447,0.0,0.0,0.0,0.0,0.0,0.0,0.0,0.468085106383,0.0425531914894,0.0,0.031914893617,0.0,0.0,0.0106382978723,0.0,0.0,0.0,0.0,0.0,0.0,0.0,0.0744680851064,0.106382978723
0.0769230769231,0.0,0.0,0.0769230769231,0.0,0.0,0.0,0.0,0.0,0.0769230769231,0.0192307692308,0.0,0.0,0.0,0.0,0.0,0.0,0.0,0.0,0.0,0.0,0.0576923076923,0.211538461538,0.0,0.25,0.0,0.0,0.0,0.0,0.0,0.0,0.0,0.0,0.0,0.0,0.0,0.0
0.0,0.0,0.0,0.0,0.0,0.0,0.0,0.0,0.0,0.0,0.0,0.0,0.0,0.0,0.0,0.0,0.0,0.0,0.0,0.0,0.044776119403,0.0,0.0,0.522388059701,0.0,0.0,0.0,0.0,0.0,0.0,0.134328358209,0.10447761194,0.0,0.0,0.0,0.0,0.0
0.00826446280992,0.0,0.0,0.0247933884298,0.0,0.0,0.0,0.0495867768595,0.0,0.0495867768595,0.0330578512397,0.0,0.0,0.214876033058,0.0,0.0,0.0,0.0,0.0,0.0,0.0,0.00826446280992,0.0,0.0,0.256198347107,0.0,0.0,0.0,0.0,0.0247933884298,0.0,0.0,0.0,0.0,0.0,0.0,0.0
0.0,0.0,0.0,0.0,0.0,0.0357142857143,0.0,0.0,0.0,0.0,0.0,0.0,0.0,0.0,0.0,0.0,0.0,0.0,0.0,0.0,0.0,0.0,0.0,0.0,0.0,0.607142857143,0.0,0.0,0.0,0.0,0.0,0.0,0.0,0.0,0.0,0.0,0.0
0.0,0.0,0.0,0.00892857142857,0.0,0.0,0.0,0.0,0.0,0.0446428571429,0.00892857142857,0.0,0.0,0.0,0.0,0.0,0.0,0.0,0.0,0.0,0.0,0.0,0.0,0.0,0.0,0.0,0.446428571429,0.0,0.0,0.0,0.0,0.0,0.0,0.0,0.0,0.0,0.0
0.0,0.0,0.0,0.0,0.0,0.0,0.00803212851406,0.0,0.0,0.0,0.0,0.0,0.0,0.0,0.0,0.0,0.0,0.0,0.0,0.0,0.0682730923695,0.0,0.0,0.0,0.0,0.0,0.0,0.626506024096,0.0,0.0,0.0,0.0,0.0120481927711,0.0,0.0,0.112449799197,0.0
0.0,0.0,0.0,0.0,0.0,0.0,0.0,0.0,0.0,0.0,0.0,0.0,0.0,0.0,0.0,0.025,0.0,0.0,0.0,0.0,0.0,0.0,0.0,0.0,0.0,0.05,0.0,0.0,0.525,0.0,0.0,0.025,0.0,0.0,0.0,0.0,0.0
0.0,0.00657894736842,0.00657894736842,0.0,0.0,0.0,0.0,0.0263157894737,0.0,0.0131578947368,0.0,0.0197368421053,0.0,0.0131578947368,0.0,0.0,0.0,0.0,0.0394736842105,0.0,0.0,0.0,0.0,0.0,0.0,0.0,0.0,0.0,0.0,0.401315789474,0.0,0.0,0.0328947368421,0.125,0.0,0.00657894736842,0.0
0.0,0.0114942528736,0.0,0.0,0.0344827586207,0.0229885057471,0.0114942528736,0.0,0.0,0.0,0.0,0.0,0.0,0.0,0.0,0.0229885057471,0.0,0.0,0.0,0.0,0.0229885057471,0.0,0.0,0.0229885057471,0.0,0.0,0.0,0.0,0.0,0.0,0.471264367816,0.0229885057471,0.0,0.0,0.0,0.0,0.0
0.0,0.0,0.0,0.0,0.00588235294118,0.0,0.0,0.0,0.0,0.0,0.0,0.0,0.0,0.0,0.0,0.0,0.0352941176471,0.0,0.0,0.0,0.0411764705882,0.0,0.0,0.0235294117647,0.0,0.0,0.0,0.0,0.0,0.0,0.00588235294118,0.658823529412,0.0,0.0,0.0,0.0,0.0
0.00549450549451,0.0164835164835,0.0274725274725,0.0,0.0,0.0,0.0164835164835,0.032967032967,0.0,0.0,0.0,0.00549450549451,0.0,0.00549450549451,0.0,0.0,0.0,0.0,0.0,0.0,0.0,0.0,0.0,0.0,0.0,0.0,0.0,0.0,0.0,0.010989010989,0.0,0.0,0.368131868132,0.0824175824176,0.0,0.00549450549451,0.0
0.0,0.0104166666667,0.03125,0.0,0.0,0.0,0.00260416666667,0.0338541666667,0.0,0.0,0.0,0.0208333333333,0.0,0.0,0.0,0.0,0.0,0.0,0.0078125,0.0,0.0,0.0,0.0,0.0,0.0,0.0,0.0,0.0,0.0,0.0182291666667,0.0,0.0,0.0182291666667,0.419270833333,0.0,0.0,0.0
0.0,0.0,0.0,0.0260223048327,0.0,0.0,0.0,0.0,0.0,0.00371747211896,0.0,0.0,0.0594795539033,0.0,0.00371747211896,0.0,0.0,0.00743494423792,0.0,0.0,0.0,0.0,0.0,0.0,0.0,0.0,0.00371747211896,0.0,0.0,0.0,0.0,0.0,0.0,0.0,0.39405204461,0.0,0.089219330855
0.0030303030303,0.0,0.0,0.0,0.0,0.0,0.0010101010101,0.0,0.0010101010101,0.0,0.0,0.0,0.0,0.0020202020202,0.0,0.0,0.0,0.0010101010101,0.0,0.0,0.00606060606061,0.00707070707071,0.0,0.0,0.0,0.0,0.0,0.0333333333333,0.0,0.0,0.0,0.0,0.0010101010101,0.0,0.0,0.788888888889,0.0020202020202
0.0,0.0,0.0,0.00571428571429,0.0,0.0,0.0,0.0,0.0,0.0,0.0,0.0,0.0285714285714,0.0,0.0,0.0,0.0,0.0114285714286,0.00285714285714,0.0,0.0,0.06,0.00285714285714,0.0,0.0,0.0,0.0,0.0,0.0,0.0,0.0,0.0,0.0,0.0,0.0514285714286,0.00857142857143,0.62
