0.0253164556962,0.0,0.0,0.0,0.0,0.0,0.0,0.0126582278481,0.0,0.0,0.0,0.0,0.0,0.0,0.0,0.0,0.0,0.0,0.0,0.0,0.0,0.0506329113924,0.0,0.0,0.0379746835443,0.0,0.0,0.0,0.0,0.0,0.0,0.0,0.0,0.0,0.0,0.0126582278481,0.0126582278481
0.0,0.111111111111,0.0286738351254,0.0,0.0250896057348,0.00716845878136,0.0,0.00716845878136,0.0,0.0,0.0,0.0,0.0,0.0,0.0,0.0501792114695,0.0,0.0,0.0,0.0,0.0,0.0,0.0,0.0,0.0,0.00358422939068,0.0,0.0,0.0,0.010752688172,0.0143369175627,0.0,0.0215053763441,0.0143369175627,0.0,0.0,0.0
0.0,0.107382550336,0.0604026845638,0.0,0.00671140939597,0.0,0.0,0.00671140939597,0.0,0.0,0.0,0.0,0.0,0.0,0.0,0.0134228187919,0.0,0.0,0.0,0.0,0.0,0.0,0.0,0.0,0.0,0.0,0.0,0.0,0.0,0.0134228187919,0.00671140939597,0.0,0.0268456375839,0.0805369127517,0.0,0.0,0.0
0.0,0.0,0.0,0.136563876652,0.0,0.0,0.0,0.0,0.0,0.0660792951542,0.0,0.0,0.0,0.0,0.0,0.0,0.0,0.0,0.0,0.0,0.0,0.00881057268722,0.0132158590308,0.0,0.0264317180617,0.0,0.0,0.0,0.0,0.0,0.0,0.0,0.0,0.0,0.0,0.00440528634361,0.0
0.0,0.0571428571429,0.0,0.0,0.205714285714,0.00571428571429,0.00571428571429,0.0,0.0,0.0,0.0,0.0,0.0,0.0,0.0,0.0742857142857,0.0,0.0,0.0,0.0,0.0,0.0,0.0,0.0,0.0,0.0114285714286,0.0,0.0,0.0,0.0,0.0171428571429,0.0,0.00571428571429,0.00571428571429,0.0,0.0,0.0
0.0,0.0120481927711,0.0120481927711,0.0,0.0361445783133,0.0722891566265,0.0,0.0,0.0,0.0,0.0,0.0,0.0,0.0,0.0,0.0,0.0,0.0,0.0,0.0,0.0,0.0,0.0,0.0,0.0,0.0,0.0,0.0,0.0,0.0,0.0120481927711,0.0,0.0120481927711,0.0,0.0,0.0,0.0
0.0,0.0,0.0,0.0,0.0,0.0,0.0454545454545,0.0,0.0,0.0,0.0,0.0,0.0,0.0,0.0,0.0,0.0,0.0,0.0,0.0,0.0,0.0,0.0,0.0,0.0,0.0,0.0,0.0,0.0,0.0,0.0,0.0,0.0454545454545,0.0,0.0,0.0,0.0
0.0,0.00328947368421,0.00657894736842,0.0,0.0,0.0,0.0,0.108552631579,0.0,0.0,0.00986842105263,0.0164473684211,0.0,0.0230263157895,0.0,0.00328947368421,0.0,0.0,0.0,0.0,0.0,0.0,0.0,0.0,0.0,0.0,0.0,0.0,0.0,0.0230263157895,0.0,0.0,0.0526315789474,0.0460526315789,0.0,0.0,0.0
0.0,0.0,0.0,0.0,0.0,0.0,0.0,0.0,0.0484581497797,0.0,0.0,0.0,0.0,0.0,0.0,0.0,0.0,0.00881057268722,0.0,0.0,0.0,0.0,0.0,0.0,0.0,0.0,0.0,0.0,0.0,0.0,0.0,0.0,0.0,0.0,0.0,0.0,0.00440528634361
0.0,0.0,0.0,0.0528846153846,0.0,0.0,0.0,0.0,0.0,0.129807692308,0.0240384615385,0.0,0.0,0.00480769230769,0.0,0.0,0.0,0.0,0.0,0.0,0.0,0.0,0.0,0.0,0.0336538461538,0.0,0.0240384615385,0.0,0.0,0.0,0.0,0.0,0.0,0.0,0.0,0.0,0.0
0.0238095238095,0.0,0.0,0.0,0.0,0.0,0.0,0.0,0.0,0.0,0.0714285714286,0.0,0.0,0.047619047619,0.0,0.0,0.0,0.0,0.0,0.0,0.0,0.0,0.0,0.0,0.0,0.0,0.0,0.0,0.0,0.0,0.0,0.0,0.0,0.0,0.0,0.0,0.0
0.0,0.0,0.0,0.0,0.0,0.0,0.0,0.0263157894737,0.0,0.0,0.0,0.0263157894737,0.0,0.0,0.0,0.0,0.0,0.0,0.0,0.0,0.0,0.0,0.0,0.0,0.0,0.0,0.0,0.0,0.0,0.0263157894737,0.0,0.0,0.0,0.0789473684211,0.0,0.0,0.0
0.0,0.0,0.0,0.0,0.0,0.0,0.0,0.0,0.0,0.0,0.0,0.0,0.0873362445415,0.0,0.0,0.0,0.0,0.0262008733624,0.0,0.0,0.0,0.0,0.0,0.0,0.0,0.0,0.0,0.0,0.0,0.0,0.0,0.0,0.0,0.0,0.0480349344978,0.0,0.0218340611354
0.0,0.0,0.0,0.0,0.0,0.0,0.0059880239521,0.0299401197605,0.0,0.0119760479042,0.0,0.0059880239521,0.0,0.0838323353293,0.0,0.0,0.0,0.0,0.0,0.0,0.0,0.0059880239521,0.0,0.0,0.0179640718563,0.0,0.0,0.0,0.0,0.0299401197605,0.0,0.0,0.0059880239521,0.0179640718563,0.0,0.0,0.0
0.0,0.0,0.0,0.0,0.0,0.0,0.0,0.0,0.0,0.0,0.0,0.0,0.00196850393701,0.0,0.0334645669291,0.0,0.0,0.011811023622,0.0,0.0,0.0,0.0,0.0,0.0,0.0,0.0,0.0,0.0,0.0,0.0,0.0,0.0,0.0,0.0,0.0,0.0,0.0
0.0,0.0394736842105,0.0184210526316,0.0,0.0421052631579,0.00263157894737,0.0,0.0,0.0,0.0,0.0,0.0,0.0,0.0,0.0,0.213157894737,0.0,0.0,0.0,0.0,0.0,0.0,0.0,0.0,0.0,0.0105263157895,0.0,0.0,0.00263157894737,0.00263157894737,0.0105263157895,0.0,0.0,0.0131578947368,0.0,0.0,0.0
0.0,0.0,0.0,0.0,0.0,0.0,0.0,0.0,0.0,0.0,0.0,0.0,0.0,0.0,0.0,0.0,0.128099173554,0.0,0.0,0.0,0.0,0.0,0.0,0.0,0.0,0.0,0.0,0.0,0.00413223140496,0.0,0.0,0.00826446280992,0.0,0.0,0.0,0.0,0.0
0.0,0.0,0.0,0.00480769230769,0.0,0.0,0.0,0.0,0.0,0.0,0.0,0.0,0.0192307692308,0.0,0.00961538461538,0.0,0.0,0.0625,0.0,0.0,0.0,0.00961538461538,0.0,0.0,0.0,0.0,0.0,0.0,0.0,0.0,0.0,0.0,0.0,0.0,0.00961538461538,0.0,0.0
0.0,0.0,0.0,0.0333333333333,0.0,0.0,0.0,0.0333333333333,0.0,0.0,0.0,0.0333333333333,0.0,0.0333333333333,0.0,0.0,0.0,0.0,0.0,0.0,0.0,0.0,0.0,0.0,0.0,0.0,0.0,0.0,0.0,0.0,0.0,0.0,0.0,0.0,0.0,0.0,0.0
0.0,0.0,0.0,0.0,0.0,0.0,0.0,0.0,0.0,0.0,0.0,0.0,0.0,0.0,0.0,0.0,0.0,0.0,0.0,0.0,0.0,0.0,0.0,0.0,0.0,0.0,0.0,0.0,0.0,0.0,0.0,0.0,0.0,0.0,0.0,0.0,0.0
0.0,0.0,0.0,0.0,0.00549450549451,0.0,0.0,0.0,0.0,0.0,0.0,0.0,0.0,0.0,0.0,0.0,0.0,0.0,0.0,0.0,0.043956043956,0.0,0.0,0.010989010989,0.0,0.0,0.0,0.00549450549451,0.0,0.0,0.00549450549451,0.0164835164835,0.0,0.0,0.0,0.00549450549451,0.0
0.0137931034483,0.0,0.0,0.0206896551724,0.0,0.0,0.0,0.00689655172414,0.0,0.0,0.0,0.0,0.0,0.00689655172414,0.0,0.0,0.0,0.0,0.0,0.0,0.0,0.0827586206897,0.0137931034483,0.0,0.0137931034483,0.0,0.0,0.0,0.0,0.0,0.0,0.0,0.0,0.0,0.0,0.00689655172414,0.00689655172414
0.02,0.0,0.0,0.0,0.0,0.0,0.0,0.02,0.0,0.04,0.0,0.0,0.0,0.02,0.0,0.0,0.0,0.0,0.0,0.0,0.0,0.04,0.0,0.0,0.04,0.0,0.0,0.0,0.0,0.0,0.0,0.0,0.0,0.0,0.0,0.0,0.0
0.0,0.0,0.0,0.0,0.0,0.0172413793103,0.0,0.0,0.0,0.0,0.0,0.0,0.0,0.0,0.0,0.0,0.0,0.0,0.0,0.0,0.0172413793103,0.0,0.0,0.051724137931,0.0,0.0,0.0,0.0,0.0,0.0,0.0344827586207,0.0172413793103,0.0,0.0,0.0,0.0,0.0
0.00854700854701,0.0,0.0,0.017094017094,0.0,0.0,0.0,0.0,0.0,0.025641025641,0.00854700854701,0.0,0.0,0.0769230769231,0.0,0.0,0.0,0.0,0.0,0.0,0.0,0.025641025641,0.00854700854701,0.0,0.042735042735,0.0,0.0,0.0,0.0,0.0,0.0,0.0,0.0,0.0,0.0,0.0,0.0
0.0,0.0,0.0294117647059,0.0,0.0882352941176,0.0,0.0,0.0,0.0,0.0,0.0,0.0,0.0,0.0,0.0,0.0294117647059,0.0,0.0,0.0,0.0,0.0,0.0,0.0,0.0,0.0,0.0,0.0,0.0,0.0294117647059,0.0,0.0,0.0,0.0,0.0,0.0,0.0,0.0
0.0,0.0,0.0,0.0,0.0,0.0,0.0,0.0,0.0,0.0925925925926,0.0,0.0,0.0,0.00925925925926,0.0,0.0,0.0,0.0,0.0,0.0,0.0,0.0,0.0,0.0,0.00925925925926,0.0,0.194444444444,0.0,0.0,0.0,0.0,0.0,0.0,0.0,0.00925925925926,0.0,0.0
0.0,0.0,0.0,0.0,0.0,0.0,0.0,0.0,0.0,0.0,0.0,0.0,0.0,0.0,0.0,0.0,0.0,0.0,0.0,0.0,0.00375939849624,0.0,0.0,0.0,0.0,0.0,0.0,0.0827067669173,0.0,0.0,0.0,0.0,0.0112781954887,0.0,0.0,0.0338345864662,0.0
0.0,0.0,0.0,0.0,0.0285714285714,0.0,0.0,0.0,0.0,0.0,0.0,0.0,0.0,0.0,0.0,0.0285714285714,0.0,0.0,0.0,0.0285714285714,0.0,0.0,0.0,0.0,0.0,0.0,0.0,0.0,0.142857142857,0.0,0.0,0.0,0.0,0.0,0.0,0.0,0.0
0.0,0.0,0.0160427807487,0.0,0.0,0.0,0.0,0.0374331550802,0.0,0.00534759358289,0.0,0.0,0.0,0.0106951871658,0.0,0.0,0.0,0.0,0.00534759358289,0.0,0.0,0.0,0.0,0.0,0.0,0.0,0.0,0.0,0.0,0.0909090909091,0.0,0.0,0.00534759358289,0.0534759358289,0.0,0.0,0.0
0.0,0.0196078431373,0.0,0.0,0.078431372549,0.0196078431373,0.0,0.0,0.0,0.0,0.0,0.0,0.0,0.0,0.0,0.00980392156863,0.0,0.0,0.0,0.0,0.00980392156863,0.0,0.0,0.00980392156863,0.0,0.0,0.0,0.0,0.0,0.0,0.127450980392,0.00980392156863,0.0,0.0,0.0,0.0,0.0
0.0,0.0,0.0,0.0,0.0,0.0,0.0,0.0,0.0,0.0,0.0,0.0,0.0,0.0,0.0,0.0,0.00952380952381,0.0,0.0,0.0,0.0142857142857,0.0,0.0,0.0142857142857,0.0,0.0,0.0,0.0,0.0,0.0,0.0142857142857,0.1,0.0,0.0,0.0,0.0,0.0
0.0121457489879,0.0242914979757,0.0121457489879,0.0,0.0,0.0,0.0161943319838,0.0445344129555,0.0,0.0,0.0,0.00404858299595,0.0,0.00404858299595,0.0,0.0,0.0,0.0,0.0,0.0,0.0,0.0,0.0080971659919,0.0,0.0,0.0,0.0,0.00404858299595,0.0,0.0161943319838,0.0,0.0,0.121457489879,0.0404858299595,0.0,0.0,0.0
0.0,0.00902527075812,0.0469314079422,0.0,0.0,0.0,0.0,0.014440433213,0.0,0.0,0.00180505415162,0.014440433213,0.0,0.00541516245487,0.0,0.00902527075812,0.0,0.0,0.00180505415162,0.0,0.0,0.00180505415162,0.0,0.0,0.0,0.0,0.0,0.0,0.0,0.00902527075812,0.0,0.0,0.0234657039711,0.12274368231,0.0,0.0,0.0
0.0,0.0,0.0,0.0239726027397,0.0,0.0,0.0,0.0,0.0,0.00342465753425,0.0,0.0,0.027397260274,0.0,0.0,0.0,0.0,0.0,0.0,0.0,0.0,0.0,0.00684931506849,0.0,0.0,0.0,0.0,0.0,0.0,0.0,0.0,0.0,0.0,0.0,0.130136986301,0.0,0.0376712328767
0.000970873786408,0.0,0.000970873786408,0.0,0.0,0.0,0.0,0.0,0.0,0.0,0.0,0.0,0.0,0.0,0.0,0.0,0.0,0.0,0.0,0.0,0.000970873786408,0.0,0.0,0.0,0.0,0.0,0.0,0.00582524271845,0.0,0.0,0.0,0.0,0.000970873786408,0.0,0.0,0.0990291262136,0.0
0.0,0.0,0.0,0.0108459869848,0.0,0.0,0.0,0.0,0.0,0.0,0.0,0.0,0.00650759219089,0.00216919739696,0.0,0.0,0.0,0.00216919739696,0.0,0.0,0.0,0.00433839479393,0.0,0.0,0.0,0.0,0.0,0.0,0.0,0.0,0.0,0.0,0.0,0.0,0.0238611713666,0.0,0.056399132321
