0.16,0.0,0.0,0.0,0.0,0.0,0.0,0.04,0.0,0.0,0.0,0.0,0.0,0.02,0.0,0.0,0.0,0.0,0.0,0.0,0.0,0.02,0.02,0.0,0.0,0.0,0.0,0.0,0.0,0.0,0.0,0.0,0.0,0.0,0.0,0.06,0.0
0.0,0.178294573643,0.0426356589147,0.0,0.0503875968992,0.0116279069767,0.0,0.00387596899225,0.0,0.0,0.0,0.0,0.0,0.00387596899225,0.0,0.0542635658915,0.0,0.0,0.0,0.0,0.0,0.0,0.0,0.0,0.0,0.00387596899225,0.0,0.00387596899225,0.00387596899225,0.00387596899225,0.0077519379845,0.0,0.0232558139535,0.015503875969,0.0,0.0,0.0
0.00549450549451,0.0549450549451,0.181318681319,0.0,0.010989010989,0.0,0.00549450549451,0.021978021978,0.0,0.0,0.00549450549451,0.0,0.0,0.0,0.0,0.021978021978,0.0,0.0,0.0,0.0,0.0,0.0,0.0,0.0,0.0,0.0,0.0,0.0,0.0,0.010989010989,0.0,0.0,0.0494505494505,0.0604395604396,0.0,0.0,0.0
0.0,0.0,0.0,0.25,0.0,0.0,0.0,0.0,0.0,0.051724137931,0.0,0.0,0.0,0.00862068965517,0.0,0.0,0.0,0.0,0.0,0.0,0.0,0.0,0.0,0.0,0.0258620689655,0.0,0.00862068965517,0.0,0.0,0.0,0.0,0.0,0.0,0.0,0.00862068965517,0.0,0.0
0.0,0.027027027027,0.0,0.0,0.2,0.0162162162162,0.0,0.0,0.0,0.0,0.0,0.0,0.0,0.0,0.0,0.0648648648649,0.0,0.0,0.0,0.0,0.0,0.0,0.0,0.0,0.0,0.00540540540541,0.0,0.0,0.0,0.0,0.00540540540541,0.00540540540541,0.0,0.0,0.0,0.0,0.0
0.0,0.0,0.0243902439024,0.0,0.0,0.146341463415,0.0,0.0,0.0,0.0,0.0,0.0,0.0,0.0,0.0,0.0243902439024,0.0,0.0,0.0,0.0,0.0,0.0,0.0,0.0,0.0,0.0,0.0,0.0,0.0243902439024,0.0,0.0243902439024,0.0,0.0,0.0,0.0,0.0,0.0
0.0,0.0,0.030303030303,0.0,0.0,0.0,0.121212121212,0.030303030303,0.0,0.0,0.0,0.0,0.0,0.0,0.0,0.0,0.0,0.0,0.0,0.0,0.0,0.0,0.0,0.0,0.0,0.0,0.0,0.0,0.0,0.0,0.0,0.0,0.030303030303,0.0,0.0,0.030303030303,0.0
0.0106382978723,0.00531914893617,0.00531914893617,0.0,0.0,0.0,0.0,0.281914893617,0.0,0.0212765957447,0.0,0.0,0.00531914893617,0.0265957446809,0.0,0.00531914893617,0.0,0.0,0.0,0.0,0.0,0.0,0.0,0.0,0.00531914893617,0.0,0.0,0.0,0.0,0.0159574468085,0.0,0.0,0.0159574468085,0.031914893617,0.0,0.0,0.0
0.0,0.0,0.0,0.0,0.0,0.0,0.0,0.0,0.423728813559,0.0,0.0,0.0,0.0,0.0,0.0169491525424,0.0,0.0,0.0169491525424,0.0,0.0,0.0,0.0,0.0,0.0,0.0,0.0,0.0,0.0,0.0,0.0,0.0,0.0,0.0,0.0,0.0,0.0,0.0169491525424
0.0,0.0,0.0,0.030487804878,0.0,0.0,0.0,0.0,0.0,0.298780487805,0.030487804878,0.0,0.0,0.0,0.0,0.0,0.0,0.0,0.0,0.0,0.0,0.0,0.0,0.0,0.0121951219512,0.0,0.0121951219512,0.0,0.0,0.0182926829268,0.0,0.0,0.0,0.0,0.0,0.0,0.0
0.0,0.0,0.0,0.0,0.0,0.0,0.0,0.0,0.0,0.0416666666667,0.166666666667,0.0,0.0,0.0416666666667,0.0,0.0,0.0,0.0,0.0,0.0,0.0,0.0,0.0,0.0,0.0416666666667,0.0,0.0,0.0,0.0,0.0416666666667,0.0,0.0,0.0,0.0,0.0,0.0,0.0
0.0,0.0,0.0,0.0,0.0,0.0,0.0,0.0,0.0,0.0,0.0,0.242424242424,0.0,0.0,0.0,0.0,0.0,0.0,0.0,0.0,0.0,0.0,0.0,0.0,0.0,0.0,0.0,0.0,0.0,0.0606060606061,0.0,0.0,0.0,0.030303030303,0.0,0.0,0.0
0.0,0.0,0.0,0.0111111111111,0.0,0.0,0.0,0.0,0.0,0.0,0.0,0.0,0.288888888889,0.0,0.0,0.0,0.0,0.0444444444444,0.0,0.0,0.0,0.0,0.0,0.0,0.0,0.0,0.0,0.0,0.0,0.0,0.0,0.0,0.0,0.0,0.0222222222222,0.0,0.0666666666667
0.0,0.0128205128205,0.0128205128205,0.0128205128205,0.0,0.0,0.0,0.0641025641026,0.0,0.0128205128205,0.0,0.0,0.0,0.205128205128,0.0,0.0128205128205,0.0,0.0,0.0,0.0,0.0,0.0,0.0128205128205,0.0,0.025641025641,0.0,0.0384615384615,0.0,0.0,0.0,0.0,0.0,0.0128205128205,0.0128205128205,0.0,0.0128205128205,0.0
0.0,0.0,0.0,0.0,0.0,0.0,0.0,0.0,0.0,0.0,0.0,0.0,0.0,0.0,0.328358208955,0.0,0.0,0.0298507462687,0.0,0.0,0.0,0.0,0.0,0.0,0.0,0.0,0.0,0.0,0.0,0.0,0.0,0.0,0.0,0.0,0.0149253731343,0.0,0.0149253731343
0.0,0.0238907849829,0.0170648464164,0.0,0.037542662116,0.00341296928328,0.0,0.00682593856655,0.0,0.0,0.0,0.0,0.0,0.0,0.0,0.259385665529,0.0,0.0,0.0,0.0,0.0,0.0,0.0,0.0,0.0,0.0102389078498,0.0,0.0,0.0,0.0,0.00341296928328,0.0,0.0,0.0102389078498,0.0,0.0,0.0
0.0,0.0,0.0,0.0,0.0,0.0,0.0,0.0,0.0,0.0,0.0,0.0,0.0,0.0,0.0,0.0,0.368421052632,0.0,0.0,0.0,0.0,0.0,0.0,0.0,0.0,0.0,0.0,0.0,0.0,0.0,0.0,0.0,0.0,0.0,0.0,0.0,0.0
0.0,0.0,0.0,0.0,0.0,0.0,0.0,0.0,0.05,0.0,0.0,0.0,0.0375,0.0,0.125,0.0,0.0,0.1375,0.0,0.0,0.0,0.0,0.0,0.0,0.0,0.0,0.0,0.0,0.0,0.0,0.0,0.0,0.0,0.0,0.025,0.0,0.0125
0.0,0.0,0.0,0.0,0.0,0.0,0.0,0.0,0.0,0.0,0.0,0.0,0.0,0.0,0.0,0.0,0.0,0.0,0.571428571429,0.0,0.0,0.0,0.0,0.0,0.0,0.0,0.0,0.0,0.0,0.142857142857,0.0,0.0,0.0,0.0,0.0,0.0,0.0
0.0,0.0,0.0,0.0,0.0,0.0,0.0,0.0,0.0,0.0,0.0,0.0,0.0,0.0,0.0,0.0,0.0,0.0,0.0,0.0,0.0,0.0,0.0,0.0,0.0,0.0,0.0,0.0,0.0,0.0,0.0,0.0,0.0,0.0,0.0,0.0,0.0
0.0,0.0,0.0185185185185,0.0,0.0,0.0,0.0,0.0,0.0,0.0,0.0,0.0,0.0,0.0,0.0,0.0,0.0,0.0,0.0,0.0,0.203703703704,0.0,0.0,0.0185185185185,0.0,0.0,0.0,0.111111111111,0.0,0.0,0.0,0.0185185185185,0.0,0.0,0.0,0.0185185185185,0.0
0.0175438596491,0.0,0.0,0.0350877192982,0.0,0.0,0.0,0.0,0.0,0.0,0.0,0.0,0.0,0.0,0.0,0.0,0.0,0.0,0.0,0.0,0.0,0.210526315789,0.0175438596491,0.0,0.0350877192982,0.0,0.0,0.0,0.0,0.0,0.0,0.0,0.0,0.0,0.0,0.0,0.0
0.0,0.0,0.0,0.0333333333333,0.0,0.0,0.0,0.0,0.0,0.0,0.0333333333333,0.0,0.0,0.0,0.0,0.0,0.0,0.0,0.0,0.0,0.0,0.0333333333333,0.133333333333,0.0,0.0333333333333,0.0,0.0,0.0,0.0,0.0,0.0,0.0,0.0333333333333,0.0,0.0,0.0,0.0
0.0,0.05,0.0,0.0,0.0,0.0,0.0,0.0,0.0,0.0,0.0,0.0,0.0,0.0,0.0,0.0,0.0,0.0,0.0,0.0,0.15,0.0,0.0,0.1,0.0,0.0,0.0,0.0,0.0,0.0,0.0,0.0,0.0,0.0,0.0,0.0,0.0
0.016393442623,0.0,0.0,0.016393442623,0.0,0.0,0.0,0.0,0.0,0.016393442623,0.016393442623,0.016393442623,0.0,0.0819672131148,0.0,0.0,0.0,0.0,0.0,0.0,0.0,0.0,0.016393442623,0.0,0.27868852459,0.0,0.0,0.0,0.0,0.0,0.0,0.0,0.0,0.0,0.016393442623,0.0,0.0
0.0,0.0,0.0,0.0,0.0645161290323,0.0,0.0,0.0,0.0,0.0,0.0,0.0,0.0,0.0,0.0,0.0,0.0,0.0,0.0,0.0,0.0,0.0,0.0,0.0,0.0,0.129032258065,0.0,0.0,0.0322580645161,0.0,0.0,0.0,0.0,0.0,0.0,0.0,0.0
0.0,0.0,0.0,0.00990099009901,0.0,0.0,0.0,0.0,0.0,0.00990099009901,0.00990099009901,0.0,0.0,0.0,0.0,0.0,0.0,0.0,0.0,0.0,0.0,0.0,0.00990099009901,0.0,0.0,0.0,0.188118811881,0.0,0.0,0.00990099009901,0.0,0.0,0.0,0.0,0.0,0.0,0.0
0.0,0.0,0.0,0.0,0.0,0.0,0.0,0.0,0.0,0.0,0.0,0.0,0.0,0.0,0.0,0.0,0.0,0.0,0.0,0.0,0.0131578947368,0.0131578947368,0.0,0.0,0.0,0.0,0.0,0.276315789474,0.0,0.0,0.0,0.0,0.0,0.0,0.0,0.0789473684211,0.0
0.0,0.0,0.0,0.0,0.0,0.0,0.0,0.0,0.0,0.0,0.0,0.0,0.0,0.0,0.0,0.0625,0.0625,0.0,0.0,0.0,0.0,0.0,0.0,0.0,0.0,0.0625,0.0,0.0,0.25,0.0,0.0,0.0,0.0,0.0,0.0,0.0,0.0
0.0,0.0,0.0,0.0,0.0,0.0,0.0,0.0789473684211,0.0,0.0,0.0,0.0,0.0,0.0131578947368,0.0,0.0,0.0,0.0,0.0,0.0,0.0,0.0,0.0,0.0,0.0,0.0,0.0,0.0,0.0,0.197368421053,0.0,0.0,0.0263157894737,0.0789473684211,0.0,0.0,0.0
0.0,0.0121951219512,0.0121951219512,0.0,0.0609756097561,0.0121951219512,0.0121951219512,0.0,0.0,0.0,0.0,0.0,0.0,0.0,0.0,0.0121951219512,0.0,0.0,0.0,0.0,0.0121951219512,0.0,0.0,0.0121951219512,0.0,0.0,0.0,0.0,0.0,0.0,0.268292682927,0.0365853658537,0.0,0.0,0.0,0.0,0.0
0.0,0.0,0.0,0.0,0.0172413793103,0.0172413793103,0.0,0.0,0.0,0.0,0.0,0.0,0.0,0.0,0.0,0.0,0.0172413793103,0.0,0.0,0.0,0.0344827586207,0.0,0.0,0.0172413793103,0.0,0.0,0.0,0.0,0.0,0.0,0.0172413793103,0.241379310345,0.0,0.0,0.0,0.0,0.0
0.00568181818182,0.0170454545455,0.0284090909091,0.00568181818182,0.0,0.00568181818182,0.0113636363636,0.0340909090909,0.0,0.0,0.0,0.0113636363636,0.0,0.0,0.0,0.0,0.0,0.0,0.0,0.0,0.0,0.0,0.0,0.0,0.00568181818182,0.0,0.0,0.0,0.0,0.0227272727273,0.0,0.0,0.232954545455,0.0397727272727,0.0,0.0,0.0
0.0,0.00763358778626,0.0229007633588,0.0,0.0,0.0,0.0,0.0229007633588,0.0,0.0,0.0,0.00381679389313,0.0,0.00381679389313,0.0,0.00763358778626,0.0,0.0,0.0,0.0,0.0,0.0,0.0,0.0,0.0,0.0,0.0,0.0,0.0,0.0114503816794,0.0,0.0,0.0267175572519,0.374045801527,0.0,0.0,0.0
0.0,0.0,0.0,0.048,0.0,0.0,0.0,0.0,0.0,0.0,0.0,0.0,0.064,0.0,0.0,0.0,0.0,0.0,0.0,0.0,0.0,0.0,0.0,0.0,0.0,0.0,0.0,0.0,0.0,0.0,0.0,0.0,0.0,0.0,0.256,0.0,0.072
0.0062893081761,0.0,0.0,0.0,0.0,0.0,0.00314465408805,0.0,0.0,0.0,0.0,0.0,0.0,0.0,0.0,0.0,0.0,0.0,0.0,0.0,0.0,0.0,0.0,0.0,0.0,0.0,0.0,0.0220125786164,0.0,0.0,0.0,0.0,0.0,0.0,0.0,0.377358490566,0.00314465408805
0.0,0.0,0.0,0.0,0.0,0.0,0.0,0.0,0.0,0.0,0.0,0.0,0.00980392156863,0.0,0.00980392156863,0.0,0.0,0.0196078431373,0.0,0.0,0.0,0.0196078431373,0.0,0.0,0.0,0.0,0.0,0.00980392156863,0.0,0.0,0.0,0.0,0.0,0.0,0.0882352941176,0.0,0.264705882353
