0.0869565217391,0.0869565217391,0.0,0.0,0.0,0.0,0.0,0.0434782608696,0.0,0.0,0.0,0.0,0.0,0.0434782608696,0.0,0.0,0.0,0.0,0.0,0.0,0.0,0.0434782608696,0.0,0.0,0.0,0.0,0.0,0.0,0.0,0.0,0.0,0.0,0.0434782608696,0.0869565217391,0.0,0.0869565217391,0.0
0.0,0.193548387097,0.0403225806452,0.0,0.0645161290323,0.00806451612903,0.0,0.00806451612903,0.0,0.0,0.0,0.0,0.0,0.0,0.0,0.112903225806,0.0,0.0,0.00806451612903,0.0,0.0,0.0,0.0,0.0,0.0,0.0,0.0,0.00806451612903,0.0,0.00806451612903,0.0161290322581,0.0,0.0322580645161,0.0564516129032,0.0,0.0,0.0
0.0,0.0898876404494,0.123595505618,0.0,0.0337078651685,0.0,0.0,0.0337078651685,0.0,0.0,0.0,0.0112359550562,0.0,0.0112359550562,0.0,0.0786516853933,0.0,0.0,0.0,0.0,0.0,0.0,0.0,0.0,0.0,0.0,0.0,0.0,0.0,0.0,0.0,0.0,0.0561797752809,0.123595505618,0.0,0.0,0.0
0.0,0.0,0.0,0.25,0.0,0.0,0.0,0.0,0.0,0.166666666667,0.0,0.0,0.0,0.0,0.0,0.0,0.0,0.0,0.0,0.0,0.0,0.0138888888889,0.0277777777778,0.0,0.0416666666667,0.0,0.0,0.0,0.0,0.0,0.0,0.0,0.0,0.0,0.0694444444444,0.0,0.0277777777778
0.0,0.0763358778626,0.0,0.0,0.267175572519,0.0152671755725,0.0,0.0,0.0,0.0,0.0,0.0,0.0,0.0,0.0,0.160305343511,0.0,0.0,0.0,0.0,0.0,0.0,0.0,0.0229007633588,0.0,0.0,0.0,0.0,0.0,0.0,0.0381679389313,0.0152671755725,0.0,0.0152671755725,0.0,0.0,0.0
0.0,0.263157894737,0.0,0.0,0.0,0.0,0.0526315789474,0.0,0.0,0.0,0.0,0.0,0.0,0.0,0.0,0.0,0.0,0.0,0.0,0.0,0.0,0.0,0.0,0.0,0.0,0.0,0.0,0.0,0.0,0.0,0.0,0.0526315789474,0.0,0.0,0.0,0.0,0.0
0.0,0.0833333333333,0.0,0.0,0.0416666666667,0.0416666666667,0.0,0.0,0.0,0.0,0.0,0.0,0.0,0.0,0.0,0.0,0.0,0.0,0.0,0.0,0.0,0.0,0.0,0.0,0.0,0.0,0.0,0.0833333333333,0.0,0.0,0.0,0.0,0.125,0.0,0.0,0.0833333333333,0.0
0.0,0.04,0.0133333333333,0.0133333333333,0.0266666666667,0.0,0.0,0.186666666667,0.0,0.0,0.0,0.0133333333333,0.0,0.04,0.0,0.0,0.0,0.0,0.0133333333333,0.0,0.0,0.0,0.0,0.0,0.0133333333333,0.0,0.0,0.0,0.0,0.0666666666667,0.0,0.0,0.0533333333333,0.0933333333333,0.0133333333333,0.0,0.0
0.0,0.0,0.0,0.0,0.0,0.0,0.0,0.0,0.418604651163,0.0,0.0,0.0,0.0,0.0,0.0232558139535,0.0,0.0,0.0697674418605,0.0,0.0,0.0,0.0,0.0,0.0,0.0,0.0,0.0,0.0,0.0,0.0,0.0,0.0,0.0,0.0,0.0,0.0,0.0
0.0,0.0,0.0,0.1,0.0,0.0,0.0,0.0,0.0,0.385714285714,0.0285714285714,0.0,0.0,0.0142857142857,0.0,0.0,0.0,0.0,0.0,0.0,0.0,0.0,0.0142857142857,0.0,0.0142857142857,0.0,0.1,0.0,0.0,0.0142857142857,0.0,0.0,0.0,0.0,0.0142857142857,0.0,0.0
0.0,0.0,0.0,0.0666666666667,0.0,0.0,0.0,0.0666666666667,0.0,0.0,0.0,0.0,0.0,0.0,0.0,0.0,0.0,0.0,0.0,0.0,0.0,0.0,0.0,0.0,0.0666666666667,0.0,0.0,0.0,0.0,0.0,0.0,0.0,0.0,0.0,0.0,0.0,0.0
0.0,0.0,0.0,0.0,0.0,0.0,0.0,0.037037037037,0.0,0.0,0.0,0.185185185185,0.0,0.0,0.0,0.0,0.0,0.0,0.0,0.0,0.0,0.0,0.0,0.0,0.0,0.0,0.0,0.0,0.0,0.111111111111,0.0,0.0,0.037037037037,0.333333333333,0.0,0.0,0.0
0.0,0.0,0.0,0.0307692307692,0.0,0.0,0.0,0.0,0.0,0.0,0.0,0.0,0.323076923077,0.0,0.0,0.0,0.0,0.0769230769231,0.0,0.0,0.0,0.0,0.0,0.0,0.0,0.0,0.0,0.0,0.0,0.0,0.0,0.0,0.0,0.0,0.169230769231,0.0,0.0615384615385
0.0444444444444,0.0,0.0,0.0,0.0,0.0,0.0,0.177777777778,0.0,0.0222222222222,0.0222222222222,0.0,0.0,0.111111111111,0.0,0.0,0.0,0.0,0.0,0.0,0.0,0.0,0.0,0.0,0.133333333333,0.0,0.0,0.0,0.0,0.0222222222222,0.0,0.0,0.0444444444444,0.0222222222222,0.0,0.0,0.0
0.0,0.0,0.0,0.0,0.0,0.0,0.0,0.0,0.0,0.0,0.0,0.0,0.0,0.0,0.0689655172414,0.0,0.0,0.103448275862,0.0,0.0,0.0,0.0,0.0,0.0,0.0,0.0,0.0,0.0,0.0,0.0,0.0,0.0,0.0,0.0,0.0344827586207,0.0,0.0344827586207
0.0,0.0952380952381,0.021164021164,0.0,0.0634920634921,0.010582010582,0.0,0.0,0.0,0.0,0.0,0.0,0.0,0.0,0.0,0.328042328042,0.0,0.0,0.0,0.0,0.0,0.0,0.0,0.0,0.0,0.021164021164,0.0,0.0,0.0,0.00529100529101,0.015873015873,0.00529100529101,0.0,0.037037037037,0.0,0.0,0.0
0.0,0.0,0.0,0.0,0.0,0.0,0.0,0.0,0.0,0.0,0.0,0.0,0.0,0.0,0.0,0.0,0.48275862069,0.0,0.0,0.0,0.0,0.0,0.0,0.0,0.0,0.0,0.0,0.0,0.0,0.0,0.0,0.0689655172414,0.0,0.0,0.0,0.0,0.0
0.0,0.0,0.0,0.0,0.0,0.0,0.0,0.0,0.0169491525424,0.0,0.0,0.0,0.118644067797,0.0,0.0508474576271,0.0,0.0,0.220338983051,0.0,0.0,0.0,0.0169491525424,0.0,0.0,0.0,0.0,0.0,0.0,0.0,0.0,0.0,0.0,0.0,0.0,0.0338983050847,0.0,0.0169491525424
0.0,0.0,0.0,0.0,0.0,0.0,0.0,0.125,0.0,0.0,0.0,0.125,0.0,0.0,0.0,0.0,0.0,0.0,0.0625,0.0,0.0,0.0,0.0,0.0,0.0,0.0,0.0,0.0,0.0,0.1875,0.0,0.0,0.0,0.125,0.0,0.0,0.0
0.0,0.0,0.0,0.0,0.0,0.0,0.0,0.0,0.0,0.0,0.0,0.0,0.0,0.0,0.0,0.0,0.0,0.0,0.0,0.0,0.0,0.0,0.0,0.0,0.0,0.0,0.0,0.0,0.0,0.0,0.0,0.0,0.0,0.0,0.0,0.0,0.0
0.0,0.0,0.0,0.0,0.0,0.0,0.0,0.0,0.0,0.0,0.0,0.0,0.0,0.0,0.0,0.0,0.0,0.0,0.0,0.0,0.428571428571,0.0,0.0,0.0285714285714,0.0,0.0,0.0,0.0857142857143,0.0,0.0,0.0,0.0,0.0,0.0,0.0,0.142857142857,0.0
0.0606060606061,0.0,0.0,0.0606060606061,0.0,0.0,0.0,0.0,0.0,0.0,0.0,0.0,0.0,0.0,0.0,0.0,0.0,0.0,0.0,0.0,0.0,0.181818181818,0.0,0.0,0.0,0.0,0.0,0.0,0.0,0.0,0.0,0.0,0.0,0.0,0.0,0.0909090909091,0.0606060606061
0.0,0.0,0.0,0.0666666666667,0.0,0.0,0.0,0.0,0.0,0.0,0.0,0.0,0.0,0.0,0.0,0.0,0.0,0.0,0.0,0.0,0.0,0.0,0.0666666666667,0.0,0.0666666666667,0.0,0.0,0.0,0.0,0.0,0.0,0.0,0.0,0.0,0.0,0.0,0.0666666666667
0.0,0.0,0.0,0.0,0.0869565217391,0.0217391304348,0.0,0.0,0.0,0.0,0.0,0.0,0.0,0.0,0.0,0.0,0.0,0.0,0.0,0.0,0.130434782609,0.0,0.0,0.130434782609,0.0,0.0,0.0,0.0,0.0,0.0,0.0869565217391,0.0434782608696,0.0,0.0,0.0,0.0,0.0
0.0,0.0,0.0,0.166666666667,0.0,0.0,0.0,0.0,0.0,0.0416666666667,0.0416666666667,0.0,0.0,0.0833333333333,0.0,0.0,0.0,0.0,0.0,0.0,0.0,0.0,0.0,0.0,0.0833333333333,0.0,0.0,0.0,0.0,0.0,0.0,0.0,0.0,0.0,0.0416666666667,0.0,0.0
0.0,0.0,0.0,0.0,0.0,0.0,0.0,0.0,0.0,0.0,0.0,0.0,0.0,0.0,0.0,0.266666666667,0.0,0.0,0.0,0.0,0.0,0.0,0.0,0.0,0.0,0.133333333333,0.0,0.0,0.133333333333,0.0,0.0,0.0,0.0,0.0,0.0,0.0,0.0
0.0,0.0,0.0,0.0344827586207,0.0,0.0,0.0,0.0,0.0,0.310344827586,0.0,0.0,0.0,0.0,0.0,0.0,0.0,0.0,0.0,0.0,0.0,0.0,0.0,0.0,0.0,0.0,0.275862068966,0.0,0.0,0.0,0.0,0.0,0.0,0.0,0.0,0.0,0.0
0.0,0.0175438596491,0.0175438596491,0.0,0.0,0.0,0.0,0.0,0.0,0.0,0.0,0.0,0.0,0.0,0.0,0.0,0.0,0.0,0.0,0.0,0.0,0.0,0.0,0.0,0.0,0.0,0.0,0.333333333333,0.0,0.0,0.0,0.0,0.0350877192982,0.0,0.0,0.157894736842,0.0
0.0,0.0,0.0,0.0,0.0,0.0,0.0,0.0,0.0,0.0,0.0,0.0,0.0,0.0,0.0,0.0,0.0555555555556,0.0,0.0,0.0,0.0,0.0,0.0,0.0,0.0,0.0,0.0,0.0,0.333333333333,0.0,0.0,0.0,0.0,0.0,0.0,0.0,0.0
0.0,0.0,0.0566037735849,0.0,0.0,0.0,0.0,0.132075471698,0.0,0.0566037735849,0.0188679245283,0.0566037735849,0.0,0.0188679245283,0.0,0.0,0.0,0.0,0.0377358490566,0.0,0.0,0.0,0.0,0.0,0.0,0.0,0.0,0.0,0.0,0.0566037735849,0.0,0.0,0.0754716981132,0.169811320755,0.0,0.0188679245283,0.0
0.0,0.041095890411,0.0,0.0,0.027397260274,0.013698630137,0.0,0.0,0.0,0.0,0.0,0.0,0.0,0.0,0.0,0.013698630137,0.0,0.0,0.0,0.0,0.027397260274,0.0,0.0,0.109589041096,0.0,0.0,0.0,0.0,0.0,0.0,0.301369863014,0.0958904109589,0.0,0.0,0.0,0.0,0.0
0.0,0.0,0.0,0.0,0.0240963855422,0.0120481927711,0.0,0.0,0.0,0.0,0.0,0.0,0.0,0.0,0.0,0.0,0.0120481927711,0.0,0.0,0.0,0.0361445783133,0.0,0.0,0.0240963855422,0.0,0.0,0.0,0.0,0.0,0.0,0.0602409638554,0.265060240964,0.0,0.0,0.0,0.0,0.0
0.015625,0.015625,0.046875,0.0,0.0,0.03125,0.0,0.046875,0.0,0.0,0.0,0.03125,0.0,0.015625,0.0,0.0,0.0,0.0,0.0,0.0,0.0,0.0,0.0,0.0,0.0,0.0,0.0,0.015625,0.0,0.0,0.0,0.0,0.1875,0.0625,0.0,0.0,0.0
0.0,0.0434782608696,0.0372670807453,0.0,0.0124223602484,0.0,0.00621118012422,0.0248447204969,0.0,0.0,0.0,0.0434782608696,0.0,0.0,0.0,0.0621118012422,0.0,0.0,0.0186335403727,0.0,0.0,0.0,0.0,0.0,0.0,0.0,0.0,0.0,0.0,0.0310559006211,0.0,0.0,0.0248447204969,0.347826086957,0.0,0.0,0.0
0.0,0.0,0.0,0.0283018867925,0.0,0.0,0.0,0.0,0.0,0.0,0.0,0.0,0.122641509434,0.0,0.0,0.0,0.0,0.0377358490566,0.0,0.0,0.0,0.0,0.0,0.0,0.0,0.0,0.0,0.0,0.0,0.0,0.0,0.0,0.0,0.0,0.38679245283,0.0,0.0849056603774
0.00546448087432,0.0,0.0,0.0,0.0,0.0,0.00546448087432,0.0,0.0,0.0,0.0,0.0,0.0,0.0,0.0,0.0,0.0,0.0,0.0,0.0,0.00546448087432,0.00546448087432,0.0,0.0,0.0,0.0,0.0,0.0437158469945,0.0,0.0,0.0,0.0,0.0,0.0,0.0,0.48087431694,0.0
0.0,0.0,0.0,0.0116279069767,0.0,0.0,0.0,0.0,0.0,0.0,0.0,0.0,0.0813953488372,0.0,0.0,0.0,0.0,0.0232558139535,0.0,0.0,0.0,0.0116279069767,0.0,0.0,0.0,0.0,0.0,0.0,0.0,0.0,0.0,0.0,0.0,0.0,0.139534883721,0.0,0.290697674419
