0.509433962264,0.0,0.0,0.0,0.0,0.0,0.0,0.0188679245283,0.0,0.0,0.0,0.0,0.0,0.0377358490566,0.0,0.0,0.0,0.0,0.0,0.0,0.0188679245283,0.0377358490566,0.0377358490566,0.0,0.0377358490566,0.0,0.0,0.0,0.0,0.0188679245283,0.0,0.0,0.0754716981132,0.0188679245283,0.0,0.0188679245283,0.0
0.0,0.295719844358,0.0389105058366,0.0,0.0505836575875,0.0233463035019,0.0272373540856,0.00389105058366,0.0,0.0,0.0,0.0,0.0,0.011673151751,0.0,0.0505836575875,0.0,0.0,0.0,0.0,0.0,0.0,0.0,0.00778210116732,0.0,0.0,0.0,0.0,0.0,0.011673151751,0.0272373540856,0.0,0.00778210116732,0.00778210116732,0.0,0.0,0.0
0.0,0.108280254777,0.184713375796,0.0,0.00636942675159,0.00636942675159,0.0127388535032,0.0254777070064,0.0,0.0,0.0,0.0,0.0,0.0191082802548,0.0,0.031847133758,0.0,0.0,0.0,0.0,0.0,0.0,0.0,0.0,0.0,0.0,0.0,0.0191082802548,0.0,0.0,0.0,0.0,0.0382165605096,0.0891719745223,0.0,0.0,0.0
0.00666666666667,0.0,0.0,0.346666666667,0.0,0.0,0.0,0.0,0.0,0.06,0.00666666666667,0.0,0.00666666666667,0.00666666666667,0.00666666666667,0.0,0.0,0.0,0.0,0.0,0.0,0.00666666666667,0.0533333333333,0.0,0.0133333333333,0.0,0.00666666666667,0.0,0.0,0.00666666666667,0.0,0.0,0.0,0.0,0.02,0.0,0.0
0.0,0.00943396226415,0.0,0.0,0.367924528302,0.0141509433962,0.0,0.0,0.0,0.0,0.0,0.0,0.0,0.0,0.0,0.0660377358491,0.0,0.0,0.0,0.0,0.0,0.0,0.0,0.00471698113208,0.0,0.0,0.0,0.0,0.0,0.0,0.0471698113208,0.0141509433962,0.0,0.0,0.0,0.0,0.0
0.0,0.0655737704918,0.0327868852459,0.0,0.0491803278689,0.459016393443,0.0327868852459,0.0,0.0,0.0,0.0,0.016393442623,0.0,0.0,0.0,0.0327868852459,0.0,0.0,0.0,0.0,0.0,0.0,0.0,0.0,0.0,0.0,0.0,0.0,0.0,0.0,0.0655737704918,0.0,0.0,0.0,0.0,0.0,0.0
0.046511627907,0.093023255814,0.0232558139535,0.0,0.046511627907,0.0232558139535,0.395348837209,0.0232558139535,0.0,0.0,0.0,0.0,0.0,0.0,0.0,0.0,0.0,0.0,0.0,0.0,0.0,0.0232558139535,0.0,0.0,0.0,0.0,0.0,0.0697674418605,0.0,0.0,0.0232558139535,0.0,0.0232558139535,0.0,0.0,0.0232558139535,0.0
0.011673151751,0.0,0.0233463035019,0.00389105058366,0.0,0.0,0.0,0.342412451362,0.0,0.00778210116732,0.00389105058366,0.0272373540856,0.0,0.0272373540856,0.0,0.0,0.0,0.0,0.00389105058366,0.0,0.0,0.00389105058366,0.0,0.0,0.00389105058366,0.0,0.00389105058366,0.0,0.0,0.0311284046693,0.0,0.0,0.0700389105058,0.0622568093385,0.0,0.0,0.0
0.0,0.0,0.0,0.0,0.0,0.0,0.0,0.0,0.816753926702,0.0,0.0,0.0,0.0,0.0,0.0314136125654,0.0,0.0,0.0523560209424,0.0,0.0,0.0,0.0,0.0,0.0,0.0,0.0,0.0,0.0,0.0,0.0,0.0,0.0,0.0,0.0,0.00523560209424,0.0,0.00523560209424
0.0,0.00595238095238,0.0,0.0416666666667,0.0,0.0,0.0,0.0119047619048,0.0,0.279761904762,0.0535714285714,0.0,0.0,0.0357142857143,0.0,0.0,0.0,0.0,0.0,0.0,0.0,0.00595238095238,0.00595238095238,0.0,0.0178571428571,0.0,0.0297619047619,0.0,0.0,0.0357142857143,0.0,0.0,0.00595238095238,0.0,0.00595238095238,0.0,0.00595238095238
0.0,0.0,0.0,0.0243902439024,0.0,0.0,0.0,0.146341463415,0.0,0.0975609756098,0.0975609756098,0.0,0.0,0.170731707317,0.0,0.0,0.0,0.0,0.0,0.0,0.0,0.0,0.0,0.0,0.0731707317073,0.0,0.0,0.0,0.0,0.0243902439024,0.0,0.0,0.0,0.0243902439024,0.0,0.0,0.0
0.0217391304348,0.0,0.0217391304348,0.0,0.0,0.0,0.0,0.0434782608696,0.0,0.0,0.0,0.478260869565,0.0,0.0217391304348,0.0,0.0,0.0,0.0,0.0652173913043,0.0,0.0,0.0,0.0,0.0,0.0,0.0,0.0,0.0,0.0,0.0869565217391,0.0,0.0,0.0,0.0652173913043,0.0,0.0,0.0
0.0,0.0,0.0,0.020618556701,0.0,0.0,0.0,0.0,0.00515463917526,0.0,0.0,0.0,0.474226804124,0.00515463917526,0.00515463917526,0.0,0.0,0.0567010309278,0.0,0.0,0.0,0.0,0.0,0.0,0.0,0.0,0.0,0.0,0.0,0.0,0.0,0.0,0.0,0.0,0.103092783505,0.0,0.0463917525773
0.0153846153846,0.0,0.0,0.0,0.0,0.0,0.0,0.130769230769,0.0,0.0307692307692,0.0153846153846,0.0,0.0,0.338461538462,0.0,0.0,0.0,0.0,0.0,0.0,0.0,0.00769230769231,0.0,0.0,0.0615384615385,0.0,0.00769230769231,0.0,0.0,0.0230769230769,0.0,0.0,0.00769230769231,0.0153846153846,0.0,0.0,0.0
0.0,0.0,0.0,0.0,0.0,0.0,0.0,0.0,0.00314465408805,0.0,0.0,0.0,0.00314465408805,0.0,0.779874213836,0.0,0.0,0.0408805031447,0.0,0.0,0.0,0.0,0.0,0.0,0.0,0.0,0.0,0.0,0.0,0.0,0.0,0.0,0.0,0.0,0.0,0.0,0.00943396226415
0.0,0.039755351682,0.00917431192661,0.0,0.045871559633,0.0,0.0,0.0,0.0,0.0,0.0,0.0,0.0,0.0,0.0,0.437308868502,0.0,0.0,0.0,0.00305810397554,0.0,0.0,0.0,0.0,0.0,0.00917431192661,0.0,0.0,0.00305810397554,0.00611620795107,0.0122324159021,0.0,0.00305810397554,0.0122324159021,0.0,0.0,0.0
0.0,0.0,0.0,0.0,0.0,0.0,0.0,0.0,0.0,0.0,0.0,0.0,0.0,0.0,0.0,0.0,0.744360902256,0.0,0.0,0.0,0.0,0.0,0.0,0.0,0.0,0.0,0.0,0.0,0.0112781954887,0.0,0.0,0.0488721804511,0.0,0.0,0.0,0.0,0.0
0.00537634408602,0.0,0.0,0.0161290322581,0.0,0.0,0.0,0.0,0.0537634408602,0.0,0.0,0.0,0.10752688172,0.0,0.0913978494624,0.0,0.0,0.424731182796,0.0,0.0,0.0,0.010752688172,0.0,0.0,0.0,0.0,0.0,0.0,0.0,0.0,0.0,0.0,0.0,0.0,0.0376344086022,0.010752688172,0.0591397849462
0.0,0.0,0.0322580645161,0.0,0.0,0.0,0.0,0.0645161290323,0.0,0.0,0.0,0.0,0.0,0.0,0.0,0.0,0.0,0.0,0.483870967742,0.0,0.0,0.0,0.0,0.0,0.0,0.0,0.0,0.0,0.0,0.0645161290323,0.0,0.0,0.0,0.0,0.0,0.0,0.0
0.0,0.0,0.0,0.0,0.0,0.0,0.0,0.0,0.0,0.0,0.0,0.0,0.0,0.0,0.0,0.0,0.0,0.0,0.0,0.636363636364,0.0,0.0,0.0,0.0,0.0,0.0,0.0,0.0,0.0,0.0,0.0,0.0909090909091,0.0,0.0,0.0,0.0,0.0
0.0,0.0,0.0,0.0,0.0,0.0,0.0,0.0,0.0,0.0,0.0,0.0,0.0,0.0,0.0,0.0,0.0,0.0,0.0,0.0,0.594936708861,0.0,0.0,0.0379746835443,0.0,0.0,0.0,0.0949367088608,0.0,0.0,0.00632911392405,0.0569620253165,0.0,0.0,0.0,0.0443037974684,0.0
0.0909090909091,0.0,0.0,0.020202020202,0.0,0.0,0.0,0.0,0.0,0.0,0.0,0.0,0.0,0.0,0.0,0.0,0.0,0.0,0.0,0.0,0.0,0.313131313131,0.0,0.0,0.030303030303,0.0,0.010101010101,0.0,0.0,0.0,0.0,0.0,0.010101010101,0.0,0.0,0.0808080808081,0.10101010101
0.0232558139535,0.0,0.0,0.139534883721,0.0,0.0,0.0,0.0232558139535,0.0,0.0697674418605,0.0,0.0,0.0,0.0,0.0,0.0,0.0,0.0,0.0,0.0,0.0,0.0697674418605,0.279069767442,0.0,0.0232558139535,0.0,0.0,0.0,0.0,0.0,0.0,0.0,0.0,0.0,0.0,0.0232558139535,0.0
0.0,0.0,0.0,0.0,0.0153846153846,0.0153846153846,0.0153846153846,0.0,0.0,0.0,0.0,0.0,0.0,0.0,0.0,0.0,0.0,0.0,0.0,0.0,0.0769230769231,0.0,0.0,0.461538461538,0.0,0.0,0.0,0.0,0.0,0.0,0.138461538462,0.0769230769231,0.0,0.0,0.0,0.0,0.0
0.010101010101,0.0,0.0,0.030303030303,0.0,0.0,0.0,0.0707070707071,0.0,0.010101010101,0.040404040404,0.0,0.0,0.0707070707071,0.0,0.0,0.0,0.0,0.0,0.0,0.0,0.010101010101,0.020202020202,0.0,0.333333333333,0.0,0.020202020202,0.0,0.0,0.020202020202,0.0,0.0,0.0,0.0,0.0,0.010101010101,0.0
0.0,0.0,0.0,0.0,0.037037037037,0.0,0.0,0.0,0.0,0.0,0.0,0.0,0.0,0.0,0.0,0.111111111111,0.0,0.0,0.0,0.0,0.0,0.0,0.0,0.0,0.0,0.481481481481,0.0,0.0,0.0,0.0,0.0,0.0,0.0,0.0,0.0,0.0,0.0
0.0,0.0,0.0,0.0,0.0,0.0,0.0,0.0111111111111,0.0,0.0888888888889,0.0,0.0,0.0,0.0,0.0,0.0,0.0,0.0,0.0,0.0,0.0,0.0,0.0,0.0,0.0,0.0,0.4,0.0,0.0,0.0111111111111,0.0,0.0,0.0,0.0,0.0,0.0,0.0
0.00840336134454,0.00420168067227,0.00420168067227,0.0,0.0,0.00420168067227,0.0168067226891,0.0,0.0,0.0,0.0,0.0,0.0,0.0,0.0,0.0,0.0,0.0,0.0,0.0,0.0336134453782,0.0,0.0,0.0,0.0,0.0,0.0,0.621848739496,0.0,0.0,0.0,0.00420168067227,0.00840336134454,0.0,0.0,0.163865546218,0.0
0.0,0.0,0.0,0.0,0.0344827586207,0.0,0.0,0.0,0.0,0.0,0.0,0.0,0.0,0.0,0.0,0.0,0.0344827586207,0.0,0.0,0.0,0.0,0.0,0.0,0.0,0.0,0.0689655172414,0.0,0.0,0.48275862069,0.0,0.0,0.0344827586207,0.0,0.0,0.0,0.0,0.0
0.0105263157895,0.0,0.0105263157895,0.0,0.0,0.0,0.0,0.0842105263158,0.0,0.0631578947368,0.0,0.0210526315789,0.0,0.0421052631579,0.0,0.0315789473684,0.0,0.0,0.0210526315789,0.0,0.0,0.0,0.0,0.0,0.0315789473684,0.0,0.0105263157895,0.0,0.0,0.242105263158,0.0,0.0,0.0315789473684,0.0631578947368,0.0,0.0,0.0
0.0,0.0333333333333,0.0,0.0,0.0444444444444,0.0222222222222,0.0,0.0,0.0,0.0,0.0,0.0,0.0,0.0,0.0,0.0,0.0,0.0,0.0,0.0,0.0,0.0,0.0,0.0777777777778,0.0,0.0,0.0,0.0,0.0,0.0,0.555555555556,0.0444444444444,0.0,0.0,0.0,0.0,0.0
0.0,0.0,0.0,0.0,0.0116959064327,0.0,0.0,0.0,0.0,0.0,0.0,0.0,0.0,0.0,0.0,0.0,0.0292397660819,0.0,0.0,0.0,0.0643274853801,0.0,0.0,0.046783625731,0.0,0.0,0.0,0.0,0.0,0.0,0.0292397660819,0.59649122807,0.0,0.0,0.0,0.0,0.0
0.00436681222707,0.0131004366812,0.0393013100437,0.0,0.0,0.00436681222707,0.0305676855895,0.061135371179,0.0,0.0,0.0,0.00436681222707,0.0,0.00873362445415,0.0,0.0,0.0,0.0,0.0,0.0,0.0,0.0,0.00873362445415,0.0,0.0,0.0,0.0,0.00873362445415,0.0,0.00436681222707,0.0,0.0,0.353711790393,0.0349344978166,0.0,0.00436681222707,0.0
0.0,0.0149253731343,0.0238805970149,0.0,0.0,0.0,0.0,0.0179104477612,0.0,0.0,0.0,0.0149253731343,0.0,0.00597014925373,0.0,0.0119402985075,0.0,0.0,0.00298507462687,0.0,0.0,0.00298507462687,0.0,0.0,0.0,0.0,0.0,0.0,0.0,0.00597014925373,0.0,0.0,0.0328358208955,0.420895522388,0.0,0.0,0.0
0.0,0.0,0.0,0.0371517027864,0.0,0.0,0.0,0.0,0.0030959752322,0.0030959752322,0.0,0.0,0.102167182663,0.0,0.0,0.0,0.0,0.0061919504644,0.0,0.0,0.0,0.0,0.0,0.0,0.0,0.0,0.0030959752322,0.0,0.0,0.0,0.0,0.0,0.0,0.0,0.427244582043,0.0,0.0804953560372
0.0019436345967,0.000971817298348,0.000971817298348,0.0,0.0,0.0,0.00291545189504,0.0019436345967,0.0,0.0,0.0,0.0,0.0,0.0,0.0,0.0,0.0,0.0,0.0,0.0,0.00583090379009,0.00583090379009,0.0,0.0,0.0,0.0,0.0,0.0301263362488,0.0,0.0,0.0,0.000971817298348,0.0019436345967,0.0,0.0,0.75315840622,0.00388726919339
0.0025974025974,0.0,0.0,0.00779220779221,0.0,0.0,0.0,0.0025974025974,0.0,0.0,0.0,0.0,0.0207792207792,0.0025974025974,0.00519480519481,0.0,0.0,0.0155844155844,0.0,0.0,0.0,0.0311688311688,0.0,0.0,0.0,0.0,0.0,0.0,0.0,0.0,0.0,0.0,0.0,0.0,0.0675324675325,0.00519480519481,0.706493506494
