0.224704455896,0.0,0.0,0.0,0.0,0.0,0.0,0.0,0.0,0.0,0.0,0.0,0.0,0.0,0.0,0.0,0.0,0.0,0.0,0.0,0.0,0.224704455896,0.0,0.0,0.0,0.0,0.0,0.0,0.0,0.0,0.0,0.0,0.0,0.0,0.0,0.0,0.0
0.0,4.71879357381,4.04468020612,0.0,1.57293119127,0.449408911791,0.0,0.449408911791,0.0,0.0,0.0,0.224704455896,0.0,0.0,0.0,2.02234010306,0.0,0.0,0.0,0.0,0.0,0.0,0.0,0.0,0.224704455896,0.0,0.0,0.0,0.224704455896,0.0,0.898817823583,0.0,0.0,1.57293119127,0.0,0.674113367687,0.0
0.0,2.24704455896,4.26938466202,0.0,0.449408911791,0.0,0.224704455896,0.449408911791,0.0,0.0,0.0,0.224704455896,0.0,0.0,0.0,1.57293119127,0.0,0.224704455896,0.0,0.0,0.0,0.0,0.0,0.224704455896,0.0,0.0,0.0,0.0,0.0,0.0,0.224704455896,0.0,0.449408911791,2.02234010306,0.0,0.674113367687,0.0
0.224704455896,0.0,0.0,3.59527129433,0.0,0.0,0.0,0.0,0.0,0.898817823583,0.0,0.0,0.224704455896,0.0,0.0,0.224704455896,0.0,0.0,0.0,0.0,0.0,0.0,0.224704455896,0.0,0.0,0.0,0.674113367687,0.0,0.0,0.0,0.224704455896,0.0,0.0,0.0,0.449408911791,0.224704455896,0.0
0.0,2.69645347075,0.224704455896,0.0,6.29172476508,0.674113367687,0.0,0.224704455896,0.0,0.0,0.0,0.0,0.0,0.0,0.224704455896,4.71879357381,0.0,0.0,0.0,0.0,0.224704455896,0.0,0.0,0.674113367687,0.0,0.224704455896,0.0,0.0,0.224704455896,0.0,1.57293119127,0.674113367687,0.0,0.224704455896,0.0,0.224704455896,0.224704455896
0.0,0.224704455896,0.0,0.0,0.0,0.0,0.0,0.0,0.0,0.0,0.0,0.0,0.0,0.0,0.0,0.0,0.0,0.0,0.0,0.0,0.0,0.0,0.0,0.0,0.0,0.0,0.0,0.0,0.0,0.0,0.0,0.0,0.0,0.0,0.0,0.0,0.0
0.0,0.0,0.224704455896,0.0,0.0,0.0,0.0,0.0,0.0,0.0,0.0,0.0,0.0,0.0,0.0,0.0,0.0,0.0,0.0,0.0,0.0,0.0,0.0,0.224704455896,0.0,0.0,0.0,0.0,0.0,0.0,0.0,0.0,0.0,0.0,0.0,0.0,0.0
0.224704455896,0.224704455896,0.0,0.0,0.224704455896,0.0,0.0,1.34822673537,0.0,0.0,0.224704455896,0.224704455896,0.0,0.224704455896,0.0,0.0,0.0,0.0,0.0,0.0,0.0,0.449408911791,0.0,0.0,0.0,0.0,0.0,0.0,0.0,0.224704455896,0.0,0.0,0.0,0.449408911791,0.0,0.224704455896,0.0
0.0,0.0,0.0,0.0,0.0,0.0,0.0,0.0,2.02234010306,0.0,0.0,0.0,0.0,0.0,0.449408911791,0.0,0.0,0.0,0.0,0.0,0.0,0.0,0.0,0.0,0.0,0.0,0.0,0.0,0.0,0.0,0.0,0.0,0.0,0.0,0.0,0.0,0.0
0.0,0.0,0.0,1.57293119127,0.0,0.0,0.0,0.224704455896,0.0,2.02234010306,0.0,0.0,0.224704455896,0.0,0.0,0.0,0.0,0.0,0.0,0.0,0.0,0.0,0.0,0.0,0.0,0.0,0.0,0.0,0.0,0.0,0.0,0.0,0.0,0.224704455896,0.224704455896,0.0,0.0
0.0,0.0,0.0,0.0,0.0,0.0,0.0,0.224704455896,0.0,0.224704455896,0.449408911791,0.0,0.0,0.0,0.0,0.0,0.0,0.0,0.0,0.0,0.0,0.0,0.0,0.0,0.0,0.0,0.0,0.0,0.0,0.0,0.0,0.0,0.0,0.224704455896,0.0,0.0,0.0
0.0,0.224704455896,0.449408911791,0.224704455896,0.0,0.0,0.0,0.224704455896,0.0,0.0,0.0,0.674113367687,0.0,0.0,0.0,0.0,0.0,0.0,0.0,0.0,0.0,0.0,0.0,0.0,0.0,0.0,0.0,0.0,0.0,0.449408911791,0.224704455896,0.0,0.0,1.79763564717,0.0,0.224704455896,0.0
0.0,0.0,0.0,0.449408911791,0.0,0.0,0.0,0.0,0.224704455896,0.0,0.0,0.0,2.92115792664,0.0,0.224704455896,0.0,0.0,0.449408911791,0.0,0.0,0.0,0.0,0.0,0.0,0.0,0.0,0.0,0.0,0.0,0.0,0.0,0.0,0.0,0.0,1.12352227948,0.224704455896,0.224704455896
0.224704455896,0.224704455896,0.0,0.0,0.0,0.0,0.0,0.449408911791,0.0,0.224704455896,0.0,0.0,0.0,0.224704455896,0.0,0.0,0.224704455896,0.0,0.224704455896,0.0,0.0,0.224704455896,0.0,0.0,0.0,0.0,0.0,0.0,0.0,0.224704455896,0.0,0.0,0.0,0.224704455896,0.0,0.224704455896,0.0
0.0,0.0,0.0,0.0,0.0,0.0,0.0,0.0,0.0,0.0,0.0,0.0,0.0,0.0,0.449408911791,0.0,0.0,0.224704455896,0.0,0.0,0.0,0.0,0.0,0.0,0.0,0.0,0.0,0.0,0.0,0.0,0.0,0.0,0.224704455896,0.0,0.0,0.0,0.0
0.0,2.47174901485,0.0,0.224704455896,6.06702030918,0.0,0.224704455896,0.0,0.0,0.0,0.0,0.0,0.0,0.0,0.0,11.9093361625,0.224704455896,0.0,0.0,0.0,0.0,0.0,0.0,0.449408911791,0.0,0.449408911791,0.224704455896,0.224704455896,0.0,0.0,1.34822673537,0.224704455896,0.224704455896,2.69645347075,0.0,0.224704455896,0.0
0.0,0.0,0.0,0.0,0.0,0.0,0.0,0.0,0.0,0.0,0.0,0.0,0.0,0.0,0.0,0.0,2.02234010306,0.0,0.0,0.0,0.0,0.0,0.0,0.0,0.0,0.0,0.0,0.0,0.0,0.0,0.0,0.224704455896,0.0,0.0,0.0,0.0,0.0
0.0,0.0,0.0,0.0,0.0,0.0,0.0,0.0,0.224704455896,0.0,0.0,0.0,1.12352227948,0.0,0.449408911791,0.0,0.0,1.12352227948,0.0,0.0,0.0,0.0,0.0,0.0,0.0,0.0,0.0,0.0,0.0,0.0,0.0,0.0,0.0,0.0,0.0,0.0,0.674113367687
0.0,0.0,0.0,0.0,0.224704455896,0.0,0.0,0.449408911791,0.0,0.0,0.224704455896,0.449408911791,0.0,0.0,0.0,0.224704455896,0.0,0.0,0.0,0.0,0.0,0.224704455896,0.0,0.0,0.0,0.0,0.0,0.0,0.0,0.0,0.0,0.0,0.224704455896,0.674113367687,0.224704455896,0.0,0.0
0.0,0.0,0.0,0.0,0.0,0.0,0.0,0.0,0.0,0.0,0.0,0.0,0.0,0.0,0.0,0.0,0.0,0.0,0.0,0.0,0.0,0.0,0.0,0.0,0.0,0.0,0.0,0.0,0.0,0.0,0.0,0.0,0.0,0.0,0.0,0.0,0.0
0.0,0.0,0.0,0.0,0.0,0.0,0.0,0.0,0.0,0.0,0.0,0.0,0.0,0.0,0.0,0.0,0.0,0.0,0.0,0.0,0.449408911791,0.0,0.0,0.0,0.0,0.0,0.0,0.0,0.0,0.0,0.449408911791,0.0,0.0,0.0,0.0,0.449408911791,0.0
0.0,0.0,0.0,0.224704455896,0.0,0.0,0.0,0.0,0.0,0.0,0.0,0.0,0.0,0.0,0.0,0.0,0.0,0.0,0.0,0.0,0.0,1.12352227948,0.0,0.0,0.0,0.0,0.0,0.0,0.0,0.0,0.0,0.0,0.0,0.0,0.0,0.0,0.0
0.0,0.224704455896,0.0,0.0,0.0,0.0,0.0,0.0,0.0,0.0,0.0,0.0,0.0,0.0,0.0,0.0,0.0,0.0,0.0,0.0,0.0,0.0,0.0,0.0,0.0,0.0,0.0,0.0,0.0,0.0,0.0,0.0,0.0,0.0,0.0,0.0,0.0
0.0,0.224704455896,0.0,0.0,0.449408911791,0.0,0.0,0.0,0.0,0.0,0.0,0.0,0.0,0.0,0.0,0.224704455896,0.0,0.0,0.0,0.0,0.674113367687,0.0,0.0,1.57293119127,0.0,0.0,0.0,0.0,0.0,0.0,0.898817823583,0.224704455896,0.0,0.0,0.0,0.0,0.0
0.0,0.0,0.0,0.0,0.0,0.0,0.0,0.0,0.0,0.0,0.224704455896,0.0,0.0,0.0,0.0,0.0,0.0,0.0,0.0,0.0,0.0,0.0,0.224704455896,0.0,0.224704455896,0.0,0.0,0.0,0.0,0.0,0.0,0.0,0.0,0.224704455896,0.0,0.224704455896,0.0
0.0,0.0,0.0,0.0,0.0,0.0,0.0,0.0,0.0,0.0,0.0,0.0,0.0,0.0,0.0,0.449408911791,0.0,0.0,0.0,0.0,0.0,0.0,0.0,0.0,0.0,0.449408911791,0.0,0.0,0.0,0.0,0.0,0.0,0.0,0.0,0.0,0.0,0.0
0.0,0.0,0.0,1.12352227948,0.0,0.0,0.0,0.0,0.0,0.0,0.0,0.0,0.0,0.0,0.0,0.0,0.0,0.0,0.0,0.0,0.0,0.0,0.0,0.0,0.0,0.0,0.449408911791,0.0,0.0,0.0,0.0,0.0,0.0,0.0,0.0,0.0,0.0
0.0,0.0,0.224704455896,0.0,0.0,0.0,0.0,0.0,0.0,0.0,0.0,0.224704455896,0.0,0.224704455896,0.0,0.0,0.0,0.0,0.0,0.0,0.0,0.0,0.0,0.224704455896,0.0,0.0,0.0,0.0,0.0,0.224704455896,0.0,0.0,0.0,0.0,0.0,1.12352227948,0.0
0.0,0.0,0.0,0.0,0.0,0.0,0.0,0.0,0.0,0.0,0.0,0.0,0.0,0.0,0.0,0.0,0.0,0.0,0.0,0.0,0.0,0.0,0.0,0.0,0.0,0.0,0.0,0.0,0.898817823583,0.0,0.0,0.0,0.0,0.0,0.0,0.0,0.0
0.0,0.0,0.898817823583,0.0,0.449408911791,0.0,0.0,0.224704455896,0.224704455896,0.674113367687,0.0,0.224704455896,0.224704455896,0.449408911791,0.0,0.224704455896,0.0,0.0,0.0,0.0,0.0,0.0,0.0,0.0,0.0,0.0,0.0,0.224704455896,0.0,0.898817823583,0.224704455896,0.224704455896,0.0,0.674113367687,0.0,0.0,0.0
0.0,0.0,0.0,0.224704455896,0.898817823583,0.224704455896,0.0,0.0,0.0,0.0,0.0,0.0,0.0,0.0,0.0,0.449408911791,0.0,0.0,0.0,0.0,0.449408911791,0.0,0.0,0.898817823583,0.0,0.0,0.0,0.0,0.0,0.0,2.24704455896,0.674113367687,0.224704455896,0.674113367687,0.0,0.0,0.0
0.0,0.224704455896,0.0,0.0,0.674113367687,0.0,0.0,0.224704455896,0.0,0.0,0.0,0.0,0.0,0.0,0.0,0.224704455896,0.224704455896,0.0,0.0,0.0,0.449408911791,0.0,0.0,0.449408911791,0.0,0.224704455896,0.0,0.0,0.0,0.0,0.674113367687,3.37056683844,0.0,0.449408911791,0.0,0.224704455896,0.0
0.224704455896,0.0,0.224704455896,0.0,0.224704455896,0.0,0.674113367687,0.0,0.0,0.0,0.0,0.0,0.0,0.0,0.0,0.449408911791,0.0,0.0,0.0,0.0,0.0,0.0,0.0,0.449408911791,0.0,0.0,0.0,0.0,0.0,0.224704455896,0.0,0.0,2.24704455896,0.224704455896,0.0,0.224704455896,0.0
0.0,0.898817823583,0.224704455896,0.449408911791,1.34822673537,0.224704455896,0.0,0.224704455896,0.0,0.224704455896,0.0,1.57293119127,0.0,0.0,0.224704455896,0.898817823583,0.0,0.0,0.449408911791,0.0,0.0,0.0,0.0,0.0,0.0,0.0,0.0,0.0,0.0,0.674113367687,0.224704455896,0.224704455896,0.674113367687,6.96583813277,0.224704455896,0.0,0.0
0.0,0.0,0.0,0.674113367687,0.0,0.0,0.0,0.0,0.224704455896,0.0,0.0,0.0,3.14586238254,0.0,0.224704455896,0.0,0.0,0.449408911791,0.0,0.0,0.0,0.0,0.0,0.0,0.0,0.0,0.224704455896,0.0,0.0,0.0,0.0,0.0,0.0,0.0,8.76347377993,0.0,2.02234010306
0.0,0.224704455896,0.0,0.0,0.0,0.0,0.224704455896,0.0,0.0,0.0,0.0,0.0,0.0,0.0,0.0,0.224704455896,0.0,0.0,0.0,0.0,0.224704455896,0.224704455896,0.0,0.0,0.0,0.0,0.0,0.674113367687,0.0,0.224704455896,0.0,0.0,0.0,0.0,0.0,17.302243104,0.224704455896
0.0,0.0,0.0,0.0,0.0,0.0,0.0,0.0,0.0,0.0,0.0,0.224704455896,0.898817823583,0.0,0.0,0.0,0.0,0.449408911791,0.0,0.0,0.0,0.0,0.0,0.0,0.224704455896,0.0,0.0,0.0,0.0,0.0,0.0,0.0,0.0,0.0,3.14586238254,0.0,6.96583813277
