0.242889908257,0.0,0.0,0.0,0.0,0.242889908257,0.0,0.0,0.0,0.0,0.0,0.0,0.0,0.0,0.0,0.0,0.0,0.0,0.0,0.0,0.0,0.485779816514,0.0,0.0,0.242889908257,0.0,0.0,0.0,0.0,0.0,0.0,0.242889908257,0.485779816514,0.242889908257,0.0,0.242889908257,0.0
0.0,7.28669724771,2.67178899083,0.242889908257,4.61490825688,1.21444954128,0.971559633028,0.485779816514,0.0,0.0,0.242889908257,0.485779816514,0.0,0.0,0.0,5.34357798165,0.242889908257,0.0,0.0,0.0,0.0,0.242889908257,0.242889908257,0.485779816514,0.0,0.242889908257,0.0,0.242889908257,0.242889908257,0.485779816514,1.94311926606,0.971559633028,0.728669724771,1.7002293578,0.242889908257,0.728669724771,0.242889908257
0.0,4.37201834862,7.77247706422,0.242889908257,2.67178899083,0.242889908257,0.485779816514,0.728669724771,0.0,0.0,0.0,0.0,0.0,0.0,0.0,0.971559633028,0.0,0.0,0.0,0.0,0.485779816514,0.0,0.0,0.0,0.0,0.0,0.0,0.242889908257,0.0,0.242889908257,0.971559633028,0.242889908257,1.7002293578,4.12912844037,0.0,0.242889908257,0.0
0.0,0.0,0.0,6.31513761468,0.242889908257,0.0,0.0,0.485779816514,0.485779816514,2.67178899083,0.242889908257,0.0,0.242889908257,0.485779816514,0.0,0.0,0.0,0.242889908257,0.0,0.0,0.0,0.728669724771,0.0,0.0,0.971559633028,0.0,0.728669724771,0.242889908257,0.0,0.728669724771,0.0,0.0,0.0,0.242889908257,0.728669724771,0.242889908257,0.971559633028
0.0,2.67178899083,0.485779816514,0.242889908257,16.7594036697,0.242889908257,0.0,0.485779816514,0.0,0.0,0.0,0.0,0.0,0.0,0.0,8.25825688073,0.0,0.0,0.728669724771,0.0,0.242889908257,0.0,0.0,1.7002293578,0.0,0.242889908257,0.0,0.242889908257,0.242889908257,0.242889908257,2.18600917431,1.45733944954,0.242889908257,1.94311926606,0.242889908257,0.728669724771,0.0
0.0,0.728669724771,0.242889908257,0.0,0.971559633028,1.21444954128,0.0,0.242889908257,0.0,0.0,0.0,0.0,0.0,0.0,0.0,0.242889908257,0.0,0.0,0.0,0.0,0.242889908257,0.0,0.0,0.0,0.0,0.242889908257,0.0,0.0,0.0,0.0,0.728669724771,0.242889908257,0.0,0.0,0.0,0.0,0.0
0.485779816514,0.242889908257,0.0,0.0,0.242889908257,0.0,0.485779816514,0.0,0.0,0.0,0.0,0.242889908257,0.0,0.0,0.0,0.0,0.0,0.0,0.0,0.0,0.0,0.0,0.0,0.0,0.0,0.0,0.0,0.971559633028,0.0,0.0,0.242889908257,0.0,0.242889908257,0.242889908257,0.0,0.0,0.0
0.0,0.0,0.485779816514,0.0,0.728669724771,0.0,0.0,3.64334862385,0.0,0.728669724771,0.0,0.485779816514,0.0,0.971559633028,0.0,0.971559633028,0.0,0.0,0.242889908257,0.0,0.242889908257,0.0,0.0,0.0,0.0,0.0,0.485779816514,0.0,0.242889908257,0.971559633028,0.728669724771,0.485779816514,2.67178899083,1.21444954128,0.0,1.94311926606,0.0
0.0,0.0,0.0,0.0,0.0,0.0,0.0,0.0,1.21444954128,0.0,0.0,0.0,0.242889908257,0.0,0.242889908257,0.0,0.0,0.485779816514,0.0,0.0,0.0,0.0,0.0,0.0,0.0,0.0,0.0,0.0,0.0,0.242889908257,0.0,0.0,0.0,0.242889908257,0.242889908257,0.242889908257,0.0
0.242889908257,0.0,0.0,2.18600917431,0.0,0.0,0.0,0.242889908257,0.0,5.10068807339,0.0,0.242889908257,0.0,0.0,0.0,0.485779816514,0.0,0.0,0.0,0.0,0.0,0.0,0.0,0.0,0.971559633028,0.0,1.7002293578,0.242889908257,0.0,0.242889908257,0.0,0.0,0.0,0.485779816514,0.0,0.242889908257,0.0
0.0,0.242889908257,0.0,0.242889908257,0.0,0.0,0.0,0.0,0.0,0.242889908257,0.0,0.0,0.0,0.0,0.0,0.0,0.0,0.0,0.242889908257,0.0,0.0,0.0,0.0,0.0,0.485779816514,0.0,0.242889908257,0.242889908257,0.0,0.0,0.0,0.0,0.0,0.0,0.0,0.0,0.0
0.0,0.242889908257,0.0,0.0,0.0,0.0,0.0,0.485779816514,0.0,0.242889908257,0.242889908257,1.7002293578,0.242889908257,0.242889908257,0.0,0.242889908257,0.0,0.0,0.242889908257,0.0,0.0,0.0,0.0,0.0,0.0,0.0,0.0,0.0,0.0,1.45733944954,0.0,0.0,0.0,1.45733944954,0.0,0.0,0.0
0.0,0.0,0.0,0.0,0.242889908257,0.0,0.0,0.0,0.242889908257,0.0,0.0,0.0,9.95848623853,0.0,0.242889908257,0.0,0.0,2.42889908257,0.0,0.0,0.0,0.0,0.0,0.0,0.0,0.0,0.0,0.0,0.0,0.0,0.0,0.0,0.0,0.0,4.37201834862,0.0,2.42889908257
0.0,0.0,0.242889908257,0.728669724771,0.0,0.0,0.242889908257,0.728669724771,0.0,0.0,0.242889908257,0.242889908257,0.0,1.7002293578,0.0,0.0,0.0,0.0,0.0,0.0,0.0,0.0,0.0,0.0,0.485779816514,0.0,0.0,0.0,0.0,0.0,0.0,0.0,0.0,0.0,0.242889908257,0.0,0.0
0.485779816514,0.728669724771,0.0,1.7002293578,0.485779816514,0.0,0.0,0.242889908257,2.42889908257,0.971559633028,0.0,0.242889908257,1.21444954128,0.0,1.21444954128,0.485779816514,0.0,1.45733944954,0.0,0.0,0.0,0.0,0.242889908257,0.242889908257,0.242889908257,0.0,0.0,0.0,0.0,0.0,0.242889908257,0.485779816514,0.0,0.728669724771,0.0,2.42889908257,0.971559633028
0.0,3.64334862385,1.21444954128,0.242889908257,10.6871559633,0.728669724771,0.0,0.971559633028,0.0,0.0,0.0,0.0,0.0,0.0,0.0,19.1883027523,0.242889908257,0.0,0.0,0.0,0.0,0.0,0.0,0.485779816514,0.0,1.21444954128,0.242889908257,0.0,0.971559633028,1.21444954128,1.45733944954,0.485779816514,0.971559633028,4.61490825688,0.0,0.0,0.0
0.0,0.0,0.0,0.0,0.0,0.0,0.0,0.0,0.0,0.0,0.0,0.0,0.0,0.0,0.0,0.0,5.58646788991,0.0,0.0,0.0,0.0,0.0,0.0,0.0,0.0,0.0,0.0,0.0,0.0,0.0,0.0,0.485779816514,0.0,0.0,0.0,0.0,0.0
0.0,0.242889908257,0.0,0.242889908257,0.242889908257,0.0,0.0,0.0,0.0,0.0,0.0,0.0,0.728669724771,0.0,0.485779816514,0.0,0.0,3.64334862385,0.0,0.0,0.242889908257,0.0,0.0,0.0,0.0,0.0,0.0,0.0,0.0,0.0,0.0,0.0,0.0,0.0,0.485779816514,0.0,0.242889908257
0.0,0.242889908257,0.242889908257,0.242889908257,0.0,0.0,0.0,0.0,0.0,0.0,0.0,0.0,0.0,0.0,0.0,0.242889908257,0.0,0.0,0.485779816514,0.0,0.0,0.0,0.0,0.0,0.0,0.0,0.0,0.0,0.0,0.485779816514,0.0,0.0,0.0,0.485779816514,0.0,0.0,0.0
0.0,0.0,0.0,0.0,0.0,0.0,0.0,0.0,0.0,0.0,0.0,0.0,0.0,0.0,0.0,0.0,0.0,0.0,0.0,0.0,0.0,0.0,0.0,0.0,0.0,0.0,0.0,0.0,0.0,0.0,0.0,0.0,0.0,0.0,0.0,0.0,0.0
0.0,0.0,0.0,0.0,0.242889908257,0.0,0.0,0.0,0.0,0.0,0.0,0.0,0.0,0.0,0.0,0.0,0.0,0.0,0.0,0.0,2.18600917431,0.0,0.0,0.728669724771,0.0,0.0,0.0,0.0,0.0,0.0,0.242889908257,0.242889908257,0.0,0.0,0.0,0.728669724771,0.0
0.0,0.0,0.0,0.242889908257,0.0,0.0,0.0,0.0,0.242889908257,0.242889908257,0.0,0.0,0.242889908257,0.0,0.0,0.0,0.0,0.0,0.0,0.0,0.242889908257,1.21444954128,0.0,0.0,0.242889908257,0.0,0.0,0.0,0.0,0.242889908257,0.0,0.0,0.0,0.0,0.0,0.242889908257,1.21444954128
0.242889908257,0.0,0.0,0.242889908257,0.0,0.0,0.0,0.0,0.0,0.485779816514,0.0,0.0,0.0,0.0,0.0,0.0,0.0,0.242889908257,0.0,0.0,0.0,0.0,0.485779816514,0.0,0.242889908257,0.0,0.0,0.0,0.0,0.0,0.0,0.0,0.0,0.0,0.242889908257,0.242889908257,0.0
0.0,0.0,0.242889908257,0.0,0.728669724771,0.0,0.242889908257,0.0,0.0,0.0,0.0,0.0,0.0,0.0,0.0,0.0,0.0,0.0,0.0,0.0,0.971559633028,0.0,0.0,2.18600917431,0.0,0.0,0.0,0.0,0.0,0.242889908257,2.18600917431,1.94311926606,0.0,0.242889908257,0.0,0.0,0.0
0.0,0.0,0.0,0.485779816514,0.242889908257,0.0,0.0,0.242889908257,0.0,0.0,0.0,0.0,0.0,0.242889908257,0.0,0.0,0.0,0.242889908257,0.0,0.0,0.0,0.242889908257,0.242889908257,0.0,0.728669724771,0.0,0.0,0.0,0.0,0.0,0.0,0.0,0.242889908257,0.0,0.0,0.0,0.0
0.0,0.0,0.0,0.0,0.0,0.0,0.0,0.0,0.0,0.0,0.0,0.0,0.0,0.242889908257,0.0,0.0,0.0,0.0,0.0,0.0,0.0,0.0,0.0,0.0,0.0,0.728669724771,0.0,0.0,0.242889908257,0.0,0.0,0.0,0.0,0.0,0.0,0.0,0.0
0.0,0.0,0.0,0.728669724771,0.0,0.0,0.0,0.0,0.0,0.971559633028,0.0,0.0,0.0,0.0,0.0,0.0,0.0,0.0,0.0,0.0,0.0,0.242889908257,0.0,0.0,0.0,0.0,3.15756880734,0.0,0.0,0.0,0.0,0.0,0.0,0.0,0.0,0.0,0.0
0.0,0.242889908257,0.0,0.242889908257,0.0,0.0,0.242889908257,0.242889908257,0.0,0.242889908257,0.0,0.0,0.0,0.0,0.0,0.242889908257,0.0,0.0,0.0,0.0,0.242889908257,0.0,0.0,0.0,0.0,0.0,0.0,0.971559633028,0.0,0.0,0.0,0.0,0.0,0.0,0.0,1.21444954128,0.0
0.0,0.242889908257,0.0,0.0,0.0,0.0,0.0,0.0,0.0,0.0,0.0,0.0,0.0,0.0,0.0,0.0,0.0,0.0,0.0,0.0,0.242889908257,0.0,0.0,0.0,0.0,0.0,0.0,0.0,0.971559633028,0.0,0.0,0.0,0.0,0.0,0.0,0.0,0.0
0.0,0.485779816514,0.242889908257,0.485779816514,0.242889908257,0.0,0.0,1.21444954128,0.0,0.242889908257,0.0,0.242889908257,0.0,0.0,0.0,0.728669724771,0.0,0.0,0.0,0.0,0.242889908257,0.0,0.0,0.0,0.0,0.242889908257,0.0,0.485779816514,0.0,2.18600917431,0.242889908257,0.0,0.728669724771,2.18600917431,0.0,1.21444954128,0.0
0.0,0.242889908257,0.242889908257,0.0,2.67178899083,0.0,0.0,0.0,0.0,0.0,0.0,0.0,0.0,0.0,0.0,0.485779816514,0.0,0.0,0.0,0.0,0.242889908257,0.0,0.0,2.18600917431,0.0,0.0,0.0,0.242889908257,0.0,0.0,5.34357798165,0.728669724771,0.242889908257,0.485779816514,0.0,0.242889908257,0.0
0.0,0.0,0.0,0.0,0.485779816514,0.242889908257,0.0,0.0,0.0,0.0,0.0,0.0,0.0,0.0,0.0,0.242889908257,0.971559633028,0.0,0.0,0.0,0.728669724771,0.0,0.0,0.728669724771,0.0,0.0,0.0,0.0,0.0,0.0,0.971559633028,4.37201834862,0.242889908257,0.242889908257,0.0,0.0,0.0
0.0,1.21444954128,0.485779816514,0.242889908257,0.242889908257,0.0,0.728669724771,0.971559633028,0.0,0.0,0.242889908257,0.728669724771,0.0,0.242889908257,0.0,0.485779816514,0.0,0.0,0.0,0.0,0.0,0.0,0.0,0.242889908257,0.242889908257,0.0,0.0,0.971559633028,0.242889908257,0.0,0.728669724771,0.242889908257,3.4004587156,1.21444954128,0.242889908257,1.21444954128,0.0
0.0,3.4004587156,3.4004587156,0.971559633028,2.91467889908,0.0,0.242889908257,1.21444954128,0.0,0.0,0.242889908257,2.67178899083,0.485779816514,0.485779816514,0.0,7.28669724771,0.0,0.242889908257,0.728669724771,0.0,0.0,0.242889908257,0.0,0.242889908257,0.242889908257,0.242889908257,0.728669724771,0.242889908257,0.485779816514,1.45733944954,0.728669724771,0.485779816514,1.94311926606,18.2167431193,0.728669724771,0.971559633028,0.0
0.242889908257,0.0,0.0,0.242889908257,0.0,0.0,0.0,0.242889908257,0.728669724771,0.242889908257,0.242889908257,0.0,5.34357798165,0.242889908257,0.242889908257,0.0,0.0,1.7002293578,0.0,0.0,0.0,0.0,0.0,0.0,0.0,0.0,0.0,0.0,0.0,0.0,0.0,0.0,0.0,0.0,12.8731651376,0.485779816514,5.10068807339
0.242889908257,0.0,0.242889908257,0.0,0.242889908257,0.0,0.0,0.0,0.0,0.0,0.242889908257,0.0,0.0,0.242889908257,0.0,0.0,0.242889908257,0.0,0.242889908257,0.0,0.728669724771,0.242889908257,0.0,0.0,0.0,0.0,0.0,0.971559633028,0.0,0.0,0.242889908257,0.242889908257,0.242889908257,0.242889908257,0.242889908257,35.4619266055,0.728669724771
0.0,0.0,0.0,0.242889908257,0.0,0.0,0.0,0.0,0.485779816514,0.0,0.0,0.0,1.7002293578,0.0,0.0,0.0,0.0,0.485779816514,0.0,0.0,0.0,0.0,0.0,0.0,0.0,0.0,0.0,0.0,0.0,0.242889908257,0.0,0.0,0.0,0.0,5.58646788991,0.485779816514,8.25825688073
