1.58359838595,0.175955376216,0.0,0.175955376216,0.0,0.0,0.0,0.175955376216,0.0,0.351910752433,0.175955376216,0.0,0.0,0.0,0.175955376216,0.0,0.0,0.0,0.0,0.0,0.0,0.175955376216,0.175955376216,0.0,0.0,0.0,0.0,0.0,0.0,0.175955376216,0.175955376216,0.0,0.0,0.175955376216,0.0,0.175955376216,0.175955376216
0.0,9.14967956326,2.99124139568,0.0,4.39888440541,0.703821504866,0.527866128649,1.75955376216,0.0,0.0,0.0,0.527866128649,0.0,0.351910752433,0.175955376216,5.10270591028,0.0,0.0,0.0,0.0,0.0,0.175955376216,0.175955376216,0.0,0.0,0.0,0.351910752433,0.175955376216,0.0,0.527866128649,0.527866128649,0.703821504866,1.40764300973,3.1671967719,0.0,0.527866128649,0.0
0.0,5.27866128649,4.75079515784,0.0,1.0557322573,0.175955376216,0.527866128649,1.40764300973,0.0,0.351910752433,0.0,0.351910752433,0.0,0.175955376216,0.703821504866,0.879776881082,0.0,0.0,0.0,0.0,0.0,0.0,0.0,0.0,0.0,0.175955376216,0.175955376216,0.0,0.0,0.351910752433,0.175955376216,0.0,2.1114645146,4.39888440541,0.0,0.703821504866,0.0
0.527866128649,0.0,0.0,8.26990268217,0.175955376216,0.0,0.0,0.175955376216,0.0,3.34315214811,0.351910752433,0.0,0.175955376216,0.175955376216,0.351910752433,0.175955376216,0.0,0.351910752433,0.0,0.0,0.0,1.93550913838,0.879776881082,0.0,0.879776881082,0.0,1.75955376216,0.0,0.0,0.0,0.0,0.175955376216,0.0,0.351910752433,1.40764300973,0.175955376216,0.527866128649
0.0,3.51910752433,2.1114645146,0.175955376216,16.5398053643,0.703821504866,0.175955376216,0.703821504866,0.0,0.175955376216,0.0,0.0,0.0,0.0,0.351910752433,10.9092333254,0.0,0.0,0.0,0.175955376216,0.0,0.0,0.0,0.0,0.351910752433,0.879776881082,0.175955376216,0.0,0.175955376216,0.175955376216,2.46337526703,0.703821504866,0.175955376216,1.58359838595,0.0,0.0,0.0
0.0,0.703821504866,0.175955376216,0.0,0.527866128649,0.703821504866,0.0,0.0,0.0,0.0,0.0,0.0,0.175955376216,0.0,0.0,0.175955376216,0.0,0.0,0.0,0.0,0.0,0.0,0.0,0.0,0.0,0.0,0.0,0.0,0.0,0.0,0.175955376216,0.0,0.0,0.0,0.0,0.175955376216,0.0
0.175955376216,0.351910752433,0.175955376216,0.0,0.351910752433,0.0,0.0,0.175955376216,0.0,0.0,0.0,0.0,0.0,0.0,0.0,0.0,0.0,0.0,0.0,0.0,0.0,0.0,0.0,0.0,0.0,0.0,0.0,0.0,0.0,0.175955376216,0.0,0.0,0.351910752433,0.175955376216,0.0,0.351910752433,0.0
0.351910752433,1.23168763352,1.93550913838,1.0557322573,0.527866128649,0.175955376216,0.175955376216,7.56608117731,0.0,0.527866128649,0.351910752433,1.0557322573,0.0,1.75955376216,0.351910752433,0.351910752433,0.0,0.175955376216,0.175955376216,0.0,0.0,0.175955376216,0.351910752433,0.0,0.527866128649,0.0,0.0,0.175955376216,0.0,3.34315214811,0.175955376216,0.0,1.58359838595,3.51910752433,0.175955376216,0.175955376216,0.351910752433
0.0,0.0,0.0,0.0,0.0,0.0,0.0,0.175955376216,3.51910752433,0.175955376216,0.0,0.0,0.0,0.0,0.0,0.0,0.0,0.0,0.0,0.0,0.0,0.0,0.0,0.0,0.0,0.0,0.0,0.0,0.0,0.0,0.0,0.175955376216,0.0,0.0,0.0,1.0557322573,0.175955376216
0.351910752433,0.0,0.0,4.39888440541,0.0,0.0,0.0,0.703821504866,0.0,7.03821504866,0.175955376216,0.175955376216,0.175955376216,0.351910752433,0.175955376216,0.351910752433,0.175955376216,0.175955376216,0.0,0.0,0.0,0.703821504866,0.175955376216,0.0,1.23168763352,0.0,2.99124139568,0.0,0.0,0.175955376216,0.175955376216,0.0,0.0,0.879776881082,0.703821504866,0.703821504866,0.0
0.175955376216,0.0,0.175955376216,0.175955376216,0.0,0.0,0.0,0.175955376216,0.175955376216,0.351910752433,0.175955376216,0.0,0.0,0.0,0.0,0.0,0.0,0.0,0.0,0.0,0.0,0.0,0.351910752433,0.0,0.351910752433,0.0,0.175955376216,0.0,0.0,0.175955376216,0.0,0.0,0.175955376216,0.0,0.0,0.0,0.0
0.0,0.0,0.351910752433,0.0,0.0,0.0,0.0,1.0557322573,0.0,0.175955376216,0.175955376216,1.58359838595,0.0,0.175955376216,0.0,0.527866128649,0.0,0.0,0.0,0.0,0.0,0.0,0.0,0.0,0.0,0.0,0.0,0.0,0.0,0.703821504866,0.0,0.0,0.0,2.1114645146,0.0,0.175955376216,0.0
0.0,0.0,0.0,0.175955376216,0.0,0.0,0.0,0.0,0.351910752433,0.0,0.0,0.0,7.03821504866,0.0,0.351910752433,0.0,0.0,1.93550913838,0.0,0.0,0.0,0.0,0.0,0.0,0.0,0.0,0.175955376216,0.0,0.0,0.0,0.0,0.0,0.0,0.175955376216,4.39888440541,0.0,1.75955376216
0.879776881082,0.527866128649,0.175955376216,0.351910752433,0.0,0.0,0.0,2.1114645146,0.0,0.0,0.879776881082,0.175955376216,0.0,2.63933064325,0.0,0.175955376216,0.0,0.175955376216,0.0,0.0,0.0,0.527866128649,0.351910752433,0.0,0.879776881082,0.0,0.0,0.0,0.0,0.527866128649,0.0,0.0,0.703821504866,0.527866128649,0.0,0.351910752433,0.0
0.0,0.0,0.0,0.351910752433,0.175955376216,0.0,0.0,0.0,0.703821504866,0.0,0.175955376216,0.0,0.351910752433,0.351910752433,0.527866128649,0.0,0.0,0.175955376216,0.0,0.0,0.175955376216,0.351910752433,0.175955376216,0.0,0.0,0.0,0.703821504866,0.0,0.0,0.0,0.175955376216,0.351910752433,0.175955376216,0.879776881082,0.527866128649,1.23168763352,0.703821504866
0.0,2.81528601946,1.58359838595,0.0,8.44585805839,0.0,0.0,0.351910752433,0.0,0.175955376216,0.175955376216,0.351910752433,0.0,0.175955376216,0.351910752433,18.2993591265,0.0,0.0,0.175955376216,0.0,0.175955376216,0.0,0.0,0.0,0.0,1.0557322573,0.0,0.0,0.527866128649,0.175955376216,1.0557322573,0.527866128649,0.879776881082,3.1671967719,0.0,0.175955376216,0.0
0.0,0.175955376216,0.0,0.0,0.0,0.0,0.0,0.0,0.0,0.0,0.0,0.0,0.0,0.0,0.0,0.0,5.27866128649,0.0,0.0,0.0,0.0,0.0,0.0,0.0,0.0,0.0,0.0,0.0,0.0,0.0,0.0,1.23168763352,0.0,0.175955376216,0.0,0.175955376216,0.0
0.0,0.0,0.0,0.175955376216,0.0,0.0,0.0,0.175955376216,0.527866128649,0.0,0.0,0.0,1.0557322573,0.0,0.175955376216,0.175955376216,0.0,0.527866128649,0.0,0.0,0.0,0.0,0.0,0.0,0.0,0.0,0.0,0.0,0.0,0.0,0.0,0.175955376216,0.0,0.0,0.175955376216,0.351910752433,0.703821504866
0.0,0.175955376216,0.0,0.0,0.0,0.0,0.0,0.527866128649,0.0,0.0,0.175955376216,0.175955376216,0.0,0.175955376216,0.0,0.0,0.0,0.0,0.351910752433,0.0,0.0,0.0,0.0,0.0,0.0,0.0,0.0,0.0,0.0,0.351910752433,0.0,0.0,0.0,0.703821504866,0.0,0.0,0.0
0.0,0.0,0.0,0.0,0.175955376216,0.0,0.0,0.0,0.0,0.0,0.0,0.0,0.0,0.0,0.0,0.0,0.0,0.0,0.0,0.0,0.0,0.0,0.0,0.0,0.0,0.0,0.0,0.0,0.0,0.0,0.0,0.0,0.0,0.0,0.0,0.0,0.0
0.0,0.0,0.0,0.0,0.0,0.0,0.0,0.0,0.0,0.0,0.0,0.0,0.0,0.0,0.0,0.0,0.0,0.0,0.0,0.0,1.0557322573,0.0,0.0,0.527866128649,0.0,0.0,0.0,0.0,0.0,0.0,0.175955376216,0.527866128649,0.175955376216,0.175955376216,0.0,1.75955376216,0.0
0.527866128649,0.0,0.0,0.351910752433,0.351910752433,0.0,0.0,0.175955376216,0.175955376216,1.23168763352,0.0,0.0,0.0,0.175955376216,0.175955376216,0.0,0.0,0.0,0.0,0.0,0.0,2.1114645146,0.0,0.0,0.527866128649,0.0,0.351910752433,0.0,0.0,0.175955376216,0.0,0.0,0.0,0.351910752433,0.0,0.175955376216,0.351910752433
0.175955376216,0.0,0.0,0.527866128649,0.0,0.0,0.0,0.175955376216,0.0,0.527866128649,0.0,0.0,0.0,0.175955376216,0.351910752433,0.0,0.0,0.0,0.0,0.0,0.0,0.175955376216,0.351910752433,0.0,0.527866128649,0.0,0.351910752433,0.0,0.0,0.175955376216,0.0,0.0,0.175955376216,0.0,0.0,0.527866128649,0.0
0.0,0.0,0.0,0.0,0.0,0.175955376216,0.0,0.0,0.0,0.0,0.0,0.0,0.0,0.0,0.0,0.175955376216,0.0,0.0,0.0,0.0,0.351910752433,0.0,0.0,1.75955376216,0.0,0.175955376216,0.0,0.0,0.0,0.0,0.175955376216,0.879776881082,0.0,0.0,0.0,0.0,0.0
0.527866128649,0.0,0.175955376216,0.175955376216,0.0,0.0,0.0,0.351910752433,0.0,0.527866128649,0.527866128649,0.0,0.0,0.879776881082,0.175955376216,0.175955376216,0.0,0.0,0.0,0.0,0.0,0.351910752433,0.0,0.0,0.703821504866,0.0,0.527866128649,0.0,0.0,0.351910752433,0.0,0.0,0.0,0.0,0.0,0.0,0.0
0.0,0.175955376216,0.0,0.0,0.527866128649,0.0,0.0,0.0,0.0,0.0,0.0,0.0,0.0,0.0,0.0,1.40764300973,0.0,0.0,0.0,0.0,0.0,0.0,0.0,0.0,0.0,0.527866128649,0.0,0.0,0.175955376216,0.0,0.0,0.0,0.175955376216,0.351910752433,0.0,0.0,0.0
0.0,0.175955376216,0.175955376216,1.40764300973,0.0,0.0,0.0,0.351910752433,0.175955376216,2.1114645146,0.351910752433,0.175955376216,0.0,0.527866128649,0.0,0.0,0.0,0.0,0.175955376216,0.0,0.0,0.175955376216,0.175955376216,0.0,0.175955376216,0.0,5.10270591028,0.0,0.0,0.351910752433,0.0,0.0,0.175955376216,0.175955376216,0.527866128649,0.527866128649,0.0
0.0,0.703821504866,0.0,0.175955376216,0.175955376216,0.0,0.0,0.351910752433,0.175955376216,0.175955376216,0.0,0.0,0.0,0.0,0.0,0.351910752433,0.0,0.0,0.0,0.0,0.175955376216,0.0,0.0,0.0,0.0,0.0,0.0,0.351910752433,0.0,0.0,0.0,0.0,0.0,0.175955376216,0.0,1.0557322573,0.0
0.0,0.175955376216,0.0,0.0,0.351910752433,0.0,0.0,0.0,0.0,0.0,0.0,0.0,0.0,0.0,0.0,0.879776881082,0.0,0.0,0.0,0.0,0.0,0.0,0.0,0.0,0.175955376216,0.175955376216,0.0,0.0,0.351910752433,0.0,0.0,0.0,0.175955376216,0.0,0.0,0.0,0.0
0.0,0.527866128649,0.175955376216,0.0,0.175955376216,0.175955376216,0.0,1.75955376216,0.0,0.0,0.0,1.23168763352,0.0,0.703821504866,0.175955376216,0.175955376216,0.0,0.0,0.527866128649,0.0,0.0,0.175955376216,0.0,0.0,0.0,0.0,0.175955376216,0.0,0.0,1.93550913838,0.0,0.0,0.879776881082,2.63933064325,0.0,0.0,0.0
0.175955376216,0.175955376216,0.703821504866,0.0,1.0557322573,0.175955376216,0.0,0.175955376216,0.0,0.0,0.0,0.0,0.0,0.0,0.0,0.703821504866,0.0,0.0,0.0,0.0,0.175955376216,0.0,0.0,0.0,0.0,0.0,0.0,0.0,0.0,0.0,3.69506290055,0.175955376216,0.0,0.351910752433,0.0,0.175955376216,0.0
0.0,0.0,0.0,0.0,0.351910752433,0.0,0.0,0.0,0.0,0.0,0.0,0.0,0.0,0.0,0.0,0.351910752433,0.703821504866,0.0,0.0,0.0,0.527866128649,0.0,0.0,0.703821504866,0.0,0.0,0.0,0.0,0.0,0.0,0.703821504866,3.69506290055,0.0,0.175955376216,0.0,0.0,0.0
0.175955376216,0.879776881082,1.23168763352,0.175955376216,0.879776881082,0.527866128649,0.351910752433,2.28741989081,0.0,0.175955376216,0.0,1.23168763352,0.0,0.527866128649,0.0,0.175955376216,0.0,0.0,0.0,0.0,0.0,0.0,0.0,0.0,0.351910752433,0.0,0.351910752433,0.0,0.0,1.40764300973,0.175955376216,0.0,4.92675053406,4.75079515784,0.0,0.351910752433,0.0
0.175955376216,2.63933064325,3.69506290055,0.527866128649,1.23168763352,0.0,0.703821504866,3.69506290055,0.0,0.351910752433,0.0,2.63933064325,0.0,0.703821504866,0.351910752433,1.75955376216,0.0,0.0,1.0557322573,0.0,0.0,0.175955376216,0.351910752433,0.0,0.0,0.0,0.527866128649,0.175955376216,0.0,1.93550913838,0.175955376216,0.0,1.40764300973,19.7070021362,0.0,0.175955376216,0.703821504866
0.0,0.0,0.0,0.879776881082,0.0,0.0,0.0,0.175955376216,0.0,0.0,0.0,0.0,3.51910752433,0.0,0.0,0.0,0.0,1.23168763352,0.0,0.0,0.0,0.0,0.0,0.0,0.0,0.0,0.527866128649,0.0,0.0,0.0,0.0,0.0,0.175955376216,0.0,11.7890102065,0.175955376216,4.39888440541
0.351910752433,0.527866128649,0.527866128649,0.351910752433,0.351910752433,0.175955376216,0.0,0.703821504866,0.527866128649,0.351910752433,0.175955376216,0.175955376216,0.0,0.175955376216,0.703821504866,0.175955376216,0.351910752433,0.175955376216,0.175955376216,0.0,1.58359838595,0.0,0.0,0.175955376216,0.175955376216,0.175955376216,0.175955376216,0.879776881082,0.0,0.351910752433,0.0,0.175955376216,0.351910752433,0.879776881082,0.175955376216,31.4960123427,0.351910752433
0.0,0.0,0.0,0.879776881082,0.0,0.0,0.0,0.0,0.703821504866,0.175955376216,0.0,0.0,0.879776881082,0.175955376216,0.351910752433,0.0,0.0,0.175955376216,0.0,0.0,0.0,0.0,0.0,0.0,0.351910752433,0.0,0.175955376216,0.0,0.0,0.175955376216,0.0,0.0,0.0,0.0,4.57483978163,0.351910752433,6.68630429623
