0.61085874973,0.152714687432,0.0,0.229072031149,0.0763573437162,0.0,0.0,0.229072031149,0.0,0.0,0.0,0.0,0.0,0.0,0.0,0.229072031149,0.0,0.0,0.0,0.0,0.0,0.381786718581,0.152714687432,0.0,0.152714687432,0.0,0.0763573437162,0.0,0.0,0.0,0.0,0.0,0.0,0.0763573437162,0.0,0.305429374865,0.0
0.0763573437162,12.8280337443,3.05429374865,0.305429374865,6.03223015358,1.06900281203,0.0763573437162,1.22171749946,0.0763573437162,0.152714687432,0.0,0.458144062297,0.0,0.61085874973,0.0763573437162,4.35236859182,0.152714687432,0.152714687432,0.152714687432,0.0,0.0,0.0,0.0763573437162,0.229072031149,0.152714687432,0.381786718581,0.229072031149,0.229072031149,0.0763573437162,0.458144062297,0.381786718581,0.0763573437162,1.67986156176,2.59614968635,0.152714687432,0.763573437162,0.0
0.0763573437162,4.58144062297,7.48301968419,0.229072031149,1.06900281203,0.152714687432,0.0763573437162,1.45078953061,0.0763573437162,0.305429374865,0.152714687432,0.458144062297,0.0,0.229072031149,0.0,1.37443218689,0.0,0.0763573437162,0.0,0.0,0.152714687432,0.305429374865,0.0763573437162,0.0763573437162,0.152714687432,0.0,0.0763573437162,0.0763573437162,0.0,0.687216093446,0.0763573437162,0.0763573437162,1.37443218689,3.43608046723,0.0763573437162,0.534501406013,0.0763573437162
0.152714687432,0.305429374865,0.229072031149,8.4756651525,0.152714687432,0.0,0.0,0.229072031149,0.152714687432,2.8252217175,0.305429374865,0.152714687432,0.152714687432,0.229072031149,0.305429374865,0.0763573437162,0.0,0.229072031149,0.0,0.0,0.0,0.534501406013,1.14536015574,0.0,0.61085874973,0.0,1.14536015574,0.152714687432,0.0,0.152714687432,0.0,0.0763573437162,0.152714687432,0.229072031149,0.916288124594,0.229072031149,0.534501406013
0.0763573437162,5.1922993727,1.22171749946,0.0763573437162,20.1583387411,0.992645468311,0.0,0.687216093446,0.0763573437162,0.229072031149,0.0763573437162,0.229072031149,0.0,0.0763573437162,0.229072031149,10.0028120268,0.0763573437162,0.0,0.0,0.0,0.152714687432,0.0,0.0,0.0763573437162,0.0763573437162,0.534501406013,0.0,0.0763573437162,0.229072031149,0.229072031149,1.52714687432,0.534501406013,0.916288124594,1.75621890547,0.0763573437162,0.61085874973,0.0763573437162
0.0,0.992645468311,0.152714687432,0.0763573437162,0.687216093446,0.61085874973,0.0,0.0,0.0,0.0763573437162,0.0,0.0763573437162,0.0,0.0763573437162,0.0,0.458144062297,0.0,0.0,0.0,0.0,0.0,0.0,0.0,0.0,0.0763573437162,0.0,0.0,0.0,0.0,0.0763573437162,0.305429374865,0.0,0.0763573437162,0.0763573437162,0.0,0.152714687432,0.0
0.0,0.0763573437162,0.152714687432,0.0,0.0,0.152714687432,0.305429374865,0.229072031149,0.0,0.0,0.0,0.0,0.0,0.0763573437162,0.0,0.152714687432,0.0,0.0,0.0,0.0,0.0,0.0,0.0,0.0,0.0,0.0,0.0,0.152714687432,0.0,0.0,0.0,0.0,0.61085874973,0.0,0.152714687432,0.152714687432,0.0
0.0763573437162,0.687216093446,1.22171749946,0.381786718581,0.839930780878,0.229072031149,0.0,7.25394765304,0.0,0.381786718581,0.229072031149,0.534501406013,0.0,1.52714687432,0.381786718581,0.534501406013,0.0,0.0,0.305429374865,0.0,0.0763573437162,0.305429374865,0.0763573437162,0.0,0.305429374865,0.0,0.229072031149,0.0763573437162,0.0,1.98529093662,0.0763573437162,0.152714687432,2.59614968635,2.97793640493,0.0763573437162,0.916288124594,0.0
0.0,0.0,0.0,0.0,0.0,0.0,0.0,0.0,3.2833657798,0.0,0.0,0.0,0.0,0.0,0.152714687432,0.0,0.0763573437162,0.152714687432,0.0,0.0,0.0763573437162,0.0,0.0,0.0,0.0,0.0,0.0,0.0,0.0,0.0,0.0,0.0,0.0,0.0763573437162,0.0,0.534501406013,0.0
0.152714687432,0.534501406013,0.152714687432,2.8252217175,0.0,0.0,0.0763573437162,0.458144062297,0.152714687432,4.42872593554,0.458144062297,0.0763573437162,0.0,0.61085874973,0.229072031149,0.381786718581,0.0,0.0,0.0,0.0,0.0,0.381786718581,0.381786718581,0.0,0.916288124594,0.0,2.21436296777,0.0,0.0,0.152714687432,0.0,0.0,0.381786718581,0.229072031149,0.152714687432,0.229072031149,0.152714687432
0.0,0.0763573437162,0.0,0.381786718581,0.0763573437162,0.0,0.0,0.229072031149,0.0,0.381786718581,0.305429374865,0.152714687432,0.0,0.381786718581,0.0,0.0763573437162,0.0,0.0,0.0,0.0,0.0,0.0763573437162,0.0,0.0,0.458144062297,0.0,0.0763573437162,0.0,0.0,0.0763573437162,0.0,0.0,0.0763573437162,0.0763573437162,0.0763573437162,0.0,0.0
0.0,0.229072031149,0.229072031149,0.152714687432,0.0763573437162,0.0,0.0,1.14536015574,0.0,0.152714687432,0.0,1.83257624919,0.0,0.229072031149,0.152714687432,0.152714687432,0.0,0.0,0.229072031149,0.0,0.0,0.0,0.0,0.0763573437162,0.0,0.0,0.152714687432,0.0,0.0,0.458144062297,0.0,0.0,0.381786718581,1.98529093662,0.0,0.0763573437162,0.0763573437162
0.0,0.0,0.0,0.229072031149,0.0,0.0,0.0,0.0,0.458144062297,0.0,0.0,0.0,6.49037421588,0.0763573437162,0.381786718581,0.0,0.0,1.06900281203,0.0,0.0,0.0,0.0763573437162,0.0,0.0,0.0,0.0,0.0,0.0,0.0,0.0,0.0,0.0,0.0,0.0763573437162,3.35972312351,0.0763573437162,1.98529093662
0.0763573437162,0.305429374865,0.381786718581,0.458144062297,0.0,0.0,0.0763573437162,1.67986156176,0.0,0.381786718581,0.305429374865,0.0,0.0763573437162,3.20700843608,0.0763573437162,0.534501406013,0.0,0.0763573437162,0.152714687432,0.0,0.0,0.0,0.229072031149,0.0,0.839930780878,0.0763573437162,0.229072031149,0.0,0.0,0.61085874973,0.0763573437162,0.0,0.381786718581,0.458144062297,0.0763573437162,0.152714687432,0.0763573437162
0.0,0.0,0.152714687432,0.381786718581,0.0763573437162,0.0763573437162,0.0,0.152714687432,0.61085874973,0.458144062297,0.0763573437162,0.0763573437162,0.381786718581,0.0,0.687216093446,0.152714687432,0.0,0.61085874973,0.0,0.0,0.152714687432,0.229072031149,0.0763573437162,0.0,0.152714687432,0.0,0.0763573437162,0.0,0.0,0.0,0.0763573437162,0.152714687432,0.152714687432,0.61085874973,0.458144062297,0.763573437162,0.305429374865
0.0,3.35972312351,1.29807484318,0.381786718581,9.01016655851,0.152714687432,0.0763573437162,0.458144062297,0.0763573437162,0.0763573437162,0.0763573437162,0.152714687432,0.0,0.229072031149,0.381786718581,16.2641142116,0.229072031149,0.0,0.0,0.0,0.61085874973,0.152714687432,0.0763573437162,0.61085874973,0.0,0.916288124594,0.152714687432,0.0763573437162,0.229072031149,0.381786718581,0.763573437162,0.687216093446,0.458144062297,1.98529093662,0.0,0.458144062297,0.0
0.0,0.0,0.0,0.0,0.0763573437162,0.0,0.0,0.0,0.0,0.0,0.0,0.0,0.0,0.0,0.0,0.0763573437162,6.79580359074,0.0,0.0,0.0,0.0,0.0,0.0,0.0,0.0,0.0,0.0,0.0,0.0763573437162,0.0,0.0,0.61085874973,0.0763573437162,0.0763573437162,0.0,0.152714687432,0.0
0.0,0.152714687432,0.0,0.152714687432,0.0,0.0,0.0,0.0,0.305429374865,0.0,0.0,0.0763573437162,0.916288124594,0.0,0.229072031149,0.0763573437162,0.0,1.60350421804,0.0,0.0,0.0,0.0,0.0,0.0,0.0763573437162,0.0,0.0,0.0,0.0,0.0,0.0,0.0,0.0763573437162,0.0,0.839930780878,0.152714687432,0.534501406013
0.0,0.152714687432,0.0,0.0,0.0,0.0,0.0,0.0763573437162,0.0,0.0,0.0,0.229072031149,0.0,0.0763573437162,0.0,0.0,0.0,0.0,0.152714687432,0.0,0.0,0.0,0.0,0.0,0.0,0.0,0.152714687432,0.0763573437162,0.0,0.0763573437162,0.0,0.0,0.0763573437162,0.839930780878,0.0,0.0,0.0
0.0,0.0,0.0,0.0,0.0,0.0,0.0,0.0,0.0,0.0,0.0,0.0,0.0,0.0,0.0,0.0,0.0,0.0,0.0,0.0,0.0,0.0,0.0,0.0,0.0,0.0,0.0,0.0,0.0,0.0,0.0,0.0,0.0,0.0,0.0,0.0,0.0
0.0763573437162,0.305429374865,0.0763573437162,0.0,0.229072031149,0.0,0.0,0.0,0.0,0.0,0.0,0.0,0.0,0.0,0.0,0.0763573437162,0.229072031149,0.0,0.0,0.0,1.75621890547,0.0,0.0,0.381786718581,0.0,0.0,0.0,0.152714687432,0.0763573437162,0.0,0.229072031149,0.763573437162,0.229072031149,0.152714687432,0.0,1.06900281203,0.0
0.0763573437162,0.152714687432,0.0763573437162,0.61085874973,0.152714687432,0.0,0.0,0.152714687432,0.0,0.305429374865,0.152714687432,0.0,0.0,0.0763573437162,0.0763573437162,0.0,0.0,0.0,0.0,0.0,0.0763573437162,2.21436296777,0.534501406013,0.0,0.0763573437162,0.0,0.381786718581,0.0763573437162,0.0,0.152714687432,0.0,0.0,0.0,0.152714687432,0.0,0.152714687432,0.458144062297
0.0763573437162,0.229072031149,0.0,1.22171749946,0.0,0.0,0.0,0.305429374865,0.0763573437162,0.839930780878,0.152714687432,0.0,0.152714687432,0.0763573437162,0.152714687432,0.0,0.0,0.0,0.0,0.0,0.0,0.458144062297,0.992645468311,0.0763573437162,0.687216093446,0.0,0.305429374865,0.0,0.0,0.0763573437162,0.0,0.0,0.0763573437162,0.229072031149,0.0763573437162,0.152714687432,0.152714687432
0.0,0.152714687432,0.0763573437162,0.0,0.305429374865,0.152714687432,0.0,0.0,0.0,0.0,0.0,0.0,0.0,0.0,0.0763573437162,0.381786718581,0.0,0.0,0.0,0.0,0.152714687432,0.0,0.0,0.916288124594,0.0,0.0,0.0,0.0,0.0,0.0763573437162,0.458144062297,0.305429374865,0.0,0.0,0.0763573437162,0.0,0.0
0.152714687432,0.305429374865,0.0,1.29807484318,0.152714687432,0.0,0.0763573437162,0.229072031149,0.152714687432,0.763573437162,0.152714687432,0.0,0.0,0.763573437162,0.381786718581,0.152714687432,0.0,0.0763573437162,0.0,0.0,0.0,0.763573437162,0.305429374865,0.0,1.52714687432,0.0763573437162,0.229072031149,0.0,0.0,0.152714687432,0.0,0.0763573437162,0.152714687432,0.381786718581,0.0763573437162,0.381786718581,0.0763573437162
0.0,0.152714687432,0.0,0.0,0.916288124594,0.0,0.0,0.0,0.0,0.0,0.0,0.0,0.0,0.0,0.0,1.06900281203,0.0,0.0,0.0,0.0,0.0,0.0,0.0,0.0763573437162,0.0,0.839930780878,0.0,0.0,0.0,0.0,0.0,0.0,0.0,0.229072031149,0.0,0.0,0.0763573437162
0.152714687432,0.458144062297,0.152714687432,1.52714687432,0.0763573437162,0.0,0.0,0.152714687432,0.152714687432,2.13800562405,0.0763573437162,0.0,0.229072031149,0.152714687432,0.152714687432,0.0,0.0,0.0,0.0,0.0,0.0763573437162,0.0763573437162,0.305429374865,0.0,0.152714687432,0.0,4.65779796669,0.0,0.0763573437162,0.0763573437162,0.0,0.0763573437162,0.0763573437162,0.305429374865,0.152714687432,0.305429374865,0.0763573437162
0.0,0.305429374865,0.381786718581,0.0,0.0763573437162,0.0763573437162,0.0763573437162,0.152714687432,0.0,0.0,0.0,0.0,0.0,0.0763573437162,0.0763573437162,0.229072031149,0.152714687432,0.0,0.0,0.0,0.229072031149,0.0,0.0,0.0,0.0,0.0,0.0,0.916288124594,0.0,0.0,0.0763573437162,0.0,0.534501406013,0.0763573437162,0.0,0.458144062297,0.0
0.0,0.152714687432,0.0763573437162,0.0,0.229072031149,0.0,0.0,0.0,0.0,0.0,0.0,0.0,0.0,0.0763573437162,0.0,0.305429374865,0.0,0.0,0.0,0.0,0.0,0.0,0.0,0.0,0.0,0.0,0.0,0.0,0.381786718581,0.0763573437162,0.152714687432,0.0,0.0,0.0,0.0,0.0,0.0
0.0763573437162,0.687216093446,0.687216093446,0.229072031149,0.152714687432,0.0,0.0763573437162,1.60350421804,0.0,0.229072031149,0.0,0.381786718581,0.0,0.458144062297,0.0763573437162,0.305429374865,0.0,0.0,0.0763573437162,0.0,0.0,0.229072031149,0.0763573437162,0.0,0.381786718581,0.0,0.0,0.0,0.0,2.51979234263,0.0763573437162,0.0763573437162,0.687216093446,2.67250703007,0.0,0.229072031149,0.152714687432
0.0763573437162,0.687216093446,0.534501406013,0.0,2.51979234263,0.152714687432,0.0,0.152714687432,0.0,0.0,0.0,0.0,0.0,0.152714687432,0.0,1.22171749946,0.0,0.0,0.0,0.0,0.152714687432,0.0,0.0,0.839930780878,0.0,0.152714687432,0.0,0.0763573437162,0.0,0.0,2.90157906122,0.534501406013,0.0763573437162,0.229072031149,0.0,0.152714687432,0.0
0.0,0.0,0.0,0.0,0.534501406013,0.152714687432,0.0,0.0763573437162,0.0,0.0,0.0,0.0,0.0,0.0,0.0763573437162,0.229072031149,0.687216093446,0.0,0.0,0.0,0.458144062297,0.0763573437162,0.0,0.381786718581,0.0,0.229072031149,0.0,0.0,0.0,0.0,0.763573437162,3.58879515466,0.0763573437162,0.229072031149,0.0,0.305429374865,0.0
0.0763573437162,2.21436296777,1.98529093662,0.305429374865,0.839930780878,0.0,0.687216093446,2.3670776552,0.0,0.305429374865,0.0,0.305429374865,0.0,0.839930780878,0.152714687432,0.687216093446,0.0763573437162,0.0,0.0763573437162,0.0,0.0,0.0,0.0763573437162,0.0763573437162,0.152714687432,0.0,0.0,0.305429374865,0.0,1.06900281203,0.152714687432,0.0763573437162,8.0175210902,3.20700843608,0.0763573437162,0.534501406013,0.0763573437162
0.305429374865,2.21436296777,4.19965390439,0.305429374865,1.52714687432,0.152714687432,0.61085874973,2.51979234263,0.229072031149,0.61085874973,0.534501406013,2.8252217175,0.0,0.992645468311,0.381786718581,1.90893359291,0.152714687432,0.0,0.458144062297,0.0,0.0,0.0763573437162,0.0763573437162,0.0,0.687216093446,0.0763573437162,0.763573437162,0.0763573437162,0.0763573437162,2.3670776552,0.0,0.0,3.43608046723,19.4711226476,0.152714687432,0.687216093446,0.229072031149
0.0,0.0763573437162,0.0,0.763573437162,0.0763573437162,0.0,0.0,0.0763573437162,0.0763573437162,0.229072031149,0.0763573437162,0.0,2.3670776552,0.0,0.305429374865,0.152714687432,0.0,0.687216093446,0.0,0.0,0.0763573437162,0.0763573437162,0.0,0.0,0.0763573437162,0.0,0.229072031149,0.0,0.0,0.0,0.0763573437162,0.0,0.0,0.0,12.5226043695,0.152714687432,4.27601124811
0.305429374865,0.839930780878,0.458144062297,0.534501406013,0.534501406013,0.0763573437162,0.0,0.763573437162,0.687216093446,0.229072031149,0.0,0.229072031149,0.0,0.229072031149,0.381786718581,0.305429374865,0.229072031149,0.381786718581,0.0,0.0,1.14536015574,0.152714687432,0.0763573437162,0.152714687432,0.0763573437162,0.0,0.0763573437162,0.61085874973,0.0763573437162,0.0763573437162,0.152714687432,0.458144062297,0.687216093446,0.992645468311,0.0763573437162,28.0995024876,0.305429374865
0.0,0.0763573437162,0.0763573437162,0.534501406013,0.0,0.0,0.0,0.0,0.305429374865,0.0763573437162,0.0,0.0,1.22171749946,0.0,0.0763573437162,0.0763573437162,0.0,0.763573437162,0.0,0.0,0.0763573437162,0.229072031149,0.0763573437162,0.0,0.0763573437162,0.0,0.0,0.0,0.0,0.0,0.0,0.0,0.0,0.0,4.12329656067,0.152714687432,5.57408609128
