0.0857142857143,0.00952380952381,0.0,0.0190476190476,0.0,0.0,0.0,0.00952380952381,0.0,0.00952380952381,0.00952380952381,0.0,0.0,0.0380952380952,0.0,0.0,0.0,0.0,0.0,0.0,0.0,0.0,0.0,0.0,0.0,0.0,0.0,0.0,0.0,0.00952380952381,0.0,0.0,0.0380952380952,0.0,0.0,0.00952380952381,0.0190476190476
0.0,0.111764705882,0.0352941176471,0.0,0.0764705882353,0.0117647058824,0.0117647058824,0.00588235294118,0.0,0.0,0.0,0.0,0.0,0.0176470588235,0.0,0.0529411764706,0.0,0.0,0.0,0.0,0.0117647058824,0.00588235294118,0.0,0.00588235294118,0.0,0.0,0.0,0.00588235294118,0.00588235294118,0.0,0.00588235294118,0.0,0.0411764705882,0.0411764705882,0.0,0.0,0.0
0.0,0.0787401574803,0.102362204724,0.0,0.00787401574803,0.00787401574803,0.0157480314961,0.00787401574803,0.0,0.0,0.0,0.0,0.0,0.0,0.0,0.0551181102362,0.0,0.0,0.00787401574803,0.0,0.0,0.0,0.0,0.0,0.0,0.0,0.0,0.00787401574803,0.0,0.0157480314961,0.0,0.0,0.0708661417323,0.0866141732283,0.0,0.0,0.0
0.00469483568075,0.00469483568075,0.0,0.159624413146,0.0,0.0,0.0,0.0,0.0,0.0657276995305,0.0,0.0,0.0,0.00469483568075,0.00469483568075,0.0,0.0,0.0140845070423,0.0,0.0,0.0,0.0,0.0234741784038,0.0,0.0234741784038,0.0,0.0422535211268,0.0,0.0,0.0093896713615,0.0,0.0,0.00469483568075,0.0093896713615,0.0140845070423,0.0,0.00469483568075
0.0,0.0688405797101,0.018115942029,0.0,0.123188405797,0.00724637681159,0.0036231884058,0.00724637681159,0.0,0.0,0.0,0.0,0.0,0.0,0.0,0.0797101449275,0.0,0.0,0.0,0.0,0.0036231884058,0.0,0.0,0.0036231884058,0.0,0.00724637681159,0.0,0.0036231884058,0.0036231884058,0.0,0.0144927536232,0.0,0.0108695652174,0.0036231884058,0.0,0.0036231884058,0.0
0.00934579439252,0.0654205607477,0.0373831775701,0.0,0.0373831775701,0.0373831775701,0.0280373831776,0.0,0.0,0.0,0.0,0.0,0.0,0.0,0.0,0.018691588785,0.0,0.0,0.0,0.0,0.0,0.0,0.0,0.0,0.0,0.00934579439252,0.0,0.00934579439252,0.0,0.0,0.00934579439252,0.0,0.00934579439252,0.00934579439252,0.0,0.00934579439252,0.0
0.0181818181818,0.0363636363636,0.0363636363636,0.0,0.0,0.0,0.0,0.0909090909091,0.0,0.0,0.0,0.0,0.0,0.0,0.0,0.0,0.0,0.0,0.0,0.0,0.0,0.0,0.0,0.0,0.0,0.0,0.0,0.0363636363636,0.0,0.0,0.0,0.0,0.145454545455,0.0,0.0,0.0,0.0
0.00617283950617,0.037037037037,0.00617283950617,0.0123456790123,0.00617283950617,0.0,0.0,0.0925925925926,0.0,0.0123456790123,0.0123456790123,0.0123456790123,0.0,0.0185185185185,0.0,0.00617283950617,0.0,0.0,0.0,0.0,0.00617283950617,0.00617283950617,0.0,0.0,0.0,0.0,0.00617283950617,0.00617283950617,0.0,0.0246913580247,0.0,0.0,0.0740740740741,0.0432098765432,0.0,0.0123456790123,0.00617283950617
0.0,0.0,0.0,0.0,0.0,0.0,0.0,0.0,0.0833333333333,0.0,0.0,0.0,0.0,0.0,0.0178571428571,0.0,0.0,0.00595238095238,0.0,0.0,0.0,0.0,0.0,0.0,0.0,0.0,0.0,0.0,0.0,0.0,0.0,0.0,0.0,0.0,0.0,0.0,0.0
0.0225563909774,0.0,0.0,0.0601503759398,0.0,0.0,0.0,0.015037593985,0.0,0.12030075188,0.015037593985,0.0,0.0,0.0,0.00751879699248,0.00751879699248,0.0,0.00751879699248,0.0,0.0,0.0,0.00751879699248,0.0,0.0,0.0,0.0,0.0375939849624,0.0,0.0,0.0300751879699,0.0,0.0,0.015037593985,0.015037593985,0.0,0.0,0.0
0.0,0.0,0.0,0.0,0.0,0.0,0.0,0.0384615384615,0.0,0.0,0.0,0.0,0.0,0.0,0.0,0.0,0.0,0.0,0.0,0.0,0.0,0.0384615384615,0.0,0.0,0.0384615384615,0.0,0.0384615384615,0.0,0.0,0.0,0.0,0.0,0.0384615384615,0.0,0.0,0.0,0.0
0.00471698113208,0.00471698113208,0.00471698113208,0.00471698113208,0.0,0.0,0.00471698113208,0.0377358490566,0.0,0.0,0.00471698113208,0.0424528301887,0.0,0.00471698113208,0.0,0.0,0.0,0.00471698113208,0.00471698113208,0.0,0.0,0.0,0.0,0.0,0.00471698113208,0.0,0.0,0.0,0.0,0.0330188679245,0.0,0.0,0.0188679245283,0.0566037735849,0.0,0.0,0.0
0.00305810397554,0.0,0.0,0.00917431192661,0.0,0.0,0.0,0.0,0.0,0.00305810397554,0.0,0.0,0.0672782874618,0.0,0.00305810397554,0.0,0.0,0.0214067278287,0.00305810397554,0.0,0.0,0.00305810397554,0.0,0.0,0.00305810397554,0.0,0.0,0.0,0.0,0.0,0.0,0.0,0.0,0.0,0.0519877675841,0.0,0.0336391437309
0.0416666666667,0.0208333333333,0.0,0.0416666666667,0.0,0.0,0.0208333333333,0.0416666666667,0.0,0.0,0.0208333333333,0.0,0.0,0.0416666666667,0.0,0.0208333333333,0.0,0.0,0.0,0.0,0.0,0.0,0.0,0.0,0.0,0.0,0.0,0.0,0.0,0.0,0.0,0.0,0.0416666666667,0.0416666666667,0.0,0.0,0.0
0.0,0.0,0.0,0.0,0.0,0.0,0.0,0.0,0.00653594771242,0.0,0.0,0.0,0.0130718954248,0.0,0.0130718954248,0.0,0.0,0.0588235294118,0.0,0.0,0.0,0.0,0.0,0.0,0.0,0.0,0.0,0.0,0.0,0.0,0.0,0.0,0.0,0.0,0.0130718954248,0.00653594771242,0.0196078431373
0.0,0.0405405405405,0.030888030888,0.0019305019305,0.0521235521236,0.00579150579151,0.0,0.00772200772201,0.0,0.0019305019305,0.00965250965251,0.003861003861,0.0,0.00772200772201,0.0,0.119691119691,0.0,0.0,0.0,0.0,0.0019305019305,0.0,0.0,0.0,0.0,0.00579150579151,0.0,0.0,0.003861003861,0.003861003861,0.011583011583,0.003861003861,0.00965250965251,0.019305019305,0.0,0.0019305019305,0.0
0.0,0.0,0.0,0.0,0.0,0.0,0.0,0.0,0.0,0.0,0.0,0.0,0.0,0.0,0.0,0.0,0.138576779026,0.0,0.0,0.0,0.0,0.0,0.0,0.0,0.0,0.0,0.0,0.0,0.0,0.0,0.0,0.00374531835206,0.0,0.0,0.0,0.0,0.0
0.0,0.0,0.0,0.0269058295964,0.0,0.0,0.0,0.0,0.00448430493274,0.00448430493274,0.0,0.0,0.0358744394619,0.0,0.00448430493274,0.0,0.0,0.0313901345291,0.0,0.0,0.0,0.0,0.0,0.0,0.0,0.0,0.0,0.0,0.0,0.0,0.0,0.0,0.0,0.0,0.0403587443946,0.0,0.0313901345291
0.0,0.00751879699248,0.0225563909774,0.0,0.0,0.0,0.0,0.0300751879699,0.0,0.0,0.0,0.0451127819549,0.0,0.00751879699248,0.0,0.0,0.0,0.0,0.0300751879699,0.0,0.0,0.0,0.0,0.0,0.0,0.0,0.0,0.0,0.0,0.0375939849624,0.0,0.0,0.00751879699248,0.0601503759398,0.0,0.0,0.00751879699248
0.0,0.0,0.0,0.0,0.0263157894737,0.0,0.0,0.0,0.0,0.0,0.0,0.0,0.0,0.0,0.0,0.0526315789474,0.0,0.0,0.0,0.00877192982456,0.0,0.0,0.0,0.0,0.0,0.0614035087719,0.0,0.0,0.0263157894737,0.0,0.0,0.0,0.0,0.0,0.0,0.0,0.0
0.0,0.0,0.0,0.0,0.0,0.00505050505051,0.00505050505051,0.0,0.0,0.0,0.0,0.0,0.0,0.0,0.0,0.0,0.0,0.0,0.0,0.0,0.0555555555556,0.0,0.0,0.00505050505051,0.0,0.0,0.0,0.0555555555556,0.0,0.0,0.0151515151515,0.0252525252525,0.0,0.0,0.0,0.020202020202,0.0
0.0183486238532,0.0,0.0,0.045871559633,0.0,0.0,0.0,0.0,0.0,0.0,0.0,0.00917431192661,0.0,0.0,0.0,0.0,0.0,0.0183486238532,0.0,0.0,0.0,0.137614678899,0.0183486238532,0.0,0.0366972477064,0.0,0.0,0.0,0.0,0.0,0.0,0.0,0.0,0.0,0.0,0.00917431192661,0.0
0.111111111111,0.0,0.0,0.111111111111,0.0,0.0,0.0,0.0555555555556,0.0,0.0555555555556,0.0,0.0,0.0,0.0,0.0,0.0,0.0,0.0,0.0,0.0,0.0,0.0,0.166666666667,0.0,0.0,0.0,0.0,0.0,0.0,0.0,0.0,0.0,0.0,0.0,0.0,0.0,0.0
0.0,0.0,0.0,0.0,0.0,0.0222222222222,0.0,0.0,0.0,0.0,0.0,0.0,0.0,0.0,0.0,0.0,0.0,0.0,0.0,0.0,0.0444444444444,0.0,0.0,0.0444444444444,0.0,0.0,0.0,0.0148148148148,0.0,0.0,0.0888888888889,0.0296296296296,0.0,0.0,0.0,0.0,0.0
0.0188679245283,0.0,0.0377358490566,0.0943396226415,0.0,0.0,0.0,0.0188679245283,0.0,0.0566037735849,0.0,0.0,0.0,0.0377358490566,0.0,0.0,0.0,0.0,0.0,0.0,0.0,0.0,0.0,0.0,0.11320754717,0.0,0.0,0.0,0.0,0.0188679245283,0.0,0.0,0.0188679245283,0.0188679245283,0.0188679245283,0.0,0.0
0.0,0.0,0.0,0.0,0.0535714285714,0.0,0.00892857142857,0.00892857142857,0.0,0.0,0.0,0.0,0.0,0.0,0.0,0.178571428571,0.0,0.0,0.0,0.0,0.0,0.0,0.0,0.0,0.0,0.107142857143,0.0,0.0,0.00892857142857,0.0,0.0,0.0,0.0,0.0,0.0,0.0,0.0
0.0,0.0,0.0,0.0413223140496,0.0,0.0,0.0,0.0,0.0,0.140495867769,0.0165289256198,0.0,0.00826446280992,0.0165289256198,0.0,0.0,0.0,0.0,0.0,0.0,0.0,0.0247933884298,0.0165289256198,0.0,0.0165289256198,0.0,0.157024793388,0.0,0.0,0.0247933884298,0.0,0.0,0.0,0.0,0.0,0.0,0.00826446280992
0.0026525198939,0.0053050397878,0.0,0.0,0.0,0.0026525198939,0.026525198939,0.0053050397878,0.0,0.0,0.0,0.0,0.0,0.0,0.0,0.0,0.0,0.0,0.0,0.0,0.0053050397878,0.0,0.0026525198939,0.0026525198939,0.0,0.0,0.0,0.0875331564987,0.0,0.0,0.0,0.0,0.0291777188329,0.0,0.0,0.053050397878,0.0
0.0,0.0178571428571,0.0,0.0,0.0,0.0178571428571,0.0,0.0,0.0,0.0,0.0,0.0,0.0,0.0,0.0,0.0535714285714,0.0,0.0,0.0,0.0,0.0,0.0,0.0,0.0,0.0,0.160714285714,0.0,0.0,0.107142857143,0.0,0.0,0.0,0.0,0.0,0.0,0.0,0.0
0.0,0.00512820512821,0.0153846153846,0.00512820512821,0.0,0.0,0.0,0.0307692307692,0.0,0.00512820512821,0.0,0.0102564102564,0.0,0.00512820512821,0.0,0.0102564102564,0.0,0.0,0.0153846153846,0.0,0.0,0.00512820512821,0.0,0.0,0.00512820512821,0.0,0.0,0.0,0.00512820512821,0.0615384615385,0.0,0.0,0.0205128205128,0.0410256410256,0.0,0.0102564102564,0.00512820512821
0.0,0.0377358490566,0.0125786163522,0.0,0.0880503144654,0.0062893081761,0.0062893081761,0.0,0.0,0.0,0.0,0.0,0.0,0.0,0.0,0.0440251572327,0.0,0.0,0.0,0.0,0.0251572327044,0.0,0.0,0.0062893081761,0.0,0.0,0.0,0.0125786163522,0.0,0.0,0.0754716981132,0.0125786163522,0.0062893081761,0.0062893081761,0.0,0.0,0.0
0.0,0.0,0.0,0.0,0.015625,0.0,0.0,0.0,0.0,0.0,0.0,0.0,0.0,0.0,0.0,0.00390625,0.015625,0.0,0.0,0.0,0.0234375,0.0,0.0,0.00390625,0.0,0.0,0.0,0.0,0.0,0.0,0.046875,0.05859375,0.0,0.0,0.0,0.0,0.0
0.00393700787402,0.0275590551181,0.0275590551181,0.0,0.0157480314961,0.00787401574803,0.0157480314961,0.0629921259843,0.0,0.0,0.0,0.00393700787402,0.0,0.0196850393701,0.0,0.00787401574803,0.0,0.0,0.0,0.0,0.0,0.0,0.00787401574803,0.0,0.0,0.0,0.0,0.0,0.0,0.00393700787402,0.0,0.0,0.145669291339,0.0669291338583,0.0,0.00393700787402,0.0
0.00282087447109,0.015514809591,0.0253878702398,0.00141043723554,0.00141043723554,0.0,0.0,0.015514809591,0.0,0.00141043723554,0.00282087447109,0.0126939351199,0.0,0.00141043723554,0.0,0.0098730606488,0.0,0.00282087447109,0.00423131170663,0.0,0.0,0.0,0.0,0.0,0.00282087447109,0.0,0.0,0.00282087447109,0.0,0.0183356840621,0.0,0.0,0.0183356840621,0.121297602257,0.0,0.00423131170663,0.0
0.00503778337531,0.0,0.0,0.0226700251889,0.0,0.0,0.0,0.0,0.0,0.0201511335013,0.0,0.0,0.0352644836272,0.0,0.0,0.0,0.0,0.0125944584383,0.0,0.0,0.0,0.00251889168766,0.0125944584383,0.0,0.0,0.0,0.00251889168766,0.0,0.0,0.0,0.0,0.0,0.0,0.0,0.115869017632,0.0,0.0352644836272
0.00367985280589,0.000919963201472,0.0,0.0,0.0,0.0,0.00275988960442,0.00275988960442,0.0,0.0,0.0,0.0,0.0,0.0,0.000919963201472,0.0,0.0,0.0,0.0,0.0,0.00551977920883,0.00275988960442,0.0,0.000919963201472,0.0,0.0,0.0,0.0294388224471,0.0,0.0,0.0,0.0,0.000919963201472,0.0,0.0,0.172953081877,0.0
0.0025974025974,0.0,0.0,0.0025974025974,0.0,0.0,0.0,0.0012987012987,0.0,0.0,0.0,0.0,0.0155844155844,0.0012987012987,0.0025974025974,0.0,0.0,0.0103896103896,0.0,0.0,0.0,0.0038961038961,0.0,0.0,0.0012987012987,0.0,0.0012987012987,0.0,0.0,0.0,0.0,0.0,0.0,0.0,0.0558441558442,0.0025974025974,0.0766233766234
