0.0373831775701,0.018691588785,0.00934579439252,0.00934579439252,0.0,0.0,0.00934579439252,0.018691588785,0.0,0.0,0.0,0.00934579439252,0.0,0.0373831775701,0.0,0.0,0.0,0.0,0.0,0.0,0.0,0.00934579439252,0.0,0.0,0.0280373831776,0.0,0.0,0.0,0.0,0.0,0.0,0.0,0.0280373831776,0.0,0.0,0.0280373831776,0.00934579439252
0.0,0.0758620689655,0.0344827586207,0.00344827586207,0.048275862069,0.0137931034483,0.00344827586207,0.00689655172414,0.0,0.00344827586207,0.00344827586207,0.0,0.0,0.00344827586207,0.0,0.0965517241379,0.0,0.0,0.0,0.0,0.00344827586207,0.00344827586207,0.0,0.00344827586207,0.0,0.0,0.0,0.00689655172414,0.0,0.0103448275862,0.0103448275862,0.0,0.0137931034483,0.0172413793103,0.0,0.00344827586207,0.0
0.0,0.0926829268293,0.0634146341463,0.0,0.0341463414634,0.00975609756098,0.0146341463415,0.0146341463415,0.0,0.0,0.0146341463415,0.00487804878049,0.0,0.00487804878049,0.0,0.0487804878049,0.0,0.0,0.0,0.0,0.0,0.0,0.0,0.0,0.00975609756098,0.0,0.0,0.0146341463415,0.0,0.0292682926829,0.0,0.0,0.019512195122,0.0390243902439,0.0,0.0146341463415,0.0
0.0,0.0,0.00420168067227,0.105042016807,0.0,0.0,0.0,0.0126050420168,0.0,0.0924369747899,0.0126050420168,0.0,0.0,0.00840336134454,0.0,0.0,0.0,0.00840336134454,0.0,0.0,0.0,0.0126050420168,0.00420168067227,0.0,0.0210084033613,0.0,0.046218487395,0.0,0.0,0.00840336134454,0.0,0.0,0.00420168067227,0.00840336134454,0.0126050420168,0.0,0.00420168067227
0.0,0.0607287449393,0.0445344129555,0.0,0.14979757085,0.0080971659919,0.0080971659919,0.0,0.0,0.0,0.0,0.0,0.0,0.00404858299595,0.0,0.121457489879,0.0,0.0,0.0,0.0,0.0,0.0,0.0,0.00404858299595,0.0,0.0080971659919,0.0,0.00404858299595,0.0,0.00404858299595,0.0283400809717,0.0,0.0,0.0080971659919,0.0,0.0,0.0
0.0,0.063829787234,0.0212765957447,0.0,0.0212765957447,0.0425531914894,0.0,0.0,0.0,0.0,0.0,0.0,0.0,0.0,0.0,0.0141843971631,0.0,0.0,0.0,0.0,0.0,0.0,0.0,0.0354609929078,0.0,0.0141843971631,0.0,0.0,0.0,0.0,0.0,0.0,0.0,0.0,0.0,0.00709219858156,0.0
0.0,0.0833333333333,0.0,0.0,0.0,0.0166666666667,0.0333333333333,0.0,0.0,0.0,0.0,0.0,0.0,0.0,0.0,0.0,0.0,0.0,0.0,0.0,0.0,0.0,0.0,0.0,0.0,0.0,0.0,0.0,0.0,0.0166666666667,0.0,0.0,0.0166666666667,0.0166666666667,0.0,0.0333333333333,0.0
0.0,0.0111111111111,0.0259259259259,0.0037037037037,0.0037037037037,0.0037037037037,0.0,0.0592592592593,0.0,0.0037037037037,0.0185185185185,0.0037037037037,0.0,0.0333333333333,0.0,0.00740740740741,0.0,0.00740740740741,0.0,0.0,0.0,0.0037037037037,0.0,0.0,0.0037037037037,0.0,0.0,0.0,0.0,0.0148148148148,0.0,0.0,0.0407407407407,0.0481481481481,0.0,0.0,0.0037037037037
0.0,0.0,0.0,0.0046511627907,0.0,0.0,0.0,0.0,0.093023255814,0.0,0.0,0.0,0.0,0.0,0.0279069767442,0.0,0.0,0.0372093023256,0.0,0.0,0.0,0.0,0.0,0.0,0.0,0.0,0.0,0.0,0.0,0.0,0.0,0.0,0.0,0.0,0.0,0.0,0.0046511627907
0.00507614213198,0.0,0.0,0.0406091370558,0.0,0.0,0.0,0.0152284263959,0.0,0.121827411168,0.0203045685279,0.0,0.0,0.010152284264,0.0,0.00507614213198,0.0,0.010152284264,0.0,0.0,0.0,0.0,0.0152284263959,0.0,0.0253807106599,0.0,0.0609137055838,0.0,0.0,0.0203045685279,0.0,0.0,0.00507614213198,0.010152284264,0.0,0.00507614213198,0.00507614213198
0.0,0.0,0.0,0.0217391304348,0.0217391304348,0.0,0.0,0.0652173913043,0.0,0.0434782608696,0.0,0.0,0.0,0.0217391304348,0.0,0.0217391304348,0.0,0.0,0.0,0.0,0.0,0.0,0.0,0.0,0.0217391304348,0.0,0.0,0.0,0.0,0.0217391304348,0.0,0.0,0.0,0.0217391304348,0.0,0.0,0.0
0.0,0.0,0.0120481927711,0.0,0.0,0.0,0.0,0.0240963855422,0.0,0.0,0.0120481927711,0.0120481927711,0.0,0.0120481927711,0.0,0.0361445783133,0.0,0.0,0.0,0.0,0.0,0.0,0.0,0.0,0.0,0.0,0.0,0.0,0.0,0.0361445783133,0.0,0.0,0.0120481927711,0.120481927711,0.0,0.0,0.0120481927711
0.0,0.0,0.0,0.0113636363636,0.0,0.0,0.0,0.0,0.00378787878788,0.00757575757576,0.0,0.0,0.0492424242424,0.0,0.00378787878788,0.0,0.0,0.0189393939394,0.0,0.0,0.0,0.0,0.0,0.0,0.00378787878788,0.0,0.0,0.0,0.0,0.0,0.0,0.0,0.0,0.0,0.0492424242424,0.0,0.0227272727273
0.0,0.0,0.00694444444444,0.0208333333333,0.00694444444444,0.0,0.0,0.0763888888889,0.0,0.0208333333333,0.0208333333333,0.0,0.0,0.0555555555556,0.0,0.00694444444444,0.0,0.0138888888889,0.0,0.0,0.0,0.00694444444444,0.0,0.0,0.0138888888889,0.0,0.0,0.0,0.0,0.0138888888889,0.0,0.0,0.0138888888889,0.0416666666667,0.0138888888889,0.0,0.0
0.00592885375494,0.0,0.0,0.0158102766798,0.0,0.0,0.0,0.00395256916996,0.0118577075099,0.00395256916996,0.0,0.0,0.0158102766798,0.00197628458498,0.0849802371542,0.0,0.0,0.0909090909091,0.0,0.0,0.0,0.0138339920949,0.0,0.0,0.0,0.0,0.0,0.0,0.0,0.00197628458498,0.0,0.0,0.0,0.0,0.00395256916996,0.00395256916996,0.0454545454545
0.0,0.0603112840467,0.0252918287938,0.0,0.0894941634241,0.00778210116732,0.00389105058366,0.00778210116732,0.0,0.00389105058366,0.00194552529183,0.00194552529183,0.0,0.00778210116732,0.0,0.177042801556,0.00194552529183,0.0,0.00194552529183,0.0,0.0,0.00194552529183,0.0,0.0,0.0,0.011673151751,0.0,0.0,0.00583657587549,0.00389105058366,0.00778210116732,0.0,0.00583657587549,0.0136186770428,0.0,0.00389105058366,0.0
0.0,0.0,0.0,0.0,0.0,0.0,0.0,0.0,0.0,0.0,0.0,0.0,0.0,0.0,0.0,0.0,0.121212121212,0.0,0.0,0.0,0.00378787878788,0.0,0.0,0.0,0.0,0.0,0.0,0.0,0.00757575757576,0.0,0.0,0.0189393939394,0.0,0.0,0.0,0.0,0.0
0.0,0.0,0.0,0.00574712643678,0.0,0.0,0.0,0.0,0.0229885057471,0.0,0.0,0.0,0.051724137931,0.0,0.00574712643678,0.0,0.0,0.0747126436782,0.0,0.0,0.0,0.0,0.0,0.0,0.0,0.0,0.0,0.0,0.0,0.0,0.0,0.0,0.0,0.0,0.0229885057471,0.0,0.0114942528736
0.0,0.0,0.0,0.0,0.0,0.0,0.0,0.0425531914894,0.0,0.0,0.0,0.0212765957447,0.0,0.0,0.0,0.0212765957447,0.0,0.0,0.0212765957447,0.0,0.0,0.0,0.0,0.0,0.0,0.0,0.0,0.0,0.0,0.0425531914894,0.0,0.0,0.0,0.106382978723,0.0,0.0,0.0
0.0,0.0,0.0,0.0,0.0,0.0,0.0,0.0,0.0,0.0,0.0,0.0,0.0,0.0,0.0,0.0,0.0,0.0,0.0,0.0588235294118,0.0,0.0,0.0,0.0,0.0,0.0588235294118,0.0,0.0,0.0,0.0,0.0,0.0,0.0,0.0,0.0,0.0,0.0
0.0,0.0,0.0,0.0,0.00555555555556,0.0,0.00555555555556,0.0,0.0,0.0,0.0,0.0,0.0,0.0,0.0,0.0,0.0,0.0,0.0,0.0,0.0722222222222,0.0,0.0,0.00555555555556,0.0,0.0,0.0,0.0388888888889,0.0,0.0,0.0111111111111,0.0333333333333,0.0,0.0,0.0,0.0,0.0
0.0357142857143,0.0,0.00892857142857,0.00892857142857,0.0,0.0,0.0,0.0178571428571,0.00892857142857,0.0267857142857,0.00892857142857,0.0,0.0,0.00892857142857,0.0,0.0,0.0,0.0178571428571,0.0,0.0,0.0,0.0982142857143,0.00892857142857,0.0,0.0178571428571,0.0,0.00892857142857,0.0,0.0,0.0,0.0,0.0,0.0,0.0,0.0,0.0267857142857,0.00892857142857
0.0,0.0,0.0,0.08,0.0,0.0,0.0,0.0133333333333,0.0,0.0266666666667,0.0,0.0,0.0,0.0,0.0,0.0,0.0,0.0133333333333,0.0,0.0,0.0,0.0266666666667,0.0133333333333,0.0,0.0133333333333,0.0,0.0,0.0,0.0,0.0266666666667,0.0,0.0,0.0,0.0133333333333,0.0,0.0,0.0266666666667
0.0,0.0125,0.0125,0.0,0.0125,0.025,0.0,0.0,0.0,0.0,0.0,0.0,0.0,0.0,0.0,0.0125,0.0,0.0,0.0,0.0,0.05,0.0,0.0,0.0125,0.0,0.0,0.0,0.0125,0.0,0.0,0.025,0.0375,0.0,0.0125,0.0,0.0,0.0
0.0173913043478,0.00869565217391,0.0173913043478,0.0434782608696,0.0,0.0,0.0,0.0695652173913,0.0,0.0260869565217,0.0173913043478,0.0,0.0,0.0347826086957,0.0,0.0,0.0,0.00869565217391,0.0,0.0,0.0,0.0173913043478,0.0,0.0,0.0521739130435,0.0,0.0,0.0,0.0,0.00869565217391,0.0,0.0,0.0,0.0,0.0,0.0173913043478,0.0
0.0,0.0454545454545,0.0,0.0,0.0757575757576,0.0,0.0,0.0151515151515,0.0,0.0,0.0,0.0,0.0,0.0,0.0,0.0757575757576,0.0,0.0,0.0,0.0,0.0,0.0,0.0,0.0,0.0,0.030303030303,0.0,0.0,0.0,0.0151515151515,0.0,0.0,0.0,0.0151515151515,0.0,0.0,0.0
0.00763358778626,0.0,0.00763358778626,0.0229007633588,0.0,0.0,0.0,0.0,0.0,0.114503816794,0.00763358778626,0.0,0.0,0.0,0.0,0.0,0.0,0.0,0.0,0.0,0.0,0.00763358778626,0.00763358778626,0.0,0.0152671755725,0.0,0.167938931298,0.0,0.0,0.0229007633588,0.0,0.0,0.0,0.0,0.0,0.0,0.0
0.010989010989,0.010989010989,0.00732600732601,0.003663003663,0.0,0.0,0.00732600732601,0.00732600732601,0.0,0.0,0.0,0.0,0.0,0.0,0.0,0.003663003663,0.0,0.0,0.0,0.0,0.010989010989,0.003663003663,0.003663003663,0.0,0.0,0.0,0.0,0.0805860805861,0.0,0.0,0.0,0.0,0.014652014652,0.0,0.0,0.0549450549451,0.0
0.0,0.0,0.0,0.0,0.0357142857143,0.0,0.0,0.0,0.0,0.0,0.0,0.0,0.0,0.0,0.0,0.0714285714286,0.0,0.0,0.0,0.0,0.0,0.0,0.0,0.0,0.0,0.0,0.0,0.0,0.178571428571,0.0,0.0,0.0,0.0,0.0,0.0,0.0,0.0
0.0,0.0170454545455,0.0227272727273,0.0,0.00568181818182,0.0,0.00568181818182,0.0454545454545,0.0,0.0113636363636,0.0,0.0113636363636,0.0,0.0,0.0,0.0,0.0,0.0,0.00568181818182,0.0,0.0,0.00568181818182,0.00568181818182,0.0,0.00568181818182,0.0,0.0,0.0,0.0,0.0227272727273,0.0,0.0,0.0340909090909,0.0568181818182,0.0,0.00568181818182,0.0
0.0,0.0384615384615,0.0192307692308,0.0,0.0384615384615,0.0,0.0,0.0192307692308,0.0,0.0,0.0,0.0,0.0,0.0,0.0,0.0,0.0,0.0,0.0,0.0,0.0288461538462,0.0,0.0,0.0480769230769,0.0,0.00961538461538,0.0,0.0,0.0,0.0,0.0673076923077,0.0288461538462,0.0,0.0,0.0,0.0,0.0
0.0,0.00649350649351,0.0,0.0,0.025974025974,0.012987012987,0.0,0.0,0.0,0.0,0.0,0.0,0.0,0.0,0.0,0.012987012987,0.012987012987,0.0,0.0,0.0,0.00649350649351,0.0,0.0,0.012987012987,0.0,0.0,0.0,0.0,0.0,0.0,0.012987012987,0.0974025974026,0.0,0.0,0.0,0.0,0.0
0.00655737704918,0.0229508196721,0.0393442622951,0.0,0.00327868852459,0.0131147540984,0.00327868852459,0.0393442622951,0.0,0.0,0.0,0.00327868852459,0.0,0.00655737704918,0.0,0.00655737704918,0.0,0.00327868852459,0.00327868852459,0.0,0.0,0.0,0.00655737704918,0.0,0.0,0.0,0.0,0.00327868852459,0.0,0.00327868852459,0.00327868852459,0.00327868852459,0.104918032787,0.055737704918,0.0,0.00327868852459,0.0
0.00157728706625,0.0268138801262,0.0410094637224,0.00315457413249,0.00157728706625,0.00157728706625,0.00630914826498,0.0205047318612,0.0,0.00473186119874,0.0,0.00630914826498,0.0,0.0110410094637,0.0,0.0252365930599,0.0,0.00315457413249,0.00630914826498,0.0,0.0,0.00157728706625,0.0,0.0,0.00473186119874,0.0,0.0,0.00473186119874,0.0,0.0157728706625,0.00157728706625,0.0,0.0220820189274,0.137223974763,0.0,0.00473186119874,0.0
0.0,0.0,0.0,0.0167785234899,0.0,0.0,0.0,0.0,0.0,0.0234899328859,0.0,0.0,0.0335570469799,0.0,0.0,0.0,0.0,0.0167785234899,0.0,0.0,0.0,0.00335570469799,0.0,0.0,0.00335570469799,0.0,0.0,0.0,0.0,0.0,0.0,0.0,0.0,0.0,0.0939597315436,0.0,0.0604026845638
0.005444646098,0.00362976406534,0.00362976406534,0.0,0.0,0.000907441016334,0.002722323049,0.000907441016334,0.0,0.0,0.0,0.0,0.0,0.0,0.0,0.0,0.0,0.000907441016334,0.000907441016334,0.0,0.00453720508167,0.00181488203267,0.0,0.0,0.0,0.0,0.0,0.0290381125227,0.0,0.0,0.0,0.0,0.00362976406534,0.000907441016334,0.0,0.147912885662,0.00362976406534
0.0,0.0,0.0,0.00204918032787,0.0,0.0,0.0,0.0,0.0,0.00409836065574,0.0,0.0,0.0204918032787,0.00204918032787,0.00204918032787,0.0,0.0,0.0102459016393,0.00204918032787,0.0,0.0,0.00409836065574,0.00204918032787,0.0,0.0,0.0,0.0,0.0,0.0,0.0,0.0,0.0,0.0,0.0,0.0430327868852,0.00204918032787,0.0450819672131
