0.0508474576271,0.0,0.0,0.0677966101695,0.0,0.0,0.0169491525424,0.0169491525424,0.0,0.0169491525424,0.0,0.0,0.0,0.0169491525424,0.0,0.0,0.0,0.0169491525424,0.0,0.0,0.0,0.0508474576271,0.0,0.0,0.0847457627119,0.0,0.0,0.0,0.0,0.0,0.0,0.0,0.0,0.0169491525424,0.0169491525424,0.0338983050847,0.0
0.0,0.0769230769231,0.0414201183432,0.00295857988166,0.0532544378698,0.0118343195266,0.00591715976331,0.0177514792899,0.0,0.0,0.00295857988166,0.0,0.0,0.00295857988166,0.0,0.085798816568,0.0,0.0,0.0,0.0,0.00295857988166,0.00295857988166,0.0,0.00295857988166,0.00295857988166,0.0,0.0,0.00295857988166,0.0,0.0207100591716,0.00295857988166,0.00295857988166,0.0177514792899,0.0295857988166,0.0,0.00591715976331,0.00295857988166
0.0,0.0675105485232,0.0548523206751,0.0,0.0168776371308,0.0,0.0084388185654,0.0337552742616,0.0,0.0,0.0,0.0126582278481,0.0,0.0084388185654,0.0,0.0464135021097,0.0,0.0,0.0,0.0,0.0,0.0,0.0,0.0,0.0,0.0,0.0,0.0084388185654,0.0,0.0084388185654,0.0084388185654,0.0,0.0337552742616,0.0717299578059,0.0,0.0168776371308,0.0
0.0,0.0,0.0,0.0919540229885,0.0,0.0,0.0,0.0114942528736,0.0,0.0804597701149,0.00574712643678,0.0,0.00574712643678,0.0114942528736,0.0172413793103,0.0,0.0,0.0114942528736,0.00574712643678,0.0,0.0,0.0172413793103,0.0229885057471,0.0,0.0344827586207,0.0,0.0459770114943,0.0,0.0,0.00574712643678,0.0,0.0,0.00574712643678,0.00574712643678,0.0172413793103,0.0,0.00574712643678
0.0,0.0526315789474,0.0080971659919,0.0,0.105263157895,0.0121457489879,0.0,0.0080971659919,0.0,0.0,0.0,0.0,0.0,0.00404858299595,0.0,0.137651821862,0.0,0.0,0.0,0.0,0.0080971659919,0.0,0.0,0.0,0.0,0.0,0.0,0.00404858299595,0.0,0.0,0.0323886639676,0.0,0.0080971659919,0.0080971659919,0.0,0.00404858299595,0.0
0.0,0.108695652174,0.0,0.0,0.0652173913043,0.0434782608696,0.0,0.0,0.0,0.0,0.0,0.0,0.0,0.0217391304348,0.0,0.0217391304348,0.0,0.0,0.0,0.0,0.0,0.0,0.0,0.0,0.0,0.0,0.0,0.0,0.0,0.0,0.0,0.0217391304348,0.0,0.0,0.0,0.0434782608696,0.0
0.0,0.0408163265306,0.0,0.0,0.0204081632653,0.0408163265306,0.0612244897959,0.0408163265306,0.0,0.0,0.0,0.0,0.0,0.0,0.0,0.0,0.0,0.0,0.0,0.0,0.0204081632653,0.0,0.0,0.0,0.0,0.0,0.0,0.0408163265306,0.0,0.0408163265306,0.0,0.0,0.0204081632653,0.0,0.0,0.122448979592,0.0
0.00833333333333,0.0166666666667,0.025,0.0125,0.0,0.0,0.0125,0.0625,0.0,0.00833333333333,0.0125,0.0,0.0,0.0375,0.0,0.0125,0.0,0.0,0.00416666666667,0.0,0.0,0.00416666666667,0.00833333333333,0.0,0.00833333333333,0.0,0.00416666666667,0.0,0.0,0.0166666666667,0.0,0.0,0.0458333333333,0.0791666666667,0.00416666666667,0.00833333333333,0.0
0.0,0.0,0.0,0.0,0.0,0.0,0.0,0.0,0.397727272727,0.0,0.0,0.0,0.0,0.0,0.0340909090909,0.0,0.0,0.0454545454545,0.0,0.0,0.0,0.0113636363636,0.0,0.0,0.0,0.0,0.0,0.0,0.0,0.0,0.0,0.0,0.0,0.0,0.0,0.0,0.0
0.00917431192661,0.0045871559633,0.0,0.0550458715596,0.0,0.0,0.0,0.0137614678899,0.0,0.0871559633028,0.0275229357798,0.0,0.0,0.0229357798165,0.0,0.0,0.0,0.0,0.0045871559633,0.0,0.0,0.0045871559633,0.00917431192661,0.0,0.0229357798165,0.0,0.0733944954128,0.0,0.0,0.0045871559633,0.0,0.0,0.0045871559633,0.0183486238532,0.00917431192661,0.00917431192661,0.0
0.0,0.0,0.0,0.108695652174,0.0,0.0,0.0,0.0217391304348,0.0,0.108695652174,0.0434782608696,0.0,0.0,0.0217391304348,0.0,0.0,0.0,0.0,0.0,0.0,0.0,0.0,0.0434782608696,0.0,0.0434782608696,0.0,0.0217391304348,0.0,0.0,0.0217391304348,0.0,0.0,0.0,0.0434782608696,0.0,0.0,0.0
0.0,0.0,0.0178571428571,0.0,0.0,0.0,0.0,0.0892857142857,0.0,0.0178571428571,0.0,0.0178571428571,0.0,0.0178571428571,0.0,0.0,0.0,0.0,0.0178571428571,0.0,0.0,0.0,0.0,0.0,0.0178571428571,0.0,0.0,0.0,0.0,0.107142857143,0.0,0.0,0.0535714285714,0.107142857143,0.0,0.0178571428571,0.0
0.0111111111111,0.0,0.0,0.0,0.0,0.0,0.0,0.0,0.0111111111111,0.0,0.0,0.0,0.2,0.0,0.0333333333333,0.0,0.0,0.0666666666667,0.0,0.0,0.0,0.0,0.0,0.0,0.0,0.0,0.0,0.0,0.0,0.0,0.0,0.0,0.0,0.0,0.166666666667,0.0,0.0777777777778
0.00877192982456,0.00877192982456,0.0263157894737,0.0263157894737,0.00877192982456,0.0,0.0,0.0526315789474,0.0,0.0,0.00877192982456,0.0,0.0,0.0526315789474,0.00877192982456,0.00877192982456,0.0,0.0,0.0,0.0,0.0,0.0,0.0175438596491,0.0,0.0526315789474,0.0,0.00877192982456,0.0,0.0,0.0,0.0,0.0,0.0350877192982,0.0438596491228,0.0,0.0,0.00877192982456
0.0,0.0,0.0,0.0,0.0,0.0,0.0,0.0,0.0294117647059,0.0,0.0,0.0,0.0882352941176,0.0,0.25,0.0,0.0,0.117647058824,0.0,0.0,0.0,0.0,0.0,0.0,0.0,0.0,0.0,0.0,0.0,0.0,0.0,0.0,0.0,0.0,0.0588235294118,0.0,0.0147058823529
0.00260416666667,0.0494791666667,0.0208333333333,0.0,0.0807291666667,0.00520833333333,0.0,0.00260416666667,0.0,0.0,0.0,0.0,0.0,0.0,0.0,0.171875,0.0,0.0,0.0,0.0,0.0,0.0,0.0,0.0,0.0,0.0104166666667,0.0,0.0,0.0,0.00260416666667,0.0078125,0.0,0.00260416666667,0.0208333333333,0.0,0.0,0.0
0.0,0.0,0.0,0.0,0.0,0.0,0.0,0.0,0.0,0.0,0.0,0.0,0.0,0.0,0.0,0.0,0.350649350649,0.0,0.0,0.0,0.0,0.0,0.0,0.0,0.0,0.0,0.0,0.0,0.0,0.0,0.0,0.012987012987,0.0,0.0,0.0,0.0,0.0
0.0,0.0,0.0,0.00819672131148,0.0,0.0,0.0,0.0,0.0245901639344,0.016393442623,0.0,0.0,0.0327868852459,0.00819672131148,0.122950819672,0.0,0.0,0.16393442623,0.0,0.0,0.0,0.00819672131148,0.0,0.0,0.0,0.0,0.0,0.0,0.0,0.0,0.0,0.0,0.0,0.0,0.0491803278689,0.016393442623,0.0655737704918
0.0,0.0,0.0,0.0,0.0,0.0,0.0,0.0,0.0,0.230769230769,0.0,0.0,0.0,0.0769230769231,0.0,0.0,0.0,0.0,0.0,0.0,0.0,0.0,0.0,0.0,0.0,0.0,0.0,0.0,0.0,0.0,0.0,0.0,0.0,0.0,0.0,0.0,0.0
0.0,0.0,0.0,0.0,0.0,0.0,0.0,0.0,0.0,0.0,0.0,0.0,0.0,0.0,0.0,0.0,0.0,0.0,0.0,0.0,0.0,0.0,0.0,0.0,0.0,0.0,0.0,0.0,0.25,0.0,0.0,0.0,0.0,0.0,0.0,0.0,0.0
0.0,0.0,0.0,0.0,0.0,0.0,0.0133333333333,0.0,0.0,0.0,0.0,0.0,0.0,0.0,0.0,0.0,0.0,0.0,0.0,0.0,0.0933333333333,0.0,0.0,0.04,0.0,0.0,0.0,0.0533333333333,0.0,0.0,0.0133333333333,0.08,0.0,0.0,0.0,0.0666666666667,0.0
0.0375,0.0,0.0125,0.0,0.0,0.0,0.0,0.0125,0.0,0.0375,0.025,0.0,0.0,0.0125,0.0375,0.0,0.0,0.0375,0.0,0.0,0.0,0.0375,0.0,0.0,0.0125,0.0,0.0,0.0,0.0,0.0,0.0,0.0,0.0125,0.0,0.0125,0.05,0.05
0.0208333333333,0.0,0.0,0.0833333333333,0.0,0.0,0.0,0.0,0.0,0.0416666666667,0.0,0.0,0.0,0.0416666666667,0.0208333333333,0.0,0.0,0.0,0.0,0.0,0.0,0.0416666666667,0.0208333333333,0.0,0.0833333333333,0.0,0.0,0.0,0.0,0.0208333333333,0.0,0.0,0.0208333333333,0.0208333333333,0.0208333333333,0.0416666666667,0.0208333333333
0.0,0.0,0.0,0.0,0.0263157894737,0.0,0.0,0.0,0.0,0.0,0.0,0.0,0.0,0.0,0.0,0.0263157894737,0.0,0.0,0.0,0.0,0.0263157894737,0.0,0.0,0.184210526316,0.0,0.0,0.0,0.0,0.0,0.0,0.0526315789474,0.105263157895,0.0,0.0,0.0,0.0,0.0
0.0161290322581,0.0,0.0161290322581,0.0806451612903,0.0,0.0,0.0,0.0806451612903,0.0,0.0161290322581,0.0161290322581,0.0,0.0161290322581,0.0645161290323,0.0,0.0,0.0,0.0,0.0,0.0,0.0,0.0,0.0,0.0,0.0161290322581,0.0,0.0645161290323,0.0,0.0,0.0161290322581,0.0,0.0,0.0,0.0161290322581,0.0,0.0161290322581,0.0
0.0,0.0434782608696,0.0,0.0,0.0434782608696,0.0,0.0,0.0434782608696,0.0,0.0,0.0,0.0,0.0,0.0,0.0,0.0869565217391,0.0,0.0,0.0,0.0,0.0,0.0,0.0,0.0,0.0,0.0,0.0,0.0,0.0869565217391,0.0,0.0,0.0,0.0434782608696,0.0,0.0,0.0,0.0
0.00869565217391,0.0,0.00869565217391,0.0434782608696,0.0,0.0,0.0,0.00869565217391,0.0,0.0521739130435,0.0,0.0,0.00869565217391,0.0,0.0,0.0,0.0,0.0,0.0,0.0,0.0,0.0,0.0,0.0,0.0,0.0,0.173913043478,0.0,0.0,0.0,0.0,0.0,0.0,0.0,0.0,0.0,0.0260869565217
0.00751879699248,0.0225563909774,0.0375939849624,0.0,0.0,0.0,0.00751879699248,0.0,0.0,0.0,0.0,0.0,0.0,0.0,0.0,0.0,0.0,0.0,0.0,0.0,0.0300751879699,0.0,0.0,0.00751879699248,0.0,0.0,0.0,0.165413533835,0.0,0.0,0.0,0.0,0.0,0.0225563909774,0.0,0.127819548872,0.0
0.0,0.0,0.0,0.0,0.0,0.0,0.0,0.0,0.0,0.0,0.0,0.0,0.0,0.0,0.0,0.0,0.047619047619,0.0,0.0,0.0,0.0,0.0,0.0,0.0,0.0,0.047619047619,0.0,0.0,0.0952380952381,0.0,0.0,0.0,0.0,0.0,0.0,0.0,0.0
0.0,0.0353982300885,0.0265486725664,0.0,0.0,0.0,0.0,0.0353982300885,0.0,0.0176991150442,0.00884955752212,0.0176991150442,0.0,0.00884955752212,0.0,0.0353982300885,0.0,0.0,0.0,0.0,0.0,0.0,0.0,0.0,0.00884955752212,0.0,0.00884955752212,0.0,0.0,0.00884955752212,0.0,0.0,0.0442477876106,0.0796460176991,0.0,0.0176991150442,0.0
0.0,0.0116279069767,0.0232558139535,0.0,0.0813953488372,0.0116279069767,0.0,0.0116279069767,0.0,0.0,0.0,0.0,0.0,0.0,0.0,0.0697674418605,0.0,0.0,0.0,0.0,0.0116279069767,0.0,0.0,0.0232558139535,0.0,0.0,0.0,0.0,0.0,0.0,0.0581395348837,0.0232558139535,0.0,0.0116279069767,0.0,0.0,0.0
0.0,0.012987012987,0.0,0.0,0.025974025974,0.0,0.0,0.0,0.0,0.0,0.0,0.0,0.0,0.0,0.0,0.012987012987,0.0519480519481,0.0,0.0,0.0,0.0649350649351,0.0,0.0,0.038961038961,0.0,0.0,0.0,0.0,0.0,0.0,0.012987012987,0.233766233766,0.0,0.0,0.0,0.0,0.0
0.00529100529101,0.047619047619,0.031746031746,0.0,0.021164021164,0.0,0.010582010582,0.0529100529101,0.0,0.0,0.00529100529101,0.0,0.0,0.015873015873,0.0,0.00529100529101,0.0,0.0,0.00529100529101,0.0,0.0,0.0,0.0,0.0,0.010582010582,0.0,0.00529100529101,0.00529100529101,0.0,0.00529100529101,0.010582010582,0.0,0.0634920634921,0.10582010582,0.0,0.015873015873,0.0
0.0,0.0372670807453,0.0372670807453,0.00621118012422,0.0,0.0,0.0,0.027950310559,0.0,0.00931677018634,0.0,0.0217391304348,0.0,0.0217391304348,0.0,0.0496894409938,0.0,0.0,0.00621118012422,0.0,0.0,0.0,0.0,0.0,0.00310559006211,0.0,0.0,0.00310559006211,0.00621118012422,0.0124223602484,0.0,0.0,0.0341614906832,0.111801242236,0.0,0.0,0.0
0.0,0.0,0.0,0.00555555555556,0.0,0.0,0.0,0.0,0.00555555555556,0.00555555555556,0.0,0.0,0.0944444444444,0.0,0.00555555555556,0.0,0.0,0.0277777777778,0.0,0.0,0.0,0.0,0.00555555555556,0.0,0.00555555555556,0.0,0.0,0.0,0.0,0.0,0.0,0.0,0.0,0.0,0.216666666667,0.0,0.0777777777778
0.00271002710027,0.00271002710027,0.00271002710027,0.0,0.0,0.0,0.0,0.00271002710027,0.0,0.00271002710027,0.0,0.0,0.0,0.0108401084011,0.00813008130081,0.00542005420054,0.0,0.00542005420054,0.0,0.0,0.0108401084011,0.00271002710027,0.0,0.0,0.0,0.0,0.0,0.0487804878049,0.0,0.0,0.0,0.0,0.0108401084011,0.00542005420054,0.0,0.352303523035,0.00813008130081
0.0,0.0,0.0,0.0,0.00581395348837,0.0,0.0,0.0,0.00581395348837,0.00581395348837,0.0,0.0,0.0174418604651,0.0,0.0755813953488,0.0,0.0,0.0523255813953,0.0,0.0,0.0,0.0174418604651,0.0,0.0,0.0,0.0,0.0,0.0,0.0,0.0,0.0,0.0,0.00581395348837,0.00581395348837,0.127906976744,0.0116279069767,0.151162790698
