0.53488372093,0.0,0.0,0.046511627907,0.0,0.0,0.0,0.0232558139535,0.0,0.0,0.0,0.0,0.0,0.0232558139535,0.0,0.0,0.0,0.0,0.0,0.0,0.0,0.0,0.0232558139535,0.0,0.046511627907,0.0,0.0,0.0,0.0,0.0,0.0,0.0,0.0,0.0,0.0,0.0697674418605,0.0232558139535
0.0,0.144230769231,0.0480769230769,0.00480769230769,0.0432692307692,0.0,0.0192307692308,0.0192307692308,0.0,0.0,0.00480769230769,0.00480769230769,0.0,0.0,0.0,0.120192307692,0.0,0.0,0.00480769230769,0.0,0.00480769230769,0.0,0.0,0.00480769230769,0.00961538461538,0.0,0.0,0.00961538461538,0.0,0.00480769230769,0.0192307692308,0.00961538461538,0.0240384615385,0.0288461538462,0.0,0.0,0.0
0.0,0.0719424460432,0.165467625899,0.0,0.0143884892086,0.0,0.0,0.0215827338129,0.0,0.00719424460432,0.0,0.0,0.0,0.00719424460432,0.0,0.0575539568345,0.0,0.0,0.0,0.0,0.0,0.0,0.0,0.0,0.00719424460432,0.0,0.0,0.0287769784173,0.0,0.00719424460432,0.0,0.0,0.0287769784173,0.0935251798561,0.0,0.00719424460432,0.0
0.0,0.0,0.0,0.272727272727,0.0,0.0,0.0,0.00649350649351,0.0,0.116883116883,0.00649350649351,0.0,0.0,0.0324675324675,0.012987012987,0.0,0.0,0.00649350649351,0.0,0.0,0.0,0.0194805194805,0.012987012987,0.0,0.038961038961,0.0,0.00649350649351,0.0,0.0,0.0,0.0,0.0,0.012987012987,0.0,0.025974025974,0.00649350649351,0.00649350649351
0.00408163265306,0.065306122449,0.0122448979592,0.0,0.228571428571,0.00816326530612,0.0,0.00816326530612,0.0,0.0,0.0,0.0,0.0,0.0,0.0,0.126530612245,0.0,0.0,0.0,0.0,0.0,0.0,0.0,0.0,0.0,0.00408163265306,0.0,0.0,0.00816326530612,0.0,0.0285714285714,0.0163265306122,0.00408163265306,0.0163265306122,0.0,0.0,0.0
0.0,0.142857142857,0.0357142857143,0.0,0.107142857143,0.428571428571,0.0,0.0,0.0,0.0,0.0,0.0,0.0,0.0,0.0,0.0,0.0,0.0,0.0,0.0,0.0357142857143,0.0,0.0,0.0,0.0,0.0,0.0,0.0,0.0,0.0,0.0357142857143,0.0,0.0,0.0,0.0,0.0,0.0
0.0,0.0689655172414,0.0344827586207,0.0,0.0344827586207,0.0,0.413793103448,0.0344827586207,0.0,0.0,0.0,0.0,0.0,0.0,0.0,0.0,0.0,0.0,0.0,0.0,0.0,0.0,0.0344827586207,0.0,0.0,0.0,0.0,0.0,0.0,0.0,0.0,0.0344827586207,0.0,0.0,0.0,0.103448275862,0.0
0.0114068441065,0.0304182509506,0.0304182509506,0.00380228136882,0.0114068441065,0.0,0.0,0.174904942966,0.0,0.0152091254753,0.00760456273764,0.0152091254753,0.0,0.0532319391635,0.0,0.00380228136882,0.0,0.0,0.0152091254753,0.0,0.0,0.00760456273764,0.00380228136882,0.0,0.0190114068441,0.0,0.00760456273764,0.00760456273764,0.0,0.0494296577947,0.0,0.0,0.06463878327,0.0684410646388,0.00380228136882,0.0,0.0
0.0,0.0,0.0,0.0,0.0,0.0,0.0,0.0,0.714285714286,0.0,0.0,0.0,0.00649350649351,0.0,0.0519480519481,0.0,0.0,0.0844155844156,0.0,0.0,0.0,0.0,0.0,0.0,0.0,0.0,0.0,0.0,0.0,0.0,0.0,0.0,0.0,0.0,0.0,0.0,0.00649350649351
0.0,0.00595238095238,0.0,0.0892857142857,0.0,0.0,0.0,0.0178571428571,0.0,0.220238095238,0.0238095238095,0.0,0.0,0.00595238095238,0.0,0.0,0.0,0.0,0.0,0.0,0.0,0.0119047619048,0.0178571428571,0.0,0.0238095238095,0.0,0.0595238095238,0.0,0.0,0.0119047619048,0.0,0.0,0.0,0.0178571428571,0.0119047619048,0.0,0.0
0.0,0.0,0.0408163265306,0.0408163265306,0.0,0.0,0.0,0.0,0.0,0.0612244897959,0.102040816327,0.0,0.0,0.0816326530612,0.0,0.0204081632653,0.0,0.0,0.0,0.0,0.0,0.0,0.0,0.0,0.0612244897959,0.0,0.0408163265306,0.0,0.0,0.0204081632653,0.0,0.0,0.0,0.0204081632653,0.0,0.0,0.0
0.0,0.0,0.0,0.0,0.0,0.0,0.0,0.0307692307692,0.0,0.0153846153846,0.0,0.307692307692,0.0,0.0,0.0,0.0153846153846,0.0,0.0,0.0153846153846,0.0,0.0,0.0,0.0,0.0,0.0,0.0,0.0,0.0,0.0,0.0461538461538,0.0,0.0,0.0153846153846,0.153846153846,0.0,0.0,0.0
0.0,0.0,0.0,0.0,0.0,0.0,0.0,0.0,0.00881057268722,0.0,0.0,0.0,0.409691629956,0.0,0.0440528634361,0.0,0.0,0.0440528634361,0.0,0.0,0.0,0.00440528634361,0.0,0.0,0.0,0.0,0.0,0.0,0.0,0.0,0.0,0.00440528634361,0.0,0.0,0.145374449339,0.0,0.0660792951542
0.0,0.0,0.036036036036,0.045045045045,0.0,0.0,0.0,0.0720720720721,0.0,0.018018018018,0.018018018018,0.027027027027,0.00900900900901,0.162162162162,0.0,0.0,0.0,0.0,0.0,0.0,0.0,0.00900900900901,0.00900900900901,0.0,0.0720720720721,0.0,0.0,0.018018018018,0.0,0.027027027027,0.0,0.0,0.045045045045,0.027027027027,0.0,0.00900900900901,0.0
0.0,0.0,0.0,0.00282485875706,0.0,0.0,0.0,0.0,0.0141242937853,0.0,0.0,0.0,0.00282485875706,0.0,0.610169491525,0.0,0.0,0.0282485875706,0.0,0.0,0.0,0.0,0.0,0.0,0.0,0.0,0.0,0.00564971751412,0.0,0.0,0.0,0.0,0.0,0.0,0.00564971751412,0.0,0.00282485875706
0.0,0.0291095890411,0.013698630137,0.0,0.0616438356164,0.00513698630137,0.0,0.00513698630137,0.0,0.0,0.0,0.00513698630137,0.0,0.0,0.0,0.347602739726,0.0,0.0,0.0,0.0,0.0,0.0,0.0,0.0,0.0,0.0222602739726,0.0,0.0,0.00342465753425,0.00171232876712,0.00684931506849,0.00342465753425,0.00856164383562,0.0222602739726,0.0,0.0,0.0
0.0,0.0,0.0,0.0,0.0,0.0,0.0,0.0,0.0,0.0,0.0,0.0,0.0,0.0,0.0,0.0,0.814393939394,0.0,0.0,0.0,0.0,0.0,0.0,0.0,0.0,0.0,0.0,0.0,0.0151515151515,0.0,0.0,0.0606060606061,0.0,0.0,0.0,0.0,0.0
0.0,0.0,0.0,0.0,0.0,0.0,0.0,0.0,0.0519480519481,0.0,0.0,0.0,0.11038961039,0.0,0.207792207792,0.0,0.0,0.292207792208,0.0,0.0,0.0,0.0,0.0,0.0,0.00649350649351,0.0,0.0,0.0,0.0,0.0,0.0,0.00649350649351,0.0,0.00649350649351,0.0194805194805,0.012987012987,0.0844155844156
0.0,0.0,0.0192307692308,0.0192307692308,0.0,0.0,0.0,0.0576923076923,0.0,0.0,0.0,0.0,0.0,0.0,0.0,0.0,0.0,0.0,0.384615384615,0.0,0.0,0.0,0.0,0.0,0.0,0.0,0.0,0.0,0.0,0.0769230769231,0.0,0.0,0.0192307692308,0.115384615385,0.0,0.0,0.0
0.0,0.0,0.0,0.0,0.0333333333333,0.0,0.0,0.0,0.0,0.0,0.0,0.0,0.0,0.0,0.0,0.0333333333333,0.0,0.0,0.0,0.633333333333,0.0,0.0,0.0,0.0,0.0,0.0666666666667,0.0,0.0,0.1,0.0,0.0,0.0,0.0,0.0,0.0,0.0,0.0
0.00531914893617,0.0,0.0,0.0,0.0,0.0,0.0,0.00531914893617,0.0,0.0,0.0,0.0,0.0,0.0,0.0,0.0,0.00531914893617,0.0,0.0,0.0,0.409574468085,0.00531914893617,0.0,0.0425531914894,0.0,0.0,0.0,0.132978723404,0.0,0.0,0.0265957446809,0.0744680851064,0.0,0.0,0.0,0.0904255319149,0.0
0.0123456790123,0.0,0.0,0.0493827160494,0.0,0.0,0.0123456790123,0.0246913580247,0.0,0.037037037037,0.0,0.0,0.0,0.0123456790123,0.0,0.0,0.0,0.0123456790123,0.0,0.0,0.0246913580247,0.271604938272,0.037037037037,0.0,0.0246913580247,0.0,0.0123456790123,0.0,0.0,0.0,0.0,0.0,0.0,0.0,0.0123456790123,0.148148148148,0.0740740740741
0.0,0.0,0.0,0.0666666666667,0.0,0.0,0.0,0.0,0.0,0.0666666666667,0.0222222222222,0.0,0.0,0.0,0.0222222222222,0.0,0.0,0.0222222222222,0.0,0.0,0.0,0.0666666666667,0.111111111111,0.0,0.0666666666667,0.0,0.0,0.0,0.0,0.0,0.0222222222222,0.0,0.0,0.0,0.0222222222222,0.0,0.0222222222222
0.0128205128205,0.0,0.0,0.0,0.0,0.0,0.0,0.0,0.0,0.0,0.0,0.0,0.0,0.0,0.0,0.0,0.0,0.0,0.0,0.0,0.115384615385,0.0,0.0,0.435897435897,0.0,0.0,0.0,0.0,0.0,0.0,0.0769230769231,0.0512820512821,0.0,0.0,0.0,0.0384615384615,0.0
0.0,0.0,0.0,0.02,0.0,0.0,0.0,0.04,0.0,0.01,0.05,0.01,0.0,0.06,0.0,0.0,0.0,0.0,0.0,0.0,0.0,0.02,0.03,0.0,0.15,0.0,0.01,0.0,0.0,0.02,0.0,0.0,0.0,0.02,0.03,0.0,0.01
0.0,0.0,0.0,0.0,0.0925925925926,0.0,0.0,0.0,0.0,0.0,0.0,0.0,0.0,0.0,0.0,0.277777777778,0.0,0.0,0.0,0.0,0.0,0.0,0.0,0.0185185185185,0.0,0.185185185185,0.0,0.0,0.037037037037,0.0,0.0,0.0,0.0,0.0185185185185,0.0,0.0,0.0
0.0,0.0,0.0,0.0138888888889,0.0,0.0,0.0,0.0,0.0,0.0833333333333,0.0,0.0,0.0,0.0138888888889,0.0,0.0,0.0,0.0,0.0,0.0,0.0,0.0138888888889,0.0,0.0,0.0,0.0,0.416666666667,0.0,0.0,0.0,0.0,0.0,0.0,0.0138888888889,0.0277777777778,0.0,0.0
0.00617283950617,0.00617283950617,0.0,0.0,0.0,0.0,0.00617283950617,0.0,0.0,0.0,0.0,0.0,0.0,0.0,0.0,0.0,0.0,0.0,0.0,0.0,0.0617283950617,0.00617283950617,0.0,0.00617283950617,0.0,0.0,0.0,0.364197530864,0.0,0.0,0.0,0.0,0.0185185185185,0.0,0.0,0.271604938272,0.0123456790123
0.0,0.0,0.0,0.0,0.075,0.0,0.0,0.0,0.0,0.0,0.0,0.0,0.0,0.0,0.0,0.125,0.025,0.0,0.0,0.05,0.0,0.0,0.0,0.0,0.0,0.05,0.0,0.0,0.3,0.0,0.025,0.025,0.0,0.0,0.0,0.0,0.0
0.0,0.0240963855422,0.0120481927711,0.0,0.0,0.0,0.0,0.0843373493976,0.0,0.0,0.0,0.0481927710843,0.0,0.0120481927711,0.0,0.0,0.0,0.0,0.0240963855422,0.0,0.0,0.0,0.0120481927711,0.0,0.0,0.0,0.0,0.0,0.0,0.192771084337,0.0,0.0,0.0240963855422,0.144578313253,0.0,0.0,0.0
0.0,0.04,0.0,0.0,0.11,0.02,0.0,0.0,0.0,0.0,0.0,0.0,0.0,0.0,0.0,0.1,0.0,0.0,0.0,0.0,0.02,0.0,0.01,0.04,0.0,0.0,0.0,0.0,0.0,0.0,0.22,0.02,0.01,0.0,0.0,0.0,0.0
0.0,0.00613496932515,0.00613496932515,0.0,0.00613496932515,0.0,0.00613496932515,0.0,0.0,0.0,0.0,0.0,0.0,0.0,0.0,0.00613496932515,0.0368098159509,0.0,0.0,0.0,0.0245398773006,0.0,0.0,0.0490797546012,0.0,0.0,0.0,0.0122699386503,0.0,0.0,0.0429447852761,0.552147239264,0.0,0.0,0.0,0.0122699386503,0.0
0.0,0.0217391304348,0.0326086956522,0.0,0.0,0.0,0.0163043478261,0.0271739130435,0.0,0.0,0.0,0.0217391304348,0.0,0.0217391304348,0.0,0.0108695652174,0.0,0.0,0.0108695652174,0.0,0.0,0.0054347826087,0.0,0.0054347826087,0.0054347826087,0.0,0.0,0.0054347826087,0.0,0.0108695652174,0.0,0.0,0.266304347826,0.157608695652,0.0,0.0108695652174,0.0
0.0017825311943,0.0356506238859,0.0249554367201,0.0,0.00356506238859,0.0,0.0017825311943,0.0320855614973,0.0,0.0017825311943,0.00534759358289,0.0142602495544,0.0,0.0,0.0,0.0320855614973,0.0,0.0,0.0124777183601,0.0,0.0,0.0,0.0,0.0017825311943,0.0,0.0,0.0,0.0017825311943,0.0017825311943,0.0213903743316,0.0,0.0,0.0142602495544,0.393939393939,0.0017825311943,0.0,0.0
0.0,0.0,0.0,0.0136239782016,0.0,0.0,0.0,0.00272479564033,0.0,0.00544959128065,0.0,0.0,0.108991825613,0.0,0.0217983651226,0.0,0.0,0.0245231607629,0.0,0.0,0.0,0.0,0.0,0.0,0.0,0.0,0.00272479564033,0.0,0.0,0.0,0.0,0.0,0.0,0.0,0.381471389646,0.0,0.114441416894
0.00218102508179,0.0,0.00327153762268,0.0,0.0,0.00109051254089,0.00109051254089,0.00109051254089,0.00218102508179,0.0,0.0,0.0,0.0,0.0,0.00545256270447,0.0,0.0,0.00545256270447,0.0,0.0,0.0141766630316,0.0109051254089,0.0,0.0,0.0,0.0,0.0,0.0392584514722,0.0,0.0,0.0,0.0,0.00109051254089,0.00109051254089,0.00109051254089,0.69465648855,0.020719738277
0.0,0.0,0.0,0.00353356890459,0.0,0.0,0.0,0.0,0.0106007067138,0.0,0.0,0.0,0.0459363957597,0.0,0.0106007067138,0.0,0.0,0.0671378091873,0.0,0.0,0.0,0.00706713780919,0.00353356890459,0.0,0.0,0.0,0.0,0.0,0.0,0.0,0.0,0.0,0.0,0.0,0.113074204947,0.0282685512367,0.487632508834
