0.0,0.0,0.0,0.0,0.0,0.0,0.0,0.0243902439024,0.0,0.0731707317073,0.0,0.0,0.0243902439024,0.0243902439024,0.0,0.0,0.0,0.0,0.0,0.0,0.0,0.0731707317073,0.0,0.0,0.0,0.0,0.0487804878049,0.0,0.0,0.0,0.0243902439024,0.0,0.0,0.0243902439024,0.0,0.0487804878049,0.0
0.00816326530612,0.0734693877551,0.0367346938776,0.0,0.0857142857143,0.0163265306122,0.00816326530612,0.0285714285714,0.0,0.00408163265306,0.00816326530612,0.0,0.0,0.00816326530612,0.0,0.0775510204082,0.0,0.0,0.0,0.0,0.00408163265306,0.0,0.0122448979592,0.00816326530612,0.0,0.0163265306122,0.00408163265306,0.0122448979592,0.0,0.0122448979592,0.0367346938776,0.00408163265306,0.0530612244898,0.0571428571429,0.0,0.00408163265306,0.0
0.0,0.061797752809,0.0730337078652,0.0,0.0337078651685,0.0168539325843,0.00561797752809,0.0224719101124,0.0,0.0,0.0,0.0112359550562,0.0,0.0168539325843,0.0,0.0898876404494,0.0,0.0,0.0,0.0,0.0,0.0,0.0,0.0,0.0,0.0,0.0,0.00561797752809,0.0,0.0224719101124,0.00561797752809,0.0,0.0561797752809,0.0561797752809,0.0,0.0112359550562,0.0
0.00793650793651,0.0,0.0,0.103174603175,0.0,0.0,0.0,0.0,0.0,0.0873015873016,0.0238095238095,0.00793650793651,0.015873015873,0.031746031746,0.015873015873,0.00793650793651,0.0,0.00793650793651,0.0,0.0,0.0,0.00793650793651,0.0,0.0,0.0,0.0,0.0634920634921,0.0,0.0,0.0,0.0,0.0,0.0,0.0,0.031746031746,0.015873015873,0.00793650793651
0.0,0.0706713780919,0.0318021201413,0.0,0.116607773852,0.0106007067138,0.00706713780919,0.00353356890459,0.0,0.0,0.00353356890459,0.0,0.0,0.0,0.0,0.134275618375,0.0,0.0,0.0,0.0,0.00706713780919,0.0,0.00353356890459,0.0,0.0,0.00706713780919,0.0,0.00353356890459,0.0,0.0,0.0459363957597,0.0247349823322,0.0106007067138,0.0247349823322,0.0,0.00706713780919,0.0
0.0,0.0645161290323,0.0322580645161,0.0,0.0645161290323,0.0322580645161,0.0,0.0,0.0,0.0,0.0,0.0,0.0,0.0,0.0,0.0322580645161,0.0,0.0,0.0,0.0,0.0322580645161,0.0322580645161,0.0322580645161,0.0967741935484,0.0,0.0,0.0,0.0,0.0,0.0645161290323,0.0,0.0322580645161,0.0,0.0,0.0,0.0,0.0
0.0,0.0243902439024,0.0,0.0243902439024,0.0487804878049,0.0,0.0243902439024,0.0243902439024,0.0,0.0,0.0,0.0,0.0,0.0,0.0,0.0243902439024,0.0,0.0,0.0,0.0,0.0,0.0,0.0243902439024,0.0,0.0,0.0,0.0,0.0243902439024,0.0,0.0,0.0243902439024,0.0243902439024,0.0243902439024,0.0243902439024,0.0,0.0731707317073,0.0
0.0111731843575,0.0391061452514,0.0111731843575,0.0223463687151,0.0167597765363,0.0,0.00558659217877,0.0782122905028,0.0,0.0279329608939,0.0167597765363,0.0167597765363,0.0,0.0391061452514,0.0,0.0279329608939,0.0,0.0,0.0,0.0,0.0,0.00558659217877,0.0,0.00558659217877,0.0223463687151,0.0,0.0167597765363,0.0111731843575,0.0,0.0223463687151,0.00558659217877,0.0,0.0391061452514,0.0782122905028,0.0,0.0223463687151,0.0
0.0,0.0,0.0,0.030303030303,0.0,0.0,0.0,0.0,0.212121212121,0.0,0.0,0.0,0.0,0.0,0.0,0.0,0.0,0.0606060606061,0.0,0.0,0.0,0.0,0.0,0.0,0.0,0.0,0.0,0.0,0.0,0.0,0.0,0.0,0.0,0.0,0.0,0.0,0.0
0.010101010101,0.00505050505051,0.0,0.0808080808081,0.0,0.0,0.00505050505051,0.010101010101,0.0,0.0909090909091,0.0151515151515,0.0,0.0,0.020202020202,0.0,0.020202020202,0.0,0.0,0.00505050505051,0.0,0.0,0.020202020202,0.00505050505051,0.0,0.0252525252525,0.0,0.161616161616,0.0,0.0,0.010101010101,0.0,0.0,0.010101010101,0.010101010101,0.0151515151515,0.00505050505051,0.010101010101
0.025,0.025,0.0,0.075,0.0,0.0,0.0,0.0,0.0,0.125,0.025,0.0,0.0,0.0,0.0,0.025,0.0,0.0,0.0,0.0,0.0,0.0,0.0,0.0,0.025,0.0,0.1,0.0,0.0,0.05,0.0,0.0,0.0,0.0,0.0,0.0,0.0
0.0,0.0392156862745,0.0,0.0196078431373,0.0,0.0,0.0,0.0392156862745,0.0,0.0,0.0,0.078431372549,0.0,0.0392156862745,0.0,0.0392156862745,0.0,0.0,0.0,0.0,0.0,0.0,0.0,0.0,0.0,0.0,0.0,0.0,0.0,0.0196078431373,0.0,0.0,0.0588235294118,0.156862745098,0.0,0.0,0.0
0.0,0.0,0.0,0.0,0.0,0.0,0.0,0.0,0.0222222222222,0.0,0.0,0.0,0.0555555555556,0.0,0.0111111111111,0.0,0.0,0.0222222222222,0.0,0.0,0.0,0.0111111111111,0.0,0.0,0.0,0.0,0.0,0.0,0.0,0.0,0.0,0.0,0.0,0.0,0.166666666667,0.0,0.0555555555556
0.0117647058824,0.0235294117647,0.0117647058824,0.0352941176471,0.0117647058824,0.0,0.0,0.0470588235294,0.0,0.0352941176471,0.0352941176471,0.0,0.0,0.0352941176471,0.0,0.0,0.0,0.0,0.0,0.0,0.0,0.0,0.0,0.0,0.0117647058824,0.0,0.0352941176471,0.0235294117647,0.0,0.0235294117647,0.0,0.0,0.0352941176471,0.0941176470588,0.0,0.0,0.0
0.0,0.0,0.0,0.0212765957447,0.0,0.0,0.0,0.0,0.063829787234,0.0212765957447,0.0,0.0,0.0425531914894,0.0,0.0851063829787,0.0,0.0,0.0425531914894,0.0,0.0,0.0,0.063829787234,0.0212765957447,0.0,0.0,0.0,0.0,0.0,0.0,0.0212765957447,0.0,0.0,0.0,0.063829787234,0.0,0.0,0.0425531914894
0.00223713646532,0.0492170022371,0.0290827740492,0.0,0.111856823266,0.00671140939597,0.0,0.0156599552573,0.0,0.00671140939597,0.00671140939597,0.0134228187919,0.0,0.00223713646532,0.0,0.187919463087,0.0,0.0,0.00223713646532,0.00223713646532,0.00223713646532,0.0,0.0,0.0089485458613,0.0,0.00671140939597,0.00447427293065,0.00223713646532,0.0,0.0111856823266,0.0313199105145,0.0111856823266,0.00223713646532,0.0201342281879,0.0,0.0,0.0
0.0,0.0,0.0,0.0,0.0,0.0,0.0,0.0,0.0,0.0,0.0,0.0,0.0,0.0,0.0,0.0,0.283783783784,0.0,0.0,0.0,0.0,0.0,0.0,0.0,0.0,0.0,0.0,0.0,0.0135135135135,0.0,0.0,0.0540540540541,0.0,0.0,0.0,0.0,0.0
0.032967032967,0.0,0.010989010989,0.0,0.0,0.0,0.0,0.010989010989,0.0549450549451,0.021978021978,0.010989010989,0.0,0.0659340659341,0.0,0.0,0.0,0.0,0.0659340659341,0.0,0.0,0.032967032967,0.021978021978,0.0,0.0,0.010989010989,0.0,0.0,0.0,0.0,0.0,0.0,0.0,0.010989010989,0.0,0.021978021978,0.043956043956,0.0769230769231
0.0,0.04,0.04,0.0,0.0,0.0,0.0,0.04,0.0,0.04,0.0,0.08,0.0,0.08,0.0,0.04,0.0,0.0,0.08,0.0,0.0,0.0,0.0,0.0,0.0,0.0,0.0,0.0,0.0,0.04,0.0,0.0,0.04,0.08,0.0,0.0,0.0
0.0,0.0,0.0,0.0,0.0,0.0,0.0,0.0,0.0,0.0,0.0,0.0,0.0,0.0,0.0,0.0,0.0,0.0,0.0,0.0,0.0,0.0,0.0,0.0,0.0,0.0,0.0,0.0,0.0,0.0,0.0,0.0,0.0,0.0,0.0,0.0,0.0
0.0,0.0,0.0322580645161,0.0,0.0161290322581,0.0,0.0,0.0,0.0,0.0,0.0,0.0,0.0,0.0,0.0,0.0,0.0483870967742,0.0,0.0,0.0,0.0483870967742,0.0,0.0,0.0322580645161,0.0,0.0,0.0,0.0483870967742,0.0,0.0,0.0161290322581,0.0,0.0161290322581,0.0,0.0,0.0645161290323,0.0
0.0144927536232,0.0,0.0,0.0144927536232,0.0,0.0,0.0,0.0,0.0144927536232,0.115942028986,0.0,0.0,0.0,0.0144927536232,0.0,0.0144927536232,0.0,0.0144927536232,0.0,0.0,0.0434782608696,0.0289855072464,0.0,0.0,0.0434782608696,0.0,0.0,0.0,0.0,0.0,0.0,0.0144927536232,0.0,0.0289855072464,0.0,0.0434782608696,0.0144927536232
0.0731707317073,0.0,0.0,0.0487804878049,0.0243902439024,0.0487804878049,0.0,0.0243902439024,0.0,0.0243902439024,0.0,0.0,0.0,0.0487804878049,0.0,0.0,0.0,0.0,0.0,0.0,0.0,0.0731707317073,0.0487804878049,0.0,0.0975609756098,0.0,0.0,0.0,0.0,0.0,0.0,0.0,0.0243902439024,0.0,0.0243902439024,0.0,0.0
0.0,0.0,0.0,0.0,0.0961538461538,0.0,0.0,0.0,0.0,0.0,0.0,0.0,0.0,0.0,0.0,0.0192307692308,0.0,0.0,0.0,0.0,0.0384615384615,0.0,0.0,0.0769230769231,0.0,0.0,0.0,0.0,0.0,0.0,0.153846153846,0.0961538461538,0.0192307692308,0.0,0.0,0.0,0.0
0.0,0.015873015873,0.015873015873,0.0634920634921,0.0,0.0,0.0,0.031746031746,0.0,0.0793650793651,0.015873015873,0.0,0.0,0.031746031746,0.0,0.0,0.0,0.0,0.0,0.0,0.0,0.015873015873,0.031746031746,0.0,0.015873015873,0.0,0.015873015873,0.0,0.0,0.0,0.0,0.0,0.0,0.015873015873,0.0,0.015873015873,0.0
0.0,0.0263157894737,0.0263157894737,0.0,0.105263157895,0.0,0.0,0.0,0.0,0.0,0.0,0.0,0.0,0.0,0.0,0.105263157895,0.0263157894737,0.0,0.0,0.0,0.0,0.0,0.0,0.0,0.0,0.0789473684211,0.0,0.0,0.0789473684211,0.0,0.0263157894737,0.0,0.0,0.0263157894737,0.0,0.0,0.0
0.0,0.00813008130081,0.00813008130081,0.0325203252033,0.0,0.0,0.0,0.0243902439024,0.0,0.146341463415,0.0569105691057,0.0,0.0,0.0325203252033,0.0,0.00813008130081,0.0,0.0,0.0,0.0,0.0,0.00813008130081,0.0,0.0,0.0243902439024,0.0,0.146341463415,0.0,0.0,0.0,0.0,0.0,0.0,0.00813008130081,0.0325203252033,0.0,0.0
0.0,0.00990099009901,0.029702970297,0.00990099009901,0.019801980198,0.0,0.00990099009901,0.00990099009901,0.0,0.0,0.0,0.0,0.0,0.00990099009901,0.0,0.00990099009901,0.0,0.0,0.0,0.0,0.0594059405941,0.0,0.0,0.0,0.00990099009901,0.0,0.0,0.0693069306931,0.0,0.00990099009901,0.0,0.019801980198,0.049504950495,0.00990099009901,0.0,0.19801980198,0.00990099009901
0.0,0.0,0.0,0.0,0.136363636364,0.0454545454545,0.0,0.0,0.0,0.0,0.0,0.0,0.0,0.0,0.0,0.0,0.0454545454545,0.0,0.0,0.0454545454545,0.0,0.0,0.0,0.0,0.0,0.0,0.0,0.0,0.181818181818,0.0,0.0,0.0,0.0,0.0,0.0,0.0,0.0
0.00869565217391,0.0347826086957,0.0347826086957,0.00869565217391,0.0173913043478,0.0,0.0,0.0521739130435,0.0,0.0434782608696,0.00869565217391,0.0434782608696,0.0,0.00869565217391,0.0,0.0173913043478,0.0,0.00869565217391,0.00869565217391,0.0,0.0,0.00869565217391,0.0,0.0,0.0347826086957,0.00869565217391,0.00869565217391,0.00869565217391,0.0,0.0695652173913,0.0,0.0,0.0521739130435,0.104347826087,0.0,0.0173913043478,0.0
0.0,0.0176991150442,0.00884955752212,0.0,0.0973451327434,0.00884955752212,0.0,0.00884955752212,0.0,0.0,0.0,0.0,0.0,0.0,0.0,0.0884955752212,0.0,0.0,0.0,0.0,0.00884955752212,0.0,0.0,0.0884955752212,0.0,0.00884955752212,0.0,0.0,0.0,0.00884955752212,0.0619469026549,0.0530973451327,0.0,0.00884955752212,0.0,0.00884955752212,0.0
0.0,0.00909090909091,0.0,0.0,0.0545454545455,0.0181818181818,0.0,0.0,0.0,0.0,0.0,0.0,0.0,0.0,0.0,0.0454545454545,0.0363636363636,0.0,0.0,0.0,0.0272727272727,0.0,0.0,0.0454545454545,0.0,0.00909090909091,0.0,0.0181818181818,0.00909090909091,0.0,0.0727272727273,0.136363636364,0.0,0.0,0.0,0.00909090909091,0.0
0.0137931034483,0.048275862069,0.0275862068966,0.0137931034483,0.0275862068966,0.0,0.0,0.0758620689655,0.0,0.00689655172414,0.0,0.00689655172414,0.0,0.0344827586207,0.0,0.00689655172414,0.0,0.0,0.0,0.0,0.0206896551724,0.00689655172414,0.0,0.0,0.0137931034483,0.0,0.0,0.0275862068966,0.00689655172414,0.0275862068966,0.0206896551724,0.0,0.0896551724138,0.0689655172414,0.0,0.0344827586207,0.0
0.0,0.075,0.03125,0.009375,0.015625,0.003125,0.003125,0.040625,0.0,0.015625,0.003125,0.03125,0.003125,0.009375,0.0,0.046875,0.0,0.009375,0.009375,0.0,0.0,0.0,0.0,0.0,0.0,0.0,0.003125,0.00625,0.0,0.053125,0.003125,0.0,0.0375,0.128125,0.003125,0.0125,0.0
0.0,0.0,0.0,0.0261780104712,0.0,0.0,0.0,0.0,0.0104712041885,0.00523560209424,0.0,0.0,0.0785340314136,0.0,0.00523560209424,0.0,0.0,0.0261780104712,0.0,0.0,0.0,0.0,0.0,0.0,0.0,0.0,0.0,0.0,0.0,0.00523560209424,0.0,0.0,0.0,0.0,0.167539267016,0.0,0.0628272251309
0.00315457413249,0.00630914826498,0.01261829653,0.0,0.0,0.0,0.0,0.01261829653,0.00315457413249,0.00315457413249,0.0,0.00315457413249,0.0,0.00315457413249,0.0,0.00630914826498,0.00315457413249,0.00630914826498,0.0,0.0,0.0252365930599,0.00946372239748,0.0,0.0,0.0,0.0,0.0,0.0410094637224,0.0,0.00315457413249,0.00630914826498,0.0,0.00315457413249,0.00630914826498,0.00315457413249,0.264984227129,0.00630914826498
0.00680272108844,0.00680272108844,0.0,0.00680272108844,0.0,0.0,0.0,0.0,0.0272108843537,0.0136054421769,0.0,0.0,0.0272108843537,0.00680272108844,0.00680272108844,0.00680272108844,0.0,0.0340136054422,0.0,0.0,0.00680272108844,0.0,0.00680272108844,0.0,0.00680272108844,0.0,0.00680272108844,0.00680272108844,0.0,0.0,0.0,0.00680272108844,0.00680272108844,0.00680272108844,0.108843537415,0.0204081632653,0.149659863946
