[2.0, 0.699577664067, -0.150211167967, 0.0, 0.0, -0.150211167966, -0.150211167966, -0.150211167966, -0.150211167966, -0.150211167966, -0.150211167966, 0.0, 0.150211167966, 0.150211167966, 0.0, 0.0, 0.0, 0.0, 0.0, 0.0, 0.0, 0.0, 0.300422335933, 0.0, 0.150211167966, 0.0, 0.150211167966, 0.0, 0.0, 0.0, 0.0, 0.0, 0.150211167966, 0.0, 0.300422335933, 0.0, 0.0]
[0.287752257956, 9.05570153509, 3.94852182424, 0.14598780863599994, 2.85401219136, -0.6008446718610001, -0.30042233593299994, 0.15021116796699996, -0.45063350389900003, -0.30042233593299994, -0.450633503899, -0.450633503899, -0.150211167966, 0.0, -0.150211167966, 3.905490367124, -0.150211167966, -0.150211167966, 0.0, -0.150211167966, 0.30042233593299994, 0.0, 0.0, 0.0, 0.0, 0.0, 0.0, 0.0, 0.150211167966, 0.751055839831, 1.05147817576, 0.150211167966, 0.450633503899, 1.95274518356, 0.0, 0.150211167966, 0.0]
[0.5409197774459998, 1.9485218242400002, 4.20591270306, -1.502111679667, 0.0, -0.901267007797, -0.751055839831, 0.600844671865, -0.450633503899, -0.150211167967, -0.300422335933, 0.15021116796599998, -0.300422335933, -0.150211167966, -0.150211167966, 0.600844671865, -0.150211167966, -0.150211167966, 0.0, -0.150211167966, 0.150211167966, 0.0, 0.300422335933, 0.0, 0.0, 0.150211167966, 0.0, 0.150211167966, 0.0, 0.600844671865, 0.150211167966, 0.0, 1.8025340156, 3.45485686322, 0.0, 0.300422335933, 0.0]
[0.3864852501599998, 0.7940872969459997, -1.351900511694, 8.26161423814, -0.901267007798, -0.751055839831, -0.600844671865, 0.0, -0.45063350389900003, 3.7552791991550003, -0.15021116796599998, -0.300422335933, 0.300422335932, 0.300422335932, -0.150211167966, -0.150211167966, -0.150211167966, 0.0, -0.150211167966, -0.150211167966, 0.0, 0.300422335933, 0.300422335933, 0.0, 0.751055839831, 0.0, 1.50211167966, 0.0, 0.0, 0.150211167966, 0.0, 0.150211167966, 0.600844671865, 0.450633503899, 0.901267007798, 0.0, 1.3519005117]
[1.073392836266, 4.940075105620001, 0.9957766406799997, -2.703801023394, 17.57470665204, -0.9012670078010001, -0.901267007794, -0.450633503898, -0.600844671865, -0.450633503899, -0.450633503899, -0.300422335933, -0.150211167967, -0.300422335933, 0.0, 11.115626429467, -0.150211167966, 0.0, 0.0, -0.150211167966, 0.0, 0.0, 0.0, 0.0, -0.150211167966, 0.600844671865, 0.150211167967, 0.300422335933, 0.150211167966, 0.600844671865, 2.85401219136, 1.05147817576, 0.450633503899, 1.50211167966, 0.0, 0.300422335933, 0.0]
[0.94852182424, -0.6008446718610001, -0.450633503899, -0.150211167967, 0.901267007794, 0.901267007794, -0.150211167966, 0.0, -0.150211167966, -0.150211167966, -0.150211167966, 0.0, 0.0, 0.0, 0.0, 0.150211167966, 0.0, 0.0, 0.0, 0.0, 0.150211167966, 0.0, 0.0, 0.0, 0.0, 0.150211167966, 0.0, 0.150211167966, 0.150211167966, 0.0, 0.0, 0.0, 0.0, 0.300422335933, 0.0, 0.0, 0.0]
[0.6995776640670001, -0.150211167967, 0.0, -0.150211167966, -0.150211167966, 0.0, 0.0, 0.0, -0.150211167966, 0.0, 0.0, 0.0, 0.0, 0.0, 0.150211167966, 0.0, 0.0, 0.0, 0.0, 0.0, 0.0, 0.0, 0.0, 0.0, 0.0, 0.0, 0.0, 0.0, 0.0, 0.0, 0.0, 0.0, 0.450633503899, 0.300422335933, 0.0, 0.0, 0.0]
[0.8885969298230008, 1.296198976611, -0.8540121913549998, -1.802534015595, -0.450633503898, -0.600844671865, -0.45063350389900003, 7.810980734245, -0.450633503899, 0.15021116796599998, 0.0, 0.0, -0.300422335933, 0.0, 0.0, 0.0, -0.300422335933, -0.300422335933, 0.150211167967, -0.150211167966, 0.0, 0.0, 0.0, 0.0, 0.600844671865, 0.0, 0.300422335933, 0.150211167966, 0.0, 3.45485686322, 0.0, 0.0, 2.40337868746, 3.45485686322, 0.0, 0.0, 0.0]
[-0.5535898554299998, -0.751055839831, -0.450633503899, -0.150211167966, -0.150211167966, 0.0, 0.0, 0.0, 2.55358985543, 0.0, 0.0, 0.0, 0.0, 0.0, 0.450633503899, 0.0, 0.0, 0.751055839831, 0.0, 0.0, 0.0, 0.0, 0.0, 0.0, 0.0, 0.0, 0.0, 0.0, 0.0, 0.0, 0.0, 0.150211167966, 0.0, 0.0, 0.0, 0.150211167966, 0.0]
[0.7426091211759999, -0.4548568632240001, -2.403378687464, 2.40337868746, -0.751055839831, -0.600844671865, -0.600844671865, -0.15021116796599998, -0.450633503899, 5.107179710857, 0.0, -0.300422335933, -0.150211167967, 0.0, 0.0, 0.30042233593299994, -0.150211167966, -0.150211167966, -0.150211167966, -0.150211167966, 0.0, 0.751055839831, 1.20168934373, 0.0, 0.450633503899, 0.0, 2.55358985543, 0.0, 0.0, 0.600844671865, 0.0, 0.0, 0.300422335933, 0.300422335933, 0.0, 0.600844671865, 0.150211167966]
[0.5493664961010001, 0.8497888320340001, -0.150211167967, 0.0, -0.300422335933, -0.150211167966, -0.150211167966, -0.150211167966, -0.150211167966, 0.300422335933, 0.150211167966, 0.0, 0.0, 0.150211167966, 0.0, 0.0, 0.0, 0.0, 0.0, 0.0, 0.0, 0.0, 0.0, 0.0, 0.450633503899, 0.0, 0.450633503899, 0.0, 0.0, 0.0, 0.0, 0.0, 0.150211167966, 0.0, 0.0, 0.0, 0.0]
[0.19746598439999996, 0.948521824236, -0.450633503895, -0.600844671865, -0.150211167966, -0.150211167966, -0.150211167966, -0.150211167966, 0.0, 0.0, 0.0, 1.20168934373, 0.0, 0.0, 0.0, 0.0, 0.0, 0.0, 0.150211167966, 0.0, 0.0, 0.0, 0.0, 0.0, 0.0, 0.0, 0.0, 0.0, 0.150211167966, 1.05147817576, 0.0, 0.0, 0.150211167966, 1.8025340156, 0.0, 0.0, 0.0]
[0.5923979532099999, -1.20591270306, -2.10295635153, -1.201689343727, -0.450633503899, -0.300422335933, -0.300422335933, -0.150211167966, 0.30042233593299994, 0.150211167967, -0.150211167966, 0.0, 5.40760204679, 0.0, 0.150211167966, 0.0, 0.0, 1.50211167966, 0.0, 0.0, 0.0, 0.0, 0.0, 0.0, 0.150211167966, 0.0, 0.150211167966, 0.0, 0.0, 0.150211167966, 0.0, 0.0, 0.0, 0.0, 4.20591270306, 0.0, 2.10295635153]
[1.0472548164350002, 0.948521824235, 1.098732992206, 0.0, -0.600844671865, -0.751055839831, -0.600844671865, 1.051478175765, -0.450633503899, -0.150211167967, -0.150211167967, -0.300422335933, -0.300422335933, 2.403378687464, 0.150211167967, -0.150211167966, -0.150211167966, -0.150211167966, 0.0, -0.150211167966, 0.0, 0.150211167966, 0.150211167966, 0.0, 0.901267007798, 0.0, 0.300422335933, 0.0, 0.0, 0.751055839831, 0.150211167966, 0.0, 0.450633503899, 1.05147817576, 0.0, 0.300422335933, 0.0]
[0.79831065627, 0.549366496102, -0.751055839831, -0.45063350389900003, -0.600844671865, -0.600844671865, -0.450633503899, 0.300422335932, 0.300422335932, 0.0, -0.300422335933, -0.300422335933, 0.45063350389900003, 0.0, 0.600844671865, 0.0, -0.150211167966, 0.30042233593299994, -0.150211167966, 0.0, 0.0, 0.0, 0.150211167966, 0.0, 0.0, 0.150211167966, 0.0, 0.0, 0.0, 0.150211167966, 0.150211167966, 0.0, 0.300422335933, 0.300422335933, 0.450633503899, 1.20168934373, 0.600844671865]
[0.6227593322999994, 3.7426091211799997, 1.6480994883, -1.952745183564, 6.60929139052, -0.450633503898, -0.45063350389900003, -0.300422335932, -0.450633503899, -0.30042233593299994, -0.150211167967, 0.0, -0.300422335933, -0.300422335933, 0.0, 19.227029499734, -0.150211167966, -0.150211167966, 0.0, -0.150211167966, 0.0, 0.0, -0.150211167966, -0.150211167966, 0.150211167966, 0.600844671865, 0.450633503899, 0.0, 0.450633503899, 0.0, 0.600844671865, 0.300422335933, 0.751055839831, 2.10295635153, 0.0, 0.150211167966, 0.0]
[0.49366496101000035, -0.901267007798, -0.150211167967, -0.300422335933, -0.150211167966, -0.150211167966, -0.150211167966, 0.0, 0.0, 0.0, 0.0, 0.0, 0.0, 0.0, 0.0, 0.150211167966, 4.50633503899, 0.300422335933, 0.0, 0.0, 0.0, 0.0, 0.0, 0.0, 0.0, 0.0, 0.0, 0.0, 0.300422335933, 0.0, 0.0, 0.901267007798, 0.0, 0.0, 0.0, 0.150211167966, 0.0]
[0.19746598439999996, -0.901267007798, -0.751055839831, -0.450633503899, -0.300422335933, -0.300422335933, -0.300422335933, -0.150211167966, 0.30042233593299994, 0.0, 0.0, 0.0, 0.751055839831, 0.0, 0.0, 0.0, 0.0, 1.8025340156, 0.0, 0.0, 0.150211167966, 0.0, 0.0, 0.0, 0.0, 0.0, 0.300422335933, 0.0, 0.0, 0.0, 0.300422335933, 0.0, 0.0, 0.0, 0.300422335933, 0.150211167966, 0.901267007798]
[0.49788832033999997, 0.399155328135, -0.150211167967, -0.300422335933, 0.0, -0.150211167966, -0.150211167966, 0.45063350389900003, -0.150211167966, -0.150211167966, -0.150211167966, 0.300422335933, 0.0, 0.150211167966, 0.0, 0.0, 0.0, 0.0, 0.300422335933, 0.0, 0.150211167966, 0.0, 0.0, 0.0, 0.150211167966, 0.0, 0.150211167966, 0.0, 0.0, 0.0, 0.0, 0.0, 0.150211167966, 1.50211167966, 0.0, 0.0, 0.0]
[0.0, 0.0, 0.0, 0.0, 0.0, 0.0, 0.0, 0.0, 0.0, 0.0, 0.0, 0.0, 0.0, 0.0, 0.0, 0.0, 0.0, 0.0, 0.0, 0.0, 0.0, 0.0, 0.0, 0.0, 0.0, 0.0, 0.0, 0.0, 0.0, 0.0, 0.0, 0.0, 0.0, 0.0, 0.0, 0.0, 0.0]
[0.94852182424, 0.24894416016800006, 0.399155328135, -0.300422335933, 0.0, -0.150211167966, -0.150211167966, -0.150211167966, -0.150211167966, 0.0, 0.0, 0.0, 0.0, 0.0, 0.150211167966, 0.0, 0.0, 0.0, 0.0, 0.0, 1.05147817576, 0.0, 0.0, 0.600844671865, 0.0, 0.0, 0.0, 0.0, 0.0, 0.0, 0.300422335933, 0.150211167966, 0.150211167966, 0.0, 0.0, 0.901267007798, 0.0]
[0.798310656266, 0.549366496101, -0.300422335933, 0.300422335932, -0.150211167967, -0.300422335933, -0.300422335933, 0.0, 0.0, 0.150211167967, -0.150211167966, -0.150211167966, 0.0, 0.0, 0.0, 0.0, 0.0, 0.0, 0.0, 0.0, 0.0, 1.3519005117, 0.300422335933, 0.0, 0.300422335933, 0.0, 0.0, 0.0, 0.0, 0.0, 0.0, 0.0, 0.0, 0.0, 0.0, 0.300422335933, 0.300422335933]
[1.098732992206, 0.09873299220200005, -0.450633503899, 0.6008446718610001, -0.150211167967, -0.300422335933, -0.300422335933, 0.0, -0.150211167966, 0.30042233593299994, -0.150211167966, -0.150211167966, 0.0, 0.0, 0.150211167966, 0.0, 0.0, 0.0, 0.0, 0.0, 0.0, 0.300422335933, 0.901267007798, 0.0, 0.300422335933, 0.0, 0.0, 0.0, 0.0, 0.0, 0.150211167966, 0.0, 0.0, 0.450633503899, 0.0, 0.300422335933, 0.0]
[0.6480994883, 1.098732992206, 0.09873299220200005, 0.248944160169, -0.150211167967, -0.150211167966, -0.150211167966, -0.150211167966, -0.150211167966, 0.0, 0.0, 0.0, 0.0, 0.0, 0.0, 0.300422335933, 0.0, 0.0, 0.0, 0.0, 0.901267007798, 0.0, 0.0, 1.05147817576, 0.0, 0.0, 0.0, 0.150211167966, 0.0, 0.0, 1.3519005117, 0.751055839831, 0.0, 0.0, 0.0, 0.150211167966, 0.0]
[0.29619897660999994, -0.600844671865, -0.600844671865, 0.15021116796599998, -0.600844671865, -0.450633503899, -0.450633503899, 0.300422335932, -0.300422335933, 0.300422335932, 0.30042233593299994, -0.150211167966, -0.150211167966, -0.150211167966, 0.0, -0.150211167966, 0.0, 0.0, 0.150211167966, 0.0, 0.0, 0.150211167966, 0.300422335933, 0.0, 2.70380102339, 0.0, 0.600844671865, 0.0, 0.0, 0.450633503899, 0.0, 0.150211167966, 0.150211167966, 0.300422335933, 0.300422335933, 0.0, 0.0]
[-0.751055839831, -0.300422335932, -0.450633503899, -0.300422335933, 0.45063350389900003, -0.150211167966, -0.150211167966, 0.0, 0.0, 0.0, 0.0, 0.0, 0.0, 0.0, 0.0, 0.751055839831, 0.0, 0.150211167966, 0.0, 0.0, 0.0, 0.0, 0.0, 0.0, 0.0, 0.450633503899, 0.0, 0.0, 0.150211167966, 0.0, 0.150211167966, 0.0, 0.0, 0.0, 0.0, 0.0, 0.0]
[0.7940872969399999, 0.04725481643999996, 0.09873299220200005, 0.600844671865, -0.150211167967, -0.150211167966, -0.150211167966, 0.150211167967, -0.150211167966, 1.802534015594, -0.150211167966, -0.150211167966, -0.150211167966, 0.150211167966, 0.150211167966, 0.0, 0.0, 0.0, 0.0, 0.0, 0.0, 0.0, 0.150211167966, 0.0, 0.150211167966, 0.0, 4.20591270306, 0.0, 0.0, 0.300422335933, 0.0, 0.0, 0.150211167966, 0.150211167966, 0.0, 0.150211167966, 0.0]
[0.94852182424, 0.699577664067, 0.849788832034, 0.849788832034, -0.150211167966, -0.150211167966, -0.150211167966, 0.150211167967, 0.0, 0.0, 0.0, 0.0, 0.0, 0.0, 0.0, 0.150211167966, 0.0, 0.0, 0.0, 0.0, 0.0, 0.0, 0.0, 0.0, 0.150211167966, 0.0, 0.150211167966, 0.150211167966, 0.0, 0.0, 0.0, 0.0, 0.150211167966, 0.150211167966, 0.0, 1.05147817576, 0.0]
[0.399155328135, 0.699577664067, 0.699577664067, 0.849788832034, 1.0, -0.150211167966, 0.0, 0.0, 0.0, 0.0, 0.0, 0.0, 0.0, 0.0, 0.0, 0.150211167966, 0.0, 0.0, 0.0, 0.0, 0.0, 0.0, 0.0, 0.0, 0.0, 0.300422335933, 0.0, 0.150211167966, 0.600844671865, 0.0, 0.300422335933, 0.0, 0.0, 0.0, 0.0, 0.0, 0.0]
[0.4464101445759999, 0.7468324805030002, 0.09873299219899995, -1.05147817576, -0.30042233593299994, -0.30042233593299994, -0.300422335933, 0.751055839827, -0.150211167967, -0.150211167967, -0.150211167966, 0.30042233593299994, -0.150211167966, 0.150211167967, 0.0, 0.150211167967, -0.150211167966, 0.0, 0.150211167966, 0.0, 0.0, 0.0, 0.0, 0.0, 0.0, 0.0, 0.300422335933, 0.0, 0.0, 2.70380102339, 0.0, 0.0, 1.3519005117, 2.55358985543, 0.0, 0.0, 0.0]
[0.59662131254, -0.600844671869, -1.051478175764, -0.751055839831, 0.45063350389900003, 0.0, -0.30042233593299994, -0.150211167967, -0.300422335933, -0.150211167966, -0.150211167966, -0.150211167966, -0.150211167966, 0.0, 0.0, 1.3519005117, 0.0, 0.0, 0.0, 0.0, 0.0, 0.150211167966, 0.0, 0.450633503899, 0.0, 0.300422335933, 0.0, 0.0, 0.0, 0.0, 2.40337868746, 0.751055839831, 0.0, 0.300422335933, 0.0, 0.0, 0.0]
[0.5451431367800001, 0.94852182424, 0.399155328135, -0.600844671865, -0.15021116796600004, -0.450633503899, -0.450633503899, -0.300422335933, -0.150211167966, -0.150211167966, -0.150211167966, 0.0, 0.0, 0.0, 0.0, 0.751055839831, 0.600844671865, 0.0, 0.150211167966, 0.0, 1.05147817576, 0.0, 0.0, 0.300422335933, 0.0, 0.0, 0.0, 0.0, 0.0, 0.0, 0.600844671865, 3.45485686322, 0.150211167966, 0.450633503899, 0.0, 0.0, 0.0]
[0.3907086094859996, 2.79831065627, 1.6480994883000002, 0.49788832033299996, 1.399155328135, -0.901267007794, -0.450633503898, 2.403378687465, -0.600844671865, -0.30042233593299994, -0.450633503899, 0.15021116796599998, -0.300422335933, 0.600844671865, 0.0, 0.45063350389900003, -0.150211167966, 0.0, -0.150211167966, -0.150211167966, -0.150211167966, 0.0, 0.0, 0.0, 0.0, 0.0, 0.0, 0.0, 0.0, 1.05147817576, 0.150211167966, 0.150211167966, 6.75950255848, 2.55358985543, 0.150211167966, 0.450633503899, 0.0]
[0.7687471409999986, 2.1459878086399997, 3.24894416017, 0.14598780863599994, -0.60084467186, -2.40337868746, -1.502111679667, 1.3519005116899998, -1.50211167966, -0.15021116796599998, -0.300422335932, 3.7552791991550003, -0.600844671865, 0.15021116796600004, 0.0, 1.502111679667, -0.300422335933, -0.300422335933, 0.600844671865, -0.150211167966, -0.150211167966, -0.150211167966, 0.0, 0.0, 0.150211167966, 0.0, 0.751055839831, 0.0, 0.0, 2.40337868746, 0.300422335933, 0.150211167966, 3.00422335933, 22.231252859, 0.0, 0.150211167966, 0.300422335933]
[0.6312060509999995, 1.0945096328760002, 0.9957766406699999, -0.300422335932, -0.450633503899, -0.300422335933, -0.300422335933, -0.150211167966, -0.150211167966, 0.0, -0.150211167966, -0.150211167966, 3.905490367124, 0.0, 0.300422335933, 0.150211167966, 0.0, 0.751055839831, 0.0, 0.0, 0.0, 0.150211167966, 0.0, 0.0, 0.300422335933, 0.0, 0.150211167966, 0.0, 0.0, 0.0, 0.0, 0.0, 0.0, 0.0, 13.368793949, 0.150211167966, 3.00422335933]
[-1.5916000894, -0.901267007797, 0.0, -0.300422335932, -0.45063350389900003, -0.30042233593299994, -0.30042233593299994, -0.450633503899, -0.30042233593299994, -0.450633503899, -0.300422335933, -0.300422335933, -0.150211167967, -0.150211167967, 0.30042233593299994, 0.30042233593299994, -0.150211167966, 0.30042233593299994, -0.150211167966, -0.150211167966, 0.45063350389900003, 0.30042233593299994, 0.0, 0.0, 0.300422335933, 0.0, 0.0, 1.20168934373, 0.0, 0.0, 0.150211167966, 0.300422335933, 0.751055839831, 0.300422335933, 0.150211167966, 29.5916000894, 0.0]
[0.24049744151999963, -2.05570153509, -1.95274518356, 0.0, -0.600844671865, -0.600844671865, -0.300422335933, -0.150211167967, 0.45063350389900003, 0.0, -0.150211167966, 0.0, 1.95274518356, 0.0, 0.0, 0.0, 0.0, 0.600844671865, 0.0, 0.0, 0.0, 0.300422335933, 0.0, 0.0, 0.0, 0.0, 0.150211167966, 0.0, 0.0, 0.0, 0.0, 0.0, 0.0, 0.0, 4.05570153509, 0.300422335933, 6.75950255848]
